{
    "expt_args": {
        "save_dir": "all_expt_logs/expt_logs_11.05.24-main_plus_oracle_donoisepert-corr-js2",
        "exp_name": "76",
        "num_nodes": 4,
        "obs_noise_mean": 0.0,
        "obs_noise_var": 1.0,
        "max_edge_strength": 1.0,
        "graph_sparsity_method": "adj_dense_prop",
        "adj_dense_prop": 0.8,
        "num_parents": null,
        "new_noise_mean": 1.0,
        "mix_samples": 16384,
        "stage2_samples": 16384,
        "gmm_tol": 0.001,
        "intv_type": "do",
        "new_noise_var": null,
        "intv_targets": [
            0,
            1,
            2,
            3
        ]
    },
    "intv_args_dict": {
        "0": {
            "intv_type": "do",
            "inode": 0,
            "new_mui": 1.0,
            "new_vari": null,
            "true_params": {
                "Si": [
                    [
                        1e-09,
                        8.594445239494202e-10,
                        6.336965600206025e-10,
                        1.0631782563955038e-09
                    ],
                    [
                        8.594445239494202e-10,
                        1.000000000738645,
                        0.7373327106404057,
                        0.27793907793489103
                    ],
                    [
                        6.336965600206025e-10,
                        0.7373327106404057,
                        1.5436595257787569,
                        -0.5768768355448817
                    ],
                    [
                        1.0631782563955038e-09,
                        0.27793907793489103,
                        -0.5768768355448817,
                        1.6884776474743113
                    ]
                ],
                "mui": [
                    1.0,
                    0.8594445239494202,
                    0.6336965600206024,
                    1.0631782563955037
                ],
                "Ai": [
                    [
                        0.0,
                        0.0,
                        0.0,
                        0.0
                    ],
                    [
                        0.8594445239494202,
                        0.0,
                        0.0,
                        0.0
                    ],
                    [
                        0.0,
                        0.7373327100957787,
                        0.0,
                        0.0
                    ],
                    [
                        0.8243050386581214,
                        0.8543934647587883,
                        -0.7818104091201368,
                        0.0
                    ]
                ]
            },
            "est_params": {
                "mui": [
                    0.9999989445632227,
                    0.8479011667732091,
                    0.6185071620164263,
                    1.0603886486018927
                ],
                "Si": [
                    [
                        1.0082332319121527e-06,
                        1.3456168186639672e-06,
                        -2.8133313192288945e-08,
                        1.4608810719446517e-06
                    ],
                    [
                        1.3456168186639666e-06,
                        1.0271359855219928,
                        0.7535291833781356,
                        0.26943576629575355
                    ],
                    [
                        -2.8133313192289077e-08,
                        0.7535291833781356,
                        1.568058093655061,
                        -0.5868708570233225
                    ],
                    [
                        1.460881071944651e-06,
                        0.26943576629575355,
                        -0.5868708570233225,
                        1.6808127982758536
                    ]
                ]
            },
            "est_tgt": [
                0,
                2,
                3
            ],
            "oracle_est_tgt": [
                0,
                2,
                3
            ],
            "intv_base_est_tgt": [
                0,
                3
            ]
        },
        "1": {
            "intv_type": "do",
            "inode": 1,
            "new_mui": 1.0,
            "new_vari": null,
            "true_params": {
                "Si": [
                    [
                        1.0,
                        0.0,
                        0.0,
                        0.8243050386581214
                    ],
                    [
                        0.0,
                        1e-09,
                        7.373327100957788e-10,
                        2.779390770211483e-10
                    ],
                    [
                        0.0,
                        7.373327100957788e-10,
                        1.0000000005436596,
                        -0.7818104089152031
                    ],
                    [
                        0.8243050386581214,
                        2.779390770211483e-10,
                        -0.7818104089152031,
                        2.290706312643013
                    ]
                ],
                "mui": [
                    0.0,
                    1.0,
                    0.7373327100957787,
                    0.2779390770211483
                ],
                "Ai": [
                    [
                        0.0,
                        0.0,
                        0.0,
                        0.0
                    ],
                    [
                        0.0,
                        0.0,
                        0.0,
                        0.0
                    ],
                    [
                        0.0,
                        0.7373327100957787,
                        0.0,
                        0.0
                    ],
                    [
                        0.8243050386581214,
                        0.8543934647587883,
                        -0.7818104091201368,
                        0.0
                    ]
                ]
            },
            "est_params": {
                "mui": [
                    0.03449769810434166,
                    0.9999990009032447,
                    0.7417807997614121,
                    0.3443818799535496
                ],
                "Si": [
                    [
                        0.9868080208267129,
                        -9.600504498194545e-07,
                        0.00407172865540204,
                        0.8221185611388728
                    ],
                    [
                        -9.600504498194543e-07,
                        1.014890162572204e-06,
                        9.338490041021539e-07,
                        -1.6945690689181552e-06
                    ],
                    [
                        0.004071728655402043,
                        9.33849004102154e-07,
                        0.975386364058795,
                        -0.7637353090112539
                    ],
                    [
                        0.8221185611388728,
                        -1.6945690689181554e-06,
                        -0.7637353090112539,
                        2.3235342466109072
                    ]
                ]
            },
            "est_tgt": [
                0,
                1,
                2,
                3
            ],
            "oracle_est_tgt": [
                0,
                1,
                2,
                3
            ],
            "intv_base_est_tgt": [
                1,
                3
            ]
        },
        "2": {
            "intv_type": "do",
            "inode": 2,
            "new_mui": 1.0,
            "new_vari": null,
            "true_params": {
                "Si": [
                    [
                        1.0,
                        0.8594445239494202,
                        0.0,
                        1.558608823243234
                    ],
                    [
                        0.8594445239494202,
                        1.7386448897466455,
                        0.0,
                        2.1939312828744355
                    ],
                    [
                        0.0,
                        0.0,
                        1e-09,
                        -7.818104091201369e-10
                    ],
                    [
                        1.558608823243234,
                        2.1939312828744355,
                        -7.818104091201369e-10,
                        4.159249657125413
                    ]
                ],
                "mui": [
                    0.0,
                    0.0,
                    1.0,
                    -0.7818104091201368
                ],
                "Ai": [
                    [
                        0.0,
                        0.0,
                        0.0,
                        0.0
                    ],
                    [
                        0.8594445239494202,
                        0.0,
                        0.0,
                        0.0
                    ],
                    [
                        0.0,
                        0.0,
                        0.0,
                        0.0
                    ],
                    [
                        0.8243050386581214,
                        0.8543934647587883,
                        -0.7818104091201368,
                        0.0
                    ]
                ]
            },
            "est_params": {
                "mui": [
                    0.015169745664926534,
                    0.006788242612288776,
                    0.9999984578890051,
                    -0.7802043326760801
                ],
                "Si": [
                    [
                        1.0002960383797197,
                        0.8813328152928526,
                        -3.0887493243983296e-07,
                        1.5342051517172792
                    ],
                    [
                        0.8813328152928525,
                        1.7803398185660066,
                        -2.1532586745629165e-06,
                        2.1997212103163912
                    ],
                    [
                        -3.088749324398328e-07,
                        -2.1532586745629165e-06,
                        1.007508922692062e-06,
                        -3.301150896452595e-07
                    ],
                    [
                        1.5342051517172792,
                        2.1997212103163912,
                        -3.3011508964525934e-07,
                        4.102776491876342
                    ]
                ]
            },
            "est_tgt": [
                1,
                2,
                3
            ],
            "oracle_est_tgt": [
                1,
                2,
                3
            ],
            "intv_base_est_tgt": [
                2,
                3
            ]
        },
        "3": {
            "intv_type": "do",
            "inode": 3,
            "new_mui": 1.0,
            "new_vari": null,
            "true_params": {
                "Si": [
                    [
                        1.0,
                        0.8594445239494202,
                        0.6336965600206024,
                        0.0
                    ],
                    [
                        0.8594445239494202,
                        1.7386448897466455,
                        1.2819597484510705,
                        0.0
                    ],
                    [
                        0.6336965600206024,
                        1.2819597484510705,
                        1.9452308555591307,
                        0.0
                    ],
                    [
                        0.0,
                        0.0,
                        0.0,
                        1e-09
                    ]
                ],
                "mui": [
                    0.0,
                    0.0,
                    0.0,
                    1.0
                ],
                "Ai": [
                    [
                        0.0,
                        0.0,
                        0.0,
                        0.0
                    ],
                    [
                        0.8594445239494202,
                        0.0,
                        0.0,
                        0.0
                    ],
                    [
                        0.0,
                        0.7373327100957787,
                        0.0,
                        0.0
                    ],
                    [
                        0.0,
                        0.0,
                        0.0,
                        0.0
                    ]
                ]
            },
            "est_params": {
                "mui": [
                    0.011930761961468073,
                    0.014138067757405136,
                    0.005779121825302426,
                    0.9999999429488474
                ],
                "Si": [
                    [
                        0.967934837891417,
                        0.8208261815026987,
                        0.6000829445043178,
                        9.726156205907074e-07
                    ],
                    [
                        0.8208261815026987,
                        1.6841641607706017,
                        1.260161183891027,
                        2.6958532196560293e-06
                    ],
                    [
                        0.6000829445043178,
                        1.260161183891027,
                        1.9228730755816321,
                        1.7108965625662238e-06
                    ],
                    [
                        9.726156205907074e-07,
                        2.6958532196560293e-06,
                        1.7108965625662238e-06,
                        1.0147662677067615e-06
                    ]
                ]
            },
            "est_tgt": [
                0,
                1,
                3
            ],
            "oracle_est_tgt": [
                0,
                1,
                3
            ],
            "intv_base_est_tgt": []
        },
        "obs": {
            "intv_type": "obs",
            "true_params": {
                "Si": [
                    [
                        1.0,
                        0.8594445239494202,
                        0.6336965600206024,
                        1.0631782563955037
                    ],
                    [
                        0.8594445239494202,
                        1.7386448897466455,
                        1.2819597484510705,
                        1.1916818074623565
                    ],
                    [
                        0.6336965600206024,
                        1.2819597484510705,
                        1.9452308555591307,
                        0.09685556754791846
                    ],
                    [
                        1.0631782563955037,
                        1.1916818074623565,
                        0.09685556754791846,
                        2.818825651216147
                    ]
                ],
                "mui": [
                    0.0,
                    0.0,
                    0.0,
                    0.0
                ],
                "Ai": [
                    [
                        0.0,
                        0.0,
                        0.0,
                        0.0
                    ],
                    [
                        0.8594445239494202,
                        0.0,
                        0.0,
                        0.0
                    ],
                    [
                        0.0,
                        0.7373327100957787,
                        0.0,
                        0.0
                    ],
                    [
                        0.8243050386581214,
                        0.8543934647587883,
                        -0.7818104091201368,
                        0.0
                    ]
                ]
            },
            "est_params": {
                "mui": [
                    0.008619336882790969,
                    0.03311390260474666,
                    0.05941735082987212,
                    -0.025516771184884865
                ],
                "Si": [
                    [
                        1.028285633711669,
                        0.8779172260637264,
                        0.6802964068070958,
                        1.0611773843328702
                    ],
                    [
                        0.8779172260637264,
                        1.7186778348472005,
                        1.298013356522342,
                        1.1615222799869482
                    ],
                    [
                        0.6802964068070958,
                        1.298013356522342,
                        2.012888200100385,
                        0.11388565432775319
                    ],
                    [
                        1.0611773843328702,
                        1.1615222799869482,
                        0.11388565432775319,
                        2.7618082378771396
                    ]
                ]
            },
            "est_tgt": [],
            "oracle_est_tgt": [
                0,
                1,
                2,
                3
            ],
            "intv_base_est_tgt": [
                3
            ]
        }
    },
    "metric_dict": {
        "param_est_rel_err": 1.4980677485080782,
        "est_dag": {
            "amat": [
                [
                    0,
                    0,
                    0,
                    0
                ],
                [
                    0,
                    0,
                    0,
                    0
                ],
                [
                    1,
                    1,
                    0,
                    0
                ],
                [
                    1,
                    1,
                    0,
                    0
                ]
            ],
            "nodes": [
                0,
                1,
                2,
                3
            ]
        },
        "oracle_est_dag": {
            "amat": [
                [
                    0,
                    0,
                    0,
                    0
                ],
                [
                    0,
                    0,
                    0,
                    0
                ],
                [
                    1,
                    1,
                    0,
                    0
                ],
                [
                    1,
                    1,
                    0,
                    0
                ]
            ],
            "nodes": [
                0,
                1,
                2,
                3
            ]
        },
        "igsp_dag": {
            "amat": [
                [
                    0,
                    0,
                    0,
                    0
                ],
                [
                    0,
                    0,
                    0,
                    0
                ],
                [
                    1,
                    1,
                    0,
                    0
                ],
                [
                    1,
                    1,
                    0,
                    0
                ]
            ],
            "nodes": [
                0,
                1,
                2,
                3
            ]
        },
        "intv_base_est_dag": {
            "amat": [
                [
                    0,
                    1,
                    0,
                    0
                ],
                [
                    0,
                    0,
                    1,
                    0
                ],
                [
                    0,
                    0,
                    0,
                    0
                ],
                [
                    0,
                    0,
                    0,
                    0
                ]
            ],
            "nodes": [
                0,
                1,
                2,
                3
            ]
        },
        "act_dag": {
            "amat": [
                [
                    0,
                    1,
                    0,
                    1
                ],
                [
                    0,
                    0,
                    1,
                    1
                ],
                [
                    0,
                    0,
                    0,
                    1
                ],
                [
                    0,
                    0,
                    0,
                    0
                ]
            ],
            "nodes": [
                0,
                1,
                2,
                3
            ]
        },
        "shd": 6,
        "oracle_shd": 6,
        "intv_base_shd": 3,
        "igsp_shd": 6,
        "avg_js": 0.45,
        "avg_oracle_js": 0.24999999999999994,
        "avg_intv_base_js": 0.3
    }
}