{
    "expt_args": {
        "save_dir": "all_expt_logs/expt_logs_11.05.24-main_plus_oracle_donoisepert-corr-js2",
        "exp_name": "32",
        "num_nodes": 6,
        "obs_noise_mean": 0.0,
        "obs_noise_var": 1.0,
        "max_edge_strength": 1.0,
        "graph_sparsity_method": "adj_dense_prop",
        "adj_dense_prop": 0.8,
        "num_parents": null,
        "new_noise_mean": 1.0,
        "mix_samples": 1024,
        "stage2_samples": 1024,
        "gmm_tol": 0.001,
        "intv_type": "do",
        "new_noise_var": null,
        "intv_targets": [
            0,
            1,
            2,
            3,
            4,
            5
        ]
    },
    "intv_args_dict": {
        "0": {
            "intv_type": "do",
            "inode": 0,
            "new_mui": 1.0,
            "new_vari": null,
            "true_params": {
                "Si": [
                    [
                        1e-09,
                        -8.161040740741237e-10,
                        1.5740670539892208e-09,
                        1.8058702285086902e-09,
                        -1.344742912597991e-10,
                        2.075070527378231e-09
                    ],
                    [
                        -8.161040740741237e-10,
                        1.000000000666026,
                        -0.9970648344767541,
                        -0.6984911280242538,
                        -0.9128665398134919,
                        -0.24111617553038459
                    ],
                    [
                        1.5740670539892208e-09,
                        -0.9970648344767541,
                        1.99413828406618,
                        1.3969882913019762,
                        1.2419487439389698,
                        0.9144440186409213
                    ],
                    [
                        1.8058702285086902e-09,
                        -0.6984911280242538,
                        1.3969882913019762,
                        1.9786564465536443,
                        0.3272977433171014,
                        1.0424325345138339
                    ],
                    [
                        -1.344742912597991e-10,
                        -0.9128665398134919,
                        1.2419487439389698,
                        0.3272977433171014,
                        2.237964483949438,
                        -0.5147092036879035
                    ],
                    [
                        2.075070527378231e-09,
                        -0.24111617553038459,
                        0.9144440186409213,
                        1.0424325345138339,
                        -0.5147092036879035,
                        2.222036838723045
                    ]
                ],
                "mui": [
                    1.0,
                    -0.8161040740741237,
                    1.5740670539892208,
                    1.80587022850869,
                    -0.1344742912597991,
                    2.0750705273782306
                ],
                "Ai": [
                    [
                        0.0,
                        0.0,
                        0.0,
                        0.0,
                        0.0,
                        0.0
                    ],
                    [
                        -0.8161040740741237,
                        0.0,
                        0.0,
                        0.0,
                        0.0,
                        0.0
                    ],
                    [
                        0.7603583815050693,
                        -0.9970648331921516,
                        0.0,
                        0.0,
                        0.0,
                        0.0
                    ],
                    [
                        0.7031617253044333,
                        0.0,
                        0.7005473498791672,
                        0.0,
                        0.0,
                        0.0
                    ],
                    [
                        -0.7500877971007072,
                        -0.5820786958223959,
                        0.711981002327678,
                        -0.5427461578405471,
                        0.0,
                        0.0
                    ],
                    [
                        0.527914531336332,
                        0.0,
                        0.9196547113291306,
                        0.0,
                        -0.7403483071749746,
                        0.0
                    ]
                ]
            },
            "est_params": {
                "mui": [
                    1.000001370400925,
                    -0.6266597229690878,
                    1.2839755104858876,
                    1.6443823526678698,
                    -0.31678651787708356,
                    1.8684222242621453
                ],
                "Si": [
                    [
                        1.0633153160670832e-06,
                        1.3640995204530625e-05,
                        -3.5384453791165884e-05,
                        -3.1793527871269264e-05,
                        -2.213526649279612e-06,
                        -3.351661631305538e-05
                    ],
                    [
                        1.3640995204530625e-05,
                        1.1285533792718303,
                        -1.1328837192712753,
                        -0.8330288176677266,
                        -0.9495832881898986,
                        -0.3821012095528822
                    ],
                    [
                        -3.5384453791165884e-05,
                        -1.1328837192712755,
                        2.0269184597967707,
                        1.5900332919596567,
                        1.1383298657248282,
                        1.036966516477037
                    ],
                    [
                        -3.1793527871269264e-05,
                        -0.8330288176677265,
                        1.5900332919596565,
                        2.124410402156926,
                        0.40367478941289153,
                        1.1394623438966938
                    ],
                    [
                        -2.213526649279612e-06,
                        -0.9495832881898987,
                        1.1383298657248282,
                        0.4036747894128915,
                        1.9588073228854188,
                        -0.2183109463086573
                    ],
                    [
                        -3.3516616313055375e-05,
                        -0.3821012095528822,
                        1.036966516477037,
                        1.1394623438966938,
                        -0.2183109463086572,
                        1.9229568147382519
                    ]
                ]
            },
            "est_tgt": [
                0
            ],
            "oracle_est_tgt": [
                0,
                3
            ],
            "intv_base_est_tgt": [
                0,
                2,
                4
            ]
        },
        "1": {
            "intv_type": "do",
            "inode": 1,
            "new_mui": 1.0,
            "new_vari": null,
            "true_params": {
                "Si": [
                    [
                        1.0,
                        0.0,
                        0.7603583815050693,
                        1.2358287744262224,
                        -0.8794683935771014,
                        1.878294635584763
                    ],
                    [
                        0.0,
                        1e-09,
                        -9.970648331921517e-10,
                        -6.984911265504758e-10,
                        -9.128665399232369e-10,
                        -2.411161738369111e-10
                    ],
                    [
                        0.7603583815050693,
                        -9.970648331921517e-10,
                        1.5781448693191469,
                        1.640220117315724,
                        -0.3369495436195784,
                        2.1022126270712844
                    ],
                    [
                        1.2358287744262224,
                        -6.984911265504758e-10,
                        1.640220117315724,
                        3.0180393496104334,
                        -1.3972037806446305,
                        3.195265580548125
                    ],
                    [
                        -0.8794683935771014,
                        -9.128665399232369e-10,
                        -0.3369495436195784,
                        -1.3972037806446305,
                        2.1781038203543446,
                        -2.3867168563410024
                    ],
                    [
                        1.878294635584763,
                        -2.411161738369111e-10,
                        2.1022126270712844,
                        3.195265580548125,
                        -2.3867168563410024,
                        5.69189056325601
                    ]
                ],
                "mui": [
                    0.0,
                    1.0,
                    -0.9970648331921516,
                    -0.6984911265504757,
                    -0.9128665399232369,
                    -0.24111617383691109
                ],
                "Ai": [
                    [
                        0.0,
                        0.0,
                        0.0,
                        0.0,
                        0.0,
                        0.0
                    ],
                    [
                        0.0,
                        0.0,
                        0.0,
                        0.0,
                        0.0,
                        0.0
                    ],
                    [
                        0.7603583815050693,
                        -0.9970648331921516,
                        0.0,
                        0.0,
                        0.0,
                        0.0
                    ],
                    [
                        0.7031617253044333,
                        0.0,
                        0.7005473498791672,
                        0.0,
                        0.0,
                        0.0
                    ],
                    [
                        -0.7500877971007072,
                        -0.5820786958223959,
                        0.711981002327678,
                        -0.5427461578405471,
                        0.0,
                        0.0
                    ],
                    [
                        0.527914531336332,
                        0.0,
                        0.9196547113291306,
                        0.0,
                        -0.7403483071749746,
                        0.0
                    ]
                ]
            },
            "est_params": {
                "mui": [
                    0.027502468109531282,
                    0.9999959357720518,
                    -0.973865927314462,
                    -0.6014650802635952,
                    -1.0812044476910023,
                    -0.04295782244620365
                ],
                "Si": [
                    [
                        1.0018631332879624,
                        -3.086070880574627e-06,
                        0.6656165021193169,
                        1.0265754441695367,
                        -0.8508801752283984,
                        1.7046381237196657
                    ],
                    [
                        -3.086070880574627e-06,
                        1.001083185599236e-06,
                        -3.021097313424035e-06,
                        -7.078908900884116e-06,
                        1.9796171118712708e-06,
                        -1.0631575329315917e-05
                    ],
                    [
                        0.6656165021193169,
                        -3.0210973134240366e-06,
                        1.5232360709565862,
                        1.4734622583021042,
                        -0.1279398969776641,
                        1.6900699524820175
                    ],
                    [
                        1.0265754441695367,
                        -7.078908900884116e-06,
                        1.4734622583021042,
                        2.5164169357968684,
                        -0.8864160799427617,
                        2.446885604256205
                    ],
                    [
                        -0.8508801752283984,
                        1.9796171118712704e-06,
                        -0.1279398969776641,
                        -0.8864160799427617,
                        1.9737120127675865,
                        -2.1219557151011155
                    ],
                    [
                        1.7046381237196657,
                        -1.0631575329315918e-05,
                        1.6900699524820175,
                        2.446885604256205,
                        -2.1219557151011155,
                        4.939100959986074
                    ]
                ]
            },
            "est_tgt": [
                1,
                2,
                4
            ],
            "oracle_est_tgt": [
                1,
                2,
                3,
                4
            ],
            "intv_base_est_tgt": [
                1,
                2,
                3,
                4,
                5
            ]
        },
        "2": {
            "intv_type": "do",
            "inode": 2,
            "new_mui": 1.0,
            "new_vari": null,
            "true_params": {
                "Si": [
                    [
                        1.0,
                        -0.8161040740741237,
                        0.0,
                        0.7031617253044333,
                        -0.6566893267578087,
                        1.0140933627413493
                    ],
                    [
                        -0.8161040740741237,
                        1.6660258597203828,
                        0.0,
                        -0.5738531487539379,
                        -0.046151860854354854,
                        -0.39666474773001553
                    ],
                    [
                        0.0,
                        0.0,
                        1e-09,
                        7.005473498791672e-10,
                        3.317616197953826e-10,
                        6.740355577279915e-10
                    ],
                    [
                        0.7031617253044333,
                        -0.5738531487539379,
                        7.005473498791672e-10,
                        1.494436412423874,
                        -1.00450495760016,
                        1.1148928382201462
                    ],
                    [
                        -0.6566893267578087,
                        -0.046151860854354854,
                        3.317616197953826e-10,
                        -1.00450495760016,
                        2.064629871968667,
                        -1.875221068518701
                    ],
                    [
                        1.0140933627413493,
                        -0.39666474773001553,
                        6.740355577279915e-10,
                        1.1148928382201462,
                        -1.875221068518701,
                        2.9236713665994314
                    ]
                ],
                "mui": [
                    0.0,
                    0.0,
                    1.0,
                    0.7005473498791672,
                    0.33176161979538255,
                    0.6740355577279915
                ],
                "Ai": [
                    [
                        0.0,
                        0.0,
                        0.0,
                        0.0,
                        0.0,
                        0.0
                    ],
                    [
                        -0.8161040740741237,
                        0.0,
                        0.0,
                        0.0,
                        0.0,
                        0.0
                    ],
                    [
                        0.0,
                        0.0,
                        0.0,
                        0.0,
                        0.0,
                        0.0
                    ],
                    [
                        0.7031617253044333,
                        0.0,
                        0.7005473498791672,
                        0.0,
                        0.0,
                        0.0
                    ],
                    [
                        -0.7500877971007072,
                        -0.5820786958223959,
                        0.711981002327678,
                        -0.5427461578405471,
                        0.0,
                        0.0
                    ],
                    [
                        0.527914531336332,
                        0.0,
                        0.9196547113291306,
                        0.0,
                        -0.7403483071749746,
                        0.0
                    ]
                ]
            },
            "est_params": {
                "mui": [
                    -0.08211098862816363,
                    0.13988678860846565,
                    1.000001345953093,
                    0.6746314560273059,
                    0.32099604812183063,
                    0.6667715954708214
                ],
                "Si": [
                    [
                        0.8356719487142975,
                        -0.6999827748916585,
                        -2.6906244689641437e-06,
                        0.63170797644041,
                        -0.5718614178591691,
                        0.8203736999522594
                    ],
                    [
                        -0.6999827748916585,
                        1.6698344776151657,
                        1.0977940461429922e-05,
                        -0.5741507075156221,
                        -0.09891962549653031,
                        -0.3179173986053786
                    ],
                    [
                        -2.6906244689641437e-06,
                        1.0977940461429922e-05,
                        1.0095823070356308e-06,
                        -1.6443375769478832e-06,
                        -3.550032751520145e-06,
                        3.6651740251040074e-06
                    ],
                    [
                        0.63170797644041,
                        -0.5741507075156221,
                        -1.6443375769478832e-06,
                        1.2809555689857202,
                        -0.7710876228181741,
                        0.8862573963278376
                    ],
                    [
                        -0.5718614178591691,
                        -0.09891962549653034,
                        -3.550032751520144e-06,
                        -0.7710876228181742,
                        2.056662718858808,
                        -1.819232683018229
                    ],
                    [
                        0.8203736999522592,
                        -0.3179173986053787,
                        3.6651740251040074e-06,
                        0.8862573963278378,
                        -1.819232683018229,
                        2.887138018594409
                    ]
                ]
            },
            "est_tgt": [
                1,
                2,
                5
            ],
            "oracle_est_tgt": [
                0,
                2,
                3,
                4
            ],
            "intv_base_est_tgt": [
                1,
                2,
                3,
                4,
                5
            ]
        },
        "3": {
            "intv_type": "do",
            "inode": 3,
            "new_mui": 1.0,
            "new_vari": null,
            "true_params": {
                "Si": [
                    [
                        1.0,
                        -0.8161040740741237,
                        1.5740670539892208,
                        0.0,
                        0.8456548368219233,
                        1.3494335865900435
                    ],
                    [
                        -0.8161040740741237,
                        1.6660258597203828,
                        -2.281667368818608,
                        0.0,
                        -1.9821122727350828,
                        -1.061725879456326
                    ],
                    [
                        1.5740670539892208,
                        -2.281667368818608,
                        4.471825372042797,
                        0.0,
                        3.3312761879482506,
                        2.477203456259191
                    ],
                    [
                        0.0,
                        0.0,
                        0.0,
                        1e-09,
                        -5.427461578405472e-10,
                        4.0182119918297063e-10
                    ],
                    [
                        0.8456548368219233,
                        -1.9821122727350828,
                        3.3312761879482506,
                        -5.427461578405472e-10,
                        3.891235312648183,
                        0.6291878412997383
                    ],
                    [
                        1.3494335865900435,
                        -1.061725879456326,
                        2.477203456259191,
                        4.0182119918297063e-10,
                        0.6291878412997383,
                        3.524739275702421
                    ]
                ],
                "mui": [
                    0.0,
                    0.0,
                    0.0,
                    1.0,
                    -0.5427461578405471,
                    0.4018211991829706
                ],
                "Ai": [
                    [
                        0.0,
                        0.0,
                        0.0,
                        0.0,
                        0.0,
                        0.0
                    ],
                    [
                        -0.8161040740741237,
                        0.0,
                        0.0,
                        0.0,
                        0.0,
                        0.0
                    ],
                    [
                        0.7603583815050693,
                        -0.9970648331921516,
                        0.0,
                        0.0,
                        0.0,
                        0.0
                    ],
                    [
                        0.0,
                        0.0,
                        0.0,
                        0.0,
                        0.0,
                        0.0
                    ],
                    [
                        -0.7500877971007072,
                        -0.5820786958223959,
                        0.711981002327678,
                        -0.5427461578405471,
                        0.0,
                        0.0
                    ],
                    [
                        0.527914531336332,
                        0.0,
                        0.9196547113291306,
                        0.0,
                        -0.7403483071749746,
                        0.0
                    ]
                ]
            },
            "est_params": {
                "mui": [
                    -0.07387531885909612,
                    -0.01577091044230591,
                    0.007411705916567839,
                    0.9999889695497696,
                    -0.5209032415545857,
                    0.31163764547858885
                ],
                "Si": [
                    [
                        0.9003847340169676,
                        -0.7670325421513999,
                        1.312718663699267,
                        -1.1186239419124154e-05,
                        0.8836133665835105,
                        1.0881353932313704
                    ],
                    [
                        -0.7670325421514,
                        1.7319718560768693,
                        -2.0137382507063637,
                        1.4323235258149875e-05,
                        -1.9383986734348275,
                        -0.7217694301539838
                    ],
                    [
                        1.312718663699267,
                        -2.0137382507063637,
                        3.700644591480369,
                        -3.6628872336321503e-06,
                        2.963861144028934,
                        1.8629091340978916
                    ],
                    [
                        -1.1186239419124154e-05,
                        1.432323525814988e-05,
                        -3.6628872336321503e-06,
                        1.0129923796010392e-06,
                        -4.295720974550995e-08,
                        -9.882138809772665e-06
                    ],
                    [
                        0.8836133665835105,
                        -1.9383986734348275,
                        2.963861144028934,
                        -4.2957209745509215e-08,
                        3.6145991722599082,
                        0.4180406728254043
                    ],
                    [
                        1.0881353932313702,
                        -0.7217694301539838,
                        1.8629091340978916,
                        -9.882138809772665e-06,
                        0.4180406728254042,
                        3.0285856267200155
                    ]
                ]
            },
            "est_tgt": [
                1,
                3,
                4,
                5
            ],
            "oracle_est_tgt": [
                1,
                2,
                3,
                4
            ],
            "intv_base_est_tgt": [
                2,
                3,
                4,
                5
            ]
        },
        "4": {
            "intv_type": "do",
            "inode": 4,
            "new_mui": 1.0,
            "new_vari": null,
            "true_params": {
                "Si": [
                    [
                        1.0,
                        -0.8161040740741237,
                        1.5740670539892208,
                        1.80587022850869,
                        0.0,
                        1.9755127134854837
                    ],
                    [
                        -0.8161040740741237,
                        1.6660258597203828,
                        -2.281667368818608,
                        -2.172269177285586,
                        0.0,
                        -2.529179345206486
                    ],
                    [
                        1.5740670539892208,
                        -2.281667368818608,
                        4.471825372042797,
                        4.23954911893493,
                        0.0,
                        4.94350814273898
                    ],
                    [
                        1.80587022850869,
                        -2.172269177285586,
                        4.23954911893493,
                        5.239823725506506,
                        0.0,
                        4.852266456477173
                    ],
                    [
                        0.0,
                        0.0,
                        0.0,
                        0.0,
                        1e-09,
                        -7.403483071749747e-10
                    ],
                    [
                        1.9755127134854837,
                        -2.529179345206486,
                        4.94350814273898,
                        4.852266456477173,
                        -7.403483071749747e-10,
                        6.589222422800593
                    ]
                ],
                "mui": [
                    0.0,
                    0.0,
                    0.0,
                    0.0,
                    1.0,
                    -0.7403483071749746
                ],
                "Ai": [
                    [
                        0.0,
                        0.0,
                        0.0,
                        0.0,
                        0.0,
                        0.0
                    ],
                    [
                        -0.8161040740741237,
                        0.0,
                        0.0,
                        0.0,
                        0.0,
                        0.0
                    ],
                    [
                        0.7603583815050693,
                        -0.9970648331921516,
                        0.0,
                        0.0,
                        0.0,
                        0.0
                    ],
                    [
                        0.7031617253044333,
                        0.0,
                        0.7005473498791672,
                        0.0,
                        0.0,
                        0.0
                    ],
                    [
                        0.0,
                        0.0,
                        0.0,
                        0.0,
                        0.0,
                        0.0
                    ],
                    [
                        0.527914531336332,
                        0.0,
                        0.9196547113291306,
                        0.0,
                        -0.7403483071749746,
                        0.0
                    ]
                ]
            },
            "est_params": {
                "mui": [
                    -0.04850544649301582,
                    0.04316430840634854,
                    -0.050477532871301224,
                    -0.15079596192649697,
                    0.9999980553715923,
                    -0.8181921243096775
                ],
                "Si": [
                    [
                        0.8379014841523741,
                        -0.7082635909583177,
                        1.3165309714454507,
                        1.5176141056470847,
                        3.13257820100503e-06,
                        1.5810331780589217
                    ],
                    [
                        -0.7082635909583178,
                        1.6201673338012137,
                        -2.068461375629603,
                        -1.9216912414477885,
                        -2.9430211640853205e-06,
                        -2.285318852428275
                    ],
                    [
                        1.3165309714454505,
                        -2.068461375629603,
                        3.854447261517293,
                        3.4539335506295137,
                        1.188486975536021e-05,
                        4.212987794386808
                    ],
                    [
                        1.5176141056470847,
                        -1.9216912414477885,
                        3.4539335506295137,
                        4.389985389685832,
                        7.265580330423425e-06,
                        3.9383947342977588
                    ],
                    [
                        3.1325782010050296e-06,
                        -2.9430211640853213e-06,
                        1.188486975536021e-05,
                        7.265580330423425e-06,
                        1.0020480422818853e-06,
                        1.4519985145785152e-05
                    ],
                    [
                        1.5810331780589217,
                        -2.285318852428275,
                        4.212987794386808,
                        3.9383947342977588,
                        1.4519985145785148e-05,
                        5.446514746327679
                    ]
                ]
            },
            "est_tgt": [
                1,
                4
            ],
            "oracle_est_tgt": [
                1,
                4
            ],
            "intv_base_est_tgt": []
        },
        "5": {
            "intv_type": "do",
            "inode": 5,
            "new_mui": 1.0,
            "new_vari": null,
            "true_params": {
                "Si": [
                    [
                        1.0,
                        -0.8161040740741237,
                        1.5740670539892208,
                        1.80587022850869,
                        -0.1344742912597991,
                        0.0
                    ],
                    [
                        -0.8161040740741237,
                        1.6660258597203828,
                        -2.281667368818608,
                        -2.172269177285586,
                        -0.8031215229678845,
                        0.0
                    ],
                    [
                        1.5740670539892208,
                        -2.281667368818608,
                        4.471825372042797,
                        4.23954911893493,
                        1.030277192670041,
                        0.0
                    ],
                    [
                        1.80587022850869,
                        -2.172269177285586,
                        4.23954911893493,
                        5.239823725506506,
                        0.08445462447406693,
                        0.0
                    ],
                    [
                        -0.1344742912597991,
                        -0.8031215229678845,
                        1.030277192670041,
                        0.08445462447406693,
                        2.25604781894118,
                        0.0
                    ],
                    [
                        0.0,
                        0.0,
                        0.0,
                        0.0,
                        0.0,
                        1e-09
                    ]
                ],
                "mui": [
                    0.0,
                    0.0,
                    0.0,
                    0.0,
                    0.0,
                    1.0
                ],
                "Ai": [
                    [
                        0.0,
                        0.0,
                        0.0,
                        0.0,
                        0.0,
                        0.0
                    ],
                    [
                        -0.8161040740741237,
                        0.0,
                        0.0,
                        0.0,
                        0.0,
                        0.0
                    ],
                    [
                        0.7603583815050693,
                        -0.9970648331921516,
                        0.0,
                        0.0,
                        0.0,
                        0.0
                    ],
                    [
                        0.7031617253044333,
                        0.0,
                        0.7005473498791672,
                        0.0,
                        0.0,
                        0.0
                    ],
                    [
                        -0.7500877971007072,
                        -0.5820786958223959,
                        0.711981002327678,
                        -0.5427461578405471,
                        0.0,
                        0.0
                    ],
                    [
                        0.0,
                        0.0,
                        0.0,
                        0.0,
                        0.0,
                        0.0
                    ]
                ]
            },
            "est_params": {
                "mui": [
                    -0.07977562939715838,
                    -0.008850382752335184,
                    -0.07061841040050025,
                    -0.19984851064908166,
                    0.20027330062413798,
                    1.0000037528460348
                ],
                "Si": [
                    [
                        0.9100642956653069,
                        -0.7572656419763544,
                        1.4239314236446654,
                        1.6272260744010525,
                        -0.3184107673058404,
                        -2.116871049358072e-06
                    ],
                    [
                        -0.7572656419763544,
                        1.7972864085120066,
                        -2.264952813036651,
                        -2.12567430515743,
                        -0.7759721177793107,
                        5.998866003681657e-06
                    ],
                    [
                        1.4239314236446654,
                        -2.2649528130366505,
                        4.157152884450843,
                        4.031530318851075,
                        0.6426927666580989,
                        -3.898479033240521e-06
                    ],
                    [
                        1.6272260744010525,
                        -2.12567430515743,
                        4.031530318851075,
                        5.056188057213459,
                        -0.18527844375011845,
                        -2.8575321533037704e-06
                    ],
                    [
                        -0.3184107673058404,
                        -0.7759721177793109,
                        0.6426927666580989,
                        -0.18527844375011843,
                        2.1796857463977886,
                        -1.222224250707089e-07
                    ],
                    [
                        -2.116871049358073e-06,
                        5.998866003681656e-06,
                        -3.8984790332405215e-06,
                        -2.857532153303771e-06,
                        -1.2222242507070835e-07,
                        1.006533152583761e-06
                    ]
                ]
            },
            "est_tgt": [
                2,
                5
            ],
            "oracle_est_tgt": [
                0,
                5
            ],
            "intv_base_est_tgt": [
                2,
                4,
                5
            ]
        },
        "obs": {
            "intv_type": "obs",
            "true_params": {
                "Si": [
                    [
                        1.0,
                        -0.8161040740741237,
                        1.5740670539892208,
                        1.80587022850869,
                        -0.1344742912597991,
                        2.0750705273782306
                    ],
                    [
                        -0.8161040740741237,
                        1.6660258597203828,
                        -2.281667368818608,
                        -2.172269177285586,
                        -0.8031215229678845,
                        -1.9345896852214253
                    ],
                    [
                        1.5740670539892208,
                        -2.281667368818608,
                        4.471825372042797,
                        4.23954911893493,
                        1.030277192670041,
                        4.180744167224731
                    ],
                    [
                        1.80587022850869,
                        -2.172269177285586,
                        4.23954911893493,
                        5.239823725506506,
                        0.08445462447406693,
                        4.789740618214699
                    ],
                    [
                        -0.1344742912597991,
                        -0.8031215229678845,
                        1.030277192670041,
                        0.08445462447406693,
