{
    "expt_args": {
        "save_dir": "all_expt_logs/expt_logs_11.05.24-main_plus_oracle_donoisepert-corr-js2",
        "exp_name": "190",
        "num_nodes": 8,
        "obs_noise_mean": 0.0,
        "obs_noise_var": 1.0,
        "max_edge_strength": 1.0,
        "graph_sparsity_method": "adj_dense_prop",
        "adj_dense_prop": 0.8,
        "num_parents": null,
        "new_noise_mean": 1.0,
        "mix_samples": 65536,
        "stage2_samples": 65536,
        "gmm_tol": 0.001,
        "intv_type": "do",
        "new_noise_var": null,
        "intv_targets": [
            0,
            1,
            2,
            3,
            4,
            5,
            6,
            7
        ]
    },
    "intv_args_dict": {
        "0": {
            "intv_type": "do",
            "inode": 0,
            "new_mui": 1.0,
            "new_vari": null,
            "true_params": {
                "Si": [
                    [
                        1e-09,
                        8.169700250394589e-10,
                        -1.3007637806217539e-09,
                        -2.431529977714638e-09,
                        -7.005115943178908e-10,
                        -1.0953596968147607e-09,
                        3.930564077555107e-09,
                        2.391155700216008e-09
                    ],
                    [
                        8.169700250394589e-10,
                        1.00000000066744,
                        -0.6684739991601896,
                        -1.477052646012594,
                        -0.14493980986741067,
                        -1.1783894287577024,
                        2.6660988691840832,
                        2.4694509673057663
                    ],
                    [
                        -1.3007637806217539e-09,
                        -0.6684739991601896,
                        1.446857487824449,
                        1.8006655714296693,
                        0.3589213869713674,
                        1.7180027158637772,
                        -2.9180112120459656,
                        -1.9856972660215397
                    ],
                    [
                        -2.431529977714638e-09,
                        -1.477052646012594,
                        1.8006655714296693,
                        3.8431321081311873,
                        -0.42965302054043897,
                        3.7353389393357936,
                        -6.3166216289024195,
                        -5.4676743223668485
                    ],
                    [
                        -7.005115943178908e-10,
                        -0.14493980986741067,
                        0.3589213869713674,
                        -0.42965302054043897,
                        1.823854887764267,
                        -1.425034179045359,
                        1.0443698498228322,
                        2.2651208148236113
                    ],
                    [
                        -1.0953596968147607e-09,
                        -1.1783894287577024,
                        1.7180027158637772,
                        3.7353389393357936,
                        -1.425034179045359,
                        5.3934566426901505,
                        -6.993645799069217,
                        -6.818971875013753
                    ],
                    [
                        3.930564077555107e-09,
                        2.6660988691840832,
                        -2.9180112120459656,
                        -6.3166216289024195,
                        1.0443698498228322,
                        -6.993645799069217,
                        12.12982029533747,
                        11.230486671922394
                    ],
                    [
                        2.391155700216008e-09,
                        2.4694509673057663,
                        -1.9856972660215397,
                        -5.4676743223668485,
                        2.2651208148236113,
                        -6.818971875013753,
                        11.230486671922394,
                        12.835854308422084
                    ]
                ],
                "mui": [
                    1.0,
                    0.8169700250394589,
                    -1.3007637806217538,
                    -2.431529977714638,
                    -0.7005115943178908,
                    -1.0953596968147605,
                    3.9305640775551067,
                    2.3911557002160078
                ],
                "Ai": [
                    [
                        0.0,
                        0.0,
                        0.0,
                        0.0,
                        0.0,
                        0.0,
                        0.0,
                        0.0
                    ],
                    [
                        0.8169700250394589,
                        0.0,
                        0.0,
                        0.0,
                        0.0,
                        0.0,
                        0.0,
                        0.0
                    ],
                    [
                        -0.7546405616578084,
                        -0.6684739980975045,
                        0.0,
                        0.0,
                        0.0,
                        0.0,
                        0.0,
                        0.0
                    ],
                    [
                        -0.6110773884432137,
                        -0.9333865637650816,
                        0.8132942819142015,
                        0.0,
                        0.0,
                        0.0,
                        0.0,
                        0.0
                    ],
                    [
                        -0.9079590506092479,
                        -0.7695467413079113,
                        0.9589013355515899,
                        -0.85684660373394,
                        0.0,
                        0.0,
                        0.0,
                        0.0
                    ],
                    [
                        0.6190392872325106,
                        -0.0,
                        0.6698969214710097,
                        0.5710270781998814,
                        -0.7786425396901038,
                        0.0,
                        0.0,
                        0.0
                    ],
                    [
                        0.8266975944393371,
                        0.9195906272781552,
                        -0.0,
                        -0.6888093836922478,
                        0.0,
                        -0.6187262886467617,
                        0.0,
                        0.0
                    ],
                    [
                        0.0,
                        0.9704196447229148,
                        -0.0,
                        0.6540094758228625,
                        0.9152037915484017,
                        -0.0,
                        0.97434016505493,
                        0.0
                    ]
                ]
            },
            "est_params": {
                "mui": [
                    0.9999967052320756,
                    0.8276605275912147,
                    -1.3239499757480704,
                    -2.4646415885999287,
                    -0.6966130860499966,
                    -1.1511098524307741,
                    4.022852841534501,
                    2.471706544613428
                ],
                "Si": [
                    [
                        1.0143761285773065e-06,
                        -1.5321330106720887e-06,
                        3.816250431203196e-07,
                        2.364015354521702e-06,
                        -4.0587923555696854e-07,
                        1.1101195972039058e-06,
                        -2.3945066318034897e-06,
                        -4.055256979194339e-06
                    ],
                    [
                        -1.5321330106720889e-06,
                        0.985477999590585,
                        -0.6603906452223535,
                        -1.461023517697844,
                        -0.11569958521819944,
                        -1.172072325973742,
                        2.6395319401012864,
                        2.4712527017485924
                    ],
                    [
                        3.816250431203196e-07,
                        -0.6603906452223532,
                        1.411359780555465,
                        1.7511818008744384,
                        0.33655580303127286,
                        1.686409519749972,
                        -2.864583692108727,
                        -1.9638004872848398
                    ],
                    [
                        2.3640153545217017e-06,
                        -1.4610235176978437,
                        1.7511818008744384,
                        3.773529436183246,
                        -0.4824636987244997,
                        3.679158238191022,
                        -6.237924564083175,
                        -5.468225710769215
                    ],
                    [
                        -4.0587923555696854e-07,
                        -0.11569958521819948,
                        0.33655580303127286,
                        -0.48246369872449973,
                        1.8154252833656672,
                        -1.4555134465440287,
                        1.1340864037612803,
                        2.3386555000490694
                    ],
                    [
                        1.1101195972039058e-06,
                        -1.172072325973742,
                        1.686409519749972,
                        3.6791582381910226,
                        -1.4555134465440294,
                        5.366192025468678,
                        -6.948125873154079,
                        -6.818618440690403
                    ],
                    [
                        -2.394506631803489e-06,
                        2.6395319401012864,
                        -2.864583692108727,
                        -6.237924564083175,
                        1.1340864037612803,
                        -6.948125873154081,
                        12.047244717721592,
                        11.229225567157767
                    ],
                    [
                        -4.055256979194339e-06,
                        2.4712527017485924,
                        -1.9638004872848405,
                        -5.468225710769215,
                        2.3386555000490694,
                        -6.818618440690403,
                        11.229225567157767,
                        12.870149256375417
                    ]
                ]
            },
            "est_tgt": [
                0
            ],
            "oracle_est_tgt": [
                0
            ],
            "intv_base_est_tgt": [
                0,
                2,
                3,
                4,
                5
            ]
        },
        "1": {
            "intv_type": "do",
            "inode": 1,
            "new_mui": 1.0,
            "new_vari": null,
            "true_params": {
                "Si": [
                    [
                        1.0,
                        0.0,
                        -0.7546405616578084,
                        -1.2248222421400308,
                        -0.5821001146888474,
                        -0.13265085642743346,
                        1.752441220263529,
                        0.37368828321845293
                    ],
                    [
                        0.0,
                        1e-09,
                        -6.684739980975045e-10,
                        -1.4770526440261068e-09,
                        -1.449398092951137e-10,
                        -1.1783894278628265e-09,
                        2.66609886597293e-09,
                        2.4694509653522636e-09
                    ],
                    [
                        -0.7546405616578084,
                        -6.684739980975045e-10,
                        1.5694823777460698,
                        1.7375948276411017,
                        0.7013092498439277,
                        1.0303837398661888,
                        -2.458256667187265,
                        -0.6169338405801206
                    ],
                    [
                        -1.2248222421400308,
                        -1.4770526440261068e-09,
                        1.7375948276411017,
                        3.1616371160169536,
                        0.06923241704950556,
                        2.1572694376869825,
                        -4.525082228684569,
                        -2.277866963446893
                    ],
                    [
                        -0.5821001146888474,
                        -1.449398092951137e-10,
                        0.7013092498439277,
                        0.06923241704950556,
                        2.1416878824968233,
                        -1.5186136398517087,
                        0.41069747808498525,
                        2.4055185756031734
                    ],
                    [
                        -0.13265085642743346,
                        -1.1783894278628265e-09,
                        1.0303837398661888,
                        2.1572694376869825,
                        -1.5186136398517087,
                        4.022451248890992,
                        -4.08440590931266,
                        -3.958567035913619
                    ],
                    [
                        1.752441220263529,
                        2.66609886597293e-09,
                        -2.458256667187265,
                        -4.525082228684569,
                        0.41069747808498525,
                        -4.08440590931266,
                        8.0927873543328,
                        5.301553001847706
                    ],
                    [
                        0.37368828321845293,
                        2.4694509653522636e-09,
                        -0.6169338405801206,
                        -2.277866963446893,
                        2.4055185756031734,
                        -3.958567035913619,
                        5.301553001847706,
                        6.877309171538176
                    ]
                ],
                "mui": [
                    0.0,
                    1.0,
                    -0.6684739980975045,
                    -1.4770526440261067,
                    -0.1449398092951137,
                    -1.1783894278628264,
                    2.66609886597293,
                    2.4694509653522636
                ],
                "Ai": [
                    [
                        0.0,
                        0.0,
                        0.0,
                        0.0,
                        0.0,
                        0.0,
                        0.0,
                        0.0
                    ],
                    [
                        0.0,
                        0.0,
                        0.0,
                        0.0,
                        0.0,
                        0.0,
                        0.0,
                        0.0
                    ],
                    [
                        -0.7546405616578084,
                        -0.6684739980975045,
                        0.0,
                        0.0,
                        0.0,
                        0.0,
                        0.0,
                        0.0
                    ],
                    [
                        -0.6110773884432137,
                        -0.9333865637650816,
                        0.8132942819142015,
                        0.0,
                        0.0,
                        0.0,
                        0.0,
                        0.0
                    ],
                    [
                        -0.9079590506092479,
                        -0.7695467413079113,
                        0.9589013355515899,
                        -0.85684660373394,
                        0.0,
                        0.0,
                        0.0,
                        0.0
                    ],
                    [
                        0.6190392872325106,
                        -0.0,
                        0.6698969214710097,
                        0.5710270781998814,
                        -0.7786425396901038,
                        0.0,
                        0.0,
                        0.0
                    ],
                    [
                        0.8266975944393371,
                        0.9195906272781552,
                        -0.0,
                        -0.6888093836922478,
                        0.0,
                        -0.6187262886467617,
                        0.0,
                        0.0
                    ],
                    [
                        0.0,
                        0.9704196447229148,
                        -0.0,
                        0.6540094758228625,
                        0.9152037915484017,
                        -0.0,
                        0.97434016505493,
                        0.0
                    ]
                ]
            },
            "est_params": {
                "mui": [
                    0.0028023658637574725,
                    0.9999997116014641,
                    -0.6581029402185546,
                    -1.4704893840720816,
                    -0.12578774499476544,
                    -1.164553439052776,
                    2.6442107263294545,
                    2.4761488674521646
                ],
                "Si": [
                    [
                        1.0074696307020434,
                        1.1620312891252994e-07,
                        -0.7394371677208803,
                        -1.2175841309403672,
                        -0.5513511145275795,
                        -0.12275436810728171,
                        1.7308356496338697,
                        0.3937356090619357
                    ],
                    [
                        1.1620312891252982e-07,
                        1.0115587311429947e-06,
                        1.3248571451509505e-06,
                        -1.4713097103751362e-08,
                        1.8406039119769976e-06,
                        -1.335580493724746e-06,
                        -1.3700102649877168e-07,
                        1.7204152462610275e-06
                    ],
                    [
                        -0.7394371677208803,
                        1.3248571451509509e-06,
                        1.5454073594559516,
                        1.7155355010983275,
                        0.6894681376180944,
                        1.0019836669196063,
                        -2.397746183925756,
                        -0.5798653576129061
                    ],
                    [
                        -1.2175841309403672,
                        -1.4713097103750886e-08,
                        1.7155355010983278,
                        3.169155555872402,
                        0.02259544841985725,
                        2.1768582767569207,
                        -4.50637528994782,
                        -2.2827858929658538
                    ],
                    [
                        -0.5513511145275795,
                        1.840603911976997e-06,
                        0.6894681376180944,
                        0.022595448419857226,
                        2.1086654708871606,
                        -1.5398765494137718,
                        0.4797210668781862,
                        2.3825398398910034
                    ],
                    [
                        -0.1227543681072817,
                        -1.3355804937247454e-06,
                        1.0019836669196063,
                        2.1768582767569207,
                        -1.5398765494137718,
                        4.050324298430729,
                        -4.071665829729697,
                        -3.935340448771553
                    ],
                    [
                        1.7308356496338697,
                        -1.3700102649877168e-07,
                        -2.397746183925756,
                        -4.506375289947819,
                        0.4797210668781862,
                        -4.071665829729697,
                        8.000758856431485,
                        5.285532461398805
                    ],
                    [
                        0.39373560906193555,
                        1.720415246261027e-06,
                        -0.5798653576129061,
                        -2.2827858929658538,
                        2.3825398398910034,
                        -3.935340448771553,
                        5.285532461398805,
                        6.852074384197246
                    ]
                ]
            },
            "est_tgt": [
                1,
                2,
                3,
                5
            ],
            "oracle_est_tgt": [
                1
            ],
            "intv_base_est_tgt": [
                1,
                2,
                3,
                4,
                5
            ]
        },
        "2": {
            "intv_type": "do",
            "inode": 2,
            "new_mui": 1.0,
            "new_vari": null,
            "true_params": {
                "Si": [
                    [
                        1.0,
                        0.8169700250394589,
                        0.0,
                        -1.3736262328138669,
                        -0.35966869873819807,
                        0.11471486200264347,
                        2.4531651102613257,
                        1.955486330601469
                    ],
                    [
                        0.8169700250394589,
                        1.6674400218129741,
                        0.0,
                        -2.055598021581884,
                        -0.2636161799889639,
                        -0.46280281833659664,
                        3.9110128465663445,
                        3.8431303439832325
                    ],
                    [
                        0.0,
                        0.0,
                        1e-09,
                        8.132942819142015e-10,
                        2.620328922571728e-10,
                        9.302800222796786e-10,
                        -1.1357934386730829e-09,
                        -3.3493350299644133e-10
                    ],
                    [
                        -1.3736262328138669,
                        -2.055598021581884,
                        8.132942819142015e-10,
                        3.75805950555305,
                        -0.3910053939983467,
                        1.6000785686325,
                        -6.6044795026362095,
                        -6.329845442262374
                    ],
                    [
                        -0.35966869873819807,
                        -0.2636161799889639,
                        2.620328922571728e-10,
                        -0.3910053939983467,
                        1.864461066647143,
                        -1.8976724225139245,
                        0.9037117831509782,
                        2.0753449728463793
                    ],
                    [
                        0.11471486200264347,
                        -0.46280281833659664,
                        9.302800222796786e-10,
                        1.6000785686325,
                        -1.8976724225139245,
                        3.4623096715348627,
                        -3.5751257794897033,
                        -4.6227920388819435
                    ],
                    [
                        2.4531651102613257,
                        3.9110128465663445,
                        -1.1357934386730829e-09,
                        -6.6044795026362095,
                        0.9037117831509782,
                        -3.5751257794897033,
                        13.385808213090373,
                        13.345342553612573
                    ],
                    [
                        1.955486330601469,
                        3.8431303439832325,
                        -3.3493350299644133e-10,
                        -6.329845442262374,
                        2.0753449728463793,
                        -4.6227920388819435,
                        13.345342553612573,
                        15.491937137619686
                    ]
                ],
                "mui": [
                    0.0,
                    0.0,
                    1.0,
                    0.8132942819142015,
                    0.2620328922571728,
                    0.9302800222796785,
                    -1.1357934386730828,
                    -0.3349335029964413
                ],
                "Ai": [
                    [
                        0.0,
                        0.0,
                        0.0,
                        0.0,
                        0.0,
                        0.0,
                        0.0,
                        0.0
                    ],
                    [
                        0.8169700250394589,
                        0.0,
                        0.0,
                        0.0,
                        0.0,
                        0.0,
                        0.0,
                        0.0
                    ],
                    [
                        0.0,
                        0.0,
                        0.0,
                        0.0,
                        0.0,
                        0.0,
                        0.0,
                        0.0
                    ],
                    [
                        -0.6110773884432137,
                        -0.9333865637650816,
                        0.8132942819142015,
                        0.0,
                        0.0,
                        0.0,
                        0.0,
                        0.0
                    ],
                    [
                        -0.9079590506092479,
                        -0.7695467413079113,
                        0.9589013355515899,
                        -0.85684660373394,
                        0.0,
                        0.0,
                        0.0,
                        0.0
                    ],
                    [
                        0.6190392872325106,
                        -0.0,
                        0.6698969214710097,
                        0.5710270781998814,
                        -0.7786425396901038,
                        0.0,
                        0.0,
                        0.0
                    ],
                    [
                        0.8266975944393371,
                        0.9195906272781552,
                        -0.0,
                        -0.6888093836922478,
                        0.0,
                        -0.6187262886467617,
                        0.0,
                        0.0
                    ],
                    [
                        0.0,
                        0.9704196447229148,
                        -0.0,
                        0.6540094758228625,
                        0.9152037915484017,
                        -0.0,
                        0.97434016505493,
                        0.0
                    ]
                ]
            },
            "est_params": {
                "mui": [
                    0.002798994848142619,
                    -0.0018219595658171962,
                    0.9999994711729863,
                    0.7967724818561776,
                    0.30301325416810965,
                    0.8963935745811209,
                    -1.0997482071043285,
                    -0.28898416894557033
                ],
                "Si": [
                    [
                        1.0010482719223388,
                        0.8231880182853836,
                        1.2069290755328154e-06,
                        -1.383802073478481,
                        -0.34924880766736,
                        0.09542795838276674,
                        2.4808525543765514,
                        1.9869095474432756
                    ],
                    [
                        0.8231880182853836,
                        1.6955563713504695,
                        1.397962456174895e-06,
                        -2.10895312278272,
                        -0.25215354140547186,
                        -0.5083196443268843,
                        4.008622573784716,
                        3.945584706465646
                    ],
                    [
                        1.2069290755328152e-06,
                        1.3979624561748951e-06,
                        1.0097717168589881e-06,
                        4.382066474585297e-07,
                        -1.2261468437840982e-06,
                        1.3542368904468587e-06,
                        6.317378254493044e-07,
                        5.305538808054674e-07
                    ],
                    [
                        -1.3838020734784808,
                        -2.1089531227827205,
                        4.382066474585302e-07,
                        3.870008928528038,
                        -0.4535583498489232,
                        1.7107306474042971,
                        -6.809528249436983,
                        -6.5739506859281684
                    ],
                    [
                        -0.34924880766735994,
                        -0.25215354140547186,
                        -1.226146843784098e-06,
                        -0.4535583498489232,
                        1.9011620395912558,
                        -1.9531742023382201,
                        1.0013625460272284,
                        2.186570927384949
                    ],
                    [
                        0.09542795838276673,
                        -0.5083196443268844,
                        1.354236890446859e-06,
                        1.710730647404297,
                        -1.9531742023382206,
                        3.580703414180623,
                        -3.7682698893991273,
                        -4.853390767500125
                    ],
                    [
                        2.4808525543765523,
                        4.008622573784716,
                        6.317378254493039e-07,
                        -6.809528249436983,
                        1.0013625460272284,
                        -3.7682698893991273,
                        13.7540545655252,
                        13.770106823401106
                    ],
                    [
                        1.9869095474432756,
                        3.945584706465646,
                        5.30553880805468e-07,
                        -6.5739506859281684,
                        2.186570927384949,
                        -4.853390767500125,
                        13.770106823401106,
                        15.938611686334282
                    ]
                ]
            },
            "est_tgt": [
                1,
                2,
                3,
                5
            ],
            "oracle_est_tgt": [
                2
            ],
            "intv_base_est_tgt": []
        },
        "3": {
            "intv_type": "do",
            "inode": 3,
            "new_mui": 1.0,
            "new_vari": null,
            "true_params": {
                "Si": [
                    [
                        1.0,
                        0.8169700250394589,
                        -1.3007637806217538,
                        0.0,
                        -2.783959797599941,
                        1.9153711622313712,
                        0.3928850816443725,
                        -1.372283085536727
                    ],
                    [
                        0.8169700250394589,
                        1.6674400218129741,
                        -1.73115901652248,
                        0.0,
                        -3.6849590564191903,
                        2.2153043245898494,
                        0.8380823470602607,
                        -0.9377946542066302
                    ],
                    [
                        -1.3007637806217538,
                        -1.73115901652248,
                        3.1388438991098604,
                        0.0,
                        5.523089634115312,
                        -3.003034558265832,
                        -0.8092394673821773,
                        2.586327340213278
                    ],
                    [
                        0.0,
                        0.0,
                        0.0,
                        1e-09,
                        -8.5684660373394e-10,
                        1.2382042938561165e-09,
                        -1.454918931016327e-09,
                        -1.5477657360778007e-09
                    ],
                    [
                        -2.783959797599941,
                        -3.6849590564191903,
                        5.523089634115312,
                        -8.5684660373394e-10,
                        11.65956775574212,
                        -7.10211519539711,
                        -1.2958813008985088,
                        5.832294758352443
                    ],
                    [
                        1.9153711622313712,
                        2.2153043245898494,
                        -3.003034558265832,
                        1.2382042938561165e-09,
                        -7.10211519539711,
                        5.70397540702281,
                        0.09140629076422968,
                        -4.261047097979258
                    ],
                    [
                        0.3928850816443725,
                        0.8380823470602607,
                        -0.8092394673821773,
                        -1.454918931016327e-09,
                        -1.2958813008985088,
                        0.09140629076422968,
                        2.0389343490890424,
                        1.6139117227798274
                    ],
                    [
                        -1.372283085536727,
                        -0.9377946542066302,
                        2.586327340213278,
                        -1.5477657360778007e-09,
                        5.832294758352443,
                        -4.261047097979258,
                        1.6139117227798274,
                        7.000182934458909
                    ]
                ],
                "mui": [
                    0.0,
                    0.0,
                    0.0,
                    1.0,
                    -0.85684660373394,
                    1.2382042938561164,
                    -1.4549189310163269,
                    -1.5477657360778005
                ],
                "Ai": [
                    [
                        0.0,
                        0.0,
                        0.0,
                        0.0,
                        0.0,
                        0.0,
                        0.0,
                        0.0
                    ],
                    [
                        0.8169700250394589,
                        0.0,
                        0.0,
                        0.0,
                        0.0,
                        0.0,
                        0.0,
                        0.0
                    ],
                    [
                        -0.7546405616578084,
                        -0.6684739980975045,
                        0.0,
                        0.0,
                        0.0,
                        0.0,
                        0.0,
                        0.0
                    ],
                    [
                        0.0,
                        0.0,
                        0.0,
                        0.0,
                        0.0,
                        0.0,
                        0.0,
                        0.0
                    ],
                    [
                        -0.9079590506092479,
                        -0.7695467413079113,
                        0.9589013355515899,
                        -0.85684660373394,
                        0.0,
                        0.0,
                        0.0,
                        0.0
                    ],
                    [
                        0.6190392872325106,
                        -0.0,
                        0.6698969214710097,
                        0.5710270781998814,
                        -0.7786425396901038,
                        0.0,
                        0.0,
                        0.0
                    ],
                    [
                        0.8266975944393371,
                        0.9195906272781552,
                        -0.0,
                        -0.6888093836922478,
                        0.0,
                        -0.6187262886467617,
                        0.0,
                        0.0
                    ],
                    [
                        0.0,
                        0.9704196447229148,
                        -0.0,
                        0.6540094758228625,
                        0.9152037915484017,
                        -0.0,
                        0.97434016505493,
                        0.0
                    ]
                ]
            },
            "est_params": {
                "mui": [
                    0.001123412728997689,
                    -0.012246577336856806,
                    -0.0012497150298018548,
                    1.0000009074388345,
                    -0.8620835591550421,
                    1.2385912947929905,
                    -1.4856506588687057,
                    -1.5896414307024789
                ],
                "Si": [
                    [
                        1.016304075915577,
                        0.8271061075367835,
                        -1.3080899675433113,
                        3.841958332421776e-07,
                        -2.827556423013424,
                        1.9636431005447081,
                        0.3699097326798548,
                        -1.3989141575997026
                    ],
                    [
                        0.8271061075367835,
                        1.7031329276622587,
                        -1.746510987918173,
                        4.235624776293261e-08,
                        -3.7411223919662087,
                        2.257258409949062,
                        0.818338831792725,
                        -0.9502633301556925
                    ],
                    [
                        -1.3080899675433113,
                        -1.7465109879181728,
                        3.147598156571335,
                        4.546478869422819e-07,
                        5.587663008093885,
                        -3.061295509538799,
                        -0.7535944789199455,
                        2.6590322204583563
                    ],
                    [
                        3.841958332421777e-07,
                        4.235624776293258e-08,
                        4.5464788694228156e-07,
                        1.0052228101263206e-06,
                        1.7154318359262887e-07,
                        -3.158137617871314e-07,
                        4.0239652062108985e-07,
                        3.649041901932935e-07
                    ],
                    [
                        -2.8275564230134242,
                        -3.7411223919662087,
                        5.587663008093885,
                        1.7154318359262927e-07,
                        11.855472187484247,
