{
    "expt_args": {
        "save_dir": "all_expt_logs/expt_logs_11.05.24-main_plus_oracle_donoisepert-corr-js2",
        "exp_name": "183",
        "num_nodes": 6,
        "obs_noise_mean": 0.0,
        "obs_noise_var": 1.0,
        "max_edge_strength": 1.0,
        "graph_sparsity_method": "adj_dense_prop",
        "adj_dense_prop": 0.8,
        "num_parents": null,
        "new_noise_mean": 1.0,
        "mix_samples": 131072,
        "stage2_samples": 131072,
        "gmm_tol": 0.001,
        "intv_type": "do",
        "new_noise_var": null,
        "intv_targets": [
            0,
            1,
            2,
            3,
            4,
            5
        ]
    },
    "intv_args_dict": {
        "0": {
            "intv_type": "do",
            "inode": 0,
            "new_mui": 1.0,
            "new_vari": null,
            "true_params": {
                "Si": [
                    [
                        1e-09,
                        -5.807531235012672e-10,
                        2.940150110961242e-10,
                        1.7344205516939173e-10,
                        1.2937226782746699e-09,
                        -6.262959236217425e-11
                    ],
                    [
                        -5.807531235012672e-10,
                        1.0000000003372742,
                        0.6013019450355631,
                        0.8779363819517215,
                        0.5815953249110328,
                        -0.1888554212941088
                    ],
                    [
                        2.940150110961242e-10,
                        0.6013019450355631,
                        1.3615640293953408,
                        0.5279048543465248,
                        1.2177315521294214,
                        -0.48320938338787234
                    ],
                    [
                        1.7344205516939173e-10,
                        0.8779363819517215,
                        0.5279048543465248,
                        1.770772290961425,
                        1.288295725389412,
                        -0.5119862177300261
                    ],
                    [
                        1.2937226782746699e-09,
                        0.5815953249110328,
                        1.2177315521294214,
                        1.288295725389412,
                        2.6965117912982794,
                        -0.14246090744966944
                    ],
                    [
                        -6.262959236217425e-11,
                        -0.1888554212941088,
                        -0.48320938338787234,
                        -0.5119862177300261,
                        -0.14246090744966944,
                        1.602915658237018
                    ]
                ],
                "mui": [
                    1.0,
                    -0.5807531235012672,
                    0.2940150110961242,
                    0.1734420551693917,
                    1.2937226782746698,
                    -0.06262959236217425
                ],
                "Ai": [
                    [
                        0.0,
                        0.0,
                        0.0,
                        0.0,
                        0.0,
                        0.0
                    ],
                    [
                        -0.5807531235012672,
                        0.0,
                        0.0,
                        0.0,
                        0.0,
                        0.0
                    ],
                    [
                        0.6432229939420784,
                        0.6013019452063132,
                        0.0,
                        0.0,
                        0.0,
                        0.0
                    ],
                    [
                        0.683306351281753,
                        0.8779363820524485,
                        0.0,
                        0.0,
                        0.0,
                        0.0
                    ],
                    [
                        0.541755486691033,
                        -0.6231092021790097,
                        0.8680171511053675,
                        0.7776920291343927,
                        0.0,
                        0.0
                    ],
                    [
                        0.0,
                        0.684703229602454,
                        -0.8535378478279343,
                        -0.7797178398119703,
                        0.5574631746055368,
                        0.0
                    ]
                ]
            },
            "est_params": {
                "mui": [
                    0.999999580789685,
                    -0.5820907922266411,
                    0.2938330341404888,
                    0.17636354682316335,
                    1.3096397388449856,
                    -0.060526801790029436
                ],
                "Si": [
                    [
                        1.014122986154401e-06,
                        4.620170230339691e-07,
                        1.0981368558366783e-06,
                        -7.016609009057388e-08,
                        7.637880939370209e-07,
                        -1.3883791442703812e-06
                    ],
                    [
                        4.620170230339691e-07,
                        0.9848683014744902,
                        0.5801433712628672,
                        0.8616773860538749,
                        0.5683648053448891,
                        -0.18727184612250386
                    ],
                    [
                        1.0981368558366783e-06,
                        0.5801433712628672,
                        1.3469788331940489,
                        0.5055078490897283,
                        1.215715467833464,
                        -0.4629659098884283
                    ],
                    [
                        -7.016609009057361e-08,
                        0.8616773860538749,
                        0.5055078490897283,
                        1.7567307478338063,
                        1.2683037161813406,
                        -0.523680674152737
                    ],
                    [
                        7.637880939370206e-07,
                        0.5683648053448891,
                        1.2157154678334643,
                        1.2683037161813406,
                        2.684977456568134,
                        -0.119971527306248
                    ],
                    [
                        -1.3883791442703812e-06,
                        -0.18727184612250386,
                        -0.4629659098884283,
                        -0.523680674152737,
                        -0.11997152730624801,
                        1.6103877213725297
                    ]
                ]
            },
            "est_tgt": [
                0
            ],
            "oracle_est_tgt": [
                0
            ],
            "intv_base_est_tgt": [
                0,
                1,
                2,
                3,
                4,
                5
            ]
        },
        "1": {
            "intv_type": "do",
            "inode": 1,
            "new_mui": 1.0,
            "new_vari": null,
            "true_params": {
                "Si": [
                    [
                        1.0,
                        0.0,
                        0.6432229939420784,
                        0.683306351281753,
                        1.6314859802668256,
                        -0.17230796818999894
                    ],
                    [
                        0.0,
                        1e-09,
                        6.013019452063133e-10,
                        8.779363820524486e-10,
                        5.815953256623663e-10,
                        -1.888554213304811e-10
                    ],
                    [
                        0.6432229939420784,
                        6.013019452063133e-10,
                        1.413735820297375,
                        0.4395183575789915,
                        1.917426448256836,
                        -0.48048269845348884
                    ],
                    [
                        0.683306351281753,
                        8.779363820524486e-10,
                        0.4395183575789915,
                        1.4669075704727548,
                        1.8924967619884552,
                        -0.46392230159177367
                    ],
                    [
                        1.6314859802668256,
                        5.815953256623663e-10,
                        1.917426448256836,
                        1.8924967619884552,
                        5.020005170937705,
                        -0.31374151159692243
                    ],
                    [
                        -0.17230796818999894,
                        -1.888554213304811e-10,
                        -0.48048269845348884,
                        -0.46392230159177367,
                        -0.31374151159692243,
                        1.5969393240046141
                    ]
                ],
                "mui": [
                    0.0,
                    1.0,
                    0.6013019452063132,
                    0.8779363820524485,
                    0.5815953256623663,
                    -0.1888554213304811
                ],
                "Ai": [
                    [
                        0.0,
                        0.0,
                        0.0,
                        0.0,
                        0.0,
                        0.0
                    ],
                    [
                        0.0,
                        0.0,
                        0.0,
                        0.0,
                        0.0,
                        0.0
                    ],
                    [
                        0.6432229939420784,
                        0.6013019452063132,
                        0.0,
                        0.0,
                        0.0,
                        0.0
                    ],
                    [
                        0.683306351281753,
                        0.8779363820524485,
                        0.0,
                        0.0,
                        0.0,
                        0.0
                    ],
                    [
                        0.541755486691033,
                        -0.6231092021790097,
                        0.8680171511053675,
                        0.7776920291343927,
                        0.0,
                        0.0
                    ],
                    [
                        0.0,
                        0.684703229602454,
                        -0.8535378478279343,
                        -0.7797178398119703,
                        0.5574631746055368,
                        0.0
                    ]
                ]
            },
            "est_params": {
                "mui": [
                    0.006328328324355237,
                    0.9999999021670832,
                    0.6097301511370216,
                    0.8831389193162037,
                    0.5864833247994597,
                    -0.18930316201243597
                ],
                "Si": [
                    [
                        0.9968359385156799,
                        -7.456454797679643e-09,
                        0.6426341874786364,
                        0.670764285522609,
                        1.6095888692494849,
                        -0.18669608868496274
                    ],
                    [
                        -7.456454797679543e-09,
                        1.0106107121011222e-06,
                        -3.556355816882924e-07,
                        1.4984454861944908e-06,
                        4.2580940372708014e-07,
                        -6.189194523030557e-07
                    ],
                    [
                        0.6426341874786364,
                        -3.556355816882925e-07,
                        1.4027261609736197,
                        0.42652332117902464,
                        1.8797971673291336,
                        -0.49593674756685135
                    ],
                    [
                        0.670764285522609,
                        1.4984454861944908e-06,
                        0.42652332117902475,
                        1.4449651227397524,
                        1.840414627316949,
                        -0.47117692443404263
                    ],
                    [
                        1.609588869249485,
                        4.258094037270799e-07,
                        1.8797971673291336,
                        1.840414627316949,
                        4.902585602688702,
                        -0.3262307844643263
                    ],
                    [
                        -0.18669608868496274,
                        -6.189194523030561e-07,
                        -0.49593674756685135,
                        -0.47117692443404263,
                        -0.3262307844643262,
                        1.6014006690010316
                    ]
                ]
            },
            "est_tgt": [
                1
            ],
            "oracle_est_tgt": [
                1
            ],
            "intv_base_est_tgt": []
        },
        "2": {
            "intv_type": "do",
            "inode": 2,
            "new_mui": 1.0,
            "new_vari": null,
            "true_params": {
                "Si": [
                    [
                        1.0,
                        -0.5807531235012672,
                        0.0,
                        0.1734420551693917,
                        1.038512605960799,
                        0.046053130334518744
                    ],
                    [
                        -0.5807531235012672,
                        1.337274190456478,
                        0.0,
                        0.7772093667663451,
                        -0.5434645154769083,
                        0.006670494449656582
                    ],
                    [
                        0.0,
                        0.0,
                        1e-09,
                        0.0,
                        8.680171511053675e-10,
                        -3.696502511606822e-10
                    ],
                    [
                        0.1734420551693917,
                        0.7772093667663451,
                        0.0,
                        1.800854437432725,
                        1.0101870181818875,
                        -0.30885850616767463
                    ],
                    [
                        1.038512605960799,
                        -0.5434645154769083,
                        8.680171511053675e-10,
                        1.0101870181818875,
                        2.6868720356570313,
                        0.3380594654710756
                    ],
                    [
                        0.046053130334518744,
                        0.006670494449656582,
                        -3.696502511606822e-10,
                        -0.30885850616767463,
                        0.3380594654710756,
                        1.4338454994718037
                    ]
                ],
                "mui": [
                    0.0,
                    0.0,
                    1.0,
                    0.0,
                    0.8680171511053675,
                    -0.3696502511606822
                ],
                "Ai": [
                    [
                        0.0,
                        0.0,
                        0.0,
                        0.0,
                        0.0,
                        0.0
                    ],
                    [
                        -0.5807531235012672,
                        0.0,
                        0.0,
                        0.0,
                        0.0,
                        0.0
                    ],
                    [
                        0.0,
                        0.0,
                        0.0,
                        0.0,
                        0.0,
                        0.0
                    ],
                    [
                        0.683306351281753,
                        0.8779363820524485,
                        0.0,
                        0.0,
                        0.0,
                        0.0
                    ],
                    [
                        0.541755486691033,
                        -0.6231092021790097,
                        0.8680171511053675,
                        0.7776920291343927,
                        0.0,
                        0.0
                    ],
                    [
                        0.0,
                        0.684703229602454,
                        -0.8535378478279343,
                        -0.7797178398119703,
                        0.5574631746055368,
                        0.0
                    ]
                ]
            },
            "est_params": {
                "mui": [
                    -0.00820876778151594,
                    0.004877563914590105,
                    1.0000000593699043,
                    -0.0076455582372067475,
                    0.8642579234716351,
                    -0.3714537117503182
                ],
                "Si": [
                    [
                        0.9986925425767816,
                        -0.5814350119753072,
                        9.907156058186037e-08,
                        0.18427844844470556,
                        1.044441306352375,
                        0.030164459461769672
                    ],
                    [
                        -0.5814350119753072,
                        1.3382491252285702,
                        5.038532267169075e-07,
                        0.7640031482154384,
                        -0.5559218080308662,
                        -0.001746719123603724
                    ],
                    [
                        9.907156058186032e-08,
                        5.038532267169075e-07,
                        1.011477021092194e-06,
                        9.967815226134209e-07,
                        5.803096928195218e-07,
                        -6.107237971241547e-07
                    ],
                    [
                        0.18427844844470556,
                        0.7640031482154382,
                        9.96781522613421e-07,
                        1.7903886474645159,
                        1.0025186949863325,
                        -0.3319377907168408
                    ],
                    [
                        1.044441306352375,
                        -0.5559218080308662,
                        5.803096928195217e-07,
                        1.0025186949863325,
                        2.694883742803369,
                        0.319276168178945
                    ],
                    [
                        0.030164459461769672,
                        -0.0017467191236037302,
                        -6.10723797124155e-07,
                        -0.3319377907168408,
                        0.3192761681789449,
                        1.429311525910104
                    ]
                ]
            },
            "est_tgt": [
                2
            ],
            "oracle_est_tgt": [
                2
            ],
            "intv_base_est_tgt": [
                1,
                2,
                3,
                4,
                5
            ]
        },
        "3": {
            "intv_type": "do",
            "inode": 3,
            "new_mui": 1.0,
            "new_vari": null,
            "true_params": {
                "Si": [
                    [
                        1.0,
                        -0.5807531235012672,
                        0.2940150110961242,
                        0.0,
                        1.1588381744527463,
                        -0.002586871478609698
                    ],
                    [
                        -0.5807531235012672,
                        1.337274190456478,
                        0.43055180915597935,
                        0.0,
                        -0.7741676901928487,
                        0.1165737142521985
                    ],
                    [
                        0.2940150110961242,
                        0.43055180915597935,
                        1.44800885605875,
                        0.0,
                        1.1478999731423971,
                        -0.301218185238325
                    ],
                    [
                        0.0,
                        0.0,
                        0.0,
                        1e-09,
                        7.776920291343928e-10,
                        -3.4618317238529006e-10
                    ],
                    [
                        1.1588381744527463,
                        -0.7741676901928487,
                        1.1478999731423971,
                        7.776920291343928e-10,
                        3.106594816031425,
                        0.2219610174249806
                    ],
                    [
                        -0.002586871478609698,
                        0.1165737142521985,
                        -0.301218185238325,
                        -3.4618317238529006e-10,
                        0.2219610174249806,
                        1.4606546138725198
                    ]
                ],
                "mui": [
                    0.0,
                    0.0,
                    0.0,
                    1.0,
                    0.7776920291343927,
                    -0.34618317238529006
                ],
                "Ai": [
                    [
                        0.0,
                        0.0,
                        0.0,
                        0.0,
                        0.0,
                        0.0
                    ],
                    [
                        -0.5807531235012672,
                        0.0,
                        0.0,
                        0.0,
                        0.0,
                        0.0
                    ],
                    [
                        0.6432229939420784,
                        0.6013019452063132,
                        0.0,
                        0.0,
                        0.0,
                        0.0
                    ],
                    [
                        0.0,
                        0.0,
                        0.0,
                        0.0,
                        0.0,
                        0.0
                    ],
                    [
                        0.541755486691033,
                        -0.6231092021790097,
                        0.8680171511053675,
                        0.7776920291343927,
                        0.0,
                        0.0
                    ],
                    [
                        0.0,
                        0.684703229602454,
                        -0.8535378478279343,
                        -0.7797178398119703,
                        0.5574631746055368,
                        0.0
                    ]
                ]
            },
            "est_params": {
                "mui": [
                    -0.008833736234449038,
                    0.006579298339446966,
                    0.0036712773621318546,
                    1.0000003071761607,
                    0.7713971978379649,
                    -0.3402285463023331
                ],
                "Si": [
                    [
                        1.0079428500913297,
                        -0.5866108360761859,
                        0.2880251998346368,
                        -3.9685948196939685e-08,
                        1.1538224091583915,
                        0.0020704354705835966
                    ],
                    [
                        -0.5866108360761859,
                        1.3213470033139334,
                        0.4221778878324465,
                        4.0859658908421753e-07,
                        -0.7725866999729832,
                        0.10431488822083566
                    ],
                    [
                        0.28802519983463676,
                        0.42217788783244653,
                        1.4453719318415386,
                        -6.826168935570458e-08,
                        1.153164465222863,
                        -0.313146469300827
                    ],
                    [
                        -3.968594819693988e-08,
                        4.085965890842173e-07,
                        -6.826168935570463e-08,
                        1.0132475770972021e-06,
                        -4.506392158044594e-07,
                        1.0163925585377385e-06
                    ],
                    [
                        1.1538224091583915,
                        -0.7725866999729832,
                        1.153164465222863,
                        -4.5063921580446015e-07,
                        3.1140477556305264,
                        0.22639716663366394
                    ],
                    [
                        0.0020704354705835966,
                        0.10431488822083566,
                        -0.313146469300827,
                        1.0163925585377385e-06,
                        0.2263971666336639,
                        1.4621185278723683
                    ]
                ]
            },
            "est_tgt": [
                3
            ],
            "oracle_est_tgt": [
                3
            ],
            "intv_base_est_tgt": [
                1,
                2,
                3,
                4,
                5
            ]
        },
        "4": {
            "intv_type": "do",
            "inode": 4,
            "new_mui": 1.0,
            "new_vari": null,
            "true_params": {
                "Si": [
                    [
                        1.0,
                        -0.5807531235012672,
                        0.2940150110961242,
                        0.1734420551693917,
                        0.0,
                        -0.7838323436523492
                    ],
                    [
                        -0.5807531235012672,
                        1.337274190456478,
                        0.43055180915597935,
                        0.7772093667663451,
                        0.0,
                        -0.057860316032544434
                    ],
                    [
                        0.2940150110961242,
                        0.43055180915597935,
                        1.44800885605875,
                        0.5788994220706936,
                        0.0,
                        -1.3925083552412554
                    ],
                    [
                        0.1734420551693917,
                        0.7772093667663451,
                        0.5788994220706936,
                        1.800854437432725,
                        0.0,
                        -1.3661131350917055
                    ],
                    [
                        0.0,
                        0.0,
                        0.0,
                        0.0,
                        1e-09,
                        5.574631746055368e-10
                    ],
                    [
                        -0.7838323436523492,
                        -0.057860316032544434,
                        -1.3925083552412554,
                        -1.3661131350917055,
                        5.574631746055368e-10,
                        3.214124222304964
                    ]
                ],
                "mui": [
                    0.0,
                    0.0,
                    0.0,
                    0.0,
                    1.0,
                    0.5574631746055368
                ],
                "Ai": [
                    [
                        0.0,
                        0.0,
                        0.0,
                        0.0,
                        0.0,
                        0.0
                    ],
                    [
                        -0.5807531235012672,
                        0.0,
                        0.0,
                        0.0,
                        0.0,
                        0.0
                    ],
                    [
                        0.6432229939420784,
                        0.6013019452063132,
                        0.0,
                        0.0,
                        0.0,
                        0.0
                    ],
                    [
                        0.683306351281753,
                        0.8779363820524485,
                        0.0,
                        0.0,
                        0.0,
                        0.0
                    ],
                    [
                        0.0,
                        0.0,
                        0.0,
                        0.0,
                        0.0,
                        0.0
                    ],
                    [
                        0.0,
                        0.684703229602454,
                        -0.8535378478279343,
                        -0.7797178398119703,
                        0.5574631746055368,
                        0.0
                    ]
                ]
            },
            "est_params": {
                "mui": [
                    0.001820900632630308,
                    -0.005570904985033735,
                    0.008900738189685583,
                    -0.00937490802664974,
                    1.000000283261719,
                    0.5574186487896617
                ],
                "Si": [
                    [
                        1.0135116537424183,
                        -0.595172915096611,
                        0.2846962854419549,
                        0.1635265336827654,
                        1.40491441209441e-07,
                        -0.7812638135841413
                    ],
                    [
                        -0.595172915096611,
                        1.3377015215122687,
                        0.4260933522517039,
                        0.7723102300682669,
                        -9.650512173897265e-07,
                        -0.034010082583137924
                    ],
                    [
                        0.2846962854419549,
                        0.4260933522517039,
                        1.4581173847456537,
                        0.5654622259773976,
                        3.41229435636383e-07,
                        -1.3775943427517188
                    ],
                    [
                        0.1635265336827654,
                        0.7723102300682669,
                        0.5654622259773976,
                        1.7868261259467388,
                        -2.779734579158996e-07,
                        -1.333134163352847
                    ],
                    [
                        1.4049144120944086e-07,
                        -9.650512173897265e-07,
                        3.41229435636383e-07,
                        -2.779734579158999e-07,
                        1.0102827540472875e-06,
                        -1.7934073185168099e-06
                    ],
                    [
                        -0.7812638135841413,
                        -0.034010082583137924,
                        -1.3775943427517188,
                        -1.333134163352847,
                        -1.7934073185168103e-06,
                        3.1763456100041294
                    ]
                ]
            },
            "est_tgt": [
                4
            ],
            "oracle_est_tgt": [
                4
            ],
            "intv_base_est_tgt": [
                1,
                2,
                3,
                4,
                5
            ]
        },
        "5": {
            "intv_type": "do",
            "inode": 5,
            "new_mui": 1.0,
            "new_vari": null,
            "true_params": {
                "Si": [
                    [
                        1.0,
                        -0.5807531235012672,
                        0.2940150110961242,
                        0.1734420551693917,
                        1.2937226782746698,
                        0.0
                    ],
                    [
                        -0.5807531235012672,
                        1.337274190456478,
                        0.43055180915597935,
                        0.7772093667663451,
                        -0.1697381606900732,
                        0.0
                    ],
                    [
                        0.2940150110961242,
                        0.43055180915597935,
                        1.44800885605875,
                        0.5788994220706936,
                        1.598105439357282,
                        0.0
                    ],
                    [
                        0.1734420551693917,
                        0.7772093667663451,
                        0.5788994220706936,
                        1.800854437432725,
                        1.5126816453042347,
                        0.0
                    ],
                    [
                        1.2937226782746698,
                        -0.1697381606900732,
                        1.598105439357282,
                        1.5126816453042347,
                        4.370230157906747,
                        0.0
                    ],
                    [
                        0.0,
                        0.0,
                        0.0,
                        0.0,
                        0.0,
                        1e-09
                    ]
                ],
                "mui": [
                    0.0,
                    0.0,
                    0.0,
                    0.0,
                    0.0,
                    1.0
                ],
                "Ai": [
                    [
                        0.0,
                        0.0,
                        0.0,
                        0.0,
                        0.0,
                        0.0
                    ],
                    [
                        -0.5807531235012672,
                        0.0,
                        0.0,
                        0.0,
                        0.0,
                        0.0
                    ],
                    [
                        0.6432229939420784,
                        0.6013019452063132,
                        0.0,
                        0.0,
                        0.0,
                        0.0
                    ],
                    [
                        0.683306351281753,
                        0.8779363820524485,
                        0.0,
                        0.0,
                        0.0,
                        0.0
                    ],
                    [
                        0.541755486691033,
                        -0.6231092021790097,
                        0.8680171511053675,
                        0.7776920291343927,
                        0.0,
                        0.0
                    ],
                    [
                        0.0,
                        0.0,
                        0.0,
                        0.0,
                        0.0,
                        0.0
                    ]
                ]
            },
            "est_params": {
                "mui": [
                    0.006622367199560225,
                    -0.0011962108055262523,
                    -0.005748599545062566,
                    -0.004095437541383962,
                    -0.012800539220051858,
                    1.0000004291568882
                ],
                "Si": [
                    [
                        0.9943822702894518,
                        -0.584470107224432,
                        0.28542288567622054,
                        0.14786639162343163,
                        1.272989381761425,
                        4.081111456918523e-07
                    ],
                    [
                        -0.5844701072244319,
                        1.3382127190629163,
                        0.43691854102750477,
                        0.7912574640317551,
                        -0.16351921527693183,
                        1.542733693728659e-07
                    ],
                    [
                        0.2854228856762206,
                        0.43691854102750477,
                        1.450117662302869,
                        0.5768682237298738,
                        1.5917337955611535,
                        -3.391491490519059e-07
                    ],
                    [
                        0.14786639162343165,
                        0.7912574640317551,
                        0.5768682237298738,
                        1.8037132744648714,
                        1.479575247583072,
                        6.307301901708501e-07
                    ],
                    [
                        1.272989381761425,
                        -0.16351921527693183,
                        1.5917337955611535,
                        1.479575247583072,
                        4.331898361100866,
                        1.0793608062043345e-06
                    ],
                    [
                        4.081111456918521e-07,
                        1.5427336937286558e-07,
                        -3.39149149051906e-07,
                        6.307301901708501e-07,
                        1.0793608062043345e-06,
                        1.012852437701386e-06
                    ]
                ]
            },
            "est_tgt": [
                5
            ],
            "oracle_est_tgt": [
                5
            ],
            "intv_base_est_tgt": [
                1,
                2,
                3,
                4,
                5
            ]
        },
        "obs": {
            "intv_type": "obs",
            "true_params": {
                "Si": [
                    [
                        1.0,
                        -0.5807531235012672,
                        0.2940150110961242,
                        0.1734420551693917,
                        1.2937226782746698,
                        -0.06262959236217425
                    ],
                    [
                        -0.5807531235012672,
                        1.337274190456478,
                        0.43055180915597935,
                        0.7772093667663451,
                        -0.1697381606900732,
                        -0.15248308994253731
                    ],
                    [
                        0.2940150110961242,
                        0.43055180915597935,
                        1.44800885605875,
                        0.5788994220706936,
                        1.598105439357282,
                        -0.5016234236627687
                    ],
                    [
                        0.1734420551693917,
                        0.7772093667663451,
                        0.5788994220706936,
                        1.800854437432725,
                        1.5126816453042347,
                        -0.5228488229328803
                    ],
                    [
                        1.2937226782746698,
                        -0.1697381606900732,
                        1.598105439357282,
                        1.5126816453042347,
                        4.370230157906747,
                        -0.22348623133868695
                    ],
                    [
                        -0.06262959236217425,
