{
    "expt_args": {
        "save_dir": "all_expt_logs/expt_logs_11.05.24-main_plus_oracle_donoisepert-corr-js2",
        "exp_name": "20",
        "num_nodes": 8,
        "obs_noise_mean": 0.0,
        "obs_noise_var": 1.0,
        "max_edge_strength": 1.0,
        "graph_sparsity_method": "adj_dense_prop",
        "adj_dense_prop": 0.8,
        "num_parents": null,
        "new_noise_mean": 1.0,
        "mix_samples": 16384,
        "stage2_samples": 16384,
        "gmm_tol": 0.001,
        "intv_type": "do",
        "new_noise_var": null,
        "intv_targets": [
            0,
            1,
            2,
            3,
            4,
            5,
            6,
            7
        ]
    },
    "intv_args_dict": {
        "0": {
            "intv_type": "do",
            "inode": 0,
            "new_mui": 1.0,
            "new_vari": null,
            "true_params": {
                "Si": [
                    [
                        1e-09,
                        0.0,
                        -9.241075868773563e-10,
                        -1.4080348430642591e-09,
                        2.1297327714157266e-09,
                        1.8221225389027921e-09,
                        -3.888581481298093e-09,
                        -3.318908503236294e-09
                    ],
                    [
                        0.0,
                        1.0,
                        -0.8845251325187051,
                        -0.6297650904346899,
                        1.5030947141178925,
                        0.7079476153703288,
                        -1.8865999599665777,
                        -0.7445183450256846
                    ],
                    [
                        -9.241075868773563e-10,
                        -0.8845251325187051,
                        1.7823847109112076,
                        1.269024053701252,
                        -1.941408057590618,
                        -0.7554971534649825,
                        1.7340578635301191,
                        1.2215534632934113
                    ],
                    [
                        -1.4080348430642591e-09,
                        -0.6297650904346899,
                        1.269024053701252,
                        1.9035210187883003,
                        -2.2416548294059213,
                        -2.051199362196444,
                        3.821860556062571,
                        2.533616122574041
                    ],
                    [
                        2.1297327714157266e-09,
                        1.5030947141178925,
                        -1.941408057590618,
                        -2.2416548294059213,
                        4.372278661956163,
                        3.0608822027516935,
                        -6.340909331574832,
                        -3.836641745554518
                    ],
                    [
                        1.8221225389027921e-09,
                        0.7079476153703288,
                        -0.7554971534649825,
                        -2.051199362196444,
                        3.0608822027516935,
                        4.188808993774876,
                        -6.874068960796492,
                        -3.6998422843199594
                    ],
                    [
                        -3.888581481298093e-09,
                        -1.8865999599665777,
                        1.7340578635301191,
                        3.821860556062571,
                        -6.340909331574832,
                        -6.874068960796492,
                        13.519084151791136,
                        6.917330644657098
                    ],
                    [
                        -3.318908503236294e-09,
                        -0.7445183450256846,
                        1.2215534632934113,
                        2.533616122574041,
                        -3.836641745554518,
                        -3.6998422843199594,
                        6.917330644657098,
                        5.529263955277523
                    ]
                ],
                "mui": [
                    1.0,
                    0.0,
                    -0.9241075868773563,
                    -1.408034843064259,
                    2.1297327714157266,
                    1.822122538902792,
                    -3.888581481298093,
                    -3.318908503236294
                ],
                "Ai": [
                    [
                        0.0,
                        0.0,
                        0.0,
                        0.0,
                        0.0,
                        0.0,
                        0.0,
                        0.0
                    ],
                    [
                        -0.0,
                        0.0,
                        0.0,
                        0.0,
                        0.0,
                        0.0,
                        0.0,
                        0.0
                    ],
                    [
                        -0.9241075868773563,
                        -0.8845251325187051,
                        0.0,
                        0.0,
                        0.0,
                        0.0,
                        0.0,
                        0.0
                    ],
                    [
                        -0.7500877971007072,
                        -0.0,
                        0.711981002327678,
                        0.0,
                        0.0,
                        0.0,
                        0.0,
                        0.0
                    ],
                    [
                        0.9196547113291306,
                        0.9618688185391917,
                        -0.0,
                        -0.8594091730380362,
                        0.0,
                        0.0,
                        0.0,
                        0.0
                    ],
                    [
                        0.0,
                        -0.0,
                        0.9481409724059963,
                        -0.9829498167295136,
                        0.6171099170906804,
                        0.0,
                        0.0,
                        0.0
                    ],
                    [
                        -0.7456246339589695,
                        -0.6344712336181153,
                        -0.9722914783544534,
                        0.6861124665716186,
                        -0.7181094030831696,
                        -0.8484651046970773,
                        0.0,
                        0.0
                    ],
                    [
                        -0.683236059317955,
                        0.6606149360902871,
                        -0.621652119226279,
                        0.8533846202872087,
                        -0.9430998248944664,
                        0.0,
                        0.0,
                        0.0
                    ]
                ]
            },
            "est_params": {
                "mui": [
                    0.9999980969272553,
                    -0.044704589603684286,
                    -0.8810078164027763,
                    -1.3633772016099797,
                    2.039588502633374,
                    1.7915544962745202,
                    -3.8248838973118224,
                    -3.2353353879499567
                ],
                "Si": [
                    [
                        1.0121503346124843e-06,
                        -2.1791566661279727e-06,
                        2.8308108587824e-06,
                        6.923904139274149e-07,
                        -2.995052209769104e-06,
                        5.270369684928738e-07,
                        2.886545905632587e-07,
                        -1.6463959595926447e-06
                    ],
                    [
                        -2.1791566661279727e-06,
                        1.015669063252056,
                        -0.8285973636763453,
                        -0.5696218490386691,
                        1.4745336559926792,
                        0.65914260496781,
                        -1.8227924397722322,
                        -0.7060150023871832
                    ],
                    [
                        2.8308108587824004e-06,
                        -0.8285973636763453,
                        1.6412685839032934,
                        1.1619314651262251,
                        -1.8011756091246331,
                        -0.6714091595695618,
                        1.5877582568519237,
                        1.1233681507853743
                    ],
                    [
                        6.923904139274149e-07,
                        -0.5696218490386691,
                        1.1619314651262251,
                        1.804725652059145,
                        -2.077369345027903,
                        -1.9732010149960346,
                        3.6568347041102567,
                        2.401716408910281
                    ],
                    [
                        -2.995052209769104e-06,
                        1.4745336559926792,
                        -1.8011756091246327,
                        -2.077369345027903,
                        4.231105704642402,
                        2.931481069087318,
                        -6.166528989398135,
                        -3.665003909772407
                    ],
                    [
                        5.270369684928733e-07,
                        0.65914260496781,
                        -0.6714091595695617,
                        -1.9732010149960346,
                        2.931481069087318,
                        4.158080070121142,
                        -6.764123996517374,
                        -3.5974951058092524
                    ],
                    [
                        2.8865459056326014e-07,
                        -1.8227924397722322,
                        1.5877582568519242,
                        3.6568347041102562,
                        -6.166528989398136,
                        -6.764123996517374,
                        13.308416317962134,
                        6.763135036666397
                    ],
                    [
                        -1.6463959595926455e-06,
                        -0.7060150023871832,
                        1.1233681507853743,
                        2.401716408910281,
                        -3.665003909772407,
                        -3.5974951058092524,
                        6.763135036666397,
                        5.297809389584667
                    ]
                ]
            },
            "est_tgt": [
                0
            ],
            "oracle_est_tgt": [
                0,
                3,
                6,
                7
            ],
            "intv_base_est_tgt": [
                0,
                2,
                3,
                4,
                6,
                7
            ]
        },
        "1": {
            "intv_type": "do",
            "inode": 1,
            "new_mui": 1.0,
            "new_vari": null,
            "true_params": {
                "Si": [
                    [
                        1.0,
                        0.0,
                        -0.9241075868773563,
                        -1.408034843064259,
                        2.1297327714157266,
                        1.822122538902792,
                        -3.888581481298093,
                        -3.318908503236294
                    ],
                    [
                        0.0,
                        1e-09,
                        -8.845251325187052e-10,
                        -6.297650904346899e-10,
                        1.5030947141178926e-09,
                        7.079476153703288e-10,
                        -1.8865999599665777e-09,
                        -7.445183450256847e-10
                    ],
                    [
                        -0.9241075868773563,
                        -8.845251325187052e-10,
                        1.8539748329066752,
                        2.0131566839480706,
                        -2.5799852178453584,
                        -1.8131369565259023,
                        3.6587804310645318,
                        3.630036801080907
                    ],
                    [
                        -1.408034843064259,
                        -6.297650904346899e-10,
                        2.0131566839480706,
                        3.4894790673551217,
                        -4.293796197354574,
                        -4.170970689167796,
                        8.109003973135138,
                        6.737883268983339
                    ],
                    [
                        2.1297327714157266,
                        1.5030947141178926e-09,
                        -2.5799852178453584,
                        -4.293796197354574,
                        6.648746617712658,
                        5.877403966036168,
                        -11.786810313689,
                        -9.785948355305957
                    ],
                    [
                        1.822122538902792,
                        7.079476153703288e-10,
                        -1.8131369565259023,
                        -4.170970689167796,
                        5.877403966036168,
                        7.007749711624957,
                        -12.623926973663798,
                        -9.220220280142165
                    ],
                    [
                        -3.888581481298093,
                        -1.8865999599665777e-09,
                        3.6587804310645318,
                        8.109003973135138,
                        -11.786810313689,
                        -12.623926973663798,
                        25.080890667977904,
                        18.41856849704344
                    ],
                    [
                        -3.318908503236294,
                        -7.445183450256847e-10,
                        3.630036801080907,
                        6.737883268983339,
                        -9.785948355305957,
                        -9.220220280142165,
                        18.41856849704344,
                        15.99011003159107
                    ]
                ],
                "mui": [
                    0.0,
                    1.0,
                    -0.8845251325187051,
                    -0.6297650904346899,
                    1.5030947141178925,
                    0.7079476153703288,
                    -1.8865999599665777,
                    -0.7445183450256846
                ],
                "Ai": [
                    [
                        0.0,
                        0.0,
                        0.0,
                        0.0,
                        0.0,
                        0.0,
                        0.0,
                        0.0
                    ],
                    [
                        0.0,
                        0.0,
                        0.0,
                        0.0,
                        0.0,
                        0.0,
                        0.0,
                        0.0
                    ],
                    [
                        -0.9241075868773563,
                        -0.8845251325187051,
                        0.0,
                        0.0,
                        0.0,
                        0.0,
                        0.0,
                        0.0
                    ],
                    [
                        -0.7500877971007072,
                        -0.0,
                        0.711981002327678,
                        0.0,
                        0.0,
                        0.0,
                        0.0,
                        0.0
                    ],
                    [
                        0.9196547113291306,
                        0.9618688185391917,
                        -0.0,
                        -0.8594091730380362,
                        0.0,
                        0.0,
                        0.0,
                        0.0
                    ],
                    [
                        0.0,
                        -0.0,
                        0.9481409724059963,
                        -0.9829498167295136,
                        0.6171099170906804,
                        0.0,
                        0.0,
                        0.0
                    ],
                    [
                        -0.7456246339589695,
                        -0.6344712336181153,
                        -0.9722914783544534,
                        0.6861124665716186,
                        -0.7181094030831696,
                        -0.8484651046970773,
                        0.0,
                        0.0
                    ],
                    [
                        -0.683236059317955,
                        0.6606149360902871,
                        -0.621652119226279,
                        0.8533846202872087,
                        -0.9430998248944664,
                        0.0,
                        0.0,
                        0.0
                    ]
                ]
            },
            "est_params": {
                "mui": [
                    0.009937410884410476,
                    0.9999989805933471,
                    -0.8905378309964742,
                    -0.6756929766354512,
                    1.5256116485288802,
                    0.7461808168895911,
                    -1.9456188139057422,
                    -0.766219544334712
                ],
                "Si": [
                    [
                        1.0306866562974244,
                        -2.0451544052444414e-06,
                        -0.9843541906275445,
                        -1.4525745461357311,
                        2.1972309381142145,
                        1.8190121580969416,
                        -3.9098397395227664,
                        -3.3841547768494133
                    ],
                    [
                        -2.0451544052444414e-06,
                        1.0174802184207094e-06,
                        -3.664405693908548e-07,
                        -2.682774142535569e-06,
                        2.770331559466134e-07,
                        1.7257957442414174e-06,
                        2.8050655927857126e-06,
                        -2.2845001740755667e-06
                    ],
                    [
                        -0.9843541906275445,
                        -3.664405693908553e-07,
                        1.9714523564854434,
                        2.072479153305265,
                        -2.6346225323628616,
                        -1.7536871785890695,
                        3.570061072477082,
                        3.6789364334926247
                    ],
                    [
                        -1.452574546135731,
                        -2.682774142535569e-06,
                        2.0724791533052653,
                        3.481050492839473,
                        -4.307374321264163,
                        -4.031667689652934,
                        7.912758006359464,
                        6.704180864130087
                    ],
                    [
                        2.1972309381142145,
                        2.770331559466134e-07,
                        -2.6346225323628616,
                        -4.307374321264163,
                        6.695721539721698,
                        5.739714104097846,
                        -11.633040258703392,
                        -9.8113403100908
                    ],
                    [
                        1.8190121580969416,
                        1.7257957442414182e-06,
                        -1.753687178589069,
                        -4.031667689652935,
                        5.739714104097847,
                        6.759434922621723,
                        -12.209740245734192,
                        -8.934788343225142
                    ],
                    [
                        -3.9098397395227664,
                        2.805065592785711e-06,
                        3.5700610724770816,
                        7.912758006359464,
                        -11.633040258703392,
                        -12.209740245734192,
                        24.406696737956178,
                        18.1211430450697
                    ],
                    [
                        -3.3841547768494133,
                        -2.284500174075565e-06,
                        3.6789364334926247,
                        6.704180864130084,
                        -9.8113403100908,
                        -8.934788343225142,
                        18.1211430450697,
                        15.957225181157087
                    ]
                ]
            },
            "est_tgt": [
                1
            ],
            "oracle_est_tgt": [
                1
            ],
            "intv_base_est_tgt": [
                1,
                2,
                3,
                4,
                6,
                7
            ]
        },
        "2": {
            "intv_type": "do",
            "inode": 2,
            "new_mui": 1.0,
            "new_vari": null,
            "true_params": {
                "Si": [
                    [
                        1.0,
                        0.0,
                        0.0,
                        -0.7500877971007072,
                        1.5642870447413717,
                        1.702635711177558,
                        -3.8282254454682185,
                        -2.7986282872090804
                    ],
                    [
                        0.0,
                        1.0,
                        0.0,
                        0.0,
                        0.9618688185391917,
                        0.5935787868608313,
                        -1.828829164283447,
                        -0.24652337824547188
                    ],
                    [
                        0.0,
                        0.0,
                        1e-09,
                        7.11981002327678e-10,
                        -6.11883004429222e-10,
                        -1.2929969347940388e-10,
                        6.531278033743053e-11,
                        5.63008272429932e-10
                    ],
                    [
                        -0.7500877971007072,
                        0.0,
                        7.11981002327678e-10,
                        1.5626317038663085,
                        -2.0327617968969163,
                        -2.7904260102042158,
                        5.458749488618059,
                        3.7631101881493145
                    ],
                    [
                        1.5642870447413717,
                        0.9618688185391917,
                        -6.11883004429222e-10,
                        -2.0327617968969163,
                        5.110769709499997,
                        5.152009506833533,
                        -11.212744331846409,
                        -6.988046079908946
                    ],
                    [
                        1.702635711177558,
                        0.5935787868608313,
                        -1.2929969347940388e-10,
                        -2.7904260102042158,
                        5.152009506833533,
                        6.922204894817346,
                        -13.133637639029333,
                        -8.011341006238988
                    ],
                    [
                        -3.8282254454682185,
                        -1.828829164283447,
                        6.531278033743053e-11,
                        5.458749488618059,
                        -11.212744331846409,
                        -13.133637639029333,
                        27.95548514191707,
                        16.64057988155675
                    ],
                    [
                        -2.7986282872090804,
                        -0.24652337824547188,
                        5.63008272429932e-10,
                        3.7631101881493145,
                        -6.988046079908946,
                        -8.011341006238988,
                        16.64057988155675,
                        12.55107212966342
                    ]
                ],
                "mui": [
                    0.0,
                    0.0,
                    1.0,
                    0.711981002327678,
                    -0.6118830044292219,
                    -0.12929969347940387,
                    0.06531278033743053,
                    0.563008272429932
                ],
                "Ai": [
                    [
                        0.0,
                        0.0,
                        0.0,
                        0.0,
                        0.0,
                        0.0,
                        0.0,
                        0.0
                    ],
                    [
                        -0.0,
                        0.0,
                        0.0,
                        0.0,
                        0.0,
                        0.0,
                        0.0,
                        0.0
                    ],
                    [
                        0.0,
                        0.0,
                        0.0,
                        0.0,
                        0.0,
                        0.0,
                        0.0,
                        0.0
                    ],
                    [
                        -0.7500877971007072,
                        -0.0,
                        0.711981002327678,
                        0.0,
                        0.0,
                        0.0,
                        0.0,
                        0.0
                    ],
                    [
                        0.9196547113291306,
                        0.9618688185391917,
                        -0.0,
                        -0.8594091730380362,
                        0.0,
                        0.0,
                        0.0,
                        0.0
                    ],
                    [
                        0.0,
                        -0.0,
                        0.9481409724059963,
                        -0.9829498167295136,
                        0.6171099170906804,
                        0.0,
                        0.0,
                        0.0
                    ],
                    [
                        -0.7456246339589695,
                        -0.6344712336181153,
                        -0.9722914783544534,
                        0.6861124665716186,
                        -0.7181094030831696,
                        -0.8484651046970773,
                        0.0,
                        0.0
                    ],
                    [
                        -0.683236059317955,
                        0.6606149360902871,
                        -0.621652119226279,
                        0.8533846202872087,
                        -0.9430998248944664,
                        0.0,
                        0.0,
                        0.0
                    ]
                ]
            },
            "est_params": {
                "mui": [
                    -0.01690320509343064,
                    0.02366327867670005,
                    1.0000039195873047,
                    0.7463875639858895,
                    -0.6424139662351716,
                    -0.18488549850879044,
                    0.18443634907745085,
                    0.6791327656174196
                ],
                "Si": [
                    [
                        1.0031398559066826,
                        -0.013535022321702148,
                        -1.91006305050922e-06,
                        -0.7495944490890364,
                        1.5529983226289643,
                        1.7078374070138969,
                        -3.834932530733404,
                        -2.7773361485392964
                    ],
                    [
                        -0.013535022321702148,
                        1.019580259665938,
                        -1.2618486573458617e-06,
                        0.03687288575125666,
                        0.9602244225823263,
                        0.48770488579158566,
                        -1.717598568127631,
                        -0.1891845473626542
                    ],
                    [
                        -1.9100630505092194e-06,
                        -1.2618486573458617e-06,
                        1.0092883349094913e-06,
                        1.7963412953011639e-06,
                        -3.527104786450108e-06,
                        -2.412964142519695e-06,
                        7.36574794128279e-06,
                        4.036967448295174e-06
                    ],
                    [
                        -0.7495944490890363,
                        0.03687288575125667,
                        1.7963412953011632e-06,
                        1.4968818463148879,
                        -1.9331958418124415,
                        -2.6586210261585217,
                        5.2038060750416575,
                        3.6399798001531463
                    ],
                    [
                        1.5529983226289643,
                        0.9602244225823263,
                        -3.527104786450108e-06,
                        -1.9331958418124413,
                        4.995053751666585,
                        4.850291053559337,
                        -10.799837250964663,
                        -6.766049993455066
                    ],
                    [
                        1.7078374070138969,
                        0.48770488579158566,
                        -2.4129641425196947e-06,
                        -2.6586210261585217,
                        4.850291053559337,
                        6.543839106117625,
                        -12.46980651335474,
                        -7.658337826992962
                    ],
                    [
                        -3.834932530733404,
                        -1.7175985681276311,
                        7.36574794128279e-06,
                        5.2038060750416575,
                        -10.799837250964664,
                        -12.469806513354738,
                        26.88101087462947,
                        16.046276682520386
                    ],
                    [
                        -2.7773361485392964,
                        -0.1891845473626542,
                        4.036967448295174e-06,
                        3.6399798001531463,
                        -6.766049993455068,
                        -7.6583378269929625,
                        16.046276682520386,
                        12.272756269234323
                    ]
                ]
            },
            "est_tgt": [
                2
            ],
            "oracle_est_tgt": [
                0,
                2,
                3,
                7
            ],
            "intv_base_est_tgt": []
        },
        "3": {
            "intv_type": "do",
            "inode": 3,
            "new_mui": 1.0,
            "new_vari": null,
            "true_params": {
                "Si": [
                    [
                        1.0,
                        0.0,
                        -0.9241075868773563,
                        0.0,
                        0.9196547113291306,
                        -0.3086562233692819,
                        -0.24565136307418267,
                        -0.9760888167604377
                    ],
                    [
                        0.0,
                        1.0,
                        -0.8845251325187051,
                        0.0,
                        0.9618688185391917,
                        -0.24507573240299652,
                        -0.2572438210533059,
                        0.30334354489368653
                    ],
                    [
                        -0.9241075868773563,
                        -0.8845251325187051,
                        2.6363595421815234,
                        0.0,
                        -1.7006570402307433,
                        1.4501481748393408,
                        -1.3222090945240859,
                        0.012043972562401084
                    ],
                    [
                        0.0,
                        0.0,
                        0.0,
                        1e-09,
                        -8.594091730380362e-10,
                        -1.5132997402499864e-09,
                        2.587244297375428e-09,
                        1.663893260892079e-09
                    ],
                    [
                        0.9196547113291306,
                        0.9618688185391917,
                        -1.7006570402307433,
                        -8.594091730380362e-10,
                        2.770956412886431,
                        0.09752206320951018,
                        -1.7150548793492653,
                        -1.548987808195464
                    ],
                    [
                        -0.3086562233692819,
                        -0.24507573240299652,
                        1.4501481748393408,
                        -1.5132997402499864e-09,
                        0.09752206320951018,
                        2.435126734454184,
                        -3.160483098247519,
                        -0.9444763556685549
                    ],
                    [
                        -0.24565136307418267,
                        -0.2572438210533059,
                        -1.3222090945240859,
                        2.587244297375428e-09,
                        -1.7150548793492653,
                        -3.160483098247519,
                        6.545106807654007,
                        2.4373208031459024
                    ],
                    [
                        -0.9760888167604377,
                        0.30334354489368653,
                        0.012043972562401084,
                        1.663893260892079e-09,
                        -1.548987808195464,
                        -0.9444763556685549,
                        2.4373208031459024,
                        3.320655324256497
                    ]
                ],
                "mui": [
                    0.0,
                    0.0,
                    0.0,
                    1.0,
                    -0.8594091730380362,
                    -1.5132997402499864,
                    2.5872442973754275,
                    1.663893260892079
                ],
                "Ai": [
                    [
                        0.0,
                        0.0,
                        0.0,
                        0.0,
                        0.0,
                        0.0,
                        0.0,
                        0.0
                    ],
                    [
                        -0.0,
                        0.0,
                        0.0,
                        0.0,
                        0.0,
                        0.0,
                        0.0,
                        0.0
                    ],
                    [
                        -0.9241075868773563,
                        -0.8845251325187051,
                        0.0,
                        0.0,
                        0.0,
                        0.0,
                        0.0,
                        0.0
                    ],
                    [
                        0.0,
                        0.0,
                        0.0,
                        0.0,
                        0.0,
                        0.0,
                        0.0,
                        0.0
                    ],
                    [
                        0.9196547113291306,
                        0.9618688185391917,
                        -0.0,
                        -0.8594091730380362,
                        0.0,
                        0.0,
                        0.0,
                        0.0
                    ],
                    [
                        0.0,
                        -0.0,
                        0.9481409724059963,
                        -0.9829498167295136,
                        0.6171099170906804,
                        0.0,
                        0.0,
                        0.0
                    ],
                    [
                        -0.7456246339589695,
                        -0.6344712336181153,
                        -0.9722914783544534,
                        0.6861124665716186,
                        -0.7181094030831696,
                        -0.8484651046970773,
                        0.0,
                        0.0
                    ],
                    [
                        -0.683236059317955,
                        0.6606149360902871,
                        -0.621652119226279,
                        0.8533846202872087,
                        -0.9430998248944664,
                        0.0,
                        0.0,
                        0.0
                    ]
                ]
            },
            "est_params": {
                "mui": [
                    0.03017570227904895,
                    -0.027066262691640003,
                    0.018174802044530695,
                    1.0000001522086854,
                    -0.8711237598936732,
                    -1.5152964666698436,
                    2.5710477934471374,
                    1.6414777667730567
                ],
                "Si": [
                    [
                        0.9848416961906951,
                        -0.034375774839269416,
                        -0.874865291159345,
                        2.315527230363467e-06,
                        0.8776518967557777,
                        -0.32020647854047457,
                        -0.17278665286908407,
                        -0.965017193231624
                    ],
                    [
                        -0.03437577483926941,
                        1.0368918103318285,
                        -0.8703557716579787,
                        -3.854680692736761e-07,
                        0.9579038858540455,
                        -0.23618916904537468,
                        -0.2661542943858017,
                        0.3312340537057292
                    ],
                    [
                        -0.874865291159345,
                        -0.8703557716579787,
                        2.5671399534017656,
                        -8.840271215878284e-07,
                        -1.6551085379251749,
                        1.434390463973064,
                        -1.3718259308349738,
                        -0.01317671947065304
                    ],
                    [
                        2.3155272303634673e-06,
                        -3.854680692736759e-07,
                        -8.840271215878284e-07,
                        1.006897375233615e-06,
                        2.6266796259872134e-06,
                        5.70547110860033e-07,
                        -5.096895498381476e-06,
                        -4.160290032616339e-06
                    ],
                    [
                        0.8776518967557778,
                        0.9579038858540455,
                        -1.6551085379251749,
                        2.6266796259872125e-06,
                        2.7338735067923605,
                        0.05675478757934125,
                        -1.5968331798194113,
                        -1.5689079536396455
                    ],
                    [
