{
    "expt_args": {
        "save_dir": "all_expt_logs/expt_logs_11.05.24-main_plus_oracle_donoisepert-corr-js2",
        "exp_name": "205",
        "num_nodes": 6,
        "obs_noise_mean": 0.0,
        "obs_noise_var": 1.0,
        "max_edge_strength": 1.0,
        "graph_sparsity_method": "adj_dense_prop",
        "adj_dense_prop": 0.8,
        "num_parents": null,
        "new_noise_mean": 1.0,
        "mix_samples": 32768,
        "stage2_samples": 32768,
        "gmm_tol": 0.001,
        "intv_type": "do",
        "new_noise_var": null,
        "intv_targets": [
            0,
            1,
            2,
            3,
            4,
            5
        ]
    },
    "intv_args_dict": {
        "0": {
            "intv_type": "do",
            "inode": 0,
            "new_mui": 1.0,
            "new_vari": null,
            "true_params": {
                "Si": [
                    [
                        1e-09,
                        -9.646223891458936e-10,
                        -1.4783491745641185e-09,
                        7.924156202958521e-10,
                        -9.160942157858118e-10,
                        -8.78667039657938e-10
                    ],
                    [
                        -9.646223891458936e-10,
                        1.0000000009304963,
                        0.6832906181257041,
                        -0.5856225133060353,
                        1.2089420479520825,
                        0.17412895311108761
                    ],
                    [
                        -1.4783491745641185e-09,
                        0.6832906181257041,
                        1.4668860690553116,
                        0.20606701842894437,
                        1.6840656957061846,
                        0.343476595464554
                    ],
                    [
                        7.924156202958521e-10,
                        -0.5856225133060353,
                        0.20606701842894437,
                        1.7104532485467985,
                        -0.18784495589594277,
                        -0.6933387086645914
                    ],
                    [
                        -9.160942157858118e-10,
                        1.2089420479520825,
                        1.6840656957061846,
                        -0.18784495589594277,
                        3.197716778732412,
                        0.4031308652987346
                    ],
                    [
                        -8.78667039657938e-10,
                        0.17412895311108761,
                        0.343476595464554,
                        -0.6933387086645914,
                        0.4031308652987346,
                        1.609914742097883
                    ]
                ],
                "mui": [
                    1.0,
                    -0.9646223891458936,
                    -1.4783491745641184,
                    0.792415620295852,
                    -0.9160942157858117,
                    -0.878667039657938
                ],
                "Ai": [
                    [
                        0.0,
                        0.0,
                        0.0,
                        0.0,
                        0.0,
                        0.0
                    ],
                    [
                        -0.9646223891458936,
                        0.0,
                        0.0,
                        0.0,
                        0.0,
                        0.0
                    ],
                    [
                        -0.8192317474023258,
                        0.6832906166996554,
                        0.0,
                        0.0,
                        0.0,
                        0.0
                    ],
                    [
                        0.7241435626532392,
                        -0.9998451649968585,
                        0.6062173873481994,
                        0.0,
                        0.0,
                        0.0
                    ],
                    [
                        0.9529848726519319,
                        0.6226739576412532,
                        0.8580069374563681,
                        -0.0,
                        0.0,
                        0.0
                    ],
                    [
                        -0.0,
                        -0.7066125644345648,
                        0.6654937246954651,
                        -0.7274582004920009,
                        0.0,
                        0.0
                    ]
                ]
            },
            "est_params": {
                "mui": [
                    0.9999999965164611,
                    -0.9552671973698768,
                    -1.468626886278893,
                    0.8006738829824754,
                    -0.9094890650706344,
                    -0.9010065015399636
                ],
                "Si": [
                    [
                        1.007669181102576e-06,
                        -6.906489071949626e-08,
                        -3.0847834333998896e-07,
                        1.623671228535574e-06,
                        -9.318837896226122e-07,
                        -1.5221962036270726e-06
                    ],
                    [
                        -6.906489071949646e-08,
                        1.0141867568801455,
                        0.683738163674265,
                        -0.613937693075427,
                        1.2161584119946947,
                        0.17556862894508635
                    ],
                    [
                        -3.0847834333998896e-07,
                        0.683738163674265,
                        1.4516839508667687,
                        0.16268747987122942,
                        1.657682117700825,
                        0.3482627783208525
                    ],
                    [
                        1.623671228535574e-06,
                        -0.613937693075427,
                        0.16268747987122942,
                        1.7020367228197788,
                        -0.2218385997207535,
                        -0.6782067268609878
                    ],
                    [
                        -9.318837896226118e-07,
                        1.2161584119946947,
                        1.657682117700825,
                        -0.2218385997207535,
                        3.1430758103621526,
                        0.38078976919130963
                    ],
                    [
                        -1.522196203627073e-06,
                        0.17556862894508635,
                        0.3482627783208525,
                        -0.6782067268609878,
                        0.38078976919130963,
                        1.6116643101196533
                    ]
                ]
            },
            "est_tgt": [
                0,
                1,
                2,
                3,
                5
            ],
            "oracle_est_tgt": [
                0
            ],
            "intv_base_est_tgt": [
                0,
                2,
                3,
                4,
                5
            ]
        },
        "1": {
            "intv_type": "do",
            "inode": 1,
            "new_mui": 1.0,
            "new_vari": null,
            "true_params": {
                "Si": [
                    [
                        1.0,
                        0.0,
                        -0.8192317474023258,
                        0.2275110331103012,
                        0.2500783499962333,
                        -0.7106983537060441
                    ],
                    [
                        0.0,
                        1e-09,
                        6.832906166996554e-10,
                        -5.856225125416535e-10,
                        1.2089420470683977e-09,
                        1.7412895226350574e-10
                    ],
                    [
                        -0.8192317474023258,
                        6.832906166996554e-10,
                        1.6711406564187543,
                        0.4198331257397886,
                        0.6531348146275222,
                        0.8067225692897211
                    ],
                    [
                        0.2275110331103012,
                        -5.856225125416535e-10,
                        0.4198331257397886,
                        1.4192607912531472,
                        0.5770343070096082,
                        -0.7530565902209482
                    ],
                    [
                        0.2500783499962333,
                        1.2089420470683977e-09,
                        0.6531348146275222,
                        0.5770343070096082,
                        1.7987150873216353,
                        0.01488878106113981
                    ],
                    [
                        -0.7106983537060441,
                        1.7412895226350574e-10,
                        0.8067225692897211,
                        -0.7530565902209482,
                        0.01488878106113981,
                        2.0846859993002433
                    ]
                ],
                "mui": [
                    0.0,
                    1.0,
                    0.6832906166996554,
                    -0.5856225125416534,
                    1.2089420470683976,
                    0.17412895226350572
                ],
                "Ai": [
                    [
                        0.0,
                        0.0,
                        0.0,
                        0.0,
                        0.0,
                        0.0
                    ],
                    [
                        0.0,
                        0.0,
                        0.0,
                        0.0,
                        0.0,
                        0.0
                    ],
                    [
                        -0.8192317474023258,
                        0.6832906166996554,
                        0.0,
                        0.0,
                        0.0,
                        0.0
                    ],
                    [
                        0.7241435626532392,
                        -0.9998451649968585,
                        0.6062173873481994,
                        0.0,
                        0.0,
                        0.0
                    ],
                    [
                        0.9529848726519319,
                        0.6226739576412532,
                        0.8580069374563681,
                        -0.0,
                        0.0,
                        0.0
                    ],
                    [
                        -0.0,
                        -0.7066125644345648,
                        0.6654937246954651,
                        -0.7274582004920009,
                        0.0,
                        0.0
                    ]
                ]
            },
            "est_params": {
                "mui": [
                    0.007395744667143991,
                    0.9999974914614157,
                    0.6857108653399039,
                    -0.5854476402026108,
                    1.2093377229633016,
                    0.1665169799741396
                ],
                "Si": [
                    [
                        0.9847296778223394,
                        3.1189757739703963e-07,
                        -0.7955269504484997,
                        0.22763470094719482,
                        0.24155825608092496,
                        -0.6960241777993865
                    ],
                    [
                        3.1189757739703984e-07,
                        1.0158808494708084e-06,
                        9.16735799434666e-07,
                        1.5304573360292405e-07,
                        -5.321825619627525e-07,
                        7.252124324489642e-07
                    ],
                    [
                        -0.7955269504484995,
                        9.167357994346653e-07,
                        1.651000762823008,
                        0.43657253102011323,
                        0.654815212046177,
                        0.7750561685531099
                    ],
                    [
                        0.22763470094719487,
                        1.530457336029243e-07,
                        0.43657253102011323,
                        1.44925952321015,
                        0.5772015501107289,
                        -0.768384021268754
                    ],
                    [
                        0.24155825608092496,
                        -5.321825619627521e-07,
                        0.654815212046177,
                        0.5772015501107289,
                        1.751765833716496,
                        0.04118465389480261
                    ],
                    [
                        -0.6960241777993865,
                        7.252124324489645e-07,
                        0.7750561685531099,
                        -0.768384021268754,
                        0.04118465389480261,
                        2.091248894980999
                    ]
                ]
            },
            "est_tgt": [
                0,
                1,
                2,
                3,
                5
            ],
            "oracle_est_tgt": [
                1
            ],
            "intv_base_est_tgt": [
                1,
                2,
                3,
                4,
                5
            ]
        },
        "2": {
            "intv_type": "do",
            "inode": 2,
            "new_mui": 1.0,
            "new_vari": null,
            "true_params": {
                "Si": [
                    [
                        1.0,
                        -0.9646223891458936,
                        0.0,
                        1.688616594488479,
                        0.35233963197309726,
                        -0.5467836890421433
                    ],
                    [
                        -0.9646223891458936,
                        1.9304963536415318,
                        0.0,
                        -2.6287225387237374,
                        0.28279926005657924,
                        0.5481727885345153
                    ],
                    [
                        0.0,
                        0.0,
                        1e-09,
                        6.062173873481994e-10,
                        8.580069374563682e-10,
                        2.2449591498818166e-10
                    ],
                    [
                        1.688616594488479,
                        -2.6287225387237374,
                        6.062173873481994e-10,
                        4.851116357516963,
                        -0.027610995951191517,
                        -1.6714960011386464
                    ],
                    [
                        0.35233963197309726,
                        0.28279926005657924,
                        8.580069374563682e-10,
                        -0.027610995951191517,
                        1.5118660745197348,
                        -0.17974366436933295
                    ],
                    [
                        -0.5467836890421433,
                        0.5481727885345153,
                        2.2449591498818166e-10,
                        -1.6714960011386464,
                        -0.17974366436933295,
                        1.8285976934076758
                    ]
                ],
                "mui": [
                    0.0,
                    0.0,
                    1.0,
                    0.6062173873481994,
                    0.8580069374563681,
                    0.22449591498818164
                ],
                "Ai": [
                    [
                        0.0,
                        0.0,
                        0.0,
                        0.0,
                        0.0,
                        0.0
                    ],
                    [
                        -0.9646223891458936,
                        0.0,
                        0.0,
                        0.0,
                        0.0,
                        0.0
                    ],
                    [
                        0.0,
                        0.0,
                        0.0,
                        0.0,
                        0.0,
                        0.0
                    ],
                    [
                        0.7241435626532392,
                        -0.9998451649968585,
                        0.6062173873481994,
                        0.0,
                        0.0,
                        0.0
                    ],
                    [
                        0.9529848726519319,
                        0.6226739576412532,
                        0.8580069374563681,
                        -0.0,
                        0.0,
                        0.0
                    ],
                    [
                        -0.0,
                        -0.7066125644345648,
                        0.6654937246954651,
                        -0.7274582004920009,
                        0.0,
                        0.0
                    ]
                ]
            },
            "est_params": {
                "mui": [
                    0.011299767530063363,
                    -0.00694614050043562,
                    0.9999998192769135,
                    0.6160971673464358,
                    0.8633670970634709,
                    0.237135966051997
                ],
                "Si": [
                    [
                        0.9480610878971126,
                        -0.93640716151779,
                        2.1853008588682047e-07,
                        1.6157183450565173,
                        0.31256742300699997,
                        -0.48929545526848156
                    ],
                    [
                        -0.93640716151779,
                        1.9100827921982395,
                        4.867596484207603e-08,
                        -2.5762144263503153,
                        0.30157923334252407,
                        0.4953280912514799
                    ],
                    [
                        2.1853008588682047e-07,
                        4.867596484207603e-08,
                        1.0077435194987812e-06,
                        1.7182489278133721e-06,
                        1.3806947808486125e-06,
                        -2.3463359959256297e-06
                    ],
                    [
                        1.6157183450565173,
                        -2.5762144263503153,
                        1.7182489278133713e-06,
                        4.739408497885785,
                        -0.05769569785480202,
                        -1.5870732442500664
                    ],
                    [
                        0.31256742300699997,
                        0.3015792333425241,
                        1.3806947808486125e-06,
                        -0.057695697854802046,
                        1.5031306208696877,
                        -0.1651044640152239
                    ],
                    [
                        -0.48929545526848156,
                        0.4953280912514799,
                        -2.3463359959256297e-06,
                        -1.5870732442500664,
                        -0.1651044640152239,
                        1.787527214798478
                    ]
                ]
            },
            "est_tgt": [
                0,
                1,
                2,
                3,
                5
            ],
            "oracle_est_tgt": [
                2
            ],
            "intv_base_est_tgt": []
        },
        "3": {
            "intv_type": "do",
            "inode": 3,
            "new_mui": 1.0,
            "new_vari": null,
            "true_params": {
                "Si": [
                    [
                        1.0,
                        -0.9646223891458936,
                        -1.4783491745641184,
                        0.0,
                        -0.9160942157858117,
                        -0.30221779847576485
                    ],
                    [
                        -0.9646223891458936,
                        1.9304963536415318,
                        2.109339329459555,
                        0.0,
                        2.092627038182441,
                        0.039639107930454776
                    ],
                    [
                        -1.4783491745641184,
                        2.109339329459555,
                        3.652402348804206,
                        0.0,
                        3.0383728220817954,
                        0.9401651703400745
                    ],
                    [
                        0.0,
                        0.0,
                        0.0,
                        1e-09,
                        0.0,
                        -7.27458200492001e-10
                    ],
                    [
                        -0.9160942157858117,
                        2.092627038182441,
                        3.0383728220817954,
                        0.0,
                        4.0369453900894054,
                        0.543341488525483
                    ],
                    [
                        -0.30221779847576485,
                        0.039639107930454776,
                        0.9401651703400745,
                        -7.27458200492001e-10,
                        0.543341488525483,
                        1.5976645298611207
                    ]
                ],
                "mui": [
                    0.0,
                    0.0,
                    0.0,
                    1.0,
                    0.0,
                    -0.7274582004920009
                ],
                "Ai": [
                    [
                        0.0,
                        0.0,
                        0.0,
                        0.0,
                        0.0,
                        0.0
                    ],
                    [
                        -0.9646223891458936,
                        0.0,
                        0.0,
                        0.0,
                        0.0,
                        0.0
                    ],
                    [
                        -0.8192317474023258,
                        0.6832906166996554,
                        0.0,
                        0.0,
                        0.0,
                        0.0
                    ],
                    [
                        0.0,
                        0.0,
                        0.0,
                        0.0,
                        0.0,
                        0.0
                    ],
                    [
                        0.9529848726519319,
                        0.6226739576412532,
                        0.8580069374563681,
                        -0.0,
                        0.0,
                        0.0
                    ],
                    [
                        -0.0,
                        -0.7066125644345648,
                        0.6654937246954651,
                        -0.7274582004920009,
                        0.0,
                        0.0
                    ]
                ]
            },
            "est_params": {
                "mui": [
                    -0.014624338385442852,
                    0.024333012672548372,
                    0.033657181434732716,
                    0.9999984602967413,
                    0.018888009057718196,
                    -0.7214135676887614
                ],
                "Si": [
                    [
                        1.0701264761650722,
                        -1.0423879968788488,
                        -1.5768017188451322,
                        -1.2203631563812779e-06,
                        -0.9739416258259795,
                        -0.30737551411344166
                    ],
                    [
                        -1.0423879968788488,
                        2.0301039832717476,
                        2.2357914691190697,
                        1.630118853421103e-06,
                        2.1655104322923737,
                        0.04676097607062254
                    ],
                    [
                        -1.5768017188451322,
                        2.2357914691190697,
                        3.8246463765831806,
                        1.4677949422758098e-06,
                        3.1649448562158193,
                        0.9314730810860935
                    ],
                    [
                        -1.2203631563812777e-06,
                        1.6301188534211034e-06,
                        1.4677949422758092e-06,
                        1.0096318987568753e-06,
                        5.94632691029627e-07,
                        1.6502612864054375e-06
                    ],
                    [
                        -0.9739416258259798,
                        2.1655104322923737,
                        3.1649448562158193,
                        5.94632691029627e-07,
                        4.150844317979634,
                        0.554156902408095
                    ],
                    [
                        -0.30737551411344166,
                        0.04676097607062254,
                        0.9314730810860935,
                        1.6502612864054375e-06,
                        0.554156902408095,
                        1.5543545897764905
                    ]
                ]
            },
            "est_tgt": [
                0,
                1,
                2,
                3,
                5
            ],
            "oracle_est_tgt": [
                3
            ],
            "intv_base_est_tgt": [
                0,
                2,
                3,
                4,
                5
            ]
        },
        "4": {
            "intv_type": "do",
            "inode": 4,
            "new_mui": 1.0,
            "new_vari": null,
            "true_params": {
                "Si": [
                    [
                        1.0,
                        -0.9646223891458936,
                        -1.4783491745641184,
                        0.792415620295852,
                        0.0,
                        -0.878667039657938
                    ],
                    [
                        -0.9646223891458936,
                        1.9304963536415318,
                        2.109339329459555,
                        -1.3500043613879633,
                        0.0,
                        1.0217108513220956
                    ],
                    [
                        -1.4783491745641184,
                        2.109339329459555,
                        3.652402348804206,
                        -0.9653999585756753,
                        0.0,
                        1.6424532869605875
                    ],
                    [
                        0.792415620295852,
                        -1.3500043613879633,
                        -0.9653999585756753,
                        2.3383757632077358,
                        0.0,
                        -1.3896081952323867
                    ],
                    [
                        0.0,
                        0.0,
                        0.0,
                        0.0,
                        1e-09,
                        0.0
                    ],
                    [
                        -0.878667039657938,
                        1.0217108513220956,
                        1.6424532869605875,
                        -1.3896081952323867,
                        0.0,
                        2.381970507907072
                    ]
                ],
                "mui": [
                    0.0,
                    0.0,
                    0.0,
                    0.0,
                    1.0,
                    0.0
                ],
                "Ai": [
                    [
                        0.0,
                        0.0,
                        0.0,
                        0.0,
                        0.0,
                        0.0
                    ],
                    [
                        -0.9646223891458936,
                        0.0,
                        0.0,
                        0.0,
                        0.0,
                        0.0
                    ],
                    [
                        -0.8192317474023258,
                        0.6832906166996554,
                        0.0,
                        0.0,
                        0.0,
                        0.0
                    ],
                    [
                        0.7241435626532392,
                        -0.9998451649968585,
                        0.6062173873481994,
                        0.0,
                        0.0,
                        0.0
                    ],
                    [
                        0.0,
                        0.0,
                        0.0,
                        0.0,
                        0.0,
                        0.0
                    ],
                    [
                        -0.0,
                        -0.7066125644345648,
                        0.6654937246954651,
                        -0.7274582004920009,
                        0.0,
                        0.0
                    ]
                ]
            },
            "est_params": {
                "mui": [
                    -0.010248055875451217,
                    -0.00989410667623965,
                    0.015404705265393545,
                    -0.008566141683605238,
                    1.000000076123919,
                    0.01466746134341708
                ],
                "Si": [
                    [
                        1.0293744623343595,
                        -0.9935172483250158,
                        -1.5230937657957033,
                        0.8230971834088971,
                        2.584447842556663e-07,
                        -0.8968164552717508
                    ],
                    [
                        -0.993517248325016,
                        1.9479304211590047,
                        2.1588395278246035,
                        -1.3694050131437765,
                        1.6282216668786848e-06,
                        1.0384270451021154
                    ],
                    [
                        -1.523093765795703,
                        2.1588395278246035,
                        3.722447930958934,
                        -1.0035326308681485,
                        -5.065268452116645e-07,
                        1.6715063936343055
                    ],
                    [
                        0.8230971834088971,
                        -1.3694050131437765,
                        -1.0035326308681485,
                        2.3755682085444008,
                        -2.160564542515039e-06,
                        -1.4247699570696963
                    ],
                    [
                        2.5844478425566606e-07,
                        1.628221666878685e-06,
                        -5.06526845211665e-07,
                        -2.1605645425150384e-06,
                        1.0127714708250477e-06,
                        -5.830051198509453e-07
                    ],
                    [
                        -0.8968164552717508,
                        1.0384270451021156,
                        1.6715063936343055,
                        -1.4247699570696963,
                        -5.830051198509451e-07,
                        2.421303744069044
                    ]
                ]
            },
            "est_tgt": [
                4
            ],
            "oracle_est_tgt": [
                4
            ],
            "intv_base_est_tgt": [
                2,
                3,
                4,
                5
            ]
        },
        "5": {
            "intv_type": "do",
            "inode": 5,
            "new_mui": 1.0,
            "new_vari": null,
            "true_params": {
                "Si": [
                    [
                        1.0,
                        -0.9646223891458936,
                        -1.4783491745641184,
                        0.792415620295852,
                        -0.9160942157858117,
                        0.0
                    ],
                    [
                        -0.9646223891458936,
                        1.9304963536415318,
                        2.109339329459555,
                        -1.3500043613879633,
                        2.092627038182441,
                        0.0
                    ],
                    [
                        -1.4783491745641184,
                        2.109339329459555,
                        3.652402348804206,
                        -0.9653999585756753,
                        3.0383728220817954,
                        0.0
                    ],
                    [
                        0.792415620295852,
                        -1.3500043613879633,
                        -0.9653999585756753,
                        2.3383757632077358,
                        -0.9137723214213715,
                        0.0
                    ],
                    [
                        -0.9160942157858117,
                        2.092627038182441,
                        3.0383728220817954,
                        -0.9137723214213715,
                        4.0369453900894054,
                        0.0
                    ],
                    [
                        0.0,
                        0.0,
                        0.0,
                        0.0,
                        0.0,
                        1e-09
                    ]
                ],
                "mui": [
                    0.0,
                    0.0,
                    0.0,
                    0.0,
                    0.0,
                    1.0
                ],
                "Ai": [
                    [
                        0.0,
                        0.0,
                        0.0,
                        0.0,
                        0.0,
                        0.0
                    ],
                    [
                        -0.9646223891458936,
                        0.0,
                        0.0,
                        0.0,
                        0.0,
                        0.0
                    ],
                    [
                        -0.8192317474023258,
                        0.6832906166996554,
                        0.0,
                        0.0,
                        0.0,
                        0.0
                    ],
                    [
                        0.7241435626532392,
                        -0.9998451649968585,
                        0.6062173873481994,
                        0.0,
                        0.0,
                        0.0
                    ],
                    [
                        0.9529848726519319,
                        0.6226739576412532,
                        0.8580069374563681,
                        -0.0,
                        0.0,
                        0.0
                    ],
                    [
                        0.0,
                        0.0,
                        0.0,
                        0.0,
                        0.0,
                        0.0
                    ]
                ]
            },
            "est_params": {
                "mui": [
                    0.0027702105802381613,
                    -0.015820861640772392,
                    0.009780557930254735,
                    -0.0025452949774012737,
                    0.02912104471206692,
                    0.9999984507659778
                ],
                "Si": [
                    [
                        0.9854356189006371,
                        -0.9702705037143536,
                        -1.4547268461452656,
                        0.7961727284221216,
                        -0.9077682868964551,
                        -2.5456131656168484e-07
                    ],
                    [
                        -0.9702705037143536,
                        1.9521172485309626,
                        2.1223815933294174,
                        -1.3726014310651826,
                        2.100386334041193,
                        -2.2925701221456496e-06
                    ],
                    [
                        -1.4547268461452656,
                        2.1223815933294174,
                        3.637047125045261,
                        -0.9656043894584909,
                        3.04980755807714,
                        -1.7810024014060582e-06
                    ],
                    [
                        0.7961727284221216,
                        -1.3726014310651826,
                        -0.9656043894584909,
                        2.349513898469446,
                        -0.9025111777867592,
                        1.2263833118996842e-06
                    ],
                    [
                        -0.9077682868964551,
                        2.1003863340411923,
                        3.04980755807714,
                        -0.9025111777867592,
                        4.019930644419168,
                        -4.5061032808544555e-06
                    ],
                    [
                        -2.545613165616853e-07,
                        -2.2925701221456496e-06,
                        -1.7810024014060582e-06,
                        1.2263833118996845e-06,
                        -4.506103280854455e-06,
                        1.0136935964562003e-06
                    ]
                ]
            },
            "est_tgt": [
                1,
                2,
                5
            ],
            "oracle_est_tgt": [
                5
            ],
            "intv_base_est_tgt": [
                2,
                3,
                4,
                5
            ]
        },
        "obs": {
            "intv_type": "obs",
            "true_params": {
                "Si": [
                    [
                        1.0,
                        -0.9646223891458936,
                        -1.4783491745641184,
                        0.792415620295852,
                        -0.9160942157858117,
                        -0.878667039657938
                    ],
                    [
                        -0.9646223891458936,
                        1.9304963536415318,
                        2.109339329459555,
                        -1.3500043613879633,
                        2.092627038182441,
                        1.0217108513220956
                    ],
                    [
                        -1.4783491745641184,
                        2.109339329459555,
                        3.652402348804206,
                        -0.9653999585756753,
                        3.0383728220817954,
                        1.6424532869605875
                    ],
                    [
                        0.792415620295852,
                        -1.3500043613879633,
                        -0.9653999585756753,
                        2.3383757632077358,
                        -0.9137723214213715,
                        -1.3896081952323867
                    ],
                    [
                        -0.9160942157858117,
                        2.092627038182441,
                        3.0383728220817954,
                        -0.9137723214213715,
