{
    "expt_args": {
        "save_dir": "all_expt_logs/expt_logs_11.05.24-main_plus_oracle_donoisepert-corr-js2",
        "exp_name": "158",
        "num_nodes": 6,
        "obs_noise_mean": 0.0,
        "obs_noise_var": 1.0,
        "max_edge_strength": 1.0,
        "graph_sparsity_method": "adj_dense_prop",
        "adj_dense_prop": 0.8,
        "num_parents": null,
        "new_noise_mean": 1.0,
        "mix_samples": 65536,
        "stage2_samples": 65536,
        "gmm_tol": 0.001,
        "intv_type": "do",
        "new_noise_var": null,
        "intv_targets": [
            0,
            1,
            2,
            3,
            4,
            5
        ]
    },
    "intv_args_dict": {
        "0": {
            "intv_type": "do",
            "inode": 0,
            "new_mui": 1.0,
            "new_vari": null,
            "true_params": {
                "Si": [
                    [
                        1e-09,
                        -9.597831905660057e-10,
                        -1.086066818162803e-09,
                        4.02094063891738e-10,
                        -3.7050182494163277e-10,
                        1.182135148959958e-09
                    ],
                    [
                        -9.597831905660057e-10,
                        1.0000000009211838,
                        0.5463992056441754,
                        0.2733224307309455,
                        -0.2518476855966813,
                        0.3062211865952117
                    ],
                    [
                        -1.086066818162803e-09,
                        0.5463992056441754,
                        1.2985520919690063,
                        0.649567955367949,
                        -0.5985318722641686,
                        -0.292486337361695
                    ],
                    [
                        4.02094063891738e-10,
                        0.2733224307309455,
                        0.649567955367949,
                        1.3249299988895018,
                        -1.220831209884873,
                        0.42604668388025263
                    ],
                    [
                        -3.7050182494163277e-10,
                        -0.2518476855966813,
                        -0.5985318722641686,
                        -1.220831209884873,
                        2.124911387226627,
                        -1.013732170801516
                    ],
                    [
                        1.182135148959958e-09,
                        0.3062211865952117,
                        -0.292486337361695,
                        0.42604668388025263,
                        -1.013732170801516,
                        2.0186226416166906
                    ]
                ],
                "mui": [
                    1.0,
                    -0.9597831905660056,
                    -1.0860668181628028,
                    0.40209406389173796,
                    -0.37050182494163275,
                    1.1821351489599579
                ],
                "Ai": [
                    [
                        0.0,
                        0.0,
                        0.0,
                        0.0,
                        0.0,
                        0.0
                    ],
                    [
                        -0.9597831905660056,
                        0.0,
                        0.0,
                        0.0,
                        0.0,
                        0.0
                    ],
                    [
                        -0.5616420462473722,
                        0.5463992046017867,
                        0.0,
                        0.0,
                        0.0,
                        0.0
                    ],
                    [
                        0.9453716173646785,
                        -0.0,
                        0.5002247968425664,
                        0.0,
                        0.0,
                        0.0
                    ],
                    [
                        -0.0,
                        0.0,
                        0.0,
                        -0.9214307253274665,
                        0.0,
                        0.0
                    ],
                    [
                        0.676706339528335,
                        0.557458464960382,
                        -0.7461118139419659,
                        -0.0,
                        -0.6211596658503729,
                        0.0
                    ]
                ]
            },
            "est_params": {
                "mui": [
                    0.9999989744219286,
                    -0.9431405410336761,
                    -1.0730258207629773,
                    0.41768375853459444,
                    -0.39705468466603033,
                    1.2040168704419465
                ],
                "Si": [
                    [
                        1.0116108238675258e-06,
                        2.2037009736357972e-07,
                        -1.5752672962296084e-07,
                        1.2468086735268817e-06,
                        -2.3331926484457786e-06,
                        2.056315300070156e-06
                    ],
                    [
                        2.2037009736357946e-07,
                        0.9807775775581897,
                        0.55785427887611,
                        0.2714839405551575,
                        -0.23138491222158553,
                        0.2674054720102022
                    ],
                    [
                        -1.5752672962296116e-07,
                        0.55785427887611,
                        1.3273559969101705,
                        0.6718597748411692,
                        -0.5866142421634858,
                        -0.3416576403851957
                    ],
                    [
                        1.2468086735268815e-06,
                        0.2714839405551575,
                        0.6718597748411692,
                        1.3386126449895686,
                        -1.2154238363042436,
                        0.3903328202049285
                    ],
                    [
                        -2.3331926484457786e-06,
                        -0.23138491222158553,
                        -0.5866142421634858,
                        -1.2154238363042436,
                        2.0994980616543355,
                        -0.9745600113164427
                    ],
                    [
                        2.056315300070156e-06,
                        0.2674054720102022,
                        -0.34165764038519575,
                        0.3903328202049285,
                        -0.9745600113164427,
                        1.9945117805805161
                    ]
                ]
            },
            "est_tgt": [
                0
            ],
            "oracle_est_tgt": [
                0
            ],
            "intv_base_est_tgt": [
                0,
                2,
                3,
                5
            ]
        },
        "1": {
            "intv_type": "do",
            "inode": 1,
            "new_mui": 1.0,
            "new_vari": null,
            "true_params": {
                "Si": [
                    [
                        1.0,
                        0.0,
                        -0.5616420462473722,
                        0.6644243388823434,
                        -0.6122210005015801,
                        1.476041097538182
                    ],
                    [
                        0.0,
                        1e-09,
                        5.463992046017867e-10,
                        2.7332243111686863e-10,
                        -2.518476859522828e-10,
                        3.062211877298051e-10
                    ],
                    [
                        -0.5616420462473722,
                        5.463992046017867e-10,
                        1.3154417884114875,
                        0.1270561517254727,
                        -0.11707344204171893,
                        -1.2888120916848398
                    ],
                    [
                        0.6644243388823434,
                        2.7332243111686863e-10,
                        0.1270561517254727,
                        1.6916845495501311,
                        -1.5587701215172458,
                        1.32306719439379
                    ],
                    [
                        -0.6122210005015801,
                        -2.518476859522828e-10,
                        -0.11707344204171893,
                        -1.5587701215172458,
                        2.436298683688419,
                        -1.8402744304376188
                    ],
                    [
                        1.476041097538182,
                        3.062211877298051e-10,
                        -1.2888120916848398,
                        1.32306719439379,
                        -1.8402744304376188,
                        4.103548546120086
                    ]
                ],
                "mui": [
                    0.0,
                    1.0,
                    0.5463992046017867,
                    0.2733224311168686,
                    -0.25184768595228274,
                    0.3062211877298051
                ],
                "Ai": [
                    [
                        0.0,
                        0.0,
                        0.0,
                        0.0,
                        0.0,
                        0.0
                    ],
                    [
                        0.0,
                        0.0,
                        0.0,
                        0.0,
                        0.0,
                        0.0
                    ],
                    [
                        -0.5616420462473722,
                        0.5463992046017867,
                        0.0,
                        0.0,
                        0.0,
                        0.0
                    ],
                    [
                        0.9453716173646785,
                        -0.0,
                        0.5002247968425664,
                        0.0,
                        0.0,
                        0.0
                    ],
                    [
                        -0.0,
                        0.0,
                        0.0,
                        -0.9214307253274665,
                        0.0,
                        0.0
                    ],
                    [
                        0.676706339528335,
                        0.557458464960382,
                        -0.7461118139419659,
                        -0.0,
                        -0.6211596658503729,
                        0.0
                    ]
                ]
            },
            "est_params": {
                "mui": [
                    -0.0058781275771830665,
                    1.0000000084982403,
                    0.5576743612853605,
                    0.2868528923989687,
                    -0.23543621704748324,
                    0.2898077590158507
                ],
                "Si": [
                    [
                        0.9990031705214719,
                        -1.1080218326769748e-06,
                        -0.5758847390668292,
                        0.6595130026698219,
                        -0.6087721093823439,
                        1.465553547392278
                    ],
                    [
                        -1.1080218326769748e-06,
                        1.0089525196411925e-06,
                        2.1036419621693943e-06,
                        1.101742637579957e-06,
                        1.4419285522998898e-07,
                        -2.2227090197888394e-06
                    ],
                    [
                        -0.5758847390668292,
                        2.1036419621693943e-06,
                        1.3416242791896966,
                        0.1402601819865056,
                        -0.12386445510476393,
                        -1.3102351978796583
                    ],
                    [
                        0.6595130026698219,
                        1.1017426375799562e-06,
                        0.1402601819865056,
                        1.6776293186967828,
                        -1.529600412168756,
                        1.2746334466928482
                    ],
                    [
                        -0.6087721093823439,
                        1.4419285522998898e-07,
                        -0.12386445510476392,
                        -1.529600412168756,
                        2.3970365763160304,
                        -1.7955069239056867
                    ],
                    [
                        1.465553547392278,
                        -2.2227090197888402e-06,
                        -1.3102351978796583,
                        1.2746334466928482,
                        -1.7955069239056867,
                        4.061857217301033
                    ]
                ]
            },
            "est_tgt": [
                1
            ],
            "oracle_est_tgt": [
                1
            ],
            "intv_base_est_tgt": [
                1,
                2,
                3,
                5
            ]
        },
        "2": {
            "intv_type": "do",
            "inode": 2,
            "new_mui": 1.0,
            "new_vari": null,
            "true_params": {
                "Si": [
                    [
                        1.0,
                        -0.9597831905660056,
                        0.0,
                        0.9453716173646785,
                        -0.8710944550923357,
                        0.6827558160698997
                    ],
                    [
                        -0.9597831905660056,
                        1.9211837728930614,
                        0.0,
                        -0.9073517871848161,
                        0.836061815392878,
                        -0.0978390905646832
                    ],
                    [
                        0.0,
                        0.0,
                        1e-09,
                        5.002247968425664e-10,
                        -4.609224973814306e-10,
                        -4.5980534948559716e-10
                    ],
                    [
                        0.9453716173646785,
                        -0.9073517871848161,
                        5.002247968425664e-10,
                        1.8937274951689327,
                        -1.744938699446076,
                        1.2178135713218117
                    ],
                    [
                        -0.8710944550923357,
                        0.836061815392878,
                        -4.609224973814306e-10,
                        -1.744938699446076,
                        2.607840131482564,
                        -1.7432905081870622
                    ],
                    [
                        0.6827558160698997,
                        -0.0978390905646832,
                        -4.5980534948559716e-10,
                        1.2178135713218117,
                        -1.7432905081870622,
                        2.4903457097337034
                    ]
                ],
                "mui": [
                    0.0,
                    0.0,
                    1.0,
                    0.5002247968425664,
                    -0.46092249738143054,
                    -0.45980534948559715
                ],
                "Ai": [
                    [
                        0.0,
                        0.0,
                        0.0,
                        0.0,
                        0.0,
                        0.0
                    ],
                    [
                        -0.9597831905660056,
                        0.0,
                        0.0,
                        0.0,
                        0.0,
                        0.0
                    ],
                    [
                        0.0,
                        0.0,
                        0.0,
                        0.0,
                        0.0,
                        0.0
                    ],
                    [
                        0.9453716173646785,
                        -0.0,
                        0.5002247968425664,
                        0.0,
                        0.0,
                        0.0
                    ],
                    [
                        -0.0,
                        0.0,
                        0.0,
                        -0.9214307253274665,
                        0.0,
                        0.0
                    ],
                    [
                        0.676706339528335,
                        0.557458464960382,
                        -0.7461118139419659,
                        -0.0,
                        -0.6211596658503729,
                        0.0
                    ]
                ]
            },
            "est_params": {
                "mui": [
                    0.015331412624423767,
                    -0.024041003397819352,
                    0.9999993331225758,
                    0.5289061084633786,
                    -0.4924115701931447,
                    -0.4418336396060542
                ],
                "Si": [
                    [
                        0.9829689866296664,
                        -0.9326497280660552,
                        -1.737217305507857e-08,
                        0.9303631664115221,
                        -0.8847013942987806,
                        0.6968439497569464
                    ],
                    [
                        -0.9326497280660552,
                        1.8785384550631938,
                        9.071922551470174e-07,
                        -0.8851451013737158,
                        0.8520921848827554,
                        -0.09879574375804755
                    ],
                    [
                        -1.737217305507856e-08,
                        9.071922551470177e-07,
                        1.012639906993337e-06,
                        2.802145946260076e-06,
                        -3.4037685027590857e-06,
                        1.2538598016064067e-06
                    ],
                    [
                        0.930363166411522,
                        -0.8851451013737158,
                        2.802145946260076e-06,
                        1.8459658587381644,
                        -1.718452335569028,
                        1.214668675747436
                    ],
                    [
                        -0.8847013942987806,
                        0.8520921848827554,
                        -3.4037685027590857e-06,
                        -1.718452335569028,
                        2.5931225063006873,
                        -1.7538956012209566
                    ],
                    [
                        0.6968439497569464,
                        -0.09879574375804752,
                        1.2538598016064065e-06,
                        1.2146686757474363,
                        -1.7538956012209566,
                        2.516341652244428
                    ]
                ]
            },
            "est_tgt": [
                2
            ],
            "oracle_est_tgt": [
                2
            ],
            "intv_base_est_tgt": []
        },
        "3": {
            "intv_type": "do",
            "inode": 3,
            "new_mui": 1.0,
            "new_vari": null,
            "true_params": {
                "Si": [
                    [
                        1.0,
                        -0.9597831905660056,
                        -1.0860668181628028,
                        0.0,
                        0.0,
                        0.9519943591822598
                    ],
                    [
                        -0.9597831905660056,
                        1.9211837728930614,
                        1.5887878805059514,
                        0.0,
                        0.0,
                        -0.7639246201782938
                    ],
                    [
                        -1.0860668181628028,
                        1.5887878805059514,
                        2.47809322430374,
                        0.0,
                        0.0,
                        -1.6981996786901878
                    ],
                    [
                        0.0,
                        0.0,
                        0.0,
                        1e-09,
                        -9.214307253274666e-10,
                        5.723556014486759e-10
                    ],
                    [
                        0.0,
                        0.0,
                        0.0,
                        -9.214307253274666e-10,
                        1.0000000008490346,
                        -0.6211596663777589
                    ],
                    [
                        0.9519943591822598,
                        -0.7639246201782938,
                        -1.6981996786901878,
                        5.723556014486759e-10,
                        -0.6211596663777589,
                        2.871250545453953
                    ]
                ],
                "mui": [
                    0.0,
                    0.0,
                    0.0,
                    1.0,
                    -0.9214307253274665,
                    0.5723556014486758
                ],
                "Ai": [
                    [
                        0.0,
                        0.0,
                        0.0,
                        0.0,
                        0.0,
                        0.0
                    ],
                    [
                        -0.9597831905660056,
                        0.0,
                        0.0,
                        0.0,
                        0.0,
                        0.0
                    ],
                    [
                        -0.5616420462473722,
                        0.5463992046017867,
                        0.0,
                        0.0,
                        0.0,
                        0.0
                    ],
                    [
                        0.0,
                        0.0,
                        0.0,
                        0.0,
                        0.0,
                        0.0
                    ],
                    [
                        -0.0,
                        0.0,
                        0.0,
                        -0.9214307253274665,
                        0.0,
                        0.0
                    ],
                    [
                        0.676706339528335,
                        0.557458464960382,
                        -0.7461118139419659,
                        -0.0,
                        -0.6211596658503729,
                        0.0
                    ]
                ]
            },
            "est_params": {
                "mui": [
                    -0.010599711864508442,
                    -0.006214651614699065,
                    0.004856474419274524,
                    1.0000001099392961,
                    -0.9265320587335698,
                    0.5505830093047692
                ],
                "Si": [
                    [
                        0.9641372860251411,
                        -0.9314844402851759,
                        -1.0690742738493377,
                        -5.713239752280203e-08,
                        -0.006198521851358691,
                        0.9257055585973601
                    ],
                    [
                        -0.9314844402851759,
                        1.8941439809720282,
                        1.5711783898362206,
                        -9.338057785189025e-07,
                        0.010777655011416806,
                        -0.7331381217212873
                    ],
                    [
                        -1.0690742738493377,
                        1.5711783898362206,
                        2.48302438801878,
                        3.59536560234176e-07,
                        0.010980826350606479,
                        -1.691737391652575
                    ],
                    [
                        -5.713239752280208e-08,
                        -9.338057785189025e-07,
                        3.595365602341754e-07,
                        1.011168537834821e-06,
                        -1.255844372637392e-06,
                        -6.226248522793041e-07
                    ],
                    [
                        -0.0061985218513586895,
                        0.010777655011416806,
                        0.010980826350606479,
                        -1.2558443726373916e-06,
                        0.9782175644109955,
                        -0.6366449466988777
                    ],
                    [
                        0.9257055585973601,
                        -0.7331381217212873,
                        -1.691737391652575,
                        -6.226248522793044e-07,
                        -0.6366449466988778,
                        2.871001497152685
                    ]
                ]
            },
            "est_tgt": [
                0,
                3
            ],
            "oracle_est_tgt": [
                3
            ],
            "intv_base_est_tgt": [
                0,
                2,
                3,
                5
            ]
        },
        "4": {
            "intv_type": "do",
            "inode": 4,
            "new_mui": 1.0,
            "new_vari": null,
            "true_params": {
                "Si": [
                    [
                        1.0,
                        -0.9597831905660056,
                        -1.0860668181628028,
                        0.40209406389173796,
                        0.0,
                        0.9519943591822598
                    ],
                    [
                        -0.9597831905660056,
                        1.9211837728930614,
                        1.5887878805059514,
                        -0.11260069243279497,
                        0.0,
                        -0.7639246201782938
                    ],
                    [
                        -1.0860668181628028,
                        1.5887878805059514,
                        2.47809322430374,
                        0.21286693523159944,
                        0.0,
                        -1.6981996786901878
                    ],
                    [
                        0.40209406389173796,
                        -0.11260069243279497,
                        0.21286693523159944,
                        1.4866096349447953,
                        0.0,
                        0.050506857791272904
                    ],
                    [
                        0.0,
                        0.0,
                        0.0,
                        0.0,
                        1e-09,
                        -6.211596658503729e-10
                    ],
                    [
                        0.9519943591822598,
                        -0.7639246201782938,
                        -1.6981996786901878,
                        0.050506857791272904,
                        -6.211596658503729e-10,
                        2.4854112150328547
                    ]
                ],
                "mui": [
                    0.0,
                    0.0,
                    0.0,
                    0.0,
                    1.0,
                    -0.6211596658503729
                ],
                "Ai": [
                    [
                        0.0,
                        0.0,
                        0.0,
                        0.0,
                        0.0,
                        0.0
                    ],
                    [
                        -0.9597831905660056,
                        0.0,
                        0.0,
                        0.0,
                        0.0,
                        0.0
                    ],
                    [
                        -0.5616420462473722,
                        0.5463992046017867,
                        0.0,
                        0.0,
                        0.0,
                        0.0
                    ],
                    [
                        0.9453716173646785,
                        -0.0,
                        0.5002247968425664,
                        0.0,
                        0.0,
                        0.0
                    ],
                    [
                        0.0,
                        0.0,
                        0.0,
                        0.0,
                        0.0,
                        0.0
                    ],
                    [
                        0.676706339528335,
                        0.557458464960382,
                        -0.7461118139419659,
                        -0.0,
                        -0.6211596658503729,
                        0.0
                    ]
                ]
            },
            "est_params": {
                "mui": [
                    -0.001684264976677217,
                    -0.006646774110518475,
                    -0.00771885442058995,
                    1.801419717627023e-05,
                    0.9999977084807234,
                    -0.6188902944571456
                ],
                "Si": [
                    [
                        0.9667619887641081,
                        -0.940681569545072,
                        -1.0529892705420891,
                        0.38965518652462855,
                        3.738268879275113e-07,
                        0.9045085608185965
                    ],
                    [
                        -0.940681569545072,
                        1.90832005240999,
                        1.5646366688917281,
                        -0.11273379215707069,
                        1.2230415956404266e-07,
                        -0.7320390787748339
                    ],
                    [
                        -1.0529892705420891,
                        1.5646366688917281,
                        2.4129174351165994,
                        0.2010802299678263,
                        -6.982470228027297e-07,
                        -1.6222482959596787
                    ],
                    [
                        0.3896551865246285,
                        -0.11273379215707066,
                        0.2010802299678263,
                        1.444866537854313,
                        4.4692203204920223e-07,
                        0.04465350568391496
                    ],
                    [
                        3.7382688792751155e-07,
                        1.2230415956404242e-07,
                        -6.982470228027296e-07,
                        4.4692203204920244e-07,
                        1.0113642088260531e-06,
                        -5.4858599455091026e-08
                    ],
                    [
                        0.9045085608185965,
                        -0.7320390787748339,
                        -1.6222482959596787,
                        0.04465350568391497,
                        -5.485859945509084e-08,
                        2.410305946557406
                    ]
                ]
            },
            "est_tgt": [
                4
            ],
            "oracle_est_tgt": [
                4
            ],
            "intv_base_est_tgt": [
                2,
                3,
                4,
                5
            ]
        },
        "5": {
            "intv_type": "do",
            "inode": 5,
            "new_mui": 1.0,
            "new_vari": null,
            "true_params": {
                "Si": [
                    [
                        1.0,
                        -0.9597831905660056,
                        -1.0860668181628028,
                        0.40209406389173796,
                        -0.37050182494163275,
                        0.0
                    ],
                    [
                        -0.9597831905660056,
                        1.9211837728930614,
                        1.5887878805059514,
                        -0.11260069243279497,
                        0.10375373770072521,
                        0.0
                    ],
                    [
                        -1.0860668181628028,
                        1.5887878805059514,
                        2.47809322430374,
                        0.21286693523159944,
                        -0.1961421345286875,
                        0.0
                    ],
                    [
                        0.40209406389173796,
                        -0.11260069243279497,
                        0.21286693523159944,
                        1.4866096349447953,
                        -1.369807794205983,
                        0.0
                    ],
                    [
                        -0.37050182494163275,
                        0.10375373770072521,
                        -0.1961421345286875,
                        -1.369807794205983,
                        2.262182989374436,
                        0.0
                    ],
                    [
                        0.0,
                        0.0,
                        0.0,
                        0.0,
                        0.0,
                        1e-09
                    ]
                ],
                "mui": [
                    0.0,
                    0.0,
                    0.0,
                    0.0,
                    0.0,
                    1.0
                ],
                "Ai": [
                    [
                        0.0,
                        0.0,
                        0.0,
                        0.0,
                        0.0,
                        0.0
                    ],
                    [
                        -0.9597831905660056,
                        0.0,
                        0.0,
                        0.0,
                        0.0,
                        0.0
                    ],
                    [
                        -0.5616420462473722,
                        0.5463992046017867,
                        0.0,
                        0.0,
                        0.0,
                        0.0
                    ],
                    [
                        0.9453716173646785,
                        -0.0,
                        0.5002247968425664,
                        0.0,
                        0.0,
                        0.0
                    ],
                    [
                        -0.0,
                        0.0,
                        0.0,
                        -0.9214307253274665,
                        0.0,
                        0.0
                    ],
                    [
                        0.0,
                        0.0,
                        0.0,
                        0.0,
                        0.0,
                        0.0
                    ]
                ]
            },
            "est_params": {
                "mui": [
                    -0.006364792480287118,
                    0.0070649007524155715,
                    0.001983601439885027,
                    -0.008808573258446358,
                    0.013789866396058907,
                    1.000000858022605
                ],
                "Si": [
                    [
                        0.9889984445528762,
                        -0.9459319044802514,
                        -1.0654424353261913,
                        0.3891262747370279,
                        -0.3426970708066703,
                        1.3299922960856104e-06
                    ],
                    [
                        -0.9459319044802517,
                        1.9088634436460659,
                        1.5814453393755958,
                        -0.08678480457757148,
                        0.0643542752311604,
                        -1.0352929074985277e-06
                    ],
                    [
                        -1.065442435326191,
                        1.5814453393755956,
                        2.4709783713361744,
                        0.24512741474212715,
                        -0.2413005449735985,
                        -7.210201741379682e-07
                    ],
                    [
                        0.3891262747370279,
                        -0.08678480457757151,
                        0.2451274147421271,
                        1.4668973677962753,
                        -1.3454357370059937,
                        1.1074382724564304e-06
                    ],
                    [
                        -0.34269707080667033,
                        0.06435427523116037,
                        -0.24130054497359857,
                        -1.3454357370059937,
                        2.2442189611619416,
                        -1.1054429579920116e-06
                    ],
                    [
                        1.3299922960856104e-06,
                        -1.0352929074985277e-06,
                        -7.210201741379682e-07,
                        1.1074382724564304e-06,
                        -1.1054429579920116e-06,
                        1.0117190984858717e-06
                    ]
                ]
            },
            "est_tgt": [
                5
            ],
            "oracle_est_tgt": [
                5
            ],
            "intv_base_est_tgt": [
                2,
                3,
                5
            ]
        },
        "obs": {
            "intv_type": "obs",
            "true_params": {
                "Si": [
                    [
                        1.0,
                        -0.9597831905660056,
                        -1.0860668181628028,
                        0.40209406389173796,
                        -0.37050182494163275,
                        1.1821351489599579
                    ],
                    [
                        -0.9597831905660056,
                        1.9211837728930614,
                        1.5887878805059514,
                        -0.11260069243279497,
                        0.10375373770072521,
                        -0.8283722572192036
                    ],
                    [
                        -1.0860668181628028,
                        1.5887878805059514,
                        2.47809322430374,
                        0.21286693523159944,
                        -0.1961421345286875,
                        -1.5763640959471694
                    ],
                    [
                        0.40209406389173796,
                        -0.11260069243279497,
                        0.21286693523159944,
                        1.4866096349447953,
                        -1.369807794205983,
                        0.9013762095194975
                    ],
                    [
                        -0.37050182494163275,
                        0.10375373770072521,
                        -0.1961421345286875,
                        -1.369807794205983,
                        2.262182989374436,
                        -1.451715400380846
                    ],
                    [
                        1.1821351489599579,
                        -0.8283722572192036,
                        -1.5763640959471694,
                        0.9013762095194975,
                        -1.451715400380846,
                        3.4160661506258285
                    ]
                ],
                "mui": [
                    0.0,
