{
    "expt_args": {
        "save_dir": "expt_logs_30.04.24-hard",
        "exp_name": "381",
        "num_nodes": 6,
        "obs_noise_mean": 0.0,
        "obs_noise_var": 1.0,
        "max_edge_strength": 1.0,
        "graph_sparsity_method": "adj_dense_prop",
        "adj_dense_prop": 0.8,
        "num_parents": null,
        "new_noise_mean": 1.0,
        "mix_samples": 32768,
        "stage2_samples": 32768,
        "gmm_tol": 0.001,
        "intv_type": "hard",
        "new_noise_sigma": 8.0,
        "intv_targets": [
            0,
            1,
            2,
            3,
            4,
            5
        ]
    },
    "intv_args_dict": {
        "0": {
            "intv_type": "hard",
            "inode": 0,
            "new_mui": 1.0,
            "new_sigmai": 8.0,
            "true_params": {
                "Si": [
                    [
                        8.0,
                        0.0,
                        0.0,
                        -5.701628664205845,
                        -4.005583898584771,
                        7.635494468597362
                    ],
                    [
                        0.0,
                        1.0,
                        0.0,
                        0.7876271858430617,
                        1.3807333405827948,
                        -1.3322769915647787
                    ],
                    [
                        0.0,
                        0.0,
                        1.0,
                        -0.633105654087222,
                        -0.44477779306028836,
                        0.8478410300846935
                    ],
                    [
                        -5.701628664205845,
                        0.7876271858430617,
                        -0.633105654087222,
                        6.084750531177987,
                        4.926421729739127,
                        -8.367132582550262
                    ],
                    [
                        -4.005583898584771,
                        1.3807333405827948,
                        -0.44477779306028836,
                        4.926421729739127,
                        5.603392651481796,
                        -7.9592022275359495
                    ],
                    [
                        7.635494468597362,
                        -1.3322769915647787,
                        0.8478410300846935,
                        -8.367132582550262,
                        -7.9592022275359495,
                        13.532621549235875
                    ]
                ],
                "mui": [
                    1.0,
                    0.0,
                    0.0,
                    -0.7127035830257307,
                    -0.5006979873230963,
                    0.9544368085746703
                ],
                "Ai": [
                    [
                        0.0,
                        0.0,
                        0.0,
                        0.0,
                        0.0,
                        0.0
                    ],
                    [
                        0.0,
                        0.0,
                        0.0,
                        0.0,
                        0.0,
                        0.0
                    ],
                    [
                        0.0,
                        0.0,
                        0.0,
                        0.0,
                        0.0,
                        0.0
                    ],
                    [
                        -0.7127035830257307,
                        0.7876271858430617,
                        -0.633105654087222,
                        0.0,
                        0.0,
                        0.0
                    ],
                    [
                        0.0,
                        0.8273990286682472,
                        0.0,
                        0.702533282065764,
                        0.0,
                        0.0
                    ],
                    [
                        -0.0,
                        0.5322616932485496,
                        -0.0,
                        -0.6516165983618141,
                        -0.9786884240997683,
                        0.0
                    ]
                ]
            },
            "est_params": {
                "mui": [
                    1.0472295579330897,
                    0.0002213618612507992,
                    0.01363686554093302,
                    -0.7431423176703839,
                    -0.4846109083137715,
                    0.9507698162936685
                ],
                "Si": [
                    [
                        63.64579590275723,
                        -0.12634219971172356,
                        -0.11442309088227492,
                        -45.452562067878546,
                        -32.04701534057099,
                        60.82448512335918
                    ],
                    [
                        -0.12634219971172356,
                        0.9390134087438907,
                        0.02559574363409146,
                        0.7905578088753564,
                        1.3384319643631517,
                        -1.329527920763959
                    ],
                    [
                        -0.11442309088227492,
                        0.025595743634091464,
                        0.991259694222376,
                        -0.5139321902699766,
                        -0.35360389987751123,
                        0.6851782193442576
                    ],
                    [
                        -45.452562067878546,
                        0.7905578088753564,
                        -0.5139321902699766,
                        34.36202576120218,
                        24.80781532351878,
                        -46.19880064132193
                    ],
                    [
                        -32.04701534057099,
                        1.338431964363152,
                        -0.35360389987751123,
                        24.80781532351878,
                        19.56835575604016,
                        -34.60290397973272
                    ],
                    [
                        60.82448512335918,
                        -1.3295279207639588,
                        0.6851782193442576,
                        -46.19880064132193,
                        -34.60290397973272,
                        64.21015906054886
                    ]
                ]
            },
            "est_tgt": [
                0
            ]
        },
        "1": {
            "intv_type": "hard",
            "inode": 1,
            "new_mui": 1.0,
            "new_sigmai": 8.0,
            "true_params": {
                "Si": [
                    [
                        1.0,
                        0.0,
                        0.0,
                        -0.7127035830257307,
                        -0.5006979873230963,
                        0.9544368085746703
                    ],
                    [
                        0.0,
                        8.0,
                        0.0,
                        6.3010174867444935,
                        11.045866724662359,
                        -10.65821593251823
                    ],
                    [
                        0.0,
                        0.0,
                        1.0,
                        -0.633105654087222,
                        -0.44477779306028836,
                        0.8478410300846935
                    ],
                    [
                        -0.7127035830257307,
                        6.3010174867444935,
                        -0.633105654087222,
                        6.87162183752741,
                        10.040998790786942,
                        -10.950881893257975
                    ],
                    [
                        -0.5006979873230963,
                        11.045866724662359,
                        -0.44477779306028836,
                        10.040998790786942,
                        17.193475234494468,
                        -17.490644931986864
                    ],
                    [
                        0.9544368085746703,
                        -10.65821593251823,
                        0.8478410300846935,
                        -10.950881893257975,
                        -17.490644931986864,
                        19.580708074070746
                    ]
                ],
                "mui": [
                    0.0,
                    1.0,
                    0.0,
                    0.7876271858430617,
                    1.3807333405827948,
                    -1.3322769915647787
                ],
                "Ai": [
                    [
                        0.0,
                        0.0,
                        0.0,
                        0.0,
                        0.0,
                        0.0
                    ],
                    [
                        0.0,
                        0.0,
                        0.0,
                        0.0,
                        0.0,
                        0.0
                    ],
                    [
                        0.0,
                        0.0,
                        0.0,
                        0.0,
                        0.0,
                        0.0
                    ],
                    [
                        -0.7127035830257307,
                        0.7876271858430617,
                        -0.633105654087222,
                        0.0,
                        0.0,
                        0.0
                    ],
                    [
                        0.0,
                        0.8273990286682472,
                        0.0,
                        0.702533282065764,
                        0.0,
                        0.0
                    ],
                    [
                        -0.0,
                        0.5322616932485496,
                        -0.0,
                        -0.6516165983618141,
                        -0.9786884240997683,
                        0.0
                    ]
                ]
            },
            "est_params": {
                "mui": [
                    -0.005236245113304162,
                    1.3374058127539363,
                    0.03172217578291755,
                    1.0425976946428495,
                    1.8417551718542973,
                    -1.7848772918542524
                ],
                "Si": [
                    [
                        1.0468329366543652,
                        0.19555819720428086,
                        0.003122691294089857,
                        -0.6005023735610644,
                        -0.268370807175824,
                        0.7471488965215166
                    ],
                    [
                        0.19555819720428094,
                        68.51855216391152,
                        -0.30851458398087694,
                        53.98328527496076,
                        94.77048979186205,
                        -91.53096532653034
                    ],
                    [
                        0.003122691294089861,
                        -0.30851458398087706,
                        1.0006585069337395,
                        -0.8723584871111442,
                        -0.8803010483562441,
                        1.2352001646208115
                    ],
                    [
                        -0.6005023735610645,
                        53.98328527496076,
                        -0.8723584871111442,
                        44.49845425603754,
                        76.07730876330795,
                        -74.77318397148001
                    ],
                    [
                        -0.26837080717582407,
                        94.77048979186205,
                        -0.8803010483562441,
                        76.07730876330795,
                        133.05383540517195,
                        -129.44439134432045
                    ],
                    [
                        0.7471488965215167,
                        -91.53096532653034,
                        1.2352001646208115,
                        -74.77318397148001,
                        -129.44439134432045,
                        127.76049546477103
                    ]
                ]
            },
            "est_tgt": [
                1
            ]
        },
        "2": {
            "intv_type": "hard",
            "inode": 2,
            "new_mui": 1.0,
            "new_sigmai": 8.0,
            "true_params": {
                "Si": [
                    [
                        1.0,
                        0.0,
                        0.0,
                        -0.7127035830257307,
                        -0.5006979873230963,
                        0.9544368085746703
                    ],
                    [
                        0.0,
                        1.0,
                        0.0,
                        0.7876271858430617,
                        1.3807333405827948,
                        -1.3322769915647787
                    ],
                    [
                        0.0,
                        0.0,
                        8.0,
                        -5.064845232697776,
                        -3.558222344482307,
                        6.782728240677548
                    ],
                    [
                        -0.7127035830257307,
                        0.7876271858430617,
                        -5.064845232697776,
                        5.334885135034448,
                        4.399616331878862,
                        -7.362929499246864
                    ],
                    [
                        -0.5006979873230963,
                        1.3807333405827948,
                        -3.558222344482307,
                        4.399616331878862,
                        5.233294326313064,
                        -7.253716139562253
                    ],
                    [
                        0.9544368085746703,
                        -1.3322769915647787,
                        6.782728240677548,
                        -7.362929499246864,
                        -7.253716139562253,
                        12.187815084365981
                    ]
                ],
                "mui": [
                    0.0,
                    0.0,
                    1.0,
                    -0.633105654087222,
                    -0.44477779306028836,
                    0.8478410300846935
                ],
                "Ai": [
                    [
                        0.0,
                        0.0,
                        0.0,
                        0.0,
                        0.0,
                        0.0
                    ],
                    [
                        0.0,
                        0.0,
                        0.0,
                        0.0,
                        0.0,
                        0.0
                    ],
                    [
                        0.0,
                        0.0,
                        0.0,
                        0.0,
                        0.0,
                        0.0
                    ],
                    [
                        -0.7127035830257307,
                        0.7876271858430617,
                        -0.633105654087222,
                        0.0,
                        0.0,
                        0.0
                    ],
                    [
                        0.0,
                        0.8273990286682472,
                        0.0,
                        0.702533282065764,
                        0.0,
                        0.0
                    ],
                    [
                        -0.0,
                        0.5322616932485496,
                        -0.0,
                        -0.6516165983618141,
                        -0.9786884240997683,
                        0.0
                    ]
                ]
            },
            "est_params": {
                "mui": [
                    0.010035700847594744,
                    -0.0042106242981092175,
                    1.0340250526635575,
                    -0.6649031871955549,
                    -0.4376960293889523,
                    0.8634471408629408
                ],
                "Si": [
                    [
                        1.0146343257802857,
                        -0.01576608309235145,
                        0.11765278895828556,
                        -0.8103810922685478,
                        -0.5501751702202518,
                        1.049597148690509
                    ],
                    [
                        -0.015766083092351443,
                        1.0163416530676652,
                        0.020917613980862865,
                        0.7903767003379714,
                        1.4090751462110849,
                        -1.3776557610872366
                    ],
                    [
                        0.11765278895828549,
                        0.020917613980862827,
                        65.96494520657673,
                        -42.043640890492284,
                        -29.4365911267561,
                        56.241684179077446
                    ],
                    [
                        -0.8103810922685478,
                        0.7903767003379714,
                        -42.043640890492284,
                        28.90623717319831,
                        20.92775495370424,
                        -38.931485286749854
                    ],
                    [
                        -0.5501751702202516,
                        1.4090751462110847,
                        -29.4365911267561,
                        20.92775495370424,
                        16.86341279637081,
                        -29.457073619703895
                    ],
                    [
                        1.049597148690509,
                        -1.3776557610872369,
                        56.241684179077446,
                        -38.931485286749854,
                        -29.457073619703895,
                        54.516719518651485
                    ]
                ]
            },
            "est_tgt": [
                2
            ]
        },
        "3": {
            "intv_type": "hard",
            "inode": 3,
            "new_mui": 1.0,
            "new_sigmai": 8.0,
            "true_params": {
                "Si": [
                    [
                        1.0,
                        0.0,
                        0.0,
                        0.0,
                        0.0,
                        0.0
                    ],
                    [
                        0.0,
                        1.0,
                        0.0,
                        0.0,
                        0.8273990286682472,
                        -0.2775041582204564
                    ],
                    [
                        0.0,
                        0.0,
                        1.0,
                        0.0,
                        0.0,
                        0.0
                    ],
                    [
                        0.0,
                        0.0,
                        0.0,
                        8.0,
                        5.620266256526112,
                        -10.713422312515156
                    ],
                    [
                        0.0,
                        0.8273990286682472,
                        0.0,
                        5.620266256526112,
                        5.633013251921914,
                        -8.734830834430634
                    ],
                    [
                        0.0,
                        -0.2775041582204564,
                        0.0,
                        -10.713422312515156,
                        -8.734830834430634,
                        16.382016795083732
                    ]
                ],
                "mui": [
                    0.0,
                    0.0,
                    0.0,
                    1.0,
                    0.702533282065764,
                    -1.3391777890643946
                ],
                "Ai": [
                    [
                        0.0,
                        0.0,
                        0.0,
                        0.0,
                        0.0,
                        0.0
                    ],
                    [
                        0.0,
                        0.0,
                        0.0,
                        0.0,
                        0.0,
                        0.0
                    ],
                    [
                        0.0,
                        0.0,
                        0.0,
                        0.0,
                        0.0,
                        0.0
                    ],
                    [
                        0.0,
                        0.0,
                        0.0,
                        0.0,
                        0.0,
                        0.0
                    ],
                    [
                        0.0,
                        0.8273990286682472,
                        0.0,
                        0.702533282065764,
                        0.0,
                        0.0
                    ],
                    [
                        -0.0,
                        0.5322616932485496,
                        -0.0,
                        -0.6516165983618141,
                        -0.9786884240997683,
                        0.0
                    ]
                ]
            },
            "est_params": {
                "mui": [
                    -0.01972888737544182,
                    0.0028323799193336386,
                    -0.018435419305535317,
                    1.0829828033870825,
                    0.7376815553141007,
                    -1.4186400770539733
                ],
                "Si": [
                    [
                        0.9798283522191658,
                        0.0008914259835381727,
                        0.008084711077558315,
                        -0.009072752516818286,
                        -0.027474988619211542,
                        0.04691373877744678
                    ],
                    [
                        0.0008914259835381735,
                        0.9571394473720212,
                        0.014272291263987403,
                        0.09193340892433663,
                        0.8533908634430227,
                        -0.39481643646899955
                    ],
                    [
                        0.008084711077558317,
                        0.014272291263987406,
                        1.062139699328382,
                        -0.015664937983478996,
                        0.007339174722384648,
                        0.0014135565664569643
                    ],
                    [
                        -0.009072752516818347,
                        0.09193340892433663,
                        -0.015664937983478986,
                        65.85760855753621,
                        46.421550157600635,
                        -88.39725827747846
                    ],
                    [
                        -0.02747498861921154,
                        0.8533908634430228,
                        0.007339174722384634,
                        46.421550157600635,
                        34.382154424165385,
                        -63.518990645879
                    ],
                    [
                        0.046913738777446756,
                        -0.39481643646899967,
                        0.0014135565664568828,
                        -88.39725827747846,
                        -63.518990645879,
                        120.68862632520411
                    ]
                ]
            },
            "est_tgt": [
                3
            ]
        },
        "4": {
            "intv_type": "hard",
            "inode": 4,
            "new_mui": 1.0,
            "new_sigmai": 8.0,
            "true_params": {
                "Si": [
                    [
                        1.0,
                        0.0,
                        0.0,
                        -0.7127035830257307,
                        0.0,
                        0.46440948441150337
                    ],
                    [
                        0.0,
                        1.0,
                        0.0,
                        0.7876271858430617,
                        0.0,
                        0.019030745632205335
                    ],
                    [
                        0.0,
                        0.0,
                        1.0,
                        -0.633105654087222,
                        0.0,
                        0.41254215271994693
                    ],
                    [
                        -0.7127035830257307,
                        0.7876271858430617,
                        -0.633105654087222,
                        2.529125750373985,
                        0.0,
                        -1.2287965387025483
                    ],
                    [
                        0.0,
                        0.0,
                        0.0,
                        0.0,
                        8.0,
                        -7.8295073927981464
                    ],
                    [
                        0.46440948441150337,
                        0.019030745632205335,
                        0.41254215271994693,
                        -1.2287965387025483,
                        -7.8295073927981464,
                        9.47348180925721
                    ]
                ],
                "mui": [
                    0.0,
                    0.0,
                    0.0,
                    0.0,
                    1.0,
                    -0.9786884240997683
                ],
                "Ai": [
                    [
                        0.0,
                        0.0,
                        0.0,
                        0.0,
                        0.0,
                        0.0
                    ],
                    [
                        0.0,
                        0.0,
                        0.0,
                        0.0,
                        0.0,
                        0.0
                    ],
                    [
                        0.0,
                        0.0,
                        0.0,
                        0.0,
                        0.0,
                        0.0
                    ],
                    [
                        -0.7127035830257307,
                        0.7876271858430617,
                        -0.633105654087222,
                        0.0,
                        0.0,
                        0.0
                    ],
                    [
                        0.0,
                        0.0,
                        0.0,
                        0.0,
                        0.0,
                        0.0
                    ],
                    [
                        -0.0,
                        0.5322616932485496,
                        -0.0,
                        -0.6516165983618141,
                        -0.9786884240997683,
                        0.0
                    ]
                ]
            },
            "est_params": {
                "mui": [
                    -0.008317771680783669,
                    -0.0032437943900376163,
                    0.005847185307087323,
                    0.024213185346556504,
                    1.2094634959368593,
                    -1.1875855770943742
                ],
                "Si": [
                    [
                        0.9453862217596554,
                        0.003717118633978515,
                        0.02068422416880492,
                        -0.6643022081262728,
                        0.12069458568415262,
                        0.3106161301861363
                    ],
                    [
                        0.003717118633978521,
                        0.9716686193398021,
                        0.008479748925534747,
                        0.7601083100812314,
                        0.0016041345993281415,
                        0.0702216719136728
                    ],
                    [
                        0.020684224168804926,
                        0.008479748925534747,
                        0.977118584681141,
                        -0.6206764119618419,
                        -0.1873628228848652,
                        0.5978141342468345
                    ],
                    [
                        -0.6643022081262728,
                        0.7601083100812314,
                        -0.6206764119618419,
                        2.4604971860064464,
                        0.2662585264226969,
                        -1.4327928060832245
                    ],
                    [
                        0.12069458568415262,
                        0.0016041345993281508,
                        -0.18736282288486522,
                        0.2662585264226968,
                        62.76756770663463,
                        -61.692769368181644
                    ],
                    [
                        0.3106161301861363,
                        0.0702216719136728,
                        0.5978141342468346,
                        -1.4327928060832245,
                        -61.692769368181644,
                        62.4488517333049
                    ]
                ]
            },
            "est_tgt": [
                4,
                5
            ]
        },
        "5": {
            "intv_type": "hard",
            "inode": 5,
            "new_mui": 1.0,
            "new_sigmai": 8.0,
            "true_params": {
                "Si": [
                    [
                        1.0,
                        0.0,
                        0.0,
                        -0.7127035830257307,
                        -0.5006979873230963,
                        0.0
                    ],
                    [
                        0.0,
                        1.0,
                        0.0,
                        0.7876271858430617,
                        1.3807333405827948,
                        0.0
                    ],
                    [
                        0.0,
                        0.0,
                        1.0,
                        -0.633105654087222,
                        -0.44477779306028836,
                        0.0
                    ],
                    [
                        -0.7127035830257307,
                        0.7876271858430617,
                        -0.633105654087222,
                        2.529125750373985,
                        2.428476982686528,
                        0.0
                    ],
                    [
                        -0.5006979873230963,
                        1.3807333405827948,
                        -0.44477779306028836,
                        2.428476982686528,
                        3.8485033299159985,
                        0.0
                    ],
                    [
                        0.0,
                        0.0,
                        0.0,
                        0.0,
                        0.0,
                        8.0
                    ]
                ],
                "mui": [
                    0.0,
                    0.0,
                    0.0,
                    0.0,
                    0.0,
                    1.0
                ],
                "Ai": [
                    [
                        0.0,
                        0.0,
                        0.0,
                        0.0,
                        0.0,
                        0.0
                    ],
                    [
                        0.0,
                        0.0,
                        0.0,
                        0.0,
                        0.0,
                        0.0
                    ],
                    [
                        0.0,
                        0.0,
                        0.0,
                        0.0,
                        0.0,
                        0.0
                    ],
                    [
                        -0.7127035830257307,
                        0.7876271858430617,
                        -0.633105654087222,
                        0.0,
                        0.0,
                        0.0
                    ],
                    [
                        0.0,
                        0.8273990286682472,
                        0.0,
                        0.702533282065764,
                        0.0,
                        0.0
                    ],
                    [
                        0.0,
                        0.0,
                        0.0,
                        0.0,
                        0.0,
                        0.0
                    ]
                ]
            },
            "est_params": {
                "mui": [
                    0.0010738484336592802,
                    -0.0046290988364476975,
                    -0.025296769089819187,
                    0.021910217335610407,
                    0.003686291894390378,
                    0.8619087598331681
                ],
                "Si": [
                    [
                        1.0175332451242622,
                        0.005461132757559475,
                        -0.023427494665285067,
                        -0.6966948282331089,
                        -0.48307275420547735,
                        0.08633702612909366
                    ],
                    [
                        0.005461132757559475,
                        0.9579758476376967,
                        -0.006816450539666923,
                        0.7315526723500846,
                        1.3135382227262125,
                        -0.09549283635472727
                    ],
                    [
                        -0.023427494665285067,
                        -0.006816450539666922,
                        0.9953361102861118,
                        -0.6241997800209637,
                        -0.4554416211483724,
                        0.10636331320445379
                    ],
                    [
                        -0.6966948282331089,
                        0.7315526723500846,
                        -0.6241997800209637,
                        2.431171651974258,
                        2.3403929836032162,
                        -0.12869420337432716
                    ],
                    [
                        -0.48307275420547735,
                        1.3135382227262125,
                        -0.4554416211483724,
                        2.3403929836032162,
                        3.719837494823352,
                        -0.04381044923142931
                    ],
                    [
                        0.08633702612909361,
                        -0.0954928363547273,
                        0.10636331320445382,
                        -0.1286942033743272,
                        -0.04381044923142931,
                        64.2208842539752
                    ]
                ]
            },
            "est_tgt": [
                4,
                5
            ]
        },
        "obs": {
            "intv_type": "obs",
            "true_params": {
                "Si": [
                    [
                        1.0,
                        0.0,
                        0.0,
                        -0.7127035830257307,
                        -0.5006979873230963,
                        0.9544368085746703
                    ],
                    [
                        0.0,
                        1.0,
                        0.0,
                        0.7876271858430617,
                        1.3807333405827948,
                        -1.3322769915647787
                    ],
                    [
                        0.0,
                        0.0,
                        1.0,
                        -0.633105654087222,
                        -0.44477779306028836,
                        0.8478410300846935
                    ],
                    [
                        -0.7127035830257307,
                        0.7876271858430617,
                        -0.633105654087222,
                        2.529125750373985,
                        2.428476982686528,
                        -3.6055188498505863
                    ],
                    [
                        -0.5006979873230963,
                        1.3807333405827948,
                        -0.44477779306028836,
                        2.428476982686528,
                        3.8485033299159985,
                        -4.614010103973032
                    ],
                    [
                        0.9544368085746703,
                        -1.3322769915647787,
                        0.8478410300846935,
                        -3.6055188498505863,
                        -4.614010103973032,
                        7.155974198300462
                    ]
                ],
                "mui": [
                    0.0,
                    0.0,
                    0.0,
                    0.0,
                    0.0,
                    0.0
                ],
                "Ai": [
                    [
                        0.0,
                        0.0,
                        0.0,
                        0.0,
                        0.0,
                        0.0
                    ],
                    [
                        0.0,
                        0.0,
                        0.0,
                        0.0,
                        0.0,
                        0.0
                    ],
                    [
                        0.0,
                        0.0,
                        0.0,
                        0.0,
                        0.0,
                        0.0
                    ],
                    [
                        -0.7127035830257307,
                        0.7876271858430617,
                        -0.633105654087222,
                        0.0,
                        0.0,
                        0.0
                    ],
                    [
                        0.0,
                        0.8273990286682472,
                        0.0,
                        0.702533282065764,
                        0.0,
                        0.0
                    ],
                    [
                        -0.0,
                        0.5322616932485496,
                        -0.0,
                        -0.6516165983618141,
                        -0.9786884240997683,
                        0.0
                    ]
                ]
            },
            "est_params": {
                "mui": [
                    0.016211590262618286,
                    -0.001773455382220725,
                    0.014497840110952901,
                    -0.016155694843238692,
                    -0.01375001556239984,
                    -0.010008089189195801
                ],
                "Si": [
                    [
                        0.9812530219751401,
                        -0.008029383403830878,
                        -0.0038158221964427245,
                        -0.7277331321033795,
                        -0.5238458158925519,
                        0.9731092844143782
                    ],
                    [
                        -0.008029383403830876,
