{
    "expt_args": {
        "save_dir": "expt_logs_30.04.24-hard",
        "exp_name": "219",
        "num_nodes": 6,
        "obs_noise_mean": 0.0,
        "obs_noise_var": 1.0,
        "max_edge_strength": 1.0,
        "graph_sparsity_method": "adj_dense_prop",
        "adj_dense_prop": 0.8,
        "num_parents": null,
        "new_noise_mean": 0.0,
        "mix_samples": 8192,
        "stage2_samples": 8192,
        "gmm_tol": 0.001,
        "intv_type": "hard",
        "new_noise_sigma": 8.0,
        "intv_targets": [
            0,
            1,
            2,
            3,
            4,
            5
        ]
    },
    "intv_args_dict": {
        "0": {
            "intv_type": "hard",
            "inode": 0,
            "new_mui": 0.0,
            "new_sigmai": 8.0,
            "true_params": {
                "Si": [
                    [
                        8.0,
                        -6.709331146622757,
                        11.640045402283523,
                        14.318653376855808,
                        19.587676111442697,
                        -2.8210821955886933
                    ],
                    [
                        -6.709331146622757,
                        6.62689055438028,
                        -10.517134604415851,
                        -13.325009671995856,
                        -17.781897470673314,
                        2.305040834749361
                    ],
                    [
                        11.640045402283523,
                        -10.517134604415851,
                        18.506386881443813,
                        22.662147558640665,
                        30.000094911495733,
                        -4.549964859173444
                    ],
                    [
                        14.318653376855808,
                        -13.325009671995856,
                        22.662147558640665,
                        29.057357859354795,
                        37.811931838007844,
                        -5.967728732518918
                    ],
                    [
                        19.587676111442697,
                        -17.781897470673314,
                        30.000094911495733,
                        37.811931838007844,
                        51.349002633759504,
                        -7.396052271931698
                    ],
                    [
                        -2.8210821955886933,
                        2.305040834749361,
                        -4.549964859173444,
                        -5.967728732518918,
                        -7.396052271931698,
                        2.586419213997666
                    ]
                ],
                "mui": [
                    0.0,
                    0.0,
                    0.0,
                    0.0,
                    0.0,
                    0.0
                ],
                "Ai": [
                    [
                        0.0,
                        0.0,
                        0.0,
                        0.0,
                        0.0,
                        0.0
                    ],
                    [
                        -0.8386663933278447,
                        0.0,
                        0.0,
                        0.0,
                        0.0,
                        0.0
                    ],
                    [
                        0.8217960192898759,
                        -0.7550197087103685,
                        0.0,
                        0.0,
                        0.0,
                        0.0
                    ],
                    [
                        -0.0,
                        -0.6863796708081009,
                        0.8344902908358729,
                        0.0,
                        0.0,
                        0.0
                    ],
                    [
                        0.9203192618169829,
                        -0.6013557846187265,
                        -0.0,
                        0.5720109779458296,
                        0.0,
                        0.0
                    ],
                    [
                        0.0,
                        -0.8358842240767415,
                        -0.0,
                        -0.5886940645397716,
                        0.0,
                        0.0
                    ]
                ]
            },
            "est_params": {
                "mui": [
                    2.150826780043314,
                    -4.2972937562448985,
                    4.983488681999214,
                    7.101802910819947,
                    8.65006141587137,
                    -0.555994624277113
                ],
                "Si": [
                    [
                        27.996872970102604,
                        -17.87263027362845,
                        36.68031986584668,
                        43.07090751667756,
                        61.08280223991995,
                        -10.626909317481479
                    ],
                    [
                        -17.872630273628445,
                        40.029203517341294,
                        -45.1448897685443,
                        -65.16534457896677,
                        -77.61733946959107,
                        4.901659957777592
                    ],
                    [
                        36.68031986584668,
                        -45.1448897685443,
                        65.54711676379553,
                        85.87660566528706,
                        109.87263035356438,
                        -13.041889738536275
                    ],
                    [
                        43.07090751667756,
                        -65.16534457896677,
                        85.87660566528706,
                        117.52834885200568,
                        145.7999657471848,
                        -14.939574380914218
                    ],
                    [
                        61.082802239919936,
                        -77.61733946959107,
                        109.87263035356438,
                        145.7999657471848,
                        186.9511340598237,
                        -21.301548107251612
                    ],
                    [
                        -10.626909317481479,
                        4.901659957777592,
                        -13.041889738536275,
                        -14.939574380914216,
                        -21.301548107251612,
                        5.79422673877557
                    ]
                ]
            },
            "est_tgt": [
                0,
                1
            ]
        },
        "1": {
            "intv_type": "hard",
            "inode": 1,
            "new_mui": 0.0,
            "new_sigmai": 8.0,
            "true_params": {
                "Si": [
                    [
                        1.0,
                        0.0,
                        0.8217960192898759,
                        0.6857807991449711,
                        1.3125934073923704,
                        -0.40371508603198575
                    ],
                    [
                        0.0,
                        8.0,
                        -6.040157669682948,
                        -10.53149029693306,
                        -10.834974340925505,
                        -0.4872479640512431
                    ],
                    [
                        0.8217960192898759,
                        -6.040157669682948,
                        6.235786781649404,
                        9.34954495795511,
                        9.736640815258403,
                        -0.4551491158718121
                    ],
                    [
                        0.6857807991449711,
                        -10.53149029693306,
                        9.34954495795511,
                        16.03070533427465,
                        16.134049324973915,
                        -0.6340744854499207
                    ],
                    [
                        1.3125934073923704,
                        -10.834974340925505,
                        9.736640815258403,
                        16.134049324973915,
                        17.952532824472794,
                        -0.44123495474813246
                    ],
                    [
                        -0.40371508603198575,
                        -0.4872479640512431,
                        -0.4551491158718121,
                        -0.6340744854499207,
                        -0.44123495474813246,
                        1.7805587724244236
                    ]
                ],
                "mui": [
                    0.0,
                    0.0,
                    0.0,
                    0.0,
                    0.0,
                    0.0
                ],
                "Ai": [
                    [
                        0.0,
                        0.0,
                        0.0,
                        0.0,
                        0.0,
                        0.0
                    ],
                    [
                        0.0,
                        0.0,
                        0.0,
                        0.0,
                        0.0,
                        0.0
                    ],
                    [
                        0.8217960192898759,
                        -0.7550197087103685,
                        0.0,
                        0.0,
                        0.0,
                        0.0
                    ],
                    [
                        -0.0,
                        -0.6863796708081009,
                        0.8344902908358729,
                        0.0,
                        0.0,
                        0.0
                    ],
                    [
                        0.9203192618169829,
                        -0.6013557846187265,
                        -0.0,
                        0.5720109779458296,
                        0.0,
                        0.0
                    ],
                    [
                        0.0,
                        -0.8358842240767415,
                        -0.0,
                        -0.5886940645397716,
                        0.0,
                        0.0
                    ]
                ]
            },
            "est_params": {
                "mui": [
                    -4.366848501138676,
                    7.823165929057141,
                    -9.4770692229295,
                    -13.26657927901414,
                    -16.327829693872935,
                    1.2615313950320546
                ],
                "Si": [
                    [
                        32.373956893837565,
                        -9.307553550862343,
                        34.02675997470405,
                        34.48949383726575,
                        54.8194815184757,
                        -12.676874935897699
                    ],
                    [
                        -9.307553550862343,
                        25.727819294175358,
                        -27.496575666612372,
                        -40.198499408210836,
                        -46.75282558802999,
                        2.093361526348126
                    ],
                    [
                        34.02675997470405,
                        -27.496575666612372,
                        50.36553284293063,
                        60.32503333205038,
                        81.8329869234152,
                        -12.648794232217476
                    ],
                    [
                        34.48949383726575,
                        -40.19849940821083,
                        60.32503333205038,
                        78.05443979997118,
                        99.92774905611918,
                        -12.471356507538811
                    ],
                    [
                        54.8194815184757,
                        -46.75282558802999,
                        81.8329869234152,
                        99.92774905611918,
                        135.883040046851,
                        -19.887216239474043
                    ],
                    [
                        -12.676874935897699,
                        2.093361526348126,
                        -12.648794232217476,
                        -12.471356507538811,
                        -19.887216239474043,
                        6.669153198725055
                    ]
                ]
            },
            "est_tgt": [
                0,
                1
            ]
        },
        "2": {
            "intv_type": "hard",
            "inode": 2,
            "new_mui": 0.0,
            "new_sigmai": 8.0,
            "true_params": {
                "Si": [
                    [
                        1.0,
                        -0.8386663933278447,
                        0.0,
                        0.5756435629701833,
                        1.7539305862128027,
                        0.3621500586350116
                    ],
                    [
                        -0.8386663933278447,
                        1.703361319297535,
                        0.0,
                        -1.1691525816066946,
                        -2.4649351302462885,
                        -0.7355396693701428
                    ],
                    [
                        0.0,
                        0.0,
                        8.0,
                        6.675922326686983,
                        3.818700858778619,
                        -3.9300758490491687
                    ],
                    [
                        0.5756435629701833,
                        -1.1691525816066946,
                        6.675922326686983,
                        7.373474928082362,
                        5.450561131464968,
                        -3.3634447266912746
                    ],
                    [
                        1.7539305862128027,
                        -2.4649351302462885,
                        3.818700858778619,
                        5.450561131464968,
                        7.214259904827918,
                        -1.1483125977591875
                    ],
                    [
                        0.3621500586350116,
                        -0.7355396693701428,
                        -3.9300758490491687,
                        -3.3634447266912746,
                        -1.1483125977591875,
                        3.594865952819872
                    ]
                ],
                "mui": [
                    0.0,
                    0.0,
                    0.0,
                    0.0,
                    0.0,
                    0.0
                ],
                "Ai": [
                    [
                        0.0,
                        0.0,
                        0.0,
                        0.0,
                        0.0,
                        0.0
                    ],
                    [
                        -0.8386663933278447,
                        0.0,
                        0.0,
                        0.0,
                        0.0,
                        0.0
                    ],
                    [
                        0.0,
                        0.0,
                        0.0,
                        0.0,
                        0.0,
                        0.0
                    ],
                    [
                        -0.0,
                        -0.6863796708081009,
                        0.8344902908358729,
                        0.0,
                        0.0,
                        0.0
                    ],
                    [
                        0.9203192618169829,
                        -0.6013557846187265,
                        -0.0,
                        0.5720109779458296,
                        0.0,
                        0.0
                    ],
                    [
                        0.0,
                        -0.8358842240767415,
                        -0.0,
                        -0.5886940645397716,
                        0.0,
                        0.0
                    ]
                ]
            },
            "est_params": {
                "mui": [
                    0.07226459742939063,
                    -0.03879735393895973,
                    0.03314732391095067,
                    0.02814887655301446,
                    0.07494109084390838,
                    0.02313927133292347
                ],
                "Si": [
                    [
                        0.9895505788151039,
                        -0.8390198110549989,
                        0.3295575226478407,
                        0.8565947723194131,
                        1.865976481775277,
                        0.2130233997081687
                    ],
                    [
                        -0.8390198110549989,
                        1.6946245267011786,
                        -0.5738706286422577,
                        -1.6491301365534519,
                        -2.687121653527596,
                        -0.467007169750704
                    ],
                    [
                        0.32955752264784066,
                        -0.5738706286422577,
                        53.07696693593004,
                        44.66395275120789,
                        26.243446819014192,
                        -25.487502925190523
                    ],
                    [
                        0.8565947723194131,
                        -1.6491301365534519,
                        44.66395275120789,
                        39.30097148664151,
                        24.282793178670822,
                        -21.47523267109421
                    ],
                    [
                        1.8659764817752769,
                        -2.687121653527596,
                        26.243446819014192,
                        24.282793178670822,
                        18.145338111634278,
                        -11.871738076466878
                    ],
                    [
                        0.2130233997081687,
                        -0.467007169750704,
                        -25.487502925190523,
                        -21.47523267109421,
                        -11.871738076466878,
                        13.766767241225555
                    ]
                ]
            },
            "est_tgt": [
                2,
                3,
                4
            ]
        },
        "3": {
            "intv_type": "hard",
            "inode": 3,
            "new_mui": 0.0,
            "new_sigmai": 8.0,
            "true_params": {
                "Si": [
                    [
                        1.0,
                        -0.8386663933278447,
                        1.4550056752854403,
                        0.0,
                        1.4246561488100065,
                        0.7010280074460847
                    ],
                    [
                        -0.8386663933278447,
                        1.703361319297535,
                        -1.9752840706735537,
                        0.0,
                        -1.7961670186735519,
                        -1.4238128547033546
                    ],
                    [
                        1.4550056752854403,
                        -1.9752840706735537,
                        3.68709627565393,
                        0.0,
                        2.5269182511829844,
                        1.6511087927461108
                    ],
                    [
                        0.0,
                        0.0,
                        0.0,
                        8.0,
                        4.5760878235666365,
                        -4.709552516318173
                    ],
                    [
                        1.4246561488100065,
                        -1.7961670186735519,
                        2.5269182511829844,
                        4.5760878235666365,
                        6.008846393160918,
                        -1.1925280658302244
                    ],
                    [
                        0.7010280074460847,
                        -1.4238128547033546,
                        1.6511087927461108,
                        -4.709552516318173,
                        -1.1925280658302244,
                        4.9626283162790585
                    ]
                ],
                "mui": [
                    0.0,
                    0.0,
                    0.0,
                    0.0,
                    0.0,
                    0.0
                ],
                "Ai": [
                    [
                        0.0,
                        0.0,
                        0.0,
                        0.0,
                        0.0,
                        0.0
                    ],
                    [
                        -0.8386663933278447,
                        0.0,
                        0.0,
                        0.0,
                        0.0,
                        0.0
                    ],
                    [
                        0.8217960192898759,
                        -0.7550197087103685,
                        0.0,
                        0.0,
                        0.0,
                        0.0
                    ],
                    [
                        0.0,
                        0.0,
                        0.0,
                        0.0,
                        0.0,
                        0.0
                    ],
                    [
                        0.9203192618169829,
                        -0.6013557846187265,
                        -0.0,
                        0.5720109779458296,
                        0.0,
                        0.0
                    ],
                    [
                        0.0,
                        -0.8358842240767415,
                        -0.0,
                        -0.5886940645397716,
                        0.0,
                        0.0
                    ]
                ]
            },
            "est_params": {
                "mui": [
                    0.14083887851228094,
                    -0.307650502346714,
                    0.35524392680582184,
                    3.3401561255966277,
                    2.1988964677297216,
                    -1.6903692616127886
                ],
                "Si": [
                    [
                        1.0309799190879576,
                        -0.736278082398386,
                        1.3221957425057091,
                        -0.29406584639516486,
                        1.2969645489635835,
                        0.7717441690340798
                    ],
                    [
                        -0.736278082398386,
                        1.4812134612626024,
                        -1.732785583836983,
                        -0.26417612900356907,
                        -1.8525253014350191,
                        -0.9209044277104544
                    ],
                    [
                        1.3221957425057091,
                        -1.732785583836983,
                        3.371140178999305,
                        0.06421157496733848,
                        2.4645801764677415,
                        1.1643353755435657
                    ],
                    [
                        -0.294065846395165,
                        -0.26417612900356896,
                        0.06421157496733833,
                        48.36631272156345,
                        26.907222747238965,
                        -27.809702681781562
                    ],
                    [
                        1.296964548963584,
                        -1.8525253014350196,
                        2.4645801764677415,
                        26.907222747238965,
                        18.29368059679793,
                        -14.276964582556172
                    ],
                    [
                        0.7717441690340798,
                        -0.9209044277104544,
                        1.1643353755435657,
                        -27.809702681781562,
                        -14.276964582556172,
                        17.597923142085083
                    ]
                ]
            },
            "est_tgt": [
                1,
                2,
                3,
                4,
                5
            ]
        },
        "4": {
            "intv_type": "hard",
            "inode": 4,
            "new_mui": 0.0,
            "new_sigmai": 8.0,
            "true_params": {
                "Si": [
                    [
                        1.0,
                        -0.8386663933278447,
                        1.4550056752854403,
                        1.789831672106976,
                        0.0,
                        -0.35263527444858667
                    ],
                    [
                        -0.8386663933278447,
                        1.703361319297535,
                        -1.9752840706735537,
                        -2.8175079602265356,
                        0.0,
                        0.23483735827556543
                    ],
                    [
                        1.4550056752854403,
                        -1.9752840706735537,
                        3.68709627565393,
                        4.432640873591711,
                        0.0,
                        -0.9583605797737174
                    ],
                    [
                        1.789831672106976,
                        -2.8175079602265356,
                        4.432640873591711,
                        6.632875958014019,
                        0.0,
                        -1.5496242521474033
                    ],
                    [
                        0.0,
                        0.0,
                        0.0,
                        0.0,
                        8.0,
                        0.0
                    ],
                    [
                        -0.35263527444858667,
                        0.23483735827556543,
                        -0.9583605797737174,
                        -1.5496242521474033,
                        0.0,
                        1.715957756499656
                    ]
                ],
                "mui": [
                    0.0,
                    0.0,
                    0.0,
                    0.0,
                    0.0,
                    0.0
                ],
                "Ai": [
                    [
                        0.0,
                        0.0,
                        0.0,
                        0.0,
                        0.0,
                        0.0
                    ],
                    [
                        -0.8386663933278447,
                        0.0,
                        0.0,
                        0.0,
                        0.0,
                        0.0
                    ],
                    [
                        0.8217960192898759,
                        -0.7550197087103685,
                        0.0,
                        0.0,
                        0.0,
                        0.0
                    ],
                    [
                        -0.0,
                        -0.6863796708081009,
                        0.8344902908358729,
                        0.0,
                        0.0,
                        0.0
                    ],
                    [
                        0.0,
                        0.0,
                        0.0,
                        0.0,
                        0.0,
                        0.0
                    ],
                    [
                        0.0,
                        -0.8358842240767415,
                        -0.0,
                        -0.5886940645397716,
                        0.0,
                        0.0
                    ]
                ]
            },
            "est_params": {
                "mui": [
                    -0.004678613112683772,
                    0.004804891495472432,
                    -0.06584720830467254,
                    -0.0498586797996095,
                    -0.04389593340011476,
                    0.04843829793318734
                ],
                "Si": [
                    [
                        0.963866534329387,
                        -0.7844607469083971,
                        1.3517009083922333,
                        1.6760632132348408,
                        0.45813706375225205,
                        -0.35046205914042844
                    ],
                    [
                        -0.7844607469083971,
                        1.6235200808268273,
                        -1.8377706185025426,
                        -2.608289287951743,
                        -0.716968168911839,
                        0.1946467254512513
                    ],
                    [
                        1.3517009083922333,
                        -1.8377706185025426,
                        3.3785994783577977,
                        4.040321784043159,
                        0.9823832495871997,
                        -0.8753353650180976
                    ],
                    [
                        1.6760632132348408,
                        -2.6082892879517434,
                        4.040321784043159,
                        6.1079140412505355,
                        1.1536730645025697,
                        -1.4590905902190174
                    ],
                    [
                        0.4581370637522521,
                        -0.716968168911839,
                        0.9823832495871997,
                        1.1536730645025697,
                        52.62289161278587,
                        -0.2161615049332052
                    ],
                    [
                        -0.35046205914042844,
                        0.1946467254512513,
                        -0.8753353650180976,
                        -1.4590905902190174,
                        -0.2161615049332051,
                        1.7021403992386783
                    ]
                ]
            },
            "est_tgt": [
                3,
                4
            ]
        },
        "5": {
            "intv_type": "hard",
            "inode": 5,
            "new_mui": 0.0,
            "new_sigmai": 8.0,
            "true_params": {
                "Si": [
                    [
                        1.0,
                        -0.8386663933278447,
                        1.4550056752854403,
                        1.789831672106976,
                        2.448459513930337,
                        0.0
                    ],
                    [
                        -0.8386663933278447,
                        1.703361319297535,
                        -1.9752840706735537,
                        -2.8175079602265356,
                        -3.4078125023728916,
                        0.0
                    ],
                    [
                        1.4550056752854403,
                        -1.9752840706735537,
                        3.68709627565393,
                        4.432640873591711,
                        5.0624374921688355,
                        0.0
                    ],
                    [
                        1.789831672106976,
                        -2.8175079602265356,
                        4.432640873591711,
                        6.632875958014019,
                        7.135619136678663,
                        0.0
                    ],
                    [
                        2.448459513930337,
                        -3.4078125023728916,
                        5.0624374921688355,
                        7.135619136678663,
                        9.38432469426763,
                        0.0
                    ],
                    [
                        0.0,
                        0.0,
                        0.0,
                        0.0,
                        0.0,
                        8.0
                    ]
                ],
                "mui": [
                    0.0,
                    0.0,
                    0.0,
                    0.0,
                    0.0,
                    0.0
                ],
                "Ai": [
                    [
                        0.0,
                        0.0,
                        0.0,
                        0.0,
                        0.0,
                        0.0
                    ],
                    [
                        -0.8386663933278447,
                        0.0,
                        0.0,
                        0.0,
                        0.0,
                        0.0
                    ],
                    [
                        0.8217960192898759,
                        -0.7550197087103685,
                        0.0,
                        0.0,
                        0.0,
                        0.0
                    ],
                    [
                        -0.0,
                        -0.6863796708081009,
                        0.8344902908358729,
                        0.0,
                        0.0,
                        0.0
                    ],
                    [
                        0.9203192618169829,
                        -0.6013557846187265,
                        -0.0,
                        0.5720109779458296,
                        0.0,
                        0.0
                    ],
                    [
                        0.0,
                        0.0,
                        0.0,
                        0.0,
                        0.0,
                        0.0
                    ]
                ]
            },
            "est_params": {
                "mui": [
                    0.027744703776725315,
                    -0.05094673923892634,
                    0.08505272920791072,
                    0.16039944638703504,
                    0.1364646919830539,
                    0.17331442163121547
                ],
                "Si": [
                    [
                        0.9988101499431368,
                        -0.8450685046799614,
                        1.4902908021459225,
                        1.845014037897014,
                        2.5280824468975744,
                        -0.11837109980337604
                    ],
                    [
                        -0.8450685046799616,
                        1.82535253887785,
                        -2.1340156611145895,
                        -3.0641483730210983,
                        -3.6710850617028314,
                        0.021742826716792497
                    ],
                    [
                        1.4902908021459225,
                        -2.1340156611145895,
                        3.7843771174561565,
                        4.682875402922472,
                        5.405869722177976,
                        -0.08005390640492446
                    ],
                    [
                        1.8450140378970141,
                        -3.0641483730210983,
                        4.682875402922472,
                        7.042949304431209,
                        7.641842197688354,
                        -0.19802199304134355
                    ],
                    [
                        2.5280824468975744,
                        -3.6710850617028314,
                        5.405869722177976,
                        7.641842197688354,
                        9.88856829450115,
                        -0.2773019603746537
                    ],
                    [
                        -0.11837109980337604,
                        0.021742826716792486,
                        -0.08005390640492442,
                        -0.1980219930413435,
                        -0.27730196037465366,
                        47.24690185954788
                    ]
                ]
            },
            "est_tgt": [
                5
            ]
        },
        "obs": {
            "intv_type": "obs",
            "true_params": {
                "Si": [
                    [
                        1.0,
                        -0.8386663933278447,
                        1.4550056752854403,
                        1.789831672106976,
                        2.448459513930337,
                        -0.35263527444858667
                    ],
                    [
                        -0.8386663933278447,
                        1.703361319297535,
                        -1.9752840706735537,
                        -2.8175079602265356,
                        -3.4078125023728916,
                        0.23483735827556543
                    ],
                    [
                        1.4550056752854403,
                        -1.9752840706735537,
                        3.68709627565393,
                        4.432640873591711,
                        5.0624374921688355,
                        -0.9583605797737174
                    ],
                    [
                        1.789831672106976,
                        -2.8175079602265356,
                        4.432640873591711,
                        6.632875958014019,
                        7.135619136678663,
                        -1.5496242521474033
                    ],
                    [
                        2.448459513930337,
                        -3.4078125023728916,
                        5.0624374921688355,
                        7.135619136678663,
                        9.38432469426763,
                        -1.352159923234155
                    ],
                    [
                        -0.35263527444858667,
                        0.23483735827556543,
                        -0.9583605797737174,
                        -1.5496242521474033,
                        -1.352159923234155,
                        1.715957756499656
                    ]
                ],
                "mui": [
                    0.0,
                    0.0,
                    0.0,
                    0.0,
                    0.0,
                    0.0
                ],
                "Ai": [
                    [
                        0.0,
                        0.0,
                        0.0,
                        0.0,
                        0.0,
                        0.0
                    ],
                    [
                        -0.8386663933278447,
                        0.0,
                        0.0,
                        0.0,
                        0.0,
                        0.0
                    ],
                    [
                        0.8217960192898759,
                        -0.7550197087103685,
                        0.0,
                        0.0,
                        0.0,
                        0.0
                    ],
                    [
                        -0.0,
                        -0.6863796708081009,
                        0.8344902908358729,
                        0.0,
                        0.0,
                        0.0
                    ],
                    [
                        0.9203192618169829,
                        -0.6013557846187265,
                        -0.0,
                        0.5720109779458296,
                        0.0,
                        0.0
                    ],
                    [
                        0.0,
                        -0.8358842240767415,
                        -0.0,
                        -0.5886940645397716,
                        0.0,
