{
    "expt_args": {
        "save_dir": "expt_logs_30.04.24-hard",
        "exp_name": "143",
        "num_nodes": 6,
        "obs_noise_mean": 0.0,
        "obs_noise_var": 1.0,
        "max_edge_strength": 1.0,
        "graph_sparsity_method": "adj_dense_prop",
        "adj_dense_prop": 0.8,
        "num_parents": null,
        "new_noise_mean": 0.0,
        "mix_samples": 131072,
        "stage2_samples": 131072,
        "gmm_tol": 0.001,
        "intv_type": "hard",
        "new_noise_sigma": 1.0,
        "intv_targets": [
            0,
            1,
            2,
            3,
            4,
            5
        ]
    },
    "intv_args_dict": {
        "0": {
            "intv_type": "hard",
            "inode": 0,
            "new_mui": 0.0,
            "new_sigmai": 1.0,
            "true_params": {
                "Si": [
                    [
                        1.0,
                        0.572302691249761,
                        0.2886727367193277,
                        -1.5751780879400072,
                        0.309679567176106,
                        2.478724766065853
                    ],
                    [
                        0.572302691249761,
                        1.3275303704117192,
                        0.6696138790958968,
                        -2.25576056951388,
                        0.7183419487762345,
                        3.080575397977274
                    ],
                    [
                        0.2886727367193277,
                        0.6696138790958968,
                        1.3377570540542836,
                        -1.8750271484739607,
                        -0.20732981256021238,
                        2.024121786795978
                    ],
                    [
                        -1.5751780879400072,
                        -2.25576056951388,
                        -1.8750271484739607,
                        5.858742126224372,
                        -0.8006555764892829,
                        -7.491264123076775
                    ],
                    [
                        0.309679567176106,
                        0.7183419487762345,
                        -0.20732981256021238,
                        -0.8006555764892829,
                        1.7132219645844353,
                        0.7876166301188363
                    ],
                    [
                        2.478724766065853,
                        3.080575397977274,
                        2.024121786795978,
                        -7.491264123076775,
                        0.7876166301188363,
                        11.480085745586555
                    ]
                ],
                "mui": [
                    0.0,
                    0.0,
                    0.0,
                    0.0,
                    0.0,
                    0.0
                ],
                "Ai": [
                    [
                        0.0,
                        0.0,
                        0.0,
                        0.0,
                        0.0,
                        0.0
                    ],
                    [
                        0.572302691249761,
                        0.0,
                        0.0,
                        0.0,
                        0.0,
                        0.0
                    ],
                    [
                        -0.0,
                        0.5044056949809919,
                        0.0,
                        0.0,
                        0.0,
                        0.0
                    ],
                    [
                        -0.8001189057995345,
                        -0.9824296586989283,
                        -0.737208670697594,
                        0.0,
                        0.0,
                        0.0
                    ],
                    [
                        0.0,
                        0.8284540630871496,
                        -0.569665582466689,
                        -0.0,
                        0.0,
                        0.0
                    ],
                    [
                        0.7359705321291118,
                        0.9593723574503044,
                        -0.6073969905107643,
                        -0.9893408068689278,
                        -0.6114260583231033,
                        0.0
                    ]
                ]
            },
            "est_params": {
                "mui": [
                    0.7430423593768822,
                    0.9790001013959746,
                    0.5489314860597374,
                    -2.3475369983296575,
                    0.3233581948208972,
                    3.51511964948533
                ],
                "Si": [
                    [
                        0.7420714258083364,
                        0.15819530655375819,
                        0.009929987819979046,
                        -0.6269483662239176,
                        0.10487731271983965,
                        1.1762503948728198
                    ],
                    [
                        0.15819530655375819,
                        0.8353765037771715,
                        0.25957910618921365,
                        -0.9661121670704466,
                        0.4354369230764429,
                        1.3499675000095288
                    ],
                    [
                        0.009929987819979048,
                        0.2595791061892136,
                        1.1709037862828726,
                        -1.0374579886280701,
                        -0.35652452153066183,
                        0.7405482913261867
                    ],
                    [
                        -0.6269483662239176,
                        -0.9661121670704466,
                        -1.0374579886280701,
                        2.7900760478194573,
                        -0.2087141657582049,
                        -3.180662024943272
                    ],
                    [
                        0.10487731271983965,
                        0.4354369230764429,
                        -0.35652452153066183,
                        -0.2087141657582049,
                        1.6509870865976883,
                        -0.12979692895294226
                    ],
                    [
                        1.1762503948728202,
                        1.3499675000095288,
                        0.7405482913261867,
                        -3.180662024943272,
                        -0.12979692895294223,
                        5.514759069219474
                    ]
                ]
            },
            "est_tgt": [
                0,
                1,
                2,
                3,
                4,
                5
            ]
        },
        "1": {
            "intv_type": "hard",
            "inode": 1,
            "new_mui": 0.0,
            "new_sigmai": 1.0,
            "true_params": {
                "Si": [
                    [
                        1.0,
                        0.0,
                        0.0,
                        -0.8001189057995345,
                        0.0,
                        1.527560815983907
                    ],
                    [
                        0.0,
                        1.0,
                        0.5044056949809919,
                        -1.3542819105881614,
                        0.5411114990562879,
                        1.6619945434903522
                    ],
                    [
                        0.0,
                        0.5044056949809919,
                        1.2544251051292574,
                        -1.420316179008001,
                        -0.2967258607229958,
                        1.3085815250017727
                    ],
                    [
                        -0.8001189057995345,
                        -1.3542819105881614,
                        -1.420316179008001,
                        4.017746380915879,
                        -0.3128551079907352,
                        -4.8090614741629105
                    ],
                    [
                        0.0,
                        0.5411114990562879,
                        -0.2967258607229958,
                        -0.3128551079907352,
                        1.6173205302580551,
                        0.02000621741486852
                    ],
                    [
                        1.527560815983907,
                        1.6619945434903522,
                        1.3085815250017727,
                        -4.8090614741629105,
                        0.02000621741486852,
                        7.6694513262077555
                    ]
                ],
                "mui": [
                    0.0,
                    0.0,
                    0.0,
                    0.0,
                    0.0,
                    0.0
                ],
                "Ai": [
                    [
                        0.0,
                        0.0,
                        0.0,
                        0.0,
                        0.0,
                        0.0
                    ],
                    [
                        0.0,
                        0.0,
                        0.0,
                        0.0,
                        0.0,
                        0.0
                    ],
                    [
                        -0.0,
                        0.5044056949809919,
                        0.0,
                        0.0,
                        0.0,
                        0.0
                    ],
                    [
                        -0.8001189057995345,
                        -0.9824296586989283,
                        -0.737208670697594,
                        0.0,
                        0.0,
                        0.0
                    ],
                    [
                        0.0,
                        0.8284540630871496,
                        -0.569665582466689,
                        -0.0,
                        0.0,
                        0.0
                    ],
                    [
                        0.7359705321291118,
                        0.9593723574503044,
                        -0.6073969905107643,
                        -0.9893408068689278,
                        -0.6114260583231033,
                        0.0
                    ]
                ]
            },
            "est_params": {
                "mui": [
                    0.09026715738773324,
                    0.007120028716312632,
                    0.19865305089915533,
                    -0.2828900679951189,
                    -0.3975911087427937,
                    0.5758132670158016
                ],
                "Si": [
                    [
                        0.6544792922885373,
                        -0.01441730824733067,
                        -0.12713310064952205,
                        -0.18229743143164065,
                        0.11974170950432673,
                        0.5675752689481852
                    ],
                    [
                        -0.014417308247330674,
                        0.6522586469582224,
                        0.1201727665104824,
                        -0.38424060169045937,
                        0.4718249991664728,
                        0.542229297337947
                    ],
                    [
                        -0.127133100649522,
                        0.12017276651048239,
                        0.922705959355229,
                        -0.478149235979613,
                        -0.249169503177692,
                        0.06074750708210125
                    ],
                    [
                        -0.18229743143164065,
                        -0.38424060169045937,
                        -0.478149235979613,
                        1.226854240373376,
                        -0.2558362774023433,
                        -1.032683510623802
                    ],
                    [
                        0.11974170950432673,
                        0.4718249991664728,
                        -0.249169503177692,
                        -0.2558362774023433,
                        1.383732908416375,
                        0.08268776163695656
                    ],
                    [
                        0.5675752689481852,
                        0.542229297337947,
                        0.060747507082101256,
                        -1.032683510623802,
                        0.08268776163695657,
                        2.3633944451339146
                    ]
                ]
            },
            "est_tgt": [
                0,
                1,
                2,
                3,
                4,
                5
            ]
        },
        "2": {
            "intv_type": "hard",
            "inode": 2,
            "new_mui": 0.0,
            "new_sigmai": 1.0,
            "true_params": {
                "Si": [
                    [
                        1.0,
                        0.572302691249761,
                        0.0,
                        -1.3623660434365152,
                        0.47412648988157496,
                        2.3429729440179994
                    ],
                    [
                        0.572302691249761,
                        1.3275303704117192,
                        0.0,
                        -1.7621154118249347,
                        1.0997979292391775,
                        2.7656814277712085
                    ],
                    [
                        0.0,
                        0.0,
                        1.0,
                        -0.737208670697594,
                        -0.569665582466689,
                        0.47026201223790537
                    ],
                    [
                        -1.3623660434365152,
                        -1.7621154118249347,
                        -0.737208670697594,
                        4.364685894751871,
                        -1.0398692657624147,
                        -5.927766449231237
                    ],
                    [
                        0.47412648988157496,
                        1.0997979292391775,
                        -0.569665582466689,
                        -1.0398692657624147,
                        2.235650938900142,
                        1.41192187460516
                    ],
                    [
                        2.3429729440179994,
                        2.7656814277712085,
                        0.47026201223790537,
                        -5.927766449231237,
                        1.41192187460516,
                        10.093337040068578
                    ]
                ],
                "mui": [
                    0.0,
                    0.0,
                    0.0,
                    0.0,
                    0.0,
                    0.0
                ],
                "Ai": [
                    [
                        0.0,
                        0.0,
                        0.0,
                        0.0,
                        0.0,
                        0.0
                    ],
                    [
                        0.572302691249761,
                        0.0,
                        0.0,
                        0.0,
                        0.0,
                        0.0
                    ],
                    [
                        0.0,
                        0.0,
                        0.0,
                        0.0,
                        0.0,
                        0.0
                    ],
                    [
                        -0.8001189057995345,
                        -0.9824296586989283,
                        -0.737208670697594,
                        0.0,
                        0.0,
                        0.0
                    ],
                    [
                        0.0,
                        0.8284540630871496,
                        -0.569665582466689,
                        -0.0,
                        0.0,
                        0.0
                    ],
                    [
                        0.7359705321291118,
                        0.9593723574503044,
                        -0.6073969905107643,
                        -0.9893408068689278,
                        -0.6114260583231033,
                        0.0
                    ]
                ]
            },
            "est_params": {
                "mui": [
                    -0.43190563854990977,
                    -0.5345646331082136,
                    -0.4145394479616102,
                    1.4246792788582272,
                    -0.027227103779561106,
                    -2.1165241036923814
                ],
                "Si": [
                    [
                        0.6333127249644626,
                        -0.04526433369714366,
                        -0.13212552663986335,
                        -0.20672857238017836,
                        0.1173350836065771,
                        0.5292640094568287
                    ],
                    [
                        -0.04526433369714366,
                        0.6348704285918026,
                        0.11738307133677739,
                        -0.47421652324315383,
                        0.4891346918519958,
                        0.5440058883064078
                    ],
                    [
                        -0.13212552663986335,
                        0.11738307133677742,
                        0.9542773409629249,
                        -0.5698191533431843,
                        -0.2954625954410814,
                        0.09916709920172372
                    ],
                    [
                        -0.20672857238017836,
                        -0.47421652324315383,
                        -0.5698191533431843,
                        1.4206419644137058,
                        -0.3539777731957816,
                        -1.1274611118196258
                    ],
                    [
                        0.1173350836065771,
                        0.48913469185199565,
                        -0.2954625954410814,
                        -0.35397777319578155,
                        1.5174960303661802,
                        0.1473110718336851
                    ],
                    [
                        0.5292640094568287,
                        0.5440058883064078,
                        0.09916709920172374,
                        -1.1274611118196258,
                        0.14731107183368508,
                        2.3963407950007793
                    ]
                ]
            },
            "est_tgt": [
                0,
                1,
                2,
                3,
                4,
                5
            ]
        },
        "3": {
            "intv_type": "hard",
            "inode": 3,
            "new_mui": 0.0,
            "new_sigmai": 1.0,
            "true_params": {
                "Si": [
                    [
                        1.0,
                        0.572302691249761,
                        0.2886727367193277,
                        0.0,
                        0.309679567176106,
                        0.9203368055810315
                    ],
                    [
                        0.572302691249761,
                        1.3275303704117192,
                        0.6696138790958968,
                        0.0,
                        0.7183419487762345,
                        0.8488594160313
                    ],
                    [
                        0.2886727367193277,
                        0.6696138790958968,
                        1.3377570540542836,
                        0.0,
                        -0.20732981256021238,
                        0.16908091482360482
                    ],
                    [
                        0.0,
                        0.0,
                        0.0,
                        1.0,
                        0.0,
                        -0.9893408068689278
                    ],
                    [
                        0.309679567176106,
                        0.7183419487762345,
                        -0.20732981256021238,
                        0.0,
                        1.7132219645844353,
                        -0.004504603949177066
                    ],
                    [
                        0.9203368055810315,
                        0.8488594160313,
                        0.16908091482360482,
                        -0.9893408068689278,
                        -0.004504603949177066,
                        3.370563253199664
                    ]
                ],
                "mui": [
                    0.0,
                    0.0,
                    0.0,
                    0.0,
                    0.0,
                    0.0
                ],
                "Ai": [
                    [
                        0.0,
                        0.0,
                        0.0,
                        0.0,
                        0.0,
                        0.0
                    ],
                    [
                        0.572302691249761,
                        0.0,
                        0.0,
                        0.0,
                        0.0,
                        0.0
                    ],
                    [
                        -0.0,
                        0.5044056949809919,
                        0.0,
                        0.0,
                        0.0,
                        0.0
                    ],
                    [
                        0.0,
                        0.0,
                        0.0,
                        0.0,
                        0.0,
                        0.0
                    ],
                    [
                        0.0,
                        0.8284540630871496,
                        -0.569665582466689,
                        -0.0,
                        0.0,
                        0.0
                    ],
                    [
                        0.7359705321291118,
                        0.9593723574503044,
                        -0.6073969905107643,
                        -0.9893408068689278,
                        -0.6114260583231033,
                        0.0
                    ]
                ]
            },
            "est_params": {
                "mui": [
                    0.01736973684046567,
                    0.05151258964385664,
                    -0.06307371908676869,
                    -0.004055949533898945,
                    0.14777145395257468,
                    -0.01437605655940585
                ],
                "Si": [
                    [
                        0.9858101047747135,
                        0.5658913596375199,
                        0.27899657578348797,
                        -0.02798820881991805,
                        0.34843314112913687,
                        0.9235337434098403
                    ],
                    [
                        0.5658913596375198,
                        1.2922000565187821,
                        0.6442107427208228,
                        -0.04526593962955477,
                        0.7043879326275168,
                        0.8659730473501493
                    ],
                    [
                        0.27899657578348797,
                        0.6442107427208228,
                        1.305599660527178,
                        -0.04055785754866301,
                        -0.1993396151963948,
                        0.18789644803045202
                    ],
                    [
                        -0.02798820881991806,
                        -0.045265939629554774,
                        -0.04055785754866301,
                        1.06468072376934,
                        -0.020698900943338414,
                        -1.0556078888982567
                    ],
                    [
                        0.3484331411291369,
                        0.7043879326275168,
                        -0.1993396151963948,
                        -0.020698900943338403,
                        1.6774195471937041,
                        0.0407213615643026
                    ],
                    [
                        0.9235337434098403,
                        0.8659730473501493,
                        0.187896448030452,
                        -1.0556078888982567,
                        0.040721361564302595,
                        3.4162821009714817
                    ]
                ]
            },
            "est_tgt": [
                2,
                3,
                4,
                5
            ]
        },
        "4": {
            "intv_type": "hard",
            "inode": 4,
            "new_mui": 0.0,
            "new_sigmai": 1.0,
            "true_params": {
                "Si": [
                    [
                        1.0,
                        0.572302691249761,
                        0.2886727367193277,
                        -1.5751780879400072,
                        0.0,
                        2.6680709231675444
                    ],
                    [
                        0.572302691249761,
                        1.3275303704117192,
                        0.6696138790958968,
                        -2.25576056951388,
                        0.0,
                        3.519788384245664
                    ],
                    [
                        0.2886727367193277,
                        0.6696138790958968,
                        1.3377570540542836,
                        -1.8750271484739607,
                        0.0,
                        1.8973549367294194
                    ],
                    [
                        -1.5751780879400072,
                        -2.25576056951388,
                        -1.8750271484739607,
                        5.858742126224372,
                        0.0,
                        -7.98080580628403
                    ],
                    [
                        0.0,
                        0.0,
                        0.0,
                        0.0,
                        1.0,
                        -0.6114260583231033
                    ],
                    [
                        2.6680709231675444,
                        3.519788384245664,
                        1.8973549367294194,
                        -7.98080580628403,
                        -0.6114260583231033,
                        13.45754025915139
                    ]
                ],
                "mui": [
                    0.0,
                    0.0,
                    0.0,
                    0.0,
                    0.0,
                    0.0
                ],
                "Ai": [
                    [
                        0.0,
                        0.0,
                        0.0,
                        0.0,
                        0.0,
                        0.0
                    ],
                    [
                        0.572302691249761,
                        0.0,
                        0.0,
                        0.0,
                        0.0,
                        0.0
                    ],
                    [
                        -0.0,
                        0.5044056949809919,
                        0.0,
                        0.0,
                        0.0,
                        0.0
                    ],
                    [
                        -0.8001189057995345,
                        -0.9824296586989283,
                        -0.737208670697594,
                        0.0,
                        0.0,
                        0.0
                    ],
                    [
                        0.0,
                        0.0,
                        0.0,
                        0.0,
                        0.0,
                        0.0
                    ],
                    [
                        0.7359705321291118,
                        0.9593723574503044,
                        -0.6073969905107643,
                        -0.9893408068689278,
                        -0.6114260583231033,
                        0.0
                    ]
                ]
            },
            "est_params": {
                "mui": [
                    0.37197260568883006,
                    0.6159640397180144,
                    0.4627668935733426,
                    -1.4893502889136323,
                    0.35251101745408486,
                    1.4817805320884854
                ],
                "Si": [
                    [
                        0.6401105778870578,
                        -0.08758546281258345,
                        -0.12214864839243103,
                        -0.18472242069692618,
                        0.0070908538888312745,
                        0.3699722035877548
                    ],
                    [
                        -0.08758546281258345,
                        0.5517707342240732,
                        0.11517065261661988,
                        -0.37542114543594074,
                        0.45387194649412593,
                        0.18201857350256118
                    ],
                    [
                        -0.12214864839243103,
                        0.11517065261661988,
                        1.0187871035355716,
                        -0.674601669549607,
                        -0.45482980988204724,
                        0.04956536611234108
                    ],
                    [
                        -0.18472242069692618,
                        -0.37542114543594074,
                        -0.674601669549607,
                        1.4312940968301022,
                        -0.0011622446496341679,
                        -0.6444345807288667
                    ],
                    [
                        0.007090853888831264,
                        0.45387194649412593,
                        -0.45482980988204724,
                        -0.0011622446496341724,
                        1.6065558911145534,
                        -0.32780309538573593
                    ],
                    [
                        0.3699722035877548,
                        0.18201857350256118,
                        0.04956536611234108,
                        -0.6444345807288667,
                        -0.32780309538573593,
                        2.2742932112720906
                    ]
                ]
            },
            "est_tgt": [
                0,
                1,
                2,
                3,
                4,
                5
            ]
        },
        "5": {
            "intv_type": "hard",
            "inode": 5,
            "new_mui": 0.0,
            "new_sigmai": 1.0,
            "true_params": {
                "Si": [
                    [
                        1.0,
                        0.572302691249761,
                        0.2886727367193277,
                        -1.5751780879400072,
                        0.309679567176106,
                        0.0
                    ],
                    [
                        0.572302691249761,
                        1.3275303704117192,
                        0.6696138790958968,
                        -2.25576056951388,
                        0.7183419487762345,
                        0.0
                    ],
                    [
                        0.2886727367193277,
                        0.6696138790958968,
                        1.3377570540542836,
                        -1.8750271484739607,
                        -0.20732981256021238,
                        0.0
                    ],
                    [
                        -1.5751780879400072,
                        -2.25576056951388,
                        -1.8750271484739607,
                        5.858742126224372,
                        -0.8006555764892829,
                        0.0
                    ],
                    [
                        0.309679567176106,
                        0.7183419487762345,
                        -0.20732981256021238,
                        -0.8006555764892829,
                        1.7132219645844353,
                        0.0
                    ],
                    [
                        0.0,
                        0.0,
                        0.0,
                        0.0,
                        0.0,
                        1.0
                    ]
                ],
                "mui": [
                    0.0,
                    0.0,
                    0.0,
                    0.0,
                    0.0,
                    0.0
                ],
                "Ai": [
                    [
                        0.0,
                        0.0,
                        0.0,
                        0.0,
                        0.0,
                        0.0
                    ],
                    [
                        0.572302691249761,
                        0.0,
                        0.0,
                        0.0,
                        0.0,
                        0.0
                    ],
                    [
                        -0.0,
                        0.5044056949809919,
                        0.0,
                        0.0,
                        0.0,
                        0.0
                    ],
                    [
                        -0.8001189057995345,
                        -0.9824296586989283,
                        -0.737208670697594,
                        0.0,
                        0.0,
                        0.0
                    ],
                    [
                        0.0,
                        0.8284540630871496,
                        -0.569665582466689,
                        -0.0,
                        0.0,
                        0.0
                    ],
                    [
                        0.0,
                        0.0,
                        0.0,
                        0.0,
                        0.0,
                        0.0
                    ]
                ]
            },
            "est_params": {
                "mui": [
                    -0.019151314565024575,
                    -0.059158783968804626,
                    -0.07703240311930167,
                    0.1785153942670943,
                    -0.01443719559184601,
                    -0.060313066271503867
                ],
                "Si": [
                    [
                        1.0298592430866464,
                        0.6006417228912532,
                        0.3085621157397549,
                        -1.6662285758354056,
                        0.3094722424423006,
                        -0.04475121710325696
                    ],
                    [
                        0.6006417228912531,
                        1.3338101914655542,
                        0.658678008341202,
                        -2.314821296250697,
                        0.7083918562341053,
                        -0.04489857470910404
                    ],
                    [
                        0.3085621157397549,
                        0.658678008341202,
                        1.29083986739339,
                        -1.8483641896473502,
                        -0.19603289246889483,
                        -0.04639630014088599
                    ],
                    [
                        -1.6662285758354056,
                        -2.314821296250697,
                        -1.8483641896473502,
                        6.019799062208229,
                        -0.8507884505956775,
                        0.11533948685089225
                    ],
                    [
                        0.3094722424423006,
                        0.7083918562341053,
                        -0.19603289246889483,
                        -0.8507884505956779,
                        1.6754262293515463,
                        -0.005406310830444014
                    ],
                    [
                        -0.044751217103256954,
                        -0.04489857470910406,
                        -0.046396300140886006,
                        0.11533948685089222,
                        -0.005406310830444014,
                        0.9461408024312522
                    ]
                ]
            },
            "est_tgt": [
                2,
                3,
                5
            ]
        },
        "obs": {
            "intv_type": "obs",
            "true_params": {
                "Si": [
                    [
                        1.0,
                        0.572302691249761,
                        0.2886727367193277,
                        -1.5751780879400072,
                        0.309679567176106,
                        2.478724766065853
                    ],
                    [
                        0.572302691249761,
                        1.3275303704117192,
                        0.6696138790958968,
                        -2.25576056951388,
                        0.7183419487762345,
                        3.080575397977274
                    ],
                    [
                        0.2886727367193277,
                        0.6696138790958968,
                        1.3377570540542836,
                        -1.8750271484739607,
                        -0.20732981256021238,
                        2.024121786795978
                    ],
                    [
                        -1.5751780879400072,
                        -2.25576056951388,
                        -1.8750271484739607,
                        5.858742126224372,
                        -0.8006555764892829,
                        -7.491264123076775
                    ],
                    [
                        0.309679567176106,
                        0.7183419487762345,
                        -0.20732981256021238,
                        -0.8006555764892829,
                        1.7132219645844353,
                        0.7876166301188363
                    ],
                    [
                        2.478724766065853,
                        3.080575397977274,
                        2.024121786795978,
                        -7.491264123076775,
                        0.7876166301188363,
                        11.480085745586555
                    ]
                ],
                "mui": [
                    0.0,
                    0.0,
                    0.0,
                    0.0,
                    0.0,
                    0.0
                ],
                "Ai": [
                    [
                        0.0,
                        0.0,
                        0.0,
                        0.0,
                        0.0,
                        0.0
                    ],
                    [
                        0.572302691249761,
                        0.0,
                        0.0,
                        0.0,
                        0.0,
                        0.0
                    ],
                    [
                        -0.0,
                        0.5044056949809919,
                        0.0,
                        0.0,
                        0.0,
                        0.0
                    ],
                    [
                        -0.8001189057995345,
                        -0.9824296586989283,
                        -0.737208670697594,
                        0.0,
                        0.0,
