{
    "expt_args": {
        "save_dir": "expt_logs_30.04.24-hard",
        "exp_name": "351",
        "num_nodes": 6,
        "obs_noise_mean": 0.0,
        "obs_noise_var": 1.0,
        "max_edge_strength": 1.0,
        "graph_sparsity_method": "adj_dense_prop",
        "adj_dense_prop": 0.8,
        "num_parents": null,
        "new_noise_mean": 0.0,
        "mix_samples": 131072,
        "stage2_samples": 131072,
        "gmm_tol": 0.001,
        "intv_type": "hard",
        "new_noise_sigma": 8.0,
        "intv_targets": [
            0,
            1,
            2,
            3,
            4,
            5
        ]
    },
    "intv_args_dict": {
        "0": {
            "intv_type": "hard",
            "inode": 0,
            "new_mui": 0.0,
            "new_sigmai": 8.0,
            "true_params": {
                "Si": [
                    [
                        8.0,
                        5.82245086567809,
                        -10.558359433645581,
                        5.5433982380394795,
                        13.10294981738855,
                        32.53510219864126
                    ],
                    [
                        5.82245086567809,
                        5.237616760404443,
                        -8.413971327712051,
                        4.696227294385599,
                        11.672856416667798,
                        27.09863152563717
                    ],
                    [
                        -10.558359433645581,
                        -8.413971327712051,
                        15.467083553444501,
                        -8.705915403710904,
                        -20.657564653490702,
                        -48.362476663464435
                    ],
                    [
                        5.5433982380394795,
                        4.696227294385599,
                        -8.705915403710904,
                        6.101719897694228,
                        13.111065487206098,
                        29.18444243037441
                    ],
                    [
                        13.10294981738855,
                        11.672856416667798,
                        -20.657564653490702,
                        13.111065487206098,
                        31.246720478624276,
                        68.46065168689711
                    ],
                    [
                        32.53510219864126,
                        27.09863152563717,
                        -48.362476663464435,
                        29.18444243037441,
                        68.46065168689711,
                        157.34272573096223
                    ]
                ],
                "mui": [
                    0.0,
                    0.0,
                    0.0,
                    0.0,
                    0.0,
                    0.0
                ],
                "Ai": [
                    [
                        0.0,
                        0.0,
                        0.0,
                        0.0,
                        0.0,
                        0.0
                    ],
                    [
                        0.7278063582097613,
                        0.0,
                        0.0,
                        0.0,
                        0.0,
                        0.0
                    ],
                    [
                        -0.7888382114010986,
                        -0.7295301996407838,
                        0.0,
                        0.0,
                        0.0,
                        0.0
                    ],
                    [
                        -0.504170684900229,
                        -0.0,
                        -0.9070314169002158,
                        0.0,
                        0.0,
                        0.0
                    ],
                    [
                        -0.8473475890294423,
                        0.8190927781250754,
                        -0.91674851095909,
                        0.9801285334887262,
                        0.0,
                        0.0
                    ],
                    [
                        0.8921626418152906,
                        0.5523460956686227,
                        -0.5490181871850777,
                        0.8469646063579888,
                        0.8921654865265949,
                        0.0
                    ]
                ]
            },
            "est_params": {
                "mui": [
                    -2.5318130771307885,
                    -4.396085725428218,
                    7.82900712687877,
                    -5.841612663549727,
                    -14.356299057253358,
                    -26.73979055512707
                ],
                "Si": [
                    [
                        22.78196225896386,
                        9.770642155072748,
                        -17.95460171155739,
                        4.771468141907689,
                        9.836382709896629,
                        48.42783369614781
                    ],
                    [
                        9.770642155072748,
                        24.50074725672031,
                        -13.519977950924416,
                        7.295007619763474,
                        31.421227743768384,
                        63.86422937952221
                    ],
                    [
                        -17.95460171155739,
                        -13.519977950924414,
                        32.13372766852857,
                        -20.09983582385536,
                        -45.07938769512833,
                        -98.40943929034523
                    ],
                    [
                        4.771468141907688,
                        7.295007619763474,
                        -20.09983582385536,
                        16.810675070035984,
                        36.896531665901506,
                        66.4980469475054
                    ],
                    [
                        9.836382709896629,
                        31.421227743768384,
                        -45.07938769512834,
                        36.896531665901506,
                        96.04922447608597,
                        167.8306606482547
                    ],
                    [
                        48.42783369614781,
                        63.86422937952221,
                        -98.40943929034523,
                        66.49804694750539,
                        167.8306606482547,
                        339.6155866375858
                    ]
                ]
            },
            "est_tgt": [
                0,
                1,
                2,
                3,
                4
            ]
        },
        "1": {
            "intv_type": "hard",
            "inode": 1,
            "new_mui": 0.0,
            "new_sigmai": 8.0,
            "true_params": {
                "Si": [
                    [
                        1.0,
                        0.0,
                        -0.7888382114010986,
                        0.21133035569194147,
                        0.08294957826614018,
                        1.5782432489921467
                    ],
                    [
                        0.0,
                        8.0,
                        -5.83624159712627,
                        5.29365448521342,
                        17.091569826151858,
                        27.355018243693415
                    ],
                    [
                        -0.7888382114010986,
                        -5.83624159712627,
                        5.879980221269859,
                        -4.935617690126081,
                        -14.340006027836598,
                        -24.12956527263595
                    ],
                    [
                        0.21133035569194147,
                        5.29365448521342,
                        -4.935617690126081,
                        5.370213736583415,
                        13.945143773588368,
                        22.81197125493825
                    ],
                    [
                        0.08294957826614018,
                        17.091569826151858,
                        -14.340006027836598,
                        13.945143773588368,
                        41.7435067755268,
                        66.44054972934885
                    ],
                    [
                        1.5782432489921467,
                        27.355018243693415,
                        -24.12956527263595,
                        22.81197125493825,
                        66.44054972934885,
                        109.36195500241003
                    ]
                ],
                "mui": [
                    0.0,
                    0.0,
                    0.0,
                    0.0,
                    0.0,
                    0.0
                ],
                "Ai": [
                    [
                        0.0,
                        0.0,
                        0.0,
                        0.0,
                        0.0,
                        0.0
                    ],
                    [
                        0.0,
                        0.0,
                        0.0,
                        0.0,
                        0.0,
                        0.0
                    ],
                    [
                        -0.7888382114010986,
                        -0.7295301996407838,
                        0.0,
                        0.0,
                        0.0,
                        0.0
                    ],
                    [
                        -0.504170684900229,
                        -0.0,
                        -0.9070314169002158,
                        0.0,
                        0.0,
                        0.0
                    ],
                    [
                        -0.8473475890294423,
                        0.8190927781250754,
                        -0.91674851095909,
                        0.9801285334887262,
                        0.0,
                        0.0
                    ],
                    [
                        0.8921626418152906,
                        0.5523460956686227,
                        -0.5490181871850777,
                        0.8469646063579888,
                        0.8921654865265949,
                        0.0
                    ]
                ]
            },
            "est_params": {
                "mui": [
                    2.4734390801634816,
                    4.314221396921138,
                    -7.659189807213367,
                    5.705037081817272,
                    14.055187192362364,
                    26.16433822152901
                ],
                "Si": [
                    [
                        22.134537017323776,
                        9.488868689744601,
                        -17.45329747351885,
                        4.674208326228288,
                        9.620808852843888,
                        47.06663207464825
                    ],
                    [
                        9.488868689744601,
                        24.74987700675571,
                        -13.769513204776842,
                        7.685715091700015,
                        32.41708204572005,
                        65.06650541470135
                    ],
                    [
                        -17.45329747351885,
                        -13.769513204776842,
                        32.21780071426893,
                        -20.44245079683639,
                        -46.128184587010786,
                        -99.27219229481803
                    ],
                    [
                        4.674208326228288,
                        7.685715091700014,
                        -20.44245079683639,
                        17.156787419770996,
                        37.94375682658146,
                        67.98780585642777
                    ],
                    [
                        9.62080885284389,
                        32.41708204572006,
                        -46.128184587010786,
                        37.94375682658146,
                        98.96483280288943,
                        172.14359360202735
                    ],
                    [
                        47.06663207464825,
                        65.06650541470135,
                        -99.27219229481803,
                        67.98780585642777,
                        172.14359360202735,
                        344.3478692496218
                    ]
                ]
            },
            "est_tgt": [
                0,
                1,
                2,
                3,
                4
            ]
        },
        "2": {
            "intv_type": "hard",
            "inode": 2,
            "new_mui": 0.0,
            "new_sigmai": 8.0,
            "true_params": {
                "Si": [
                    [
                        1.0,
                        0.7278063582097613,
                        0.0,
                        -0.504170684900229,
                        -0.7453587311655833,
                        0.2021655814743032
                    ],
                    [
                        0.7278063582097613,
                        1.5297020950505553,
                        0.0,
                        -0.3669386300933567,
                        0.27661595443560383,
                        1.4302497981831723
                    ],
                    [
                        0.0,
                        0.0,
                        8.0,
                        -7.256251335201727,
                        -14.4460470674696,
                        -23.426198163569488
                    ],
                    [
                        -0.504170684900229,
                        -0.3669386300933567,
                        -7.256251335201727,
                        7.835836009464871,
                        14.458935095691002,
                        22.867773209509068
                    ],
                    [
                        -0.7453587311655833,
                        0.27661595443560383,
                        -14.4460470674696,
                        14.458935095691002,
                        29.27315904390356,
                        45.78165755296009
                    ],
                    [
                        0.2021655814743032,
                        1.4302497981831723,
                        -23.426198163569488,
                        22.867773209509068,
                        45.78165755296009,
                        75.04477563891707
                    ]
                ],
                "mui": [
                    0.0,
                    0.0,
                    0.0,
                    0.0,
                    0.0,
                    0.0
                ],
                "Ai": [
                    [
                        0.0,
                        0.0,
                        0.0,
                        0.0,
                        0.0,
                        0.0
                    ],
                    [
                        0.7278063582097613,
                        0.0,
                        0.0,
                        0.0,
                        0.0,
                        0.0
                    ],
                    [
                        0.0,
                        0.0,
                        0.0,
                        0.0,
                        0.0,
                        0.0
                    ],
                    [
                        -0.504170684900229,
                        -0.0,
                        -0.9070314169002158,
                        0.0,
                        0.0,
                        0.0
                    ],
                    [
                        -0.8473475890294423,
                        0.8190927781250754,
                        -0.91674851095909,
                        0.9801285334887262,
                        0.0,
                        0.0
                    ],
                    [
                        0.8921626418152906,
                        0.5523460956686227,
                        -0.5490181871850777,
                        0.8469646063579888,
                        0.8921654865265949,
                        0.0
                    ]
                ]
            },
            "est_params": {
                "mui": [
                    -0.38121096529868,
                    -0.6698274035901347,
                    1.22965299355523,
                    -3.8626760689117807,
                    -5.15048820154134,
                    -9.308212558219662
                ],
                "Si": [
                    [
                        1.0364902061394583,
                        0.6860550699055017,
                        -1.1774256408913153,
                        -0.9079420294762411,
                        -0.10860244692109935,
                        1.0858117482665282
                    ],
                    [
                        0.6860550699055017,
                        1.4484262226926934,
                        -1.3976909442823444,
                        -1.5665162276433555,
                        0.3783832266366994,
                        1.1870505868038235
                    ],
                    [
                        -1.1774256408913153,
                        -1.3976909442823444,
                        2.8523646103671663,
                        2.708758219630256,
                        -0.1618250074254733,
                        -1.257224628262043
                    ],
                    [
                        -0.9079420294762408,
                        -1.5665162276433555,
                        2.708758219630256,
                        35.25452981232087,
                        31.409052588043615,
                        54.64787441067284
                    ],
                    [
                        -0.10860244692109937,
                        0.3783832266366994,
                        -0.1618250074254732,
                        31.409052588043615,
                        32.10721295307018,
                        55.39114122106829
                    ],
                    [
                        1.0858117482665277,
                        1.1870505868038237,
                        -1.2572246282620432,
                        54.64787441067284,
                        55.39114122106829,
                        98.82580303106609
                    ]
                ]
            },
            "est_tgt": [
                0,
                1,
                2,
                3,
                4,
                5
            ]
        },
        "3": {
            "intv_type": "hard",
            "inode": 3,
            "new_mui": 0.0,
            "new_sigmai": 8.0,
            "true_params": {
                "Si": [
                    [
                        1.0,
                        0.7278063582097613,
                        -1.3197949292056976,
                        0.0,
                        0.9587133789743658,
                        2.874086049856042
                    ],
                    [
                        0.7278063582097613,
                        1.5297020950505553,
                        -1.6900853406496923,
                        0.0,
                        2.1856461952637596,
                        4.372092314091734
                    ],
                    [
                        -1.3197949292056976,
                        -1.6900853406496923,
                        3.274072967344994,
                        0.0,
                        -3.267513163250422,
                        -6.823671846215994
                    ],
                    [
                        0.0,
                        0.0,
                        0.0,
                        8.0,
                        7.84102826790981,
                        13.77121165037245
                    ],
                    [
                        0.9587133789743658,
                        2.1856461952637596,
                        -3.267513163250422,
                        7.84102826790981,
                        12.658586908052035,
                        21.791113324820998
                    ],
                    [
                        2.874086049856042,
                        4.372092314091734,
                        -6.823671846215994,
                        13.77121165037245,
                        21.791113324820998,
                        40.83038834551611
                    ]
                ],
                "mui": [
                    0.0,
                    0.0,
                    0.0,
                    0.0,
                    0.0,
                    0.0
                ],
                "Ai": [
                    [
                        0.0,
                        0.0,
                        0.0,
                        0.0,
                        0.0,
                        0.0
                    ],
                    [
                        0.7278063582097613,
                        0.0,
                        0.0,
                        0.0,
                        0.0,
                        0.0
                    ],
                    [
                        -0.7888382114010986,
                        -0.7295301996407838,
                        0.0,
                        0.0,
                        0.0,
                        0.0
                    ],
                    [
                        0.0,
                        0.0,
                        0.0,
                        0.0,
                        0.0,
                        0.0
                    ],
                    [
                        -0.8473475890294423,
                        0.8190927781250754,
                        -0.91674851095909,
                        0.9801285334887262,
                        0.0,
                        0.0
                    ],
                    [
                        0.8921626418152906,
                        0.5523460956686227,
                        -0.5490181871850777,
                        0.8469646063579888,
                        0.8921654865265949,
                        0.0
                    ]
                ]
            },
            "est_params": {
                "mui": [
                    0.2239730999251819,
                    0.3729779534895229,
                    -0.6894712860982948,
                    2.0926884216245942,
                    2.8142176790972564,
                    5.078358671154989
                ],
                "Si": [
                    [
                        1.086861161071408,
                        0.702963281330424,
                        -1.277161116272922,
                        -0.21966221484715073,
                        0.6053204511043273,
                        2.4025037035634247
                    ],
                    [
                        0.7029632813304239,
                        1.476614178170232,
                        -1.4920612556855797,
                        -0.4362054776398875,
                        1.5566882335439733,
                        3.270316350632854
                    ],
                    [
                        -1.277161116272922,
                        -1.4920612556855797,
                        2.9481243395388983,
                        0.6583860395373239,
                        -2.1978875639719817,
                        -4.970348777138969
                    ],
                    [
                        -0.21966221484715076,
                        -0.4362054776398875,
                        0.6583860395373239,
                        30.103122364579736,
                        28.795831174323073,
                        50.36820484889972
                    ],
                    [
                        0.6053204511043272,
                        1.5566882335439733,
                        -2.1978875639719817,
                        28.795831174323073,
                        31.92638278848575,
                        55.46283395210472
                    ],
                    [
                        2.4025037035634247,
                        3.270316350632854,
                        -4.970348777138969,
                        50.36820484889972,
                        55.46283395210472,
                        99.6569536877827
                    ]
                ]
            },
            "est_tgt": [
                0,
                1,
                2,
                3,
                4,
                5
            ]
        },
        "4": {
            "intv_type": "hard",
            "inode": 4,
            "new_mui": 0.0,
            "new_sigmai": 8.0,
            "true_params": {
                "Si": [
                    [
                        1.0,
                        0.7278063582097613,
                        -1.3197949292056976,
                        0.6929247797549349,
                        0.0,
                        2.605637824984656
                    ],
                    [
                        0.7278063582097613,
                        1.5297020950505553,
                        -1.6900853406496923,
                        1.1660218711184176,
                        0.0,
                        3.4097134679958576
                    ],
                    [
                        -1.3197949292056976,
                        -1.6900853406496923,
                        3.274072967344994,
                        -2.3042851292201383,
                        0.0,
                        -5.860157322599131
                    ],
                    [
                        0.6929247797549349,
                        1.1660218711184176,
                        -2.3042851292201383,
                        2.740706644905253,
                        0.0,
                        4.848625199108795
                    ],
                    [
                        0.0,
                        0.0,
                        0.0,
                        0.0,
                        8.0,
                        7.137323892212759
                    ],
                    [
                        2.605637824984656,
                        3.4097134679958576,
                        -5.860157322599131,
                        4.848625199108795,
                        7.137323892212759,
                        18.899615572755614
                    ]
                ],
                "mui": [
                    0.0,
                    0.0,
                    0.0,
                    0.0,
                    0.0,
                    0.0
                ],
                "Ai": [
                    [
                        0.0,
                        0.0,
                        0.0,
                        0.0,
                        0.0,
                        0.0
                    ],
                    [
                        0.7278063582097613,
                        0.0,
                        0.0,
                        0.0,
                        0.0,
                        0.0
                    ],
                    [
                        -0.7888382114010986,
                        -0.7295301996407838,
                        0.0,
                        0.0,
                        0.0,
                        0.0
                    ],
                    [
                        -0.504170684900229,
                        -0.0,
                        -0.9070314169002158,
                        0.0,
                        0.0,
                        0.0
                    ],
                    [
                        0.0,
                        0.0,
                        0.0,
                        0.0,
                        0.0,
                        0.0
                    ],
                    [
                        0.8921626418152906,
                        0.5523460956686227,
                        -0.5490181871850777,
                        0.8469646063579888,
                        0.8921654865265949,
                        0.0
                    ]
                ]
            },
            "est_params": {
                "mui": [
                    -0.3269727116618271,
                    -0.5516601518255851,
                    0.942977815665166,
                    -0.871765257455464,
                    -4.147099557994315,
                    -5.611668627572944
                ],
                "Si": [
                    [
                        1.086196999137135,
                        0.6788853264059282,
                        -1.2727539191197283,
                        0.5869042844304247,
                        -0.4119049069584029,
                        2.1639165273905885
                    ],
                    [
                        0.6788853264059282,
                        1.5014916001173246,
                        -1.4991705925036598,
                        0.9604550679058758,
                        -0.32734216316707715,
                        2.7833160150334453
                    ],
                    [
                        -1.2727539191197283,
                        -1.4991705925036602,
                        2.909977689708701,
                        -1.9156404019065958,
                        0.7606522092003156,
                        -4.492256314435725
                    ],
                    [
                        0.5869042844304247,
                        0.9604550679058758,
                        -1.9156404019065958,
                        2.251466194015478,
                        -0.7406798067210495,
                        3.329785102706439
                    ],
                    [
                        -0.411904906958403,
                        -0.3273421631670772,
                        0.760652209200316,
                        -0.7406798067210496,
                        32.52800155704726,
                        27.34946485084732
                    ],
                    [
                        2.163916527390589,
                        2.7833160150334453,
                        -4.492256314435725,
                        3.329785102706439,
                        27.34946485084732,
                        33.94024297986555
                    ]
                ]
            },
            "est_tgt": [
                0,
                1,
                2,
                3,
                4,
                5
            ]
        },
        "5": {
            "intv_type": "hard",
            "inode": 5,
            "new_mui": 0.0,
            "new_sigmai": 8.0,
            "true_params": {
                "Si": [
                    [
                        1.0,
                        0.7278063582097613,
                        -1.3197949292056976,
                        0.6929247797549349,
                        1.6378687271735688,
                        0.0
                    ],
                    [
                        0.7278063582097613,
                        1.5297020950505553,
                        -1.6900853406496923,
                        1.1660218711184176,
                        3.328497501818834,
                        0.0
                    ],
                    [
                        -1.3197949292056976,
                        -1.6900853406496923,
                        3.274072967344994,
                        -2.3042851292201383,
                        -5.526008767692836,
                        0.0
                    ],
                    [
                        0.6929247797549349,
                        1.1660218711184176,
                        -2.3042851292201383,
                        2.740706644905253,
                        5.166626697896412,
                        0.0
                    ],
                    [
                        1.6378687271735688,
                        3.328497501818834,
                        -5.526008767692836,
                        5.166626697896412,
                        12.46842270645211,
                        0.0
                    ],
                    [
                        0.0,
                        0.0,
                        0.0,
                        0.0,
                        0.0,
                        8.0
                    ]
                ],
                "mui": [
                    0.0,
                    0.0,
                    0.0,
                    0.0,
                    0.0,
                    0.0
                ],
                "Ai": [
                    [
                        0.0,
                        0.0,
                        0.0,
                        0.0,
                        0.0,
                        0.0
                    ],
                    [
                        0.7278063582097613,
                        0.0,
                        0.0,
                        0.0,
                        0.0,
                        0.0
                    ],
                    [
                        -0.7888382114010986,
                        -0.7295301996407838,
                        0.0,
                        0.0,
                        0.0,
                        0.0
                    ],
                    [
                        -0.504170684900229,
                        -0.0,
                        -0.9070314169002158,
                        0.0,
                        0.0,
                        0.0
                    ],
                    [
                        -0.8473475890294423,
                        0.8190927781250754,
                        -0.91674851095909,
                        0.9801285334887262,
                        0.0,
                        0.0
                    ],
                    [
                        0.0,
                        0.0,
                        0.0,
                        0.0,
                        0.0,
                        0.0
                    ]
                ]
            },
            "est_params": {
                "mui": [
                    -0.019619020659515523,
                    -0.004277430085689749,
                    0.026174215198800033,
                    -0.007323270646478463,
                    -0.01985029389183215,
                    -0.1320711685239857
                ],
                "Si": [
                    [
                        1.0104588807379449,
                        0.6968555166243701,
                        -1.2677721165195506,
                        0.631414782531225,
                        1.4983547110757982,
                        0.9003979746554674
                    ],
                    [
                        0.6968555166243701,
                        1.5121993734661634,
                        -1.6087239273570804,
                        1.0861575776233057,
                        3.1791419992679613,
                        1.4817980059725182
                    ],
                    [
                        -1.2677721165195506,
                        -1.6087239273570804,
                        3.128202194543204,
                        -2.1590193502677657,
                        -5.218297433299008,
                        -2.4555516138097806
                    ],
                    [
                        0.631414782531225,
                        1.0861575776233057,
                        -2.1590193502677657,
                        2.4959778730791307,
                        4.7564789791405975,
                        2.0804277509553546
                    ],
                    [
                        1.4983547110757984,
                        3.1791419992679613,
                        -5.218297433299008,
                        4.7564789791405975,
                        11.65799491741464,
                        4.891316252509978
                    ],
                    [
                        0.9003979746554676,
                        1.4817980059725182,
                        -2.4555516138097806,
                        2.0804277509553546,
                        4.891316252509977,
                        54.980495280363606
                    ]
                ]
            },
            "est_tgt": [
                1,
                2,
                3,
                5
            ]
        },
        "obs": {
            "intv_type": "obs",
            "true_params": {
                "Si": [
                    [
                        1.0,
                        0.7278063582097613,
                        -1.3197949292056976,
                        0.6929247797549349,
                        1.6378687271735688,
                        4.066887774830158
                    ],
                    [
                        0.7278063582097613,
                        1.5297020950505553,
                        -1.6900853406496923,
                        1.1660218711184176,
                        3.328497501818834,
                        6.3792840611086135
                    ],
                    [
                        -1.3197949292056976,
                        -1.6900853406496923,
                        3.274072967344994,
                        -2.3042851292201383,
                        -5.526008767692836,
                        -10.79027162337804
                    ],
                    [
                        0.6929247797549349,
                        1.1660218711184176,
                        -2.3042851292201383,
                        2.740706644905253,
                        5.166626697896412,
                        9.458111220738843
                    ],
                    [
                        1.6378687271735688,
                        3.328497501818834,
                        -5.526008767692836,
                        5.166626697896412,
                        12.46842270645211,
                        21.83345356366538
                    ],
                    [
                        4.066887774830158,
                        6.3792840611086135,
                        -10.79027162337804,
                        9.458111220738843,
                        21.83345356366538,
                        41.565692519521285
                    ]
                ],
                "mui": [
                    0.0,
                    0.0,
                    0.0,
                    0.0,
                    0.0,
                    0.0
                ],
                "Ai": [
                    [
                        0.0,
                        0.0,
                        0.0,
                        0.0,
                        0.0,
                        0.0
                    ],
                    [
                        0.7278063582097613,
                        0.0,
                        0.0,
                        0.0,
                        0.0,
                        0.0
                    ],
                    [
                        -0.7888382114010986,
                        -0.7295301996407838,
                        0.0,
                        0.0,
                        0.0,
                        0.0
                    ],
                    [
                        -0.504170684900229,
                        -0.0,
                        -0.9070314169002158,
                        0.0,
                        0.0,
                        0.0
