{
    "expt_args": {
        "save_dir": "expt_logs_30.04.24-hard",
        "exp_name": "216",
        "num_nodes": 6,
        "obs_noise_mean": 0.0,
        "obs_noise_var": 1.0,
        "max_edge_strength": 1.0,
        "graph_sparsity_method": "adj_dense_prop",
        "adj_dense_prop": 0.8,
        "num_parents": null,
        "new_noise_mean": 0.0,
        "mix_samples": 1024,
        "stage2_samples": 1024,
        "gmm_tol": 0.001,
        "intv_type": "hard",
        "new_noise_sigma": 8.0,
        "intv_targets": [
            0,
            1,
            2,
            3,
            4,
            5
        ]
    },
    "intv_args_dict": {
        "0": {
            "intv_type": "hard",
            "inode": 0,
            "new_mui": 0.0,
            "new_sigmai": 8.0,
            "true_params": {
                "Si": [
                    [
                        8.0,
                        0.0,
                        -7.217980357205983,
                        -12.307842804279453,
                        -10.603012207558205,
                        -14.587557255688912
                    ],
                    [
                        0.0,
                        1.0,
                        0.7526181422645741,
                        1.6831825880065308,
                        -0.033830392331224646,
                        0.8193771901229424
                    ],
                    [
                        -7.217980357205983,
                        0.7526181422645741,
                        8.078839122692205,
                        13.337530143916737,
                        9.435553568911033,
                        15.15714262750691
                    ],
                    [
                        -12.307842804279453,
                        1.6831825880065308,
                        13.337530143916737,
                        23.701663769314344,
                        16.849567353550558,
                        26.10408988798292
                    ],
                    [
                        -10.603012207558205,
                        -0.033830392331224646,
                        9.435553568911033,
                        16.849567353550558,
                        15.549575010443933,
                        20.349206896436744
                    ],
                    [
                        -14.587557255688912,
                        0.8193771901229424,
                        15.15714262750691,
                        26.10408988798292,
                        20.349206896436744,
                        31.353111911278948
                    ]
                ],
                "mui": [
                    0.0,
                    0.0,
                    0.0,
                    0.0,
                    0.0,
                    0.0
                ],
                "Ai": [
                    [
                        0.0,
                        0.0,
                        0.0,
                        0.0,
                        0.0,
                        0.0
                    ],
                    [
                        0.0,
                        0.0,
                        0.0,
                        0.0,
                        0.0,
                        0.0
                    ],
                    [
                        -0.9022475446507479,
                        0.7526181422645741,
                        0.0,
                        0.0,
                        0.0,
                        0.0
                    ],
                    [
                        -0.6668952904996237,
                        0.9561418411533473,
                        0.9660154413306725,
                        0.0,
                        0.0,
                        0.0
                    ],
                    [
                        -0.956478941466619,
                        -0.6198116941593954,
                        -0.7778007576984585,
                        0.6959246557596981,
                        0.0,
                        0.0
                    ],
                    [
                        0.5585464793973103,
                        -0.8002338147926007,
                        0.8709322852780768,
                        0.5833975879199504,
                        0.5271323893011264,
                        0.0
                    ]
                ]
            },
            "est_params": {
                "mui": [
                    0.01761392719586987,
                    0.021423291005317712,
                    0.029856727932653,
                    0.05158594952152031,
                    -0.08681549632381214,
                    -0.17506811661159205
                ],
                "Si": [
                    [
                        51.77006725843405,
                        -0.05005445070236768,
                        -45.916186459611346,
                        -78.73976716008333,
                        -68.5497755418988,
                        -93.90283253818437
                    ],
                    [
                        -0.05005445070236766,
                        0.7024819092526604,
                        0.5125383575904652,
                        1.2096434453877043,
                        0.08708853931424741,
                        0.4375167182725011
                    ],
                    [
                        -45.916186459611346,
                        0.5125383575904653,
                        41.844047367174674,
                        71.36144291376651,
                        60.72914751439509,
                        84.67343636347678
                    ],
                    [
                        -78.73976716008333,
                        1.2096434453877043,
                        71.36144291376652,
                        123.4287043345225,
                        105.09822500063794,
                        145.6662330477328
                    ],
                    [
                        -68.5497755418988,
                        0.08708853931424745,
                        60.72914751439507,
                        105.09822500063794,
                        92.5047206429938,
                        125.6674178788578
                    ],
                    [
                        -93.90283253818437,
                        0.4375167182725011,
                        84.67343636347678,
                        145.6662330477328,
                        125.66741787885778,
                        174.43857360942187
                    ]
                ]
            },
            "est_tgt": [
                0
            ]
        },
        "1": {
            "intv_type": "hard",
            "inode": 1,
            "new_mui": 0.0,
            "new_sigmai": 8.0,
            "true_params": {
                "Si": [
                    [
                        1.0,
                        0.0,
                        -0.9022475446507479,
                        -1.5384803505349316,
                        -1.3253765259447756,
                        -1.823444656961114
                    ],
                    [
                        0.0,
                        8.0,
                        6.020945138116593,
                        13.465460704052246,
                        -0.27064313864979717,
                        6.555017520983539
                    ],
                    [
                        -0.9022475446507479,
                        6.020945138116593,
                        6.345523176354534,
                        12.488455579914662,
                        0.8865999858122908,
                        7.957500346169146
                    ],
                    [
                        -1.5384803505349316,
                        13.465460704052246,
                        12.488455579914662,
                        26.96493661841828,
                        2.177508066745112,
                        16.120883398797414
                    ],
                    [
                        -1.3253765259447756,
                        -0.27064313864979717,
                        0.8865999858122908,
                        2.177508066745112,
                        3.2612259298828263,
                        3.237912720903141
                    ],
                    [
                        -1.823444656961114,
                        6.555017520983539,
                        7.957500346169146,
                        16.120883398797414,
                        3.237912720903141,
                        12.778111850135089
                    ]
                ],
                "mui": [
                    0.0,
                    0.0,
                    0.0,
                    0.0,
                    0.0,
                    0.0
                ],
                "Ai": [
                    [
                        0.0,
                        0.0,
                        0.0,
                        0.0,
                        0.0,
                        0.0
                    ],
                    [
                        0.0,
                        0.0,
                        0.0,
                        0.0,
                        0.0,
                        0.0
                    ],
                    [
                        -0.9022475446507479,
                        0.7526181422645741,
                        0.0,
                        0.0,
                        0.0,
                        0.0
                    ],
                    [
                        -0.6668952904996237,
                        0.9561418411533473,
                        0.9660154413306725,
                        0.0,
                        0.0,
                        0.0
                    ],
                    [
                        -0.956478941466619,
                        -0.6198116941593954,
                        -0.7778007576984585,
                        0.6959246557596981,
                        0.0,
                        0.0
                    ],
                    [
                        0.5585464793973103,
                        -0.8002338147926007,
                        0.8709322852780768,
                        0.5833975879199504,
                        0.5271323893011264,
                        0.0
                    ]
                ]
            },
            "est_params": {
                "mui": [
                    0.05059106132111971,
                    0.1203783193390411,
                    0.9143333662114819,
                    0.8825840440734378,
                    -0.2613360361419787,
                    1.2093626713625851
                ],
                "Si": [
                    [
                        1.2447581995770503,
                        -0.41084378225225204,
                        -0.6921286328482198,
                        -1.93502462440114,
                        -1.7898821296005496,
                        -1.7285778767993558
                    ],
                    [
                        -0.41084378225225204,
                        38.43629356766205,
                        28.219702362860897,
                        64.22827533989721,
                        -0.4846933697826812,
                        30.584817551277762
                    ],
                    [
                        -0.6921286328482199,
                        28.219702362860893,
                        51.055891988629945,
                        77.34219501280032,
                        -2.1058135053573355,
                        64.93886386233254
                    ],
                    [
                        -1.93502462440114,
                        64.22827533989721,
                        77.34219501280032,
                        138.85016209437268,
                        -0.7012279376063876,
                        94.83964984628447
                    ],
                    [
                        -1.7898821296005496,
                        -0.48469336978268124,
                        -2.105813505357336,
                        -0.7012279376063876,
                        4.101200997127311,
                        -0.5502479674092448
                    ],
                    [
                        -1.7285778767993558,
                        30.584817551277762,
                        64.93886386233254,
                        94.83964984628447,
                        -0.5502479674092446,
                        86.49076859806688
                    ]
                ]
            },
            "est_tgt": [
                1,
                2,
                3,
                5
            ]
        },
        "2": {
            "intv_type": "hard",
            "inode": 2,
            "new_mui": 0.0,
            "new_sigmai": 8.0,
            "true_params": {
                "Si": [
                    [
                        1.0,
                        0.0,
                        0.0,
                        -0.6668952904996237,
                        -1.4205878169353334,
                        -0.5793564746285383
                    ],
                    [
                        0.0,
                        1.0,
                        0.0,
                        0.9561418411533473,
                        0.045590987502691756,
                        -0.21839048478150577
                    ],
                    [
                        0.0,
                        0.0,
                        8.0,
                        7.72812353064538,
                        -0.844214353854859,
                        11.031014179720723
                    ],
                    [
                        -0.6668952904996237,
                        0.9561418411533473,
                        7.72812353064538,
                        9.824443212009042,
                        0.8713753297290463,
                        11.78392986987282
                    ],
                    [
                        -1.4205878169353334,
                        0.045590987502691756,
                        -0.844214353854859,
                        0.8713753297290463,
                        3.593546644667643,
                        0.8374317842648284
                    ],
                    [
                        -0.5793564746285383,
                        -0.21839048478150577,
                        11.031014179720723,
                        11.78392986987282,
                        0.8374317842648284,
                        17.774585999628226
                    ]
                ],
                "mui": [
                    0.0,
                    0.0,
                    0.0,
                    0.0,
                    0.0,
                    0.0
                ],
                "Ai": [
                    [
                        0.0,
                        0.0,
                        0.0,
                        0.0,
                        0.0,
                        0.0
                    ],
                    [
                        0.0,
                        0.0,
                        0.0,
                        0.0,
                        0.0,
                        0.0
                    ],
                    [
                        0.0,
                        0.0,
                        0.0,
                        0.0,
                        0.0,
                        0.0
                    ],
                    [
                        -0.6668952904996237,
                        0.9561418411533473,
                        0.9660154413306725,
                        0.0,
                        0.0,
                        0.0
                    ],
                    [
                        -0.956478941466619,
                        -0.6198116941593954,
                        -0.7778007576984585,
                        0.6959246557596981,
                        0.0,
                        0.0
                    ],
                    [
                        0.5585464793973103,
                        -0.8002338147926007,
                        0.8709322852780768,
                        0.5833975879199504,
                        0.5271323893011264,
                        0.0
                    ]
                ]
            },
            "est_params": {
                "mui": [
                    -0.8687837404159028,
                    0.43713993180474586,
                    -5.678983215156067,
                    -3.9494744012067122,
                    2.173617039662862,
                    -13.901510387207848
                ],
                "Si": [
                    [
                        0.4716775967382655,
                        0.278526576907279,
                        -0.27415437005303106,
                        -0.1716904793918332,
                        -0.439826792241137,
                        -1.3312486216571877
                    ],
                    [
                        0.278526576907279,
                        0.9180851500473631,
                        1.8742115314765062,
                        2.336097032053042,
                        -1.0350007539839399,
                        0.21913071632557243
                    ],
                    [
                        -0.274154370053031,
                        1.8742115314765062,
                        27.9987213755653,
                        26.83627516792229,
                        -5.5891651934678315,
                        -11.790728413223972
                    ],
                    [
                        -0.17169047939183338,
                        2.336097032053042,
                        26.836275167922295,
                        26.59060092347698,
                        -5.72394997677532,
                        -10.99342987038512
                    ],
                    [
                        -0.439826792241137,
                        -1.03500075398394,
                        -5.589165193467832,
                        -5.72394997677532,
                        2.85735479795229,
                        1.5056515502078132
                    ],
                    [
                        -1.3312486216571877,
                        0.2191307163255724,
                        -11.790728413223972,
                        -10.99342987038512,
                        1.5056515502078136,
                        20.27616713700561
                    ]
                ]
            },
            "est_tgt": [
                0,
                2,
                3,
                4,
                5
            ]
        },
        "3": {
            "intv_type": "hard",
            "inode": 3,
            "new_mui": 0.0,
            "new_sigmai": 8.0,
            "true_params": {
                "Si": [
                    [
                        1.0,
                        0.0,
                        -0.9022475446507479,
                        0.0,
                        -0.2547101176056936,
                        -0.3615159894245593
                    ],
                    [
                        0.0,
                        1.0,
                        0.7526181422645741,
                        0.0,
                        -1.2051986554703873,
                        -0.7800536230489847
                    ],
                    [
                        -0.9022475446507479,
                        0.7526181422645741,
                        2.3804846998940823,
                        0.0,
                        -1.4550435526309036,
                        0.20002271863667892
                    ],
                    [
                        0.0,
                        0.0,
                        0.0,
                        8.0,
                        5.567397246077585,
                        7.6019361158729915
                    ],
                    [
                        -0.2547101176056936,
                        -1.2051986554703873,
                        -1.4550435526309036,
                        5.567397246077585,
                        6.996844073788666,
                        6.491198130259965
                    ],
                    [
                        -0.3615159894245593,
                        -0.7800536230489847,
                        0.20002271863667892,
                        7.6019361158729915,
                        6.491198130259965,
                        9.453180020178932
                    ]
                ],
                "mui": [
                    0.0,
                    0.0,
                    0.0,
                    0.0,
                    0.0,
                    0.0
                ],
                "Ai": [
                    [
                        0.0,
                        0.0,
                        0.0,
                        0.0,
                        0.0,
                        0.0
                    ],
                    [
                        0.0,
                        0.0,
                        0.0,
                        0.0,
                        0.0,
                        0.0
                    ],
                    [
                        -0.9022475446507479,
                        0.7526181422645741,
                        0.0,
                        0.0,
                        0.0,
                        0.0
                    ],
                    [
                        0.0,
                        0.0,
                        0.0,
                        0.0,
                        0.0,
                        0.0
                    ],
                    [
                        -0.956478941466619,
                        -0.6198116941593954,
                        -0.7778007576984585,
                        0.6959246557596981,
                        0.0,
                        0.0
                    ],
                    [
                        0.5585464793973103,
                        -0.8002338147926007,
                        0.8709322852780768,
                        0.5833975879199504,
                        0.5271323893011264,
                        0.0
                    ]
                ]
            },
            "est_params": {
                "mui": [
                    0.01143936286965137,
                    -0.006410853224056051,
                    -0.089013661009294,
                    -0.46216051964059374,
                    -0.2550604548289183,
                    -0.5655422878869166
                ],
                "Si": [
                    [
                        1.0039518990122474,
                        -0.0668055665145925,
                        -1.0840357384499928,
                        0.3088030311754046,
                        0.06798797576744245,
                        -0.2111125274813969
                    ],
                    [
                        -0.0668055665145925,
                        1.075545473822635,
                        0.7617513078019126,
                        0.31880673651822494,
                        -1.0906733085578917,
                        -0.6356101983241947
                    ],
                    [
                        -1.0840357384499928,
                        0.7617513078019126,
                        2.5376516949891683,
                        -0.4990652726708452,
                        -1.8527951698836147,
                        -0.14890113908347416
                    ],
                    [
                        0.30880303117540453,
                        0.31880673651822483,
                        -0.4990652726708454,
                        71.92456059239957,
                        48.47895932428894,
                        66.91689795313755
                    ],
                    [
                        0.06798797576744245,
                        -1.0906733085578917,
                        -1.8527951698836147,
                        48.47895932428894,
                        35.989279241634854,
                        46.578522626062906
                    ],
                    [
                        -0.21111252748139683,
                        -0.6356101983241945,
                        -0.1489011390834741,
                        66.91689795313755,
                        46.578522626062906,
                        64.91913616727024
                    ]
                ]
            },
            "est_tgt": [
                2,
                3,
                4
            ]
        },
        "4": {
            "intv_type": "hard",
            "inode": 4,
            "new_mui": 0.0,
            "new_sigmai": 8.0,
            "true_params": {
                "Si": [
                    [
                        1.0,
                        0.0,
                        -0.9022475446507479,
                        -1.5384803505349316,
                        0.0,
                        -1.1247957621162181
                    ],
                    [
                        0.0,
                        1.0,
                        0.7526181422645741,
                        1.6831825880065308,
                        0.0,
                        0.8372102856634953
                    ],
                    [
                        -0.9022475446507479,
                        0.7526181422645741,
                        2.3804846998940823,
                        3.62089931257179,
                        0.0,
                        3.079447228127595
                    ],
                    [
                        -1.5384803505349316,
                        1.6831825880065308,
                        3.62089931257179,
                        7.133211246439743,
                        0.0,
                        5.108803941550201
                    ],
                    [
                        0.0,
                        0.0,
                        0.0,
                        0.0,
                        8.0,
                        4.217059114409011
                    ],
                    [
                        -1.1247957621162181,
                        0.8372102856634953,
                        3.079447228127595,
                        5.108803941550201,
                        4.217059114409011,
                        7.587187661594112
                    ]
                ],
                "mui": [
                    0.0,
                    0.0,
                    0.0,
                    0.0,
                    0.0,
                    0.0
                ],
                "Ai": [
                    [
                        0.0,
                        0.0,
                        0.0,
                        0.0,
                        0.0,
                        0.0
                    ],
                    [
                        0.0,
                        0.0,
                        0.0,
                        0.0,
                        0.0,
                        0.0
                    ],
                    [
                        -0.9022475446507479,
                        0.7526181422645741,
                        0.0,
                        0.0,
                        0.0,
                        0.0
                    ],
                    [
                        -0.6668952904996237,
                        0.9561418411533473,
                        0.9660154413306725,
                        0.0,
                        0.0,
                        0.0
                    ],
                    [
                        0.0,
                        0.0,
                        0.0,
                        0.0,
                        0.0,
                        0.0
                    ],
                    [
                        0.5585464793973103,
                        -0.8002338147926007,
                        0.8709322852780768,
                        0.5833975879199504,
                        0.5271323893011264,
                        0.0
                    ]
                ]
            },
            "est_params": {
                "mui": [
                    0.043619922810565585,
                    -0.008767706993964522,
                    0.017610439209738184,
                    0.07857931704198412,
                    0.9193487456246624,
                    0.6499536290721448
                ],
                "Si": [
                    [
                        0.9216082217689092,
                        -0.05368441243463478,
                        -0.7872497009089587,
                        -1.4834288522569974,
                        0.0745987568883521,
                        -0.9776567713040326
                    ],
                    [
                        -0.05368441243463478,
                        0.9149303828951503,
                        0.6983274778237261,
                        1.5614192178025956,
                        0.46116970346634717,
                        0.8374155506977234
                    ],
                    [
                        -0.7872497009089587,
                        0.6983274778237261,
                        2.165967973292668,
                        3.3424598657174975,
                        0.2651696220008968,
                        2.9065003317783176
                    ],
                    [
                        -1.4834288522569974,
                        1.5614192178025956,
                        3.3424598657174975,
                        6.888098568154654,
                        -0.7857268261224303,
                        4.2966961465701985
                    ],
                    [
                        0.07459875688835221,
                        0.46116970346634734,
                        0.2651696220008969,
                        -0.7857268261224304,
                        78.88695777099271,
                        40.89759435639001
                    ],
                    [
                        -0.9776567713040324,
                        0.8374155506977234,
                        2.906500331778318,
                        4.2966961465701985,
                        40.89759435639001,
                        26.23076736515818
                    ]
                ]
            },
            "est_tgt": [
                2,
                3,
                4,
                5
            ]
        },
        "5": {
            "intv_type": "hard",
            "inode": 5,
            "new_mui": 0.0,
            "new_sigmai": 8.0,
            "true_params": {
                "Si": [
                    [
                        1.0,
                        0.0,
                        -0.9022475446507479,
                        -1.5384803505349316,
                        -1.3253765259447756,
                        0.0
                    ],
                    [
                        0.0,
                        1.0,
                        0.7526181422645741,
                        1.6831825880065308,
                        -0.033830392331224646,
                        0.0
                    ],
                    [
                        -0.9022475446507479,
                        0.7526181422645741,
                        2.3804846998940823,
                        3.62089931257179,
                        1.0648295550111466,
                        0.0
                    ],
                    [
                        -1.5384803505349316,
                        1.6831825880065308,
                        3.62089931257179,
                        7.133211246439743,
                        2.5761071579665407,
                        0.0
                    ],
                    [
                        -1.3253765259447756,
                        -0.033830392331224646,
                        1.0648295550111466,
                        2.5761071579665407,
                        3.2532144617658343,
                        0.0
                    ],
                    [
                        0.0,
                        0.0,
                        0.0,
                        0.0,
                        0.0,
                        8.0
                    ]
                ],
                "mui": [
                    0.0,
                    0.0,
                    0.0,
                    0.0,
                    0.0,
                    0.0
                ],
                "Ai": [
                    [
                        0.0,
                        0.0,
                        0.0,
                        0.0,
                        0.0,
                        0.0
                    ],
                    [
                        0.0,
                        0.0,
                        0.0,
                        0.0,
                        0.0,
                        0.0
                    ],
                    [
                        -0.9022475446507479,
                        0.7526181422645741,
                        0.0,
                        0.0,
                        0.0,
                        0.0
                    ],
                    [
                        -0.6668952904996237,
                        0.9561418411533473,
                        0.9660154413306725,
                        0.0,
                        0.0,
                        0.0
                    ],
                    [
                        -0.956478941466619,
                        -0.6198116941593954,
                        -0.7778007576984585,
                        0.6959246557596981,
                        0.0,
                        0.0
                    ],
                    [
                        0.0,
                        0.0,
                        0.0,
                        0.0,
                        0.0,
                        0.0
                    ]
                ]
            },
            "est_params": {
                "mui": [
                    0.06394563731626406,
                    -0.10584015607706129,
                    -0.3853400528587476,
                    -0.6742947335707433,
                    -0.05718608370405942,
                    -1.245598372976909
                ],
                "Si": [
                    [
                        1.1241278019408607,
                        -0.02192908320126126,
                        -1.1934833455254559,
                        -1.8586520563985964,
                        -1.598780799068628,
                        -1.4818086948855056
                    ],
                    [
                        -0.021929083201261263,
                        0.9671878444447685,
                        0.5605433627918374,
                        1.5235710688342081,
                        0.07156585210757967,
                        0.7771024738310184
                    ],
                    [
                        -1.1934833455254559,
                        0.5605433627918374,
                        2.4339558526272307,
                        3.684175706495318,
                        1.704047961573531,
                        1.5965250873090515
                    ],
                    [
                        -1.8586520563985964,
                        1.523571068834208,
                        3.684175706495317,
                        7.293311976512601,
                        3.41669232854849,
                        4.4561958346943795
                    ],
                    [
                        -1.598780799068628,
                        0.07156585210757967,
                        1.704047961573531,
                        3.41669232854849,
                        3.5137707524861357,
                        2.7276428212469717
                    ],
                    [
                        -1.4818086948855056,
                        0.7771024738310184,
                        1.5965250873090513,
                        4.4561958346943795,
                        2.7276428212469717,
                        49.01705396819613
                    ]
                ]
            },
            "est_tgt": [
                2,
                3,
                5
            ]
        },
        "obs": {
            "intv_type": "obs",
            "true_params": {
                "Si": [
                    [
                        1.0,
                        0.0,
                        -0.9022475446507479,
                        -1.5384803505349316,
                        -1.3253765259447756,
                        -1.823444656961114
                    ],
                    [
                        0.0,
                        1.0,
                        0.7526181422645741,
                        1.6831825880065308,
                        -0.033830392331224646,
                        0.8193771901229424
                    ],
                    [
                        -0.9022475446507479,
                        0.7526181422645741,
                        2.3804846998940823,
                        3.62089931257179,
                        1.0648295550111466,
                        3.6407533756590764
                    ],
                    [
                        -1.5384803505349316,
                        1.6831825880065308,
                        3.62089931257179,
                        7.133211246439743,
                        2.5761071579665407,
                        6.466753462824837
                    ],
                    [
                        -1.3253765259447756,
                        -0.033830392331224646,
                        1.0648295550111466,
                        2.5761071579665407,
                        3.2532144617658343,
                        3.43195168356695
                    ],
                    [
                        -1.823444656961114,
                        0.8193771901229424,
                        3.6407533756590764,
                        6.466753462824837,
                        3.43195168356695,
                        8.078458992278708
                    ]
                ],
                "mui": [
                    0.0,
                    0.0,
                    0.0,
                    0.0,
                    0.0,
                    0.0
                ],
                "Ai": [
                    [
                        0.0,
                        0.0,
                        0.0,
                        0.0,
                        0.0,
                        0.0
                    ],
                    [
                        0.0,
                        0.0,
                        0.0,
                        0.0,
                        0.0,
                        0.0
                    ],
                    [
                        -0.9022475446507479,
                        0.7526181422645741,
                        0.0,
                        0.0,
                        0.0,
                        0.0
                    ],
                    [
                        -0.6668952904996237,
                        0.9561418411533473,
                        0.9660154413306725,
                        0.0,
                        0.0,
                        0.0
                    ],
                    [
                        -0.956478941466619,
                        -0.6198116941593954,
                        -0.7778007576984585,
                        0.6959246557596981,
                        0.0,
                        0.0
                    ],
                    [
                        0.5585464793973103,
