{
    "expt_args": {
        "save_dir": "expt_logs_30.04.24-hard",
        "exp_name": "558",
        "num_nodes": 6,
        "obs_noise_mean": 0.0,
        "obs_noise_var": 1.0,
        "max_edge_strength": 1.0,
        "graph_sparsity_method": "adj_dense_prop",
        "adj_dense_prop": 0.8,
        "num_parents": null,
        "new_noise_mean": 1.0,
        "mix_samples": 65536,
        "stage2_samples": 65536,
        "gmm_tol": 0.001,
        "intv_type": "hard",
        "new_noise_sigma": 1.0,
        "intv_targets": [
            0,
            1,
            2,
            3,
            4,
            5
        ]
    },
    "intv_args_dict": {
        "0": {
            "intv_type": "hard",
            "inode": 0,
            "new_mui": 1.0,
            "new_sigmai": 1.0,
            "true_params": {
                "Si": [
                    [
                        1.0,
                        -0.6762083232984158,
                        0.34073516266343795,
                        0.8375891742830543,
                        -1.5141937265465475,
                        -0.20166166338027547
                    ],
                    [
                        -0.6762083232984158,
                        1.4572576964980548,
                        0.5846601643746927,
                        -1.8529551496737557,
                        0.9398105088575944,
                        2.9964517911776114
                    ],
                    [
                        0.34073516266343795,
                        0.5846601643746927,
                        1.7804364870905438,
                        -1.4833544620706696,
                        -1.1278037281844255,
                        4.402847107763316
                    ],
                    [
                        0.8375891742830543,
                        -1.8529551496737557,
                        -1.4833544620706696,
                        3.87537456640011,
                        -1.2815801629223205,
                        -5.90363635226224
                    ],
                    [
                        -1.5141937265465475,
                        0.9398105088575944,
                        -1.1278037281844255,
                        -1.2815801629223205,
                        3.8579677461902855,
                        -1.7061516278602795
                    ],
                    [
                        -0.20166166338027547,
                        2.9964517911776114,
                        4.402847107763316,
                        -5.90363635226224,
                        -1.7061516278602795,
                        14.825402848285755
                    ]
                ],
                "mui": [
                    1.0,
                    -0.6762083232984158,
                    0.34073516266343795,
                    0.8375891742830543,
                    -1.5141937265465475,
                    -0.20166166338027547
                ],
                "Ai": [
                    [
                        0.0,
                        0.0,
                        0.0,
                        0.0,
                        0.0,
                        0.0
                    ],
                    [
                        -0.6762083232984158,
                        0.0,
                        0.0,
                        0.0,
                        0.0,
                        0.0
                    ],
                    [
                        0.8918910077099989,
                        0.8150681174081491,
                        0.0,
                        0.0,
                        0.0,
                        0.0
                    ],
                    [
                        0.6098574695541561,
                        -0.6996332664596465,
                        -0.7201080492826455,
                        0.0,
                        0.0,
                        0.0
                    ],
                    [
                        -0.7737748775678388,
                        -0.0,
                        -0.9125570161643706,
                        -0.5127556549473056,
                        0.0,
                        0.0
                    ],
                    [
                        -0.5376761771883738,
                        0.7561112186213307,
                        0.9752067456765939,
                        -0.9605577378691721,
                        -0.871466261839005,
                        0.0
                    ]
                ]
            },
            "est_params": {
                "mui": [
                    0.8460190822861469,
                    -0.6797417015120343,
                    0.2206602335410709,
                    1.0775617760282772,
                    -1.5246988246774453,
                    -0.5041769556414986
                ],
                "Si": [
                    [
                        1.1311239571977132,
                        -0.8469738397462635,
                        0.20269270463537337,
                        1.0921489656646655,
                        -1.5999871970330692,
                        -0.6698599701374542
                    ],
                    [
                        -0.8469738397462635,
                        1.4563201808830513,
                        0.20693153434055286,
                        -1.6586991926555075,
                        1.3384992642999833,
                        2.12224910934673
                    ],
                    [
                        0.20269270463537334,
                        0.20693153434055286,
                        1.0755894606521188,
                        -0.8049880581626806,
                        -0.6388156497234904,
                        2.392504208708035
                    ],
                    [
                        1.0921489656646652,
                        -1.6586991926555075,
                        -0.8049880581626806,
                        3.2098475206745674,
                        -1.824473199426666,
                        -4.041037588643309
                    ],
                    [
                        -1.5999871970330692,
                        1.3384992642999833,
                        -0.6388156497234903,
                        -1.824473199426666,
                        3.499613446068968,
                        -0.07820474999763785
                    ],
                    [
                        -0.6698599701374541,
                        2.12224910934673,
                        2.392504208708035,
                        -4.041037588643309,
                        -0.07820474999763787,
                        9.102012805485375
                    ]
                ]
            },
            "est_tgt": [
                0,
                1,
                2,
                3,
                4,
                5
            ]
        },
        "1": {
            "intv_type": "hard",
            "inode": 1,
            "new_mui": 1.0,
            "new_sigmai": 1.0,
            "true_params": {
                "Si": [
                    [
                        1.0,
                        0.0,
                        0.8918910077099989,
                        -0.032400424180624054,
                        -1.5710627735862026,
                        1.7323526305072412
                    ],
                    [
                        0.0,
                        1.0,
                        0.8150681174081491,
                        -1.286570378518907,
                        -0.0840998921194264,
                        2.8600864959096657
                    ],
                    [
                        0.8918910077099989,
                        0.8150681174081491,
                        2.4598056056492217,
                        -1.7976481925878292,
                        -2.0130814427750945,
                        6.0166300607703445
                    ],
                    [
                        -0.032400424180624054,
                        -1.286570378518907,
                        -1.7976481925878292,
                        3.1748687290110253,
                        0.03759521047896364,
                        -5.790855686205863
                    ],
                    [
                        -1.5710627735862026,
                        -0.0840998921194264,
                        -2.0130814427750945,
                        0.03759521047896364,
                        4.033423343225737,
                        -4.733141181949695
                    ],
                    [
                        1.7323526305072412,
                        2.8600864959096657,
                        6.0166300607703445,
                        -5.790855686205863,
                        -4.733141181949695,
                        17.785781058233813
                    ]
                ],
                "mui": [
                    0.0,
                    1.0,
                    0.8150681174081491,
                    -1.286570378518907,
                    -0.0840998921194264,
                    2.8600864959096657
                ],
                "Ai": [
                    [
                        0.0,
                        0.0,
                        0.0,
                        0.0,
                        0.0,
                        0.0
                    ],
                    [
                        0.0,
                        0.0,
                        0.0,
                        0.0,
                        0.0,
                        0.0
                    ],
                    [
                        0.8918910077099989,
                        0.8150681174081491,
                        0.0,
                        0.0,
                        0.0,
                        0.0
                    ],
                    [
                        0.6098574695541561,
                        -0.6996332664596465,
                        -0.7201080492826455,
                        0.0,
                        0.0,
                        0.0
                    ],
                    [
                        -0.7737748775678388,
                        -0.0,
                        -0.9125570161643706,
                        -0.5127556549473056,
                        0.0,
                        0.0
                    ],
                    [
                        -0.5376761771883738,
                        0.7561112186213307,
                        0.9752067456765939,
                        -0.9605577378691721,
                        -0.871466261839005,
                        0.0
                    ]
                ]
            },
            "est_params": {
                "mui": [
                    0.1868601942381855,
                    0.5899731816396011,
                    1.7700013050514292,
                    -1.708833303519589,
                    -1.030458748195915,
                    4.665819701214243
                ],
                "Si": [
                    [
                        1.1279711776130787,
                        -0.2643053894999157,
                        0.42514962261803696,
                        0.5684103348749282,
                        -1.6297158614932088,
                        0.4735010421345406
                    ],
                    [
                        -0.2643053894999157,
                        1.686128465182243,
                        0.39106341925491234,
                        -1.5942559007415984,
                        0.7077868704039142,
                        2.7152639960149125
                    ],
                    [
                        0.42514962261803696,
                        0.39106341925491234,
                        1.1905228446026743,
                        -0.8120266516283962,
                        -0.969263855008556,
                        2.805204906825525
                    ],
                    [
                        0.5684103348749281,
                        -1.5942559007415984,
                        -0.8120266516283962,
                        2.9759163201983263,
                        -1.3591498358078027,
                        -3.9365463335883093
                    ],
                    [
                        -1.629715861493209,
                        0.7077868704039143,
                        -0.969263855008556,
                        -1.3591498358078025,
                        3.899748007655162,
                        -1.5845103177986257
                    ],
                    [
                        0.4735010421345406,
                        2.7152639960149125,
                        2.805204906825525,
                        -3.9365463335883106,
                        -1.5845103177986257,
                        10.584448503279399
                    ]
                ]
            },
            "est_tgt": [
                0,
                1,
                2,
                3,
                4,
                5
            ]
        },
        "2": {
            "intv_type": "hard",
            "inode": 2,
            "new_mui": 1.0,
            "new_sigmai": 1.0,
            "true_params": {
                "Si": [
                    [
                        1.0,
                        -0.6762083232984158,
                        0.0,
                        1.0829553075906275,
                        -1.3290663355901318,
                        -0.9309695058192957
                    ],
                    [
                        -0.6762083232984158,
                        1.4572576964980548,
                        0.0,
                        -1.4319366592126248,
                        1.2574666321082115,
                        1.745048091873102
                    ],
                    [
                        0.0,
                        0.0,
                        1.0,
                        -0.7201080492826455,
                        -0.5433175417216211,
                        2.140395011592613
                    ],
                    [
                        1.0829553075906275,
                        -1.4319366592126248,
                        -0.7201080492826455,
                        3.1808345084173624,
                        -1.8118148394155982,
                        -3.843676564205085
                    ],
                    [
                        -1.3290663355901318,
                        1.2574666321082115,
                        -0.5433175417216211,
                        -1.8118148394155982,
                        3.4532246804318256,
                        -0.1334710375617585
                    ],
                    [
                        -0.9309695058192957,
                        1.745048091873102,
                        2.140395011592613,
                        -3.843676564205085,
                        -0.1334710375617585,
                        8.715726989765823
                    ]
                ],
                "mui": [
                    0.0,
                    0.0,
                    1.0,
                    -0.7201080492826455,
                    -0.5433175417216211,
                    2.140395011592613
                ],
                "Ai": [
                    [
                        0.0,
                        0.0,
                        0.0,
                        0.0,
                        0.0,
                        0.0
                    ],
                    [
                        -0.6762083232984158,
                        0.0,
                        0.0,
                        0.0,
                        0.0,
                        0.0
                    ],
                    [
                        0.0,
                        0.0,
                        0.0,
                        0.0,
                        0.0,
                        0.0
                    ],
                    [
                        0.6098574695541561,
                        -0.6996332664596465,
                        -0.7201080492826455,
                        0.0,
                        0.0,
                        0.0
                    ],
                    [
                        -0.7737748775678388,
                        -0.0,
                        -0.9125570161643706,
                        -0.5127556549473056,
                        0.0,
                        0.0
                    ],
                    [
                        -0.5376761771883738,
                        0.7561112186213307,
                        0.9752067456765939,
                        -0.9605577378691721,
                        -0.871466261839005,
                        0.0
                    ]
                ]
            },
            "est_params": {
                "mui": [
                    -0.28708950952222845,
                    0.8386823262695624,
                    0.5786397135222355,
                    -1.4909180878315051,
                    0.5568154578367714,
                    2.3972995292743904
                ],
                "Si": [
                    [
                        0.8070731663439467,
                        -0.35014414365468177,
                        0.3569758595241555,
                        0.4438737724511366,
                        -0.6823873574533803,
                        -0.18687934015580418
                    ],
                    [
                        -0.3501441436546818,
                        0.8747486851802097,
                        0.16356149254776253,
                        -0.8190788384600932,
                        0.3732422202769726,
                        1.4090409930434937
                    ],
                    [
                        0.35697585952415556,
                        0.1635614925477625,
                        1.0491079337077047,
                        -0.5313983635977768,
                        -0.42827500882566283,
                        1.7740434364086541
                    ],
                    [
                        0.4438737724511366,
                        -0.8190788384600932,
                        -0.5313983635977767,
                        1.872190921591543,
                        -0.639365723270058,
                        -2.5007040702115084
                    ],
                    [
                        -0.6823873574533803,
                        0.3732422202769726,
                        -0.4282750088256628,
                        -0.639365723270058,
                        2.0694628880054524,
                        -0.9652165170476561
                    ],
                    [
                        -0.18687934015580418,
                        1.4090409930434937,
                        1.7740434364086541,
                        -2.5007040702115084,
                        -0.9652165170476561,
                        6.896237737219097
                    ]
                ]
            },
            "est_tgt": [
                0,
                1,
                2,
                3,
                4,
                5
            ]
        },
        "3": {
            "intv_type": "hard",
            "inode": 3,
            "new_mui": 1.0,
            "new_sigmai": 1.0,
            "true_params": {
                "Si": [
                    [
                        1.0,
                        -0.6762083232984158,
                        0.34073516266343795,
                        0.0,
                        -1.084715140910267,
                        0.22861500156841053
                    ],
                    [
                        -0.6762083232984158,
                        1.4572576964980548,
                        0.5846601643746927,
                        0.0,
                        -0.010302722501354888,
                        2.044573010290117
                    ],
                    [
                        0.34073516266343795,
                        0.5846601643746927,
                        1.7804364870905438,
                        0.0,
                        -1.8884021169024798,
                        3.640835335795465
                    ],
                    [
                        0.0,
                        0.0,
                        0.0,
                        1.0,
                        -0.5127556549473056,
                        -0.513708484015433
                    ],
                    [
                        -1.084715140910267,
                        -0.010302722501354888,
                        -1.8884021169024798,
                        -0.5127556549473056,
                        3.825518288153271,
                        -4.107425706893766
                    ],
                    [
                        0.22861500156841053,
                        2.044573010290117,
                        3.640835335795465,
                        -0.513708484015433,
                        -4.107425706893766,
                        10.04650051554318
                    ]
                ],
                "mui": [
                    0.0,
                    0.0,
                    0.0,
                    1.0,
                    -0.5127556549473056,
                    -0.513708484015433
                ],
                "Ai": [
                    [
                        0.0,
                        0.0,
                        0.0,
                        0.0,
                        0.0,
                        0.0
                    ],
                    [
                        -0.6762083232984158,
                        0.0,
                        0.0,
                        0.0,
                        0.0,
                        0.0
                    ],
                    [
                        0.8918910077099989,
                        0.8150681174081491,
                        0.0,
                        0.0,
                        0.0,
                        0.0
                    ],
                    [
                        0.0,
                        0.0,
                        0.0,
                        0.0,
                        0.0,
                        0.0
                    ],
                    [
                        -0.7737748775678388,
                        -0.0,
                        -0.9125570161643706,
                        -0.5127556549473056,
                        0.0,
                        0.0
                    ],
                    [
                        -0.5376761771883738,
                        0.7561112186213307,
                        0.9752067456765939,
                        -0.9605577378691721,
                        -0.871466261839005,
                        0.0
                    ]
                ]
            },
            "est_params": {
                "mui": [
                    0.18825005863737918,
                    0.09710643276538299,
                    0.46706922355009617,
                    0.7779480290495071,
                    -1.117382026056724,
                    0.7264773465981115
                ],
                "Si": [
                    [
                        1.0584579066257152,
                        -0.719732669395173,
                        0.32956905149251886,
                        -0.019298813007947765,
                        -1.1545614075952917,
                        0.23187420090548097
                    ],
                    [
                        -0.719732669395173,
                        1.3896965572062319,
                        0.3446038082913074,
                        0.001411365350203616,
                        0.2767370524195395,
                        1.4811412910737147
                    ],
                    [
                        0.32956905149251897,
                        0.3446038082913074,
                        1.3219792017897607,
                        -0.03160014977348901,
                        -1.3956446246755612,
                        2.594265143459464
                    ],
                    [
                        -0.019298813007947765,
                        0.0014113653502036158,
                        -0.03160014977348901,
                        1.2535178977883479,
                        -0.6118320154710294,
                        -0.686663696694816
                    ],
                    [
                        -1.1545614075952917,
                        0.2767370524195394,
                        -1.3956446246755612,
                        -0.6118320154710295,
                        3.469142236306012,
                        -2.9151530654312032
                    ],
                    [
                        0.23187420090548092,
                        1.4811412910737147,
                        2.594265143459464,
                        -0.686663696694816,
                        -2.9151530654312032,
                        7.6371236886970415
                    ]
                ]
            },
            "est_tgt": [
                0,
                1,
                2,
                3,
                4,
                5
            ]
        },
        "4": {
            "intv_type": "hard",
            "inode": 4,
            "new_mui": 1.0,
            "new_sigmai": 1.0,
            "true_params": {
                "Si": [
                    [
                        1.0,
                        -0.6762083232984158,
                        0.34073516266343795,
                        0.8375891742830543,
                        0.0,
                        -1.5212304099538678
                    ],
                    [
                        -0.6762083232984158,
                        1.4572576964980548,
                        0.5846601643746927,
                        -1.8529551496737557,
                        0.0,
                        3.8154649421687523
                    ],
                    [
                        0.34073516266343795,
                        0.5846601643746927,
                        1.7804364870905438,
                        -1.4833544620706696,
                        0.0,
                        3.420004208674342
                    ],
                    [
                        0.8375891742830543,
                        -1.8529551496737557,
                        -1.4833544620706696,
                        3.87537456640011,
                        0.0,
                        -7.020490226091178
                    ],
                    [
                        0.0,
                        0.0,
                        0.0,
                        0.0,
                        1.0,
                        -0.871466261839005
                    ],
                    [
                        -1.5212304099538678,
                        3.8154649421687523,
                        3.420004208674342,
                        -7.020490226091178,
                        -0.871466261839005,
                        15.541096028848862
                    ]
                ],
                "mui": [
                    0.0,
                    0.0,
                    0.0,
                    0.0,
                    1.0,
                    -0.871466261839005
                ],
                "Ai": [
                    [
                        0.0,
                        0.0,
                        0.0,
                        0.0,
                        0.0,
                        0.0
                    ],
                    [
                        -0.6762083232984158,
                        0.0,
                        0.0,
                        0.0,
                        0.0,
                        0.0
                    ],
                    [
                        0.8918910077099989,
                        0.8150681174081491,
                        0.0,
                        0.0,
                        0.0,
                        0.0
                    ],
                    [
                        0.6098574695541561,
                        -0.6996332664596465,
                        -0.7201080492826455,
                        0.0,
                        0.0,
                        0.0
                    ],
                    [
                        0.0,
                        0.0,
                        0.0,
                        0.0,
                        0.0,
                        0.0
                    ],
                    [
                        -0.5376761771883738,
                        0.7561112186213307,
                        0.9752067456765939,
                        -0.9605577378691721,
                        -0.871466261839005,
                        0.0
                    ]
                ]
            },
            "est_params": {
                "mui": [
                    0.561873120491514,
                    -0.874100828488506,
                    -0.4163743414744026,
                    1.5918844569952402,
                    0.904216267282456,
                    -3.748571260200793
                ],
                "Si": [
                    [
                        0.8105343332786268,
                        -0.40324436204667463,
                        0.442881675504721,
                        0.309394558640132,
                        -0.14275688862116662,
                        -0.43898204543858327
                    ],
                    [
                        -0.40324436204667463,
                        1.1322995046630793,
                        0.589451053764464,
                        -1.3466667170331394,
                        0.31670871763667807,
                        2.6393426027661144
                    ],
                    [
                        0.4428816755047211,
                        0.589451053764464,
                        2.0565117048045543,
                        -1.6892226528115863,
                        0.3093329257306631,
                        3.6142499323786677
                    ],
                    [
                        0.309394558640132,
                        -1.3466667170331394,
                        -1.6892226528115863,
                        3.104350029774215,
                        -0.5785886791211492,
                        -5.30672641419862
                    ],
                    [
                        -0.1427568886211666,
                        0.31670871763667807,
                        0.3093329257306631,
                        -0.5785886791211492,
                        1.4546414287875056,
                        -0.0603725459249373
                    ],
                    [
                        -0.4389820454385832,
                        2.6393426027661144,
                        3.614249932378667,
                        -5.30672641419862,
                        -0.06037254592493727,
                        11.880824252492195
                    ]
                ]
            },
            "est_tgt": [
                0,
                2,
                3,
                4,
                5
            ]
        },
        "5": {
            "intv_type": "hard",
            "inode": 5,
            "new_mui": 1.0,
            "new_sigmai": 1.0,
            "true_params": {
                "Si": [
                    [
                        1.0,
                        -0.6762083232984158,
                        0.34073516266343795,
                        0.8375891742830543,
                        -1.5141937265465475,
                        0.0
                    ],
                    [
                        -0.6762083232984158,
                        1.4572576964980548,
                        0.5846601643746927,
                        -1.8529551496737557,
                        0.9398105088575944,
                        0.0
                    ],
                    [
                        0.34073516266343795,
                        0.5846601643746927,
                        1.7804364870905438,
                        -1.4833544620706696,
                        -1.1278037281844255,
                        0.0
                    ],
                    [
                        0.8375891742830543,
                        -1.8529551496737557,
                        -1.4833544620706696,
                        3.87537456640011,
                        -1.2815801629223205,
                        0.0
                    ],
                    [
                        -1.5141937265465475,
                        0.9398105088575944,
                        -1.1278037281844255,
                        -1.2815801629223205,
                        3.8579677461902855,
                        0.0
                    ],
                    [
                        0.0,
                        0.0,
                        0.0,
                        0.0,
                        0.0,
                        1.0
                    ]
                ],
                "mui": [
                    0.0,
                    0.0,
                    0.0,
                    0.0,
                    0.0,
                    1.0
                ],
                "Ai": [
                    [
                        0.0,
                        0.0,
                        0.0,
                        0.0,
                        0.0,
                        0.0
                    ],
                    [
                        -0.6762083232984158,
                        0.0,
                        0.0,
                        0.0,
                        0.0,
                        0.0
                    ],
                    [
                        0.8918910077099989,
                        0.8150681174081491,
                        0.0,
                        0.0,
                        0.0,
                        0.0
                    ],
                    [
                        0.6098574695541561,
                        -0.6996332664596465,
                        -0.7201080492826455,
                        0.0,
                        0.0,
                        0.0
                    ],
                    [
                        -0.7737748775678388,
                        -0.0,
                        -0.9125570161643706,
                        -0.5127556549473056,
                        0.0,
                        0.0
                    ],
                    [
                        0.0,
                        0.0,
                        0.0,
                        0.0,
                        0.0,
                        0.0
                    ]
                ]
            },
            "est_params": {
                "mui": [
                    0.004602459909065638,
                    0.019751063881360612,
                    0.009052590213668173,
                    -0.029931656457039373,
                    0.01234549949105941,
                    1.0051062931575734
                ],
                "Si": [
                    [
                        0.969052100413844,
                        -0.6541528981449984,
                        0.3583361611432052,
                        0.8122516386668904,
                        -1.491233409642037,
                        0.020919073791540895
                    ],
                    [
                        -0.6541528981449984,
                        1.471416795183307,
                        0.610281130931433,
                        -1.8856073020311277,
                        0.9498925718114777,
                        -0.0026882998358619156
                    ],
                    [
                        0.35833616114320516,
                        0.610281130931433,
                        1.821980041704291,
                        -1.5107053361438418,
                        -1.1411206848391315,
                        0.019731095927308078
                    ],
                    [
                        0.8122516386668905,
                        -1.8856073020311277,
                        -1.5107053361438418,
                        3.9420956934325253,
                        -1.323713966024815,
                        0.038984562458453755
                    ],
                    [
                        -1.491233409642037,
                        0.9498925718114777,
                        -1.1411206848391318,
                        -1.323713966024815,
                        3.863747819769836,
                        -0.052617569748320346
                    ],
                    [
                        0.02091907379154089,
                        -0.0026882998358619156,
                        0.019731095927308078,
                        0.038984562458453755,
                        -0.052617569748320346,
                        1.0000030439329652
                    ]
                ]
            },
            "est_tgt": [
                1,
                5
            ]
        },
        "obs": {
            "intv_type": "obs",
            "true_params": {
                "Si": [
                    [
                        1.0,
                        -0.6762083232984158,
                        0.34073516266343795,
                        0.8375891742830543,
                        -1.5141937265465475,
                        -0.20166166338027547
                    ],
                    [
                        -0.6762083232984158,
                        1.4572576964980548,
                        0.5846601643746927,
                        -1.8529551496737557,
                        0.9398105088575944,
                        2.9964517911776114
                    ],
                    [
                        0.34073516266343795,
                        0.5846601643746927,
                        1.7804364870905438,
                        -1.4833544620706696,
                        -1.1278037281844255,
                        4.402847107763316
                    ],
                    [
                        0.8375891742830543,
                        -1.8529551496737557,
                        -1.4833544620706696,
                        3.87537456640011,
                        -1.2815801629223205,
                        -5.90363635226224
                    ],
                    [
                        -1.5141937265465475,
                        0.9398105088575944,
                        -1.1278037281844255,
                        -1.2815801629223205,
                        3.8579677461902855,
                        -1.7061516278602795
                    ],
                    [
                        -0.20166166338027547,
                        2.9964517911776114,
                        4.402847107763316,
                        -5.90363635226224,
                        -1.7061516278602795,
                        14.825402848285755
                    ]
                ],
                "mui": [
                    0.0,
                    0.0,
                    0.0,
                    0.0,
                    0.0,
                    0.0
                ],
                "Ai": [
                    [
                        0.0,
                        0.0,
                        0.0,
                        0.0,
                        0.0,
                        0.0
                    ],
                    [
                        -0.6762083232984158,
                        0.0,
                        0.0,
                        0.0,
                        0.0,
                        0.0
