{
    "expt_args": {
        "save_dir": "expt_logs_30.04.24-hard",
        "exp_name": "117",
        "num_nodes": 6,
        "obs_noise_mean": 0.0,
        "obs_noise_var": 1.0,
        "max_edge_strength": 1.0,
        "graph_sparsity_method": "adj_dense_prop",
        "adj_dense_prop": 0.8,
        "num_parents": null,
        "new_noise_mean": 1.0,
        "mix_samples": 32768,
        "stage2_samples": 32768,
        "gmm_tol": 0.001,
        "intv_type": "hard",
        "new_noise_sigma": 2.0,
        "intv_targets": [
            0,
            1,
            2,
            3,
            4,
            5
        ]
    },
    "intv_args_dict": {
        "0": {
            "intv_type": "hard",
            "inode": 0,
            "new_mui": 1.0,
            "new_sigmai": 2.0,
            "true_params": {
                "Si": [
                    [
                        2.0,
                        0.0,
                        1.2007786373021778,
                        -2.7912169691598177,
                        -0.46191839071060375,
                        1.766521688673939
                    ],
                    [
                        0.0,
                        1.0,
                        0.9679082517421228,
                        -0.6764559159655081,
                        0.2841683678748465,
                        0.4708419606753923
                    ],
                    [
                        1.2007786373021778,
                        0.9679082517421228,
                        2.6577810516911304,
                        -3.029448453466374,
                        -0.47010781046039246,
                        1.8696258911070451
                    ],
                    [
                        -2.7912169691598177,
                        -0.6764559159655081,
                        -3.029448453466374,
                        5.8414780060127445,
                        0.07063194125773342,
                        -3.0619981539898493
                    ],
                    [
                        -0.46191839071060375,
                        0.2841683678748465,
                        -0.47010781046039246,
                        0.07063194125773342,
                        1.9086293188577907,
                        -1.4155728876036622
                    ],
                    [
                        1.766521688673939,
                        0.4708419606753923,
                        1.8696258911070451,
                        -3.0619981539898493,
                        -1.4155728876036622,
                        3.9042203775895654
                    ]
                ],
                "mui": [
                    1.0,
                    0.0,
                    0.6003893186510889,
                    -1.3956084845799088,
                    -0.23095919535530188,
                    0.8832608443369695
                ],
                "Ai": [
                    [
                        0.0,
                        0.0,
                        0.0,
                        0.0,
                        0.0,
                        0.0
                    ],
                    [
                        -0.0,
                        0.0,
                        0.0,
                        0.0,
                        0.0,
                        0.0
                    ],
                    [
                        0.6003893186510889,
                        0.9679082517421228,
                        0.0,
                        0.0,
                        0.0,
                        0.0
                    ],
                    [
                        -0.9760057941874771,
                        -0.0,
                        -0.6988843361423625,
                        0.0,
                        0.0,
                        0.0
                    ],
                    [
                        -0.6418296301138666,
                        0.7369808691837911,
                        -0.9631629681226194,
                        -0.7087540695465218,
                        0.0,
                        0.0
                    ],
                    [
                        -0.0,
                        0.8645537701765427,
                        -0.629965507682216,
                        -0.7387013385967331,
                        -0.9982176730273804,
                        0.0
                    ]
                ]
            },
            "est_params": {
                "mui": [
                    1.1845278195136455,
                    -0.19755819556268794,
                    2.025103022582477,
                    -2.5491646117291,
                    -1.1342269069201807,
                    1.6093457452704614
                ],
                "Si": [
                    [
                        3.3445853784022526,
                        0.21315997317920685,
                        0.15107745020568952,
                        -3.370934016829846,
                        0.31793026356361365,
                        2.2448888574321817
                    ],
                    [
                        0.21315997317920685,
                        0.8839468817032881,
                        0.47881075057460337,
                        -0.5617206681540674,
                        0.45098112470419877,
                        0.38915050901363474
                    ],
                    [
                        0.15107745020568952,
                        0.4788107505746033,
                        2.51231984169135,
                        -1.9575658850729918,
                        -0.7087895198313858,
                        0.959686439010484
                    ],
                    [
                        -3.370934016829846,
                        -0.5617206681540674,
                        -1.9575658850729918,
                        5.704131938063205,
                        -0.5111224947324043,
                        -2.8836704010327283
                    ],
                    [
                        0.3179302635636137,
                        0.45098112470419877,
                        -0.7087895198313858,
                        -0.5111224947324043,
                        2.0617735707664533,
                        -0.8778759727788391
                    ],
                    [
                        2.244888857432182,
                        0.3891505090136347,
                        0.959686439010484,
                        -2.8836704010327288,
                        -0.8778759727788391,
                        3.586013615763963
                    ]
                ]
            },
            "est_tgt": [
                0,
                1,
                2,
                3,
                4,
                5
            ]
        },
        "1": {
            "intv_type": "hard",
            "inode": 1,
            "new_mui": 1.0,
            "new_sigmai": 2.0,
            "true_params": {
                "Si": [
                    [
                        1.0,
                        0.0,
                        0.6003893186510889,
                        -1.3956084845799088,
                        -0.23095919535530188,
                        0.8832608443369695
                    ],
                    [
                        0.0,
                        2.0,
                        1.9358165034842456,
                        -1.3529118319310163,
                        0.568336735749693,
                        0.9416839213507846
                    ],
                    [
                        0.6003893186510889,
                        1.9358165034842456,
                        3.234160101531304,
                        -2.846287289308555,
                        -0.05639346837466391,
                        1.7950573335885385
                    ],
                    [
                        -1.3956084845799088,
                        -1.3529118319310163,
                        -2.846287289308555,
                        4.351347570026049,
                        -0.4439240449510773,
                        -2.1478156553196293
                    ],
                    [
                        -0.23095919535530188,
                        0.568336735749693,
                        -0.05639346837466391,
                        -0.4439240449510773,
                        1.9360388302392764,
                        -1.0777772822146323
                    ],
                    [
                        0.8832608443369695,
                        0.9416839213507846,
                        1.7950573335885385,
                        -2.1478156553196293,
                        -1.0777772822146323,
                        3.345762810383357
                    ]
                ],
                "mui": [
                    0.0,
                    1.0,
                    0.9679082517421228,
                    -0.6764559159655081,
                    0.2841683678748465,
                    0.4708419606753923
                ],
                "Ai": [
                    [
                        0.0,
                        0.0,
                        0.0,
                        0.0,
                        0.0,
                        0.0
                    ],
                    [
                        0.0,
                        0.0,
                        0.0,
                        0.0,
                        0.0,
                        0.0
                    ],
                    [
                        0.6003893186510889,
                        0.9679082517421228,
                        0.0,
                        0.0,
                        0.0,
                        0.0
                    ],
                    [
                        -0.9760057941874771,
                        -0.0,
                        -0.6988843361423625,
                        0.0,
                        0.0,
                        0.0
                    ],
                    [
                        -0.6418296301138666,
                        0.7369808691837911,
                        -0.9631629681226194,
                        -0.7087540695465218,
                        0.0,
                        0.0
                    ],
                    [
                        -0.0,
                        0.8645537701765427,
                        -0.629965507682216,
                        -0.7387013385967331,
                        -0.9982176730273804,
                        0.0
                    ]
                ]
            },
            "est_params": {
                "mui": [
                    0.20874966744557774,
                    0.8184517737291773,
                    0.9831182191907064,
                    -0.9916311884626507,
                    0.22085550001206217,
                    0.6038821148113465
                ],
                "Si": [
                    [
                        1.0863639007575048,
                        -0.14040075062080598,
                        0.475604615325679,
                        -1.4088253328307285,
                        -0.2735195997235557,
                        0.8899173609081382
                    ],
                    [
                        -0.14040075062080595,
                        3.534556988642905,
                        3.248025893710212,
                        -2.0353665139067116,
                        1.0451203049039182,
                        1.5104078784865074
                    ],
                    [
                        0.475604615325679,
                        3.248025893710212,
                        4.284567936854517,
                        -3.3856367316582516,
                        0.429704839347269,
                        2.2083736474656517
                    ],
                    [
                        -1.4088253328307285,
                        -2.0353665139067116,
                        -3.3856367316582516,
                        4.559425472452173,
                        -0.5996291832722789,
                        -2.4293424838716753
                    ],
                    [
                        -0.2735195997235558,
                        1.0451203049039182,
                        0.429704839347269,
                        -0.5996291832722789,
                        1.9326686062904965,
                        -0.8618673731986494
                    ],
                    [
                        0.8899173609081382,
                        1.5104078784865074,
                        2.2083736474656517,
                        -2.4293424838716753,
                        -0.8618673731986497,
                        3.5111177080025295
                    ]
                ]
            },
            "est_tgt": [
                0,
                1,
                3,
                4
            ]
        },
        "2": {
            "intv_type": "hard",
            "inode": 2,
            "new_mui": 1.0,
            "new_sigmai": 2.0,
            "true_params": {
                "Si": [
                    [
                        1.0,
                        0.0,
                        0.0,
                        -0.9760057941874771,
                        0.049918448417492746,
                        0.67114730922401
                    ],
                    [
                        0.0,
                        1.0,
                        0.0,
                        0.0,
                        0.7369808691837911,
                        0.1288864418742024
                    ],
                    [
                        0.0,
                        0.0,
                        2.0,
                        -1.397768672284725,
                        -0.9356517014788014,
                        0.7065866381151509
                    ],
                    [
                        -0.9760057941874771,
                        0.0,
                        -1.397768672284725,
                        2.9294659408978294,
                        -0.10356244619035937,
                        -1.180076496607457
                    ],
                    [
                        0.049918448417492746,
                        0.7369808691837911,
                        -0.9356517014788014,
                        -0.10356244619035937,
                        2.48568703737415,
                        -1.178167124556122
                    ],
                    [
                        0.67114730922401,
                        0.1288864418742024,
                        0.7065866381151509,
                        -1.180076496607457,
                        -1.178167124556122,
                        2.714095382247544
                    ]
                ],
                "mui": [
                    0.0,
                    0.0,
                    1.0,
                    -0.6988843361423625,
                    -0.4678258507394007,
                    0.35329331905757544
                ],
                "Ai": [
                    [
                        0.0,
                        0.0,
                        0.0,
                        0.0,
                        0.0,
                        0.0
                    ],
                    [
                        -0.0,
                        0.0,
                        0.0,
                        0.0,
                        0.0,
                        0.0
                    ],
                    [
                        0.0,
                        0.0,
                        0.0,
                        0.0,
                        0.0,
                        0.0
                    ],
                    [
                        -0.9760057941874771,
                        -0.0,
                        -0.6988843361423625,
                        0.0,
                        0.0,
                        0.0
                    ],
                    [
                        -0.6418296301138666,
                        0.7369808691837911,
                        -0.9631629681226194,
                        -0.7087540695465218,
                        0.0,
                        0.0
                    ],
                    [
                        -0.0,
                        0.8645537701765427,
                        -0.629965507682216,
                        -0.7387013385967331,
                        -0.9982176730273804,
                        0.0
                    ]
                ]
            },
            "est_params": {
                "mui": [
                    -0.3784687529430034,
                    -0.21118115765865123,
                    -0.6534058819162604,
                    1.149152498623939,
                    -0.19489217969003375,
                    -0.5431169716290247
                ],
                "Si": [
                    [
                        0.921647049858953,
                        -0.1708337705253313,
                        0.18205242611320122,
                        -0.9876699902076082,
                        -0.09806569830632884,
                        0.29187311879417766
                    ],
                    [
                        -0.17083377052533133,
                        1.089729614872536,
                        0.859555818221205,
                        -0.36892188800944853,
                        0.3493979879193855,
                        0.17711889693511446
                    ],
                    [
                        0.18205242611320122,
                        0.8595558182212047,
                        1.7036459449749257,
                        -1.2448304580609466,
                        -0.22437726188550813,
                        0.390762928859661
                    ],
                    [
                        -0.9876699902076082,
                        -0.36892188800944853,
                        -1.2448304580609466,
                        2.6162717389158576,
                        -0.40236988088121967,
                        -0.48101189741571265
                    ],
                    [
                        -0.09806569830632883,
                        0.3493979879193854,
                        -0.2243772618855081,
                        -0.4023698808812197,
                        1.7479802715364279,
                        -0.7883561063621713
                    ],
                    [
                        0.29187311879417766,
                        0.17711889693511446,
                        0.3907629288596609,
                        -0.48101189741571254,
                        -0.7883561063621711,
                        2.505394645082762
                    ]
                ]
            },
            "est_tgt": [
                0,
                1,
                3,
                4,
                5
            ]
        },
        "3": {
            "intv_type": "hard",
            "inode": 3,
            "new_mui": 1.0,
            "new_sigmai": 2.0,
            "true_params": {
                "Si": [
                    [
                        1.0,
                        0.0,
                        0.6003893186510889,
                        0.0,
                        -1.2201023882949664,
                        0.8397032049679378
                    ],
                    [
                        0.0,
                        1.0,
                        0.9679082517421228,
                        0.0,
                        -0.19527251543452734,
                        0.4497294329412672
                    ],
                    [
                        0.6003893186510889,
                        0.9679082517421228,
                        2.2973137177408116,
                        0.0,
                        -1.8847052887431208,
                        1.270926453398284
                    ],
                    [
                        0.0,
                        0.0,
                        0.0,
                        2.0,
                        -1.4175081390930435,
                        -0.062421001090636086
                    ],
                    [
                        -1.2201023882949664,
                        -0.19527251543452734,
                        -1.8847052887431208,
                        -1.4175081390930435,
                        4.459128758567495,
                        -2.3855902386632803
                    ],
                    [
                        0.8397032049679378,
                        0.4497294329412672,
                        1.270926453398284,
                        -0.062421001090636086,
                        -2.3855902386632803,
                        3.015624262264417
                    ]
                ],
                "mui": [
                    0.0,
                    0.0,
                    0.0,
                    1.0,
                    -0.7087540695465218,
                    -0.031210500545318043
                ],
                "Ai": [
                    [
                        0.0,
                        0.0,
                        0.0,
                        0.0,
                        0.0,
                        0.0
                    ],
                    [
                        -0.0,
                        0.0,
                        0.0,
                        0.0,
                        0.0,
                        0.0
                    ],
                    [
                        0.6003893186510889,
                        0.9679082517421228,
                        0.0,
                        0.0,
                        0.0,
                        0.0
                    ],
                    [
                        0.0,
                        0.0,
                        0.0,
                        0.0,
                        0.0,
                        0.0
                    ],
                    [
                        -0.6418296301138666,
                        0.7369808691837911,
                        -0.9631629681226194,
                        -0.7087540695465218,
                        0.0,
                        0.0
                    ],
                    [
                        -0.0,
                        0.8645537701765427,
                        -0.629965507682216,
                        -0.7387013385967331,
                        -0.9982176730273804,
                        0.0
                    ]
                ]
            },
            "est_params": {
                "mui": [
                    0.2614457778380933,
                    0.0802112183887841,
                    0.4425809880033074,
                    1.1331993843283816,
                    -1.7299221628219843,
                    0.7854227905884621
                ],
                "Si": [
                    [
                        0.8886260488249085,
                        -0.02159756428143855,
                        0.4693566633188692,
                        -0.008591610285880059,
                        -0.9687427130706775,
                        0.6485064969772975
                    ],
                    [
                        -0.02159756428143855,
                        0.8928682778657907,
                        0.8259273889928664,
                        0.1308443449818177,
                        -0.22224348304202518,
                        0.3846003782655497
                    ],
                    [
                        0.46935666331886916,
                        0.8259273889928664,
                        2.0028720179740978,
                        0.0039241803909277955,
                        -1.5330142426195474,
                        0.9723834832864593
                    ],
                    [
                        -0.008591610285880066,
                        0.1308443449818177,
                        0.003924180390927819,
                        4.145775448953511,
                        -2.448184100788405,
                        -0.6554115000263926
                    ],
                    [
                        -0.9687427130706775,
                        -0.22224348304202513,
                        -1.5330142426195472,
                        -2.448184100788405,
                        4.286722441899442,
                        -1.6323619053825105
                    ],
                    [
                        0.6485064969772975,
                        0.3846003782655497,
                        0.9723834832864593,
                        -0.6554115000263925,
                        -1.6323619053825098,
                        2.795966947188252
                    ]
                ]
            },
            "est_tgt": [
                0,
                2,
                3,
                4,
                5
            ]
        },
        "4": {
            "intv_type": "hard",
            "inode": 4,
            "new_mui": 1.0,
            "new_sigmai": 2.0,
            "true_params": {
                "Si": [
                    [
                        1.0,
                        0.0,
                        0.6003893186510889,
                        -1.3956084845799088,
                        0.0,
                        0.6527132937851239
                    ],
                    [
                        0.0,
                        1.0,
                        0.9679082517421228,
                        -0.6764559159655081,
                        0.0,
                        0.7545038476034102
                    ],
                    [
                        0.6003893186510889,
                        0.9679082517421228,
                        2.2973137177408116,
                        -2.191540026305764,
                        0.0,
                        1.0084738767471166
                    ],
                    [
                        -1.3956084845799088,
                        -0.6764559159655081,
                        -2.191540026305764,
                        3.8937549637813147,
                        0.0,
                        -2.0805598911415304
                    ],
                    [
                        0.0,
                        0.0,
                        0.0,
                        0.0,
                        2.0,
                        -1.9964353460547608
                    ],
                    [
                        0.6527132937851239,
                        0.7545038476034102,
                        1.0084738767471166,
                        -2.0805598911415304,
                        -1.9964353460547608,
                        4.546794810414305
                    ]
                ],
                "mui": [
                    0.0,
                    0.0,
                    0.0,
                    0.0,
                    1.0,
                    -0.9982176730273804
                ],
                "Ai": [
                    [
                        0.0,
                        0.0,
                        0.0,
                        0.0,
                        0.0,
                        0.0
                    ],
                    [
                        -0.0,
                        0.0,
                        0.0,
                        0.0,
                        0.0,
                        0.0
                    ],
                    [
                        0.6003893186510889,
                        0.9679082517421228,
                        0.0,
                        0.0,
                        0.0,
                        0.0
                    ],
                    [
                        -0.9760057941874771,
                        -0.0,
                        -0.6988843361423625,
                        0.0,
                        0.0,
                        0.0
                    ],
                    [
                        0.0,
                        0.0,
                        0.0,
                        0.0,
                        0.0,
                        0.0
                    ],
                    [
                        -0.0,
                        0.8645537701765427,
                        -0.629965507682216,
                        -0.7387013385967331,
                        -0.9982176730273804,
                        0.0
                    ]
                ]
            },
            "est_params": {
                "mui": [
                    -0.1529383376208054,
                    -0.011640585806081237,
                    -0.40659573208758976,
                    0.5185330762195433,
                    1.1238479248778355,
                    -1.309150535153838
                ],
                "Si": [
                    [
                        1.5286691301631627,
                        0.024817279099835516,
                        0.7960253581760622,
                        -2.073899747367587,
                        0.09940658707688707,
                        0.9174698912859246
                    ],
                    [
                        0.024817279099835516,
                        1.0126149835785494,
                        0.7059084587309908,
                        -0.5528800877241005,
                        0.2104270822289084,
                        0.6524454865763547
                    ],
                    [
                        0.7960253581760622,
                        0.7059084587309908,
                        2.700455006874598,
                        -2.6589296388028667,
                        0.01326279483504074,
                        0.8451949150843522
                    ],
                    [
                        -2.073899747367587,
                        -0.5528800877241005,
                        -2.6589296388028667,
                        4.809734707365925,
                        -0.1909629684635139,
                        -2.142965263746702
                    ],
                    [
                        0.09940658707688707,
                        0.21042708222890835,
                        0.01326279483504073,
                        -0.19096296846351396,
                        3.7570467614485343,
                        -3.403500608109226
                    ],
                    [
                        0.9174698912859245,
                        0.6524454865763547,
                        0.8451949150843522,
                        -2.1429652637467025,
                        -3.403500608109226,
                        5.899964312678734
                    ]
                ]
            },
            "est_tgt": [
                0,
                2,
                3,
                4,
                5
            ]
        },
        "5": {
            "intv_type": "hard",
            "inode": 5,
            "new_mui": 1.0,
            "new_sigmai": 2.0,
            "true_params": {
                "Si": [
                    [
                        1.0,
                        0.0,
                        0.6003893186510889,
                        -1.3956084845799088,
                        -0.23095919535530188,
                        0.0
                    ],
                    [
                        0.0,
                        1.0,
                        0.9679082517421228,
                        -0.6764559159655081,
                        0.2841683678748465,
                        0.0
                    ],
                    [
                        0.6003893186510889,
                        0.9679082517421228,
                        2.2973137177408116,
                        -2.191540026305764,
                        -0.331442376524819,
                        0.0
                    ],
                    [
                        -1.3956084845799088,
                        -0.6764559159655081,
                        -2.191540026305764,
                        3.8937549637813147,
                        -0.25169667137187457,
                        0.0
                    ],
                    [
                        -0.23095919535530188,
                        0.2841683678748465,
                        -0.331442376524819,
                        -0.25169667137187457,
                        1.8552871689386223,
                        0.0
                    ],
                    [
                        0.0,
                        0.0,
                        0.0,
                        0.0,
                        0.0,
                        2.0
                    ]
                ],
                "mui": [
                    0.0,
                    0.0,
                    0.0,
                    0.0,
                    0.0,
                    1.0
                ],
                "Ai": [
                    [
                        0.0,
                        0.0,
                        0.0,
                        0.0,
                        0.0,
                        0.0
                    ],
                    [
                        -0.0,
                        0.0,
                        0.0,
                        0.0,
                        0.0,
                        0.0
                    ],
                    [
                        0.6003893186510889,
                        0.9679082517421228,
                        0.0,
                        0.0,
                        0.0,
                        0.0
                    ],
                    [
                        -0.9760057941874771,
                        -0.0,
                        -0.6988843361423625,
                        0.0,
                        0.0,
                        0.0
                    ],
                    [
                        -0.6418296301138666,
                        0.7369808691837911,
                        -0.9631629681226194,
                        -0.7087540695465218,
                        0.0,
                        0.0
                    ],
                    [
                        0.0,
                        0.0,
                        0.0,
                        0.0,
                        0.0,
                        0.0
                    ]
                ]
            },
            "est_params": {
                "mui": [
                    0.15141768194253116,
                    0.12031565223707438,
                    0.3426796106562143,
                    -0.49519549329694124,
                    0.0025117812604791468,
                    1.3012576793052477
                ],
                "Si": [
                    [
                        0.9683409668215462,
                        0.010121427725651434,
                        0.5588781829554401,
                        -1.3104085988082903,
                        -0.25301173138727096,
                        0.03108462062636954
                    ],
                    [
                        0.010121427725651428,
                        0.8637247733105395,
                        0.8285512018050745,
                        -0.5929401686377214,
                        0.18874732363201127,
                        -0.05501160586690724
                    ],
                    [
                        0.5588781829554401,
                        0.8285512018050745,
                        2.0771176569174443,
                        -1.93813004825296,
                        -0.45198484411718537,
                        -0.12556442227539122
                    ],
                    [
                        -1.3104085988082903,
                        -0.5929401686377214,
                        -1.93813004825296,
                        3.4881955452163105,
                        -0.04693706322105768,
                        0.07033074876731821
                    ],
                    [
                        -0.25301173138727096,
                        0.18874732363201127,
                        -0.45198484411718537,
                        -0.04693706322105765,
                        1.838359779932805,
                        -0.26073258607556404
                    ],
                    [
                        0.031084620626369547,
                        -0.05501160586690724,
                        -0.12556442227539116,
                        0.07033074876731826,
                        -0.2607325860755641,
                        3.4156311408382827
                    ]
                ]
            },
            "est_tgt": [
                1,
                2,
                3,
                5
            ]
        },
        "obs": {
            "intv_type": "obs",
            "true_params": {
                "Si": [
                    [
                        1.0,
                        0.0,
                        0.6003893186510889,
                        -1.3956084845799088,
                        -0.23095919535530188,
                        0.8832608443369695
                    ],
                    [
                        0.0,
                        1.0,
                        0.9679082517421228,
                        -0.6764559159655081,
                        0.2841683678748465,
                        0.4708419606753923
                    ],
                    [
                        0.6003893186510889,
                        0.9679082517421228,
                        2.2973137177408116,
                        -2.191540026305764,
                        -0.331442376524819,
                        1.3393255145843863
                    ],
                    [
                        -1.3956084845799088,
                        -0.6764559159655081,
                        -2.191540026305764,
                        3.8937549637813147,
                        -0.25169667137187457,
                        -1.8293118255359604
                    ],
                    [
                        -0.23095919535530188,
                        0.2841683678748465,
                        -0.331442376524819,
                        -0.25169667137187457,
                        1.8552871689386223,
                        -1.2115756737067511
                    ],
                    [
                        0.8832608443369695,
                        0.4708419606753923,
                        1.3393255145843863,
                        -1.8293118255359604,
                        -1.2115756737067511,
                        3.124070658450709
                    ]
                ],
                "mui": [
                    0.0,
                    0.0,
                    0.0,
                    0.0,
                    0.0,
                    0.0
                ],
                "Ai": [
                    [
                        0.0,
                        0.0,
                        0.0,
                        0.0,
                        0.0,
                        0.0
                    ],
                    [
                        -0.0,
                        0.0,
                        0.0,
                        0.0,
                        0.0,
                        0.0
                    ],
                    [
                        0.6003893186510889,
                        0.9679082517421228,
                        0.0,
                        0.0,
                        0.0,
                        0.0
                    ],
                    [
                        -0.9760057941874771,
                        -0.0,
                        -0.6988843361423625,
                        0.0,
                        0.0,
