{
    "expt_args": {
        "save_dir": "expt_logs_30.04.24-hard",
        "exp_name": "246",
        "num_nodes": 6,
        "obs_noise_mean": 0.0,
        "obs_noise_var": 1.0,
        "max_edge_strength": 1.0,
        "graph_sparsity_method": "adj_dense_prop",
        "adj_dense_prop": 0.8,
        "num_parents": null,
        "new_noise_mean": 1.0,
        "mix_samples": 65536,
        "stage2_samples": 65536,
        "gmm_tol": 0.001,
        "intv_type": "hard",
        "new_noise_sigma": 2.0,
        "intv_targets": [
            0,
            1,
            2,
            3,
            4,
            5
        ]
    },
    "intv_args_dict": {
        "0": {
            "intv_type": "hard",
            "inode": 0,
            "new_mui": 1.0,
            "new_sigmai": 2.0,
            "true_params": {
                "Si": [
                    [
                        2.0,
                        -1.6773327866556893,
                        2.9100113505708807,
                        3.579663344213952,
                        4.896919027860674,
                        -0.7052705488971733
                    ],
                    [
                        -1.6773327866556893,
                        2.40672263859507,
                        -3.195548432636739,
                        -4.318579633336438,
                        -5.461253212130095,
                        0.5305807120575362
                    ],
                    [
                        2.9100113505708807,
                        -3.195548432636739,
                        5.80413779076677,
                        7.0368561143129895,
                        8.624959980644105,
                        -1.4714469054022496
                    ],
                    [
                        3.579663344213952,
                        -4.318579633336438,
                        7.0368561143129895,
                        9.836373372491272,
                        11.517949522582834,
                        -2.1807820350576197
                    ],
                    [
                        4.896919027860674,
                        -5.461253212130095,
                        8.624959980644105,
                        11.517949522582834,
                        15.379278685623612,
                        -2.2155731159052325
                    ],
                    [
                        -0.7052705488971733,
                        0.5305807120575362,
                        -1.4714469054022496,
                        -2.1807820350576197,
                        -2.2155731159052325,
                        1.840309393285086
                    ]
                ],
                "mui": [
                    1.0,
                    -0.8386663933278447,
                    1.4550056752854403,
                    1.789831672106976,
                    2.448459513930337,
                    -0.35263527444858667
                ],
                "Ai": [
                    [
                        0.0,
                        0.0,
                        0.0,
                        0.0,
                        0.0,
                        0.0
                    ],
                    [
                        -0.8386663933278447,
                        0.0,
                        0.0,
                        0.0,
                        0.0,
                        0.0
                    ],
                    [
                        0.8217960192898759,
                        -0.7550197087103685,
                        0.0,
                        0.0,
                        0.0,
                        0.0
                    ],
                    [
                        -0.0,
                        -0.6863796708081009,
                        0.8344902908358729,
                        0.0,
                        0.0,
                        0.0
                    ],
                    [
                        0.9203192618169829,
                        -0.6013557846187265,
                        -0.0,
                        0.5720109779458296,
                        0.0,
                        0.0
                    ],
                    [
                        0.0,
                        -0.8358842240767415,
                        -0.0,
                        -0.5886940645397716,
                        0.0,
                        0.0
                    ]
                ]
            },
            "est_params": {
                "mui": [
                    2.4221903484674967,
                    -2.229168585671018,
                    3.763869548623599,
                    4.826585908660156,
                    6.353558275448095,
                    -1.0273319200450644
                ],
                "Si": [
                    [
                        2.4491069288859646,
                        -1.9003490632827948,
                        3.3417877461001972,
                        3.8960795409258453,
                        5.5753041056365555,
                        -0.6432995445153497
                    ],
                    [
                        -1.9003490632827948,
                        2.423711664113767,
                        -3.299154256919186,
                        -4.224590434502459,
                        -5.570826528874037,
                        0.36599263116299946
                    ],
                    [
                        3.3417877461001972,
                        -3.2991542569191865,
                        6.081000701722544,
                        7.025680304222847,
                        9.042912727690211,
                        -1.2682968447118186
                    ],
                    [
                        3.896079540925846,
                        -4.22459043450246,
                        7.025680304222846,
                        9.346808983904415,
                        11.415736383129302,
                        -1.8433647635599033
                    ],
                    [
                        5.5753041056365555,
                        -5.570826528874037,
                        9.042912727690211,
                        11.415736383129302,
                        15.899086409985284,
                        -1.8860719967856536
                    ],
                    [
                        -0.6432995445153497,
                        0.36599263116299946,
                        -1.2682968447118186,
                        -1.8433647635599033,
                        -1.8860719967856536,
                        1.6892770738834366
                    ]
                ]
            },
            "est_tgt": [
                0,
                1,
                2,
                3,
                5
            ]
        },
        "1": {
            "intv_type": "hard",
            "inode": 1,
            "new_mui": 1.0,
            "new_sigmai": 2.0,
            "true_params": {
                "Si": [
                    [
                        1.0,
                        0.0,
                        0.8217960192898759,
                        0.6857807991449711,
                        1.3125934073923704,
                        -0.40371508603198575
                    ],
                    [
                        0.0,
                        2.0,
                        -1.510039417420737,
                        -2.632872574233265,
                        -2.7087435852313764,
                        -0.12181199101281077
                    ],
                    [
                        0.8217960192898759,
                        -1.510039417420737,
                        2.815458218402865,
                        3.3859329057477576,
                        3.601176437180985,
                        -0.7310604777875793
                    ],
                    [
                        0.6857807991449711,
                        -2.632872574233265,
                        3.3859329057477576,
                        5.632678346050104,
                        5.436384280694949,
                        -1.1151476609754885
                    ],
                    [
                        1.3125934073923704,
                        -2.7087435852313764,
                        3.601176437180985,
                        5.436384280694949,
                        6.946595108674594,
                        -0.9361711286384524
                    ],
                    [
                        -0.40371508603198575,
                        -0.12181199101281077,
                        -0.7310604777875793,
                        -1.1151476609754885,
                        -0.9361711286384524,
                        1.7583015306926657
                    ]
                ],
                "mui": [
                    0.0,
                    1.0,
                    -0.7550197087103685,
                    -1.3164362871166324,
                    -1.3543717926156882,
                    -0.06090599550640539
                ],
                "Ai": [
                    [
                        0.0,
                        0.0,
                        0.0,
                        0.0,
                        0.0,
                        0.0
                    ],
                    [
                        0.0,
                        0.0,
                        0.0,
                        0.0,
                        0.0,
                        0.0
                    ],
                    [
                        0.8217960192898759,
                        -0.7550197087103685,
                        0.0,
                        0.0,
                        0.0,
                        0.0
                    ],
                    [
                        -0.0,
                        -0.6863796708081009,
                        0.8344902908358729,
                        0.0,
                        0.0,
                        0.0
                    ],
                    [
                        0.9203192618169829,
                        -0.6013557846187265,
                        -0.0,
                        0.5720109779458296,
                        0.0,
                        0.0
                    ],
                    [
                        0.0,
                        -0.8358842240767415,
                        -0.0,
                        -0.5886940645397716,
                        0.0,
                        0.0
                    ]
                ]
            },
            "est_params": {
                "mui": [
                    -0.3634426520231009,
                    0.6006497675934998,
                    -0.8857044945335343,
                    -1.288067457196108,
                    -1.5499817566447909,
                    0.4781295422903111
                ],
                "Si": [
                    [
                        0.6967650480816991,
                        -0.3715262230237449,
                        0.717711734847742,
                        0.7819367331906991,
                        1.233412181433553,
                        -0.0798802406054785
                    ],
                    [
                        -0.3715262230237449,
                        0.9945732097630187,
                        -0.8488554981210865,
                        -1.2830160496879128,
                        -1.5839402790442119,
                        -0.04180661887277526
                    ],
                    [
                        0.717711734847742,
                        -0.8488554981210865,
                        2.0198274401112393,
                        2.1009782034034163,
                        2.1933352983955006,
                        -0.362001078596152
                    ],
                    [
                        0.7819367331906991,
                        -1.2830160496879128,
                        2.1009782034034163,
                        3.378199584986322,
                        3.190127895728101,
                        -0.5872299384369162
                    ],
                    [
                        1.2334121814335532,
                        -1.5839402790442119,
                        2.1933352983955006,
                        3.190127895728101,
                        4.5918961883595175,
                        -0.3481725799077642
                    ],
                    [
                        -0.07988024060547849,
                        -0.04180661887277525,
                        -0.36200107859615205,
                        -0.5872299384369162,
                        -0.34817257990776423,
                        2.6554154425793284
                    ]
                ]
            },
            "est_tgt": [
                0,
                1,
                2,
                3,
                4,
                5
            ]
        },
        "2": {
            "intv_type": "hard",
            "inode": 2,
            "new_mui": 1.0,
            "new_sigmai": 2.0,
            "true_params": {
                "Si": [
                    [
                        1.0,
                        -0.8386663933278447,
                        0.0,
                        0.5756435629701833,
                        1.7539305862128027,
                        0.3621500586350116
                    ],
                    [
                        -0.8386663933278447,
                        1.703361319297535,
                        0.0,
                        -1.1691525816066946,
                        -2.4649351302462885,
                        -0.7355396693701428
                    ],
                    [
                        0.0,
                        0.0,
                        2.0,
                        1.6689805816717458,
                        0.9546752146946548,
                        -0.9825189622622922
                    ],
                    [
                        0.5756435629701833,
                        -1.1691525816066946,
                        1.6689805816717458,
                        3.195230655086324,
                        3.060559538771942,
                        -0.9037371229812139
                    ],
                    [
                        1.7539305862128027,
                        -2.4649351302462885,
                        0.9546752146946548,
                        3.060559538771942,
                        5.84715275649949,
                        0.2586671540997974
                    ],
                    [
                        0.3621500586350116,
                        -0.7355396693701428,
                        -0.9825189622622922,
                        -0.9037371229812139,
                        0.2586671540997974,
                        2.146850686012415
                    ]
                ],
                "mui": [
                    0.0,
                    0.0,
                    1.0,
                    0.8344902908358729,
                    0.4773376073473274,
                    -0.4912594811311461
                ],
                "Ai": [
                    [
                        0.0,
                        0.0,
                        0.0,
                        0.0,
                        0.0,
                        0.0
                    ],
                    [
                        -0.8386663933278447,
                        0.0,
                        0.0,
                        0.0,
                        0.0,
                        0.0
                    ],
                    [
                        0.0,
                        0.0,
                        0.0,
                        0.0,
                        0.0,
                        0.0
                    ],
                    [
                        -0.0,
                        -0.6863796708081009,
                        0.8344902908358729,
                        0.0,
                        0.0,
                        0.0
                    ],
                    [
                        0.9203192618169829,
                        -0.6013557846187265,
                        -0.0,
                        0.5720109779458296,
                        0.0,
                        0.0
                    ],
                    [
                        0.0,
                        -0.8358842240767415,
                        -0.0,
                        -0.5886940645397716,
                        0.0,
                        0.0
                    ]
                ]
            },
            "est_params": {
                "mui": [
                    0.4213116633024379,
                    -0.6067226661189643,
                    0.9206570495700512,
                    1.2210344918570024,
                    1.5661632568263408,
                    -0.23525471486556523
                ],
                "Si": [
                    [
                        0.7378673848569792,
                        -0.25035416540210204,
                        0.5988812927455702,
                        0.5338211104620901,
                        1.0241700898907866,
                        -0.08921619040327361
                    ],
                    [
                        -0.25035416540210204,
                        0.9522744134280006,
                        -0.6605080468445248,
                        -0.9974341864327826,
                        -1.2498868404899326,
                        -0.20951579763896797
                    ],
                    [
                        0.5988812927455701,
                        -0.6605080468445248,
                        1.681416670818021,
                        1.5408282282050145,
                        1.6373494201573284,
                        -0.3408836308357904
                    ],
                    [
                        0.5338211104620901,
                        -0.9974341864327826,
                        1.540828228205014,
                        2.676770468673484,
                        2.3416475407312873,
                        -0.7363031606537922
                    ],
                    [
                        1.0241700898907866,
                        -1.2498868404899328,
                        1.6373494201573284,
                        2.3416475407312873,
                        3.6740281057846507,
                        -0.3157801286950366
                    ],
                    [
                        -0.08921619040327361,
                        -0.20951579763896797,
                        -0.3408836308357904,
                        -0.7363031606537922,
                        -0.31578012869503663,
                        1.5019393324481107
                    ]
                ]
            },
            "est_tgt": [
                0,
                1,
                2,
                3,
                4,
                5
            ]
        },
        "3": {
            "intv_type": "hard",
            "inode": 3,
            "new_mui": 1.0,
            "new_sigmai": 2.0,
            "true_params": {
                "Si": [
                    [
                        1.0,
                        -0.8386663933278447,
                        1.4550056752854403,
                        0.0,
                        1.4246561488100065,
                        0.7010280074460847
                    ],
                    [
                        -0.8386663933278447,
                        1.703361319297535,
                        -1.9752840706735537,
                        0.0,
                        -1.7961670186735519,
                        -1.4238128547033546
                    ],
                    [
                        1.4550056752854403,
                        -1.9752840706735537,
                        3.68709627565393,
                        0.0,
                        2.5269182511829844,
                        1.6511087927461108
                    ],
                    [
                        0.0,
                        0.0,
                        0.0,
                        2.0,
                        1.1440219558916591,
                        -1.1773881290795432
                    ],
                    [
                        1.4246561488100065,
                        -1.7961670186735519,
                        2.5269182511829844,
                        1.1440219558916591,
                        4.045667039817652,
                        0.8279087395795758
                    ],
                    [
                        0.7010280074460847,
                        -1.4238128547033546,
                        1.6511087927461108,
                        -1.1773881290795432,
                        0.8279087395795758,
                        2.883264106532917
                    ]
                ],
                "mui": [
                    0.0,
                    0.0,
                    0.0,
                    1.0,
                    0.5720109779458296,
                    -0.5886940645397716
                ],
                "Ai": [
                    [
                        0.0,
                        0.0,
                        0.0,
                        0.0,
                        0.0,
                        0.0
                    ],
                    [
                        -0.8386663933278447,
                        0.0,
                        0.0,
                        0.0,
                        0.0,
                        0.0
                    ],
                    [
                        0.8217960192898759,
                        -0.7550197087103685,
                        0.0,
                        0.0,
                        0.0,
                        0.0
                    ],
                    [
                        0.0,
                        0.0,
                        0.0,
                        0.0,
                        0.0,
                        0.0
                    ],
                    [
                        0.9203192618169829,
                        -0.6013557846187265,
                        -0.0,
                        0.5720109779458296,
                        0.0,
                        0.0
                    ],
                    [
                        0.0,
                        -0.8358842240767415,
                        -0.0,
                        -0.5886940645397716,
                        0.0,
                        0.0
                    ]
                ]
            },
            "est_params": {
                "mui": [
                    -0.09191227415446128,
                    0.15770684577267832,
                    0.4604537827165056,
                    1.0251605818172986,
                    0.39344294061433993,
                    -0.7314957461568191
                ],
                "Si": [
                    [
                        1.1262095339159992,
                        -1.0466439008149622,
                        0.8471011859466138,
                        0.08728220021132974,
                        1.7151068501154418,
                        0.8213397838320085
                    ],
                    [
                        -1.0466439008149622,
                        1.9697219465674771,
                        -1.1540348252405515,
                        -0.2469430438635981,
                        -2.299475177307389,
                        -1.5193290938641038
                    ],
                    [
                        0.8471011859466134,
                        -1.1540348252405515,
                        5.234410018070934,
                        1.3894146279997894,
                        2.2546301905437165,
                        0.15177028194506642
                    ],
                    [
                        0.08728220021132974,
                        -0.24694304386359817,
                        1.3894146279997894,
                        4.553469419202281,
                        2.876071385106442,
                        -2.453069508589647
                    ],
                    [
                        1.7151068501154418,
                        -2.299475177307389,
                        2.2546301905437165,
                        2.876071385106442,
                        5.616875323992152,
                        0.26170586467264245
                    ],
                    [
                        0.8213397838320085,
                        -1.5193290938641038,
                        0.1517702819450665,
                        -2.453069508589647,
                        0.2617058646726425,
                        3.6672185635156307
                    ]
                ]
            },
            "est_tgt": [
                0,
                1,
                2,
                3
            ]
        },
        "4": {
            "intv_type": "hard",
            "inode": 4,
            "new_mui": 1.0,
            "new_sigmai": 2.0,
            "true_params": {
                "Si": [
                    [
                        1.0,
                        -0.8386663933278447,
                        1.4550056752854403,
                        1.789831672106976,
                        0.0,
                        -0.35263527444858667
                    ],
                    [
                        -0.8386663933278447,
                        1.703361319297535,
                        -1.9752840706735537,
                        -2.8175079602265356,
                        0.0,
                        0.23483735827556543
                    ],
                    [
                        1.4550056752854403,
                        -1.9752840706735537,
                        3.68709627565393,
                        4.432640873591711,
                        0.0,
                        -0.9583605797737174
                    ],
                    [
                        1.789831672106976,
                        -2.8175079602265356,
                        4.432640873591711,
                        6.632875958014019,
                        0.0,
                        -1.5496242521474033
                    ],
                    [
                        0.0,
                        0.0,
                        0.0,
                        0.0,
                        2.0,
                        0.0
                    ],
                    [
                        -0.35263527444858667,
                        0.23483735827556543,
                        -0.9583605797737174,
                        -1.5496242521474033,
                        0.0,
                        1.715957756499656
                    ]
                ],
                "mui": [
                    0.0,
                    0.0,
                    0.0,
                    0.0,
                    1.0,
                    0.0
                ],
                "Ai": [
                    [
                        0.0,
                        0.0,
                        0.0,
                        0.0,
                        0.0,
                        0.0
                    ],
                    [
                        -0.8386663933278447,
                        0.0,
                        0.0,
                        0.0,
                        0.0,
                        0.0
                    ],
                    [
                        0.8217960192898759,
                        -0.7550197087103685,
                        0.0,
                        0.0,
                        0.0,
                        0.0
                    ],
                    [
                        -0.0,
                        -0.6863796708081009,
                        0.8344902908358729,
                        0.0,
                        0.0,
                        0.0
                    ],
                    [
                        0.0,
                        0.0,
                        0.0,
                        0.0,
                        0.0,
                        0.0
                    ],
                    [
                        0.0,
                        -0.8358842240767415,
                        -0.0,
                        -0.5886940645397716,
                        0.0,
                        0.0
                    ]
                ]
            },
            "est_params": {
                "mui": [
                    -0.0026107606361730723,
                    0.00419024135815835,
                    -0.009752047844210902,
                    0.007714036161417749,
                    0.9427282278083874,
                    0.008033352730539184
                ],
                "Si": [
                    [
                        0.9903566331498899,
                        -0.8466862461360765,
                        1.451908122649983,
                        1.7677211078362105,
                        0.04968257504191468,
                        -0.33792004268037734
                    ],
                    [
                        -0.8466862461360765,
                        1.6982443940775902,
                        -1.9652560207850236,
                        -2.7949023691010155,
                        -0.052270876707914145,
                        0.23657818816656898
                    ],
                    [
                        1.451908122649983,
                        -1.9652560207850231,
                        3.6499068977017686,
                        4.353396459924196,
                        0.08683206666702052,
                        -0.9298491480934541
                    ],
                    [
                        1.767721107836211,
                        -2.7949023691010155,
                        4.353396459924196,
                        6.522067291635869,
                        0.11272027453131284,
                        -1.537243163659206
                    ],
                    [
                        0.04968257504191467,
                        -0.05227087670791411,
                        0.08683206666702052,
                        0.11272027453131274,
                        4.132010017583232,
                        -0.02890547465400493
                    ],
                    [
                        -0.3379200426803773,
                        0.23657818816656895,
                        -0.9298491480934543,
                        -1.537243163659206,
                        -0.02890547465400494,
                        1.696492183852311
                    ]
                ]
            },
            "est_tgt": [
                4
            ]
        },
        "5": {
            "intv_type": "hard",
            "inode": 5,
            "new_mui": 1.0,
            "new_sigmai": 2.0,
            "true_params": {
                "Si": [
                    [
                        1.0,
                        -0.8386663933278447,
                        1.4550056752854403,
                        1.789831672106976,
                        2.448459513930337,
                        0.0
                    ],
                    [
                        -0.8386663933278447,
                        1.703361319297535,
                        -1.9752840706735537,
                        -2.8175079602265356,
                        -3.4078125023728916,
                        0.0
                    ],
                    [
                        1.4550056752854403,
                        -1.9752840706735537,
                        3.68709627565393,
                        4.432640873591711,
                        5.0624374921688355,
                        0.0
                    ],
                    [
                        1.789831672106976,
                        -2.8175079602265356,
                        4.432640873591711,
                        6.632875958014019,
                        7.135619136678663,
                        0.0
                    ],
                    [
                        2.448459513930337,
                        -3.4078125023728916,
                        5.0624374921688355,
                        7.135619136678663,
                        9.38432469426763,
                        0.0
                    ],
                    [
                        0.0,
                        0.0,
                        0.0,
                        0.0,
                        0.0,
                        2.0
                    ]
                ],
                "mui": [
                    0.0,
                    0.0,
                    0.0,
                    0.0,
                    0.0,
                    1.0
                ],
                "Ai": [
                    [
                        0.0,
                        0.0,
                        0.0,
                        0.0,
                        0.0,
                        0.0
                    ],
                    [
                        -0.8386663933278447,
                        0.0,
                        0.0,
                        0.0,
                        0.0,
                        0.0
                    ],
                    [
                        0.8217960192898759,
                        -0.7550197087103685,
                        0.0,
                        0.0,
                        0.0,
                        0.0
                    ],
                    [
                        -0.0,
                        -0.6863796708081009,
                        0.8344902908358729,
                        0.0,
                        0.0,
                        0.0
                    ],
                    [
                        0.9203192618169829,
                        -0.6013557846187265,
                        -0.0,
                        0.5720109779458296,
                        0.0,
                        0.0
                    ],
                    [
                        0.0,
                        0.0,
                        0.0,
                        0.0,
                        0.0,
                        0.0
                    ]
                ]
            },
            "est_params": {
                "mui": [
                    -0.4081939472096579,
                    1.6667143865432972,
                    -1.6783976705598005,
                    -2.592421492904828,
                    -2.9109204384027203,
                    0.11628374971898857
                ],
                "Si": [
                    [
                        1.6162890436980553,
                        -0.15454326011151118,
                        1.475003874327429,
                        1.356833819623439,
                        2.386581499366522,
                        -0.6900586550136942
                    ],
                    [
                        -0.1545432601115112,
                        3.070045592196583,
                        -2.327317208106642,
                        -4.011873465288318,
                        -4.206731321568747,
                        -0.2038644453550722
                    ],
                    [
                        1.4750038743274292,
                        -2.327317208106642,
                        3.971773218987426,
                        4.8991799178882856,
                        5.514482351622656,
                        -0.9800902149496956
                    ],
                    [
                        1.356833819623439,
                        -4.011873465288318,
                        4.899179917888285,
                        7.7922465906584195,
                        8.025667699977078,
                        -1.2621535648539426
                    ],
                    [
                        2.386581499366522,
                        -4.206731321568747,
                        5.514482351622656,
                        8.025667699977078,
                        10.253057307694158,
                        -1.2319899866480923
                    ],
                    [
                        -0.6900586550136942,
                        -0.20386444535507228,
                        -0.9800902149496956,
                        -1.2621535648539426,
                        -1.2319899866480923,
                        1.81465525478876
                    ]
                ]
            },
            "est_tgt": [
                0,
                1,
                2,
                3,
                4,
                5
            ]
        },
        "obs": {
            "intv_type": "obs",
            "true_params": {
                "Si": [
                    [
                        1.0,
                        -0.8386663933278447,
                        1.4550056752854403,
                        1.789831672106976,
                        2.448459513930337,
                        -0.35263527444858667
                    ],
                    [
                        -0.8386663933278447,
                        1.703361319297535,
                        -1.9752840706735537,
                        -2.8175079602265356,
                        -3.4078125023728916,
                        0.23483735827556543
                    ],
                    [
                        1.4550056752854403,
                        -1.9752840706735537,
                        3.68709627565393,
                        4.432640873591711,
                        5.0624374921688355,
                        -0.9583605797737174
                    ],
                    [
                        1.789831672106976,
                        -2.8175079602265356,
                        4.432640873591711,
                        6.632875958014019,
                        7.135619136678663,
                        -1.5496242521474033
                    ],
                    [
                        2.448459513930337,
                        -3.4078125023728916,
                        5.0624374921688355,
                        7.135619136678663,
                        9.38432469426763,
                        -1.352159923234155
                    ],
                    [
                        -0.35263527444858667,
                        0.23483735827556543,
                        -0.9583605797737174,
                        -1.5496242521474033,
                        -1.352159923234155,
                        1.715957756499656
                    ]
                ],
                "mui": [
                    0.0,
                    0.0,
                    0.0,
                    0.0,
                    0.0,
                    0.0
                ],
                "Ai": [
                    [
                        0.0,
                        0.0,
                        0.0,
                        0.0,
                        0.0,
                        0.0
                    ],
                    [
                        -0.8386663933278447,
                        0.0,
                        0.0,
                        0.0,
                        0.0,
                        0.0
                    ],
                    [
                        0.8217960192898759,
                        -0.7550197087103685,
                        0.0,
                        0.0,
                        0.0,
                        0.0
                    ],
                    [
                        -0.0,
                        -0.6863796708081009,
                        0.8344902908358729,
                        0.0,
                        0.0,
