{
    "expt_args": {
        "save_dir": "expt_logs_30.04.24-hard",
        "exp_name": "8",
        "num_nodes": 6,
        "obs_noise_mean": 0.0,
        "obs_noise_var": 1.0,
        "max_edge_strength": 1.0,
        "graph_sparsity_method": "adj_dense_prop",
        "adj_dense_prop": 0.8,
        "num_parents": null,
        "new_noise_mean": 0.0,
        "mix_samples": 1024,
        "stage2_samples": 1024,
        "gmm_tol": 0.001,
        "intv_type": "hard",
        "new_noise_sigma": 1.0,
        "intv_targets": [
            0,
            1,
            2,
            3,
            4,
            5
        ]
    },
    "intv_args_dict": {
        "0": {
            "intv_type": "hard",
            "inode": 0,
            "new_mui": 0.0,
            "new_sigmai": 1.0,
            "true_params": {
                "Si": [
                    [
                        1.0,
                        -0.9013699936316832,
                        -0.15211236641940862,
                        1.0283480200729909,
                        0.12540960643636911,
                        -1.2386462434653385
                    ],
                    [
                        -0.9013699936316832,
                        1.8124678654195807,
                        -0.4838468055682288,
                        -0.5092522616327027,
                        0.15309614253380466,
                        1.0162114270165952
                    ],
                    [
                        -0.15211236641940862,
                        -0.4838468055682288,
                        1.4087249336971155,
                        -1.0884025961145296,
                        -0.6129270483024651,
                        1.6456146263540594
                    ],
                    [
                        1.0283480200729909,
                        -0.5092522616327027,
                        -1.0884025961145296,
                        2.6843700040164267,
                        1.1655964238913668,
                        -3.4953997086152206
                    ],
                    [
                        0.12540960643636911,
                        0.15309614253380466,
                        -0.6129270483024651,
                        1.1655964238913668,
                        1.6762628641180015,
                        -2.0843897845937054
                    ],
                    [
                        -1.2386462434653385,
                        1.0162114270165952,
                        1.6456146263540594,
                        -3.4953997086152206,
                        -2.0843897845937054,
                        6.295075406234557
                    ]
                ],
                "mui": [
                    0.0,
                    0.0,
                    0.0,
                    0.0,
                    0.0,
                    0.0
                ],
                "Ai": [
                    [
                        0.0,
                        0.0,
                        0.0,
                        0.0,
                        0.0,
                        0.0
                    ],
                    [
                        -0.9013699936316832,
                        0.0,
                        0.0,
                        0.0,
                        0.0,
                        0.0
                    ],
                    [
                        -0.7118237681218513,
                        -0.6209563283189914,
                        0.0,
                        0.0,
                        0.0,
                        0.0
                    ],
                    [
                        0.9260336756737566,
                        -0.0,
                        -0.6726234480971134,
                        0.0,
                        0.0,
                        0.0
                    ],
                    [
                        -0.5298473766253471,
                        0.0,
                        -0.0,
                        0.6371938004171067,
                        0.0,
                        0.0
                    ],
                    [
                        0.5415483240563037,
                        0.7659295087924243,
                        0.5598826793314737,
                        -0.9143342125280832,
                        -0.5134362229512763,
                        0.0
                    ]
                ]
            },
            "est_params": {
                "mui": [
                    0.3925172530557757,
                    -0.34801085015967753,
                    0.0348796527060012,
                    0.13002911365852485,
                    -0.005900794972336697,
                    0.0019456553239534104
                ],
                "Si": [
                    [
                        0.47332024800352257,
                        -0.3570057604104637,
                        -0.1149759317863842,
                        0.09393062346927622,
                        -0.22672000212673316,
                        0.005574092306732438
                    ],
                    [
                        -0.3570057604104638,
                        0.9438185758531116,
                        -0.2743742969007527,
                        0.09738417495727146,
                        0.377383940601423,
                        -0.10061660217989643
                    ],
                    [
                        -0.1149759317863842,
                        -0.2743742969007527,
                        1.2500183379096668,
                        -0.3229428800072849,
                        -0.03566865430527072,
                        0.3607471957789718
                    ],
                    [
                        0.09393062346927622,
                        0.09738417495727146,
                        -0.3229428800072849,
                        0.6330991888096406,
                        0.07621406110970753,
                        -0.2012583694961661
                    ],
                    [
                        -0.22672000212673316,
                        0.37738394060142294,
                        -0.035668654305270706,
                        0.0762140611097075,
                        1.1388641468126048,
                        -0.20070351617419263
                    ],
                    [
                        0.00557409230673244,
                        -0.10061660217989643,
                        0.3607471957789718,
                        -0.2012583694961661,
                        -0.20070351617419263,
                        0.777563082492264
                    ]
                ]
            },
            "est_tgt": [
                5
            ]
        },
        "1": {
            "intv_type": "hard",
            "inode": 1,
            "new_mui": 0.0,
            "new_sigmai": 1.0,
            "true_params": {
                "Si": [
                    [
                        1.0,
                        0.0,
                        -0.7118237681218513,
                        1.4048230330253564,
                        0.3652971507015664,
                        -1.3290240254052121
                    ],
                    [
                        0.0,
                        1.0,
                        -0.6209563283189914,
                        0.41766978667164323,
                        0.2661365986887066,
                        -0.10026712956766545
                    ],
                    [
                        -0.7118237681218513,
                        -0.6209563283189914,
                        1.8922798385425943,
                        -1.9319645701909904,
                        -0.8538778905922672,
                        2.403232104792445
                    ],
                    [
                        1.4048230330253564,
                        0.41766978667164323,
                        -1.9319645701909904,
                        3.600398107746948,
                        1.549809554618489,
                        -4.08868385891011
                    ],
                    [
                        0.3652971507015664,
                        0.2661365986887066,
                        -0.8538778905922672,
                        1.549809554618489,
                        1.7939773030421593,
                        -2.4145403363812807
                    ],
                    [
                        -1.3290240254052121,
                        -0.10026712956766545,
                        2.403232104792445,
                        -4.08868385891011,
                        -2.4145403363812807,
                        6.5271357498880365
                    ]
                ],
                "mui": [
                    0.0,
                    0.0,
                    0.0,
                    0.0,
                    0.0,
                    0.0
                ],
                "Ai": [
                    [
                        0.0,
                        0.0,
                        0.0,
                        0.0,
                        0.0,
                        0.0
                    ],
                    [
                        0.0,
                        0.0,
                        0.0,
                        0.0,
                        0.0,
                        0.0
                    ],
                    [
                        -0.7118237681218513,
                        -0.6209563283189914,
                        0.0,
                        0.0,
                        0.0,
                        0.0
                    ],
                    [
                        0.9260336756737566,
                        -0.0,
                        -0.6726234480971134,
                        0.0,
                        0.0,
                        0.0
                    ],
                    [
                        -0.5298473766253471,
                        0.0,
                        -0.0,
                        0.6371938004171067,
                        0.0,
                        0.0
                    ],
                    [
                        0.5415483240563037,
                        0.7659295087924243,
                        0.5598826793314737,
                        -0.9143342125280832,
                        -0.5134362229512763,
                        0.0
                    ]
                ]
            },
            "est_params": {
                "mui": [
                    0.6138951213061539,
                    -0.6182263391366644,
                    -0.7963006391818894,
                    1.6030868475560873,
                    0.6811871848538245,
                    -2.7198119450112075
                ],
                "Si": [
                    [
                        0.9951595962514835,
                        -0.5197909273518767,
                        -0.09595973165305804,
                        0.8233728415673142,
                        -0.0355049018317487,
                        -0.5383187857475468
                    ],
                    [
                        -0.5197909273518767,
                        1.4407220357670854,
                        -0.8082383721591578,
                        0.3514058316540639,
                        0.6140905091803035,
                        -0.3162903810729357
                    ],
                    [
                        -0.09595973165305807,
                        -0.8082383721591576,
                        1.363847231976766,
                        -1.0334498604752573,
                        -0.5922906482111551,
                        1.3309175818741479
                    ],
                    [
                        0.8233728415673142,
                        0.35140583165406397,
                        -1.0334498604752573,
                        2.0798181050543016,
                        0.7588867312481768,
                        -1.935447105631611
                    ],
                    [
                        -0.0355049018317487,
                        0.6140905091803034,
                        -0.5922906482111551,
                        0.7588867312481768,
                        1.7522479065278338,
                        -1.4055137206539041
                    ],
                    [
                        -0.5383187857475468,
                        -0.3162903810729357,
                        1.3309175818741479,
                        -1.935447105631611,
                        -1.4055137206539041,
                        3.1436036006450228
                    ]
                ]
            },
            "est_tgt": [
                0,
                5
            ]
        },
        "2": {
            "intv_type": "hard",
            "inode": 2,
            "new_mui": 0.0,
            "new_sigmai": 1.0,
            "true_params": {
                "Si": [
                    [
                        1.0,
                        -0.9013699936316832,
                        0.0,
                        0.9260336756737566,
                        0.060215540491436306,
                        -1.0264586637007853
                    ],
                    [
                        -0.9013699936316832,
                        1.8124678654195807,
                        0.0,
                        -0.8346989683447782,
                        -0.05427648134929431,
                        1.6911485479555872
                    ],
                    [
                        0.0,
                        0.0,
                        1.0,
                        -0.6726234480971134,
                        -0.4285914911426582,
                        1.3949397064766136
                    ],
                    [
                        0.9260336756737566,
                        -0.8346989683447782,
                        -0.6726234480971134,
                        2.3099606714118988,
                        0.9812361053085317,
                        -3.1302970352340975
                    ],
                    [
                        0.060215540491436306,
                        -0.05427648134929431,
                        -0.4285914911426582,
                        0.9812361053085317,
                        1.5933325168865586,
                        -1.9641756570902722
                    ],
                    [
                        -1.0264586637007853,
                        1.6911485479555872,
                        1.3949397064766136,
                        -3.1302970352340975,
                        -1.9641756570902722,
                        6.391042793237429
                    ]
                ],
                "mui": [
                    0.0,
                    0.0,
                    0.0,
                    0.0,
                    0.0,
                    0.0
                ],
                "Ai": [
                    [
                        0.0,
                        0.0,
                        0.0,
                        0.0,
                        0.0,
                        0.0
                    ],
                    [
                        -0.9013699936316832,
                        0.0,
                        0.0,
                        0.0,
                        0.0,
                        0.0
                    ],
                    [
                        0.0,
                        0.0,
                        0.0,
                        0.0,
                        0.0,
                        0.0
                    ],
                    [
                        0.9260336756737566,
                        -0.0,
                        -0.6726234480971134,
                        0.0,
                        0.0,
                        0.0
                    ],
                    [
                        -0.5298473766253471,
                        0.0,
                        -0.0,
                        0.6371938004171067,
                        0.0,
                        0.0
                    ],
                    [
                        0.5415483240563037,
                        0.7659295087924243,
                        0.5598826793314737,
                        -0.9143342125280832,
                        -0.5134362229512763,
                        0.0
                    ]
                ]
            },
            "est_params": {
                "mui": [
                    -0.30264438382235204,
                    0.3311110450617436,
                    0.41770470147596606,
                    -0.6796107525822407,
                    -0.2724271881675586,
                    0.4675576193875183
                ],
                "Si": [
                    [
                        0.7001467759371348,
                        -0.48650922561184506,
                        -0.07044072919537264,
                        0.5108971417422272,
                        0.07560499830563369,
                        0.3073636403205598
                    ],
                    [
                        -0.486509225611845,
                        1.464934072180316,
                        -0.3432841180092878,
                        0.045620913345046414,
                        0.1356175377949778,
                        -0.13376585192002005
                    ],
                    [
                        -0.07044072919537263,
                        -0.3432841180092878,
                        0.8640567099732731,
                        -0.6217804376531891,
                        -0.25179633957551445,
                        0.18586846964664164
                    ],
                    [
                        0.5108971417422272,
                        0.045620913345046435,
                        -0.6217804376531891,
                        1.4956810483331788,
                        0.7897976506546855,
                        0.2833193846174952
                    ],
                    [
                        0.07560499830563368,
                        0.1356175377949778,
                        -0.25179633957551445,
                        0.7897976506546855,
                        1.4087735021264283,
                        0.28704668003772243
                    ],
                    [
                        0.3073636403205598,
                        -0.13376585192002002,
                        0.18586846964664164,
                        0.2833193846174952,
                        0.28704668003772243,
                        1.1716370319586458
                    ]
                ]
            },
            "est_tgt": [
                1,
                2,
                3,
                4,
                5
            ]
        },
        "3": {
            "intv_type": "hard",
            "inode": 3,
            "new_mui": 0.0,
            "new_sigmai": 1.0,
            "true_params": {
                "Si": [
                    [
                        1.0,
                        -0.9013699936316832,
                        -0.15211236641940862,
                        0.0,
                        -0.5298473766253471,
                        0.038040204118569176
                    ],
                    [
                        -0.9013699936316832,
                        1.8124678654195807,
                        -0.4838468055682288,
                        0.0,
                        0.4775885264945532,
                        0.38397851740125044
                    ],
                    [
                        -0.15211236641940862,
                        -0.4838468055682288,
                        1.4087249336971155,
                        0.0,
                        0.0805963382995972,
                        0.294370867576819
                    ],
                    [
                        0.0,
                        0.0,
                        0.0,
                        1.0,
                        0.6371938004171067,
                        -1.2414925907022119
                    ],
                    [
                        -0.5298473766253471,
                        0.4775885264945532,
                        0.0805963382995972,
                        0.6371938004171067,
                        1.686754181806758,
                        -1.3246631073690147
                    ],
                    [
                        0.038040204118569176,
                        0.38397851740125044,
                        0.294370867576819,
                        -1.2414925907022119,
                        -1.3246631073690147,
                        3.294783408872799
                    ]
                ],
                "mui": [
                    0.0,
                    0.0,
                    0.0,
                    0.0,
                    0.0,
                    0.0
                ],
                "Ai": [
                    [
                        0.0,
                        0.0,
                        0.0,
                        0.0,
                        0.0,
                        0.0
                    ],
                    [
                        -0.9013699936316832,
                        0.0,
                        0.0,
                        0.0,
                        0.0,
                        0.0
                    ],
                    [
                        -0.7118237681218513,
                        -0.6209563283189914,
                        0.0,
                        0.0,
                        0.0,
                        0.0
                    ],
                    [
                        0.0,
                        0.0,
                        0.0,
                        0.0,
                        0.0,
                        0.0
                    ],
                    [
                        -0.5298473766253471,
                        0.0,
                        -0.0,
                        0.6371938004171067,
                        0.0,
                        0.0
                    ],
                    [
                        0.5415483240563037,
                        0.7659295087924243,
                        0.5598826793314737,
                        -0.9143342125280832,
                        -0.5134362229512763,
                        0.0
                    ]
                ]
            },
            "est_params": {
                "mui": [
                    -0.493225658403851,
                    0.3306446084651768,
                    0.4160776509858482,
                    -1.125177190042369,
                    -0.6546061022892521,
                    1.7430489072892468
                ],
                "Si": [
                    [
                        0.653495469576122,
                        -0.4963556997700667,
                        0.10708108334275307,
                        0.18805243320743242,
                        -0.44259257982533223,
                        0.23848669241306092
                    ],
                    [
                        -0.4963556997700666,
                        1.2759535572989509,
                        -0.5866031909246411,
                        0.22997487834157265,
                        0.5872846046796251,
                        -0.19484320465435173
                    ],
                    [
                        0.10708108334275308,
                        -0.5866031909246411,
                        1.0977122147211218,
                        -0.20416366994216703,
                        -0.16402490102061038,
                        0.33696620344076395
                    ],
                    [
                        0.18805243320743242,
                        0.22997487834157265,
                        -0.20416366994216703,
                        0.6165016960073941,
                        -0.01565557315147125,
                        -0.29948261570493073
                    ],
                    [
                        -0.44259257982533223,
                        0.5872846046796251,
                        -0.16402490102061038,
                        -0.015655573151471255,
                        1.1342292145417456,
                        -0.5410373035055821
                    ],
                    [
                        0.23848669241306092,
                        -0.19484320465435173,
                        0.33696620344076395,
                        -0.29948261570493073,
                        -0.5410373035055821,
                        1.416404152805449
                    ]
                ]
            },
            "est_tgt": [
                3,
                5
            ]
        },
        "4": {
            "intv_type": "hard",
            "inode": 4,
            "new_mui": 0.0,
            "new_sigmai": 1.0,
            "true_params": {
                "Si": [
                    [
                        1.0,
                        -0.9013699936316832,
                        -0.15211236641940862,
                        1.0283480200729909,
                        0.0,
                        -1.174256408814843
                    ],
                    [
                        -0.9013699936316832,
                        1.8124678654195807,
                        -0.4838468055682288,
                        -0.5092522616327027,
                        0.0,
                        1.094816532187562
                    ],
                    [
                        -0.15211236641940862,
                        -0.4838468055682288,
                        1.4087249336971155,
                        -1.0884025961145296,
                        0.0,
                        1.3309156777289672
                    ],
                    [
                        1.0283480200729909,
                        -0.5092522616327027,
                        -1.0884025961145296,
                        2.6843700040164267,
                        0.0,
                        -2.8969402832469227
                    ],
                    [
                        0.0,
                        0.0,
                        0.0,
                        0.0,
                        1.0,
                        -0.5134362229512763
                    ],
                    [
                        -1.174256408814843,
                        1.094816532187562,
                        1.3309156777289672,
                        -2.8969402832469227,
                        -0.5134362229512763,
                        4.86018070178328
                    ]
                ],
                "mui": [
                    0.0,
                    0.0,
                    0.0,
                    0.0,
                    0.0,
                    0.0
                ],
                "Ai": [
                    [
                        0.0,
                        0.0,
                        0.0,
                        0.0,
                        0.0,
                        0.0
                    ],
                    [
                        -0.9013699936316832,
                        0.0,
                        0.0,
                        0.0,
                        0.0,
                        0.0
                    ],
                    [
                        -0.7118237681218513,
                        -0.6209563283189914,
                        0.0,
                        0.0,
                        0.0,
                        0.0
                    ],
                    [
                        0.9260336756737566,
                        -0.0,
                        -0.6726234480971134,
                        0.0,
                        0.0,
                        0.0
                    ],
                    [
                        0.0,
                        0.0,
                        0.0,
                        0.0,
                        0.0,
                        0.0
                    ],
                    [
                        0.5415483240563037,
                        0.7659295087924243,
                        0.5598826793314737,
                        -0.9143342125280832,
                        -0.5134362229512763,
                        0.0
                    ]
                ]
            },
            "est_params": {
                "mui": [
                    -0.13523037329860707,
                    0.24148984470805787,
                    -0.4802946802378338,
                    0.6974863433118828,
                    0.650561404515782,
                    -1.249218067918915
                ],
                "Si": [
                    [
                        0.6946746294728529,
                        -0.6744962985566564,
                        0.11281793436417692,
                        0.16365551820446061,
                        -0.20036087201636596,
                        -0.07121611500620224
                    ],
                    [
                        -0.6744962985566565,
                        1.5223892916215183,
                        -0.674859875794541,
                        -0.05390443842670335,
                        0.24764643348856316,
                        0.26588212776215353
                    ],
                    [
                        0.11281793436417695,
                        -0.674859875794541,
                        1.1358781335981245,
                        0.19672042774343673,
                        0.22064228905994038,
                        -0.3233487831678171
                    ],
                    [
                        0.16365551820446064,
                        -0.05390443842670335,
                        0.19672042774343673,
                        0.5217148559919037,
                        0.16640010031417152,
                        -0.27834377386086
                    ],
                    [
                        -0.20036087201636596,
                        0.24764643348856313,
                        0.22064228905994038,
                        0.16640010031417152,
                        0.8744983326046404,
                        -0.24499287884379373
                    ],
                    [
                        -0.07121611500620222,
                        0.26588212776215353,
                        -0.32334878316781707,
                        -0.27834377386086007,
                        -0.24499287884379373,
                        1.0502708809288934
                    ]
                ]
            },
            "est_tgt": [
                0,
                2,
                3,
                5
            ]
        },
        "5": {
            "intv_type": "hard",
            "inode": 5,
            "new_mui": 0.0,
            "new_sigmai": 1.0,
            "true_params": {
                "Si": [
                    [
                        1.0,
                        -0.9013699936316832,
                        -0.15211236641940862,
                        1.0283480200729909,
                        0.12540960643636911,
                        0.0
                    ],
                    [
                        -0.9013699936316832,
                        1.8124678654195807,
                        -0.4838468055682288,
                        -0.5092522616327027,
                        0.15309614253380466,
                        0.0
                    ],
                    [
                        -0.15211236641940862,
                        -0.4838468055682288,
                        1.4087249336971155,
                        -1.0884025961145296,
                        -0.6129270483024651,
                        0.0
                    ],
                    [
                        1.0283480200729909,
                        -0.5092522616327027,
                        -1.0884025961145296,
                        2.6843700040164267,
                        1.1655964238913668,
                        0.0
                    ],
                    [
                        0.12540960643636911,
                        0.15309614253380466,
                        -0.6129270483024651,
                        1.1655964238913668,
                        1.6762628641180015,
                        0.0
                    ],
                    [
                        0.0,
                        0.0,
                        0.0,
                        0.0,
                        0.0,
                        1.0
                    ]
                ],
                "mui": [
                    0.0,
                    0.0,
                    0.0,
                    0.0,
                    0.0,
                    0.0
                ],
                "Ai": [
                    [
                        0.0,
                        0.0,
                        0.0,
                        0.0,
                        0.0,
                        0.0
                    ],
                    [
                        -0.9013699936316832,
                        0.0,
                        0.0,
                        0.0,
                        0.0,
                        0.0
                    ],
                    [
                        -0.7118237681218513,
                        -0.6209563283189914,
                        0.0,
                        0.0,
                        0.0,
                        0.0
                    ],
                    [
                        0.9260336756737566,
                        -0.0,
                        -0.6726234480971134,
                        0.0,
                        0.0,
                        0.0
                    ],
                    [
                        -0.5298473766253471,
                        0.0,
                        -0.0,
                        0.6371938004171067,
                        0.0,
                        0.0
                    ],
                    [
                        0.0,
                        0.0,
                        0.0,
                        0.0,
                        0.0,
                        0.0
                    ]
                ]
            },
            "est_params": {
                "mui": [
                    1.1339945186142384,
                    -0.7769153212492159,
                    -0.37117076543583555,
                    1.5707582597603382,
                    0.3358816181630506,
                    -0.8543958207118367
                ],
                "Si": [
                    [
                        0.5785086991881153,
                        -0.43598834671017234,
                        0.07427244125516318,
                        0.41262106394186987,
                        -0.052875089487880084,
                        0.09133700156309499
                    ],
                    [
                        -0.43598834671017234,
                        1.6827321977635203,
                        -1.1079552784010522,
                        0.589576632751305,
                        -0.2265905835448241,
                        -0.2673423034884316
                    ],
                    [
                        0.07427244125516318,
                        -1.1079552784010522,
                        1.4415251012398123,
                        -1.1058308718398686,
                        -0.277341056410042,
                        -0.2592258889755188
                    ],
                    [
                        0.41262106394186987,
                        0.589576632751305,
                        -1.1058308718398686,
                        1.9335791074634596,
                        0.09051279208408099,
                        0.4166233886737013
                    ],
                    [
                        -0.05287508948788006,
                        -0.22659058354482414,
                        -0.277341056410042,
                        0.09051279208408096,
                        1.695213318755233,
                        0.2520016719211281
                    ],
                    [
                        0.09133700156309499,
                        -0.2673423034884316,
                        -0.2592258889755188,
                        0.4166233886737013,
                        0.2520016719211281,
                        1.120841217727243
                    ]
                ]
            },
            "est_tgt": [
                0,
                1,
                2,
                3,
                4,
                5
            ]
        },
        "obs": {
            "intv_type": "obs",
            "true_params": {
                "Si": [
                    [
                        1.0,
                        -0.9013699936316832,
                        -0.15211236641940862,
                        1.0283480200729909,
                        0.12540960643636911,
                        -1.2386462434653385
                    ],
                    [
                        -0.9013699936316832,
                        1.8124678654195807,
                        -0.4838468055682288,
                        -0.5092522616327027,
                        0.15309614253380466,
                        1.0162114270165952
                    ],
                    [
                        -0.15211236641940862,
                        -0.4838468055682288,
                        1.4087249336971155,
                        -1.0884025961145296,
                        -0.6129270483024651,
                        1.6456146263540594
                    ],
                    [
                        1.0283480200729909,
                        -0.5092522616327027,
                        -1.0884025961145296,
                        2.6843700040164267,
                        1.1655964238913668,
                        -3.4953997086152206
                    ],
                    [
                        0.12540960643636911,
                        0.15309614253380466,
                        -0.6129270483024651,
                        1.1655964238913668,
                        1.6762628641180015,
                        -2.0843897845937054
                    ],
                    [
                        -1.2386462434653385,
                        1.0162114270165952,
                        1.6456146263540594,
                        -3.4953997086152206,
                        -2.0843897845937054,
                        6.295075406234557
                    ]
                ],
                "mui": [
                    0.0,
                    0.0,
                    0.0,
                    0.0,
                    0.0,
                    0.0
                ],
                "Ai": [
                    [
                        0.0,
                        0.0,
                        0.0,
                        0.0,
                        0.0,
                        0.0
                    ],
                    [
                        -0.9013699936316832,
                        0.0,
                        0.0,
                        0.0,
                        0.0,
                        0.0
                    ],
                    [
                        -0.7118237681218513,
                        -0.6209563283189914,
                        0.0,
                        0.0,
                        0.0,
                        0.0
                    ],
                    [
                        0.9260336756737566,
                        -0.0,
                        -0.6726234480971134,
                        0.0,
                        0.0,
