{
    "expt_args": {
        "save_dir": "expt_logs_30.04.24-hard",
        "exp_name": "426",
        "num_nodes": 6,
        "obs_noise_mean": 0.0,
        "obs_noise_var": 1.0,
        "max_edge_strength": 1.0,
        "graph_sparsity_method": "adj_dense_prop",
        "adj_dense_prop": 0.8,
        "num_parents": null,
        "new_noise_mean": 1.0,
        "mix_samples": 4096,
        "stage2_samples": 4096,
        "gmm_tol": 0.001,
        "intv_type": "hard",
        "new_noise_sigma": 1.0,
        "intv_targets": [
            0,
            1,
            2,
            3,
            4,
            5
        ]
    },
    "intv_args_dict": {
        "0": {
            "intv_type": "hard",
            "inode": 0,
            "new_mui": 1.0,
            "new_sigmai": 1.0,
            "true_params": {
                "Si": [
                    [
                        1.0,
                        0.0,
                        0.5206859289769322,
                        1.1196483483275779,
                        -1.1921213819062322,
                        1.0787849507691252
                    ],
                    [
                        0.0,
                        1.0,
                        -0.9829329674379381,
                        -0.8942024569919949,
                        1.1999974773152389,
                        -1.0296285940931393
                    ],
                    [
                        0.5206859289769322,
                        -0.9829329674379381,
                        2.237271055110922,
                        2.3716550434490524,
                        -2.3145228589696414,
                        1.4401589290837615
                    ],
                    [
                        1.1196483483275779,
                        -0.8942024569919949,
                        2.3716550434490524,
                        3.880816999463912,
                        -3.4409740267006823,
                        1.8601492318845252
                    ],
                    [
                        -1.1921213819062322,
                        1.1999974773152389,
                        -2.3145228589696414,
                        -3.4409740267006823,
                        4.445219375496341,
                        -3.2946704967818192
                    ],
                    [
                        1.0787849507691252,
                        -1.0296285940931393,
                        1.4401589290837615,
                        1.8601492318845252,
                        -3.2946704967818192,
                        4.118606582531388
                    ]
                ],
                "mui": [
                    1.0,
                    0.0,
                    0.5206859289769322,
                    1.1196483483275779,
                    -1.1921213819062322,
                    1.0787849507691252
                ],
                "Ai": [
                    [
                        0.0,
                        0.0,
                        0.0,
                        0.0,
                        0.0,
                        0.0
                    ],
                    [
                        0.0,
                        0.0,
                        0.0,
                        0.0,
                        0.0,
                        0.0
                    ],
                    [
                        0.5206859289769322,
                        -0.9829329674379381,
                        0.0,
                        0.0,
                        0.0,
                        0.0
                    ],
                    [
                        0.6459653481267226,
                        -0.0,
                        0.909728828531183,
                        0.0,
                        0.0,
                        0.0
                    ],
                    [
                        -0.5591654118635472,
                        0.6944898467941538,
                        0.0,
                        -0.5653167541292168,
                        0.0,
                        0.0
                    ],
                    [
                        0.7260969741675689,
                        -0.5186815125295878,
                        0.0,
                        -0.669673788834569,
                        -0.9248111349412655,
                        0.0
                    ]
                ]
            },
            "est_params": {
                "mui": [
                    1.155196918391154,
                    -0.7825980131320935,
                    1.8599595057373455,
                    2.290826147889723,
                    -3.0413540496978646,
                    2.1995610643789996
                ],
                "Si": [
                    [
                        0.9422534595106575,
                        0.27875342464793784,
                        -0.009049533169286828,
                        0.448275124802135,
                        -0.437436193061059,
                        0.6599306936853546
                    ],
                    [
                        0.27875342464793784,
                        0.9166776907854233,
                        -0.6801350763460358,
                        -0.31083818736074864,
                        0.5281109643376668,
                        -0.3570699068893173
                    ],
                    [
                        -0.009049533169286824,
                        -0.6801350763460356,
                        1.431470068699931,
                        1.0314609262672259,
                        -0.7646231789454725,
                        0.3040472086165946
                    ],
                    [
                        0.448275124802135,
                        -0.31083818736074864,
                        1.0314609262672259,
                        2.83348961084532,
                        -1.727952882895432,
                        0.05300289867274307
                    ],
                    [
                        -0.437436193061059,
                        0.5281109643376667,
                        -0.7646231789454725,
                        -1.727952882895432,
                        2.056419350039927,
                        -1.0638595971416598
                    ],
                    [
                        0.6599306936853546,
                        -0.3570699068893173,
                        0.3040472086165946,
                        0.053002898672743104,
                        -1.0638595971416598,
                        3.3575629632321142
                    ]
                ]
            },
            "est_tgt": [
                0,
                1,
                2,
                3,
                4,
                5
            ]
        },
        "1": {
            "intv_type": "hard",
            "inode": 1,
            "new_mui": 1.0,
            "new_sigmai": 1.0,
            "true_params": {
                "Si": [
                    [
                        1.0,
                        0.0,
                        0.5206859289769322,
                        1.1196483483275779,
                        -1.1921213819062322,
                        1.0787849507691252
                    ],
                    [
                        0.0,
                        1.0,
                        -0.9829329674379381,
                        -0.8942024569919949,
                        1.1999974773152389,
                        -1.0296285940931393
                    ],
                    [
                        0.5206859289769322,
                        -0.9829329674379381,
                        2.237271055110922,
                        2.3716550434490524,
                        -2.3145228589696414,
                        1.4401589290837615
                    ],
                    [
                        1.1196483483275779,
                        -0.8942024569919949,
                        2.3716550434490524,
                        3.880816999463912,
                        -3.4409740267006823,
                        1.8601492318845252
                    ],
                    [
                        -1.1921213819062322,
                        1.1999974773152389,
                        -2.3145228589696414,
                        -3.4409740267006823,
                        4.445219375496341,
                        -3.2946704967818192
                    ],
                    [
                        1.0787849507691252,
                        -1.0296285940931393,
                        1.4401589290837615,
                        1.8601492318845252,
                        -3.2946704967818192,
                        4.118606582531388
                    ]
                ],
                "mui": [
                    0.0,
                    1.0,
                    -0.9829329674379381,
                    -0.8942024569919949,
                    1.1999974773152389,
                    -1.0296285940931393
                ],
                "Ai": [
                    [
                        0.0,
                        0.0,
                        0.0,
                        0.0,
                        0.0,
                        0.0
                    ],
                    [
                        0.0,
                        0.0,
                        0.0,
                        0.0,
                        0.0,
                        0.0
                    ],
                    [
                        0.5206859289769322,
                        -0.9829329674379381,
                        0.0,
                        0.0,
                        0.0,
                        0.0
                    ],
                    [
                        0.6459653481267226,
                        -0.0,
                        0.909728828531183,
                        0.0,
                        0.0,
                        0.0
                    ],
                    [
                        -0.5591654118635472,
                        0.6944898467941538,
                        0.0,
                        -0.5653167541292168,
                        0.0,
                        0.0
                    ],
                    [
                        0.7260969741675689,
                        -0.5186815125295878,
                        0.0,
                        -0.669673788834569,
                        -0.9248111349412655,
                        0.0
                    ]
                ]
            },
            "est_params": {
                "mui": [
                    -0.42356896521168885,
                    1.1514670015798065,
                    -1.7400926560941157,
                    -2.066213553063627,
                    2.371899618820643,
                    -1.9786394413090624
                ],
                "Si": [
                    [
                        0.8176392355324913,
                        0.16981917191472973,
                        0.25124344567051565,
                        0.7237858075669654,
                        -0.4668916052116738,
                        0.3130146444447251
                    ],
                    [
                        0.1698191719147297,
                        1.0015140014989228,
                        -0.7564290374893903,
                        -0.3985907910531937,
                        0.680739699885333,
                        -0.6324844073874145
                    ],
                    [
                        0.25124344567051565,
                        -0.7564290374893903,
                        1.4725421936253635,
                        1.2668230499812576,
                        -1.030925473125182,
                        0.5352186313066774
                    ],
                    [
                        0.7237858075669654,
                        -0.3985907910531939,
                        1.2668230499812574,
                        2.406315902004813,
                        -1.6196067306835036,
                        0.34618858110366924
                    ],
                    [
                        -0.4668916052116737,
                        0.680739699885333,
                        -1.0309254731251822,
                        -1.619606730683503,
                        2.2833911731989858,
                        -1.2768905826056713
                    ],
                    [
                        0.3130146444447251,
                        -0.6324844073874145,
                        0.5352186313066774,
                        0.3461885811036691,
                        -1.2768905826056713,
                        2.044317229168654
                    ]
                ]
            },
            "est_tgt": [
                0,
                1,
                3,
                5
            ]
        },
        "2": {
            "intv_type": "hard",
            "inode": 2,
            "new_mui": 1.0,
            "new_sigmai": 1.0,
            "true_params": {
                "Si": [
                    [
                        1.0,
                        0.0,
                        0.0,
                        0.6459653481267226,
                        -0.9243404457464955,
                        1.148351248734637
                    ],
                    [
                        0.0,
                        1.0,
                        0.0,
                        0.0,
                        0.6944898467941538,
                        -1.1609534559484749
                    ],
                    [
                        0.0,
                        0.0,
                        1.0,
                        0.909728828531183,
                        -0.5142849484830232,
                        -0.1336051045247162
                    ],
                    [
                        0.6459653481267226,
                        0.0,
                        0.909728828531183,
                        2.244877772441196,
                        -1.6302684956681421,
                        0.4733881390885545
                    ],
                    [
                        -0.9243404457464955,
                        0.6944898467941538,
                        -0.5142849484830232,
                        -1.6302684956681421,
                        2.920793447678377,
                        -2.640814067893599
                    ],
                    [
                        1.148351248734637,
                        -1.1609534559484749,
                        -0.1336051045247162,
                        0.4733881390885545,
                        -2.640814067893599,
                        4.561218088100338
                    ]
                ],
                "mui": [
                    0.0,
                    0.0,
                    1.0,
                    0.909728828531183,
                    -0.5142849484830232,
                    -0.1336051045247162
                ],
                "Ai": [
                    [
                        0.0,
                        0.0,
                        0.0,
                        0.0,
                        0.0,
                        0.0
                    ],
                    [
                        0.0,
                        0.0,
                        0.0,
                        0.0,
                        0.0,
                        0.0
                    ],
                    [
                        0.0,
                        0.0,
                        0.0,
                        0.0,
                        0.0,
                        0.0
                    ],
                    [
                        0.6459653481267226,
                        -0.0,
                        0.909728828531183,
                        0.0,
                        0.0,
                        0.0
                    ],
                    [
                        -0.5591654118635472,
                        0.6944898467941538,
                        0.0,
                        -0.5653167541292168,
                        0.0,
                        0.0
                    ],
                    [
                        0.7260969741675689,
                        -0.5186815125295878,
                        0.0,
                        -0.669673788834569,
                        -0.9248111349412655,
                        0.0
                    ]
                ]
            },
            "est_params": {
                "mui": [
                    0.7064234516471873,
                    -0.24370106103905945,
                    0.9836020521435944,
                    1.5367260101367033,
                    -1.65289824336579,
                    1.2046255671567705
                ],
                "Si": [
                    [
                        0.7334618810442196,
                        0.30755213074715626,
                        -0.18028785357141155,
                        0.20423588778056406,
                        -0.13654734833329102,
                        0.337917037869949
                    ],
                    [
                        0.30755213074715626,
                        0.8451796479675623,
                        -0.26048223829744366,
                        0.02161560001979544,
                        0.28352424612700766,
                        -0.47339359244922824
                    ],
                    [
                        -0.18028785357141158,
                        -0.26048223829744355,
                        0.9210741649553479,
                        0.5962219817604376,
                        -0.1792349635162845,
                        -0.20427505574325888
                    ],
                    [
                        0.20423588778056406,
                        0.021615600019795456,
                        0.5962219817604376,
                        1.3984088826505185,
                        -0.5953468080299291,
                        -0.3150014819639953
                    ],
                    [
                        -0.13654734833329102,
                        0.28352424612700755,
                        -0.1792349635162845,
                        -0.5953468080299293,
                        1.128151017686195,
                        -0.7861635434020141
                    ],
                    [
                        0.33791703786994903,
                        -0.47339359244922824,
                        -0.20427505574325888,
                        -0.3150014819639953,
                        -0.7861635434020141,
                        2.1620531439514634
                    ]
                ]
            },
            "est_tgt": [
                0,
                2,
                3,
                5
            ]
        },
        "3": {
            "intv_type": "hard",
            "inode": 3,
            "new_mui": 1.0,
            "new_sigmai": 1.0,
            "true_params": {
                "Si": [
                    [
                        1.0,
                        0.0,
                        0.5206859289769322,
                        0.0,
                        -0.5591654118635472,
                        1.2432193733329961
                    ],
                    [
                        0.0,
                        1.0,
                        -0.9829329674379381,
                        0.0,
                        0.6944898467941538,
                        -1.1609534559484749
                    ],
                    [
                        0.5206859289769322,
                        -0.9829329674379381,
                        2.237271055110922,
                        0.0,
                        -0.9737865278928366,
                        1.7884662598387746
                    ],
                    [
                        0.0,
                        0.0,
                        0.0,
                        1.0,
                        -0.5653167541292168,
                        -0.14686255984701557
                    ],
                    [
                        -0.5591654118635472,
                        0.6944898467941538,
                        -0.9737865278928366,
                        -0.5653167541292168,
                        2.1145651376238908,
                        -2.3432229299887286
                    ],
                    [
                        1.2432193733329961,
                        -1.1609534559484749,
                        1.7884662598387746,
                        -0.14686255984701557,
                        -2.3432229299887286,
                        4.770251583905365
                    ]
                ],
                "mui": [
                    0.0,
                    0.0,
                    0.0,
                    1.0,
                    -0.5653167541292168,
                    -0.14686255984701557
                ],
                "Ai": [
                    [
                        0.0,
                        0.0,
                        0.0,
                        0.0,
                        0.0,
                        0.0
                    ],
                    [
                        0.0,
                        0.0,
                        0.0,
                        0.0,
                        0.0,
                        0.0
                    ],
                    [
                        0.5206859289769322,
                        -0.9829329674379381,
                        0.0,
                        0.0,
                        0.0,
                        0.0
                    ],
                    [
                        0.0,
                        0.0,
                        0.0,
                        0.0,
                        0.0,
                        0.0
                    ],
                    [
                        -0.5591654118635472,
                        0.6944898467941538,
                        0.0,
                        -0.5653167541292168,
                        0.0,
                        0.0
                    ],
                    [
                        0.7260969741675689,
                        -0.5186815125295878,
                        0.0,
                        -0.669673788834569,
                        -0.9248111349412655,
                        0.0
                    ]
                ]
            },
            "est_params": {
                "mui": [
                    -0.5189676477273736,
                    0.4404866309570621,
                    -0.0835211681823208,
                    0.9458718964313522,
                    0.11100389416610436,
                    -1.3815785622311547
                ],
                "Si": [
                    [
                        0.7502331502279804,
                        0.07472979467102091,
                        0.15583154310791458,
                        0.14733158201171853,
                        -0.43089841505188653,
                        0.8819093388806164
                    ],
                    [
                        0.07472979467102091,
                        0.8199770530882429,
                        -0.3855036037647182,
                        -0.12364207116045949,
                        0.5817845259536163,
                        -0.7074932046598404
                    ],
                    [
                        0.1558315431079146,
                        -0.3855036037647182,
                        2.4082911411286174,
                        0.0017479905457374878,
                        -0.2590828613857712,
                        0.41990502429439913
                    ],
                    [
                        0.1473315820117185,
                        -0.12364207116045951,
                        0.0017479905457375195,
                        1.3262319438950172,
                        -1.0304566323234827,
                        0.34888534856421355
                    ],
                    [
                        -0.4308984150518864,
                        0.5817845259536163,
                        -0.2590828613857712,
                        -1.0304566323234827,
                        2.331941939653051,
                        -2.1202961731902676
                    ],
                    [
                        0.8819093388806164,
                        -0.7074932046598404,
                        0.4199050242943991,
                        0.34888534856421355,
                        -2.1202961731902676,
                        3.752137424924014
                    ]
                ]
            },
            "est_tgt": [
                0,
                1,
                2,
                3
            ]
        },
        "4": {
            "intv_type": "hard",
            "inode": 4,
            "new_mui": 1.0,
            "new_sigmai": 1.0,
            "true_params": {
                "Si": [
                    [
                        1.0,
                        0.0,
                        0.5206859289769322,
                        1.1196483483275779,
                        0.0,
                        -0.023702177419327387
                    ],
                    [
                        0.0,
                        1.0,
                        -0.9829329674379381,
                        -0.8942024569919949,
                        0.0,
                        0.08014243482942207
                    ],
                    [
                        0.5206859289769322,
                        -0.9829329674379381,
                        2.237271055110922,
                        2.3716550434490524,
                        0.0,
                        -0.7003375829674552
                    ],
                    [
                        1.1196483483275779,
                        -0.8942024569919949,
                        2.3716550434490524,
                        3.880816999463912,
                        0.0,
                        -1.3221018630519492
                    ],
                    [
                        0.0,
                        0.0,
                        0.0,
                        0.0,
                        1.0,
                        -0.9248111349412655
                    ],
                    [
                        -0.023702177419327387,
                        0.08014243482942207,
                        -0.7003375829674552,
                        -1.3221018630519492,
                        -0.9248111349412655,
                        2.681874120546108
                    ]
                ],
                "mui": [
                    0.0,
                    0.0,
                    0.0,
                    0.0,
                    1.0,
                    -0.9248111349412655
                ],
                "Ai": [
                    [
                        0.0,
                        0.0,
                        0.0,
                        0.0,
                        0.0,
                        0.0
                    ],
                    [
                        0.0,
                        0.0,
                        0.0,
                        0.0,
                        0.0,
                        0.0
                    ],
                    [
                        0.5206859289769322,
                        -0.9829329674379381,
                        0.0,
                        0.0,
                        0.0,
                        0.0
                    ],
                    [
                        0.6459653481267226,
                        -0.0,
                        0.909728828531183,
                        0.0,
                        0.0,
                        0.0
                    ],
                    [
                        0.0,
                        0.0,
                        0.0,
                        0.0,
                        0.0,
                        0.0
                    ],
                    [
                        0.7260969741675689,
                        -0.5186815125295878,
                        0.0,
                        -0.669673788834569,
                        -0.9248111349412655,
                        0.0
                    ]
                ]
            },
            "est_params": {
                "mui": [
                    0.07399588947461236,
                    -0.16014244191359533,
                    0.31269630684334637,
                    0.4693847783705498,
                    0.8399351705026449,
                    -0.890952211655858
                ],
                "Si": [
                    [
                        1.1520346966221213,
                        -0.03624022721461399,
                        0.7379274267661151,
                        1.4356609788128611,
                        0.025396618592458717,
                        -0.19428937568209134
                    ],
                    [
                        -0.036240227214614,
                        1.0285681377754743,
                        -1.099053528791597,
                        -1.051912250084088,
                        -0.1026942644029442,
                        0.3754683271316248
                    ],
                    [
                        0.737927426766115,
                        -1.099053528791597,
                        2.4342396425759967,
                        2.6563102378684214,
                        0.10694969162572943,
                        -0.9384996026938262
                    ],
                    [
                        1.4356609788128611,
                        -1.051912250084088,
                        2.6563102378684214,
                        4.124151425033191,
                        0.16735125710425833,
                        -1.5593312155073025
                    ],
                    [
                        0.02539661859245872,
                        -0.10269426440294421,
                        0.10694969162572938,
                        0.16735125710425833,
                        1.0906013001953079,
                        -0.992299219344495
                    ],
                    [
                        -0.19428937568209137,
                        0.37546832713162487,
                        -0.9384996026938262,
                        -1.5593312155073025,
                        -0.992299219344495,
                        2.8856023561759447
                    ]
                ]
            },
            "est_tgt": [
                3,
                4,
                5
            ]
        },
        "5": {
            "intv_type": "hard",
            "inode": 5,
            "new_mui": 1.0,
            "new_sigmai": 1.0,
            "true_params": {
                "Si": [
                    [
                        1.0,
                        0.0,
                        0.5206859289769322,
                        1.1196483483275779,
                        -1.1921213819062322,
                        0.0
                    ],
                    [
                        0.0,
                        1.0,
                        -0.9829329674379381,
                        -0.8942024569919949,
                        1.1999974773152389,
                        0.0
                    ],
                    [
                        0.5206859289769322,
                        -0.9829329674379381,
                        2.237271055110922,
                        2.3716550434490524,
                        -2.3145228589696414,
                        0.0
                    ],
                    [
                        1.1196483483275779,
                        -0.8942024569919949,
                        2.3716550434490524,
                        3.880816999463912,
                        -3.4409740267006823,
                        0.0
                    ],
                    [
                        -1.1921213819062322,
                        1.1999974773152389,
                        -2.3145228589696414,
                        -3.4409740267006823,
                        4.445219375496341,
                        0.0
                    ],
                    [
                        0.0,
                        0.0,
                        0.0,
                        0.0,
                        0.0,
                        1.0
                    ]
                ],
                "mui": [
                    0.0,
                    0.0,
                    0.0,
                    0.0,
                    0.0,
                    1.0
                ],
                "Ai": [
                    [
                        0.0,
                        0.0,
                        0.0,
                        0.0,
                        0.0,
                        0.0
                    ],
                    [
                        0.0,
                        0.0,
                        0.0,
                        0.0,
                        0.0,
                        0.0
                    ],
                    [
                        0.5206859289769322,
                        -0.9829329674379381,
                        0.0,
                        0.0,
                        0.0,
                        0.0
                    ],
                    [
                        0.6459653481267226,
                        -0.0,
                        0.909728828531183,
                        0.0,
                        0.0,
                        0.0
                    ],
                    [
                        -0.5591654118635472,
                        0.6944898467941538,
                        0.0,
                        -0.5653167541292168,
                        0.0,
                        0.0
                    ],
                    [
                        0.0,
                        0.0,
                        0.0,
                        0.0,
                        0.0,
                        0.0
                    ]
                ]
            },
            "est_params": {
                "mui": [
                    -0.26892319418438276,
                    0.2764309567579478,
                    -0.7032325844779813,
                    -0.8204722838894597,
                    0.8399423670415812,
                    1.170620610257677
                ],
                "Si": [
                    [
                        0.9452851361009732,
                        0.17035800563752468,
                        0.264797444432195,
                        0.8094251149891765,
                        -0.7757173477045268,
                        -0.036835526406645974
                    ],
                    [
                        0.17035800563752465,
                        0.9074017049710112,
                        -0.7260500606141795,
                        -0.5795563064115254,
                        0.7564183529554737,
                        -0.011296355940193202
                    ],
                    [
                        0.264797444432195,
                        -0.7260500606141795,
                        1.7334354375158332,
                        1.692417135864035,
                        -1.2882158564256772,
                        0.10718955904959321
                    ],
                    [
                        0.8094251149891765,
                        -0.5795563064115254,
                        1.692417135864035,
                        3.066278852461297,
                        -2.174424211589744,
                        0.020281019522851256
                    ],
                    [
                        -0.7757173477045268,
                        0.7564183529554737,
                        -1.2882158564256774,
                        -2.174424211589744,
                        2.6383656184447704,
                        0.005507034362993695
                    ],
                    [
                        -0.03683552640664599,
                        -0.011296355940193207,
                        0.10718955904959321,
                        0.020281019522851256,
                        0.0055070343629937055,
                        1.0215847476007742
                    ]
                ]
            },
            "est_tgt": [
                0,
                1,
                2,
                4,
                5
            ]
        },
        "obs": {
            "intv_type": "obs",
            "true_params": {
                "Si": [
                    [
                        1.0,
                        0.0,
                        0.5206859289769322,
                        1.1196483483275779,
                        -1.1921213819062322,
                        1.0787849507691252
                    ],
                    [
                        0.0,
                        1.0,
                        -0.9829329674379381,
                        -0.8942024569919949,
                        1.1999974773152389,
                        -1.0296285940931393
                    ],
                    [
                        0.5206859289769322,
                        -0.9829329674379381,
                        2.237271055110922,
                        2.3716550434490524,
                        -2.3145228589696414,
                        1.4401589290837615
                    ],
                    [
                        1.1196483483275779,
                        -0.8942024569919949,
                        2.3716550434490524,
                        3.880816999463912,
                        -3.4409740267006823,
                        1.8601492318845252
                    ],
                    [
                        -1.1921213819062322,
                        1.1999974773152389,
                        -2.3145228589696414,
                        -3.4409740267006823,
                        4.445219375496341,
                        -3.2946704967818192
                    ],
                    [
                        1.0787849507691252,
                        -1.0296285940931393,
                        1.4401589290837615,
                        1.8601492318845252,
                        -3.2946704967818192,
                        4.118606582531388
                    ]
                ],
                "mui": [
                    0.0,
                    0.0,
                    0.0,
                    0.0,
                    0.0,
                    0.0
                ],
                "Ai": [
                    [
                        0.0,
                        0.0,
                        0.0,
                        0.0,
                        0.0,
                        0.0
                    ],
                    [
                        0.0,
                        0.0,
                        0.0,
                        0.0,
                        0.0,
                        0.0
                    ],
                    [
                        0.5206859289769322,
                        -0.9829329674379381,
                        0.0,
                        0.0,
                        0.0,
                        0.0
                    ],
                    [
                        0.6459653481267226,
                        -0.0,
                        0.909728828531183,
                        0.0,
                        0.0,
                        0.0
                    ],
                    [
                        -0.5591654118635472,
                        0.6944898467941538,
                        0.0,
