{
    "expt_args": {
        "save_dir": "expt_logs_30.04.24-hard",
        "exp_name": "606",
        "num_nodes": 6,
        "obs_noise_mean": 0.0,
        "obs_noise_var": 1.0,
        "max_edge_strength": 1.0,
        "graph_sparsity_method": "adj_dense_prop",
        "adj_dense_prop": 0.8,
        "num_parents": null,
        "new_noise_mean": 0.0,
        "mix_samples": 65536,
        "stage2_samples": 65536,
        "gmm_tol": 0.001,
        "intv_type": "hard",
        "new_noise_sigma": 8.0,
        "intv_targets": [
            0,
            1,
            2,
            3,
            4,
            5
        ]
    },
    "intv_args_dict": {
        "0": {
            "intv_type": "hard",
            "inode": 0,
            "new_mui": 0.0,
            "new_sigmai": 8.0,
            "true_params": {
                "Si": [
                    [
                        8.0,
                        0.0,
                        7.930641872499704,
                        -11.118219838298238,
                        14.13180356517004,
                        -10.025087643586746
                    ],
                    [
                        0.0,
                        1.0,
                        0.0,
                        0.9463742052706829,
                        -1.5689954258224041,
                        0.43773729716998955
                    ],
                    [
                        7.930641872499704,
                        0.0,
                        8.861885063730702,
                        -11.882764646054975,
                        15.39234792199995,
                        -11.769387740810608
                    ],
                    [
                        -11.118219838298238,
                        0.9463742052706829,
                        -11.882764646054975,
                        18.088688496085613,
                        -23.05292264701031,
                        16.59867174556312
                    ],
                    [
                        14.13180356517004,
                        -1.5689954258224041,
                        15.39234792199995,
                        -23.05292264701031,
                        30.881666793333086,
                        -22.34219365999816
                    ],
                    [
                        -10.025087643586746,
                        0.43773729716998955,
                        -11.769387740810608,
                        16.59867174556312,
                        -22.34219365999816,
                        18.40238381419103
                    ]
                ],
                "mui": [
                    0.0,
                    0.0,
                    0.0,
                    0.0,
                    0.0,
                    0.0
                ],
                "Ai": [
                    [
                        0.0,
                        0.0,
                        0.0,
                        0.0,
                        0.0,
                        0.0
                    ],
                    [
                        -0.0,
                        0.0,
                        0.0,
                        0.0,
                        0.0,
                        0.0
                    ],
                    [
                        0.991330234062463,
                        0.0,
                        0.0,
                        0.0,
                        0.0,
                        0.0
                    ],
                    [
                        -0.5363044321533524,
                        0.9463742052706829,
                        -0.8609371713968632,
                        0.0,
                        0.0,
                        0.0
                    ],
                    [
                        -0.0,
                        -0.8712597681348055,
                        0.7483185022080487,
                        -0.7372724803800326,
                        0.0,
                        0.0
                    ],
                    [
                        0.9243191387787622,
                        -0.9991742397650267,
                        -0.5645829443170004,
                        0.0,
                        -0.9158162689874288,
                        0.0
                    ]
                ]
            },
            "est_params": {
                "mui": [
                    3.900795884467404,
                    -0.014978948447448404,
                    7.769857949014714,
                    -8.770570802850362,
                    12.292703041963843,
                    -12.024533705835225
                ],
                "Si": [
                    [
                        28.26204876072406,
                        -0.0931897572119579,
                        12.094225122436088,
                        -25.702795135553984,
                        28.05768362444741,
                        -6.17240105865979
                    ],
                    [
                        -0.09318975721195792,
                        0.991173756539614,
                        -0.025814814956894437,
                        1.0209859229509672,
                        -1.6358645015994968,
                        0.4413987960278769
                    ],
                    [
                        12.094225122436088,
                        -0.025814814956894423,
                        23.90090449222822,
                        -27.163935310898683,
                        37.95004204780903,
                        -36.96745786913261
                    ],
                    [
                        -25.70279513555399,
                        1.0209859229509672,
                        -27.163935310898683,
                        39.20315415517463,
                        -50.11590031699755,
                        36.310556022075296
                    ],
                    [
                        28.05768362444741,
                        -1.6358645015994968,
                        37.95004204780903,
                        -50.11590031699757,
                        67.7519206253406,
                        -55.74179357983854
                    ],
                    [
                        -6.172401058659788,
                        0.44139879602787685,
                        -36.96745786913261,
                        36.3105560220753,
                        -55.741793579838536,
                        66.6982569493615
                    ]
                ]
            },
            "est_tgt": [
                0,
                2
            ]
        },
        "1": {
            "intv_type": "hard",
            "inode": 1,
            "new_mui": 0.0,
            "new_sigmai": 8.0,
            "true_params": {
                "Si": [
                    [
                        1.0,
                        0.0,
                        0.991330234062463,
                        -1.3897774797872797,
                        1.766475445646255,
                        -1.2531359554483432
                    ],
                    [
                        0.0,
                        8.0,
                        0.0,
                        7.5709936421654636,
                        -12.551963406579233,
                        3.5018983773599164
                    ],
                    [
                        0.991330234062463,
                        0.0,
                        1.9827356329663377,
                        -2.2386656057291274,
                        3.134224303013279,
                        -3.0734868206237476
                    ],
                    [
                        -1.3897774797872797,
                        7.5709936421654636,
                        -2.2386656057291274,
                        10.837687347630448,
                        -16.261865690617864,
                        7.307453842692454
                    ],
                    [
                        1.766475445646255,
                        -12.551963406579233,
                        3.134224303013279,
                        -16.261865690617864,
                        26.27084481659653,
                        -11.654411111307489
                    ],
                    [
                        -1.2531359554483432,
                        3.5018983773599164,
                        -3.0734868206237476,
                        7.307453842692454,
                        -11.654411111307489,
                        8.75123334366482
                    ]
                ],
                "mui": [
                    0.0,
                    0.0,
                    0.0,
                    0.0,
                    0.0,
                    0.0
                ],
                "Ai": [
                    [
                        0.0,
                        0.0,
                        0.0,
                        0.0,
                        0.0,
                        0.0
                    ],
                    [
                        0.0,
                        0.0,
                        0.0,
                        0.0,
                        0.0,
                        0.0
                    ],
                    [
                        0.991330234062463,
                        0.0,
                        0.0,
                        0.0,
                        0.0,
                        0.0
                    ],
                    [
                        -0.5363044321533524,
                        0.9463742052706829,
                        -0.8609371713968632,
                        0.0,
                        0.0,
                        0.0
                    ],
                    [
                        -0.0,
                        -0.8712597681348055,
                        0.7483185022080487,
                        -0.7372724803800326,
                        0.0,
                        0.0
                    ],
                    [
                        0.9243191387787622,
                        -0.9991742397650267,
                        -0.5645829443170004,
                        0.0,
                        -0.9158162689874288,
                        0.0
                    ]
                ]
            },
            "est_params": {
                "mui": [
                    -0.08890655594927,
                    -3.7826097344337763,
                    -0.13567560889855998,
                    -7.496596217802209,
                    8.723639522730723,
                    -4.19238362088136
                ],
                "Si": [
                    [
                        1.0118009900853342,
                        -0.41531623253968797,
                        1.0077482143957517,
                        -1.1839687978300577,
                        1.996377626049329,
                        -1.045674740955958
                    ],
                    [
                        -0.41531623253968797,
                        27.981645161239797,
                        -0.5683098084644257,
                        11.119763859651956,
                        -33.104100837281834,
                        2.2637177961429384
                    ],
                    [
                        1.0077482143957517,
                        -0.5683098084644256,
                        1.9708100056628826,
                        -1.7424175315686488,
                        3.2441261406359456,
                        -2.599430510182764
                    ],
                    [
                        -1.1839687978300577,
                        11.119763859651957,
                        -1.7424175315686483,
                        25.15826653494066,
                        -29.529829066997554,
                        15.953210023380436
                    ],
                    [
                        1.9963776260493291,
                        -33.104100837281834,
                        3.2441261406359456,
                        -29.529829066997554,
                        54.082820816115785,
                        -16.507286909316303
                    ],
                    [
                        -1.045674740955958,
                        2.2637177961429384,
                        -2.599430510182764,
                        15.953210023380436,
                        -16.507286909316303,
                        14.442572684803581
                    ]
                ]
            },
            "est_tgt": [
                1,
                2,
                3
            ]
        },
        "2": {
            "intv_type": "hard",
            "inode": 2,
            "new_mui": 0.0,
            "new_sigmai": 8.0,
            "true_params": {
                "Si": [
                    [
                        1.0,
                        0.0,
                        0.0,
                        -0.5363044321533524,
                        0.39540249893250706,
                        0.5622030974580877
                    ],
                    [
                        0.0,
                        1.0,
                        0.0,
                        0.9463742052706829,
                        -1.5689954258224041,
                        0.43773729716998955
                    ],
                    [
                        0.0,
                        0.0,
                        8.0,
                        -6.887497371174906,
                        11.064510288121467,
                        -14.649722084776425
                    ],
                    [
                        -0.5363044321533524,
                        0.9463742052706829,
                        -6.887497371174906,
                        8.112949085091701,
                        -11.960033582574848,
                        13.40044769941579
                    ],
                    [
                        0.39540249893250706,
                        -1.5689954258224041,
                        11.064510288121467,
                        -11.960033582574848,
                        19.464583982232647,
                        -22.13963856681896
                    ],
                    [
                        0.5622030974580877,
                        0.43773729716998955,
                        -14.649722084776425,
                        13.40044769941579,
                        -22.13963856681896,
                        29.62910366878777
                    ]
                ],
                "mui": [
                    0.0,
                    0.0,
                    0.0,
                    0.0,
                    0.0,
                    0.0
                ],
                "Ai": [
                    [
                        0.0,
                        0.0,
                        0.0,
                        0.0,
                        0.0,
                        0.0
                    ],
                    [
                        -0.0,
                        0.0,
                        0.0,
                        0.0,
                        0.0,
                        0.0
                    ],
                    [
                        0.0,
                        0.0,
                        0.0,
                        0.0,
                        0.0,
                        0.0
                    ],
                    [
                        -0.5363044321533524,
                        0.9463742052706829,
                        -0.8609371713968632,
                        0.0,
                        0.0,
                        0.0
                    ],
                    [
                        -0.0,
                        -0.8712597681348055,
                        0.7483185022080487,
                        -0.7372724803800326,
                        0.0,
                        0.0
                    ],
                    [
                        0.9243191387787622,
                        -0.9991742397650267,
                        -0.5645829443170004,
                        0.0,
                        -0.9158162689874288,
                        0.0
                    ]
                ]
            },
            "est_params": {
                "mui": [
                    -4.0073973993570755,
                    0.008578454085710317,
                    -8.030802144595766,
                    9.073215787428255,
                    -12.694670664172484,
                    12.44209032305319
                ],
                "Si": [
                    [
                        29.098421926277446,
                        0.173956168446289,
                        11.89751225836491,
                        -25.67476878218648,
                        27.63691979936569,
                        -5.2097762036445365
                    ],
                    [
                        0.173956168446289,
                        1.0102898260812327,
                        -0.0021425073289952495,
                        0.8714293626249684,
                        -1.5221896966929902,
                        0.5659885832005752
                    ],
                    [
                        11.897512258364909,
                        -0.0021425073289952747,
                        23.928444194729575,
                        -27.084901730464708,
                        37.81605248695517,
                        -37.03929918500017
                    ],
                    [
                        -25.67476878218648,
                        0.8714293626249684,
                        -27.08490173046472,
                        39.0047904071123,
                        -49.702246997671836,
                        36.071034357712385
                    ],
                    [
                        27.636919799365693,
                        -1.5221896966929902,
                        37.81605248695517,
                        -49.702246997671836,
                        67.16564664752447,
                        -55.650819373888886
                    ],
                    [
                        -5.2097762036445365,
                        0.5659885832005752,
                        -37.03929918500017,
                        36.07103435771238,
                        -55.65081937388888,
                        67.38881203345599
                    ]
                ]
            },
            "est_tgt": [
                0,
                2
            ]
        },
        "3": {
            "intv_type": "hard",
            "inode": 3,
            "new_mui": 0.0,
            "new_sigmai": 8.0,
            "true_params": {
                "Si": [
                    [
                        1.0,
                        0.0,
                        0.991330234062463,
                        0.0,
                        0.7418307559471767,
                        -0.3147496786903517
                    ],
                    [
                        0.0,
                        1.0,
                        0.0,
                        0.0,
                        -0.8712597681348055,
                        -0.2012603695929568
                    ],
                    [
                        0.991330234062463,
                        0.0,
                        1.9827356329663377,
                        0.0,
                        1.4837177591358972,
                        -1.5619260756706281
                    ],
                    [
                        0.0,
                        0.0,
                        0.0,
                        8.0,
                        -5.8981798430402606,
                        5.4016490576699905
                    ],
                    [
                        0.7418307559471767,
                        -0.8712597681348055,
                        1.4837177591358972,
                        -5.8981798430402606,
                        7.217952717392176,
                        -5.891771586437503
                    ],
                    [
                        -0.3147496786903517,
                        -0.2012603695929568,
                        -1.5619260756706281,
                        5.4016490576699905,
                        -5.891771586437503,
                        7.187782119469873
                    ]
                ],
                "mui": [
                    0.0,
                    0.0,
                    0.0,
                    0.0,
                    0.0,
                    0.0
                ],
                "Ai": [
                    [
                        0.0,
                        0.0,
                        0.0,
                        0.0,
                        0.0,
                        0.0
                    ],
                    [
                        -0.0,
                        0.0,
                        0.0,
                        0.0,
                        0.0,
                        0.0
                    ],
                    [
                        0.991330234062463,
                        0.0,
                        0.0,
                        0.0,
                        0.0,
                        0.0
                    ],
                    [
                        0.0,
                        0.0,
                        0.0,
                        0.0,
                        0.0,
                        0.0
                    ],
                    [
                        -0.0,
                        -0.8712597681348055,
                        0.7483185022080487,
                        -0.7372724803800326,
                        0.0,
                        0.0
                    ],
                    [
                        0.9243191387787622,
                        -0.9991742397650267,
                        -0.5645829443170004,
                        0.0,
                        -0.9158162689874288,
                        0.0
                    ]
                ]
            },
            "est_params": {
                "mui": [
                    0.0910995288744001,
                    4.05120160450391,
                    0.13688224000593296,
                    7.854903861769967,
                    -9.220164700292537,
                    4.405354154471037
                ],
                "Si": [
                    [
                        1.0346671287721523,
                        -0.35610852948893695,
                        1.027376511065119,
                        -1.156080569888706,
                        1.9411906311184457,
                        -1.025918864208528
                    ],
                    [
                        -0.35610852948893695,
                        29.011382935488154,
                        -0.4725146073271872,
                        10.458531611154202,
                        -33.365989981680286,
                        1.474663429129744
                    ],
                    [
                        1.0273765110651187,
                        -0.4725146073271873,
                        2.026122461911663,
                        -1.733546297760765,
                        3.1893885369896333,
                        -2.613951175089489
                    ],
                    [
                        -1.1560805698887062,
                        10.458531611154202,
                        -1.733546297760765,
                        23.466819888536328,
                        -27.71227678104917,
                        14.817204023953472
                    ],
                    [
                        1.9411906311184457,
                        -33.365989981680286,
                        3.1893885369896333,
                        -27.71227678104917,
                        52.90896378891102,
                        -15.039702016899122
                    ],
                    [
                        -1.025918864208528,
                        1.474663429129744,
                        -2.613951175089489,
                        14.817204023953472,
                        -15.039702016899122,
                        13.759955521079261
                    ]
                ]
            },
            "est_tgt": [
                1,
                2,
                3
            ]
        },
        "4": {
            "intv_type": "hard",
            "inode": 4,
            "new_mui": 0.0,
            "new_sigmai": 8.0,
            "true_params": {
                "Si": [
                    [
                        1.0,
                        0.0,
                        0.991330234062463,
                        -1.3897774797872797,
                        0.0,
                        0.36463099644131564
                    ],
                    [
                        0.0,
                        1.0,
                        0.0,
                        0.9463742052706829,
                        0.0,
                        -0.9991742397650267
                    ],
                    [
                        0.991330234062463,
                        0.0,
                        1.9827356329663377,
                        -2.2386656057291274,
                        0.0,
                        -0.20311321326840187
                    ],
                    [
                        -1.3897774797872797,
                        0.9463742052706829,
                        -2.2386656057291274,
                        4.568318392818432,
                        0.0,
                        -0.966278231271911
                    ],
                    [
                        0.0,
                        0.0,
                        0.0,
                        0.0,
                        8.0,
                        -7.326530151899431
                    ],
                    [
                        0.36463099644131564,
                        -0.9991742397650267,
                        -0.20311321326840187,
                        -0.966278231271911,
                        -7.326530151899431,
                        9.159814334325896
                    ]
                ],
                "mui": [
                    0.0,
                    0.0,
                    0.0,
                    0.0,
                    0.0,
                    0.0
                ],
                "Ai": [
                    [
                        0.0,
                        0.0,
                        0.0,
                        0.0,
                        0.0,
                        0.0
                    ],
                    [
                        -0.0,
                        0.0,
                        0.0,
                        0.0,
                        0.0,
                        0.0
                    ],
                    [
                        0.991330234062463,
                        0.0,
                        0.0,
                        0.0,
                        0.0,
                        0.0
                    ],
                    [
                        -0.5363044321533524,
                        0.9463742052706829,
                        -0.8609371713968632,
                        0.0,
                        0.0,
                        0.0
                    ],
                    [
                        0.0,
                        0.0,
                        0.0,
                        0.0,
                        0.0,
                        0.0
                    ],
                    [
                        0.9243191387787622,
                        -0.9991742397650267,
                        -0.5645829443170004,
                        0.0,
                        -0.9158162689874288,
                        0.0
                    ]
                ]
            },
            "est_params": {
                "mui": [
                    -0.15063334969664813,
                    0.11536935320466557,
                    -0.32314643809901894,
                    0.5506187166725742,
                    3.407632625655621,
                    -7.2361015516172165
                ],
                "Si": [
                    [
                        0.9671400305167043,
                        0.008602174837268151,
                        0.9466357069636451,
                        -1.3100345648078386,
                        1.1489073140635098,
                        -0.5322542948081098
                    ],
                    [
                        0.008602174837268155,
                        1.0109125573776485,
                        0.021480588747087165,
                        0.9317830389196115,
                        -0.9616136808889438,
                        0.13975099145931133
                    ],
                    [
                        0.9466357069636451,
                        0.021480588747087172,
                        1.8915761445528994,
                        -2.0872118064190204,
                        2.2944058058532333,
                        -1.4958291673747914
                    ],
                    [
                        -1.3100345648078386,
                        0.9317830389196115,
                        -2.0872118064190204,
                        4.333782086410676,
                        -3.9817886389050945,
                        2.007431364320211
                    ],
                    [
                        1.14890731406351,
                        -0.9616136808889438,
                        2.2944058058532333,
                        -3.9817886389050945,
                        34.48512589043866,
                        -12.73147872546873
                    ],
                    [
                        -0.5322542948081098,
                        0.13975099145931133,
                        -1.4958291673747914,
                        2.0074313643202113,
                        -12.73147872546873,
                        25.50535043364133
                    ]
                ]
            },
            "est_tgt": [
                1,
                2,
                4,
                5
            ]
        },
        "5": {
            "intv_type": "hard",
            "inode": 5,
            "new_mui": 0.0,
            "new_sigmai": 8.0,
            "true_params": {
                "Si": [
                    [
                        1.0,
                        0.0,
                        0.991330234062463,
                        -1.3897774797872797,
                        1.766475445646255,
                        0.0
                    ],
                    [
                        0.0,
                        1.0,
                        0.0,
                        0.9463742052706829,
                        -1.5689954258224041,
                        0.0
                    ],
                    [
                        0.991330234062463,
                        0.0,
                        1.9827356329663377,
                        -2.2386656057291274,
                        3.134224303013279,
                        0.0
                    ],
                    [
                        -1.3897774797872797,
                        0.9463742052706829,
                        -2.2386656057291274,
                        4.568318392818432,
                        -5.8678680963157595,
                        0.0
                    ],
                    [
                        1.766475445646255,
                        -1.5689954258224041,
                        3.134224303013279,
                        -5.8678680963157595,
                        9.03861829283514,
                        0.0
                    ],
                    [
                        0.0,
                        0.0,
                        0.0,
                        0.0,
                        0.0,
                        8.0
                    ]
                ],
                "mui": [
                    0.0,
                    0.0,
                    0.0,
                    0.0,
                    0.0,
                    0.0
                ],
                "Ai": [
                    [
                        0.0,
                        0.0,
                        0.0,
                        0.0,
                        0.0,
                        0.0
                    ],
                    [
                        -0.0,
                        0.0,
                        0.0,
                        0.0,
                        0.0,
                        0.0
                    ],
                    [
                        0.991330234062463,
                        0.0,
                        0.0,
                        0.0,
                        0.0,
                        0.0
                    ],
                    [
                        -0.5363044321533524,
                        0.9463742052706829,
                        -0.8609371713968632,
                        0.0,
                        0.0,
                        0.0
                    ],
                    [
                        -0.0,
                        -0.8712597681348055,
                        0.7483185022080487,
                        -0.7372724803800326,
                        0.0,
                        0.0
                    ],
                    [
                        0.0,
                        0.0,
                        0.0,
                        0.0,
                        0.0,
                        0.0
                    ]
                ]
            },
            "est_params": {
                "mui": [
                    0.16961865574329732,
                    -0.0976441750710409,
                    0.3417969369954721,
                    -0.5390071097947845,
                    -3.2596998965182604,
                    7.0021286963240215
                ],
                "Si": [
                    [
                        0.9794414733016223,
                        0.00858223094353143,
                        0.9571846306772099,
                        -1.3382032048179113,
                        1.1748653232216155,
                        -0.532439457996341
                    ],
                    [
                        0.008582230943531432,
                        0.9860757712563781,
                        0.01539023046859258,
                        0.8961103561573146,
                        -0.965640613867337,
                        0.1508819356732035
                    ],
                    [
                        0.9571846306772098,
                        0.015390230468592577,
                        1.9306032913686941,
                        -2.147640380923684,
                        2.3353571336278933,
                        -1.5340251920843386
                    ],
                    [
                        -1.3382032048179113,
                        0.8961103561573147,
                        -2.1476403809236846,
                        4.377533849472931,
                        -4.0966957162493705,
                        2.058747347875747
                    ],
                    [
                        1.1748653232216155,
                        -0.965640613867337,
                        2.3353571336278933,
                        -4.0966957162493705,
                        34.79727198253612,
                        -13.898972824977934
                    ],
                    [
                        -0.532439457996341,
                        0.1508819356732035,
                        -1.5340251920843386,
                        2.0587473478757476,
                        -13.898972824977934,
                        27.68388261065127
                    ]
                ]
            },
            "est_tgt": [
                1,
                2,
                3,
                4,
                5
            ]
        },
        "obs": {
            "intv_type": "obs",
            "true_params": {
                "Si": [
                    [
                        1.0,
                        0.0,
                        0.991330234062463,
                        -1.3897774797872797,
                        1.766475445646255,
                        -1.2531359554483432
                    ],
                    [
                        0.0,
                        1.0,
                        0.0,
                        0.9463742052706829,
                        -1.5689954258224041,
                        0.43773729716998955
                    ],
                    [
                        0.991330234062463,
                        0.0,
                        1.9827356329663377,
                        -2.2386656057291274,
                        3.134224303013279,
                        -3.0734868206237476
                    ],
                    [
                        -1.3897774797872797,
                        0.9463742052706829,
                        -2.2386656057291274,
                        4.568318392818432,
                        -5.8678680963157595,
                        4.407610835606354
                    ],
                    [
                        1.766475445646255,
                        -1.5689954258224041,
                        3.134224303013279,
                        -5.8678680963157595,
                        9.03861829283514,
                        -6.846756392506457
                    ],
                    [
                        -1.2531359554483432,
                        0.43773729716998955,
                        -3.0734868206237476,
                        4.407610835606354,
                        -6.846756392506457,
                        7.409935754329006
                    ]
                ],
                "mui": [
                    0.0,
                    0.0,
                    0.0,
                    0.0,
                    0.0,
                    0.0
                ],
                "Ai": [
                    [
                        0.0,
                        0.0,
                        0.0,
                        0.0,
                        0.0,
                        0.0
                    ],
                    [
                        -0.0,
                        0.0,
                        0.0,
                        0.0,
                        0.0,
                        0.0
                    ],
                    [
                        0.991330234062463,
                        0.0,
                        0.0,
                        0.0,
                        0.0,
                        0.0
                    ],
                    [
                        -0.5363044321533524,
                        0.9463742052706829,
                        -0.8609371713968632,
                        0.0,
                        0.0,
                        0.0
                    ],
                    [
                        -0.0,
                        -0.8712597681348055,
                        0.7483185022080487,
                        -0.7372724803800326,
                        0.0,
                        0.0
                    ],
                    [
                        0.9243191387787622,
                        -0.9991742397650267,
                        -0.5645829443170004,
                        0.0,
                        -0.9158162689874288,
                        0.0
                    ]
                ]
            },
            "est_params": {
                "mui": [
                    0.009952231267724997,
                    0.0044654438736327715,
