{
    "expt_args": {
        "save_dir": "all_expt_logs/expt_logs_sim_compsel_backwardbugfixed_cameraready_half",
        "exp_name": "98",
        "num_nodes": 8,
        "num_tgt_prior": 9,
        "obs_noise_mean": 0.0,
        "obs_noise_var": 1.0,
        "obs_noise_gamma_shape": null,
        "noise_type": "gaussian",
        "max_edge_strength": 1.0,
        "graph_sparsity_method": "adj_dense_prop",
        "adj_dense_prop": 0.8,
        "num_parents": null,
        "new_noise_mean": 1.0,
        "mix_samples": 1048576,
        "stage2_samples": 1048576,
        "gmm_tol": 0.001,
        "intv_type": "do",
        "new_noise_var": null,
        "dtype": "simulation",
        "cutoff_drop_ratio": 0.07,
        "intv_targets": [
            3,
            2,
            4,
            7
        ]
    },
    "intv_args_dict": {
        "3": {
            "intv_type": "do",
            "inode": 3,
            "new_mui": 1.0,
            "new_vari": null,
            "noise_type": "gaussian",
            "obs_noise_gamma_shape": null,
            "true_params": {
                "Si": [
                    [
                        1.0,
                        -0.5794401895765816,
                        0.701602445308891,
                        0.0,
                        -0.4557100569749384,
                        -0.3475510262369115,
                        0.10351086566494727,
                        -1.1371368536394595
                    ],
                    [
                        -0.5794401895765816,
                        1.335750933296545,
                        -0.4065366539171771,
                        0.0,
                        1.2621835933799455,
                        0.21025751897169548,
                        -1.7475748385849845,
                        -0.9611337412251446
                    ],
                    [
                        0.701602445308891,
                        -0.4065366539171771,
                        1.4922459912634154,
                        0.0,
                        0.6498041424393435,
                        1.209417352232704,
                        0.135597681810323,
                        -0.8085414654134598
                    ],
                    [
                        0.0,
                        0.0,
                        0.0,
                        1e-09,
                        9.401156196292587e-10,
                        2.815290911352667e-10,
                        3.5952718882848777e-10,
                        3.2669973435329425e-10
                    ],
                    [
                        -0.4557100569749384,
                        1.2621835933799455,
                        0.6498041424393435,
                        9.401156196292587e-10,
                        3.1439201077898757,
                        2.4126723763304727,
                        -1.5896408164948639,
                        -0.2040629878576501
                    ],
                    [
                        -0.3475510262369115,
                        0.21025751897169548,
                        1.209417352232704,
                        2.815290911352667e-10,
                        2.4126723763304727,
                        3.9324882885999806,
                        1.0834471646158967,
                        1.9780662928612363
                    ],
                    [
                        0.10351086566494727,
                        -1.7475748385849845,
                        0.135597681810323,
                        3.5952718882848777e-10,
                        -1.5896408164948639,
                        1.0834471646158967,
                        4.820224237776234,
                        4.400783681031924
                    ],
                    [
                        -1.1371368536394595,
                        -0.9611337412251446,
                        -0.8085414654134598,
                        3.2669973435329425e-10,
                        -0.2040629878576501,
                        1.9780662928612363,
                        4.400783681031924,
                        7.2391763475699635
                    ]
                ],
                "mui": [
                    0.0,
                    0.0,
                    0.0,
                    1.0,
                    0.9401156196292586,
                    0.2815290911352667,
                    0.3595271888284877,
                    0.32669973435329425
                ],
                "Ai": [
                    [
                        0.0,
                        0.0,
                        0.0,
                        0.0,
                        0.0,
                        0.0,
                        0.0,
                        0.0
                    ],
                    [
                        -0.5794401895765816,
                        0.0,
                        0.0,
                        0.0,
                        0.0,
                        0.0,
                        0.0,
                        0.0
                    ],
                    [
                        0.701602445308891,
                        0.0,
                        0.0,
                        0.0,
                        0.0,
                        0.0,
                        0.0,
                        0.0
                    ],
                    [
                        0.0,
                        0.0,
                        0.0,
                        0.0,
                        0.0,
                        0.0,
                        0.0,
                        0.0
                    ],
                    [
                        -0.5575808573199954,
                        0.9981268715744323,
                        0.9695314327648143,
                        0.9401156196292586,
                        0.0,
                        0.0,
                        0.0,
                        0.0
                    ],
                    [
                        -0.8956306757254839,
                        -0.8260134890563058,
                        0.6422927602977095,
                        -0.504833212623544,
                        0.8364527589371595,
                        0.0,
                        0.0,
                        0.0
                    ],
                    [
                        0.0,
                        -0.9628263622495499,
                        -0.6418347380945059,
                        0.7757758949617808,
                        -0.734798945109485,
                        0.9752003188875562,
                        0.0,
                        0.0
                    ],
                    [
                        -0.7972422245175559,
                        -0.9717890638553939,
                        -0.8747014144002798,
                        -0.7729585877538483,
                        0.8341346935862486,
                        0.0,
                        0.8774726295944812,
                        0.0
                    ]
                ]
            },
            "est_params": {
                "mui": [
                    -0.0016799295945302618,
                    0.0003938034682091949,
                    -0.004300484867435426,
                    0.9999998798425449,
                    0.9392076765161201,
                    0.2816235181467167,
                    0.3648400428129822,
                    0.33782298539949596
                ],
                "Si": [
                    [
                        0.9933545582760053,
                        -0.5746951874228623,
                        0.7008097006203727,
                        -9.535664819007363e-08,
                        -0.44986304355271767,
                        -0.3395748803408118,
                        0.09922080100364604,
                        -1.1368271328281438
                    ],
                    [
                        -0.5746951874228623,
                        1.3344358158445582,
                        -0.4015105775210068,
                        1.6667981014646182e-07,
                        1.2674874745054387,
                        0.21674402231415074,
                        -1.7494152747667124,
                        -0.9641169196270596
                    ],
                    [
                        0.7008097006203727,
                        -0.40151057752100683,
                        1.4932180098266437,
                        4.577014537003666e-08,
                        0.6532687646341331,
                        1.2069466905996258,
                        0.1231611197120989,
                        -0.8257233412904793
                    ],
                    [
                        -9.535664819007366e-08,
                        1.6667981014646185e-07,
                        4.577014537003668e-08,
                        1.0076589796482833e-06,
                        1.654454009101025e-07,
                        2.6355210983024833e-07,
                        -4.550950355469803e-08,
                        -1.4917328358219486e-07
                    ],
                    [
                        -0.44986304355271767,
                        1.2674874745054387,
                        0.6532687646341331,
                        1.654454009101024e-07,
                        3.1556229178239104,
                        2.415694686562206,
                        -1.6092351160709448,
                        -0.22928491446160792
                    ],
                    [
                        -0.3395748803408118,
                        0.2167440223141507,
                        1.2069466905996258,
                        2.6355210983024843e-07,
                        2.415694686562206,
                        3.9156174812821605,
                        1.0605750120529176,
                        1.9473287244798425
                    ],
                    [
                        0.09922080100364604,
                        -1.7494152747667124,
                        0.1231611197120989,
                        -4.550950355469786e-08,
                        -1.6092351160709448,
                        1.0605750120529176,
                        4.832060889035881,
                        4.414079901726032
                    ],
                    [
                        -1.1368271328281436,
                        -0.9641169196270596,
                        -0.8257233412904794,
                        -1.4917328358219486e-07,
                        -0.22928491446160798,
                        1.9473287244798425,
                        4.414079901726032,
                        7.245893004883937
                    ]
                ]
            },
            "est_tgt": [
                3
            ],
            "oracle_est_tgt": [
                3
            ]
        },
        "2": {
            "intv_type": "do",
            "inode": 2,
            "new_mui": 1.0,
            "new_vari": null,
            "noise_type": "gaussian",
            "obs_noise_gamma_shape": null,
            "true_params": {
                "Si": [
                    [
                        1.0,
                        -0.5794401895765816,
                        0.0,
                        -0.9763610621260334,
                        -2.0538279659090617,
                        -1.6420358398271926,
                        -0.2917003387433852,
                        -1.448590141723134
                    ],
                    [
                        -0.5794401895765816,
                        1.335750933296545,
                        0.0,
                        1.2141671349377208,
                        2.7977911463191365,
                        1.1428843474865467,
                        -1.285447419069343,
                        -0.5688251436808902
                    ],
                    [
                        0.0,
                        0.0,
                        1e-09,
                        -8.612777822674612e-10,
                        1.5983073681552648e-10,
                        1.2107852508533795e-09,
                        -2.466785745152986e-10,
                        -2.9210269092033045e-10
                    ],
                    [
                        -0.9763610621260334,
                        1.2141671349377208,
                        -8.612777822674612e-10,
                        2.373734992026243,
                        3.9878784240673424,
                        2.0088721340189624,
                        -0.2987818508309326,
                        0.8279379262863327
                    ],
                    [
                        -2.0538279659090617,
                        2.7977911463191365,
                        1.5983073681552648e-10,
                        3.9878784240673424,
                        8.686792478016702,
                        4.78133616078938,
                        -1.3203725189386941,
                        1.9234348980927516
                    ],
                    [
                        -1.6420358398271926,
                        1.1428843474865467,
                        1.2107852508533795e-09,
                        2.0088721340189624,
                        4.78133616078938,
                        4.511836232043944,
                        1.344658763188609,
                        3.813862461049289
                    ],
                    [
                        -0.2917003387433852,
                        -1.285447419069343,
                        -2.466785745152986e-10,
                        -0.2987818508309326,
                        -1.3203725189386941,
                        1.344658763188609,
                        4.287394893521415,
                        4.373388713469115
                    ],
                    [
                        -1.448590141723134,
                        -0.5688251436808902,
                        -2.9210269092033045e-10,
                        0.8279379262863327,
                        1.9234348980927516,
                        3.813862461049289,
                        4.373388713469115,
                        7.509626224882248
                    ]
                ],
                "mui": [
                    0.0,
                    0.0,
                    1.0,
                    -0.8612777822674611,
                    0.15983073681552648,
                    1.2107852508533794,
                    -0.24667857451529862,
                    -0.2921026909203304
                ],
                "Ai": [
                    [
                        0.0,
                        0.0,
                        0.0,
                        0.0,
                        0.0,
                        0.0,
                        0.0,
                        0.0
                    ],
                    [
                        -0.5794401895765816,
                        0.0,
                        0.0,
                        0.0,
                        0.0,
                        0.0,
                        0.0,
                        0.0
                    ],
                    [
                        0.0,
                        0.0,
                        0.0,
                        0.0,
                        0.0,
                        0.0,
                        0.0,
                        0.0
                    ],
                    [
                        -0.6006379651232869,
                        0.6484242960042195,
                        -0.8612777822674611,
                        0.0,
                        0.0,
                        0.0,
                        0.0,
                        0.0
                    ],
                    [
                        -0.5575808573199954,
                        0.9981268715744323,
                        0.9695314327648143,
                        0.9401156196292586,
                        0.0,
                        0.0,
                        0.0,
                        0.0
                    ],
                    [
                        -0.8956306757254839,
                        -0.8260134890563058,
                        0.6422927602977095,
                        -0.504833212623544,
                        0.8364527589371595,
                        0.0,
                        0.0,
                        0.0
                    ],
                    [
                        0.0,
                        -0.9628263622495499,
                        -0.6418347380945059,
                        0.7757758949617808,
                        -0.734798945109485,
                        0.9752003188875562,
                        0.0,
                        0.0
                    ],
                    [
                        -0.7972422245175559,
                        -0.9717890638553939,
                        -0.8747014144002798,
                        -0.7729585877538483,
                        0.8341346935862486,
                        0.0,
                        0.8774726295944812,
                        0.0
                    ]
                ]
            },
            "est_params": {
                "mui": [
                    -0.0043486696080442,
                    0.0007683727159089833,
                    0.9999998241242778,
                    -0.8610368498996441,
                    0.16564935741699352,
                    1.2178202556514368,
                    -0.24472540608033577,
                    -0.2789882919190042
                ],
                "Si": [
                    [
                        0.99904651215144,
                        -0.5754894277341465,
                        5.084370306371272e-08,
                        -0.9739702576596492,
                        -2.0445385809218988,
                        -1.6408237412003632,
                        -0.30271001584258284,
                        -1.457228217136292
                    ],
                    [
                        -0.5754894277341465,
                        1.332007377118777,
                        -4.84563266893155e-08,
                        1.20871284249163,
                        2.784608920203057,
                        1.1365785101502923,
                        -1.279877418010096,
                        -0.5680350247385193
                    ],
                    [
                        5.084370306371272e-08,
                        -4.845632668931544e-08,
                        1.0110139924365903e-06,
                        1.6413876225692006e-08,
                        2.5241834691794915e-07,
                        2.6517774851949354e-07,
                        3.080070189297394e-07,
                        5.802760023087628e-07
                    ],
                    [
                        -0.9739702576596492,
                        1.20871284249163,
                        1.641387622569214e-08,
                        2.3698208449180287,
                        3.97295868998991,
                        2.006133656008264,
                        -0.2848604140911897,
                        0.8382749424242686
                    ],
                    [
                        -2.0445385809218988,
                        2.784608920203057,
                        2.5241834691794894e-07,
                        3.97295868998991,
                        8.645663543253468,
                        4.764418478703432,
                        -1.2992721346326663,
                        1.9292813901380277
                    ],
                    [
                        -1.6408237412003632,
                        1.1365785101502923,
                        2.651777485194936e-07,
                        2.0061336560082634,
                        4.764418478703432,
                        4.504737491975827,
                        1.3577043870166914,
                        3.8213859218297914
                    ],
                    [
                        -0.30271001584258284,
                        -1.279877418010096,
                        3.0800701892973957e-07,
                        -0.2848604140911897,
                        -1.2992721346326663,
                        1.3577043870166916,
                        4.287538454484183,
                        4.3842996371277545
                    ],
                    [
                        -1.457228217136292,
                        -0.5680350247385193,
                        5.802760023087626e-07,
                        0.8382749424242686,
                        1.9292813901380277,
                        3.821385921829792,
                        4.3842996371277545,
                        7.521958140159516
                    ]
                ]
            },
            "est_tgt": [
                2
            ],
            "oracle_est_tgt": [
                2
            ]
        },
        "4": {
            "intv_type": "do",
            "inode": 4,
            "new_mui": 1.0,
            "new_vari": null,
            "noise_type": "gaussian",
            "obs_noise_gamma_shape": null,
            "true_params": {
                "Si": [
                    [
                        1.0,
                        -0.5794401895765816,
                        0.701602445308891,
                        -1.5806356602551026,
                        0.0,
                        0.8315862865491059,
                        -0.30766836397778796,
                        0.10395410293441448
                    ],
                    [
                        -0.5794401895765816,
                        1.335750933296545,
                        -0.4065366539171771,
                        1.5643081226339413,
                        0.0,
                        -1.6352141250785752,
                        -1.406275667578339,
                        -2.923629582360103
                    ],
                    [
                        0.701602445308891,
                        -0.4065366539171771,
                        1.4922459912634154,
                        -1.9702556266448745,
                        0.0,
                        1.660537362209266,
                        -0.4754713642756847,
                        -0.3638360007055613
                    ],
                    [
                        -1.5806356602551026,
                        1.5643081226339413,
                        -1.9702556266448745,
                        4.6606625763462075,
                        0.0,
                        -3.494812012166917,
                        -0.03409070248360169,
                        -2.169055474148678
                    ],
                    [
                        0.0,
                        0.0,
                        0.0,
                        0.0,
                        1e-09,
                        8.364527589371596e-10,
                        8.091005214040926e-11,
                        9.051310497985202e-10
                    ],
                    [
                        0.8315862865491059,
                        -1.6352141250785752,
                        1.660537362209266,
                        -3.494812012166917,
                        8.364527589371596e-10,
                        4.436763039332384,
                        2.124178518287626,
                        4.0388865917149595
                    ],
                    [
                        -0.30766836397778796,
                        -1.406275667578339,
                        -0.4754713642756847,
                        -0.03409070248360169,
                        8.091005214040926e-11,
                        2.124178518287626,
                        4.704226147015476,
                        6.18196538901221
                    ],
                    [
                        0.10395410293441448,
                        -2.923629582360103,
                        -0.3638360007055613,
                        -2.169055474148678,
                        9.051310497985202e-10,
                        4.0388865917149595,
                        6.18196538901221,
                        11.177618001828728
                    ]
                ],
                "mui": [
                    0.0,
                    0.0,
                    0.0,
                    0.0,
                    1.0,
                    0.8364527589371595,
                    0.08091005214040925,
                    0.9051310497985201
                ],
                "Ai": [
                    [
                        0.0,
                        0.0,
                        0.0,
                        0.0,
                        0.0,
                        0.0,
                        0.0,
                        0.0
                    ],
                    [
                        -0.5794401895765816,
                        0.0,
                        0.0,
                        0.0,
                        0.0,
                        0.0,
                        0.0,
                        0.0
                    ],
                    [
                        0.701602445308891,
                        0.0,
                        0.0,
                        0.0,
                        0.0,
                        0.0,
                        0.0,
                        0.0
                    ],
                    [
                        -0.6006379651232869,
                        0.6484242960042195,
                        -0.8612777822674611,
                        0.0,
                        0.0,
                        0.0,
                        0.0,
                        0.0
                    ],
                    [
                        0.0,
                        0.0,
                        0.0,
                        0.0,
                        0.0,
                        0.0,
                        0.0,
                        0.0
                    ],
                    [
                        -0.8956306757254839,
                        -0.8260134890563058,
                        0.6422927602977095,
                        -0.504833212623544,
                        0.8364527589371595,
                        0.0,
                        0.0,
                        0.0
                    ],
                    [
                        0.0,
                        -0.9628263622495499,
                        -0.6418347380945059,
                        0.7757758949617808,
                        -0.734798945109485,
                        0.9752003188875562,
                        0.0,
                        0.0
                    ],
                    [
                        -0.7972422245175559,
                        -0.9717890638553939,
                        -0.8747014144002798,
                        -0.7729585877538483,
                        0.8341346935862486,
                        0.0,
                        0.8774726295944812,
                        0.0
                    ]
                ]
            },
            "est_params": {
                "mui": [
                    -0.000492550611850499,
                    0.0015108222292428166,
                    0.001729644938187202,
                    0.001334436623183147,
                    0.999999831276448,
                    0.8380196380941852,
                    0.08166186941554296,
                    0.9007548222566626
                ],
                "Si": [
                    [
                        1.004217737152719,
                        -0.5831189274922113,
                        0.7059366948751165,
                        -1.5878123725655684,
                        5.0987801062299014e-08,
                        0.8406436063936867,
                        -0.302002159608268,
                        0.11601735936447005
                    ],
                    [
                        -0.5831189274922113,
                        1.3410375978007611,
                        -0.4125557128717059,
                        1.575239311746133,
                        4.068365728864227e-08,
                        -1.647531658424353,
                        -1.4132678573928408,
                        -2.9363018850507685
                    ],
                    [
                        0.7059366948751165,
                        -0.4125557128717059,
                        1.496746532771409,
                        -1.9829671486436566,
                        4.19085346635787e-08,
                        1.6709690654349323,
                        -0.4699545392561781,
                        -0.34795488500620503
                    ],
                    [
                        -1.5878123725655684,
                        1.5752393117461327,
                        -1.9829671486436564,
                        4.679704642979853,
                        -4.367975833360168e-07,
                        -3.522377487272384,
                        -0.051709101503218204,
                        -2.196224918418108
                    ],
                    [
                        5.098780106229906e-08,
                        4.0683657288642275e-08,
                        4.190853466357873e-08,
                        -4.36797583336017e-07,
                        1.0065022572818363e-06,
                        3.814029499251053e-07,
                        1.5511397175960222e-08,
                        1.2253464043115067e-07
                    ],
                    [
                        0.8406436063936867,
                        -1.647531658424353,
                        1.6709690654349325,
                        -3.522377487272384,
                        3.814029499251054e-07,
                        4.462982395622935,
                        2.1370193547204748,
                        4.067836780237198
                    ],
                    [
                        -0.30200215960826804,
                        -1.4132678573928408,
                        -0.4699545392561781,
                        -0.05170910150321822,
                        1.551139717596032e-08,
                        2.1370193547204748,
                        4.708070010878309,
                        6.191273579076513
                    ],
                    [
                        0.11601735936447005,
                        -2.9363018850507685,
                        -0.347954885006205,
                        -2.196224918418108,
                        1.2253464043115057e-07,
                        4.067836780237198,
                        6.191273579076513,
                        11.186304074328866
                    ]
                ]
            },
            "est_tgt": [
                4,
                5
            ],
            "oracle_est_tgt": [
                4,
                5
            ]
        },
        "7": {
            "intv_type": "do",
            "inode": 7,
            "new_mui": 1.0,
            "new_vari": null,
            "noise_type": "gaussian",
            "obs_noise_gamma_shape": null,
            "true_params": {
                "Si": [
                    [
                        1.0,
                        -0.5794401895765816,
                        0.701602445308891,
                        -1.5806356602551026,
                        -1.9416903301237665,
                        -0.7925459470845226,
                        -0.4647706298286304,
                        0.0
                    ],
                    [
                        -0.5794401895765816,
                        1.335750933296545,
                        -0.4065366539171771,
                        1.5643081226339413,
                        2.732814093381035,
                        0.6506557629923442,
                        -1.1851635367928344,
                        0.0
                    ],
                    [
                        0.701602445308891,
                        -0.4065366539171771,
                        1.4922459912634154,
                        -1.9702556266448745,
                        -1.202463946831936,
                        0.6547330763592274,
                        -0.5727627849108191,
                        0.0
                    ],
                    [
                        -1.5806356602551026,
                        1.5643081226339413,
                        -1.9702556266448745,
                        4.6606625763462075,
                        4.914047084409356,
                        0.6155562291343939,
                        0.3635051033363853,
                        0.0
                    ],
                    [
                        -1.9416903301237665,
                        2.732814093381035,
                        -1.202463946831936,
                        4.914047084409356,
                        8.26429036696814,
                        3.1412765321358656,
                        -1.0564610129331777,
                        0.0
                    ],
                    [
                        -0.7925459470845226,
                        0.6506557629923442,
                        0.6547330763592274,
                        0.6155562291343939,
                        3.1412765321358656,
                        3.909684533225133,
                        0.9353536520508549,
                        0.0
                    ],
                    [
                        -0.4647706298286304,
                        -1.1851635367928344,
                        -0.5727627849108191,
                        0.3635051033363853,
                        -1.0564610129331777,
                        0.9353536520508549,
                        4.47916786331376,
                        0.0
                    ],
                    [
                        0.0,
                        0.0,
                        0.0,
                        0.0,
                        0.0,
                        0.0,
                        0.0,
                        1e-09
                    ]
                ],
                "mui": [
                    0.0,
                    0.0,
                    0.0,
                    0.0,
                    0.0,
                    0.0,
                    0.0,
                    1.0
                ],
                "Ai": [
                    [
                        0.0,
                        0.0,
                        0.0,
                        0.0,
                        0.0,
                        0.0,
                        0.0,
                        0.0
                    ],
                    [
                        -0.5794401895765816,
                        0.0,
                        0.0,
                        0.0,
                        0.0,
                        0.0,
                        0.0,
                        0.0
                    ],
                    [
                        0.701602445308891,
                        0.0,
                        0.0,
                        0.0,
                        0.0,
                        0.0,
                        0.0,
                        0.0
                    ],
                    [
                        -0.6006379651232869,
                        0.6484242960042195,
                        -0.8612777822674611,
                        0.0,
                        0.0,
                        0.0,
                        0.0,
                        0.0
                    ],
                    [
                        -0.5575808573199954,
                        0.9981268715744323,
                        0.9695314327648143,
                        0.9401156196292586,
                        0.0,
                        0.0,
                        0.0,
                        0.0
                    ],
                    [
                        -0.8956306757254839,
                        -0.8260134890563058,
                        0.6422927602977095,
                        -0.504833212623544,
                        0.8364527589371595,
                        0.0,
                        0.0,
                        0.0
                    ],
                    [
                        0.0,
                        -0.9628263622495499,
                        -0.6418347380945059,
                        0.7757758949617808,
                        -0.734798945109485,
                        0.9752003188875562,
                        0.0,
                        0.0
                    ],
                    [
                        0.0,
                        0.0,
                        0.0,
                        0.0,
                        0.0,
                        0.0,
                        0.0,
                        0.0
                    ]
                ]
            },
            "est_params": {
                "mui": [
                    0.0024447342377338015,
                    -0.00041927817915359645,
                    0.005344493921698753,
                    -0.011189730444565405,
                    -0.006465065138741964,
                    0.00547251219038401,
                    -0.0028587991961455494,
                    1.0000002348139205
                ],
                "Si": [
                    [
                        0.9942979009610646,
                        -0.5792163730321035,
                        0.6963675096894785,
                        -1.5714206009713156,
                        -1.9370833151109434,
                        -0.792767120165491,
                        -0.4564455561977827,
                        -2.3481526099668624e-07
                    ],
                    [
                        -0.5792163730321035,
                        1.3368788996608902,
                        -0.4077628966669048,
                        1.5656298293547917,
                        2.7382323774785826,
                        0.6514617320006262,
                        -1.1892394443175176,
                        3.7425095630944995e-08
                    ],
                    [
                        0.6963675096894784,
                        -0.4077628966669048,
                        1.4862692847530687,
                        -1.9625202250097227,
                        -1.2017066630833046,
                        0.6536317351186919,
                        -0.5628730600351137,
                        2.4855142108218308e-09
                    ],
                    [
                        -1.5714206009713154,
                        1.5656298293547917,
                        -1.9625202250097227,
                        4.647279806174965,
                        4.911695743489353,
                        0.6191427269205718,
                        0.351994267097235,
                        5.079237313543508e-08
                    ],
                    [
                        -1.9370833151109434,
                        2.7382323774785826,
                        -1.2017066630833046,
                        4.911695743489353,
                        8.277633980068117,
                        3.148658682335256,
                        -1.0700698392809318,
                        1.0726786128123495e-07
                    ],
                    [
                        -0.792767120165491,
                        0.6514617320006262,
                        0.6536317351186919,
                        0.6191427269205717,
                        3.148658682335256,
                        3.9135479707536818,
                        0.933123628772811,
