{
    "expt_args": {
        "save_dir": "all_expt_logs/expt_logs_sim_compsel_backwardbugfixed_cameraready_half",
        "exp_name": "316",
        "num_nodes": 6,
        "num_tgt_prior": 7,
        "obs_noise_mean": 0.0,
        "obs_noise_var": 1.0,
        "obs_noise_gamma_shape": null,
        "noise_type": "gaussian",
        "max_edge_strength": 1.0,
        "graph_sparsity_method": "adj_dense_prop",
        "adj_dense_prop": 0.8,
        "num_parents": null,
        "new_noise_mean": 1.0,
        "mix_samples": 262144,
        "stage2_samples": 262144,
        "gmm_tol": 0.001,
        "intv_type": "do",
        "new_noise_var": null,
        "dtype": "simulation",
        "cutoff_drop_ratio": 0.07,
        "intv_targets": [
            4,
            0,
            3
        ]
    },
    "intv_args_dict": {
        "4": {
            "intv_type": "do",
            "inode": 4,
            "new_mui": 1.0,
            "new_vari": null,
            "noise_type": "gaussian",
            "obs_noise_gamma_shape": null,
            "true_params": {
                "Si": [
                    [
                        1.0,
                        0.0,
                        0.8916957741740134,
                        -0.9371105577691043,
                        0.0,
                        -0.9918839873392112
                    ],
                    [
                        0.0,
                        1.0,
                        0.678887184182665,
                        0.6894034470470571,
                        0.0,
                        1.5045936752283526
                    ],
                    [
                        0.8916957741740134,
                        0.678887184182665,
                        2.2560091625272607,
                        -0.36759035936496337,
                        0.0,
                        0.6449625927636762
                    ],
                    [
                        -0.9371105577691043,
                        0.6894034470470571,
                        -0.36759035936496337,
                        2.3534533102826867,
                        0.0,
                        2.7601001244248504
                    ],
                    [
                        0.0,
                        0.0,
                        0.0,
                        0.0,
                        1e-09,
                        -8.018763277185737e-10
                    ],
                    [
                        -0.9918839873392112,
                        1.5045936752283526,
                        0.6449625927636762,
                        2.7601001244248504,
                        -8.018763277185737e-10,
                        5.135033058052649
                    ]
                ],
                "mui": [
                    0.0,
                    0.0,
                    0.0,
                    0.0,
                    1.0,
                    -0.8018763277185736
                ],
                "Ai": [
                    [
                        0.0,
                        0.0,
                        0.0,
                        0.0,
                        0.0,
                        0.0
                    ],
                    [
                        -0.0,
                        0.0,
                        0.0,
                        0.0,
                        0.0,
                        0.0
                    ],
                    [
                        0.8916957741740134,
                        0.678887184182665,
                        0.0,
                        0.0,
                        0.0,
                        0.0
                    ],
                    [
                        -0.9371105577691043,
                        0.6894034470470571,
                        -0.0,
                        0.0,
                        0.0,
                        0.0
                    ],
                    [
                        0.0,
                        0.0,
                        0.0,
                        0.0,
                        0.0,
                        0.0
                    ],
                    [
                        -0.7014090092096923,
                        0.6128183208825437,
                        0.5079719892300979,
                        0.7933231016995324,
                        -0.8018763277185736,
                        0.0
                    ]
                ]
            },
            "est_params": {
                "mui": [
                    -0.0022535666773152107,
                    0.008538260510084333,
                    0.004174551146001868,
                    0.00810648147837674,
                    0.9999996048145655,
                    -0.7780006184275805
                ],
                "Si": [
                    [
                        1.0002260429114804,
                        0.0016260602619950601,
                        0.8911382358683835,
                        -0.9434804108943818,
                        -1.09548768856471e-06,
                        -0.997996354662631
                    ],
                    [
                        0.0016260602619950584,
                        0.9960578822252428,
                        0.6736725512500273,
                        0.6809962877556858,
                        -3.0673484404175644e-07,
                        1.5005306408594505
                    ],
                    [
                        0.8911382358683834,
                        0.6736725512500273,
                        2.2422318030453585,
                        -0.38897142571382964,
                        -1.1228989164012727e-06,
                        0.6210648720706814
                    ],
                    [
                        -0.9434804108943821,
                        0.6809962877556858,
                        -0.38897142571382964,
                        2.344121275505212,
                        1.0055608095793237e-06,
                        2.753934614687877
                    ],
                    [
                        -1.09548768856471e-06,
                        -3.0673484404175644e-07,
                        -1.1228989164012727e-06,
                        1.0055608095793237e-06,
                        1.0094594305567745e-06,
                        8.776049461926637e-07
                    ],
                    [
                        -0.997996354662631,
                        1.5005306408594505,
                        0.6210648720706814,
                        2.753934614687877,
                        8.776049461926637e-07,
                        5.130113345337957
                    ]
                ]
            },
            "est_tgt": [
                4
            ],
            "oracle_est_tgt": [
                4
            ]
        },
        "0": {
            "intv_type": "do",
            "inode": 0,
            "new_mui": 1.0,
            "new_vari": null,
            "noise_type": "gaussian",
            "obs_noise_gamma_shape": null,
            "true_params": {
                "Si": [
                    [
                        1e-09,
                        0.0,
                        8.916957741740135e-10,
                        -9.371105577691043e-10,
                        7.489924403456502e-10,
                        -1.5924832948925542e-09
                    ],
                    [
                        0.0,
                        1.0,
                        0.678887184182665,
                        0.6894034470470571,
                        -0.6373837511135957,
                        2.015696616918812
                    ],
                    [
                        8.916957741740135e-10,
                        0.678887184182665,
                        1.460887809642589,
                        0.4680271640959821,
                        0.29949235625674203,
                        1.2892655210455235
                    ],
                    [
                        -9.371105577691043e-10,
                        0.6894034470470571,
                        0.4680271640959821,
                        1.4752771136785408,
                        -1.1358907882860634,
                        2.7414391027368485
                    ],
                    [
                        7.489924403456502e-10,
                        -0.6373837511135957,
                        0.29949235625674203,
                        -1.1358907882860634,
                        2.4274599096458274,
                        -3.0861177540595377
                    ],
                    [
                        -1.5924832948925542e-09,
                        2.015696616918812,
                        1.2892655210455235,
                        2.7414391027368485,
                        -3.0861177540595377,
                        7.539698332313
                    ]
                ],
                "mui": [
                    1.0,
                    0.0,
                    0.8916957741740134,
                    -0.9371105577691043,
                    0.7489924403456502,
                    -1.592483294892554
                ],
                "Ai": [
                    [
                        0.0,
                        0.0,
                        0.0,
                        0.0,
                        0.0,
                        0.0
                    ],
                    [
                        -0.0,
                        0.0,
                        0.0,
                        0.0,
                        0.0,
                        0.0
                    ],
                    [
                        0.8916957741740134,
                        0.678887184182665,
                        0.0,
                        0.0,
                        0.0,
                        0.0
                    ],
                    [
                        -0.9371105577691043,
                        0.6894034470470571,
                        -0.0,
                        0.0,
                        0.0,
                        0.0
                    ],
                    [
                        -0.5565860169087122,
                        -0.6543145580748903,
                        0.7322040156261622,
                        -0.6964762324746784,
                        0.0,
                        0.0
                    ],
                    [
                        -0.7014090092096923,
                        0.6128183208825437,
                        0.5079719892300979,
                        0.7933231016995324,
                        -0.8018763277185736,
                        0.0
                    ]
                ]
            },
            "est_params": {
                "mui": [
                    1.0000005517058883,
                    -0.007680597005044877,
                    0.8817197430591271,
                    -0.9462450475918321,
                    0.757967823084055,
                    -1.6105873899502396
                ],
                "Si": [
                    [
                        1.01098594317488e-06,
                        -3.2405663722434026e-07,
                        7.995445505499405e-07,
                        -4.833146226674627e-07,
                        1.4970340216326526e-06,
                        -1.6671318383336816e-06
                    ],
                    [
                        -3.240566372243402e-07,
                        1.0045754468475616,
                        0.6756475648207755,
                        0.6914276558390632,
                        -0.6472013170772313,
                        2.033759408479007
                    ],
                    [
                        7.995445505499405e-07,
                        0.6756475648207755,
                        1.4572607072737125,
                        0.4634314185568231,
                        0.30252248103812207,
                        1.2912816562891967
                    ],
                    [
                        -4.833146226674626e-07,
                        0.6914276558390632,
                        0.4634314185568231,
                        1.4788152914783066,
                        -1.1420709467058843,
                        2.7505167277198534
                    ],
                    [
                        1.4970340216326524e-06,
                        -0.6472013170772313,
                        0.30252248103812207,
                        -1.1420709467058843,
                        2.449713540878817,
                        -3.1077839205358373
                    ],
                    [
                        -1.6671318383336816e-06,
                        2.0337594084790074,
                        1.2912816562891967,
                        2.7505167277198534,
                        -3.1077839205358373,
                        7.59501577523594
                    ]
                ]
            },
            "est_tgt": [
                0
            ],
            "oracle_est_tgt": [
                0
            ]
        },
        "3": {
            "intv_type": "do",
            "inode": 3,
            "new_mui": 1.0,
            "new_vari": null,
            "noise_type": "gaussian",
            "obs_noise_gamma_shape": null,
            "true_params": {
                "Si": [
                    [
                        1.0,
                        0.0,
                        0.8916957741740134,
                        0.0,
                        0.09631720965837987,
                        -0.32568702339140815
                    ],
                    [
                        0.0,
                        1.0,
                        0.678887184182665,
                        0.0,
                        -0.15723063565920492,
                        1.0837535190218923
                    ],
                    [
                        0.8916957741740134,
                        0.678887184182665,
                        2.2560091625272607,
                        0.0,
                        0.7113478009488439,
                        0.3661675544543929
                    ],
                    [
                        0.0,
                        0.0,
                        0.0,
                        1e-09,
                        -6.964762324746784e-10,
                        1.3518109053395952e-09
                    ],
                    [
                        0.09631720965837987,
                        -0.15723063565920492,
                        0.7113478009488439,
                        -6.964762324746784e-10,
                        1.5701211986503303,
                        -1.0616098366491982
                    ],
                    [
                        -0.32568702339140815,
                        1.0837535190218923,
                        0.3661675544543929,
                        1.3518109053395952e-09,
                        -1.0616098366491982,
                        2.9298664835492803
                    ]
                ],
                "mui": [
                    0.0,
                    0.0,
                    0.0,
                    1.0,
                    -0.6964762324746784,
                    1.351810905339595
                ],
                "Ai": [
                    [
                        0.0,
                        0.0,
                        0.0,
                        0.0,
                        0.0,
                        0.0
                    ],
                    [
                        -0.0,
                        0.0,
                        0.0,
                        0.0,
                        0.0,
                        0.0
                    ],
                    [
                        0.8916957741740134,
                        0.678887184182665,
                        0.0,
                        0.0,
                        0.0,
                        0.0
                    ],
                    [
                        0.0,
                        0.0,
                        0.0,
                        0.0,
                        0.0,
                        0.0
                    ],
                    [
                        -0.5565860169087122,
                        -0.6543145580748903,
                        0.7322040156261622,
                        -0.6964762324746784,
                        0.0,
                        0.0
                    ],
                    [
                        -0.7014090092096923,
                        0.6128183208825437,
                        0.5079719892300979,
                        0.7933231016995324,
                        -0.8018763277185736,
                        0.0
                    ]
                ]
            },
            "est_params": {
                "mui": [
                    0.0031836115497495695,
                    0.002591188162841715,
                    0.0037783826889608244,
                    0.999999800906874,
                    -0.7024342288726493,
                    1.3573678747797644
                ],
                "Si": [
                    [
                        1.001376230177218,
                        0.004003755961395328,
                        0.8928934589656732,
                        6.520518198185473e-07,
                        0.09827801493866344,
                        -0.3253827063618955
                    ],
                    [
                        0.00400375596139533,
                        1.0056408884990067,
                        0.6800956325677046,
                        -1.9909994619426316e-07,
                        -0.16025546737804242,
                        1.0921589871095345
                    ],
                    [
                        0.8928934589656732,
                        0.6800956325677046,
                        2.257188587623637,
                        1.284624717857803e-08,
                        0.7084821038604256,
                        0.37410329170159246
                    ],
                    [
                        6.520518198185471e-07,
                        -1.990999461942631e-07,
                        1.2846247178578135e-08,
                        1.0078147546786763e-06,
                        4.451932999518052e-09,
                        -6.353998792726294e-07
                    ],
                    [
                        0.09827801493866345,
                        -0.16025546737804244,
                        0.7084821038604256,
                        4.4519329995178936e-09,
                        1.5610425443046352,
                        -1.0599651399500443
                    ],
                    [
                        -0.3253827063618955,
                        1.0921589871095345,
                        0.37410329170159246,
                        -6.353998792726294e-07,
                        -1.0599651399500443,
                        2.9401903622087016
                    ]
                ]
            },
            "est_tgt": [
                3
            ],
            "oracle_est_tgt": [
                3
            ]
        },
        "obs": {
            "intv_type": "obs",
            "noise_type": "gaussian",
            "obs_noise_gamma_shape": null,
            "true_params": {
                "Si": [
                    [
                        1.0,
                        0.0,
                        0.8916957741740134,
                        -0.9371105577691043,
                        0.7489924403456502,
                        -1.592483294892554
                    ],
                    [
                        0.0,
                        1.0,
                        0.678887184182665,
                        0.6894034470470571,
                        -0.6373837511135957,
                        2.015696616918812
                    ],
                    [
                        0.8916957741740134,
                        0.678887184182665,
                        2.2560091625272607,
                        -0.36759035936496337,
                        0.9673657495333667,
                        -0.13074510203286535
                    ],
                    [
                        -0.9371105577691043,
                        0.6894034470470571,
                        -0.36759035936496337,
                        2.3534533102826867,
                        -1.8377795111213295,
                        4.2337720099592575
                    ],
                    [
                        0.7489924403456502,
                        -0.6373837511135957,
                        0.9673657495333667,
                        -1.8377795111213295,
                        2.98844958477977,
                        -4.278875702118036
                    ],
                    [
                        -1.592483294892554,
                        2.015696616918812,
                        -0.13074510203286535,
                        4.2337720099592575,
                        -4.278875702118036,
                        10.07570137428884
                    ]
                ],
                "mui": [
                    0.0,
                    0.0,
                    0.0,
                    0.0,
                    0.0,
                    0.0
                ],
                "Ai": [
                    [
                        0.0,
                        0.0,
                        0.0,
                        0.0,
                        0.0,
                        0.0
                    ],
                    [
                        -0.0,
                        0.0,
                        0.0,
                        0.0,
                        0.0,
                        0.0
                    ],
                    [
                        0.8916957741740134,
                        0.678887184182665,
                        0.0,
                        0.0,
                        0.0,
                        0.0
                    ],
                    [
                        -0.9371105577691043,
                        0.6894034470470571,
                        -0.0,
                        0.0,
                        0.0,
                        0.0
                    ],
                    [
                        -0.5565860169087122,
                        -0.6543145580748903,
                        0.7322040156261622,
                        -0.6964762324746784,
                        0.0,
                        0.0
                    ],
                    [
                        -0.7014090092096923,
                        0.6128183208825437,
                        0.5079719892300979,
                        0.7933231016995324,
                        -0.8018763277185736,
                        0.0
                    ]
                ]
            },
            "est_params": {
                "mui": [
                    -0.004137627849428095,
                    0.005087457087529656,
                    -0.003385619590855061,
                    0.002913643933702,
                    -0.004947094291675041,
                    0.010363644309628672
                ],
                "Si": [
                    [
                        0.993276381621405,
                        -0.0027122779586320716,
                        0.880648482171654,
                        -0.9374373796935389,
                        0.7492185972742502,
                        -1.5964766459723396
                    ],
                    [
                        -0.00271227795863207,
                        1.003290750512149,
                        0.6803265787376652,
                        0.6926783656195387,
                        -0.6392069699473639,
                        2.029452689199071
                    ],
                    [
                        0.880648482171654,
                        0.6803265787376652,
                        2.2383140581271475,
                        -0.3556693174204112,
                        0.9543946702467485,
                        -0.11768225650371274
                    ],
                    [
                        -0.9374373796935389,
                        0.6926783656195387,
                        -0.3556693174204112,
                        2.35119088997399,
                        -1.8281249629412213,
                        4.242315330396604
                    ],
                    [
                        0.7492185972742502,
                        -0.6392069699473639,
                        0.9543946702467485,
                        -1.8281249629412213,
                        2.969863403911128,
                        -4.2743118364925
                    ],
                    [
                        -1.5964766459723396,
                        2.029452689199071,
                        -0.11768225650371274,
                        4.242315330396604,
                        -4.2743118364925,
                        10.116848601352656
                    ]
                ]
            },
            "est_tgt": [
                0,
                1,
                2,
                3,
                4,
                5
            ],
            "oracle_est_tgt": [
                0,
                1,
                2,
                3,
                4,
                5
            ]
        }
    },
    "metric_dict": {
        "param_est_rel_err": 0.9823068442017582,
        "est_num_comp": 4,
        "weight_precision_error": 0.001540507470728092,
        "gm_score_dict": {
            "1": -8.703317464141659,
            "2": -8.587228469837592,
            "3": -5.8663391146157995,
            "4": -4.339329364630281,
            "5": -4.339810595927687,
            "6": -4.340002148103395,
            "7": -4.3401630669302795
        },
        "est_dag": {
            "amat": [
                [
                    0,
                    0,
                    1,
                    1,
                    1,
                    1
                ],
                [
                    0,
                    0,
                    1,
                    1,
                    1,
                    1
                ],
                [
                    0,
                    0,
                    0,
                    0,
                    1,
                    1
                ],
                [
                    0,
                    0,
                    0,
                    0,
                    1,
                    1
                ],
                [
                    0,
                    0,
                    0,
                    0,
                    0,
                    1
                ],
                [
                    0,
                    0,
                    0,
                    0,
                    0,
                    0
                ]
            ],
            "nodes": [
                0,
                1,
                2,
                3,
                4,
                5
            ]
        },
        "oracle_est_dag": {
            "amat": [
                [
                    0,
                    0,
                    1,
                    1,
                    1,
                    1
                ],
                [
                    0,
                    0,
                    1,
                    1,
                    1,
                    1
                ],
                [
                    0,
                    0,
                    0,
                    0,
                    1,
                    1
                ],
                [
                    0,
                    0,
                    0,
                    0,
                    1,
                    1
                ],
                [
                    0,
                    0,
                    0,
                    0,
                    0,
                    1
                ],
                [
                    0,
                    0,
                    0,
                    0,
                    0,
                    0
                ]
            ],
            "nodes": [
                0,
                1,
                2,
                3,
                4,
                5
            ]
        },
        "igsp_dag": null,
        "intv_base_est_dag": null,
        "act_dag": {
            "amat": [
                [
                    0,
                    0,
                    1,
                    1,
                    1,
                    1
                ],
                [
                    0,
                    0,
                    1,
                    1,
                    1,
                    1
                ],
                [
                    0,
                    0,
                    0,
                    0,
                    1,
                    1
                ],
                [
                    0,
                    0,
                    0,
                    0,
                    1,
                    1
                ],
                [
                    0,
                    0,
                    0,
                    0,
                    0,
                    1
                ],
                [
                    0,
                    0,
                    0,
                    0,
                    0,
                    0
                ]
            ],
            "nodes": [
                0,
                1,
                2,
                3,
                4,
                5
            ]
        },
        "shd": 0,
        "oracle_shd": 0,
        "intv_base_shd": null,
        "igsp_shd": null,
        "avg_js": 0.75,
        "avg_oracle_js": 0.75
    }
}