{
    "expt_args": {
        "save_dir": "all_expt_logs/expt_logs_sim_compsel_backwardbugfixed_cameraready_half",
        "exp_name": "320",
        "num_nodes": 8,
        "num_tgt_prior": 9,
        "obs_noise_mean": 0.0,
        "obs_noise_var": 1.0,
        "obs_noise_gamma_shape": null,
        "noise_type": "gaussian",
        "max_edge_strength": 1.0,
        "graph_sparsity_method": "adj_dense_prop",
        "adj_dense_prop": 0.8,
        "num_parents": null,
        "new_noise_mean": 1.0,
        "mix_samples": 2048,
        "stage2_samples": 2048,
        "gmm_tol": 0.001,
        "intv_type": "do",
        "new_noise_var": null,
        "dtype": "simulation",
        "cutoff_drop_ratio": 0.07,
        "intv_targets": [
            5,
            0,
            3,
            1
        ]
    },
    "intv_args_dict": {
        "5": {
            "intv_type": "do",
            "inode": 5,
            "new_mui": 1.0,
            "new_vari": null,
            "noise_type": "gaussian",
            "obs_noise_gamma_shape": null,
            "true_params": {
                "Si": [
                    [
                        1.0,
                        0.5171673194149011,
                        1.1404904521453543,
                        0.7065107566616085,
                        -2.1237786548788007,
                        0.0,
                        1.3479370002425506,
                        -0.8271296642492422
                    ],
                    [
                        0.5171673194149011,
                        1.2674620362707945,
                        1.5301838604577693,
                        0.5932290552677035,
                        -2.8374449458138953,
                        0.0,
                        3.116205489410161,
                        -1.702441022951634
                    ],
                    [
                        1.1404904521453543,
                        1.5301838604577693,
                        3.184994405200277,
                        0.4845509985027727,
                        -4.901865700956881,
                        0.0,
                        5.584863617324334,
                        -3.632927350475979
                    ],
                    [
                        0.7065107566616085,
                        0.5932290552677035,
                        0.4845509985027727,
                        1.8378028535494417,
                        -1.4445939599809532,
                        0.0,
                        -0.2555180174862891,
                        0.04627193851804047
                    ],
                    [
                        -2.1237786548788007,
                        -2.8374449458138953,
                        -4.901865700956881,
                        -1.4445939599809532,
                        9.247802505373734,
                        0.0,
                        -9.150641594619149,
                        5.196932819802166
                    ],
                    [
                        0.0,
                        0.0,
                        0.0,
                        0.0,
                        0.0,
                        1e-09,
                        6.592009293093482e-10,
                        4.593901881742469e-12
                    ],
                    [
                        1.3479370002425506,
                        3.116205489410161,
                        5.584863617324334,
                        -0.2555180174862891,
                        -9.150641594619149,
                        6.592009293093482e-10,
                        12.808444614467565,
                        -7.882042235283196
                    ],
                    [
                        -0.8271296642492422,
                        -1.702441022951634,
                        -3.632927350475979,
                        0.04627193851804047,
                        5.196932819802166,
                        4.593901881742469e-12,
                        -7.882042235283196,
                        6.4732035732135875
                    ]
                ],
                "mui": [
                    0.0,
                    0.0,
                    0.0,
                    0.0,
                    0.0,
                    1.0,
                    0.6592009293093481,
                    0.004593901881742468
                ],
                "Ai": [
                    [
                        0.0,
                        0.0,
                        0.0,
                        0.0,
                        0.0,
                        0.0,
                        0.0,
                        0.0
                    ],
                    [
                        0.5171673194149011,
                        0.0,
                        0.0,
                        0.0,
                        0.0,
                        0.0,
                        0.0,
                        0.0
                    ],
                    [
                        0.6541672654986601,
                        0.9403594705034679,
                        0.0,
                        0.0,
                        0.0,
                        0.0,
                        0.0,
                        0.0
                    ],
                    [
                        0.9389662948396185,
                        0.7313826133686168,
                        -0.5354737715267512,
                        0.0,
                        0.0,
                        0.0,
                        0.0,
                        0.0
                    ],
                    [
                        -0.6720347794608429,
                        -0.9451119771500812,
                        -0.8443409989420977,
                        -0.0,
                        0.0,
                        0.0,
                        0.0,
                        0.0
                    ],
                    [
                        0.0,
                        0.0,
                        0.0,
                        0.0,
                        0.0,
                        0.0,
                        0.0,
                        0.0
                    ],
                    [
                        -0.6949807431685073,
                        0.7923162391977079,
                        0.8459502792279011,
                        -0.8097759582885042,
                        -0.5840885930246565,
                        0.6592009293093481,
                        0.0,
                        0.0
                    ],
                    [
                        0.0,
                        0.7662214933477581,
                        -0.6414480547118523,
                        -0.656121009672104,
                        -0.5971273430758441,
                        0.6386099058391452,
                        -0.9617947666148895,
                        0.0
                    ]
                ]
            },
            "est_params": {
                "mui": [
                    0.056413640366915555,
                    -0.06420303781976412,
                    0.015074334425718434,
                    0.008945815147406964,
                    0.06660623154098848,
                    0.9999984524293715,
                    0.5176576678697968,
                    0.09456107125818507
                ],
                "Si": [
                    [
                        1.014325559228894,
                        0.5409088210096392,
                        1.2594594861198298,
                        0.6538165727921029,
                        -2.2296847658412373,
                        -9.954329369085002e-08,
                        1.5688928300380025,
                        -1.0231111742950683
                    ],
                    [
                        0.5409088210096392,
                        1.2020635815238092,
                        1.540698390915303,
                        0.6118391504372684,
                        -2.765042882736292,
                        2.168919576655915e-06,
                        3.0171455023482916,
                        -1.7593633931190151
                    ],
                    [
                        1.2594594861198298,
                        1.540698390915303,
                        3.3842060419074755,
                        0.5036333593249034,
                        -5.0545612199197905,
                        4.7249068379188094e-07,
                        5.785345191305496,
                        -3.9631086844124446
                    ],
                    [
                        0.6538165727921029,
                        0.6118391504372684,
                        0.5036333593249034,
                        1.838709361286965,
                        -1.4119316580642691,
                        1.0057039516633576e-07,
                        -0.1877700764789333,
                        -0.06360063403770355
                    ],
                    [
                        -2.2296847658412373,
                        -2.765042882736292,
                        -5.0545612199197905,
                        -1.4119316580642691,
                        9.278132776439781,
                        -2.4410414346799364e-06,
                        -9.183249136600605,
                        5.49179640454673
                    ],
                    [
                        -9.954329369084976e-08,
                        2.168919576655915e-06,
                        4.7249068379188015e-07,
                        1.0057039516633589e-07,
                        -2.4410414346799364e-06,
                        1.0013623330411388e-06,
                        3.7592506759358254e-06,
                        -1.6112483175511315e-06
                    ],
                    [
                        1.5688928300380025,
                        3.0171455023482916,
                        5.785345191305497,
                        -0.1877700764789333,
                        -9.183249136600605,
                        3.7592506759358254e-06,
                        12.639019376018618,
                        -8.041919029290316
                    ],
                    [
                        -1.0231111742950685,
                        -1.7593633931190151,
                        -3.9631086844124446,
                        -0.06360063403770362,
                        5.49179640454673,
                        -1.611248317551131e-06,
                        -8.041919029290316,
                        6.759962254113831
                    ]
                ]
            },
            "est_tgt": [
                3,
                5
            ],
            "oracle_est_tgt": [
                5
            ]
        },
        "0": {
            "intv_type": "do",
            "inode": 0,
            "new_mui": 1.0,
            "new_vari": null,
            "noise_type": "gaussian",
            "obs_noise_gamma_shape": null,
            "true_params": {
                "Si": [
                    [
                        1e-09,
                        5.171673194149012e-10,
                        1.1404904521453543e-09,
                        7.065107566616085e-10,
                        -2.123778654878801e-09,
                        2.832096717067872e-09,
                        3.214857788027646e-09,
                        -8.141192898114277e-10
                    ],
                    [
                        5.171673194149012e-10,
                        1.000000000267462,
                        0.9403594710932923,
                        0.22784478147261034,
                        -1.7390960329379903,
                        1.9812637312642738,
                        3.7251474178079835,
                        -1.2655748609277875
                    ],
                    [
                        1.1404904521453543e-09,
                        0.9403594710932923,
                        1.884275935066281,
                        -0.3212177730020128,
                        -2.4797164250196544,
                        2.6553142634295313,
                        5.797939970052679,
                        -2.677395613465473
                    ],
                    [
                        7.065107566616085e-10,
                        0.22784478147261034,
                        -0.3212177730020128,
                        1.3386454047700407,
                        0.05587850295876874,
                        1.0062472592790614,
                        -0.5445308780757582,
                        0.6352705440575592
                    ],
                    [
                        -2.123778654878801e-09,
                        -1.7390960329379903,
                        -2.4797164250196544,
                        0.05587850295876874,
                        4.737366734965362,
                        -4.664967840139038,
                        -9.363072903663255,
                        3.418862091270115
                    ],
                    [
                        2.832096717067872e-09,
                        1.9812637312642738,
                        2.6553142634295313,
                        1.0062472592790614,
                        -4.664967840139038,
                        6.81452918312927,
                        10.218114902950601,
                        -3.535703028213134
                    ],
                    [
                        3.214857788027646e-09,
                        3.7251474178079835,
                        5.797939970052679,
                        -0.5445308780757582,
                        -9.363072903663255,
                        10.218114902950601,
                        21.501866659027254,
                        -9.071557731279174
                    ],
                    [
                        -8.141192898114277e-10,
                        -1.2655748609277875,
                        -2.677395613465473,
                        0.6352705440575592,
                        3.418862091270115,
                        -3.535703028213134,
                        -9.071557731279174,
                        5.756430933449941
                    ]
                ],
                "mui": [
                    1.0,
                    0.5171673194149011,
                    1.1404904521453543,
                    0.7065107566616085,
                    -2.1237786548788007,
                    2.8320967170678717,
                    3.2148577880276457,
                    -0.8141192898114276
                ],
                "Ai": [
                    [
                        0.0,
                        0.0,
                        0.0,
                        0.0,
                        0.0,
                        0.0,
                        0.0,
                        0.0
                    ],
                    [
                        0.5171673194149011,
                        0.0,
                        0.0,
                        0.0,
                        0.0,
                        0.0,
                        0.0,
                        0.0
                    ],
                    [
                        0.6541672654986601,
                        0.9403594705034679,
                        0.0,
                        0.0,
                        0.0,
                        0.0,
                        0.0,
                        0.0
                    ],
                    [
                        0.9389662948396185,
                        0.7313826133686168,
                        -0.5354737715267512,
                        0.0,
                        0.0,
                        0.0,
                        0.0,
                        0.0
                    ],
                    [
                        -0.6720347794608429,
                        -0.9451119771500812,
                        -0.8443409989420977,
                        -0.0,
                        0.0,
                        0.0,
                        0.0,
                        0.0
                    ],
                    [
                        0.0,
                        0.0,
                        0.8516857047231495,
                        0.9790365543026852,
                        -0.5504610582355551,
                        0.0,
                        0.0,
                        0.0
                    ],
                    [
                        -0.6949807431685073,
                        0.7923162391977079,
                        0.8459502792279011,
                        -0.8097759582885042,
                        -0.5840885930246565,
                        0.6592009293093481,
                        0.0,
                        0.0
                    ],
                    [
                        0.0,
                        0.7662214933477581,
                        -0.6414480547118523,
                        -0.656121009672104,
                        -0.5971273430758441,
                        0.6386099058391452,
                        -0.9617947666148895,
                        0.0
                    ]
                ]
            },
            "est_params": {
                "mui": [
                    1.0000008544750747,
                    0.5889286155972557,
                    1.187459173601886,
                    0.7640617679981481,
                    -2.2183193463777746,
                    3.019719181842718,
                    3.4198328591986336,
                    -0.8983603988411967
                ],
                "Si": [
                    [
                        1.0021950684975525e-06,
                        2.2592423433352797e-06,
                        3.505374441689425e-06,
                        -1.5173290278899765e-06,
                        -5.755184722294013e-06,
                        6.801569689992344e-06,
                        1.1537629459505674e-05,
                        -2.171691929345703e-06
                    ],
                    [
                        2.25924234333528e-06,
                        0.9673820843417049,
                        0.958463312908307,
                        0.19912136692685617,
                        -1.6447535151334427,
                        1.9026455063228118,
                        3.6729302007324702,
                        -1.361168028321625
                    ],
                    [
                        3.5053744416894245e-06,
                        0.958463312908307,
                        2.02654188974676,
                        -0.35779752889204497,
                        -2.4766110649178343,
                        2.6217173155102844,
                        5.90111941779157,
                        -2.832597023599337
                    ],
                    [
                        -1.5173290278899763e-06,
                        0.19912136692685617,
                        -0.35779752889204497,
                        1.3033756244391883,
                        0.06436855478663234,
                        0.9753841988810522,
                        -0.5995924538512274,
                        0.6805031282955201
                    ],
                    [
                        -5.755184722294012e-06,
                        -1.6447535151334427,
                        -2.4766110649178343,
                        0.06436855478663232,
                        4.483247173012226,
                        -4.334760536552741,
                        -8.95226469644063,
                        3.497859204130596
                    ],
                    [
                        6.801569689992341e-06,
                        1.9026455063228114,
                        2.6217173155102844,
                        0.9753841988810521,
                        -4.334760536552741,
                        6.534755824808978,
                        9.76560186427438,
                        -3.449841317100689
                    ],
                    [
                        1.1537629459505672e-05,
                        3.6729302007324702,
                        5.90111941779157,
                        -0.5995924538512274,
                        -8.95226469644063,
                        9.76560186427438,
                        20.981274036789017,
                        -9.097239654351771
                    ],
                    [
                        -2.171691929345703e-06,
                        -1.361168028321625,
                        -2.8325970235993365,
                        0.6805031282955202,
                        3.497859204130596,
                        -3.449841317100689,
                        -9.097239654351771,
                        5.651599844448794
                    ]
                ]
            },
            "est_tgt": [
                0,
                1,
                3,
                4,
                5,
                6,
                7
            ],
            "oracle_est_tgt": [
                0,
                1,
                3,
                4,
                6,
                7
            ]
        },
        "3": {
            "intv_type": "do",
            "inode": 3,
            "new_mui": 1.0,
            "new_vari": null,
            "noise_type": "gaussian",
            "obs_noise_gamma_shape": null,
            "true_params": {
                "Si": [
                    [
                        1.0,
                        0.5171673194149011,
                        1.1404904521453543,
                        0.0,
                        -2.1237786548788007,
                        2.140396860288108,
                        3.3310040246520725,
                        -0.9039979617608744
                    ],
                    [
                        0.5171673194149011,
                        1.2674620362707945,
                        1.5301838604577693,
                        0.0,
                        -2.8374449458138953,
                        2.865138667107809,
                        5.485290188081764,
                        -1.762078306674509
                    ],
                    [
                        1.1404904521453543,
                        1.5301838604577693,
                        3.184994405200277,
                        0.0,
                        -4.901865700956881,
                        5.410900385609581,
                        9.544111929070715,
                        -3.6675329803080903
                    ],
                    [
                        0.0,
                        0.0,
                        0.0,
                        1e-09,
                        0.0,
                        9.790365543026853e-10,
                        -1.6439415186435203e-10,
                        1.272148670094422e-10
                    ],
                    [
                        -2.1237786548788007,
                        -2.8374449458138953,
                        -4.901865700956881,
                        0.0,
                        9.247802505373734,
                        -9.26540409743914,
                        -16.428202044359033,
                        5.331645088269324
                    ],
                    [
                        2.140396860288108,
                        2.865138667107809,
                        5.410900385609581,
                        9.790365543026853e-10,
                        -9.26540409743914,
                        10.708630653519569,
                        17.830870105660992,
                        -6.053854506347929
                    ],
                    [
                        3.3310040246520725,
                        5.485290188081764,
                        9.544111929070715,
                        -1.6439415186435203e-10,
                        -16.428202044359033,
                        17.830870105660992,
                        32.45459655375234,
                        -11.937066991918087
                    ],
                    [
                        -0.9039979617608744,
                        -1.762078306674509,
                        -3.6675329803080903,
                        1.272148670094422e-10,
                        5.331645088269324,
                        -6.053854506347929,
                        -11.937066991918087,
                        6.433675663704671
                    ]
                ],
                "mui": [
                    0.0,
                    0.0,
                    0.0,
                    1.0,
                    0.0,
                    0.9790365543026852,
                    -0.16439415186435202,
                    0.1272148670094422
                ],
                "Ai": [
                    [
                        0.0,
                        0.0,
                        0.0,
                        0.0,
                        0.0,
                        0.0,
                        0.0,
                        0.0
                    ],
                    [
                        0.5171673194149011,
                        0.0,
                        0.0,
                        0.0,
                        0.0,
                        0.0,
                        0.0,
                        0.0
                    ],
                    [
                        0.6541672654986601,
                        0.9403594705034679,
                        0.0,
                        0.0,
                        0.0,
                        0.0,
                        0.0,
                        0.0
                    ],
                    [
                        0.0,
                        0.0,
                        0.0,
                        0.0,
                        0.0,
                        0.0,
                        0.0,
                        0.0
                    ],
                    [
                        -0.6720347794608429,
                        -0.9451119771500812,
                        -0.8443409989420977,
                        -0.0,
                        0.0,
                        0.0,
                        0.0,
                        0.0
                    ],
                    [
                        0.0,
                        0.0,
                        0.8516857047231495,
                        0.9790365543026852,
                        -0.5504610582355551,
                        0.0,
                        0.0,
                        0.0
                    ],
                    [
                        -0.6949807431685073,
                        0.7923162391977079,
                        0.8459502792279011,
                        -0.8097759582885042,
                        -0.5840885930246565,
                        0.6592009293093481,
                        0.0,
                        0.0
                    ],
                    [
                        0.0,
                        0.7662214933477581,
                        -0.6414480547118523,
                        -0.656121009672104,
                        -0.5971273430758441,
                        0.6386099058391452,
                        -0.9617947666148895,
                        0.0
                    ]
                ]
            },
            "est_params": {
                "mui": [
                    -0.0495182423015661,
                    0.06779537068163854,
                    -0.005075834102372695,
                    0.9999894950959224,
                    -0.06643870158901231,
                    1.033765971985609,
                    -0.00946718218439348,
                    0.1280133928860532
                ],
                "Si": [
                    [
                        1.08434424586038,
                        0.578857586505706,
                        1.2624479758100553,
                        -1.6304160220577867e-06,
                        -2.4377191796655886,
                        2.451669153253968,
                        3.826563806628653,
                        -1.0909194647042326
                    ],
                    [
                        0.5788575865057061,
                        1.3367028689336125,
                        1.7764968315478775,
                        -5.486322277145028e-06,
                        -3.166397809484274,
                        3.320271291693727,
                        6.256516698097125,
                        -2.193510567886515
                    ],
                    [
                        1.262447975810055,
                        1.7764968315478775,
                        3.695778160063366,
                        -1.097671638860673e-05,
                        -5.793362505283286,
                        6.480393869961367,
                        11.345808759101889,
                        -4.4296262060127685
                    ],
                    [
                        -1.6304160220577867e-06,
                        -5.486322277145029e-06,
                        -1.097671638860673e-05,
                        1.0279775841567159e-06,
                        2.789729959360748e-05,
                        -3.353248318849492e-05,
                        -5.4496841063368996e-05,
                        2.31076803576648e-05
                    ],
                    [
                        -2.4377191796655895,
                        -3.166397809484274,
                        -5.793362505283286,
                        2.7897299593607474e-05,
                        10.5910322478899,
                        -11.078230779687786,
                        -19.29081352254328,
                        6.6548905396108236
                    ],
                    [
                        2.451669153253968,
                        3.320271291693727,
                        6.480393869961367,
                        -3.353248318849492e-05,
                        -11.078230779687786,
                        12.886051387682782,
                        21.417898934801624,
                        -7.659736252949843
                    ],
                    [
                        3.826563806628653,
                        6.256516698097125,
                        11.345808759101889,
                        -5.4496841063368996e-05,
                        -19.29081352254328,
                        21.417898934801627,
                        38.34824019276296,
                        -14.582377769123934
                    ],
                    [
                        -1.0909194647042326,
                        -2.193510567886515,
                        -4.4296262060127685,
                        2.31076803576648e-05,
                        6.6548905396108236,
                        -7.659736252949844,
                        -14.582377769123934,
                        7.443207336485739
                    ]
                ]
            },
            "est_tgt": [
                0,
                3,
                5
            ],
            "oracle_est_tgt": [
                0,
                3
            ]
        },
        "1": {
            "intv_type": "do",
            "inode": 1,
            "new_mui": 1.0,
            "new_vari": null,
            "noise_type": "gaussian",
            "obs_noise_gamma_shape": null,
            "true_params": {
                "Si": [
                    [
                        1.0,
                        0.0,
                        0.6541672654986601,
                        0.5886768819737094,
                        -1.224375021887202,
                        1.8074518648734412,
                        1.2883332843944033,
                        -0.1596053316842636
                    ],
                    [
                        0.0,
                        1e-09,
                        9.40359470503468e-10,
                        2.2784478110722608e-10,
                        -1.7390960318396414e-09,
                        1.981263729799606e-09,
                        3.725147416145364e-09,
                        -1.2655748605067517e-09
                    ],
                    [
                        0.6541672654986601,
                        9.40359470503468e-10,
                        1.4279348121342703,
                        -0.1503806251694763,
                        -1.6452870605902863,
                        1.9745899941452814,
                        3.13774777979852,
                        -1.591708891405345
                    ],
                    [
                        0.5886768819737094,
                        2.2784478110722608e-10,
                        -0.1503806251694763,
                        1.6332726314152852,
                        -0.2686388114891045,
                        1.6188317850289615,
                        -0.6348742563218781,
                        0.8296692024090856
                    ],
                    [
                        -1.224375021887202,
                        -1.7390960318396414e-09,
                        -1.6452870605902863,
                        -0.2686388114891045,
                        3.212005919740281,
                        -3.432358863662081,
                        -4.46208690715631,
                        1.413322655312997
                    ],
                    [
                        1.8074518648734412,
                        1.981263729799606e-09,
                        1.9745899941452814,
                        1.6188317850289615,
                        -3.432358863662081,
                        6.156005455848939,
                        5.166215834917974,
                        -1.3167444143431508
                    ],
                    [
                        1.2883332843944033,
                        3.725147416145364e-09,
                        3.13774777979852,
                        -0.6348742563218781,
                        -4.46208690715631,
                        5.166215834917974,
                        9.284946042232653,
                        -4.562729672996738
                    ],
                    [
                        -0.1596053316842636,
                        -1.2655748605067517e-09,
                        -1.591708891405345,
                        0.8296692024090856,
                        1.413322655312997,
                        -1.3167444143431508,
                        -4.562729672996738,
                        4.180225068744192
                    ]
                ],
                "mui": [
                    0.0,
                    1.0,
                    0.9403594705034679,
                    0.22784478110722606,
                    -1.7390960318396413,
                    1.9812637297996059,
                    3.725147416145364,
                    -1.2655748605067516
                ],
                "Ai": [
                    [
                        0.0,
                        0.0,
                        0.0,
                        0.0,
                        0.0,
                        0.0,
                        0.0,
                        0.0
                    ],
                    [
                        0.0,
                        0.0,
                        0.0,
                        0.0,
                        0.0,
                        0.0,
                        0.0,
                        0.0
                    ],
                    [
                        0.6541672654986601,
                        0.9403594705034679,
                        0.0,
                        0.0,
                        0.0,
                        0.0,
                        0.0,
                        0.0
                    ],
                    [
                        0.9389662948396185,
                        0.7313826133686168,
                        -0.5354737715267512,
                        0.0,
                        0.0,
                        0.0,
                        0.0,
                        0.0
                    ],
                    [
                        -0.6720347794608429,
                        -0.9451119771500812,
                        -0.8443409989420977,
                        -0.0,
                        0.0,
                        0.0,
                        0.0,
                        0.0
                    ],
                    [
                        0.0,
                        0.0,
                        0.8516857047231495,
                        0.9790365543026852,
                        -0.5504610582355551,
                        0.0,
                        0.0,
                        0.0
                    ],
                    [
                        -0.6949807431685073,
                        0.7923162391977079,
                        0.8459502792279011,
                        -0.8097759582885042,
                        -0.5840885930246565,
                        0.6592009293093481,
                        0.0,
                        0.0
                    ],
                    [
                        0.0,
                        0.7662214933477581,
                        -0.6414480547118523,
                        -0.656121009672104,
                        -0.5971273430758441,
                        0.6386099058391452,
                        -0.9617947666148895,
                        0.0
                    ]
                ]
            },
            "est_params": {
                "mui": [
                    0.16209471330084355,
                    1.0000027695642286,
                    1.0403857307198419,
                    0.3767938387393806,
                    -2.0052952683053644,
                    2.43151279780982,
                    4.0840199247298585,
                    -1.3468700070076223
                ],
                "Si": [
                    [
                        0.9665131911539815,
                        1.4394958689295098e-06,
                        0.7095245096778335,
                        0.5197282397613618,
                        -1.2939676358786953,
                        1.8510962801581217,
                        1.5425570243818885,
                        -0.30142737222275195
                    ],
                    [
                        1.4394958689295102e-06,
                        1.0300336737772607e-06,
                        -2.709155944558232e-06,
                        -8.469181420827086e-06,
                        -5.192997713010527e-06,
                        -4.337548705655893e-06,
                        3.7895587887674768e-06,
                        1.562475541584519e-05
                    ],
                    [
                        0.7095245096778335,
                        -2.709155944558232e-06,
                        1.4883139512341634,
                        -0.13621459254759774,
                        -1.681669228776743,
                        2.162095299343886,
                        3.342016790080608,
                        -1.7374274842583737
                    ],
                    [
                        0.5197282397613618,
                        -8.469181420827086e-06,
                        -0.1362145925475977,
                        1.6375463824933059,
                        -0.3457277930546951,
                        1.636903240951357,
                        -0.5329713885500726,
                        0.7957806947672494
                    ],
                    [
                        -1.2939676358786953,
                        -5.192997713010525e-06,
                        -1.681669228776743,
