{
    "expt_args": {
        "save_dir": "all_expt_logs/expt_logs_sim_compsel_backwardbugfixed_cameraready_half",
        "exp_name": "253",
        "num_nodes": 8,
        "num_tgt_prior": 9,
        "obs_noise_mean": 0.0,
        "obs_noise_var": 1.0,
        "obs_noise_gamma_shape": null,
        "noise_type": "gaussian",
        "max_edge_strength": 1.0,
        "graph_sparsity_method": "adj_dense_prop",
        "adj_dense_prop": 0.8,
        "num_parents": null,
        "new_noise_mean": 1.0,
        "mix_samples": 1024,
        "stage2_samples": 1024,
        "gmm_tol": 0.001,
        "intv_type": "do",
        "new_noise_var": null,
        "dtype": "simulation",
        "cutoff_drop_ratio": 0.07,
        "intv_targets": [
            2,
            6,
            3,
            0
        ]
    },
    "intv_args_dict": {
        "2": {
            "intv_type": "do",
            "inode": 2,
            "new_mui": 1.0,
            "new_vari": null,
            "noise_type": "gaussian",
            "obs_noise_gamma_shape": null,
            "true_params": {
                "Si": [
                    [
                        1.0,
                        -0.5091178960918363,
                        0.0,
                        -1.1890753937278449,
                        -0.1453726013081085,
                        -0.41609659263945753,
                        1.5798931552341577,
                        -2.1672302891780397
                    ],
                    [
                        -0.5091178960918363,
                        1.259201032120978,
                        0.0,
                        1.4575511114019841,
                        0.7568336988347214,
                        1.0635046900130605,
                        -1.7256698261532957,
                        2.731604336621645
                    ],
                    [
                        0.0,
                        0.0,
                        1e-09,
                        5.767059425843005e-10,
                        -4.898538455251794e-11,
                        -1.380231343607644e-09,
                        1.1832759270788263e-09,
                        -3.9796865878048287e-10
                    ],
                    [
                        -1.1890753937278449,
                        1.4575511114019841,
                        5.767059425843005e-10,
                        3.1400966406347464,
                        1.5560132111550051,
                        1.1704713473860602,
                        -2.5532651083541937,
                        5.257233544225338
                    ],
                    [
                        -0.1453726013081085,
                        0.7568336988347214,
                        -4.898538455251794e-11,
                        1.5560132111550051,
                        2.129417091744333,
                        1.3095666260878587,
                        -0.38029980641490024,
                        3.2961463266916313
                    ],
                    [
                        -0.41609659263945753,
                        1.0635046900130605,
                        -1.380231343607644e-09,
                        1.1704713473860602,
                        1.3095666260878587,
                        2.401749383305683,
                        -1.7041220934005157,
                        3.9187971463729188
                    ],
                    [
                        1.5798931552341577,
                        -1.7256698261532957,
                        1.1832759270788263e-09,
                        -2.5532651083541937,
                        -0.38029980641490024,
                        -1.7041220934005157,
                        4.792719183840206,
                        -5.720002302391237
                    ],
                    [
                        -2.1672302891780397,
                        2.731604336621645,
                        -3.9796865878048287e-10,
                        5.257233544225338,
                        3.2961463266916313,
                        3.9187971463729188,
                        -5.720002302391237,
                        12.39117197232846
                    ]
                ],
                "mui": [
                    0.0,
                    0.0,
                    1.0,
                    0.5767059425843004,
                    -0.04898538455251794,
                    -1.380231343607644,
                    1.1832759270788262,
                    -0.3979686587804828
                ],
                "Ai": [
                    [
                        0.0,
                        0.0,
                        0.0,
                        0.0,
                        0.0,
                        0.0,
                        0.0,
                        0.0
                    ],
                    [
                        -0.5091178960918363,
                        0.0,
                        0.0,
                        0.0,
                        0.0,
                        0.0,
                        0.0,
                        0.0
                    ],
                    [
                        0.0,
                        0.0,
                        0.0,
                        0.0,
                        0.0,
                        0.0,
                        0.0,
                        0.0
                    ],
                    [
                        -0.7552196077684645,
                        0.8521715486526917,
                        0.5767059425843004,
                        0.0,
                        0.0,
                        0.0,
                        0.0,
                        0.0
                    ],
                    [
                        0.8074012009814042,
                        0.0,
                        -0.5110841855346564,
                        0.8012728270345347,
                        0.0,
                        0.0,
                        0.0,
                        0.0
                    ],
                    [
                        -0.5916701482465585,
                        0.8943233655483342,
                        -0.9896885274187739,
                        -0.617087423297388,
                        0.7076566285208631,
                        0.0,
                        0.0,
                        0.0
                    ],
                    [
                        0.5643437394617687,
                        -0.5392232333331523,
                        0.7918531958506814,
                        -0.5305946407822801,
                        0.7667857285644301,
                        -0.5325057359824101,
                        0.0,
                        0.0
                    ],
                    [
                        -0.0,
                        -0.8258674238337369,
                        0.9109692606219035,
                        0.9486051392094255,
                        0.5691120386902688,
                        0.7456639235122311,
                        -0.675190993891911,
                        0.0
                    ]
                ]
            },
            "est_params": {
                "mui": [
                    0.010869368855365923,
                    -0.12335905634861215,
                    1.0000175272562368,
                    0.47353210611611957,
                    -0.07334927542196966,
                    -1.4441382148897368,
                    1.4273074459475081,
                    -0.5131804374975804
                ],
                "Si": [
                    [
                        1.113300959371275,
                        -0.6295589113180745,
                        -1.5482398855945757e-05,
                        -1.3922277971632313,
                        -0.2059168428737018,
                        -0.5144221163635517,
                        1.9040075086183212,
                        -2.5158021052629507
                    ],
                    [
                        -0.6295589113180745,
                        1.2320217853807311,
                        1.034739936590839e-05,
                        1.4428474662435142,
                        0.6847862945229313,
                        1.0171069322979696,
                        -1.7311657166214407,
                        2.5149144990584418
                    ],
                    [
                        -1.5482398855945757e-05,
                        1.034739936590839e-05,
                        1.063144137995318e-06,
                        4.632892159175644e-05,
                        2.8682475803954973e-05,
                        4.780677365998367e-05,
                        -3.6789725115849556e-05,
                        0.0001299397788065902
                    ],
                    [
                        -1.3922277971632313,
                        1.4428474662435142,
                        4.632892159175644e-05,
                        3.1632618012292437,
                        1.3869760720586297,
                        1.242775694128904,
                        -2.825680222602856,
                        5.253424475291407
                    ],
                    [
                        -0.2059168428737018,
                        0.6847862945229313,
                        2.8682475803954973e-05,
                        1.3869760720586293,
                        2.044466185878917,
                        1.4889071547229535,
                        -0.28320119116601605,
                        3.0546601316140842
                    ],
                    [
                        -0.5144221163635516,
                        1.0171069322979696,
                        4.780677365998367e-05,
                        1.2427756941289039,
                        1.4889071547229535,
                        2.7083832279859696,
                        -1.6980899727641787,
                        4.045397077485852
                    ],
                    [
                        1.9040075086183217,
                        -1.7311657166214407,
                        -3.678972511584957e-05,
                        -2.8256802226028555,
                        -0.2832011911660159,
                        -1.6980899727641785,
                        5.340667338053743,
                        -6.03177569724432
                    ],
                    [
                        -2.5158021052629507,
                        2.5149144990584418,
                        0.0001299397788065902,
                        5.253424475291407,
                        3.0546601316140842,
                        4.045397077485852,
                        -6.03177569724432,
                        12.176030122263324
                    ]
                ]
            },
            "est_tgt": [
                2,
                6
            ],
            "oracle_est_tgt": [
                2,
                5,
                7
            ]
        },
        "6": {
            "intv_type": "do",
            "inode": 6,
            "new_mui": 1.0,
            "new_vari": null,
            "noise_type": "gaussian",
            "obs_noise_gamma_shape": null,
            "true_params": {
                "Si": [
                    [
                        1.0,
                        -0.5091178960918363,
                        -0.8981497555388065,
                        -1.7070436950777113,
                        -0.10137639014729014,
                        0.8235578512087462,
                        0.0,
                        -1.4606305009638456
                    ],
                    [
                        -0.5091178960918363,
                        1.259201032120978,
                        1.0844817088269818,
                        2.0829781575064814,
                        0.70370994528766,
                        -0.43333095607911837,
                        0.0,
                        2.001290713753204
                    ],
                    [
                        -0.8981497555388065,
                        1.0844817088269818,
                        2.2000748947411948,
                        2.8712610293197427,
                        0.451072765139883,
                        -2.128717590067069,
                        0.0,
                        2.501658484243406
                    ],
                    [
                        -1.7070436950777113,
                        2.0829781575064814,
                        2.8712610293197427,
                        5.720120890451659,
                        1.737652202710743,
                        -2.26894482955376,
                        0.0,
                        5.618551289453208
                    ],
                    [
                        -0.10137639014729014,
                        0.70370994528766,
                        0.451072765139883,
                        1.737652202710743,
                        2.07994591692436,
                        0.6425082844552616,
                        0.0,
                        3.1409056227775927
                    ],
                    [
                        0.8235578512087462,
                        -0.43333095607911837,
                        -2.128717590067069,
                        -2.26894482955376,
                        0.6425082844552616,
                        4.086767346900263,
                        0.0,
                        -0.3206409206160745
                    ],
                    [
                        0.0,
                        0.0,
                        0.0,
                        0.0,
                        0.0,
                        0.0,
                        1e-09,
                        -6.75190993891911e-10
                    ],
                    [
                        -1.4606305009638456,
                        2.001290713753204,
                        2.501658484243406,
                        5.618551289453208,
                        3.1409056227775927,
                        -0.3206409206160745,
                        -6.75190993891911e-10,
                        8.504356637560457
                    ]
                ],
                "mui": [
                    0.0,
                    0.0,
                    0.0,
                    0.0,
                    0.0,
                    0.0,
                    1.0,
                    -0.675190993891911
                ],
                "Ai": [
                    [
                        0.0,
                        0.0,
                        0.0,
                        0.0,
                        0.0,
                        0.0,
                        0.0,
                        0.0
                    ],
                    [
                        -0.5091178960918363,
                        0.0,
                        0.0,
                        0.0,
                        0.0,
                        0.0,
                        0.0,
                        0.0
                    ],
                    [
                        -0.5788220532255965,
                        0.6272175949116676,
                        0.0,
                        0.0,
                        0.0,
                        0.0,
                        0.0,
                        0.0
                    ],
                    [
                        -0.7552196077684645,
                        0.8521715486526917,
                        0.5767059425843004,
                        0.0,
                        0.0,
                        0.0,
                        0.0,
                        0.0
                    ],
                    [
                        0.8074012009814042,
                        0.0,
                        -0.5110841855346564,
                        0.8012728270345347,
                        0.0,
                        0.0,
                        0.0,
                        0.0
                    ],
                    [
                        -0.5916701482465585,
                        0.8943233655483342,
                        -0.9896885274187739,
                        -0.617087423297388,
                        0.7076566285208631,
                        0.0,
                        0.0,
                        0.0
                    ],
                    [
                        0.0,
                        0.0,
                        0.0,
                        0.0,
                        0.0,
                        0.0,
                        0.0,
                        0.0
                    ],
                    [
                        -0.0,
                        -0.8258674238337369,
                        0.9109692606219035,
                        0.9486051392094255,
                        0.5691120386902688,
                        0.7456639235122311,
                        -0.675190993891911,
                        0.0
                    ]
                ]
            },
            "est_params": {
                "mui": [
                    0.1283639941810277,
                    -0.06637067197381077,
                    -0.10528337193403997,
                    -0.12590213560835842,
                    0.04025385751138386,
                    0.1498024399349307,
                    1.0000026470045447,
                    -0.7381098443308195
                ],
                "Si": [
                    [
                        0.9005690747073739,
                        -0.5604830998839759,
                        -0.9234290763998054,
                        -1.6104777350347197,
                        -0.0009186101437883323,
                        0.9211953355049673,
                        -2.1236918619314746e-06,
                        -1.2656481906001864
                    ],
                    [
                        -0.5604830998839759,
                        1.1405507137601147,
                        1.010788750244614,
                        1.9337825751574558,
                        0.4055563583902854,
                        -0.6214986411402896,
                        -4.548510109901646e-06,
                        1.7067284086751047
                    ],
                    [
                        -0.9234290763998054,
                        1.010788750244614,
                        2.122939386348891,
                        2.6269179229751956,
                        0.06607653430908576,
                        -2.3008028359675654,
                        -2.9445651112315355e-06,
                        1.8414646194165054
                    ],
                    [
                        -1.6104777350347201,
                        1.9337825751574558,
                        2.6269179229751956,
                        5.394463986238081,
                        1.4612064708870194,
                        -2.4234003630858885,
                        -6.925234625925645e-06,
                        4.9966965368332765
                    ],
                    [
                        -0.0009186101437883759,
                        0.4055563583902856,
                        0.06607653430908576,
                        1.4612064708870194,
                        2.092711304008521,
                        0.8371786153366102,
                        -5.835210802768736e-06,
                        2.9835379162782756
                    ],
                    [
                        0.9211953355049673,
                        -0.6214986411402895,
                        -2.3008028359675654,
                        -2.423400363085889,
                        0.8371786153366101,
                        4.217407822128305,
                        -3.346828585025362e-08,
                        -0.06120399628579162
                    ],
                    [
                        -2.1236918619314746e-06,
                        -4.548510109901647e-06,
                        -2.9445651112315364e-06,
                        -6.925234625925644e-06,
                        -5.835210802768738e-06,
                        -3.346828585025468e-08,
                        1.0018927859034922e-06,
                        -8.581452856675981e-06
                    ],
                    [
                        -1.2656481906001864,
                        1.7067284086751047,
                        1.8414646194165054,
                        4.9966965368332765,
                        2.983537916278276,
                        -0.061203996285791644,
                        -8.58145285667598e-06,
                        7.752743082068369
                    ]
                ]
            },
            "est_tgt": [
                1,
                5,
                6
            ],
            "oracle_est_tgt": [
                6
            ]
        },
        "3": {
            "intv_type": "do",
            "inode": 3,
            "new_mui": 1.0,
            "new_vari": null,
            "noise_type": "gaussian",
            "obs_noise_gamma_shape": null,
            "true_params": {
                "Si": [
                    [
                        1.0,
                        -0.5091178960918363,
                        -0.8981497555388065,
                        0.0,
                        1.2664313372791058,
                        0.7381008608125365,
                        0.7057077167804229,
                        0.3969060758933085
                    ],
                    [
                        -0.5091178960918363,
                        1.259201032120978,
                        1.0844817088269818,
                        0.0,
                        -0.9653238516287449,
                        -0.3290541616919409,
                        -0.6725309666097645,
                        -0.39265800272212414
                    ],
                    [
                        -0.8981497555388065,
                        1.0844817088269818,
                        2.2000748947411948,
                        0.0,
                        -1.8495906769772354,
                        -1.984978254679747,
                        0.2892659829752272,
                        -1.6194982958207036
                    ],
                    [
                        0.0,
                        0.0,
                        0.0,
                        1e-09,
                        8.012728270345348e-10,
                        -5.0061395992748506e-11,
                        1.1046790819170151e-10,
                        1.2927032376725971e-09
                    ],
                    [
                        1.2664313372791058,
                        -0.9653238516287449,
                        -1.8495906769772354,
                        8.012728270345348e-10,
                        2.967814728037078,
                        2.3180911445432026,
                        0.8119045036181941,
                        1.9816546912948083
                    ],
                    [
                        0.7381008608125365,
                        -0.3290541616919409,
                        -1.984978254679747,
                        -5.0061395992748506e-11,
                        2.3180911445432026,
                        3.8739296987448015,
                        -1.2632457039624514,
                        3.5243362578601785
                    ],
                    [
                        0.7057077167804229,
                        -0.6725309666097645,
                        0.2892659829752272,
                        1.1046790819170151e-10,
                        0.8119045036181941,
                        -1.2632457039624514,
                        3.285204616844849,
                        -1.879098855505198
                    ],
                    [
                        0.3969060758933085,
                        -0.39265800272212414,
                        -1.6194982958207036,
                        1.2927032376725971e-09,
                        1.9816546912948083,
                        3.5243362578601785,
                        -1.879098855505198,
                        4.873474856284932
                    ]
                ],
                "mui": [
                    0.0,
                    0.0,
                    0.0,
                    1.0,
                    0.8012728270345347,
                    -0.0500613959927485,
                    0.1104679081917015,
                    1.292703237672597
                ],
                "Ai": [
                    [
                        0.0,
                        0.0,
                        0.0,
                        0.0,
                        0.0,
                        0.0,
                        0.0,
                        0.0
                    ],
                    [
                        -0.5091178960918363,
                        0.0,
                        0.0,
                        0.0,
                        0.0,
                        0.0,
                        0.0,
                        0.0
                    ],
                    [
                        -0.5788220532255965,
                        0.6272175949116676,
                        0.0,
                        0.0,
                        0.0,
                        0.0,
                        0.0,
                        0.0
                    ],
                    [
                        0.0,
                        0.0,
                        0.0,
                        0.0,
                        0.0,
                        0.0,
                        0.0,
                        0.0
                    ],
                    [
                        0.8074012009814042,
                        0.0,
                        -0.5110841855346564,
                        0.8012728270345347,
                        0.0,
                        0.0,
                        0.0,
                        0.0
                    ],
                    [
                        -0.5916701482465585,
                        0.8943233655483342,
                        -0.9896885274187739,
                        -0.617087423297388,
                        0.7076566285208631,
                        0.0,
                        0.0,
                        0.0
                    ],
                    [
                        0.5643437394617687,
                        -0.5392232333331523,
                        0.7918531958506814,
                        -0.5305946407822801,
                        0.7667857285644301,
                        -0.5325057359824101,
                        0.0,
                        0.0
                    ],
                    [
                        -0.0,
                        -0.8258674238337369,
                        0.9109692606219035,
                        0.9486051392094255,
                        0.5691120386902688,
                        0.7456639235122311,
                        -0.675190993891911,
                        0.0
                    ]
                ]
            },
            "est_params": {
                "mui": [
                    0.02268041905106551,
                    0.020189685509533244,
                    -0.009248774964724702,
                    0.9999958881873736,
                    0.9127346710834802,
                    0.09746958632667889,
                    0.011969542719970049,
                    1.561030875199676
                ],
                "Si": [
                    [
                        0.9843816530965355,
                        -0.7600038429462886,
                        -1.1152961013227785,
                        4.663408263781899e-06,
                        1.4326233875865537,
                        0.9287135451372325,
                        0.6648157861902848,
                        0.7476745790086676
                    ],
                    [
                        -0.7600038429462886,
                        1.6013613965890643,
                        1.4441776191884366,
                        -3.191458349583971e-06,
                        -1.4602780028141256,
                        -0.6695939901748298,
                        -0.7907661197486345,
                        -0.9817515780942855
                    ],
                    [
                        -1.1152961013227785,
                        1.4441776191884363,
                        2.618515832217928,
                        -5.543648453054033e-06,
                        -2.3793919792084695,
                        -2.422577829265332,
                        0.25769886791864915,
                        -2.318181850511944
                    ],
                    [
                        4.6634082637819e-06,
                        -3.191458349583971e-06,
                        -5.543648453054034e-06,
                        1.00744606350984e-06,
                        2.8141511829150084e-06,
                        5.448337245014887e-06,
                        -7.28429920217858e-06,
                        7.03237542455547e-06
                    ],
                    [
                        1.4326233875865537,
                        -1.4602780028141258,
                        -2.3793919792084695,
                        2.814151182915008e-06,
                        3.5863864213256016,
                        2.817827807749836,
                        0.9195061817771546,
                        2.7508870555388283
                    ],
                    [
                        0.9287135451372326,
                        -0.6695939901748299,
                        -2.422577829265332,
                        5.448337245014887e-06,
                        2.817827807749836,
                        4.243867398123967,
                        -1.2000401904827105,
                        4.0593262649343185
                    ],
                    [
                        0.6648157861902848,
                        -0.7907661197486345,
                        0.2576988679186492,
                        -7.28429920217858e-06,
                        0.9195061817771546,
                        -1.2000401904827105,
                        3.325279545904045,
                        -1.5654443651228775
                    ],
                    [
                        0.7476745790086676,
                        -0.9817515780942854,
                        -2.3181818505119445,
                        7.03237542455547e-06,
                        2.7508870555388283,
                        4.0593262649343185,
                        -1.5654443651228775,
                        5.597431045990495
                    ]
                ]
            },
            "est_tgt": [
                0,
                1,
                3,
                4,
                5,
                7
            ],
            "oracle_est_tgt": [
                0,
                1,
                3
            ]
        },
        "0": {
            "intv_type": "do",
            "inode": 0,
            "new_mui": 1.0,
            "new_vari": null,
            "noise_type": "gaussian",
            "obs_noise_gamma_shape": null,
            "true_params": {
                "Si": [
                    [
                        1e-09,
                        -5.091178960918364e-10,
                        -8.981497555388065e-10,
                        -1.7070436950777113e-09,
                        -1.0137639014729015e-10,
                        8.235578512087463e-10,
                        5.171341705933554e-10,
                        -1.8097948355822422e-09
                    ],
                    [
                        -5.091178960918364e-10,
                        1.000000000259201,
                        0.6272175953689317,
                        1.2138916638007695,
                        0.6520974108740989,
                        -0.014042915981095907,
                        -0.1791464660746154,
                        1.3786156673597023
                    ],
                    [
                        -8.981497555388065e-10,
                        0.6272175953689317,
                        1.3934019121734498,
                        1.3380801534248161,
                        0.3600215852027388,
                        -1.389039308071547,
                        1.0709121111912527,
                        0.4667233454559624
                    ],
                    [
                        -1.7070436950777113e-09,
                        1.2138916638007695,
                        1.3380801534248161,
                        2.806122716461091,
                        1.5645982752531271,
                        -0.8630955935219717,
                        0.5754057648801842,
                        2.73668241415745
                    ],
                    [
                        -1.0137639014729015e-10,
                        0.6520974108740989,
                        0.3600215852027388,
                        1.5645982752531271,
                        2.069668744455341,
                        0.7259976064047741,
                        0.3036852749787649,
                        2.7877866127556725
                    ],
                    [
                        8.235578512087463e-10,
                        -0.014042915981095907,
                        -1.389039308071547,
                        -0.8630955935219717,
                        0.7259976064047741,
                        3.4085198132909436,
                        -1.8927608000515963,
                        2.1602478407512367
                    ],
                    [
                        5.171341705933554e-10,
                        -0.1791464660746154,
                        1.0709121111912527,
                        0.5754057648801842,
                        0.3036852749787649,
                        -1.8927608000515963,
                        2.880065417269155,
                        -1.513774619787954
                    ],
                    [
                        -1.8097948355822422e-09,
                        1.3786156673597023,
                        0.4667233454559624,
                        2.73668241415745,
                        2.7877866127556725,
                        2.1602478407512367,
                        -1.513774619787954,
                        7.102116647094819
                    ]
                ],
                "mui": [
                    1.0,
                    -0.5091178960918363,
                    -0.8981497555388065,
                    -1.7070436950777113,
                    -0.10137639014729014,
                    0.8235578512087462,
                    0.5171341705933553,
                    -1.8097948355822422
                ],
                "Ai": [
                    [
                        0.0,
                        0.0,
                        0.0,
                        0.0,
                        0.0,
                        0.0,
                        0.0,
                        0.0
                    ],
                    [
                        -0.5091178960918363,
                        0.0,
                        0.0,
                        0.0,
                        0.0,
                        0.0,
                        0.0,
                        0.0
                    ],
                    [
                        -0.5788220532255965,
                        0.6272175949116676,
                        0.0,
                        0.0,
                        0.0,
                        0.0,
                        0.0,
                        0.0
                    ],
                    [
                        -0.7552196077684645,
                        0.8521715486526917,
                        0.5767059425843004,
                        0.0,
                        0.0,
                        0.0,
                        0.0,
                        0.0
                    ],
                    [
                        0.8074012009814042,
                        0.0,
                        -0.5110841855346564,
                        0.8012728270345347,
                        0.0,
                        0.0,
                        0.0,
                        0.0
                    ],
                    [
                        -0.5916701482465585,
                        0.8943233655483342,
                        -0.9896885274187739,
                        -0.617087423297388,
                        0.7076566285208631,
                        0.0,
                        0.0,
                        0.0
                    ],
                    [
                        0.5643437394617687,
                        -0.5392232333331523,
                        0.7918531958506814,
                        -0.5305946407822801,
                        0.7667857285644301,
                        -0.5325057359824101,
                        0.0,
                        0.0
                    ],
                    [
                        -0.0,
                        -0.8258674238337369,
                        0.9109692606219035,
                        0.9486051392094255,
                        0.5691120386902688,
                        0.7456639235122311,
                        -0.675190993891911,
                        0.0
                    ]
                ]
            },
            "est_params": {
                "mui": [
                    1.000000709481604,
                    -0.5871576500712329,
                    -0.9124254540792673,
                    -1.8665767836300662,
                    -0.2981942026702501,
                    0.7153940576182314,
                    0.5368416326769203,
                    -2.1079634703864127
                ],
                "Si": [
                    [
                        1.032605819309697e-06,
                        -9.08752592538569e-06,
                        -7.598980800792321e-06,
                        -4.016262355385871e-06,
                        1.8670048093296803e-06,
                        -9.308942254596004e-07,
                        1.4264182301408704e-05,
                        9.966379642586849e-08
                    ],
                    [
                        -9.087525925385688e-06,
                        1.0348112427391731,
                        0.6736473101798504,
                        1.4212514386577466,
                        0.7863628125930643,
                        -0.09035749769990419,
                        -0.042856267730324096,
                        1.536096226862088
                    ],
                    [
                        -7.598980800792321e-06,
                        0.6736473101798505,
                        1.5500924538062923,
                        1.495107214526048,
                        0.3064073958925281,
                        -1.6156969390044733,
                        1.1250546876530896,
                        0.5744172734149678
                    ],
                    [
                        -4.01626235538587e-06,
                        1.4212514386577466,
                        1.4951072145260484,
                        3.2235959779197128,
                        1.7287309121418022,
                        -1.0075082811235097,
                        0.7228391221798686,
                        3.1460007975405815
                    ],
                    [
                        1.8670048093296797e-06,
                        0.7863628125930644,
