{
    "expt_args": {
        "save_dir": "all_expt_logs/expt_logs_sim_compsel_backwardbugfixed_cameraready_half",
        "exp_name": "65",
        "num_nodes": 8,
        "num_tgt_prior": 9,
        "obs_noise_mean": 0.0,
        "obs_noise_var": 1.0,
        "obs_noise_gamma_shape": null,
        "noise_type": "gaussian",
        "max_edge_strength": 1.0,
        "graph_sparsity_method": "adj_dense_prop",
        "adj_dense_prop": 0.8,
        "num_parents": null,
        "new_noise_mean": 1.0,
        "mix_samples": 1048576,
        "stage2_samples": 1048576,
        "gmm_tol": 0.001,
        "intv_type": "do",
        "new_noise_var": null,
        "dtype": "simulation",
        "cutoff_drop_ratio": 0.07,
        "intv_targets": [
            0,
            1,
            7,
            3
        ]
    },
    "intv_args_dict": {
        "0": {
            "intv_type": "do",
            "inode": 0,
            "new_mui": 1.0,
            "new_vari": null,
            "noise_type": "gaussian",
            "obs_noise_gamma_shape": null,
            "true_params": {
                "Si": [
                    [
                        1e-09,
                        9.951932794415206e-10,
                        9.851052976499605e-10,
                        -2.509761259233757e-09,
                        1.7444931116808422e-09,
                        3.2248453601009434e-09,
                        1.0236090182420126e-09,
                        -2.8848331784913486e-10
                    ],
                    [
                        9.951932794415206e-10,
                        1.0000000009904098,
                        0.9898632948751789,
                        -1.5414262102801062,
                        0.8657215206244182,
                        2.3493020303534156,
                        1.0233134655791538,
                        0.9262981289200848
                    ],
                    [
                        9.851052976499605e-10,
                        0.9898632948751789,
                        1.979829341570713,
                        -2.340262002313098,
                        1.059431828121683,
                        2.6781210710335444,
                        0.8059437869596437,
                        1.5950154265779801
                    ],
                    [
                        -2.509761259233757e-09,
                        -1.5414262102801062,
                        -2.340262002313098,
                        4.0393411168097195,
                        -2.404244089358432,
                        -5.492053225139874,
                        -2.0247794712300227,
                        -1.8996764599059128
                    ],
                    [
                        1.7444931116808422e-09,
                        0.8657215206244182,
                        1.059431828121683,
                        -2.404244089358432,
                        2.609284711910581,
                        4.3540025850505515,
                        1.4014047366802187,
                        0.9557429930388975
                    ],
                    [
                        3.2248453601009434e-09,
                        2.3493020303534156,
                        2.6781210710335444,
                        -5.492053225139874,
                        4.3540025850505515,
                        9.81682077363356,
                        3.3065711473723356,
                        3.275978528391701
                    ],
                    [
                        1.0236090182420126e-09,
                        1.0233134655791538,
                        0.8059437869596437,
                        -2.0247794712300227,
                        1.4014047366802187,
                        3.3065711473723356,
                        2.469483829236203,
                        0.17641445445365722
                    ],
                    [
                        -2.8848331784913486e-10,
                        0.9262981289200848,
                        1.5950154265779801,
                        -1.8996764599059128,
                        0.9557429930388975,
                        3.275978528391701,
                        0.17641445445365722,
                        3.508148621365313
                    ]
                ],
                "mui": [
                    1.0,
                    0.9951932794415205,
                    0.9851052976499604,
                    -2.509761259233757,
                    1.7444931116808422,
                    3.224845360100943,
                    1.0236090182420126,
                    -0.28848331784913483
                ],
                "Ai": [
                    [
                        0.0,
                        0.0,
                        0.0,
                        0.0,
                        0.0,
                        0.0,
                        0.0,
                        0.0
                    ],
                    [
                        0.9951932794415205,
                        0.0,
                        0.0,
                        0.0,
                        0.0,
                        0.0,
                        0.0,
                        0.0
                    ],
                    [
                        -0.0,
                        0.9898632938948088,
                        0.0,
                        0.0,
                        0.0,
                        0.0,
                        0.0,
                        0.0
                    ],
                    [
                        -0.9757442564936747,
                        -0.7352213807986505,
                        -0.8144607765094403,
                        0.0,
                        0.0,
                        0.0,
                        0.0,
                        0.0
                    ],
                    [
                        0.0,
                        -0.0,
                        -0.5345045734322703,
                        -0.9048814464848594,
                        0.0,
                        0.0,
                        0.0,
                        0.0
                    ],
                    [
                        -0.6583250950348815,
                        0.8359676636701763,
                        -0.5010676717641542,
                        -0.8453570911149718,
                        0.8158134791869052,
                        0.0,
                        0.0,
                        0.0
                    ],
                    [
                        -0.595851862666513,
                        0.7753096513169453,
                        -0.708710946570478,
                        -0.6160079285281743,
                        0.0,
                        -0.0,
                        0.0,
                        0.0
                    ],
                    [
                        -0.8758580373082943,
                        -0.0,
                        0.8377783138290618,
                        0.5766850971383237,
                        -0.6573455200994314,
                        0.9152209291645255,
                        -0.5815642932425875,
                        0.0
                    ]
                ]
            },
            "est_params": {
                "mui": [
                    1.0000000673873461,
                    0.9958796129819137,
                    0.9851086777053218,
                    -2.506815480386619,
                    1.743156722978194,
                    3.220951927050435,
                    1.0202535982542427,
                    -0.2858345156758346
                ],
                "Si": [
                    [
                        1.012706704520675e-06,
                        -1.57250453008529e-07,
                        4.842941937269408e-09,
                        3.388548542818884e-08,
                        2.6910611051304524e-07,
                        3.64373645155162e-07,
                        -5.032229039676266e-07,
                        2.5703834324824704e-07
                    ],
                    [
                        -1.5725045300852905e-07,
                        0.990542136859637,
                        0.9801044160979046,
                        -1.522480223462831,
                        0.8553646515811197,
                        2.3224905364014172,
                        1.0096068315662925,
                        0.9198944476400678
                    ],
                    [
                        4.842941937269226e-09,
                        0.9801044160979046,
                        1.9682038226879564,
                        -2.321954945800561,
                        1.0528526018593036,
                        2.6580612956877805,
                        0.7924357849882542,
                        1.5910783857092599
                    ],
                    [
                        3.388548542818904e-08,
                        -1.522480223462831,
                        -2.321954945800561,
                        4.001021096462326,
                        -2.3827389950864943,
                        -5.434277566601022,
                        -1.9967014257595561,
                        -1.8838149913525997
                    ],
                    [
                        2.6910611051304524e-07,
                        0.8553646515811197,
                        1.052852601859304,
                        -2.3827389950864943,
                        2.593407676812559,
                        4.313408910890685,
                        1.3836304827493133,
                        0.9437002169510842
                    ],
                    [
                        3.64373645155162e-07,
                        2.3224905364014172,
                        2.6580612956877805,
                        -5.434277566601022,
                        4.313408910890684,
                        9.717716949332704,
                        3.2594146682032483,
                        3.2562621676495596
                    ],
                    [
                        -5.032229039676266e-07,
                        1.0096068315662925,
                        0.7924357849882543,
                        -1.9967014257595568,
                        1.3836304827493133,
                        3.2594146682032483,
                        2.454739851350883,
                        0.15880691933697405
                    ],
                    [
                        2.5703834324824715e-07,
                        0.9198944476400678,
                        1.5910783857092599,
                        -1.8838149913525997,
                        0.9437002169510841,
                        3.2562621676495596,
                        0.15880691933697408,
                        3.518646739912901
                    ]
                ]
            },
            "est_tgt": [
                0
            ],
            "oracle_est_tgt": [
                0
            ]
        },
        "1": {
            "intv_type": "do",
            "inode": 1,
            "new_mui": 1.0,
            "new_vari": null,
            "noise_type": "gaussian",
            "obs_noise_gamma_shape": null,
            "true_params": {
                "Si": [
                    [
                        1.0,
                        0.0,
                        0.0,
                        -0.9757442564936747,
                        0.88293287421529,
                        0.8868357713088221,
                        0.005214335549419128,
                        -1.2103289907953751
                    ],
                    [
                        0.0,
                        1e-09,
                        9.898632938948088e-10,
                        -1.5414262077824086e-09,
                        8.657215188883104e-10,
                        2.3493020271440716e-09,
                        1.023313464560465e-09,
                        9.262981292071815e-10
                    ],
                    [
                        0.0,
                        9.898632938948088e-10,
                        1.0000000009798293,
                        -0.8144607780352415,
                        0.20248587297771972,
                        0.3526332272396384,
                        -0.2069966497525089,
                        0.6781069104734554
                    ],
                    [
                        -0.9757442564936747,
                        -1.5414262077824086e-09,
                        -0.8144607780352415,
                        2.615423212928749,
                        -1.9313149293440033,
                        -2.736102416339068,
                        -0.4525051351520317,
                        0.7091153117583808
                    ],
                    [
                        0.88293287421529,
                        8.657215188883104e-10,
                        0.20248587297771972,
                        -1.9313149293440033,
                        2.6393814217205884,
                        3.1031777187107523,
                        0.5201041572160711,
                        -0.9148124836056224
                    ],
                    [
                        0.8868357713088221,
                        2.3493020271440716e-09,
                        0.3526332272396384,
                        -2.736102416339068,
                        3.1031777187107523,
                        5.084078439282824,
                        0.9071230090685364,
                        0.026461414722532495
                    ],
                    [
                        0.005214335549419128,
                        1.023313464560465e-09,
                        -0.2069966497525089,
                        -0.4525051351520317,
                        0.5201041572160711,
                        0.9071230090685364,
                        1.4223405717800781,
                        -0.7777899536012302
                    ],
                    [
                        -1.2103289907953751,
                        9.262981292071815e-10,
                        0.6781069104734554,
                        0.7091153117583808,
                        -0.9148124836056224,
                        0.026461414722532495,
                        -0.7777899536012302,
                        4.115016663927145
                    ]
                ],
                "mui": [
                    0.0,
                    1.0,
                    0.9898632938948088,
                    -1.5414262077824086,
                    0.8657215188883104,
                    2.349302027144071,
                    1.023313464560465,
                    0.9262981292071815
                ],
                "Ai": [
                    [
                        0.0,
                        0.0,
                        0.0,
                        0.0,
                        0.0,
                        0.0,
                        0.0,
                        0.0
                    ],
                    [
                        0.0,
                        0.0,
                        0.0,
                        0.0,
                        0.0,
                        0.0,
                        0.0,
                        0.0
                    ],
                    [
                        -0.0,
                        0.9898632938948088,
                        0.0,
                        0.0,
                        0.0,
                        0.0,
                        0.0,
                        0.0
                    ],
                    [
                        -0.9757442564936747,
                        -0.7352213807986505,
                        -0.8144607765094403,
                        0.0,
                        0.0,
                        0.0,
                        0.0,
                        0.0
                    ],
                    [
                        0.0,
                        -0.0,
                        -0.5345045734322703,
                        -0.9048814464848594,
                        0.0,
                        0.0,
                        0.0,
                        0.0
                    ],
                    [
                        -0.6583250950348815,
                        0.8359676636701763,
                        -0.5010676717641542,
                        -0.8453570911149718,
                        0.8158134791869052,
                        0.0,
                        0.0,
                        0.0
                    ],
                    [
                        -0.595851862666513,
                        0.7753096513169453,
                        -0.708710946570478,
                        -0.6160079285281743,
                        0.0,
                        -0.0,
                        0.0,
                        0.0
                    ],
                    [
                        -0.8758580373082943,
                        -0.0,
                        0.8377783138290618,
                        0.5766850971383237,
                        -0.6573455200994314,
                        0.9152209291645255,
                        -0.5815642932425875,
                        0.0
                    ]
                ]
            },
            "est_params": {
                "mui": [
                    -0.00036536603879803466,
                    0.9999998768535284,
                    0.9897022267387309,
                    -1.5376930034757228,
                    0.8626593632159825,
                    2.337825081755967,
                    1.0222177326412398,
                    0.9227909117109239
                ],
                "Si": [
                    [
                        0.9972767207145249,
                        -1.8068746588059758e-07,
                        0.0007719434190136098,
                        -0.9733854629120109,
                        0.8812554498417666,
                        0.8837082569134486,
                        0.004912231501454459,
                        -1.207016864580123
                    ],
                    [
                        -1.8068746588059766e-07,
                        1.0104927556742446e-06,
                        -1.0096893680556385e-08,
                        2.416465246111343e-07,
                        -1.2353011119329011e-07,
                        5.1009934836880976e-08,
                        -2.5212202480692694e-07,
                        4.5212781273746867e-07
                    ],
                    [
                        0.0007719434190136109,
                        -1.0096893680556443e-08,
                        0.9990084108688182,
                        -0.8183604004324891,
                        0.20547817328638948,
                        0.35881500104210423,
                        -0.2075946947027419,
                        0.6782670719024083
                    ],
                    [
                        -0.9733854629120109,
                        2.416465246111343e-07,
                        -0.818360400432489,
                        2.6200715739805,
                        -1.9313600304334875,
                        -2.7388968852946562,
                        -0.4526166449596486,
                        0.7054597098839973
                    ],
                    [
                        0.8812554498417666,
                        -1.2353011119329006e-07,
                        0.20547817328638948,
                        -1.9313600304334875,
                        2.638639464764371,
                        3.0992495317303153,
                        0.5189832050773421,
                        -0.9147145382106244
                    ],
                    [
                        0.8837082569134486,
                        5.100993483688095e-08,
                        0.35881500104210423,
                        -2.7388968852946562,
                        3.0992495317303153,
                        5.078346460874612,
                        0.9065474302537042,
                        0.025188867204374115
                    ],
                    [
                        0.004912231501454461,
                        -2.5212202480692683e-07,
                        -0.2075946947027419,
                        -0.4526166449596486,
                        0.5189832050773421,
                        0.9065474302537042,
                        1.4252433901802872,
                        -0.7837073602890342
                    ],
                    [
                        -1.207016864580123,
                        4.5212781273746825e-07,
                        0.6782670719024084,
                        0.7054597098839974,
                        -0.9147145382106244,
                        0.0251888672043741,
                        -0.7837073602890343,
                        4.11089900610918
                    ]
                ]
            },
            "est_tgt": [
                1
            ],
            "oracle_est_tgt": [
                1
            ]
        },
        "7": {
            "intv_type": "do",
            "inode": 7,
            "new_mui": 1.0,
            "new_vari": null,
            "noise_type": "gaussian",
            "obs_noise_gamma_shape": null,
            "true_params": {
                "Si": [
                    [
                        1.0,
                        0.9951932794415205,
                        0.9851052976499604,
                        -2.509761259233757,
                        1.7444931116808422,
                        3.224845360100943,
                        1.0236090182420126,
                        0.0
                    ],
                    [
                        0.9951932794415205,
                        1.9904096634455684,
                        1.9702334656582878,
                        -4.039123745974531,
                        2.60182933966511,
                        5.558646456754699,
                        2.0420022802906486,
                        0.0
                    ],
                    [
                        0.9851052976499604,
                        1.9702334656582878,
                        2.9502617880582975,
                        -4.812641112148528,
                        2.777941232433835,
                        5.854933316194065,
                        1.8143064525437627,
                        0.0
                    ],
                    [
                        -2.509761259233757,
                        -4.039123745974531,
                        -4.812641112148528,
                        10.33824268886143,
                        -6.7825053136768965,
                        -13.585645168847362,
                        -4.593793727247111,
                        0.0
                    ],
                    [
                        1.7444931116808422,
                        2.60182933966511,
                        2.777941232433835,
                        -6.7825053136768965,
                        5.652540925569232,
                        9.979723096356851,
                        3.18708361627212,
                        0.0
                    ],
                    [
                        3.224845360100943,
                        5.558646456754699,
                        5.854933316194065,
                        -13.585645168847362,
                        9.979723096356851,
                        20.216448359798513,
                        6.6075519371065905,
                        0.0
                    ],
                    [
                        1.0236090182420126,
                        2.0420022802906486,
                        1.8143064525437627,
                        -4.593793727247111,
                        3.18708361627212,
                        6.6075519371065905,
                        3.517259250414804,
                        0.0
                    ],
                    [
                        0.0,
                        0.0,
                        0.0,
                        0.0,
                        0.0,
                        0.0,
                        0.0,
                        1e-09
                    ]
                ],
                "mui": [
                    0.0,
                    0.0,
                    0.0,
                    0.0,
                    0.0,
                    0.0,
                    0.0,
                    1.0
                ],
                "Ai": [
                    [
                        0.0,
                        0.0,
                        0.0,
                        0.0,
                        0.0,
                        0.0,
                        0.0,
                        0.0
                    ],
                    [
                        0.9951932794415205,
                        0.0,
                        0.0,
                        0.0,
                        0.0,
                        0.0,
                        0.0,
                        0.0
                    ],
                    [
                        -0.0,
                        0.9898632938948088,
                        0.0,
                        0.0,
                        0.0,
                        0.0,
                        0.0,
                        0.0
                    ],
                    [
                        -0.9757442564936747,
                        -0.7352213807986505,
                        -0.8144607765094403,
                        0.0,
                        0.0,
                        0.0,
                        0.0,
                        0.0
                    ],
                    [
                        0.0,
                        -0.0,
                        -0.5345045734322703,
                        -0.9048814464848594,
                        0.0,
                        0.0,
                        0.0,
                        0.0
                    ],
                    [
                        -0.6583250950348815,
                        0.8359676636701763,
                        -0.5010676717641542,
                        -0.8453570911149718,
                        0.8158134791869052,
                        0.0,
                        0.0,
                        0.0
                    ],
                    [
                        -0.595851862666513,
                        0.7753096513169453,
                        -0.708710946570478,
                        -0.6160079285281743,
                        0.0,
                        -0.0,
                        0.0,
                        0.0
                    ],
                    [
                        0.0,
                        0.0,
                        0.0,
                        0.0,
                        0.0,
                        0.0,
                        0.0,
                        0.0
                    ]
                ]
            },
            "est_params": {
                "mui": [
                    0.0009390449647591017,
                    -0.001946746394842532,
                    -9.469202153886925e-05,
                    0.0015828938458510551,
                    -0.0002750821170531721,
                    -0.003108300268430929,
                    -0.0017002011153625324,
                    1.0000003143169516
                ],
                "Si": [
                    [
                        1.0018236055720495,
                        0.9971498071511923,
                        0.9890946327076631,
                        -2.5171586801021335,
                        1.7478459450337467,
                        3.230340847168008,
                        1.023269442166793,
                        -2.94584327917458e-08
                    ],
                    [
                        0.9971498071511923,
                        1.995122567072586,
                        1.9751508781774554,
                        -4.047101990993102,
                        2.6077055644702876,
                        5.56874804945904,
                        2.04555859216805,
                        1.833593532571843e-07
                    ],
                    [
                        0.9890946327076631,
                        1.9751508781774554,
                        2.9603826180325483,
                        -4.82925120766469,
                        2.7858673342479157,
                        5.870125201706846,
                        1.8205563758716636,
                        3.2125170406997676e-07
                    ],
                    [
                        -2.5171586801021335,
                        -4.047101990993102,
                        -4.82925120766469,
                        10.365468319527087,
                        -6.798609168658803,
                        -13.616863847451102,
                        -4.600007838281178,
                        -4.0717682545640946e-07
                    ],
                    [
                        1.7478459450337467,
                        2.6077055644702876,
                        2.7858673342479157,
                        -6.798609168658803,
                        5.666632675110614,
                        10.004129533790469,
                        3.191618569995048,
                        3.949334920348132e-08
                    ],
                    [
                        3.230340847168008,
                        5.56874804945904,
                        5.870125201706846,
                        -13.616863847451102,
                        10.00412953379047,
                        20.259212846796824,
                        6.617593435176201,
                        6.742794036807237e-07
                    ],
                    [
                        1.023269442166793,
                        2.0455585921680504,
                        1.8205563758716634,
                        -4.60000783828118,
                        3.191618569995048,
                        6.617593435176202,
                        3.519804806861563,
                        4.993792707869206e-07
                    ],
                    [
                        -2.945843279174579e-08,
                        1.833593532571843e-07,
                        3.21251704069977e-07,
                        -4.0717682545640935e-07,
                        3.949334920348111e-08,
                        6.742794036807235e-07,
                        4.993792707869206e-07,
                        1.0082139997134758e-06
                    ]
                ]
            },
            "est_tgt": [
                7
            ],
            "oracle_est_tgt": [
                7
            ]
        },
        "3": {
            "intv_type": "do",
            "inode": 3,
            "new_mui": 1.0,
            "new_vari": null,
            "noise_type": "gaussian",
            "obs_noise_gamma_shape": null,
            "true_params": {
                "Si": [
                    [
                        1.0,
                        0.9951932794415205,
                        0.9851052976499604,
                        0.0,
                        -0.5265432869062617,
                        -0.7495412230893987,
                        -0.5224238161588364,
                        -0.08661008853825897
                    ],
                    [
                        0.9951932794415205,
                        1.9904096634455684,
                        1.9702334656582878,
                        0.0,
                        -1.0530987981236668,
                        -0.8375950840633168,
                        -0.44612997153608225,
                        0.9640893258940718
                    ],
                    [
                        0.9851052976499604,
                        1.9702334656582878,
                        2.9502617880582975,
                        0.0,
                        -1.5769284185396275,
                        -1.7662283363182614,
                        -1.1503186297003816,
                        1.6979348868601722
                    ],
                    [
                        0.0,
                        0.0,
                        0.0,
                        1e-09,
                        -9.048814464848594e-10,
                        -1.5835715722234643e-09,
                        -6.160079285281744e-10,
                        8.043523206367016e-11
                    ],
                    [
                        -0.5265432869062617,
                        -1.0530987981236668,
                        -1.5769284185396275,
                        -9.048814464848594e-10,
                        1.8428754525035587,
                        1.7598706041076304,
                        0.6148505690366103,
                        -0.8182499121427986
                    ],
                    [
                        -0.7495412230893987,
                        -0.8375950840633168,
                        -1.7662283363182614,
                        -1.5835715722234643e-09,
                        1.7598706041076304,
                        3.113965473474211,
                        1.0489653384204451,
                        0.259866436965725
                    ],
                    [
                        -0.5224238161588364,
                        -0.44612997153608225,
                        -1.1503186297003816,
                        -6.160079285281744e-10,
                        0.6148505690366103,
                        1.0489653384204451,
                        1.7806417365779903,
                        -0.9858347924952915
                    ],
                    [
                        -0.08661008853825897,
                        0.9640893258940718,
                        1.6979348868601722,
                        8.043523206367016e-11,
                        -0.8182499121427986,
                        0.259866436965725,
                        -0.9858347924952915,
                        3.8473855990286014
                    ]
                ],
                "mui": [
                    0.0,
                    0.0,
                    0.0,
                    1.0,
                    -0.9048814464848594,
                    -1.5835715722234642,
                    -0.6160079285281743,
                    0.08043523206367015
                ],
                "Ai": [
                    [
                        0.0,
                        0.0,
                        0.0,
                        0.0,
                        0.0,
                        0.0,
                        0.0,
                        0.0
                    ],
                    [
                        0.9951932794415205,
                        0.0,
                        0.0,
                        0.0,
                        0.0,
                        0.0,
                        0.0,
                        0.0
                    ],
                    [
                        -0.0,
                        0.9898632938948088,
                        0.0,
                        0.0,
                        0.0,
                        0.0,
                        0.0,
                        0.0
                    ],
                    [
                        0.0,
                        0.0,
                        0.0,
                        0.0,
                        0.0,
                        0.0,
                        0.0,
                        0.0
                    ],
                    [
                        0.0,
                        -0.0,
                        -0.5345045734322703,
                        -0.9048814464848594,
                        0.0,
                        0.0,
                        0.0,
                        0.0
                    ],
                    [
                        -0.6583250950348815,
                        0.8359676636701763,
                        -0.5010676717641542,
                        -0.8453570911149718,
                        0.8158134791869052,
                        0.0,
                        0.0,
                        0.0
                    ],
                    [
                        -0.595851862666513,
                        0.7753096513169453,
                        -0.708710946570478,
                        -0.6160079285281743,
                        0.0,
                        -0.0,
                        0.0,
                        0.0
                    ],
                    [
                        -0.8758580373082943,
                        -0.0,
                        0.8377783138290618,
                        0.5766850971383237,
                        -0.6573455200994314,
                        0.9152209291645255,
                        -0.5815642932425875,
                        0.0
                    ]
                ]
            },
            "est_params": {
                "mui": [
                    0.00056510188382541,
                    -0.0007511668126647058,
                    -0.0030992987531233696,
                    0.999999820122728,
                    -0.9017979558019965,
                    -1.5786049946436884,
                    -0.6159234690369476,
                    0.08030788389051471
                ],
                "Si": [
                    [
                        0.9976070718047697,
                        0.9930264457048789,
                        0.9793097837356218,
                        -4.048099471990036e-09,
                        -0.5195094749875327,
                        -0.743462140781288,
                        -0.5229853401999942,
                        -0.08924329190702887
                    ],
                    [
                        0.9930264457048789,
                        1.9875459614038964,
                        1.9635389643935066,
                        9.728516257884377e-08,
                        -1.048607338518175,
                        -0.8343435214856951,
                        -0.4437777662540971,
                        0.9586763127802842
                    ],
                    [
                        0.979309783735622,
                        1.9635389643935066,
                        2.9393599652806386,
                        -6.908127645107845e-08,
                        -1.569610292413345,
                        -1.7577673925602284,
                        -1.145380860562822,
                        1.6906635610320506
                    ],
                    [
                        -4.048099471990101e-09,
                        9.728516257884373e-08,
                        -6.908127645107847e-08,
                        1.0055006889933815e-06,
                        -1.3907527651940384e-08,
                        -9.388931728360339e-08,
                        7.85006022444648e-08,
                        -2.160271807445102e-07
                    ],
                    [
                        -0.5195094749875327,
                        -1.048607338518175,
                        -1.569610292413345,
                        -1.3907527651940392e-08,
                        1.837942672932914,
                        1.7529956598121825,
                        0.6091139450890407,
                        -0.8143889423853626
                    ],
                    [
                        -0.743462140781288,
                        -0.8343435214856951,
                        -1.7577673925602284,
                        -9.388931728360344e-08,
                        1.752995659812182,
