{
    "expt_args": {
        "save_dir": "all_expt_logs/expt_logs_sim_compsel_backwardbugfixed_cameraready_half",
        "exp_name": "321",
        "num_nodes": 8,
        "num_tgt_prior": 9,
        "obs_noise_mean": 0.0,
        "obs_noise_var": 1.0,
        "obs_noise_gamma_shape": null,
        "noise_type": "gaussian",
        "max_edge_strength": 1.0,
        "graph_sparsity_method": "adj_dense_prop",
        "adj_dense_prop": 0.8,
        "num_parents": null,
        "new_noise_mean": 1.0,
        "mix_samples": 4096,
        "stage2_samples": 4096,
        "gmm_tol": 0.001,
        "intv_type": "do",
        "new_noise_var": null,
        "dtype": "simulation",
        "cutoff_drop_ratio": 0.07,
        "intv_targets": [
            5,
            2,
            4,
            6
        ]
    },
    "intv_args_dict": {
        "5": {
            "intv_type": "do",
            "inode": 5,
            "new_mui": 1.0,
            "new_vari": null,
            "noise_type": "gaussian",
            "obs_noise_gamma_shape": null,
            "true_params": {
                "Si": [
                    [
                        1.0,
                        0.8504839780861224,
                        0.1737103535365534,
                        -0.5816322536314378,
                        1.562495264622132,
                        0.0,
                        1.1910337272257336,
                        -1.8036781377757982
                    ],
                    [
                        0.8504839780861224,
                        1.7233229969811958,
                        -0.7009157651712479,
                        -1.1785527585418625,
                        3.0786209995885505,
                        0.0,
                        1.5810526874493969,
                        -3.611040778574764
                    ],
                    [
                        0.1737103535365534,
                        -0.7009157651712479,
                        1.7503882836762825,
                        0.47934496899020257,
                        -2.0997018798253375,
                        0.0,
                        -0.2752231923091768,
                        1.8925244510476227
                    ],
                    [
                        -0.5816322536314378,
                        -1.1785527585418625,
                        0.47934496899020257,
                        1.8059931928604034,
                        -2.1054191686212276,
                        0.0,
                        -1.9119494822870646,
                        2.9704878379240265
                    ],
                    [
                        1.562495264622132,
                        3.0786209995885505,
                        -2.0997018798253375,
                        -2.1054191686212276,
                        7.2883400403074505,
                        0.0,
                        2.8550097924488,
                        -7.3453117996500055
                    ],
                    [
                        0.0,
                        0.0,
                        0.0,
                        0.0,
                        0.0,
                        1e-09,
                        -8.673443994732973e-10,
                        6.768278391087728e-10
                    ],
                    [
                        1.1910337272257336,
                        1.5810526874493969,
                        -0.2752231923091768,
                        -1.9119494822870646,
                        2.8550097924488,
                        -8.673443994732973e-10,
                        3.4313472163512913,
                        -3.7443438864041148
                    ],
                    [
                        -1.8036781377757982,
                        -3.611040778574764,
                        1.8925244510476227,
                        2.9704878379240265,
                        -7.3453117996500055,
                        6.768278391087728e-10,
                        -3.7443438864041148,
                        9.264758774653492
                    ]
                ],
                "mui": [
                    0.0,
                    0.0,
                    0.0,
                    0.0,
                    0.0,
                    1.0,
                    -0.8673443994732972,
                    0.6768278391087728
                ],
                "Ai": [
                    [
                        0.0,
                        0.0,
                        0.0,
                        0.0,
                        0.0,
                        0.0,
                        0.0,
                        0.0
                    ],
                    [
                        0.8504839780861224,
                        0.0,
                        0.0,
                        0.0,
                        0.0,
                        0.0,
                        0.0,
                        0.0
                    ],
                    [
                        0.8954766753293976,
                        -0.8486536376817625,
                        0.0,
                        0.0,
                        0.0,
                        0.0,
                        0.0,
                        0.0
                    ],
                    [
                        0.0,
                        -0.6838838456902007,
                        0.0,
                        0.0,
                        0.0,
                        0.0,
                        0.0,
                        0.0
                    ],
                    [
                        0.8679349613764225,
                        0.9976694743620727,
                        -0.8861970342628043,
                        -0.0,
                        0.0,
                        0.0,
                        0.0,
                        0.0
                    ],
                    [
                        0.0,
                        0.0,
                        0.0,
                        0.0,
                        0.0,
                        0.0,
                        0.0,
                        0.0
                    ],
                    [
                        0.7078758331226176,
                        0.0,
                        -0.0,
                        -0.8306930901553442,
                        0.0,
                        -0.8673443994732972,
                        0.0,
                        0.0
                    ],
                    [
                        0.0,
                        -0.8594661332107641,
                        0.0,
                        0.500955383328181,
                        -0.5000617735551326,
                        0.6768278391087728,
                        0.0,
                        0.0
                    ]
                ]
            },
            "est_params": {
                "mui": [
                    0.015228502371959171,
                    0.07008094155896026,
                    -0.020910070003604692,
                    -0.09427892194433582,
                    0.08944642211644886,
                    0.9999970832280274,
                    -0.7418782652768346,
                    0.5061710752932232
                ],
                "Si": [
                    [
                        0.9991065519207075,
                        0.8432297486302561,
                        0.24804218404620784,
                        -0.5603951803195726,
                        1.4909577332767237,
                        1.6784184635791063e-06,
                        1.2211198265882894,
                        -1.7590852984291145
                    ],
                    [
                        0.8432297486302561,
                        1.5986986571989064,
                        -0.5577725627083917,
                        -1.1349187432935555,
                        2.797195653104433,
                        -1.2540055778422502e-06,
                        1.6282157378284707,
                        -3.3272516373848755
                    ],
                    [
                        0.24804218404620784,
                        -0.5577725627083918,
                        1.7532891973702864,
                        0.4178386918055517,
                        -1.9243549444765535,
                        -2.7791333716807403e-06,
                        -0.2190737205093703,
                        1.6077312760749112
                    ],
                    [
                        -0.5603951803195726,
                        -1.1349187432935555,
                        0.4178386918055517,
                        1.7648523922223016,
                        -1.963640328438684,
                        9.336848965434225e-07,
                        -1.9217347633448623,
                        2.827400704112417
                    ],
                    [
                        1.4909577332767234,
                        2.797195653104433,
                        -1.9243549444765535,
                        -1.963640328438684,
                        6.7857107920676585,
                        -2.771537277121724e-06,
                        2.8673695837915414,
                        -6.739131778035749
                    ],
                    [
                        1.6784184635791059e-06,
                        -1.2540055778422495e-06,
                        -2.77913337168074e-06,
                        9.336848965434225e-07,
                        -2.771537277121724e-06,
                        1.0142660209832828e-06,
                        8.28932539924813e-06,
                        6.091364146146702e-06
                    ],
                    [
                        1.2211198265882894,
                        1.6282157378284707,
                        -0.2190737205093703,
                        -1.9217347633448623,
                        2.8673695837915414,
                        8.289325399248131e-06,
                        3.493910852249694,
                        -3.893032626206229
                    ],
                    [
                        -1.7590852984291145,
                        -3.3272516373848755,
                        1.6077312760749112,
                        2.827400704112417,
                        -6.739131778035749,
                        6.0913641461467e-06,
                        -3.8930326262062294,
                        8.602073474815775
                    ]
                ]
            },
            "est_tgt": [
                1,
                2,
                4,
                5,
                7
            ],
            "oracle_est_tgt": [
                1,
                5,
                7
            ]
        },
        "2": {
            "intv_type": "do",
            "inode": 2,
            "new_mui": 1.0,
            "new_vari": null,
            "noise_type": "gaussian",
            "obs_noise_gamma_shape": null,
            "true_params": {
                "Si": [
                    [
                        1.0,
                        0.8504839780861224,
                        0.0,
                        -0.5816322536314378,
                        1.7164368647469688,
                        -0.1263524210830893,
                        1.3006247920120428,
                        -1.9661772834859683
                    ],
                    [
                        0.8504839780861224,
                        1.7233229969811958,
                        0.0,
                        -1.1785527585418625,
                        2.4574715272257466,
                        -0.4675099128239311,
                        1.9865447920354828,
                        -3.6168513958407367
                    ],
                    [
                        0.0,
                        0.0,
                        1e-09,
                        0.0,
                        -8.861970342628044e-10,
                        -1.6373618374135834e-09,
                        1.420156619591979e-09,
                        -6.650588135830488e-10
                    ],
                    [
                        -0.5816322536314378,
                        -1.1785527585418625,
                        0.0,
                        1.8059931928604034,
                        -1.6806250787133141,
                        1.1517470401190535,
                        -2.9109108271442725,
                        3.5375990122926413
                    ],
                    [
                        1.7164368647469688,
                        2.4574715272257466,
                        -8.861970342628044e-10,
                        -1.6806250787133141,
                        4.9414998915216435,
                        0.3559032822968772,
                        2.3024170970097053,
                        -5.18420168180614
                    ],
                    [
                        -0.1263524210830893,
                        -0.4675099128239311,
                        -1.6373618374135834e-09,
                        1.1517470401190535,
                        0.3559032822968772,
                        2.706469356988298,
                        -3.3936311723049153,
                        2.632622996937454
                    ],
                    [
                        1.3006247920120428,
                        1.9865447920354828,
                        1.420156619591979e-09,
                        -2.9109108271442725,
                        2.3024170970097053,
                        -3.3936311723049153,
                        7.28220135956925,
                        -6.6138592501845705
                    ],
                    [
                        -1.9661772834859683,
                        -3.6168513958407367,
                        -6.650588135830488e-10,
                        3.5375990122926413,
                        -5.18420168180614,
                        2.632622996937454,
                        -6.6138592501845705,
                        10.254994174522366
                    ]
                ],
                "mui": [
                    0.0,
                    0.0,
                    1.0,
                    0.0,
                    -0.8861970342628043,
                    -1.6373618374135832,
                    1.4201566195919788,
                    -0.6650588135830487
                ],
                "Ai": [
                    [
                        0.0,
                        0.0,
                        0.0,
                        0.0,
                        0.0,
                        0.0,
                        0.0,
                        0.0
                    ],
                    [
                        0.8504839780861224,
                        0.0,
                        0.0,
                        0.0,
                        0.0,
                        0.0,
                        0.0,
                        0.0
                    ],
                    [
                        0.0,
                        0.0,
                        0.0,
                        0.0,
                        0.0,
                        0.0,
                        0.0,
                        0.0
                    ],
                    [
                        0.0,
                        -0.6838838456902007,
                        0.0,
                        0.0,
                        0.0,
                        0.0,
                        0.0,
                        0.0
                    ],
                    [
                        0.8679349613764225,
                        0.9976694743620727,
                        -0.8861970342628043,
                        -0.0,
                        0.0,
                        0.0,
                        0.0,
                        0.0
                    ],
                    [
                        -0.6290424687367561,
                        -0.7208583537291647,
                        -0.811435654061853,
                        0.8320245630387331,
                        0.9319893335445303,
                        0.0,
                        0.0,
                        0.0
                    ],
                    [
                        0.7078758331226176,
                        0.0,
                        -0.0,
                        -0.8306930901553442,
                        0.0,
                        -0.8673443994732972,
                        0.0,
                        0.0
                    ],
                    [
                        0.0,
                        -0.8594661332107641,
                        0.0,
                        0.500955383328181,
                        -0.5000617735551326,
                        0.6768278391087728,
                        0.0,
                        0.0
                    ]
                ]
            },
            "est_params": {
                "mui": [
                    0.027291084276989678,
                    0.03186831669177851,
                    1.0000027116775752,
                    -0.05517438346042201,
                    -0.7975249507531168,
                    -1.7058183775346885,
                    1.5662847092954248,
                    -0.7955434202519368
                ],
                "Si": [
                    [
                        0.9572158470181653,
                        0.8576705185876281,
                        -1.6467599179218286e-07,
                        -0.5317849429253416,
                        1.6692634974385736,
                        -0.1637241959391775,
                        1.2441413727914716,
                        -1.9319497114635062
                    ],
                    [
                        0.8576705185876281,
                        1.8022070883741865,
                        -5.1576024861784405e-06,
                        -1.1291436689730272,
                        2.5114469651932314,
                        -0.481029610036489,
                        1.9292807545701025,
                        -3.7111777743843684
                    ],
                    [
                        -1.6467599179218318e-07,
                        -5.1576024861784405e-06,
                        1.01271031294944e-06,
                        1.0258466540785174e-06,
                        -7.182757865404819e-06,
                        -5.321750589998496e-06,
                        8.648850226309849e-06,
                        7.197197055889742e-06
                    ],
                    [
                        -0.5317849429253416,
                        -1.1291436689730272,
                        1.0258466540785174e-06,
                        1.7769072467674003,
                        -1.551963125489181,
                        1.2470537198716265,
                        -2.8751333598162114,
                        3.467670095032959
                    ],
                    [
                        1.6692634974385736,
                        2.511446965193232,
                        -7.182757865404819e-06,
                        -1.551963125489181,
                        5.005863350817411,
                        0.42279272819212943,
                        2.0527363018918097,
                        -5.123252877924695
                    ],
                    [
                        -0.16372419593917747,
                        -0.481029610036489,
                        -5.321750589998495e-06,
                        1.2470537198716265,
                        0.4227927281921295,
                        3.008190616551754,
                        -3.692780100323336,
                        2.928673350884697
                    ],
                    [
                        1.2441413727914716,
                        1.9292807545701025,
                        8.648850226309845e-06,
                        -2.8751333598162114,
                        2.0527363018918097,
                        -3.6927801003233354,
                        7.291721154997103,
                        -6.658375521676739
                    ],
                    [
                        -1.9319497114635065,
                        -3.7111777743843684,
                        7.197197055889745e-06,
                        3.467670095032959,
                        -5.123252877924695,
                        2.928673350884697,
                        -6.658375521676739,
                        10.513012213554752
                    ]
                ]
            },
            "est_tgt": [
                1,
                2,
                4,
                5,
                7
            ],
            "oracle_est_tgt": [
                1,
                2,
                4,
                5
            ]
        },
        "4": {
            "intv_type": "do",
            "inode": 4,
            "new_mui": 1.0,
            "new_vari": null,
            "noise_type": "gaussian",
            "obs_noise_gamma_shape": null,
            "true_params": {
                "Si": [
                    [
                        1.0,
                        0.8504839780861224,
                        0.1737103535365534,
                        -0.5816322536314378,
                        0.0,
                        -1.8670080450691289,
                        2.810372698888032,
                        -2.2859770053201913
                    ],
                    [
                        0.8504839780861224,
                        1.7233229969811958,
                        -0.7009157651712479,
                        -1.1785527585418625,
                        0.0,
                        -2.189099121333718,
                        3.479755550230113,
                        -3.553183329303651
                    ],
                    [
                        0.1737103535365534,
                        -0.7009157651712479,
                        1.7503882836762825,
                        0.47934496899020257,
                        0.0,
                        -0.625510878507785,
                        0.26731016497417254,
                        0.4191806288456643
                    ],
                    [
                        -0.5816322536314378,
                        -1.1785527585418625,
                        0.47934496899020257,
                        1.8059931928604034,
                        0.0,
                        2.3291140887334754,
                        -3.932093542884397,
                        3.4940574501015997
                    ],
                    [
                        0.0,
                        0.0,
                        0.0,
                        0.0,
                        1e-09,
                        9.319893335445303e-10,
                        -8.083557288186991e-10,
                        1.3073455314023708e-10
                    ],
                    [
                        -1.8670080450691289,
                        -2.189099121333718,
                        -0.625510878507785,
                        2.3291140887334754,
                        9.319893335445303e-10,
                        6.197899700215454,
                        -8.632102448523401,
                        7.243149858808001
                    ],
                    [
                        2.810372698888032,
                        3.479755550230113,
                        0.26731016497417254,
                        -3.932093542884397,
                        -8.083557288186991e-10,
                        -8.632102448523401,
                        13.742763565935448,
                        -10.802982722128302
                    ],
                    [
                        -2.2859770053201913,
                        -3.553183329303651,
                        0.4191806288456643,
                        3.4940574501015997,
                        1.3073455314023708e-10,
                        7.243149858808001,
                        -10.802982722128302,
                        10.70657309312455
                    ]
                ],
                "mui": [
                    0.0,
                    0.0,
                    0.0,
                    0.0,
                    1.0,
                    0.9319893335445303,
                    -0.8083557288186991,
                    0.13073455314023708
                ],
                "Ai": [
                    [
                        0.0,
                        0.0,
                        0.0,
                        0.0,
                        0.0,
                        0.0,
                        0.0,
                        0.0
                    ],
                    [
                        0.8504839780861224,
                        0.0,
                        0.0,
                        0.0,
                        0.0,
                        0.0,
                        0.0,
                        0.0
                    ],
                    [
                        0.8954766753293976,
                        -0.8486536376817625,
                        0.0,
                        0.0,
                        0.0,
                        0.0,
                        0.0,
                        0.0
                    ],
                    [
                        0.0,
                        -0.6838838456902007,
                        0.0,
                        0.0,
                        0.0,
                        0.0,
                        0.0,
                        0.0
                    ],
                    [
                        0.0,
                        0.0,
                        0.0,
                        0.0,
                        0.0,
                        0.0,
                        0.0,
                        0.0
                    ],
                    [
                        -0.6290424687367561,
                        -0.7208583537291647,
                        -0.811435654061853,
                        0.8320245630387331,
                        0.9319893335445303,
                        0.0,
                        0.0,
                        0.0
                    ],
                    [
                        0.7078758331226176,
                        0.0,
                        -0.0,
                        -0.8306930901553442,
                        0.0,
                        -0.8673443994732972,
                        0.0,
                        0.0
                    ],
                    [
                        0.0,
                        -0.8594661332107641,
                        0.0,
                        0.500955383328181,
                        -0.5000617735551326,
                        0.6768278391087728,
                        0.0,
                        0.0
                    ]
                ]
            },
            "est_params": {
                "mui": [
                    -0.018939748696463348,
                    0.017467760009649398,
                    0.01111079154695552,
                    -0.035559709187687305,
                    1.000000342722562,
                    0.9262603570006286,
                    -0.8230028088536943,
                    0.06454971561159244
                ],
                "Si": [
                    [
                        1.022091258958243,
                        0.8100571533687104,
                        0.18927091658405779,
                        -0.5944001854904972,
                        -8.233900097974162e-07,
                        -1.875112453710194,
                        2.82355884148474,
                        -2.2564417154534095
                    ],
                    [
                        0.8100571533687104,
                        1.589541092664417,
                        -0.662763447342998,
                        -1.1593291837761486,
                        -2.2245741175627508e-06,
                        -2.0540964310691754,
                        3.339310881646339,
                        -3.2993256732218113
                    ],
                    [
                        0.18927091658405779,
                        -0.662763447342998,
                        1.70699551671848,
                        0.475279396687883,
                        -4.332634957648666e-07,
                        -0.7168156155252621,
                        0.2514604537966152,
                        0.27974915845876597
                    ],
                    [
                        -0.5944001854904972,
                        -1.1593291837761486,
                        0.475279396687883,
                        1.7990369011385696,
                        1.313044823927613e-06,
                        2.2754102972171513,
                        -3.952794923970747,
                        3.4667983961031332
                    ],
                    [
                        -8.233900097974166e-07,
                        -2.2245741175627508e-06,
                        -4.3326349576486633e-07,
                        1.3130448239276133e-06,
                        1.0011486009325351e-06,
                        3.744532594694577e-06,
                        -5.876768309529752e-06,
                        4.3571577657609816e-06
                    ],
                    [
                        -1.8751124537101942,
                        -2.0540964310691754,
                        -0.7168156155252621,
                        2.2754102972171513,
                        3.7445325946945786e-06,
                        6.1067864199568564,
                        -8.532960217877838,
                        7.061370603076374
                    ],
                    [
                        2.82355884148474,
                        3.339310881646339,
                        0.2514604537966152,
                        -3.9527949239707474,
                        -5.876768309529754e-06,
                        -8.532960217877836,
                        13.636422220116154,
                        -10.631513541471488
                    ],
                    [
                        -2.2564417154534095,
                        -3.2993256732218113,
                        0.2797491584587659,
                        3.4667983961031332,
                        4.357157765760981e-06,
                        7.061370603076374,
                        -10.63151354147149,
                        10.393745981158151
                    ]
                ]
            },
            "est_tgt": [
                1,
                2,
                4,
                5,
                7
            ],
            "oracle_est_tgt": [
                1,
                3,
                4,
                7
            ]
        },
        "6": {
            "intv_type": "do",
            "inode": 6,
            "new_mui": 1.0,
            "new_vari": null,
            "noise_type": "gaussian",
            "obs_noise_gamma_shape": null,
            "true_params": {
                "Si": [
                    [
                        1.0,
                        0.8504839780861224,
                        0.1737103535365534,
                        -0.5816322536314378,
                        1.562495264622132,
                        -0.4107791247274637,
                        0.0,
                        -2.0817048851160806
                    ],
                    [
                        0.8504839780861224,
                        1.7233229969811958,
                        -0.7009157651712479,
                        -1.1785527585418625,
                        3.0786209995885505,
                        0.6801428123090107,
                        0.0,
                        -3.1507011886342924
                    ],
                    [
                        0.1737103535365534,
                        -0.7009157651712479,
                        1.7503882836762825,
                        0.47934496899020257,
                        -2.0997018798253375,
                        -2.5824106341283986,
                        0.0,
                        0.144677041858983
                    ],
                    [
                        -0.5816322536314378,
                        -1.1785527585418625,
                        0.47934496899020257,
                        1.8059931928604034,
                        -2.1054191686212276,
                        0.3668858809382985,
                        0.0,
                        3.218806415919014
                    ],
                    [
                        1.562495264622132,
                        3.0786209995885505,
                        -2.0997018798253375,
                        -2.1054191686212276,
                        7.2883400403074505,
                        3.5425421370507455,
                        0.0,
                        -4.947620660078177
                    ],
                    [
                        -0.4107791247274637,
                        0.6801428123090107,
                        -2.5824106341283986,
                        0.3668858809382985,
                        3.5425421370507455,
                        6.47044049883866,
                        0.0,
                        2.2071181011602974
                    ],
                    [
                        0.0,
                        0.0,
                        0.0,
                        0.0,
                        0.0,
                        0.0,
                        1e-09,
                        0.0
                    ],
                    [
                        -2.0817048851160806,
                        -3.1507011886342924,
                        0.144677041858983,
                        3.218806415919014,
                        -4.947620660078177,
                        2.2071181011602974,
                        0.0,
                        9.288354306666882
                    ]
                ],
                "mui": [
                    0.0,
                    0.0,
                    0.0,
                    0.0,
                    0.0,
                    0.0,
                    1.0,
                    0.0
                ],
                "Ai": [
                    [
                        0.0,
                        0.0,
                        0.0,
                        0.0,
                        0.0,
                        0.0,
                        0.0,
                        0.0
                    ],
                    [
                        0.8504839780861224,
                        0.0,
                        0.0,
                        0.0,
                        0.0,
                        0.0,
                        0.0,
                        0.0
                    ],
                    [
                        0.8954766753293976,
                        -0.8486536376817625,
                        0.0,
                        0.0,
                        0.0,
                        0.0,
                        0.0,
                        0.0
                    ],
                    [
                        0.0,
                        -0.6838838456902007,
                        0.0,
                        0.0,
                        0.0,
                        0.0,
                        0.0,
                        0.0
                    ],
                    [
                        0.8679349613764225,
                        0.9976694743620727,
                        -0.8861970342628043,
                        -0.0,
                        0.0,
                        0.0,
                        0.0,
                        0.0
                    ],
                    [
                        -0.6290424687367561,
                        -0.7208583537291647,
                        -0.811435654061853,
                        0.8320245630387331,
                        0.9319893335445303,
                        0.0,
                        0.0,
                        0.0
                    ],
                    [
                        0.0,
                        0.0,
                        0.0,
                        0.0,
                        0.0,
                        0.0,
                        0.0,
                        0.0
                    ],
                    [
                        0.0,
                        -0.8594661332107641,
                        0.0,
                        0.500955383328181,
                        -0.5000617735551326,
                        0.6768278391087728,
                        0.0,
                        0.0
                    ]
                ]
            },
            "est_params": {
                "mui": [
                    0.009355645890131072,
                    0.002713307571056954,
                    -0.005660548076415088,
                    -0.015811632780733827,
                    -0.01661046575995013,
                    -0.013521786351738445,
                    1.0000029238888442,
                    -0.0384791534018757
                ],
                "Si": [
                    [
                        1.0570043762796604,
                        0.8965317998256911,
                        0.16468538328606686,
                        -0.5625297563089813,
                        1.709388618824781,
                        -0.261065466221723,
                        1.3648870060743e-06,
                        -2.126039321775572
                    ],
                    [
                        0.8965317998256911,
                        1.83475584755926,
                        -0.80829492096541,
                        -1.1583876167471328,
                        3.354253035767686,
                        0.9932848842932133,
                        -1.9773205557155486e-07,
                        -3.1785725448309723
                    ],
                    [
                        0.16468538328606686,
                        -0.8082949209654099,
                        1.8444377627070558,
                        0.5020707337173573,
                        -2.246340600972744,
                        -2.7262620934667163,
                        2.844749182633053e-06,
                        0.25205478875700293
                    ],
                    [
                        -0.5625297563089813,
                        -1.1583876167471328,
                        0.5020707337173573,
                        1.6095515258584805,
                        -2.1173065383413143,
                        0.12283470805307445,
                        -1.7165326471767554e-06,
                        2.950892240141969
                    ],
                    [
                        1.709388618824781,
                        3.354253035767686,
                        -2.246340600972744,
                        -2.1173065383413143,
                        7.87419441787033,
                        4.10604716734912,
                        -3.420473188727023e-06,
                        -5.2216657334567556
                    ],
                    [
                        -0.261065466221723,
                        0.9932848842932133,
                        -2.7262620934667163,
                        0.12283470805307445,
                        4.10604716734912,
                        6.704735074748545,
                        -2.4367782652608132e-06,
                        1.6113332768105821
                    ],
                    [
                        1.3648870060742995e-06,
