{
    "expt_args": {
        "save_dir": "all_expt_logs/expt_logs_sim_compsel_backwardbugfixed_cameraready_half",
        "exp_name": "254",
        "num_nodes": 8,
        "num_tgt_prior": 9,
        "obs_noise_mean": 0.0,
        "obs_noise_var": 1.0,
        "obs_noise_gamma_shape": null,
        "noise_type": "gaussian",
        "max_edge_strength": 1.0,
        "graph_sparsity_method": "adj_dense_prop",
        "adj_dense_prop": 0.8,
        "num_parents": null,
        "new_noise_mean": 1.0,
        "mix_samples": 2048,
        "stage2_samples": 2048,
        "gmm_tol": 0.001,
        "intv_type": "do",
        "new_noise_var": null,
        "dtype": "simulation",
        "cutoff_drop_ratio": 0.07,
        "intv_targets": [
            3,
            6,
            5,
            4
        ]
    },
    "intv_args_dict": {
        "3": {
            "intv_type": "do",
            "inode": 3,
            "new_mui": 1.0,
            "new_vari": null,
            "noise_type": "gaussian",
            "obs_noise_gamma_shape": null,
            "true_params": {
                "Si": [
                    [
                        1.0,
                        0.9487430415627272,
                        0.9196513670200921,
                        0.0,
                        -0.005227386894165891,
                        2.2006148648840584,
                        0.0738688695365337,
                        2.793668238936573
                    ],
                    [
                        0.9487430415627272,
                        1.9001133589136945,
                        0.872512835123962,
                        0.0,
                        0.631305102215546,
                        3.4137488589128884,
                        -1.341143300214591,
                        1.703073488609165
                    ],
                    [
                        0.9196513670200921,
                        0.872512835123962,
                        1.845758636861924,
                        0.0,
                        -0.6668832126037835,
                        2.1821140829658403,
                        0.5685374968598264,
                        4.147661742194469
                    ],
                    [
                        0.0,
                        0.0,
                        0.0,
                        1e-09,
                        5.27279870414688e-10,
                        1.0903865155923125e-09,
                        -1.3735264246709707e-09,
                        -1.1376052980620373e-09
                    ],
                    [
                        -0.005227386894165891,
                        0.631305102215546,
                        -0.6668832126037835,
                        5.27279870414688e-10,
                        1.8432043190864433,
                        1.4042125536195667,
                        -1.9858494872113954,
                        -2.51315546303677
                    ],
                    [
                        2.2006148648840584,
                        3.4137488589128884,
                        2.1821140829658403,
                        1.0903865155923125e-09,
                        1.4042125536195667,
                        8.084042479501313,
                        -2.141182743354786,
                        5.414938228242259
                    ],
                    [
                        0.0738688695365337,
                        -1.341143300214591,
                        0.5685374968598264,
                        -1.3735264246709707e-09,
                        -1.9858494872113954,
                        -2.141182743354786,
                        3.8193256174332633,
                        3.6608316902175644
                    ],
                    [
                        2.793668238936573,
                        1.703073488609165,
                        4.147661742194469,
                        -1.1376052980620373e-09,
                        -2.51315546303677,
                        5.414938228242259,
                        3.6608316902175644,
                        14.10657291549666
                    ]
                ],
                "mui": [
                    0.0,
                    0.0,
                    0.0,
                    1.0,
                    0.5272798704146879,
                    1.0903865155923125,
                    -1.3735264246709706,
                    -1.1376052980620373
                ],
                "Ai": [
                    [
                        0.0,
                        0.0,
                        0.0,
                        0.0,
                        0.0,
                        0.0,
                        0.0,
                        0.0
                    ],
                    [
                        0.9487430415627272,
                        0.0,
                        0.0,
                        0.0,
                        0.0,
                        0.0,
                        0.0,
                        0.0
                    ],
                    [
                        0.9196513670200921,
                        -0.0,
                        0.0,
                        0.0,
                        0.0,
                        0.0,
                        0.0,
                        0.0
                    ],
                    [
                        0.0,
                        0.0,
                        0.0,
                        0.0,
                        0.0,
                        0.0,
                        0.0,
                        0.0
                    ],
                    [
                        0.0,
                        0.6362645491569421,
                        -0.6620758391006208,
                        0.5272798704146879,
                        0.0,
                        0.0,
                        0.0,
                        0.0
                    ],
                    [
                        0.7970520560430507,
                        0.8952495891066772,
                        0.6064682526521932,
                        0.7334759455659388,
                        0.6768901868862839,
                        0.0,
                        0.0,
                        0.0
                    ],
                    [
                        0.9523785478477147,
                        -0.9301382279442605,
                        0.0,
                        -0.9748434662166949,
                        -0.7561126089276362,
                        0.0,
                        0.0,
                        0.0
                    ],
                    [
                        0.9124713475228299,
                        -0.5301634934265959,
                        0.5001825354831164,
                        -0.645110959894397,
                        -0.9083237731169318,
                        0.849268476102484,
                        0.6840672114981863,
                        0.0
                    ]
                ]
            },
            "est_params": {
                "mui": [
                    -0.01366867555512446,
                    -0.04223506561799011,
                    0.04367560530266015,
                    0.9999966307860529,
                    0.4574521052955724,
                    1.0089201338095573,
                    -1.254238052465415,
                    -1.0159394158867399
                ],
                "Si": [
                    [
                        1.067381401435255,
                        1.0236390286223662,
                        0.963024001547523,
                        -3.6285299311465286e-06,
                        -0.03242242580487835,
                        2.3033672083963443,
                        0.06910416334785112,
                        2.9579984097996905
                    ],
                    [
                        1.0236390286223662,
                        1.8576049526377636,
                        0.8891346342922252,
                        -5.739800869824045e-06,
                        0.4953207847874248,
                        3.375322091576234,
                        -1.2246623419030946,
                        1.9860396896919534
                    ],
                    [
                        0.963024001547523,
                        0.8891346342922252,
                        1.8991880759178823,
                        -3.914221382223506e-06,
                        -0.6479885005552243,
                        2.2924984620692848,
                        0.5307780664278879,
                        4.221571897093971
                    ],
                    [
                        -3.628529931146529e-06,
                        -5.739800869824045e-06,
                        -3.914221382223507e-06,
                        1.005016567917186e-06,
                        2.4793157088409702e-06,
                        -9.852281131954176e-06,
                        -4.712471008958084e-06,
                        -1.6812155858735847e-05
                    ],
                    [
                        -0.03242242580487832,
                        0.4953207847874248,
                        -0.6479885005552243,
                        2.479315708840971e-06,
                        1.6561452738013125,
                        1.1138517349434311,
                        -1.7104291171366754,
                        -2.3420904815973738
                    ],
                    [
                        2.3033672083963443,
                        3.375322091576234,
                        2.2924984620692848,
                        -9.852281131954176e-06,
                        1.1138517349434311,
                        7.997359672011797,
                        -1.8933951273860712,
                        5.947493976122866
                    ],
                    [
                        0.06910416334785115,
                        -1.2246623419030944,
                        0.5307780664278878,
                        -4.712471008958084e-06,
                        -1.7104291171366754,
                        -1.8933951273860712,
                        3.4724162219742416,
                        3.3158620519608664
                    ],
                    [
                        2.9579984097996905,
                        1.9860396896919537,
                        4.2215718970939715,
                        -1.6812155858735847e-05,
                        -2.3420904815973738,
                        5.947493976122866,
                        3.3158620519608664,
                        14.155279371225147
                    ]
                ]
            },
            "est_tgt": [
                0,
                2,
                3,
                4
            ],
            "oracle_est_tgt": [
                2,
                3,
                6
            ]
        },
        "6": {
            "intv_type": "do",
            "inode": 6,
            "new_mui": 1.0,
            "new_vari": null,
            "noise_type": "gaussian",
            "obs_noise_gamma_shape": null,
            "true_params": {
                "Si": [
                    [
                        1.0,
                        0.9487430415627272,
                        0.9196513670200921,
                        2.208826090645898,
                        1.159442147950185,
                        4.6090890494128285,
                        0.0,
                        2.305743221862588
                    ],
                    [
                        0.9487430415627272,
                        1.9001133589136945,
                        0.872512835123962,
                        2.779138813017341,
                        2.0966890554077593,
                        6.444084345586223,
                        0.0,
                        2.070178058278828
                    ],
                    [
                        0.9196513670200921,
                        0.872512835123962,
                        1.845758636861924,
                        2.6927012522488845,
                        0.7529239547474764,
                        5.1181992189365575,
                        0.0,
                        3.2255327383243326
                    ],
                    [
                        2.208826090645898,
                        2.779138813017341,
                        2.6927012522488845,
                        6.783512113214368,
                        3.5623044508912023,
                        13.268441967788286,
                        0.0,
                        5.545560376799016
                    ],
                    [
                        1.159442147950185,
                        2.0966890554077593,
                        0.7529239547474764,
                        3.5623044508912023,
                        3.713887586686499,
                        8.384578926578662,
                        0.0,
                        1.772233695896888
                    ],
                    [
                        4.6090890494128285,
                        6.444084345586223,
                        5.1181992189365575,
                        13.268441967788286,
                        8.384578926578662,
                        28.954295317994042,
                        0.0,
                        11.763717850218645
                    ],
                    [
                        0.0,
                        0.0,
                        0.0,
                        0.0,
                        0.0,
                        0.0,
                        1e-09,
                        6.840672114981863e-10
                    ],
                    [
                        2.305743221862588,
                        2.070178058278828,
                        3.2255327383243326,
                        5.545560376799016,
                        1.772233695896888,
                        11.763717850218645,
                        6.840672114981863e-10,
                        8.423037893732815
                    ]
                ],
                "mui": [
                    0.0,
                    0.0,
                    0.0,
                    0.0,
                    0.0,
                    0.0,
                    1.0,
                    0.6840672114981863
                ],
                "Ai": [
                    [
                        0.0,
                        0.0,
                        0.0,
                        0.0,
                        0.0,
                        0.0,
                        0.0,
                        0.0
                    ],
                    [
                        0.9487430415627272,
                        0.0,
                        0.0,
                        0.0,
                        0.0,
                        0.0,
                        0.0,
                        0.0
                    ],
                    [
                        0.9196513670200921,
                        -0.0,
                        0.0,
                        0.0,
                        0.0,
                        0.0,
                        0.0,
                        0.0
                    ],
                    [
                        0.95211870784861,
                        0.6835304294948437,
                        0.6613513184767384,
                        0.0,
                        0.0,
                        0.0,
                        0.0,
                        0.0
                    ],
                    [
                        0.0,
                        0.6362645491569421,
                        -0.6620758391006208,
                        0.5272798704146879,
                        0.0,
                        0.0,
                        0.0,
                        0.0
                    ],
                    [
                        0.7970520560430507,
                        0.8952495891066772,
                        0.6064682526521932,
                        0.7334759455659388,
                        0.6768901868862839,
                        0.0,
                        0.0,
                        0.0
                    ],
                    [
                        0.0,
                        0.0,
                        0.0,
                        0.0,
                        0.0,
                        0.0,
                        0.0,
                        0.0
                    ],
                    [
                        0.9124713475228299,
                        -0.5301634934265959,
                        0.5001825354831164,
                        -0.645110959894397,
                        -0.9083237731169318,
                        0.849268476102484,
                        0.6840672114981863,
                        0.0
                    ]
                ]
            },
            "est_params": {
                "mui": [
                    0.0026053363240698176,
                    0.06897921318433528,
                    0.0010785359885224406,
                    0.009860886251581895,
                    0.027884648976923988,
                    0.04683093795101956,
                    0.9999969404684746,
                    0.7228646733114609
                ],
                "Si": [
                    [
                        0.9643177512370885,
                        0.8557214841281676,
                        0.8899657845526942,
                        2.108316321726192,
                        0.9619048833855209,
                        4.362646514277178,
                        -1.8064274728048114e-06,
                        2.299592807783122
                    ],
                    [
                        0.8557214841281676,
                        1.755209588063732,
                        0.8251364827300258,
                        2.5774119330912457,
                        1.7353736812026912,
                        5.850199688773635,
                        -2.0062483258847422e-06,
                        2.0203077934574685
                    ],
                    [
                        0.8899657845526942,
                        0.8251364827300258,
                        1.7827803224381487,
                        2.633003434605455,
                        0.650243027664406,
                        4.947650195145015,
                        -1.466844323337021e-06,
                        3.1320547883125256
                    ],
                    [
                        2.108316321726192,
                        2.5774119330912457,
                        2.633003434605455,
                        6.45281783649224,
                        2.9510891411282687,
                        12.425357659851992,
                        -3.3128390756183318e-06,
                        5.5323838828612155
                    ],
                    [
                        0.9619048833855209,
                        1.735373681202691,
                        0.6502430276644058,
                        2.9510891411282687,
                        2.9714692541237406,
                        6.965111465422681,
                        -3.1384574186620024e-06,
                        1.6323710799165398
                    ],
                    [
                        4.362646514277178,
                        5.8501996887736345,
                        4.947650195145013,
                        12.425357659851992,
                        6.965111465422681,
                        26.747953108597613,
                        -8.772374010641393e-06,
                        11.625463650633328
                    ],
                    [
                        -1.8064274728048114e-06,
                        -2.0062483258847422e-06,
                        -1.4668443233370222e-06,
                        -3.3128390756183326e-06,
                        -3.1384574186620024e-06,
                        -8.772374010641392e-06,
                        1.0016869047235713e-06,
                        -4.519910536876532e-06
                    ],
                    [
                        2.299592807783122,
                        2.0203077934574685,
                        3.1320547883125256,
                        5.532383882861215,
                        1.6323710799165405,
                        11.625463650633328,
                        -4.51991053687653e-06,
                        8.278056237961996
                    ]
                ]
            },
            "est_tgt": [
                6
            ],
            "oracle_est_tgt": [
                2,
                3,
                4,
                6
            ]
        },
        "5": {
            "intv_type": "do",
            "inode": 5,
            "new_mui": 1.0,
            "new_vari": null,
            "noise_type": "gaussian",
            "obs_noise_gamma_shape": null,
            "true_params": {
                "Si": [
                    [
                        1.0,
                        0.9487430415627272,
                        0.9196513670200921,
                        2.208826090645898,
                        1.159442147950185,
                        0.0,
                        -2.960012133468284,
                        -3.633458057495338
                    ],
                    [
                        0.9487430415627272,
                        1.9001133589136945,
                        0.872512835123962,
                        2.779138813017341,
                        2.0966890554077593,
                        0.0,
                        -5.158363897722625,
                        -6.931247241181087
                    ],
                    [
                        0.9196513670200921,
                        0.872512835123962,
                        1.845758636861924,
                        2.6927012522488845,
                        0.7529239547474764,
                        0.0,
                        -3.1299588268486294,
                        -3.2622947195173184
                    ],
                    [
                        2.208826090645898,
                        2.779138813017341,
                        2.6927012522488845,
                        6.783512113214368,
                        3.5623044508912023,
                        0.0,
                        -9.787710439820287,
                        -12.418360900958339
                    ],
                    [
                        1.159442147950185,
                        2.0966890554077593,
                        0.7529239547474764,
                        3.5623044508912023,
                        3.713887586686499,
                        0.0,
                        -7.126789264428297,
                        -10.22372773089225
                    ],
                    [
                        0.0,
                        0.0,
                        0.0,
                        0.0,
                        0.0,
                        1e-09,
                        0.0,
                        8.49268476102484e-10
                    ],
                    [
                        -2.960012133468284,
                        -5.158363897722625,
                        -3.1299588268486294,
                        -9.787710439820287,
                        -7.126789264428297,
                        0.0,
                        17.90908019311932,
                        23.50690516238178
                    ],
                    [
                        -3.633458057495338,
                        -6.931247241181087,
                        -3.2622947195173184,
                        -12.418360900958339,
                        -10.22372773089225,
                        8.49268476102484e-10,
                        23.50690516238178,
                        33.10550377207683
                    ]
                ],
                "mui": [
                    0.0,
                    0.0,
                    0.0,
                    0.0,
                    0.0,
                    1.0,
                    0.0,
                    0.849268476102484
                ],
                "Ai": [
                    [
                        0.0,
                        0.0,
                        0.0,
                        0.0,
                        0.0,
                        0.0,
                        0.0,
                        0.0
                    ],
                    [
                        0.9487430415627272,
                        0.0,
                        0.0,
                        0.0,
                        0.0,
                        0.0,
                        0.0,
                        0.0
                    ],
                    [
                        0.9196513670200921,
                        -0.0,
                        0.0,
                        0.0,
                        0.0,
                        0.0,
                        0.0,
                        0.0
                    ],
                    [
                        0.95211870784861,
                        0.6835304294948437,
                        0.6613513184767384,
                        0.0,
                        0.0,
                        0.0,
                        0.0,
                        0.0
                    ],
                    [
                        0.0,
                        0.6362645491569421,
                        -0.6620758391006208,
                        0.5272798704146879,
                        0.0,
                        0.0,
                        0.0,
                        0.0
                    ],
                    [
                        0.0,
                        0.0,
                        0.0,
                        0.0,
                        0.0,
                        0.0,
                        0.0,
                        0.0
                    ],
                    [
                        0.9523785478477147,
                        -0.9301382279442605,
                        0.0,
                        -0.9748434662166949,
                        -0.7561126089276362,
                        0.0,
                        0.0,
                        0.0
                    ],
                    [
                        0.9124713475228299,
                        -0.5301634934265959,
                        0.5001825354831164,
                        -0.645110959894397,
                        -0.9083237731169318,
                        0.849268476102484,
                        0.6840672114981863,
                        0.0
                    ]
                ]
            },
            "est_params": {
                "mui": [
                    0.014515453739206704,
                    0.1007543223842927,
                    0.036236305855748836,
                    0.09372183578019617,
                    0.05938511834271828,
                    0.9999981201423688,
                    -0.27229108098176796,
                    0.5335745780140461
                ],
                "Si": [
                    [
                        0.9405529091714194,
                        0.9456488993907147,
                        0.9057938695916802,
                        2.1166769001681627,
                        1.1154417689876583,
                        5.811225378400506e-07,
                        -2.9415532429822098,
                        -3.630502126015416
                    ],
                    [
                        0.9456488993907147,
                        1.941999759995875,
                        0.9023510045675498,
                        2.7391850835093177,
                        2.091042035509255,
                        -2.8106934196854783e-06,
                        -5.128903107660073,
                        -6.932146757111738
                    ],
                    [
                        0.9057938695916801,
                        0.90235100456755,
                        1.931014886662061,
                        2.8082119002644883,
                        0.7707787457024989,
                        1.6129456562502329e-06,
                        -3.3633443748063043,
                        -3.596319567807486
                    ],
                    [
                        2.1166769001681627,
                        2.7391850835093177,
                        2.8082119002644883,
                        6.5603470227581795,
                        3.36870821610381,
                        -3.9230169798485236e-07,
                        -9.516731059876859,
                        -11.999778572660485
                    ],
                    [
                        1.1154417689876583,
                        2.091042035509255,
                        0.770778745702499,
                        3.36870821610381,
                        3.4695652299792323,
                        -1.9947096520991562e-06,
                        -6.762485780689543,
                        -9.70165323671095
                    ],
                    [
                        5.811225378400505e-07,
                        -2.8106934196854788e-06,
                        1.6129456562502325e-06,
                        -3.923016979848521e-07,
                        -1.9947096520991562e-06,
                        1.0008457259322686e-06,
                        5.5788667482692465e-06,
                        9.376789920860145e-06
                    ],
                    [
                        -2.9415532429822098,
                        -5.128903107660073,
                        -3.3633443748063043,
                        -9.516731059876859,
                        -6.762485780689543,
                        5.5788667482692465e-06,
                        17.260414616377375,
                        22.5844824260966
                    ],
                    [
                        -3.630502126015416,
                        -6.932146757111738,
                        -3.596319567807486,
                        -11.999778572660485,
                        -9.70165323671095,
                        9.376789920860145e-06,
                        22.5844824260966,
                        31.592481926749528
                    ]
                ]
            },
            "est_tgt": [
                2,
                5,
                7
            ],
            "oracle_est_tgt": [
                2,
                5,
                7
            ]
        },
        "4": {
            "intv_type": "do",
            "inode": 4,
            "new_mui": 1.0,
            "new_vari": null,
            "noise_type": "gaussian",
            "obs_noise_gamma_shape": null,
            "true_params": {
                "Si": [
                    [
                        1.0,
                        0.9487430415627272,
                        0.9196513670200921,
                        2.208826090645898,
                        0.0,
                        3.8242740372029935,
                        -2.083343306081007,
                        1.2672265929734543
                    ],
                    [
                        0.9487430415627272,
                        1.9001133589136945,
                        0.872512835123962,
                        2.779138813017341,
                        0.0,
                        5.024856099028838,
                        -3.573030865928242,
                        0.32515150089190703
                    ],
                    [
                        0.9196513670200921,
                        0.872512835123962,
                        1.845758636861924,
                        2.6927012522488845,
                        0.0,
                        4.608552382496379,
                        -2.5606635311004013,
                        1.724938512331729
                    ],
                    [
                        2.208826090645898,
                        2.779138813017341,
                        2.6927012522488845,
                        6.783512113214368,
                        0.0,
                        10.857153042278702,
                        -7.0942071276624095,
                        1.8805400378028485
                    ],
                    [
                        0.0,
                        0.0,
                        0.0,
                        0.0,
                        1e-09,
                        6.76890186886284e-10,
                        -7.561126089276363e-10,
                        -8.506941195790385e-10
                    ],
                    [
                        3.8242740372029935,
                        5.024856099028838,
                        4.608552382496379,
                        10.857153042278702,
                        6.76890186886284e-10,
                        19.305047147166793,
                        -11.615678898994396,
                        4.575857112407826
                    ],
                    [
                        -2.083343306081007,
                        -3.573030865928242,
                        -2.5606635311004013,
                        -7.0942071276624095,
                        -7.561126089276363e-10,
                        -11.615678898994396,
                        9.255022592472269,
                        -0.24472137511254577
                    ],
                    [
                        1.2672265929734543,
                        0.32515150089190703,
                        1.724938512331729,
                        1.8805400378028485,
                        -8.506941195790385e-10,
                        4.575857112407826,
                        -0.24472137511254577,
                        5.352276959867989
                    ]
                ],
                "mui": [
                    0.0,
                    0.0,
                    0.0,
                    0.0,
                    1.0,
                    0.6768901868862839,
                    -0.7561126089276362,
                    -0.8506941195790385
                ],
                "Ai": [
                    [
                        0.0,
                        0.0,
                        0.0,
                        0.0,
                        0.0,
                        0.0,
                        0.0,
                        0.0
                    ],
                    [
                        0.9487430415627272,
                        0.0,
                        0.0,
                        0.0,
                        0.0,
                        0.0,
                        0.0,
                        0.0
                    ],
                    [
                        0.9196513670200921,
                        -0.0,
                        0.0,
                        0.0,
                        0.0,
                        0.0,
                        0.0,
                        0.0
                    ],
                    [
                        0.95211870784861,
                        0.6835304294948437,
                        0.6613513184767384,
                        0.0,
                        0.0,
                        0.0,
                        0.0,
                        0.0
                    ],
                    [
                        0.0,
                        0.0,
                        0.0,
                        0.0,
                        0.0,
                        0.0,
                        0.0,
                        0.0
                    ],
                    [
                        0.7970520560430507,
                        0.8952495891066772,
                        0.6064682526521932,
                        0.7334759455659388,
                        0.6768901868862839,
                        0.0,
                        0.0,
                        0.0
                    ],
                    [
                        0.9523785478477147,
                        -0.9301382279442605,
                        0.0,
                        -0.9748434662166949,
                        -0.7561126089276362,
                        0.0,
                        0.0,
                        0.0
                    ],
                    [
                        0.9124713475228299,
                        -0.5301634934265959,
                        0.5001825354831164,
                        -0.645110959894397,
                        -0.9083237731169318,
                        0.849268476102484,
                        0.6840672114981863,
                        0.0
                    ]
                ]
            },
            "est_params": {
                "mui": [
                    0.04319412876643882,
                    0.047344222121518495,
                    -0.013029165526347732,
                    0.05423020205438494,
                    0.9999992141106043,
                    0.7700419606035201,
                    -0.8143392800012001,
                    -0.7015124756262404
                ],
                "Si": [
                    [
                        1.0710319793102046,
                        1.0582948379619066,
                        0.9706400952720824,
                        2.4500961192998822,
                        1.8400201688955043e-06,
                        4.2378488140152895,
                        -2.242793200048566,
                        1.393920536001761
                    ],
                    [
                        1.0582948379619066,
                        2.075560771514674,
                        1.0220221833605403,
                        3.191365378881599,
                        1.7738655624267874e-06,
                        5.712651367761033,
                        -3.901835071037791,
                        0.3673087439204533
                    ],
                    [
                        0.9706400952720823,
                        1.0220221833605403,
                        1.824445555241685,
                        2.8866811711310945,
                        1.0503283086399977e-06,
                        5.018069857785487,
                        -2.6384556646041113,
                        1.7613650475134812
                    ],
                    [
                        2.4500961192998822,
                        3.191365378881599,
                        2.8866811711310945,
                        7.623425436495364,
                        3.974168932632628e-06,
                        12.40095672445431,
                        -7.714384521637521,
                        2.1701648686655055
                    ],
                    [
                        1.8400201688955038e-06,
                        1.773865562426788e-06,
                        1.0503283086399975e-06,
                        3.974168932632629e-06,
                        1.0010063143637586e-06,
                        7.052296929613167e-06,
                        -3.199310500462117e-06,
                        1.7318385661924251e-06
                    ],
                    [
                        4.2378488140152895,
                        5.712651367761033,
                        5.018069857785487,
                        12.400956724454309,
                        7.052296929613167e-06,
                        22.060936752149118,
                        -12.740051551207536,
                        5.122774439887408
                    ],
                    [
                        -2.2427932000485664,
                        -3.901835071037791,
