{
    "expt_args": {
        "save_dir": "all_expt_logs/expt_logs_sim_compsel_backwardbugfixed_cameraready_half",
        "exp_name": "212",
        "num_nodes": 6,
        "num_tgt_prior": 7,
        "obs_noise_mean": 0.0,
        "obs_noise_var": 1.0,
        "obs_noise_gamma_shape": null,
        "noise_type": "gaussian",
        "max_edge_strength": 1.0,
        "graph_sparsity_method": "adj_dense_prop",
        "adj_dense_prop": 0.8,
        "num_parents": null,
        "new_noise_mean": 1.0,
        "mix_samples": 8192,
        "stage2_samples": 8192,
        "gmm_tol": 0.001,
        "intv_type": "do",
        "new_noise_var": null,
        "dtype": "simulation",
        "cutoff_drop_ratio": 0.07,
        "intv_targets": [
            5,
            4,
            2
        ]
    },
    "intv_args_dict": {
        "5": {
            "intv_type": "do",
            "inode": 5,
            "new_mui": 1.0,
            "new_vari": null,
            "noise_type": "gaussian",
            "obs_noise_gamma_shape": null,
            "true_params": {
                "Si": [
                    [
                        1.0,
                        -0.9318606025825901,
                        -0.6704147141624434,
                        -1.4801632295904958,
                        -0.8453028564669182,
                        0.0
                    ],
                    [
                        -0.9318606025825901,
                        1.868364182645588,
                        0.6247330595196493,
                        2.341630919934116,
                        1.5069925258624555,
                        0.0
                    ],
                    [
                        -0.6704147141624434,
                        0.6247330595196493,
                        1.4494558889655107,
                        0.9923232084796713,
                        1.3218503468804474,
                        0.0
                    ],
                    [
                        -1.4801632295904958,
                        2.341630919934116,
                        0.9923232084796713,
                        4.116952824522569,
                        2.690823324599992,
                        0.0
                    ],
                    [
                        -0.8453028564669182,
                        1.5069925258624555,
                        1.3218503468804474,
                        2.690823324599992,
                        3.360837769582012,
                        0.0
                    ],
                    [
                        0.0,
                        0.0,
                        0.0,
                        0.0,
                        0.0,
                        1e-09
                    ]
                ],
                "mui": [
                    0.0,
                    0.0,
                    0.0,
                    0.0,
                    0.0,
                    1.0
                ],
                "Ai": [
                    [
                        0.0,
                        0.0,
                        0.0,
                        0.0,
                        0.0,
                        0.0
                    ],
                    [
                        -0.9318606025825901,
                        0.0,
                        0.0,
                        0.0,
                        0.0,
                        0.0
                    ],
                    [
                        -0.6704147141624434,
                        0.0,
                        0.0,
                        0.0,
                        0.0,
                        0.0
                    ],
                    [
                        -0.5834103625600706,
                        0.9623251208873236,
                        0.0,
                        0.0,
                        0.0,
                        0.0
                    ],
                    [
                        0.7673039335864578,
                        -0.0,
                        0.7551468739814817,
                        0.7474481140086836,
                        0.0,
                        0.0
                    ],
                    [
                        0.0,
                        0.0,
                        0.0,
                        0.0,
                        0.0,
                        0.0
                    ]
                ]
            },
            "est_params": {
                "mui": [
                    -0.00968629196974863,
                    0.054616950312671796,
                    -0.012892305106704477,
                    0.017050876726992552,
                    0.021598034382173562,
                    1.0000029510794366
                ],
                "Si": [
                    [
                        0.9790763897802472,
                        -0.9108697696188013,
                        -0.6621153337295331,
                        -1.437792382823359,
                        -0.8488822521456895,
                        -2.3912036402187367e-06
                    ],
                    [
                        -0.9108697696188013,
                        1.858482333437601,
                        0.6161742420812194,
                        2.3296412111813485,
                        1.5276936853493337,
                        4.520707989739325e-06
                    ],
                    [
                        -0.6621153337295331,
                        0.6161742420812194,
                        1.4555388556391233,
                        0.9430394059484999,
                        1.2976165557770811,
                        6.612712689036015e-07
                    ],
                    [
                        -1.437792382823359,
                        2.3296412111813485,
                        0.9430394059485,
                        4.0339439355306475,
                        2.6407650986252755,
                        9.116167820994491e-06
                    ],
                    [
                        -0.8488822521456895,
                        1.5276936853493337,
                        1.2976165557770811,
                        2.6407650986252755,
                        3.2542752840590157,
                        9.960537432765924e-06
                    ],
                    [
                        -2.3912036402187367e-06,
                        4.520707989739325e-06,
                        6.612712689036018e-07,
                        9.116167820994491e-06,
                        9.960537432765923e-06,
                        1.0157514120883943e-06
                    ]
                ]
            },
            "est_tgt": [
                1,
                5
            ],
            "oracle_est_tgt": [
                1,
                5
            ]
        },
        "4": {
            "intv_type": "do",
            "inode": 4,
            "new_mui": 1.0,
            "new_vari": null,
            "noise_type": "gaussian",
            "obs_noise_gamma_shape": null,
            "true_params": {
                "Si": [
                    [
                        1.0,
                        -0.9318606025825901,
                        -0.6704147141624434,
                        -1.4801632295904958,
                        0.0,
                        0.6373582267794119
                    ],
                    [
                        -0.9318606025825901,
                        1.868364182645588,
                        0.6247330595196493,
                        2.341630919934116,
                        0.0,
                        -0.5636663439177264
                    ],
                    [
                        -0.6704147141624434,
                        0.6247330595196493,
                        1.4494558889655107,
                        0.9923232084796713,
                        0.0,
                        -1.023777165164825
                    ],
                    [
                        -1.4801632295904958,
                        2.341630919934116,
                        0.9923232084796713,
                        4.116952824522569,
                        0.0,
                        -0.31995347896315973
                    ],
                    [
                        0.0,
                        0.0,
                        0.0,
                        0.0,
                        1e-09,
                        0.0
                    ],
                    [
                        0.6373582267794119,
                        -0.5636663439177264,
                        -1.023777165164825,
                        -0.31995347896315973,
                        0.0,
                        2.116147227624753
                    ]
                ],
                "mui": [
                    0.0,
                    0.0,
                    0.0,
                    0.0,
                    1.0,
                    0.0
                ],
                "Ai": [
                    [
                        0.0,
                        0.0,
                        0.0,
                        0.0,
                        0.0,
                        0.0
                    ],
                    [
                        -0.9318606025825901,
                        0.0,
                        0.0,
                        0.0,
                        0.0,
                        0.0
                    ],
                    [
                        -0.6704147141624434,
                        0.0,
                        0.0,
                        0.0,
                        0.0,
                        0.0
                    ],
                    [
                        -0.5834103625600706,
                        0.9623251208873236,
                        0.0,
                        0.0,
                        0.0,
                        0.0
                    ],
                    [
                        0.0,
                        0.0,
                        0.0,
                        0.0,
                        0.0,
                        0.0
                    ],
                    [
                        0.6123993516145454,
                        -0.5416646541488643,
                        -0.596482831739424,
                        0.5943181977536025,
                        0.0,
                        0.0
                    ]
                ]
            },
            "est_params": {
                "mui": [
                    0.005812367438744407,
                    -0.009425903090775243,
                    -0.017110510343641663,
                    0.024837188693960375,
                    1.0000000489127487,
                    0.04206545828264887
                ],
                "Si": [
                    [
                        0.9708678436129213,
                        -0.908137592431137,
                        -0.6319802093865585,
                        -1.4326248122899563,
                        -8.993571251737998e-07,
                        0.6351636742444946
                    ],
                    [
                        -0.908137592431137,
                        1.8517161094392391,
                        0.6038328041488429,
                        2.332117592714572,
                        4.0651122576669754e-07,
                        -0.5588860807598687
                    ],
                    [
                        -0.6319802093865585,
                        0.6038328041488429,
                        1.4271306715542442,
                        0.9390451530167604,
                        -1.3015975759385058e-07,
                        -1.0408964896624655
                    ],
                    [
                        -1.4326248122899563,
                        2.332117592714572,
                        0.9390451530167602,
                        4.091848558064114,
                        -3.082869719570787e-07,
                        -0.3406367570035496
                    ],
                    [
                        -8.993571251737998e-07,
                        4.0651122576669754e-07,
                        -1.3015975759385058e-07,
                        -3.082869719570783e-07,
                        1.0035558230186887e-06,
                        -9.12849760949851e-08
                    ],
                    [
                        0.6351636742444946,
                        -0.5588860807598687,
                        -1.0408964896624655,
                        -0.34063675700354956,
                        -9.128497609498537e-08,
                        2.128529108770413
                    ]
                ]
            },
            "est_tgt": [
                4
            ],
            "oracle_est_tgt": [
                4
            ]
        },
        "2": {
            "intv_type": "do",
            "inode": 2,
            "new_mui": 1.0,
            "new_vari": null,
            "noise_type": "gaussian",
            "obs_noise_gamma_shape": null,
            "true_params": {
                "Si": [
                    [
                        1.0,
                        -0.9318606025825901,
                        0.0,
                        -1.4801632295904958,
                        -0.3390412807959605,
                        0.2374673596360211
                    ],
                    [
                        -0.9318606025825901,
                        1.868364182645588,
                        0.0,
                        2.341630919934116,
                        1.0352273088933055,
                        -0.19102379949421178
                    ],
                    [
                        0.0,
                        0.0,
                        1e-09,
                        0.0,
                        7.551468739814818e-10,
                        -5.96482831739424e-10
                    ],
                    [
                        -1.4801632295904958,
                        2.341630919934116,
                        0.0,
                        4.116952824522569,
                        1.9414735557372946,
                        0.2719502784315455
                    ],
                    [
                        -0.3390412807959605,
                        1.0352273088933055,
                        7.551468739814818e-10,
                        1.9414735557372946,
                        2.191003039800889,
                        0.38547836141447195
                    ],
                    [
                        0.2374673596360211,
                        -0.19102379949421178,
                        -5.96482831739424e-10,
                        0.2719502784315455,
                        0.38547836141447195,
                        1.41052069706977
                    ]
                ],
                "mui": [
                    0.0,
                    0.0,
                    1.0,
                    0.0,
                    0.7551468739814817,
                    -0.596482831739424
                ],
                "Ai": [
                    [
                        0.0,
                        0.0,
                        0.0,
                        0.0,
                        0.0,
                        0.0
                    ],
                    [
                        -0.9318606025825901,
                        0.0,
                        0.0,
                        0.0,
                        0.0,
                        0.0
                    ],
                    [
                        0.0,
                        0.0,
                        0.0,
                        0.0,
                        0.0,
                        0.0
                    ],
                    [
                        -0.5834103625600706,
                        0.9623251208873236,
                        0.0,
                        0.0,
                        0.0,
                        0.0
                    ],
                    [
                        0.7673039335864578,
                        -0.0,
                        0.7551468739814817,
                        0.7474481140086836,
                        0.0,
                        0.0
                    ],
                    [
                        0.6123993516145454,
                        -0.5416646541488643,
                        -0.596482831739424,
                        0.5943181977536025,
                        0.0,
                        0.0
                    ]
                ]
            },
            "est_params": {
                "mui": [
                    -0.024310023669886525,
                    0.037167610242300225,
                    0.9999985935064793,
                    0.07241137835214416,
                    0.8295512669478239,
                    -0.5630292431520705
                ],
                "Si": [
                    [
                        1.021058651601452,
                        -0.9362057868885938,
                        -1.7701036839620904e-07,
                        -1.4791711772879448,
                        -0.2869937535694614,
                        0.28902544119572093
                    ],
                    [
                        -0.9362057868885937,
                        1.8839249642083253,
                        2.356270201888531e-06,
                        2.317502217897119,
                        1.002756767693482,
                        -0.28588226599611455
                    ],
                    [
                        -1.7701036839620925e-07,
                        2.356270201888531e-06,
                        1.0040451266677636e-06,
                        -5.368145582514217e-07,
                        2.40251816865335e-06,
                        -5.395651791573195e-08
                    ],
                    [
                        -1.4791711772879448,
                        2.317502217897119,
                        -5.368145582514221e-07,
                        4.063262890316885,
                        1.8321768645290957,
                        0.15954357811088343
                    ],
                    [
                        -0.2869937535694614,
                        1.002756767693482,
                        2.402518168653351e-06,
                        1.832176864529096,
                        2.1434638174175227,
                        0.3163275060211647
                    ],
                    [
                        0.2890254411957209,
                        -0.28588226599611455,
                        -5.395651791573211e-08,
                        0.1595435781108834,
                        0.3163275060211648,
                        1.3886856910605931
                    ]
                ]
            },
            "est_tgt": [
                2
            ],
            "oracle_est_tgt": [
                2
            ]
        },
        "obs": {
            "intv_type": "obs",
            "noise_type": "gaussian",
            "obs_noise_gamma_shape": null,
            "true_params": {
                "Si": [
                    [
                        1.0,
                        -0.9318606025825901,
                        -0.6704147141624434,
                        -1.4801632295904958,
                        -0.8453028564669182,
                        0.6373582267794119
                    ],
                    [
                        -0.9318606025825901,
                        1.868364182645588,
                        0.6247330595196493,
                        2.341630919934116,
                        1.5069925258624555,
                        -0.5636663439177264
                    ],
                    [
                        -0.6704147141624434,
                        0.6247330595196493,
                        1.4494558889655107,
                        0.9923232084796713,
                        1.3218503468804474,
                        -1.023777165164825
                    ],
                    [
                        -1.4801632295904958,
                        2.341630919934116,
                        0.9923232084796713,
                        4.116952824522569,
                        2.690823324599992,
                        -0.31995347896315973
                    ],
                    [
                        -0.8453028564669182,
                        1.5069925258624555,
                        1.3218503468804474,
                        2.690823324599992,
                        3.360837769582012,
                        -0.5232032758378391
                    ],
                    [
                        0.6373582267794119,
                        -0.5636663439177264,
                        -1.023777165164825,
                        -0.31995347896315973,
                        -0.5232032758378391,
                        2.116147227624753
                    ]
                ],
                "mui": [
                    0.0,
                    0.0,
                    0.0,
                    0.0,
                    0.0,
                    0.0
                ],
                "Ai": [
                    [
                        0.0,
                        0.0,
                        0.0,
                        0.0,
                        0.0,
                        0.0
                    ],
                    [
                        -0.9318606025825901,
                        0.0,
                        0.0,
                        0.0,
                        0.0,
                        0.0
                    ],
                    [
                        -0.6704147141624434,
                        0.0,
                        0.0,
                        0.0,
                        0.0,
                        0.0
                    ],
                    [
                        -0.5834103625600706,
                        0.9623251208873236,
                        0.0,
                        0.0,
                        0.0,
                        0.0
                    ],
                    [
                        0.7673039335864578,
                        -0.0,
                        0.7551468739814817,
                        0.7474481140086836,
                        0.0,
                        0.0
                    ],
                    [
                        0.6123993516145454,
                        -0.5416646541488643,
                        -0.596482831739424,
                        0.5943181977536025,
                        0.0,
                        0.0
                    ]
                ]
            },
            "est_params": {
                "mui": [
                    0.05225705648876289,
                    -0.03424692747935621,
                    0.0030115095309718254,
                    -0.015953022509079918,
                    -0.008769087462468423,
                    0.05811200228088589
                ],
                "Si": [
                    [
                        1.0447018899035478,
                        -0.9778728436671602,
                        -0.7404722429662252,
                        -1.5462444585680462,
                        -0.9238110229945069,
                        0.690768617822416
                    ],
                    [
                        -0.9778728436671602,
                        1.8633774183793301,
                        0.7061889719327659,
                        2.3874076701667293,
                        1.5964236393275686,
                        -0.6022344837196834
                    ],
                    [
                        -0.7404722429662252,
                        0.7061889719327659,
                        1.5025063322269137,
                        1.1050909805222249,
                        1.3805069452091563,
                        -1.0856546090550012
                    ],
                    [
                        -1.5462444585680462,
                        2.3874076701667293,
                        1.1050909805222249,
                        4.275802144005048,
                        2.9113677067989303,
                        -0.33193202148437306
                    ],
                    [
                        -0.9238110229945069,
                        1.5964236393275686,
                        1.3805069452091563,
                        2.9113677067989303,
                        3.4761303504271046,
                        -0.4884902570189823
                    ],
                    [
                        0.690768617822416,
                        -0.6022344837196834,
                        -1.0856546090550012,
                        -0.33193202148437306,
                        -0.4884902570189823,
                        2.236514382170694
                    ]
                ]
            },
            "est_tgt": [
                0,
                1,
                2,
                3,
                4,
                5
            ],
            "oracle_est_tgt": [
                0,
                1,
                2,
                3,
                4,
                5
            ]
        }
    },
    "metric_dict": {
        "param_est_rel_err": 5.816901041155223,
        "est_num_comp": 4,
        "weight_precision_error": 0.0015726040609360392,
        "gm_score_dict": {
            "1": -8.736636864336859,
            "2": -8.627132079905365,
            "3": -5.8437739218054086,
            "4": -4.328822553571928,
            "5": -4.3272882050359955,
            "6": -4.3257246656553505,
            "7": -4.326499968291079
        },
        "est_dag": {
            "amat": [
                [
                    0,
                    0,
                    1,
                    1,
                    1,
                    1
                ],
                [
                    0,
                    0,
                    0,
                    0,
                    0,
                    0
                ],
                [
                    0,
                    1,
                    0,
                    0,
                    1,
                    1
                ],
                [
                    0,
                    1,
                    0,
                    0,
                    1,
                    1
                ],
                [
                    0,
                    0,
                    0,
                    0,
                    0,
                    0
                ],
                [
                    0,
                    1,
                    0,
                    0,
                    0,
                    0
                ]
            ],
            "nodes": [
                0,
                1,
                2,
                3,
                4,
                5
            ]
        },
        "oracle_est_dag": {
            "amat": [
                [
                    0,
                    0,
                    1,
                    1,
                    1,
                    1
                ],
                [
                    0,
                    0,
                    0,
                    0,
                    0,
                    0
                ],
                [
                    0,
                    1,
                    0,
                    0,
                    1,
                    1
                ],
                [
                    0,
                    1,
                    0,
                    0,
                    1,
                    1
                ],
                [
                    0,
                    0,
                    0,
                    0,
                    0,
                    0
                ],
                [
                    0,
                    1,
                    0,
                    0,
                    0,
                    0
                ]
            ],
            "nodes": [
                0,
                1,
                2,
                3,
                4,
                5
            ]
        },
        "igsp_dag": null,
        "intv_base_est_dag": null,
        "act_dag": {
            "amat": [
                [
                    0,
                    1,
                    1,
                    1,
                    1,
                    1
                ],
                [
                    0,
                    0,
                    0,
                    1,
                    0,
                    1
                ],
                [
                    0,
                    0,
                    0,
                    0,
                    1,
                    1
                ],
                [
                    0,
                    0,
                    0,
                    0,
                    1,
                    1
                ],
                [
                    0,
                    0,
                    0,
                    0,
                    0,
                    0
                ],
                [
                    0,
                    0,
                    0,
                    0,
                    0,
                    0
                ]
            ],
            "nodes": [
                0,
                1,
                2,
                3,
                4,
                5
            ]
        },
        "shd": 4,
        "oracle_shd": 4,
        "intv_base_shd": null,
        "igsp_shd": null,
        "avg_js": 0.625,
        "avg_oracle_js": 0.625
    }
}