{
    "expt_args": {
        "save_dir": "all_expt_logs/expt_logs_sim_compsel_backwardbugfixed_cameraready_half",
        "exp_name": "214",
        "num_nodes": 6,
        "num_tgt_prior": 7,
        "obs_noise_mean": 0.0,
        "obs_noise_var": 1.0,
        "obs_noise_gamma_shape": null,
        "noise_type": "gaussian",
        "max_edge_strength": 1.0,
        "graph_sparsity_method": "adj_dense_prop",
        "adj_dense_prop": 0.8,
        "num_parents": null,
        "new_noise_mean": 1.0,
        "mix_samples": 32768,
        "stage2_samples": 32768,
        "gmm_tol": 0.001,
        "intv_type": "do",
        "new_noise_var": null,
        "dtype": "simulation",
        "cutoff_drop_ratio": 0.07,
        "intv_targets": [
            3,
            5,
            2
        ]
    },
    "intv_args_dict": {
        "3": {
            "intv_type": "do",
            "inode": 3,
            "new_mui": 1.0,
            "new_vari": null,
            "noise_type": "gaussian",
            "obs_noise_gamma_shape": null,
            "true_params": {
                "Si": [
                    [
                        1.0,
                        -0.6650446720412914,
                        0.6883859895829803,
                        0.0,
                        -2.0374479991226253,
                        2.2280115685974153
                    ],
                    [
                        -0.6650446720412914,
                        1.4422844158105088,
                        -0.45780743468003293,
                        0.0,
                        2.1230765581329796,
                        -1.9259221657771244
                    ],
                    [
                        0.6883859895829803,
                        -0.45780743468003293,
                        1.473875270654139,
                        0.0,
                        -2.3345570602062846,
                        2.641248934835116
                    ],
                    [
                        0.0,
                        0.0,
                        0.0,
                        1e-09,
                        5.532010785205615e-10,
                        -3.1992537585106326e-10
                    ],
                    [
                        -2.0374479991226253,
                        2.1230765581329796,
                        -2.3345570602062846,
                        5.532010785205615e-10,
                        6.609781198708613,
                        -6.491165668037366
                    ],
                    [
                        2.2280115685974153,
                        -1.9259221657771244,
                        2.641248934835116,
                        -3.1992537585106326e-10,
                        -6.491165668037366,
                        7.7223886809379145
                    ]
                ],
                "mui": [
                    0.0,
                    0.0,
                    0.0,
                    1.0,
                    0.5532010785205614,
                    -0.31992537585106323
                ],
                "Ai": [
                    [
                        0.0,
                        0.0,
                        0.0,
                        0.0,
                        0.0,
                        0.0
                    ],
                    [
                        -0.6650446720412914,
                        0.0,
                        0.0,
                        0.0,
                        0.0,
                        0.0
                    ],
                    [
                        0.6883859895829803,
                        -0.0,
                        0.0,
                        0.0,
                        0.0,
                        0.0
                    ],
                    [
                        0.0,
                        0.0,
                        0.0,
                        0.0,
                        0.0,
                        0.0
                    ],
                    [
                        -0.8850585937366962,
                        0.7680826217552879,
                        -0.9320064031063928,
                        0.5532010785205614,
                        0.0,
                        0.0
                    ],
                    [
                        0.6583588207283556,
                        -0.0,
                        0.5685221969904228,
                        -0.0,
                        -0.5783166162774793,
                        0.0
                    ]
                ]
            },
            "est_params": {
                "mui": [
                    -0.015449036337139394,
                    0.015765130887496644,
                    -0.011954656441752165,
                    0.9999991687628583,
                    0.5875503133511947,
                    -0.3643326421871989
                ],
                "Si": [
                    [
                        1.0054587165718236,
                        -0.6704889783808812,
                        0.6883120819224858,
                        7.094493792899877e-07,
                        -2.0353054883285306,
                        2.2400183962262106
                    ],
                    [
                        -0.6704889783808812,
                        1.4554348594272521,
                        -0.4650237927506484,
                        -1.4260396342436947e-06,
                        2.12553630981084,
                        -1.9408717667418158
                    ],
                    [
                        0.688312081922486,
                        -0.4650237927506484,
                        1.4278447301782777,
                        3.367511464229819e-07,
                        -2.2819232892849826,
                        2.6061892251535035
                    ],
                    [
                        7.094493792899879e-07,
                        -1.426039634243695e-06,
                        3.3675114642298223e-07,
                        1.0091279581055333e-06,
                        -1.8746332157076182e-06,
                        2.377004729948496e-06
                    ],
                    [
                        -2.0353054883285306,
                        2.12553630981084,
                        -2.2819232892849826,
                        -1.8746332157076174e-06,
                        6.522014858130547,
                        -6.444832328913102
                    ],
                    [
                        2.2400183962262106,
                        -1.9408717667418158,
                        2.6061892251535035,
                        2.3770047299484956e-06,
                        -6.444832328913102,
                        7.732774967688163
                    ]
                ]
            },
            "est_tgt": [
                1,
                3,
                4
            ],
            "oracle_est_tgt": [
                1,
                2,
                3,
                4,
                5
            ]
        },
        "5": {
            "intv_type": "do",
            "inode": 5,
            "new_mui": 1.0,
            "new_vari": null,
            "noise_type": "gaussian",
            "obs_noise_gamma_shape": null,
            "true_params": {
                "Si": [
                    [
                        1.0,
                        -0.6650446720412914,
                        0.6883859895829803,
                        0.20914312425313064,
                        -1.9217497972206337,
                        0.0
                    ],
                    [
                        -0.6650446720412914,
                        1.4422844158105088,
                        -0.45780743468003293,
                        0.4516493543193053,
                        2.3729294680555344,
                        0.0
                    ],
                    [
                        0.6883859895829803,
                        -0.45780743468003293,
                        1.473875270654139,
                        1.0184963533914921,
                        -1.771123779040852,
                        0.0
                    ],
                    [
                        0.20914312425313064,
                        0.4516493543193053,
                        1.0184963533914921,
                        2.157507514562444,
                        0.4060904618092579,
                        0.0
                    ],
                    [
                        -1.9217497972206337,
                        2.3729294680555344,
                        -1.771123779040852,
                        0.4060904618092579,
                        6.398815444316211,
                        0.0
                    ],
                    [
                        0.0,
                        0.0,
                        0.0,
                        0.0,
                        0.0,
                        1e-09
                    ]
                ],
                "mui": [
                    0.0,
                    0.0,
                    0.0,
                    0.0,
                    0.0,
                    1.0
                ],
                "Ai": [
                    [
                        0.0,
                        0.0,
                        0.0,
                        0.0,
                        0.0,
                        0.0
                    ],
                    [
                        -0.6650446720412914,
                        0.0,
                        0.0,
                        0.0,
                        0.0,
                        0.0
                    ],
                    [
                        0.6883859895829803,
                        -0.0,
                        0.0,
                        0.0,
                        0.0,
                        0.0
                    ],
                    [
                        -0.0,
                        0.5907388747979196,
                        0.8745251568380246,
                        0.0,
                        0.0,
                        0.0
                    ],
                    [
                        -0.8850585937366962,
                        0.7680826217552879,
                        -0.9320064031063928,
                        0.5532010785205614,
                        0.0,
                        0.0
                    ],
                    [
                        0.0,
                        0.0,
                        0.0,
                        0.0,
                        0.0,
                        0.0
                    ]
                ]
            },
            "est_params": {
                "mui": [
                    -0.011641108216561826,
                    0.007756559541848358,
                    0.02519212116563754,
                    0.038513369533389206,
                    0.015281348423493485,
                    1.000000829882897
                ],
                "Si": [
                    [
                        1.0170675742296966,
                        -0.6995071915992488,
                        0.6911132327756249,
                        0.18583917168555433,
                        -1.9752979458252105,
                        -5.280223298594785e-07
                    ],
                    [
                        -0.6995071915992488,
                        1.4739479033723035,
                        -0.4826255978613662,
                        0.4472784907119163,
                        2.4283743758469534,
                        -5.879806733719258e-07
                    ],
                    [
                        0.6911132327756249,
                        -0.4826255978613662,
                        1.4497235513432452,
                        0.9841856675623147,
                        -1.7868866205291525,
                        2.389899981592892e-07
                    ],
                    [
                        0.18583917168555433,
                        0.44727849071191633,
                        0.9841856675623147,
                        2.1132526448755575,
                        0.4267557203394745,
                        -1.4277308185442488e-06
                    ],
                    [
                        -1.975297945825211,
                        2.4283743758469534,
                        -1.7868866205291525,
                        0.4267557203394745,
                        6.489024534896691,
                        -1.5873856930497122e-07
                    ],
                    [
                        -5.280223298594784e-07,
                        -5.879806733719258e-07,
                        2.389899981592891e-07,
                        -1.4277308185442488e-06,
                        -1.587385693049712e-07,
                        1.0044471458266255e-06
                    ]
                ]
            },
            "est_tgt": [
                5
            ],
            "oracle_est_tgt": [
                2,
                4,
                5
            ]
        },
        "2": {
            "intv_type": "do",
            "inode": 2,
            "new_mui": 1.0,
            "new_vari": null,
            "noise_type": "gaussian",
            "obs_noise_gamma_shape": null,
            "true_params": {
                "Si": [
                    [
                        1.0,
                        -0.6650446720412914,
                        0.0,
                        -0.39286774125202395,
                        -1.6132027071991135,
                        1.591300751725416
                    ],
                    [
                        -0.6650446720412914,
                        1.4422844158105088,
                        0.0,
                        0.8520134729344748,
                        2.1677318697628776,
                        -1.6914733859349016
                    ],
                    [
                        0.0,
                        0.0,
                        1e-09,
                        8.745251568380246e-10,
                        -4.4821814315023456e-10,
                        8.277341968912413e-10
                    ],
                    [
                        -0.39286774125202395,
                        0.8520134729344748,
                        8.745251568380246e-10,
                        1.5033174810787737,
                        1.8337645637358964,
                        -1.319144459885
                    ],
                    [
                        -1.6132027071991135,
                        2.1677318697628776,
                        -4.4821814315023456e-10,
                        1.8337645637358964,
                        5.107216632065069,
                        -4.0156544734141555
                    ],
                    [
                        1.591300751725416,
                        -1.6914733859349016,
                        8.277341968912413e-10,
                        -1.319144459885,
                        -4.0156544734141555,
                        4.369966594005074
                    ]
                ],
                "mui": [
                    0.0,
                    0.0,
                    1.0,
                    0.8745251568380246,
                    -0.4482181431502345,
                    0.8277341968912413
                ],
                "Ai": [
                    [
                        0.0,
                        0.0,
                        0.0,
                        0.0,
                        0.0,
                        0.0
                    ],
                    [
                        -0.6650446720412914,
                        0.0,
                        0.0,
                        0.0,
                        0.0,
                        0.0
                    ],
                    [
                        0.0,
                        0.0,
                        0.0,
                        0.0,
                        0.0,
                        0.0
                    ],
                    [
                        -0.0,
                        0.5907388747979196,
                        0.8745251568380246,
                        0.0,
                        0.0,
                        0.0
                    ],
                    [
                        -0.8850585937366962,
                        0.7680826217552879,
                        -0.9320064031063928,
                        0.5532010785205614,
                        0.0,
                        0.0
                    ],
                    [
                        0.6583588207283556,
                        -0.0,
                        0.5685221969904228,
                        -0.0,
                        -0.5783166162774793,
                        0.0
                    ]
                ]
            },
            "est_params": {
                "mui": [
                    0.004089297378588323,
                    0.014195172671950763,
                    0.9999999772291587,
                    0.8840730729430719,
                    -0.4062784395273635,
                    0.8171167565301329
                ],
                "Si": [
                    [
                        0.9969156866155527,
                        -0.6550162469028354,
                        4.3000958645892775e-07,
                        -0.40350915814087696,
                        -1.6252161681872814,
                        1.6009183656940673
                    ],
                    [
                        -0.6550162469028354,
                        1.4622977244561122,
                        -7.797222276176525e-07,
                        0.8761093125177039,
                        2.1779470240818664,
                        -1.693605106554701
                    ],
                    [
                        4.3000958645892754e-07,
                        -7.797222276176525e-07,
                        1.0104044091438655e-06,
                        3.545565727090046e-07,
                        1.5842228558006393e-08,
                        1.0856796889234487e-06
                    ],
                    [
                        -0.4035091581408769,
                        0.8761093125177039,
                        3.545565727090044e-07,
                        1.5340122879738336,
                        1.8702773064706817,
                        -1.3321758155762369
                    ],
                    [
                        -1.6252161681872814,
                        2.1779470240818664,
                        1.5842228558007452e-08,
                        1.8702773064706817,
                        5.164388136647926,
                        -4.043311939022555
                    ],
                    [
                        1.6009183656940673,
                        -1.693605106554701,
                        1.085679688923449e-06,
                        -1.3321758155762369,
                        -4.043311939022554,
                        4.373777016536784
                    ]
                ]
            },
            "est_tgt": [
                1,
                2
            ],
            "oracle_est_tgt": [
                2,
                5
            ]
        },
        "obs": {
            "intv_type": "obs",
            "noise_type": "gaussian",
            "obs_noise_gamma_shape": null,
            "true_params": {
                "Si": [
                    [
                        1.0,
                        -0.6650446720412914,
                        0.6883859895829803,
                        0.20914312425313064,
                        -1.9217497972206337,
                        2.161101375964067
                    ],
                    [
                        -0.6650446720412914,
                        1.4422844158105088,
                        -0.45780743468003293,
                        0.4516493543193053,
                        2.3729294680555344,
                        -2.0704162552106182
                    ],
                    [
                        0.6883859895829803,
                        -0.45780743468003293,
                        1.473875270654139,
                        1.0184963533914921,
                        -1.771123779040852,
                        2.3154061061734055
                    ],
                    [
                        0.20914312425313064,
                        0.4516493543193053,
                        1.0184963533914921,
                        2.157507514562444,
                        0.4060904618092579,
                        0.4818801433275112
                    ],
                    [
                        -1.9217497972206337,
                        2.3729294680555344,
                        -1.771123779040852,
                        0.4060904618092579,
                        6.398815444316211,
                        -5.972665408176445
                    ],
                    [
                        2.161101375964067,
                        -2.0704162552106182,
                        2.3154061061734055,
                        0.4818801433275112,
                        -5.972665408176445,
                        7.193231568775027
                    ]
                ],
                "mui": [
                    0.0,
                    0.0,
                    0.0,
                    0.0,
                    0.0,
                    0.0
                ],
                "Ai": [
                    [
                        0.0,
                        0.0,
                        0.0,
                        0.0,
                        0.0,
                        0.0
                    ],
                    [
                        -0.6650446720412914,
                        0.0,
                        0.0,
                        0.0,
                        0.0,
                        0.0
                    ],
                    [
                        0.6883859895829803,
                        -0.0,
                        0.0,
                        0.0,
                        0.0,
                        0.0
                    ],
                    [
                        -0.0,
                        0.5907388747979196,
                        0.8745251568380246,
                        0.0,
                        0.0,
                        0.0
                    ],
                    [
                        -0.8850585937366962,
                        0.7680826217552879,
                        -0.9320064031063928,
                        0.5532010785205614,
                        0.0,
                        0.0
                    ],
                    [
                        0.6583588207283556,
                        -0.0,
                        0.5685221969904228,
                        -0.0,
                        -0.5783166162774793,
                        0.0
                    ]
                ]
            },
            "est_params": {
                "mui": [
                    -0.44328636049302633,
                    0.41090721262625574,
                    -0.4943583491790482,
                    -0.1550659158874862,
                    1.1950325628062373,
                    -1.3458476056852808
                ],
                "Si": [
                    [
                        0.7747360815763562,
                        -0.47691843558379093,
                        0.42876148427015837,
                        0.12418653057748992,
                        -1.327355083502241,
                        1.4679941687985611
                    ],
                    [
                        -0.47691843558379093,
                        1.3207387169021234,
                        -0.22378276557187224,
                        0.5508393969361245,
                        1.919474554774966,
                        -1.5042504988009433
                    ],
                    [
                        0.42876148427015837,
                        -0.22378276557187224,
                        1.181092252923664,
                        0.8939556864392013,
                        -1.0879232321028554,
                        1.5246336440745594
                    ],
                    [
                        0.12418653057748992,
                        0.5508393969361245,
                        0.8939556864392013,
                        2.062262188637264,
                        0.6642481315240955,
                        0.1733964416276373
                    ],
                    [
                        -1.3273550835022412,
                        1.9194745547749656,
                        -1.0879232321028556,
                        0.6642481315240955,
                        4.921803397162337,
                        -4.192345966395371
                    ],
                    [
                        1.4679941687985614,
                        -1.5042504988009433,
                        1.5246336440745594,
                        0.1733964416276373,
                        -4.192345966395371,
                        5.104635934186484
                    ]
                ]
            },
            "est_tgt": [
                0,
                1,
                2,
                3,
                4,
                5
            ],
            "oracle_est_tgt": [
                0,
                1,
                2,
                3,
                4,
                5
            ]
        },
        "left_comp_1": {
            "true_params": {
                "mui": [
                    0.5769042469283162,
                    -0.5028760257509969,
                    0.628058573348786,
                    0.18846269434717156,
                    -1.5237623918443075,
                    1.7060801994637622
                ],
                "Si": [
                    [
                        0.7222798540148122,
                        -0.36651796107580187,
                        0.3644457062072787,
                        0.10487053440723756,
                        -1.1533494766859371,
                        1.298980989424996
                    ],
                    [
                        -0.36651796107580187,
                        1.0962210016317264,
                        -0.13691428573173925,
                        0.5225842939700648,
                        1.5311480978196221,
                        -1.1511759670878332
                    ],
                    [
                        0.3644457062072787,
                        -0.13691428573173925,
                        1.0737023809662039,
                        0.9245389184423598,
                        -0.8700088678721344,
                        1.3106956269558285
                    ],
                    [
                        0.10487053440723755,
                        0.5225842939700648,
                        0.9245389184423598,
                        2.12069853271952,
                        0.5892194380935337,
                        0.31106621377741367
                    ],
                    [
                        -1.1533494766859371,
                        1.5311480978196221,
                        -0.8700088678721343,
                        0.5892194380935337,
                        4.178202153141361,
                        -3.5111508183640785
                    ],
                    [
                        1.298980989424996,
                        -1.1511759670878332,
                        1.3106956269558285,
                        0.3110662137774136,
                        -3.5111508183640785,
                        4.49977523029633
                    ]
                ]
            },
            "est_params": {
                "mui": [
                    0.5769042469283162,
                    -0.5028760257509969,
                    0.628058573348786,
                    0.18846269434717156,
                    -1.5237623918443075,
                    1.7060801994637622
                ],
                "Si": [
                    [
                        0.7222798540148122,
                        -0.36651796107580187,
                        0.3644457062072787,
                        0.10487053440723756,
                        -1.1533494766859371,
                        1.298980989424996
                    ],
                    [
                        -0.36651796107580187,
                        1.0962210016317264,
                        -0.13691428573173925,
                        0.5225842939700648,
                        1.5311480978196221,
                        -1.1511759670878332
                    ],
                    [
                        0.3644457062072787,
                        -0.13691428573173925,
                        1.0737023809662039,
                        0.9245389184423598,
                        -0.8700088678721344,
                        1.3106956269558285
                    ],
                    [
                        0.10487053440723755,
                        0.5225842939700648,
                        0.9245389184423598,
                        2.12069853271952,
                        0.5892194380935337,
                        0.31106621377741367
                    ],
                    [
                        -1.1533494766859371,
                        1.5311480978196221,
                        -0.8700088678721343,
                        0.5892194380935337,
                        4.178202153141361,
                        -3.5111508183640785
                    ],
                    [
                        1.298980989424996,
                        -1.1511759670878332,
                        1.3106956269558285,
                        0.3110662137774136,
                        -3.5111508183640785,
                        4.49977523029633
                    ]
                ]
            },
            "est_tgt": [
                0,
                2,
                4,
                5
            ]
        }
    },
    "metric_dict": {
        "param_est_rel_err": 24.574983782442384,
        "est_num_comp": 5,
        "weight_precision_error": 0.2070107013116656,
        "gm_score_dict": {
            "1": -8.93131687406537,
            "2": -8.81807524795903,
            "3": -5.853298197363167,
            "4": -5.851907766365833,
            "5": -4.338900599776142,
            "6": -4.338748140733105,
            "7": -4.338837634676116
        },
        "est_dag": {
            "amat": [
                [
                    0,
                    0,
                    1,
                    1,
                    1,
                    1
                ],
                [
                    0,
                    0,
                    0,
                    0,
                    0,
                    0
                ],
                [
                    0,
                    1,
                    0,
                    1,
                    1,
                    1
                ],
                [
                    0,
                    1,
                    0,
                    0,
                    0,
                    0
                ],
                [
                    0,
                    1,
                    0,
                    1,
                    0,
                    1
                ],
                [
                    0,
                    0,
                    0,
                    0,
                    0,
                    0
                ]
            ],
            "nodes": [
                0,
                1,
                2,
                3,
                4,
                5
            ]
        },
        "oracle_est_dag": {
            "amat": [
                [
                    0,
                    0,
                    0,
                    1,
                    1,
                    1
                ],
                [
                    0,
                    0,
                    0,
                    0,
                    0,
                    0
                ],
                [
                    0,
                    1,
                    0,
                    1,
                    1,
                    0
                ],
                [
                    0,
                    1,
                    0,
                    0,
                    0,
                    0
                ],
                [
                    0,
                    1,
                    0,
                    1,
                    0,
                    0
                ],
                [
                    0,
                    0,
                    1,
                    0,
                    1,
                    0
                ]
            ],
            "nodes": [
                0,
                1,
                2,
                3,
                4,
                5
            ]
        },
        "igsp_dag": null,
        "intv_base_est_dag": null,
        "act_dag": {
            "amat": [
                [
                    0,
                    1,
                    1,
                    0,
                    1,
                    1
                ],
                [
                    0,
                    0,
                    0,
                    1,
                    1,
                    0
                ],
                [
                    0,
                    0,
                    0,
                    1,
                    1,
                    1
                ],
                [
                    0,
                    0,
                    0,
                    0,
                    1,
                    0
                ],
                [
                    0,
                    0,
                    0,
                    0,
                    0,
                    1
                ],
                [
                    0,
                    0,
                    0,
                    0,
                    0,
                    0
                ]
            ],
            "nodes": [
                0,
                1,
                2,
                3,
                4,
                5
            ]
        },
        "shd": 6,
        "oracle_shd": 9,
        "intv_base_shd": null,
        "igsp_shd": null,
        "avg_js": 0.4583333333333333,
        "avg_oracle_js": 0.2583333333333333
    }
}