{
    "expt_args": {
        "save_dir": "all_expt_logs/expt_logs_sim_compsel_backwardbugfixed_cameraready_half",
        "exp_name": "157",
        "num_nodes": 8,
        "num_tgt_prior": 9,
        "obs_noise_mean": 0.0,
        "obs_noise_var": 1.0,
        "obs_noise_gamma_shape": null,
        "noise_type": "gaussian",
        "max_edge_strength": 1.0,
        "graph_sparsity_method": "adj_dense_prop",
        "adj_dense_prop": 0.8,
        "num_parents": null,
        "new_noise_mean": 1.0,
        "mix_samples": 8192,
        "stage2_samples": 8192,
        "gmm_tol": 0.001,
        "intv_type": "do",
        "new_noise_var": null,
        "dtype": "simulation",
        "cutoff_drop_ratio": 0.07,
        "intv_targets": [
            5,
            6,
            0,
            7
        ]
    },
    "intv_args_dict": {
        "5": {
            "intv_type": "do",
            "inode": 5,
            "new_mui": 1.0,
            "new_vari": null,
            "noise_type": "gaussian",
            "obs_noise_gamma_shape": null,
            "true_params": {
                "Si": [
                    [
                        1.0,
                        -0.6910233058555855,
                        -1.2075749174882628,
                        0.6612806188854102,
                        2.2235203913798443,
                        0.0,
                        -2.687898399134739,
                        -5.814638341174339
                    ],
                    [
                        -0.6910233058555855,
                        1.477513209235582,
                        1.5831042240795332,
                        -0.4569603193604237,
                        -2.620504981819988,
                        0.0,
                        2.7996293453120686,
                        7.012596840574232
                    ],
                    [
                        -1.2075749174882628,
                        1.5831042240795332,
                        3.0187017448127547,
                        -0.7985458887871366,
                        -4.061483190242563,
                        0.0,
                        5.215787709520166,
                        11.354368542536196
                    ],
                    [
                        0.6612806188854102,
                        -0.4569603193604237,
                        -0.7985458887871366,
                        1.437292056913471,
                        2.0592002022001488,
                        0.0,
                        -1.4059438005684468,
                        -3.319960497844198
                    ],
                    [
                        2.2235203913798443,
                        -2.620504981819988,
                        -4.061483190242563,
                        2.0592002022001488,
                        7.784918050840445,
                        0.0,
                        -8.35467829380639,
                        -18.518133118383822
                    ],
                    [
                        0.0,
                        0.0,
                        0.0,
                        0.0,
                        0.0,
                        1e-09,
                        8.814756555568101e-10,
                        -2.2366756950264488e-10
                    ],
                    [
                        -2.687898399134739,
                        2.7996293453120686,
                        5.215787709520166,
                        -1.4059438005684468,
                        -8.35467829380639,
                        8.814756555568101e-10,
                        11.59126127349302,
                        23.364503172336924
                    ],
                    [
                        -5.814638341174339,
                        7.012596840574232,
                        11.354368542536196,
                        -3.319960497844198,
                        -18.518133118383822,
                        -2.2366756950264488e-10,
                        23.364503172336924,
                        51.24182915346996
                    ]
                ],
                "mui": [
                    0.0,
                    0.0,
                    0.0,
                    0.0,
                    0.0,
                    1.0,
                    0.8814756555568101,
                    -0.22366756950264488
                ],
                "Ai": [
                    [
                        0.0,
                        0.0,
                        0.0,
                        0.0,
                        0.0,
                        0.0,
                        0.0,
                        0.0
                    ],
                    [
                        -0.6910233058555855,
                        0.0,
                        0.0,
                        0.0,
                        0.0,
                        0.0,
                        0.0,
                        0.0
                    ],
                    [
                        -0.6902459772930956,
                        0.7486418125285081,
                        0.0,
                        0.0,
                        0.0,
                        0.0,
                        0.0,
                        0.0
                    ],
                    [
                        0.6612806188854102,
                        -0.0,
                        0.0,
                        0.0,
                        0.0,
                        0.0,
                        0.0,
                        0.0
                    ],
                    [
                        0.6951579717363404,
                        -0.6611021045722685,
                        -0.5648875853337543,
                        0.5888292616841557,
                        0.0,
                        0.0,
                        0.0,
                        0.0
                    ],
                    [
                        0.0,
                        0.0,
                        0.0,
                        0.0,
                        0.0,
                        0.0,
                        0.0,
                        0.0
                    ],
                    [
                        -0.8109934738603637,
                        -0.5737654916897443,
                        0.7781160581408563,
                        0.8785691914714164,
                        -0.8611288673199845,
                        0.8814756555568101,
                        0.0,
                        0.0
                    ],
                    [
                        -0.9715840434577587,
                        0.9200706998268361,
                        0.631343666433887,
                        0.6817444558336881,
                        -0.7755855102259337,
                        -0.9356839547876439,
                        0.8077550194341248,
                        0.0
                    ]
                ]
            },
            "est_params": {
                "mui": [
                    -0.06271234388436443,
                    0.17198114913294704,
                    0.1300751580522816,
                    -0.025603003389556296,
                    -0.35623363365625066,
                    1.0000010461450264,
                    1.1950035997125827,
                    0.6512587752982393
                ],
                "Si": [
                    [
                        1.1439623916082862,
                        -0.8848193817777392,
                        -1.5194141300103874,
                        0.6938695698708098,
                        2.72980409801827,
                        -9.437908882542219e-08,
                        -3.3582493458355254,
                        -7.275747366459521
                    ],
                    [
                        -0.8848193817777392,
                        1.7324826360405479,
                        1.9436601716358475,
                        -0.5530998778647735,
                        -3.279027989354558,
                        -1.7375949955529301e-07,
                        3.5224677278183893,
                        8.64365868850602
                    ],
                    [
                        -1.5194141300103874,
                        1.9436601716358475,
                        3.6020197538304415,
                        -0.870927432769853,
                        -5.062591492662032,
                        3.370934264561246e-07,
                        6.464028812830732,
                        14.109913298744132
                    ],
                    [
                        0.6938695698708098,
                        -0.5530998778647735,
                        -0.8709274327698527,
                        1.4577057094485801,
                        2.226099680217382,
                        -7.112720695859003e-07,
                        -1.5845079942692657,
                        -3.753216444859054
                    ],
                    [
                        2.72980409801827,
                        -3.279027989354558,
                        -5.062591492662032,
                        2.226099680217382,
                        9.588937154744157,
                        6.164351655011585e-07,
                        -10.471821332424451,
                        -23.368051083353667
                    ],
                    [
                        -9.437908882542216e-08,
                        -1.7375949955529315e-07,
                        3.3709342645612507e-07,
                        -7.112720695859003e-07,
                        6.164351655011582e-07,
                        1.001401531333248e-06,
                        -1.3646844936795938e-06,
                        -4.735228803087122e-07
                    ],
                    [
                        -3.3582493458355254,
                        3.52246772781839,
                        6.464028812830732,
                        -1.5845079942692657,
                        -10.471821332424451,
                        -1.3646844936795915e-06,
                        14.331724159413385,
                        29.400990801348563
                    ],
                    [
                        -7.275747366459521,
                        8.64365868850602,
                        14.109913298744132,
                        -3.753216444859054,
                        -23.368051083353667,
                        -4.7352288030871507e-07,
                        29.40099080134856,
                        64.46053791221347
                    ]
                ]
            },
            "est_tgt": [
                0,
                1,
                3,
                4,
                5,
                7
            ],
            "oracle_est_tgt": [
                0,
                1,
                2,
                5,
                6,
                7
            ]
        },
        "6": {
            "intv_type": "do",
            "inode": 6,
            "new_mui": 1.0,
            "new_vari": null,
            "noise_type": "gaussian",
            "obs_noise_gamma_shape": null,
            "true_params": {
                "Si": [
                    [
                        1.0,
                        -0.6910233058555855,
                        -1.2075749174882628,
                        0.6612806188854102,
                        2.2235203913798443,
                        -1.369250011889812,
                        0.0,
                        -2.362289651326217
                    ],
                    [
                        -0.6910233058555855,
                        1.477513209235582,
                        1.5831042240795332,
                        -0.4569603193604237,
                        -2.620504981819988,
                        1.6684831521640264,
                        0.0,
                        3.1900092700299454
                    ],
                    [
                        -1.2075749174882628,
                        1.5831042240795332,
                        3.0187017448127547,
                        -0.7985458887871366,
                        -4.061483190242563,
                        3.5001775219150755,
                        0.0,
                        3.866229893704151
                    ],
                    [
                        0.6612806188854102,
                        -0.4569603193604237,
                        -0.7985458887871366,
                        1.437292056913471,
                        2.0592002022001488,
                        -1.36776599531249,
                        0.0,
                        -0.9045056401746958
                    ],
                    [
                        2.2235203913798443,
                        -2.620504981819988,
                        -4.061483190242563,
                        2.0592002022001488,
                        7.784918050840445,
                        -5.622600223291714,
                        0.0,
                        -6.508622977684899
                    ],
                    [
                        -1.369250011889812,
                        1.6684831521640264,
                        3.5001775219150755,
                        -1.36776599531249,
                        -5.622600223291714,
                        5.932256066321509,
                        0.0,
                        2.9529023962199847
                    ],
                    [
                        0.0,
                        0.0,
                        0.0,
                        0.0,
                        0.0,
                        0.0,
                        1e-09,
                        8.077550194341248e-10
                    ],
                    [
                        -2.362289651326217,
                        3.1900092700299454,
                        3.866229893704151,
                        -0.9045056401746958,
                        -6.508622977684899,
                        2.9529023962199847,
                        8.077550194341248e-10,
                        10.339485325163986
                    ]
                ],
                "mui": [
                    0.0,
                    0.0,
                    0.0,
                    0.0,
                    0.0,
                    0.0,
                    1.0,
                    0.8077550194341248
                ],
                "Ai": [
                    [
                        0.0,
                        0.0,
                        0.0,
                        0.0,
                        0.0,
                        0.0,
                        0.0,
                        0.0
                    ],
                    [
                        -0.6910233058555855,
                        0.0,
                        0.0,
                        0.0,
                        0.0,
                        0.0,
                        0.0,
                        0.0
                    ],
                    [
                        -0.6902459772930956,
                        0.7486418125285081,
                        0.0,
                        0.0,
                        0.0,
                        0.0,
                        0.0,
                        0.0
                    ],
                    [
                        0.6612806188854102,
                        -0.0,
                        0.0,
                        0.0,
                        0.0,
                        0.0,
                        0.0,
                        0.0
                    ],
                    [
                        0.6951579717363404,
                        -0.6611021045722685,
                        -0.5648875853337543,
                        0.5888292616841557,
                        0.0,
                        0.0,
                        0.0,
                        0.0
                    ],
                    [
                        0.8828150989523815,
                        -0.7744493199387048,
                        0.8624517856627087,
                        -0.0,
                        -0.7851299691167841,
                        0.0,
                        0.0,
                        0.0
                    ],
                    [
                        0.0,
                        0.0,
                        0.0,
                        0.0,
                        0.0,
                        0.0,
                        0.0,
                        0.0
                    ],
                    [
                        -0.9715840434577587,
                        0.9200706998268361,
                        0.631343666433887,
                        0.6817444558336881,
                        -0.7755855102259337,
                        -0.9356839547876439,
                        0.8077550194341248,
                        0.0
                    ]
                ]
            },
            "est_params": {
                "mui": [
                    -0.018241262958298726,
                    -0.009651285324494429,
                    -0.040186367275608426,
                    -0.003715960742064118,
                    0.000670061174218069,
                    -0.035153766928572555,
                    1.000001947483892,
                    0.7818242988607659
                ],
                "Si": [
                    [
                        0.9456702270079429,
                        -0.6710320696127016,
                        -1.1381961083289365,
                        0.6322855812062096,
                        2.125423628779626,
                        -1.2905066769857068,
                        -6.451259877051099e-07,
                        -2.2902166740168513
                    ],
                    [
                        -0.6710320696127016,
                        1.4638322819392688,
                        1.5397192899806948,
                        -0.4060091904632792,
                        -2.5760017628010843,
                        1.6302892209128559,
                        1.1316657835765524e-06,
                        3.191378115689184
                    ],
                    [
                        -1.1381961083289365,
                        1.5397192899806948,
                        2.9318772071268078,
                        -0.7676563089394756,
                        -3.9647525971013464,
                        3.465906449086846,
                        1.3861433639615817e-06,
                        3.694809343261001
                    ],
                    [
                        0.6322855812062096,
                        -0.4060091904632792,
                        -0.7676563089394753,
                        1.4346632768071188,
                        1.9874665187159064,
                        -1.3768329729174418,
                        -1.4728075346251795e-06,
                        -0.7670404316605849
                    ],
                    [
                        2.1254236287796253,
                        -2.5760017628010843,
                        -3.9647525971013464,
                        1.9874665187159064,
                        7.627359293392576,
                        -5.584302850016588,
                        -2.3171189050254073e-06,
                        -6.370836725298828
                    ],
                    [
                        -1.2905066769857068,
                        1.6302892209128559,
                        3.465906449086846,
                        -1.376832972917442,
                        -5.584302850016588,
                        6.042890726993725,
                        1.1533377390488126e-06,
                        2.746417749363909
                    ],
                    [
                        -6.451259877051099e-07,
                        1.1316657835765524e-06,
                        1.3861433639615819e-06,
                        -1.4728075346251793e-06,
                        -2.317118905025407e-06,
                        1.153337739048813e-06,
                        1.0025049557719867e-06,
                        1.764095694373685e-06
                    ],
                    [
                        -2.290216674016851,
                        3.191378115689184,
                        3.694809343261001,
                        -0.7670404316605849,
                        -6.370836725298828,
                        2.746417749363909,
                        1.7640956943736855e-06,
                        10.41737367984817
                    ]
                ]
            },
            "est_tgt": [
                0,
                1,
                3,
                4,
                6,
                7
            ],
            "oracle_est_tgt": [
                0,
                1,
                2,
                3,
                5,
                6,
                7
            ]
        },
        "0": {
            "intv_type": "do",
            "inode": 0,
            "new_mui": 1.0,
            "new_vari": null,
            "noise_type": "gaussian",
            "obs_noise_gamma_shape": null,
            "true_params": {
                "Si": [
                    [
                        1e-09,
                        -6.910233058555855e-10,
                        -1.207574917488263e-09,
                        6.612806188854103e-10,
                        2.2235203913798445e-09,
                        -1.3692500118898122e-09,
                        -3.8948589509864815e-09,
                        -5.508381518973478e-09
                    ],
                    [
                        -6.910233058555855e-10,
                        1.0000000004775131,
                        0.7486418133629705,
                        -4.5696031936042366e-10,
                        -1.0840005718678871,
                        0.7222994833513124,
                        1.578918320190889,
                        2.832991265825149
                    ],
                    [
                        -1.207574917488263e-09,
                        0.7486418133629705,
                        1.560464564924207,
                        -7.985458887871367e-10,
                        -1.3764157397736447,
                        1.8467055534399048,
                        3.59777501355288,
                        3.9197089917651735
                    ],
                    [
                        6.612806188854103e-10,
                        -4.569603193604237e-10,
                        -7.985458887871367e-10,
                        1.000000000437292,
                        0.5888292631545267,
                        -0.46230750094659845,
                        -0.036001492930711865,
                        0.628550334256864
                    ],
                    [
                        2.2235203913798445e-09,
                        -1.0840005718678871,
                        -1.3764157397736447,
                        0.5888292631545267,
                        2.840875124902513,
                        -2.578044904002179,
                        -4.650565221159869,
                        -5.012541173465727
                    ],
                    [
                        -1.3692500118898122e-09,
                        0.7222994833513124,
                        1.8467055534399048,
                        -0.46230750094659845,
                        -2.578044904002179,
                        4.057410473136104,
                        6.41288904612397,
                        4.8983805823697
                    ],
                    [
                        -3.8948589509864815e-09,
                        1.578918320190889,
                        3.59777501355288,
                        -0.036001492930711865,
                        -4.650565221159869,
                        6.41288904612397,
                        12.51946940316429,
                        11.418743004123602
                    ],
                    [
                        -5.508381518973478e-09,
                        2.832991265825149,
                        3.9197089917651735,
                        0.628550334256864,
                        -5.012541173465727,
                        4.8983805823697,
                        11.418743004123602,
                        15.037611579103213
                    ]
                ],
                "mui": [
                    1.0,
                    -0.6910233058555855,
                    -1.2075749174882628,
                    0.6612806188854102,
                    2.2235203913798443,
                    -1.369250011889812,
                    -3.8948589509864813,
                    -5.5083815189734775
                ],
                "Ai": [
                    [
                        0.0,
                        0.0,
                        0.0,
                        0.0,
                        0.0,
                        0.0,
                        0.0,
                        0.0
                    ],
                    [
                        -0.6910233058555855,
                        0.0,
                        0.0,
                        0.0,
                        0.0,
                        0.0,
                        0.0,
                        0.0
                    ],
                    [
                        -0.6902459772930956,
                        0.7486418125285081,
                        0.0,
                        0.0,
                        0.0,
                        0.0,
                        0.0,
                        0.0
                    ],
                    [
                        0.6612806188854102,
                        -0.0,
                        0.0,
                        0.0,
                        0.0,
                        0.0,
                        0.0,
                        0.0
                    ],
                    [
                        0.6951579717363404,
                        -0.6611021045722685,
                        -0.5648875853337543,
                        0.5888292616841557,
                        0.0,
                        0.0,
                        0.0,
                        0.0
                    ],
                    [
                        0.8828150989523815,
                        -0.7744493199387048,
                        0.8624517856627087,
                        -0.0,
                        -0.7851299691167841,
                        0.0,
                        0.0,
                        0.0
                    ],
                    [
                        -0.8109934738603637,
                        -0.5737654916897443,
                        0.7781160581408563,
                        0.8785691914714164,
                        -0.8611288673199845,
                        0.8814756555568101,
                        0.0,
                        0.0
                    ],
                    [
                        -0.9715840434577587,
                        0.9200706998268361,
                        0.631343666433887,
                        0.6817444558336881,
                        -0.7755855102259337,
                        -0.9356839547876439,
                        0.8077550194341248,
                        0.0
                    ]
                ]
            },
            "est_params": {
                "mui": [
                    0.9999971285063758,
                    -0.7273713445107914,
                    -1.2419238475244785,
                    0.6876090371356942,
                    2.297685941430248,
                    -1.4360459238073304,
                    -4.017643546481119,
                    -5.6562876181753445
                ],
                "Si": [
                    [
                        1.0253010729966154e-06,
                        -3.223527447804977e-07,
                        4.743991763091488e-09,
                        -6.916926830749201e-07,
                        -4.907832707234396e-06,
                        7.257764213883146e-06,
                        1.315581923835311e-05,
                        7.850098286037665e-06
                    ],
                    [
                        -3.223527447804977e-07,
                        0.9758474595578664,
                        0.730591097609025,
                        -0.046276274897728696,
                        -1.1135036486219587,
                        0.7276474050746502,
                        1.61236254604256,
                        2.809384080704852
                    ],
                    [
                        4.743991763091488e-09,
                        0.7305910976090249,
                        1.52789205827867,
                        -0.026027271837098735,
                        -1.4142401854834534,
                        1.8792171079079096,
                        3.6543203075117865,
                        3.9412609490573436
                    ],
                    [
                        -6.916926830749204e-07,
                        -0.04627627489772869,
                        -0.026027271837098735,
                        0.9880618981642966,
                        0.595145890725665,
                        -0.4257891662770934,
                        0.010511624514607952,
                        0.58896104239892
                    ],
                    [
                        -4.907832707234396e-06,
                        -1.1135036486219587,
                        -1.4142401854834534,
                        0.595145890725665,
                        2.8740757429137416,
                        -2.597857151229169,
                        -4.70065749284339,
                        -5.1079283736794325
                    ],
                    [
                        7.257764213883146e-06,
                        0.7276474050746502,
                        1.87921710790791,
                        -0.4257891662770934,
                        -2.597857151229169,
                        4.122202088706321,
                        6.565679137319676,
                        5.072997405001979
                    ],
                    [
                        1.315581923835311e-05,
                        1.6123625460425597,
                        3.6543203075117865,
                        0.010511624514607947,
                        -4.700657492843389,
                        6.565679137319676,
                        12.740439625522015,
                        11.700571089488083
                    ],
                    [
                        7.850098286037665e-06,
                        2.809384080704852,
                        3.9412609490573436,
                        0.58896104239892,
                        -5.1079283736794325,
                        5.072997405001979,
                        11.700571089488081,
                        15.138649682578725
                    ]
                ]
            },
            "est_tgt": [
                0,
                1,
                2,
                3,
                4,
                7
            ],
            "oracle_est_tgt": [
                0,
                3,
                4,
                5,
                7
            ]
        },
        "7": {
            "intv_type": "do",
            "inode": 7,
            "new_mui": 1.0,
            "new_vari": null,
            "noise_type": "gaussian",
            "obs_noise_gamma_shape": null,
            "true_params": {
                "Si": [
                    [
                        1.0,
                        -0.6910233058555855,
                        -1.2075749174882628,
                        0.6612806188854102,
                        2.2235203913798443,
                        -1.369250011889812,
                        -3.8948589509864813,
                        0.0
                    ],
                    [
                        -0.6910233058555855,
                        1.477513209235582,
                        1.5831042240795332,
                        -0.4569603193604237,
                        -2.620504981819988,
                        1.6684831521640264,
                        4.270356625651347,
                        0.0
                    ],
                    [
                        -1.2075749174882628,
                        1.5831042240795332,
                        3.0187017448127547,
                        -0.7985458887871366,
                        -4.061483190242563,
                        3.5001775219150755,
                        8.301108985215468,
                        0.0
                    ],
                    [
                        0.6612806188854102,
                        -0.4569603193604237,
                        -0.7985458887871366,
                        1.437292056913471,
                        2.0592002022001488,
                        -1.36776599531249,
                        -2.6115962279348373,
                        0.0
                    ],
                    [
                        2.2235203913798443,
                        -2.620504981819988,
                        -4.061483190242563,
                        2.0592002022001488,
                        7.784918050840445,
                        -5.622600223291714,
                        -13.310863511566323,
                        0.0
                    ],
                    [
                        -1.369250011889812,
                        1.6684831521640264,
                        3.5001775219150755,
                        -1.36776599531249,
                        -5.622600223291714,
                        5.932256066321509,
                        11.745924705738314,
                        0.0
                    ],
                    [
                        -3.8948589509864813,
                        4.270356625651347,
                        8.301108985215468,
                        -2.6115962279348373,
                        -13.310863511566323,
                        11.745924705738314,
                        27.68939563607388,
                        0.0
                    ],
                    [
                        0.0,
                        0.0,
                        0.0,
                        0.0,
                        0.0,
                        0.0,
                        0.0,
                        1e-09
                    ]
                ],
                "mui": [
                    0.0,
                    0.0,
                    0.0,
                    0.0,
                    0.0,
                    0.0,
                    0.0,
                    1.0
                ],
                "Ai": [
                    [
                        0.0,
                        0.0,
                        0.0,
                        0.0,
                        0.0,
                        0.0,
                        0.0,
                        0.0
                    ],
                    [
                        -0.6910233058555855,
                        0.0,
                        0.0,
                        0.0,
                        0.0,
                        0.0,
                        0.0,
                        0.0
                    ],
                    [
                        -0.6902459772930956,
                        0.7486418125285081,
                        0.0,
                        0.0,
                        0.0,
                        0.0,
                        0.0,
                        0.0
                    ],
                    [
                        0.6612806188854102,
                        -0.0,
                        0.0,
                        0.0,
                        0.0,
                        0.0,
                        0.0,
                        0.0
                    ],
                    [
                        0.6951579717363404,
                        -0.6611021045722685,
                        -0.5648875853337543,
                        0.5888292616841557,
                        0.0,
                        0.0,
                        0.0,
                        0.0
                    ],
                    [
                        0.8828150989523815,
                        -0.7744493199387048,
                        0.8624517856627087,
                        -0.0,
                        -0.7851299691167841,
                        0.0,
                        0.0,
                        0.0
                    ],
                    [
                        -0.8109934738603637,
                        -0.5737654916897443,
                        0.7781160581408563,
                        0.8785691914714164,
                        -0.8611288673199845,
                        0.8814756555568101,
                        0.0,
                        0.0
                    ],
                    [
                        0.0,
                        0.0,
                        0.0,
                        0.0,
                        0.0,
                        0.0,
                        0.0,
                        0.0
                    ]
                ]
            },
            "est_params": {
                "mui": [
                    0.015141206935330815,
                    0.0241228702829168,
                    -0.03174787171381945,
                    0.0008079495729425823,
                    0.017089517916088016,
                    -0.040977656671866175,
                    -0.12115123677629616,
                    1.0000026891062934
                ],
                "Si": [
                    [
                        0.9268307707974878,
                        -0.659626222875555,
                        -1.1540587465760852,
                        0.5675422506197276,
                        2.0940502159878904,
                        -1.2997928800881944,
                        -3.712611322302771,
                        -8.373433801473775e-08
                    ],
                    [
                        -0.659626222875555,
                        1.448087175374741,
                        1.5446396658734494,
                        -0.4014258146527067,
                        -2.5675163154811407,
                        1.61138675790925,
                        4.2171721528000345,
                        3.46133588896624e-06
                    ],
                    [
                        -1.1540587465760852,
                        1.5446396658734494,
                        3.0250616592554644,
                        -0.7157946485707207,
                        -4.009112503935015,
                        3.520590894890821,
                        8.352902065897275,
                        9.53738448386923e-07
                    ],
                    [
                        0.5675422506197277,
                        -0.4014258146527067,
                        -0.7157946485707207,
                        1.353207409123894,
                        1.8568953036424292,
                        -1.2036790921886635,
                        -2.2503474540122292,
                        1.8711176998733487e-06
                    ],
                    [
                        2.0940502159878904,
                        -2.5675163154811407,
                        -4.0091125039350155,
                        1.8568953036424292,
                        7.556609307444409,
                        -5.461507996489442,
                        -13.098868284399119,
                        -7.651419155811415e-07
