{
    "expt_args": {
        "save_dir": "all_expt_logs/expt_logs_sim_compsel_backwardbugfixed_cameraready_half",
        "exp_name": "149",
        "num_nodes": 6,
        "num_tgt_prior": 7,
        "obs_noise_mean": 0.0,
        "obs_noise_var": 1.0,
        "obs_noise_gamma_shape": null,
        "noise_type": "gaussian",
        "max_edge_strength": 1.0,
        "graph_sparsity_method": "adj_dense_prop",
        "adj_dense_prop": 0.8,
        "num_parents": null,
        "new_noise_mean": 1.0,
        "mix_samples": 65536,
        "stage2_samples": 65536,
        "gmm_tol": 0.001,
        "intv_type": "do",
        "new_noise_var": null,
        "dtype": "simulation",
        "cutoff_drop_ratio": 0.07,
        "intv_targets": [
            4,
            5,
            3
        ]
    },
    "intv_args_dict": {
        "4": {
            "intv_type": "do",
            "inode": 4,
            "new_mui": 1.0,
            "new_vari": null,
            "noise_type": "gaussian",
            "obs_noise_gamma_shape": null,
            "true_params": {
                "Si": [
                    [
                        1.0,
                        0.6949483447506135,
                        0.7595100654408041,
                        1.1128424893992754,
                        0.0,
                        -2.3632409755860078
                    ],
                    [
                        0.6949483447506135,
                        1.4829532018716176,
                        0.527820262799517,
                        0.22699592184113804,
                        0.0,
                        -1.8462575130275318
                    ],
                    [
                        0.7595100654408041,
                        0.527820262799517,
                        1.5768555395058945,
                        1.6726195391083107,
                        0.0,
                        -2.839550016049036
                    ],
                    [
                        1.1128424893992754,
                        0.22699592184113804,
                        1.6726195391083107,
                        3.2215390565194766,
                        0.0,
                        -3.932609326349497
                    ],
                    [
                        0.0,
                        0.0,
                        0.0,
                        0.0,
                        1e-09,
                        0.0
                    ],
                    [
                        -2.3632409755860078,
                        -1.8462575130275318,
                        -2.839550016049036,
                        -3.932609326349497,
                        0.0,
                        8.020024613135966
                    ]
                ],
                "mui": [
                    0.0,
                    0.0,
                    0.0,
                    0.0,
                    1.0,
                    0.0
                ],
                "Ai": [
                    [
                        0.0,
                        0.0,
                        0.0,
                        0.0,
                        0.0,
                        0.0
                    ],
                    [
                        0.6949483447506135,
                        0.0,
                        0.0,
                        0.0,
                        0.0,
                        0.0
                    ],
                    [
                        0.7595100654408041,
                        0.0,
                        0.0,
                        0.0,
                        0.0,
                        0.0
                    ],
                    [
                        0.8641208716865796,
                        -0.5463721241350405,
                        0.8274044671593597,
                        0.0,
                        0.0,
                        0.0
                    ],
                    [
                        0.0,
                        0.0,
                        0.0,
                        0.0,
                        0.0,
                        0.0
                    ],
                    [
                        -0.9530356223935041,
                        -0.5043065188647624,
                        -0.589761937196086,
                        -0.5497707456123994,
                        -0.0,
                        0.0
                    ]
                ]
            },
            "est_params": {
                "mui": [
                    -0.008025154697675051,
                    -0.015017852322243444,
                    -0.015629405905010964,
                    -0.024376773662388062,
                    0.9999997090298435,
                    0.021253708215492308
                ],
                "Si": [
                    [
                        1.0098855844345835,
                        0.7027077463239485,
                        0.7885154645863556,
                        1.1354095927288885,
                        -1.417612309931711e-07,
                        -2.411815144327382
                    ],
                    [
                        0.7027077463239485,
                        1.4803123739243196,
                        0.5385953903351902,
                        0.24971933830682358,
                        -3.1316844901939597e-07,
                        -1.877982201087499
                    ],
                    [
                        0.7885154645863556,
                        0.5385953903351903,
                        1.6227415422205362,
                        1.723338012626206,
                        -4.1738304705238394e-07,
                        -2.9286597622683863
                    ],
                    [
                        1.1354095927288885,
                        0.24971933830682352,
                        1.723338012626206,
                        3.251304028385821,
                        2.842077403164638e-07,
                        -4.021434082165564
                    ],
                    [
                        -1.4176123099317115e-07,
                        -3.13168449019396e-07,
                        -4.1738304705238373e-07,
                        2.8420774031646393e-07,
                        1.012171506871265e-06,
                        7.864600108677142e-07
                    ],
                    [
                        -2.411815144327382,
                        -1.8779822010874985,
                        -2.9286597622683863,
                        -4.021434082165564,
                        7.864600108677138e-07,
                        8.198199771115513
                    ]
                ]
            },
            "est_tgt": [
                3,
                4
            ],
            "oracle_est_tgt": [
                2,
                3,
                4
            ]
        },
        "5": {
            "intv_type": "do",
            "inode": 5,
            "new_mui": 1.0,
            "new_vari": null,
            "noise_type": "gaussian",
            "obs_noise_gamma_shape": null,
            "true_params": {
                "Si": [
                    [
                        1.0,
                        0.6949483447506135,
                        0.7595100654408041,
                        1.1128424893992754,
                        -0.04366098140784498,
                        0.0
                    ],
                    [
                        0.6949483447506135,
                        1.4829532018716176,
                        0.527820262799517,
                        0.22699592184113804,
                        -0.09488969270468421,
                        0.0
                    ],
                    [
                        0.7595100654408041,
                        0.527820262799517,
                        1.5768555395058945,
                        1.6726195391083107,
                        -0.13598603117854274,
                        0.0
                    ],
                    [
                        1.1128424893992754,
                        0.22699592184113804,
                        1.6726195391083107,
                        3.2215390565194766,
                        -1.0097563065797117,
                        0.0
                    ],
                    [
                        -0.04366098140784498,
                        -0.09488969270468421,
                        -0.13598603117854274,
                        -1.0097563065797117,
                        1.8472182945976554,
                        0.0
                    ],
                    [
                        0.0,
                        0.0,
                        0.0,
                        0.0,
                        0.0,
                        1e-09
                    ]
                ],
                "mui": [
                    0.0,
                    0.0,
                    0.0,
                    0.0,
                    0.0,
                    1.0
                ],
                "Ai": [
                    [
                        0.0,
                        0.0,
                        0.0,
                        0.0,
                        0.0,
                        0.0
                    ],
                    [
                        0.6949483447506135,
                        0.0,
                        0.0,
                        0.0,
                        0.0,
                        0.0
                    ],
                    [
                        0.7595100654408041,
                        0.0,
                        0.0,
                        0.0,
                        0.0,
                        0.0
                    ],
                    [
                        0.8641208716865796,
                        -0.5463721241350405,
                        0.8274044671593597,
                        0.0,
                        0.0,
                        0.0
                    ],
                    [
                        0.866816024904466,
                        -0.5624879398040505,
                        0.6512362520382475,
                        -0.9113575745600544,
                        0.0,
                        0.0
                    ],
                    [
                        0.0,
                        0.0,
                        0.0,
                        0.0,
                        0.0,
                        0.0
                    ]
                ]
            },
            "est_params": {
                "mui": [
                    -0.007964545706818026,
                    0.00016658100723628772,
                    -0.0031222233112962153,
                    -0.008737971756969736,
                    0.002196802069685696,
                    1.0000000564480023
                ],
                "Si": [
                    [
                        1.007736022773558,
                        0.6941433893783466,
                        0.763884160815757,
                        1.1141310173696317,
                        -0.04079324177322094,
                        -7.883142653011344e-07
                    ],
                    [
                        0.6941433893783467,
                        1.4735067308635934,
                        0.5160320643455152,
                        0.21901263724368752,
                        -0.10585252064011672,
                        -1.1595722438567076e-06
                    ],
                    [
                        0.763884160815757,
                        0.5160320643455152,
                        1.5945142741355673,
                        1.693290773050577,
                        -0.12492265954999222,
                        -1.0252986387471033e-06
                    ],
                    [
                        1.1141310173696317,
                        0.21901263724368744,
                        1.693290773050577,
                        3.2405905754065083,
                        -0.9965308472529922,
                        1.6123844426921293e-07
                    ],
                    [
                        -0.04079324177322094,
                        -0.10585252064011672,
                        -0.12492265954999222,
                        -0.9965308472529925,
                        1.842175310067886,
                        -7.769748706387287e-07
                    ],
                    [
                        -7.883142653011342e-07,
                        -1.1595722438567076e-06,
                        -1.0252986387471035e-06,
                        1.6123844426921277e-07,
                        -7.769748706387287e-07,
                        1.006847276062037e-06
                    ]
                ]
            },
            "est_tgt": [
                5
            ],
            "oracle_est_tgt": [
                5
            ]
        },
        "3": {
            "intv_type": "do",
            "inode": 3,
            "new_mui": 1.0,
            "new_vari": null,
            "noise_type": "gaussian",
            "obs_noise_gamma_shape": null,
            "true_params": {
                "Si": [
                    [
                        1.0,
                        0.6949483447506135,
                        0.7595100654408041,
                        0.0,
                        0.9705364505984517,
                        -1.7514327304398096
                    ],
                    [
                        0.6949483447506135,
                        1.4829532018716176,
                        0.527820262799517,
                        0.0,
                        0.1119847600594791,
                        -1.7214617958259555
                    ],
                    [
                        0.7595100654408041,
                        0.527820262799517,
                        1.5768555395058945,
                        0.0,
                        1.3883684551449633,
                        -1.919992724907592
                    ],
                    [
                        0.0,
                        0.0,
                        0.0,
                        1e-09,
                        -9.113575745600545e-10,
                        -5.497707456123994e-10
                    ],
                    [
                        0.9705364505984517,
                        0.1119847600594791,
                        1.3883684551449633,
                        -9.113575745600545e-10,
                        2.6824423411646428,
                        -1.8002373239103726
                    ],
                    [
                        -1.7514327304398096,
                        -1.7214617958259555,
                        -1.919992724907592,
                        -5.497707456123994e-10,
                        -1.8002373239103726,
                        4.66966081709287
                    ]
                ],
                "mui": [
                    0.0,
                    0.0,
                    0.0,
                    1.0,
                    -0.9113575745600544,
                    -0.5497707456123994
                ],
                "Ai": [
                    [
                        0.0,
                        0.0,
                        0.0,
                        0.0,
                        0.0,
                        0.0
                    ],
                    [
                        0.6949483447506135,
                        0.0,
                        0.0,
                        0.0,
                        0.0,
                        0.0
                    ],
                    [
                        0.7595100654408041,
                        0.0,
                        0.0,
                        0.0,
                        0.0,
                        0.0
                    ],
                    [
                        0.0,
                        0.0,
                        0.0,
                        0.0,
                        0.0,
                        0.0
                    ],
                    [
                        0.866816024904466,
                        -0.5624879398040505,
                        0.6512362520382475,
                        -0.9113575745600544,
                        0.0,
                        0.0
                    ],
                    [
                        -0.9530356223935041,
                        -0.5043065188647624,
                        -0.589761937196086,
                        -0.5497707456123994,
                        -0.0,
                        0.0
                    ]
                ]
            },
            "est_params": {
                "mui": [
                    -0.008241041893033735,
                    0.01337655382069458,
                    0.0007531076763496296,
                    0.9999995680669517,
                    -0.9260399104513174,
                    -0.533925442691632
                ],
                "Si": [
                    [
                        1.0007681234316543,
                        0.6875934773026655,
                        0.7667613014196404,
                        -5.5741366261911574e-08,
                        0.9905065384512334,
                        -1.7619793715627226
                    ],
                    [
                        0.6875934773026655,
                        1.4639823787145292,
                        0.5307735443020141,
                        4.58284589186889e-07,
                        0.12429302146503472,
                        -1.6990923760372947
                    ],
                    [
                        0.7667613014196404,
                        0.5307735443020141,
                        1.5682755944040874,
                        5.648376712112983e-08,
                        1.3923635053774217,
                        -1.9228991538664484
                    ],
                    [
                        -5.574136626191152e-08,
                        4.582845891868891e-07,
                        5.6483767121130145e-08,
                        1.0065198455878067e-06,
                        -3.3937823013864473e-07,
                        8.099195536857962e-07
                    ],
                    [
                        0.9905065384512334,
                        0.12429302146503472,
                        1.3923635053774217,
                        -3.3937823013864494e-07,
                        2.7136678955431948,
                        -1.831076326908396
                    ],
                    [
                        -1.761979371562723,
                        -1.6990923760372947,
                        -1.9228991538664484,
                        8.099195536857962e-07,
                        -1.8310763269083965,
                        4.6611068738186265
                    ]
                ]
            },
            "est_tgt": [
                2,
                3,
                4
            ],
            "oracle_est_tgt": [
                1,
                2,
                3,
                4
            ]
        },
        "obs": {
            "intv_type": "obs",
            "noise_type": "gaussian",
            "obs_noise_gamma_shape": null,
            "true_params": {
                "Si": [
                    [
                        1.0,
                        0.6949483447506135,
                        0.7595100654408041,
                        1.1128424893992754,
                        -0.04366098140784498,
                        -2.3632409755860078
                    ],
                    [
                        0.6949483447506135,
                        1.4829532018716176,
                        0.527820262799517,
                        0.22699592184113804,
                        -0.09488969270468421,
                        -1.8462575130275318
                    ],
                    [
                        0.7595100654408041,
                        0.527820262799517,
                        1.5768555395058945,
                        1.6726195391083107,
                        -0.13598603117854274,
                        -2.839550016049036
                    ],
                    [
                        1.1128424893992754,
                        0.22699592184113804,
                        1.6726195391083107,
                        3.2215390565194766,
                        -1.0097563065797117,
                        -3.932609326349497
                    ],
                    [
                        -0.04366098140784498,
                        -0.09488969270468421,
                        -0.13598603117854274,
                        -1.0097563065797117,
                        1.8472182945976554,
                        0.7247978239289984
                    ],
                    [
                        -2.3632409755860078,
                        -1.8462575130275318,
                        -2.839550016049036,
                        -3.932609326349497,
                        0.7247978239289984,
                        8.020024613135966
                    ]
                ],
                "mui": [
                    0.0,
                    0.0,
                    0.0,
                    0.0,
                    0.0,
                    0.0
                ],
                "Ai": [
                    [
                        0.0,
                        0.0,
                        0.0,
                        0.0,
                        0.0,
                        0.0
                    ],
                    [
                        0.6949483447506135,
                        0.0,
                        0.0,
                        0.0,
                        0.0,
                        0.0
                    ],
                    [
                        0.7595100654408041,
                        0.0,
                        0.0,
                        0.0,
                        0.0,
                        0.0
                    ],
                    [
                        0.8641208716865796,
                        -0.5463721241350405,
                        0.8274044671593597,
                        0.0,
                        0.0,
                        0.0
                    ],
                    [
                        0.866816024904466,
                        -0.5624879398040505,
                        0.6512362520382475,
                        -0.9113575745600544,
                        0.0,
                        0.0
                    ],
                    [
                        -0.9530356223935041,
                        -0.5043065188647624,
                        -0.589761937196086,
                        -0.5497707456123994,
                        -0.0,
                        0.0
                    ]
                ]
            },
            "est_params": {
                "mui": [
                    -0.005314848246723885,
                    -0.012327067755135302,
                    -0.008215797669990931,
                    -0.008097999773173966,
                    0.005898466888673345,
                    0.034085878987239915
                ],
                "Si": [
                    [
                        0.9928674462616796,
                        0.6921078550618435,
                        0.7522574480637397,
                        1.1068086477803776,
                        -0.03165470409343245,
                        -2.3370773131639826
                    ],
                    [
                        0.6921078550618435,
                        1.4938514597035113,
                        0.5274501623131297,
                        0.22254248072391528,
                        -0.08014831629221372,
                        -1.843993885399206
                    ],
                    [
                        0.7522574480637397,
                        0.5274501623131297,
                        1.564855194114101,
                        1.6642687290545446,
                        -0.13399655657668708,
                        -2.802780626415084
                    ],
                    [
                        1.1068086477803776,
                        0.22254248072391528,
                        1.6642687290545446,
                        3.2201143198440696,
                        -1.0185752984903238,
                        -3.8921252654949505
                    ],
                    [
                        -0.03165470409343245,
                        -0.08014831629221372,
                        -0.13399655657668708,
                        -1.0185752984903238,
                        1.8664250081872873,
                        0.714441475304874
                    ],
                    [
                        -2.3370773131639826,
                        -1.843993885399206,
                        -2.802780626415084,
                        -3.8921252654949505,
                        0.714441475304874,
                        7.89676490585345
                    ]
                ]
            },
            "est_tgt": [
                0,
                1,
                2,
                3,
                4,
                5
            ],
            "oracle_est_tgt": [
                0,
                1,
                2,
                3,
                4,
                5
            ]
        }
    },
    "metric_dict": {
        "param_est_rel_err": 2.3810588736889917,
        "est_num_comp": 4,
        "weight_precision_error": 0.0011970193851945088,
        "gm_score_dict": {
            "1": -9.116540364539889,
            "2": -9.047432705483953,
            "3": -5.911823033497351,
            "4": -4.338225301182812,
            "5": -4.338335927834049,
            "6": -4.339063571533835,
            "7": -4.338365237036457
        },
        "est_dag": {
            "amat": [
                [
                    0,
                    0,
                    1,
                    1,
                    0,
                    1
                ],
                [
                    1,
                    0,
                    0,
                    1,
                    1,
                    1
                ],
                [
                    0,
                    0,
                    0,
                    1,
                    0,
                    1
                ],
                [
                    0,
                    0,
                    0,
                    0,
                    0,
                    1
                ],
                [
                    0,
                    0,
                    1,
                    1,
                    0,
                    0
                ],
                [
                    0,
                    0,
                    0,
                    0,
                    0,
                    0
                ]
            ],
            "nodes": [
                0,
                1,
                2,
                3,
                4,
                5
            ]
        },
        "oracle_est_dag": {
            "amat": [
                [
                    0,
                    1,
                    1,
                    1,
                    0,
                    1
                ],
                [
                    0,
                    0,
                    0,
                    1,
                    0,
                    1
                ],
                [
                    0,
                    0,
                    0,
                    1,
                    0,
                    1
                ],
                [
                    0,
                    0,
                    0,
                    0,
                    0,
                    1
                ],
                [
                    0,
                    1,
                    1,
                    1,
                    0,
                    0
                ],
                [
                    0,
                    0,
                    0,
                    0,
                    0,
                    0
                ]
            ],
            "nodes": [
                0,
                1,
                2,
                3,
                4,
                5
            ]
        },
        "igsp_dag": null,
        "intv_base_est_dag": null,
        "act_dag": {
            "amat": [
                [
                    0,
                    1,
                    1,
                    1,
                    1,
                    1
                ],
                [
                    0,
                    0,
                    0,
                    1,
                    1,
                    1
                ],
                [
                    0,
                    0,
                    0,
                    1,
                    1,
                    1
                ],
                [
                    0,
                    0,
                    0,
                    0,
                    1,
                    1
                ],
                [
                    0,
                    0,
                    0,
                    0,
                    0,
                    0
                ],
                [
                    0,
                    0,
                    0,
                    0,
                    0,
                    0
                ]
            ],
            "nodes": [
                0,
                1,
                2,
                3,
                4,
                5
            ]
        },
        "shd": 4,
        "oracle_shd": 4,
        "intv_base_shd": null,
        "igsp_shd": null,
        "avg_js": 0.4583333333333333,
        "avg_oracle_js": 0.3958333333333333
    }
}