{
    "expt_args": {
        "save_dir": "all_expt_logs/expt_logs_sim_compsel_backwardbugfixed_cameraready_half",
        "exp_name": "126",
        "num_nodes": 8,
        "num_tgt_prior": 9,
        "obs_noise_mean": 0.0,
        "obs_noise_var": 1.0,
        "obs_noise_gamma_shape": null,
        "noise_type": "gaussian",
        "max_edge_strength": 1.0,
        "graph_sparsity_method": "adj_dense_prop",
        "adj_dense_prop": 0.8,
        "num_parents": null,
        "new_noise_mean": 1.0,
        "mix_samples": 32768,
        "stage2_samples": 32768,
        "gmm_tol": 0.001,
        "intv_type": "do",
        "new_noise_var": null,
        "dtype": "simulation",
        "cutoff_drop_ratio": 0.07,
        "intv_targets": [
            4,
            2,
            6,
            3
        ]
    },
    "intv_args_dict": {
        "4": {
            "intv_type": "do",
            "inode": 4,
            "new_mui": 1.0,
            "new_vari": null,
            "noise_type": "gaussian",
            "obs_noise_gamma_shape": null,
            "true_params": {
                "Si": [
                    [
                        1.0,
                        -0.5794401895765816,
                        0.701602445308891,
                        -1.5806356602551026,
                        0.0,
                        0.8315862865491059,
                        -0.30766836397778796,
                        0.10395410293441448
                    ],
                    [
                        -0.5794401895765816,
                        1.335750933296545,
                        -0.4065366539171771,
                        1.5643081226339413,
                        0.0,
                        -1.6352141250785752,
                        -1.406275667578339,
                        -2.923629582360103
                    ],
                    [
                        0.701602445308891,
                        -0.4065366539171771,
                        1.4922459912634154,
                        -1.9702556266448745,
                        0.0,
                        1.660537362209266,
                        -0.4754713642756847,
                        -0.3638360007055613
                    ],
                    [
                        -1.5806356602551026,
                        1.5643081226339413,
                        -1.9702556266448745,
                        4.6606625763462075,
                        0.0,
                        -3.494812012166917,
                        -0.03409070248360169,
                        -2.169055474148678
                    ],
                    [
                        0.0,
                        0.0,
                        0.0,
                        0.0,
                        1e-09,
                        8.364527589371596e-10,
                        8.091005214040926e-11,
                        9.051310497985202e-10
                    ],
                    [
                        0.8315862865491059,
                        -1.6352141250785752,
                        1.660537362209266,
                        -3.494812012166917,
                        8.364527589371596e-10,
                        4.436763039332384,
                        2.124178518287626,
                        4.0388865917149595
                    ],
                    [
                        -0.30766836397778796,
                        -1.406275667578339,
                        -0.4754713642756847,
                        -0.03409070248360169,
                        8.091005214040926e-11,
                        2.124178518287626,
                        4.704226147015476,
                        6.18196538901221
                    ],
                    [
                        0.10395410293441448,
                        -2.923629582360103,
                        -0.3638360007055613,
                        -2.169055474148678,
                        9.051310497985202e-10,
                        4.0388865917149595,
                        6.18196538901221,
                        11.177618001828728
                    ]
                ],
                "mui": [
                    0.0,
                    0.0,
                    0.0,
                    0.0,
                    1.0,
                    0.8364527589371595,
                    0.08091005214040925,
                    0.9051310497985201
                ],
                "Ai": [
                    [
                        0.0,
                        0.0,
                        0.0,
                        0.0,
                        0.0,
                        0.0,
                        0.0,
                        0.0
                    ],
                    [
                        -0.5794401895765816,
                        0.0,
                        0.0,
                        0.0,
                        0.0,
                        0.0,
                        0.0,
                        0.0
                    ],
                    [
                        0.701602445308891,
                        0.0,
                        0.0,
                        0.0,
                        0.0,
                        0.0,
                        0.0,
                        0.0
                    ],
                    [
                        -0.6006379651232869,
                        0.6484242960042195,
                        -0.8612777822674611,
                        0.0,
                        0.0,
                        0.0,
                        0.0,
                        0.0
                    ],
                    [
                        0.0,
                        0.0,
                        0.0,
                        0.0,
                        0.0,
                        0.0,
                        0.0,
                        0.0
                    ],
                    [
                        -0.8956306757254839,
                        -0.8260134890563058,
                        0.6422927602977095,
                        -0.504833212623544,
                        0.8364527589371595,
                        0.0,
                        0.0,
                        0.0
                    ],
                    [
                        0.0,
                        -0.9628263622495499,
                        -0.6418347380945059,
                        0.7757758949617808,
                        -0.734798945109485,
                        0.9752003188875562,
                        0.0,
                        0.0
                    ],
                    [
                        -0.7972422245175559,
                        -0.9717890638553939,
                        -0.8747014144002798,
                        -0.7729585877538483,
                        0.8341346935862486,
                        0.0,
                        0.8774726295944812,
                        0.0
                    ]
                ]
            },
            "est_params": {
                "mui": [
                    -0.019111454626068478,
                    0.008752852231441724,
                    -0.004475933645405907,
                    0.0015277094247185309,
                    1.0000002449073733,
                    0.8663588954061503,
                    0.08588623252629718,
                    0.917335418837703
                ],
                "Si": [
                    [
                        1.0074634309527495,
                        -0.5657401797172947,
                        0.7178354835018756,
                        -1.5768167800184167,
                        -8.912656942439492e-07,
                        0.8348336185240532,
                        -0.3299922963755623,
                        0.030764944153275735
                    ],
                    [
                        -0.5657401797172947,
                        1.3127672158015866,
                        -0.40068993987372087,
                        1.539765637881815,
                        -6.843820455740371e-08,
                        -1.6058424988942508,
                        -1.34188477306426,
                        -2.841573703965273
                    ],
                    [
                        0.7178354835018756,
                        -0.40068993987372087,
                        1.5153316378739923,
                        -1.970979382122448,
                        4.2681746963277006e-08,
                        1.667197050116844,
                        -0.4937459980325359,
                        -0.4356968060165535
                    ],
                    [
                        -1.5768167800184167,
                        1.5397656378818152,
                        -1.970979382122448,
                        4.618015610101402,
                        5.54983479786503e-07,
                        -3.4666147161382765,
                        0.029340045770165146,
                        -2.0189709231426667
                    ],
                    [
                        -8.912656942439492e-07,
                        -6.843820455740396e-08,
                        4.2681746963277006e-08,
                        5.549834797865028e-07,
                        1.0036265590929122e-06,
                        2.1102543138634827e-07,
                        1.1031587265254957e-06,
                        2.7785971979798006e-06
                    ],
                    [
                        0.8348336185240532,
                        -1.6058424988942508,
                        1.667197050116844,
                        -3.4666147161382765,
                        2.110254313863482e-07,
                        4.391174543500272,
                        2.0148269362796194,
                        3.8625929370056835
                    ],
                    [
                        -0.3299922963755624,
                        -1.34188477306426,
                        -0.4937459980325359,
                        0.029340045770165125,
                        1.1031587265254955e-06,
                        2.0148269362796194,
                        4.5538679910253235,
                        5.986970550767532
                    ],
                    [
                        0.03076494415327573,
                        -2.841573703965273,
                        -0.4356968060165535,
                        -2.018970923142667,
                        2.7785971979798006e-06,
                        3.8625929370056835,
                        5.986970550767532,
                        10.916376098257114
                    ]
                ]
            },
            "est_tgt": [
                0,
                4,
                5,
                6
            ],
            "oracle_est_tgt": [
                4,
                7
            ]
        },
        "2": {
            "intv_type": "do",
            "inode": 2,
            "new_mui": 1.0,
            "new_vari": null,
            "noise_type": "gaussian",
            "obs_noise_gamma_shape": null,
            "true_params": {
                "Si": [
                    [
                        1.0,
                        -0.5794401895765816,
                        0.0,
                        -0.9763610621260334,
                        -2.0538279659090617,
                        -1.6420358398271926,
                        -0.2917003387433852,
                        -1.448590141723134
                    ],
                    [
                        -0.5794401895765816,
                        1.335750933296545,
                        0.0,
                        1.2141671349377208,
                        2.7977911463191365,
                        1.1428843474865467,
                        -1.285447419069343,
                        -0.5688251436808902
                    ],
                    [
                        0.0,
                        0.0,
                        1e-09,
                        -8.612777822674612e-10,
                        1.5983073681552648e-10,
                        1.2107852508533795e-09,
                        -2.466785745152986e-10,
                        -2.9210269092033045e-10
                    ],
                    [
                        -0.9763610621260334,
                        1.2141671349377208,
                        -8.612777822674612e-10,
                        2.373734992026243,
                        3.9878784240673424,
                        2.0088721340189624,
                        -0.2987818508309326,
                        0.8279379262863327
                    ],
                    [
                        -2.0538279659090617,
                        2.7977911463191365,
                        1.5983073681552648e-10,
                        3.9878784240673424,
                        8.686792478016702,
                        4.78133616078938,
                        -1.3203725189386941,
                        1.9234348980927516
                    ],
                    [
                        -1.6420358398271926,
                        1.1428843474865467,
                        1.2107852508533795e-09,
                        2.0088721340189624,
                        4.78133616078938,
                        4.511836232043944,
                        1.344658763188609,
                        3.813862461049289
                    ],
                    [
                        -0.2917003387433852,
                        -1.285447419069343,
                        -2.466785745152986e-10,
                        -0.2987818508309326,
                        -1.3203725189386941,
                        1.344658763188609,
                        4.287394893521415,
                        4.373388713469115
                    ],
                    [
                        -1.448590141723134,
                        -0.5688251436808902,
                        -2.9210269092033045e-10,
                        0.8279379262863327,
                        1.9234348980927516,
                        3.813862461049289,
                        4.373388713469115,
                        7.509626224882248
                    ]
                ],
                "mui": [
                    0.0,
                    0.0,
                    1.0,
                    -0.8612777822674611,
                    0.15983073681552648,
                    1.2107852508533794,
                    -0.24667857451529862,
                    -0.2921026909203304
                ],
                "Ai": [
                    [
                        0.0,
                        0.0,
                        0.0,
                        0.0,
                        0.0,
                        0.0,
                        0.0,
                        0.0
                    ],
                    [
                        -0.5794401895765816,
                        0.0,
                        0.0,
                        0.0,
                        0.0,
                        0.0,
                        0.0,
                        0.0
                    ],
                    [
                        0.0,
                        0.0,
                        0.0,
                        0.0,
                        0.0,
                        0.0,
                        0.0,
                        0.0
                    ],
                    [
                        -0.6006379651232869,
                        0.6484242960042195,
                        -0.8612777822674611,
                        0.0,
                        0.0,
                        0.0,
                        0.0,
                        0.0
                    ],
                    [
                        -0.5575808573199954,
                        0.9981268715744323,
                        0.9695314327648143,
                        0.9401156196292586,
                        0.0,
                        0.0,
                        0.0,
                        0.0
                    ],
                    [
                        -0.8956306757254839,
                        -0.8260134890563058,
                        0.6422927602977095,
                        -0.504833212623544,
                        0.8364527589371595,
                        0.0,
                        0.0,
                        0.0
                    ],
                    [
                        0.0,
                        -0.9628263622495499,
                        -0.6418347380945059,
                        0.7757758949617808,
                        -0.734798945109485,
                        0.9752003188875562,
                        0.0,
                        0.0
                    ],
                    [
                        -0.7972422245175559,
                        -0.9717890638553939,
                        -0.8747014144002798,
                        -0.7729585877538483,
                        0.8341346935862486,
                        0.0,
                        0.8774726295944812,
                        0.0
                    ]
                ]
            },
            "est_params": {
                "mui": [
                    0.0035224072950402665,
                    -0.014801435888145593,
                    0.9999980566889469,
                    -0.8810192929091711,
                    0.11387811331381165,
                    1.1987399322620471,
                    -0.22030002636388824,
                    -0.2918473484871439
                ],
                "Si": [
                    [
                        0.9939991794721837,
                        -0.5976571216850808,
                        -8.281168969155763e-07,
                        -0.9821025351880429,
                        -2.0936512855573146,
                        -1.6351009993065049,
                        -0.2607135160264128,
                        -1.4138520309098288
                    ],
                    [
                        -0.5976571216850808,
                        1.3594806940570783,
                        2.544768592867453e-06,
                        1.2334565213756161,
                        2.8595515406217467,
                        1.187838434699012,
                        -1.3083969833973332,
                        -0.572380041560468
                    ],
                    [
                        -8.281168969155765e-07,
                        2.544768592867453e-06,
                        1.0119205478149343e-06,
                        4.247274343110925e-06,
                        6.9105297273514044e-06,
                        2.405467523787223e-06,
                        -1.8531982622811075e-06,
                        -1.6231081213001015e-06
                    ],
                    [
                        -0.9821025351880429,
                        1.2334565213756161,
                        4.2472743431109255e-06,
                        2.3890925597916803,
                        4.042943178897899,
                        2.0313045665159914,
                        -0.3162494519846876,
                        0.8053014280425747
                    ],
                    [
                        -2.093651285557315,
                        2.8595515406217467,
                        6.9105297273514044e-06,
                        4.0429431788978984,
                        8.846814302126942,
                        4.849274554499424,
                        -1.4113835438580888,
                        1.8396796825964352
                    ],
                    [
                        -1.6351009993065049,
                        1.187838434699012,
                        2.405467523787223e-06,
                        2.0313045665159914,
                        4.849274554499424,
                        4.496621727011459,
                        1.2704510646969993,
                        3.6978186441629983
                    ],
                    [
                        -0.26071351602641285,
                        -1.3083969833973332,
                        -1.8531982622811069e-06,
                        -0.3162494519846877,
                        -1.4113835438580888,
                        1.2704510646969995,
                        4.361941070230946,
                        4.3753070692012095
                    ],
                    [
                        -1.4138520309098288,
                        -0.572380041560468,
                        -1.6231081213001015e-06,
                        0.8053014280425747,
                        1.8396796825964352,
                        3.6978186441629983,
                        4.3753070692012095,
                        7.42257739508624
                    ]
                ]
            },
            "est_tgt": [
                0,
                2,
                3,
                5,
                6
            ],
            "oracle_est_tgt": [
                2
            ]
        },
        "6": {
            "intv_type": "do",
            "inode": 6,
            "new_mui": 1.0,
            "new_vari": null,
            "noise_type": "gaussian",
            "obs_noise_gamma_shape": null,
            "true_params": {
                "Si": [
                    [
                        1.0,
                        -0.5794401895765816,
                        0.701602445308891,
                        -1.5806356602551026,
                        -1.9416903301237665,
                        -0.7925459470845226,
                        0.0,
                        -1.2457065972401338
                    ],
                    [
                        -0.5794401895765816,
                        1.335750933296545,
                        -0.4065366539171771,
                        1.5643081226339413,
                        2.732814093381035,
                        0.6506557629923442,
                        0.0,
                        0.5898738720151686
                    ],
                    [
                        0.701602445308891,
                        -0.4065366539171771,
                        1.4922459912634154,
                        -1.9702556266448745,
                        -1.202463946831936,
                        0.6547330763592274,
                        0.0,
                        -0.9496397882368689
                    ],
                    [
                        -1.5806356602551026,
                        1.5643081226339413,
                        -1.9702556266448745,
                        4.6606625763462075,
                        4.914047084409356,
                        0.6155562291343939,
                        0.0,
                        1.9598353432265279
                    ],
                    [
                        -1.9416903301237665,
                        2.732814093381035,
                        -1.202463946831936,
                        4.914047084409356,
                        8.26429036696814,
                        3.1412765321358656,
                        0.0,
                        3.0392520021115357
                    ],
                    [
                        -0.7925459470845226,
                        0.6506557629923442,
                        0.6547330763592274,
                        0.6155562291343939,
                        3.1412765321358656,
                        3.909684533225133,
                        0.0,
                        1.571303255177547
                    ],
                    [
                        0.0,
                        0.0,
                        0.0,
                        0.0,
                        0.0,
                        0.0,
                        1e-09,
                        8.774726295944813e-10
                    ],
                    [
                        -1.2457065972401338,
                        0.5898738720151686,
                        -0.9496397882368689,
                        1.9598353432265279,
                        3.0392520021115357,
                        1.571303255177547,
                        8.774726295944813e-10,
                        3.2708221658953147
                    ]
                ],
                "mui": [
                    0.0,
                    0.0,
                    0.0,
                    0.0,
                    0.0,
                    0.0,
                    1.0,
                    0.8774726295944812
                ],
                "Ai": [
                    [
                        0.0,
                        0.0,
                        0.0,
                        0.0,
                        0.0,
                        0.0,
                        0.0,
                        0.0
                    ],
                    [
                        -0.5794401895765816,
                        0.0,
                        0.0,
                        0.0,
                        0.0,
                        0.0,
                        0.0,
                        0.0
                    ],
                    [
                        0.701602445308891,
                        0.0,
                        0.0,
                        0.0,
                        0.0,
                        0.0,
                        0.0,
                        0.0
                    ],
                    [
                        -0.6006379651232869,
                        0.6484242960042195,
                        -0.8612777822674611,
                        0.0,
                        0.0,
                        0.0,
                        0.0,
                        0.0
                    ],
                    [
                        -0.5575808573199954,
                        0.9981268715744323,
                        0.9695314327648143,
                        0.9401156196292586,
                        0.0,
                        0.0,
                        0.0,
                        0.0
                    ],
                    [
                        -0.8956306757254839,
                        -0.8260134890563058,
                        0.6422927602977095,
                        -0.504833212623544,
                        0.8364527589371595,
                        0.0,
                        0.0,
                        0.0
                    ],
                    [
                        0.0,
                        0.0,
                        0.0,
                        0.0,
                        0.0,
                        0.0,
                        0.0,
                        0.0
                    ],
                    [
                        -0.7972422245175559,
                        -0.9717890638553939,
                        -0.8747014144002798,
                        -0.7729585877538483,
                        0.8341346935862486,
                        0.0,
                        0.8774726295944812,
                        0.0
                    ]
                ]
            },
            "est_params": {
                "mui": [
                    -0.025614843407272547,
                    0.019779830188997816,
                    -0.006790471200880915,
                    0.03719507010538928,
                    0.07146572715636798,
                    0.03954169072658939,
                    0.9999997134090866,
                    0.9048304428528655
                ],
                "Si": [
                    [
                        0.9856993028627119,
                        -0.5505444167717859,
                        0.7062949442568633,
                        -1.5500607453779678,
                        -1.8824050131225016,
                        -0.764608155462848,
                        1.0590215955044575e-06,
                        -1.257308577401116
                    ],
                    [
                        -0.5505444167717859,
                        1.2856122075550425,
                        -0.3873900434283591,
                        1.5072381991372552,
                        2.643969382047067,
                        0.6370564792839438,
                        -1.1162342948406566e-06,
                        0.5894262896990936
                    ],
                    [
                        0.7062949442568633,
                        -0.3873900434283591,
                        1.4912066964658162,
                        -1.9796561037756875,
                        -1.2061240928574208,
                        0.6141177216187659,
                        2.978007541748025e-06,
                        -0.9683205356304814
                    ],
                    [
                        -1.5500607453779678,
                        1.5072381991372554,
                        -1.9796561037756875,
                        4.635807600503285,
                        4.837862357727482,
                        0.6066212718844262,
                        -4.346609778293443e-06,
                        1.9840791187364317
                    ],
                    [
                        -1.8824050131225016,
                        2.643969382047067,
                        -1.2061240928574208,
                        4.837862357727483,
                        8.100601989910068,
                        3.094559841868955,
                        -3.31734840872753e-06,
                        3.0505509024565267
                    ],
                    [
                        -0.764608155462848,
                        0.6370564792839438,
                        0.6141177216187659,
                        0.6066212718844264,
                        3.094559841868955,
                        3.8227577894434033,
                        1.0404305317548897e-06,
                        1.6081881897627153
                    ],
                    [
                        1.0590215955044575e-06,
                        -1.1162342948406572e-06,
                        2.978007541748025e-06,
                        -4.346609778293443e-06,
                        -3.31734840872753e-06,
                        1.0404305317548894e-06,
                        1.0153622666836998e-06,
                        -1.2880467409644134e-06
                    ],
                    [
                        -1.257308577401116,
                        0.5894262896990936,
                        -0.9683205356304814,
                        1.9840791187364322,
                        3.0505509024565267,
                        1.6081881897627153,
                        -1.2880467409644128e-06,
                        3.278876839842125
                    ]
                ]
            },
            "est_tgt": [
                4,
                5,
                6
            ],
            "oracle_est_tgt": [
                4,
                5,
                6,
                7
            ]
        },
        "3": {
            "intv_type": "do",
            "inode": 3,
            "new_mui": 1.0,
            "new_vari": null,
            "noise_type": "gaussian",
            "obs_noise_gamma_shape": null,
            "true_params": {
                "Si": [
                    [
                        1.0,
                        -0.5794401895765816,
                        0.701602445308891,
                        0.0,
                        -0.4557100569749384,
                        -0.3475510262369115,
                        0.10351086566494727,
                        -1.1371368536394595
                    ],
                    [
                        -0.5794401895765816,
                        1.335750933296545,
                        -0.4065366539171771,
                        0.0,
                        1.2621835933799455,
                        0.21025751897169548,
                        -1.7475748385849845,
                        -0.9611337412251446
                    ],
                    [
                        0.701602445308891,
                        -0.4065366539171771,
                        1.4922459912634154,
                        0.0,
                        0.6498041424393435,
                        1.209417352232704,
                        0.135597681810323,
                        -0.8085414654134598
                    ],
                    [
                        0.0,
                        0.0,
                        0.0,
                        1e-09,
                        9.401156196292587e-10,
                        2.815290911352667e-10,
                        3.5952718882848777e-10,
                        3.2669973435329425e-10
                    ],
                    [
                        -0.4557100569749384,
                        1.2621835933799455,
                        0.6498041424393435,
                        9.401156196292587e-10,
                        3.1439201077898757,
                        2.4126723763304727,
                        -1.5896408164948639,
                        -0.2040629878576501
                    ],
                    [
                        -0.3475510262369115,
                        0.21025751897169548,
                        1.209417352232704,
                        2.815290911352667e-10,
                        2.4126723763304727,
                        3.9324882885999806,
                        1.0834471646158967,
                        1.9780662928612363
                    ],
                    [
                        0.10351086566494727,
                        -1.7475748385849845,
                        0.135597681810323,
                        3.5952718882848777e-10,
                        -1.5896408164948639,
                        1.0834471646158967,
                        4.820224237776234,
                        4.400783681031924
                    ],
                    [
                        -1.1371368536394595,
                        -0.9611337412251446,
                        -0.8085414654134598,
                        3.2669973435329425e-10,
                        -0.2040629878576501,
                        1.9780662928612363,
                        4.400783681031924,
                        7.2391763475699635
                    ]
                ],
                "mui": [
                    0.0,
                    0.0,
                    0.0,
                    1.0,
                    0.9401156196292586,
                    0.2815290911352667,
                    0.3595271888284877,
                    0.32669973435329425
                ],
                "Ai": [
                    [
                        0.0,
                        0.0,
                        0.0,
                        0.0,
                        0.0,
                        0.0,
                        0.0,
                        0.0
                    ],
                    [
                        -0.5794401895765816,
                        0.0,
                        0.0,
                        0.0,
                        0.0,
                        0.0,
                        0.0,
                        0.0
                    ],
                    [
                        0.701602445308891,
                        0.0,
                        0.0,
                        0.0,
                        0.0,
                        0.0,
                        0.0,
                        0.0
                    ],
                    [
                        0.0,
                        0.0,
                        0.0,
                        0.0,
                        0.0,
                        0.0,
                        0.0,
                        0.0
                    ],
                    [
                        -0.5575808573199954,
                        0.9981268715744323,
                        0.9695314327648143,
                        0.9401156196292586,
                        0.0,
                        0.0,
                        0.0,
                        0.0
                    ],
                    [
                        -0.8956306757254839,
                        -0.8260134890563058,
                        0.6422927602977095,
                        -0.504833212623544,
                        0.8364527589371595,
                        0.0,
                        0.0,
                        0.0
                    ],
                    [
                        0.0,
                        -0.9628263622495499,
                        -0.6418347380945059,
                        0.7757758949617808,
                        -0.734798945109485,
                        0.9752003188875562,
                        0.0,
                        0.0
                    ],
                    [
                        -0.7972422245175559,
                        -0.9717890638553939,
                        -0.8747014144002798,
                        -0.7729585877538483,
                        0.8341346935862486,
                        0.0,
                        0.8774726295944812,
                        0.0
                    ]
                ]
            },
            "est_params": {
                "mui": [
                    -0.00659193643833684,
                    0.009264627766079527,
                    -0.03343950925909905,
                    0.9999983283302458,
                    0.918281845890725,
                    0.236962931428599,
                    0.3385479896933898,
                    0.3074828184659547
                ],
                "Si": [
                    [
                        0.9747322461285205,
                        -0.5467294665303686,
                        0.6671727946844082,
                        1.2191438869707633e-06,
                        -0.43985656507981014,
                        -0.3784256018582297,
                        0.06768470115369449,
                        -1.149473570850659
                    ],
                    [
                        -0.5467294665303687,
                        1.3144212638788357,
                        -0.3732216170795515,
                        -7.784880154263647e-07,
                        1.2552414292551493,
                        0.23102469290909639,
                        -1.7445545043836892,
                        -1.006099653258199
                    ],
                    [
                        0.6671727946844082,
                        -0.3732216170795515,
                        1.4894027843747228,
                        4.036932524484861e-08,
                        0.7075864652817793,
                        1.2378188209634025,
                        0.07692656344675695,
                        -0.8338355891602272
                    ],
                    [
                        1.2191438869707633e-06,
                        -7.784880154263644e-07,
                        4.0369325244848674e-08,
                        1.009158629920428e-06,
                        -2.5809561637330774e-07,
                        -1.8030130045697488e-06,
                        -1.7215189338197245e-07,
                        -1.806590615201284e-06
                    ],
                    [
                        -0.4398565650798101,
                        1.2552414292551493,
                        0.7075864652817793,
                        -2.58095616373308e-07,
                        3.1912737350584424,
                        2.469035735552165,
                        -1.6362116632568333,
                        -0.28864168918321936
                    ],
                    [
