{
    "expt_args": {
        "save_dir": "all_expt_logs/expt_logs_sim_compsel_backwardbugfixed_cameraready_half",
        "exp_name": "115",
        "num_nodes": 6,
        "num_tgt_prior": 7,
        "obs_noise_mean": 0.0,
        "obs_noise_var": 1.0,
        "obs_noise_gamma_shape": null,
        "noise_type": "gaussian",
        "max_edge_strength": 1.0,
        "graph_sparsity_method": "adj_dense_prop",
        "adj_dense_prop": 0.8,
        "num_parents": null,
        "new_noise_mean": 1.0,
        "mix_samples": 32768,
        "stage2_samples": 32768,
        "gmm_tol": 0.001,
        "intv_type": "do",
        "new_noise_var": null,
        "dtype": "simulation",
        "cutoff_drop_ratio": 0.07,
        "intv_targets": [
            2,
            0,
            1
        ]
    },
    "intv_args_dict": {
        "2": {
            "intv_type": "do",
            "inode": 2,
            "new_mui": 1.0,
            "new_vari": null,
            "noise_type": "gaussian",
            "obs_noise_gamma_shape": null,
            "true_params": {
                "Si": [
                    [
                        1.0,
                        0.5862375605607275,
                        0.0,
                        0.527777001305617,
                        -0.1537853718641915,
                        -0.5447025863021856
                    ],
                    [
                        0.5862375605607275,
                        1.3436744774121927,
                        0.0,
                        1.209681081746447,
                        -1.4977155062333722,
                        -2.058901339337834
                    ],
                    [
                        0.0,
                        0.0,
                        1e-09,
                        6.622083346996741e-10,
                        -6.117168907793699e-10,
                        -3.562410766404337e-10
                    ],
                    [
                        0.527777001305617,
                        1.209681081746447,
                        6.622083346996741e-10,
                        2.0890497250068583,
                        -2.272113822037887,
                        -3.333150878087092
                    ],
                    [
                        -0.1537853718641915,
                        -1.4977155062333722,
                        -6.117168907793699e-10,
                        -2.272113822037887,
                        3.8581966711818034,
                        4.606731233193599
                    ],
                    [
                        -0.5447025863021856,
                        -2.058901339337834,
                        -3.562410766404337e-10,
                        -3.333150878087092,
                        4.606731233193599,
                        7.012713118496004
                    ]
                ],
                "mui": [
                    0.0,
                    0.0,
                    1.0,
                    0.6622083346996741,
                    -0.6117168907793699,
                    -0.3562410766404337
                ],
                "Ai": [
                    [
                        0.0,
                        0.0,
                        0.0,
                        0.0,
                        0.0,
                        0.0
                    ],
                    [
                        0.5862375605607275,
                        0.0,
                        0.0,
                        0.0,
                        0.0,
                        0.0
                    ],
                    [
                        0.0,
                        0.0,
                        0.0,
                        0.0,
                        0.0,
                        0.0
                    ],
                    [
                        0.0,
                        0.9002783799809861,
                        0.6622083346996741,
                        0.0,
                        0.0,
                        0.0
                    ],
                    [
                        0.6713796056149699,
                        -0.5759259518503772,
                        -0.0,
                        -0.9237529320086205,
                        0.0,
                        0.0
                    ],
                    [
                        0.0,
                        0.0,
                        0.6235402016870397,
                        -0.8258719858539343,
                        0.7076508306783962,
                        0.0
                    ]
                ]
            },
            "est_params": {
                "mui": [
                    -0.017380371499347534,
                    -0.01223864398930059,
                    1.0000005840436417,
                    0.6423844688823708,
                    -0.6119784325095345,
                    -0.3452248919139861
                ],
                "Si": [
                    [
                        0.9697129180702834,
                        0.5775834848550532,
                        -1.432482390298402e-07,
                        0.504812122533978,
                        -0.15498484782559832,
                        -0.534409561822227
                    ],
                    [
                        0.5775834848550532,
                        1.3474227399434318,
                        1.207113247089996e-06,
                        1.2099721601922895,
                        -1.4973612893852604,
                        -2.065213642512083
                    ],
                    [
                        -1.4324823902984026e-07,
                        1.207113247089996e-06,
                        1.0085199281693137e-06,
                        1.6045347388212826e-06,
                        -2.433406828712377e-06,
                        -3.6614814594191223e-06
                    ],
                    [
                        0.504812122533978,
                        1.2099721601922895,
                        1.6045347388212826e-06,
                        2.090589846085855,
                        -2.2627787476508776,
                        -3.330820614664082
                    ],
                    [
                        -0.15498484782559832,
                        -1.4973612893852604,
                        -2.433406828712377e-06,
                        -2.262778747650877,
                        3.832258333627804,
                        4.578352658535064
                    ],
                    [
                        -0.534409561822227,
                        -2.065213642512083,
                        -3.6614814594191223e-06,
                        -3.330820614664082,
                        4.578352658535064,
                        7.007774385318353
                    ]
                ]
            },
            "est_tgt": [
                1,
                2
            ],
            "oracle_est_tgt": [
                1,
                2
            ]
        },
        "0": {
            "intv_type": "do",
            "inode": 0,
            "new_mui": 1.0,
            "new_vari": null,
            "noise_type": "gaussian",
            "obs_noise_gamma_shape": null,
            "true_params": {
                "Si": [
                    [
                        1e-09,
                        5.862375605607276e-10,
                        1.2385278328158993e-09,
                        1.3479404549538301e-09,
                        -9.114137668980447e-10,
                        -9.859170749136648e-10
                    ],
                    [
                        5.862375605607276e-10,
                        1.0000000003436744,
                        0.9492224722532292,
                        1.5288614129007074,
                        -1.9882161644565912,
                        -2.0777282597190316
                    ],
                    [
                        1.2385278328158993e-09,
                        0.9492224722532292,
                        1.901023301986077,
                        2.1134379445951597,
                        -2.498976352956738,
                        -2.3284674311652056
                    ],
                    [
                        1.3479404549538301e-09,
                        1.5288614129007074,
                        2.1134379445951597,
                        3.7759370978031535,
                        -4.368543928742957,
                        -4.8920308872263405
                    ],
                    [
                        -9.114137668980447e-10,
                        -1.9882161644565912,
                        -2.498976352956738,
                        -4.368543928742957,
                        6.1805205491718285,
                        6.42329633123365
                    ],
                    [
                        -9.859170749136648e-10,
                        -2.0777282597190316,
                        -2.3284674311652056,
                        -4.8920308872263405,
                        6.42329633123365,
                        8.133749196532932
                    ]
                ],
                "mui": [
                    1.0,
                    0.5862375605607275,
                    1.2385278328158993,
                    1.34794045495383,
                    -0.9114137668980447,
                    -0.9859170749136648
                ],
                "Ai": [
                    [
                        0.0,
                        0.0,
                        0.0,
                        0.0,
                        0.0,
                        0.0
                    ],
                    [
                        0.5862375605607275,
                        0.0,
                        0.0,
                        0.0,
                        0.0,
                        0.0
                    ],
                    [
                        0.6820579666783937,
                        0.9492224715271577,
                        0.0,
                        0.0,
                        0.0,
                        0.0
                    ],
                    [
                        0.0,
                        0.9002783799809861,
                        0.6622083346996741,
                        0.0,
                        0.0,
                        0.0
                    ],
                    [
                        0.6713796056149699,
                        -0.5759259518503772,
                        -0.0,
                        -0.9237529320086205,
                        0.0,
                        0.0
                    ],
                    [
                        0.0,
                        0.0,
                        0.6235402016870397,
                        -0.8258719858539343,
                        0.7076508306783962,
                        0.0
                    ]
                ]
            },
            "est_params": {
                "mui": [
                    1.0000003290968609,
                    0.5780599712023443,
                    1.2276117458340423,
                    1.3390889209928047,
                    -0.9030514611816085,
                    -0.9719057535741752
                ],
                "Si": [
                    [
                        1.0081291876027843e-06,
                        -1.525980065700331e-06,
                        -2.4974810841230504e-06,
                        -2.24282447996841e-06,
                        3.143207763355436e-06,
                        2.603631745363695e-06
                    ],
                    [
                        -1.5259800657003307e-06,
                        1.0237348932840649,
                        0.9641897935704897,
                        1.5622810636703282,
                        -2.047509885743226,
                        -2.13656704906269
                    ],
                    [
                        -2.4974810841230495e-06,
                        0.9641897935704897,
                        1.9146105323173594,
                        2.135676872227196,
                        -2.5242957206493752,
                        -2.352119618451
                    ],
                    [
                        -2.2428244799684097e-06,
                        1.5622810636703282,
                        2.135676872227196,
                        3.8354041918200528,
                        -4.44877750922287,
                        -4.974549123435114
                    ],
                    [
                        3.1432077633554376e-06,
                        -2.047509885743226,
                        -2.5242957206493752,
                        -4.44877750922287,
                        6.280574970127206,
                        6.544143929798401
                    ],
                    [
                        2.603631745363695e-06,
                        -2.13656704906269,
                        -2.352119618451,
                        -4.974549123435114,
                        6.544143929798401,
                        8.262052739048555
                    ]
                ]
            },
            "est_tgt": [
                0
            ],
            "oracle_est_tgt": [
                0
            ]
        },
        "1": {
            "intv_type": "do",
            "inode": 1,
            "new_mui": 1.0,
            "new_vari": null,
            "noise_type": "gaussian",
            "obs_noise_gamma_shape": null,
            "true_params": {
                "Si": [
                    [
                        1.0,
                        0.0,
                        0.6820579666783937,
                        0.4516644702827449,
                        0.2541532269071638,
                        0.23212527123327134
                    ],
                    [
                        0.0,
                        1e-09,
                        9.492224715271578e-10,
                        1.5288614121104944e-09,
                        -1.9882161639222864e-09,
                        -2.07772825914105e-09
                    ],
                    [
                        0.6820579666783937,
                        9.492224715271578e-10,
                        1.4652030708104882,
                        0.9702696863728264,
                        -0.4383696594975768,
                        -0.19791818810062436
                    ],
                    [
                        0.4516644702827449,
                        1.5288614121104944e-09,
                        0.9702696863728264,
                        1.6425206745989254,
                        -1.214044975997322,
                        -1.6106295911508637
                    ],
                    [
                        0.2541532269071638,
                        -1.9882161639222864e-09,
                        -0.4383696594975768,
                        -1.214044975997322,
                        2.2921109005596305,
                        2.3513188121343314
                    ],
                    [
                        0.23212527123327134,
                        -2.07772825914105e-09,
                        -0.19791818810062436,
                        -1.6106295911508637,
                        2.3513188121343314,
                        3.8706766225896767
                    ]
                ],
                "mui": [
                    0.0,
                    1.0,
                    0.9492224715271577,
                    1.5288614121104942,
                    -1.9882161639222862,
                    -2.07772825914105
                ],
                "Ai": [
                    [
                        0.0,
                        0.0,
                        0.0,
                        0.0,
                        0.0,
                        0.0
                    ],
                    [
                        0.0,
                        0.0,
                        0.0,
                        0.0,
                        0.0,
                        0.0
                    ],
                    [
                        0.6820579666783937,
                        0.9492224715271577,
                        0.0,
                        0.0,
                        0.0,
                        0.0
                    ],
                    [
                        0.0,
                        0.9002783799809861,
                        0.6622083346996741,
                        0.0,
                        0.0,
                        0.0
                    ],
                    [
                        0.6713796056149699,
                        -0.5759259518503772,
                        -0.0,
                        -0.9237529320086205,
                        0.0,
                        0.0
                    ],
                    [
                        0.0,
                        0.0,
                        0.6235402016870397,
                        -0.8258719858539343,
                        0.7076508306783962,
                        0.0
                    ]
                ]
            },
            "est_params": {
                "mui": [
                    0.011819348516531176,
                    1.00000074271351,
                    0.9628665922619923,
                    1.5268275028900087,
                    -1.9978133486004488,
                    -2.0654575924816623
                ],
                "Si": [
                    [
                        0.990186489673414,
                        1.7227922542309878e-07,
                        0.6679531910481575,
                        0.43363388119076196,
                        0.2734229404704874,
                        0.2613619455988885
                    ],
                    [
                        1.7227922542309907e-07,
                        1.0106603975627608e-06,
                        -4.813889779304493e-07,
                        1.1415686901400408e-07,
                        -1.7218525982365245e-07,
                        1.0826242727494268e-06
                    ],
                    [
                        0.6679531910481575,
                        -4.813889779304494e-07,
                        1.438004683801651,
                        0.9555818727954264,
                        -0.4114297665331314,
                        -0.17325317206725202
                    ],
                    [
                        0.43363388119076196,
                        1.1415686901400385e-07,
                        0.9555818727954264,
                        1.6324990173461673,
                        -1.2045503648095783,
                        -1.5935960516475607
                    ],
                    [
                        0.2734229404704874,
                        -1.721852598236526e-07,
                        -0.4114297665331314,
                        -1.2045503648095783,
                        2.290220886990784,
                        2.361852393923948
                    ],
                    [
                        0.2613619455988885,
                        1.0826242727494272e-06,
                        -0.17325317206725202,
                        -1.5935960516475607,
                        2.361852393923948,
                        3.862343589472042
                    ]
                ]
            },
            "est_tgt": [
                1,
                2
            ],
            "oracle_est_tgt": [
                1,
                2
            ]
        },
        "obs": {
            "intv_type": "obs",
            "noise_type": "gaussian",
            "obs_noise_gamma_shape": null,
            "true_params": {
                "Si": [
                    [
                        1.0,
                        0.5862375605607275,
                        1.2385278328158993,
                        1.34794045495383,
                        -0.9114137668980447,
                        -0.9859170749136648
                    ],
                    [
                        0.5862375605607275,
                        1.3436744774121927,
                        1.675294006923715,
                        2.3190747362037447,
                        -2.5225211472900595,
                        -2.655709880053605
                    ],
                    [
                        1.2385278328158993,
                        1.675294006923715,
                        3.4349744931117736,
                        3.782899713364542,
                        -3.6277876693427373,
                        -3.549553168073132
                    ],
                    [
                        1.34794045495383,
                        2.3190747362037447,
                        3.782899713364542,
                        5.592880566087349,
                        -5.59707541511816,
                        -6.220988396403259
                    ],
                    [
                        -0.9114137668980447,
                        -2.5225211472900595,
                        -3.6277876693427373,
                        -5.59707541511816,
                        7.011195602832437,
                        7.321874725431236
                    ],
                    [
                        -0.9859170749136648,
                        -2.655709880053605,
                        -3.549553168073132,
                        -6.220988396403259,
                        7.321874725431236,
                        9.105781674167217
                    ]
                ],
                "mui": [
                    0.0,
                    0.0,
                    0.0,
                    0.0,
                    0.0,
                    0.0
                ],
                "Ai": [
                    [
                        0.0,
                        0.0,
                        0.0,
                        0.0,
                        0.0,
                        0.0
                    ],
                    [
                        0.5862375605607275,
                        0.0,
                        0.0,
                        0.0,
                        0.0,
                        0.0
                    ],
                    [
                        0.6820579666783937,
                        0.9492224715271577,
                        0.0,
                        0.0,
                        0.0,
                        0.0
                    ],
                    [
                        0.0,
                        0.9002783799809861,
                        0.6622083346996741,
                        0.0,
                        0.0,
                        0.0
                    ],
                    [
                        0.6713796056149699,
                        -0.5759259518503772,
                        -0.0,
                        -0.9237529320086205,
                        0.0,
                        0.0
                    ],
                    [
                        0.0,
                        0.0,
                        0.6235402016870397,
                        -0.8258719858539343,
                        0.7076508306783962,
                        0.0
                    ]
                ]
            },
            "est_params": {
                "mui": [
                    -0.022042265919944726,
                    -0.03945822538388295,
                    -0.05095278376916279,
                    -0.08886906854658981,
                    0.10140177975422958,
                    0.1253911138645624
                ],
                "Si": [
                    [
                        0.9960059426478408,
                        0.5851082725255856,
                        1.2164293179332357,
                        1.322918772297582,
                        -0.8908388869095263,
                        -0.9524638092026354
                    ],
                    [
                        0.5851082725255856,
                        1.3316170907151899,
                        1.63707717173651,
                        2.2771689455519635,
                        -2.4707636790052807,
                        -2.606057710891118
                    ],
                    [
                        1.2164293179332357,
                        1.63707717173651,
                        3.3512647259754185,
                        3.672737944611765,
                        -3.5194480620134296,
                        -3.42685157611978
                    ],
                    [
                        1.322918772297582,
                        2.2771689455519635,
                        3.672737944611765,
                        5.4802672931367535,
                        -5.470110964703345,
                        -6.102842743780118
                    ],
                    [
                        -0.8908388869095263,
                        -2.4707636790052807,
                        -3.5194480620134296,
                        -5.470110964703345,
                        6.868629475868824,
                        7.190299522133169
                    ],
                    [
                        -0.9524638092026354,
                        -2.606057710891118,
                        -3.42685157611978,
                        -6.102842743780118,
                        7.190299522133169,
                        8.978768237336688
                    ]
                ]
            },
            "est_tgt": [
                0,
                1,
                2,
                3,
                4,
                5
            ],
            "oracle_est_tgt": [
                0,
                1,
                2,
                3,
                4,
                5
            ]
        }
    },
    "metric_dict": {
        "param_est_rel_err": 5.113654581704887,
        "est_num_comp": 4,
        "weight_precision_error": 0.001650296098858084,
        "gm_score_dict": {
            "1": -8.58066063066298,
            "2": -7.272555716395937,
            "3": -7.0780754851967105,
            "4": -4.337024324658508,
            "5": -4.337592315218964,
            "6": -4.337235942968476,
            "7": -4.3366089778621495
        },
        "est_dag": {
            "amat": [
                [
                    0,
                    0,
                    1,
                    0,
                    1,
                    0
                ],
                [
                    0,
                    0,
                    0,
                    1,
                    1,
                    0
                ],
                [
                    0,
                    1,
                    0,
                    1,
                    0,
                    1
                ],
                [
                    0,
                    0,
                    0,
                    0,
                    1,
                    1
                ],
                [
                    0,
                    0,
                    0,
                    0,
                    0,
                    1
                ],
                [
                    0,
                    0,
                    0,
                    0,
                    0,
                    0
                ]
            ],
            "nodes": [
                0,
                1,
                2,
                3,
                4,
                5
            ]
        },
        "oracle_est_dag": {
            "amat": [
                [
                    0,
                    0,
                    1,
                    0,
                    1,
                    0
                ],
                [
                    0,
                    0,
                    0,
                    1,
                    1,
                    0
                ],
                [
                    0,
                    1,
                    0,
                    1,
                    0,
                    1
                ],
                [
                    0,
                    0,
                    0,
                    0,
                    1,
                    1
                ],
                [
                    0,
                    0,
                    0,
                    0,
                    0,
                    1
                ],
                [
                    0,
                    0,
                    0,
                    0,
                    0,
                    0
                ]
            ],
            "nodes": [
                0,
                1,
                2,
                3,
                4,
                5
            ]
        },
        "igsp_dag": null,
        "intv_base_est_dag": null,
        "act_dag": {
            "amat": [
                [
                    0,
                    1,
                    1,
                    0,
                    1,
                    0
                ],
                [
                    0,
                    0,
                    1,
                    1,
                    1,
                    0
                ],
                [
                    0,
                    0,
                    0,
                    1,
                    0,
                    1
                ],
                [
                    0,
                    0,
                    0,
                    0,
                    1,
                    1
                ],
                [
                    0,
                    0,
                    0,
                    0,
                    0,
                    1
                ],
                [
                    0,
                    0,
                    0,
                    0,
                    0,
                    0
                ]
            ],
            "nodes": [
                0,
                1,
                2,
                3,
                4,
                5
            ]
        },
        "shd": 2,
        "oracle_shd": 2,
        "intv_base_shd": null,
        "igsp_shd": null,
        "avg_js": 0.5,
        "avg_oracle_js": 0.5
    }
}