{
    "expt_args": {
        "save_dir": "all_expt_logs/expt_logs_sim_compsel_backwardbugfixed_cameraready_half",
        "exp_name": "179",
        "num_nodes": 6,
        "num_tgt_prior": 7,
        "obs_noise_mean": 0.0,
        "obs_noise_var": 1.0,
        "obs_noise_gamma_shape": null,
        "noise_type": "gaussian",
        "max_edge_strength": 1.0,
        "graph_sparsity_method": "adj_dense_prop",
        "adj_dense_prop": 0.8,
        "num_parents": null,
        "new_noise_mean": 1.0,
        "mix_samples": 8192,
        "stage2_samples": 8192,
        "gmm_tol": 0.001,
        "intv_type": "do",
        "new_noise_var": null,
        "dtype": "simulation",
        "cutoff_drop_ratio": 0.07,
        "intv_targets": [
            1,
            5,
            0
        ]
    },
    "intv_args_dict": {
        "1": {
            "intv_type": "do",
            "inode": 1,
            "new_mui": 1.0,
            "new_vari": null,
            "noise_type": "gaussian",
            "obs_noise_gamma_shape": null,
            "true_params": {
                "Si": [
                    [
                        1.0,
                        0.0,
                        -0.6709478899490673,
                        -1.3669368846402024,
                        0.4354782746548596,
                        0.20004188691872146
                    ],
                    [
                        0.0,
                        1e-09,
                        -7.167765656617292e-10,
                        -1.587676632507964e-09,
                        1.864501694983227e-09,
                        5.203122459211994e-10
                    ],
                    [
                        -0.6709478899490673,
                        -7.167765656617292e-10,
                        1.4501710715408742,
                        1.7710701228513686,
                        -1.2396449058293486,
                        0.5093417307222594
                    ],
                    [
                        -1.3669368846402024,
                        -1.587676632507964e-09,
                        1.7710701228513686,
                        3.5977072636689416,
                        -1.9119163711806497,
                        0.2761079333945897
                    ],
                    [
                        0.4354782746548596,
                        1.864501694983227e-09,
                        -1.2396449058293486,
                        -1.9119163711806497,
                        2.3449646744626076,
                        -0.5226339826787701
                    ],
                    [
                        0.20004188691872146,
                        5.203122459211994e-10,
                        0.5093417307222594,
                        0.2761079333945897,
                        -0.5226339826787701,
                        1.454185474885492
                    ]
                ],
                "mui": [
                    0.0,
                    1.0,
                    -0.7167765656617291,
                    -1.5876766325079639,
                    1.8645016949832267,
                    0.5203122459211994
                ],
                "Ai": [
                    [
                        0.0,
                        0.0,
                        0.0,
                        0.0,
                        0.0,
                        0.0
                    ],
                    [
                        0.0,
                        0.0,
                        0.0,
                        0.0,
                        0.0,
                        0.0
                    ],
                    [
                        -0.6709478899490673,
                        -0.7167765656617291,
                        0.0,
                        0.0,
                        0.0,
                        0.0
                    ],
                    [
                        -0.7939965649097216,
                        -0.9756019828109185,
                        0.8539267032704637,
                        0.0,
                        0.0,
                        0.0
                    ],
                    [
                        -0.6032376820599847,
                        0.6901851418647135,
                        -0.5140236567995105,
                        -0.5075822275319875,
                        0.0,
                        0.0
                    ],
                    [
                        0.6318367171445398,
                        0.9816005517883601,
                        0.6435594130247531,
                        -0.0,
                        0.0,
                        0.0
                    ]
                ]
            },
            "est_params": {
                "mui": [
                    -0.03233287682229538,
                    0.999999954305428,
                    -0.7198141191956188,
                    -1.567514745998739,
                    1.8688444394393042,
                    0.4611103522845827
                ],
                "Si": [
                    [
                        1.0320397230921112,
                        -3.5560291530990434e-07,
                        -0.6770312129470707,
                        -1.3754818805911713,
                        0.44227637161997735,
                        0.18410303207305534
                    ],
                    [
                        -3.556029153099044e-07,
                        1.0015599941308647e-06,
                        -2.009309024431651e-06,
                        -2.028301381143943e-06,
                        1.75995007533105e-06,
                        -4.982127256729052e-07
                    ],
                    [
                        -0.6770312129470708,
                        -2.0093090244316506e-06,
                        1.4474728842918787,
                        1.7210955335209246,
                        -1.2431935505532947,
                        0.5356722246722077
                    ],
                    [
                        -1.3754818805911713,
                        -2.028301381143943e-06,
                        1.7210955335209246,
                        3.511081865520745,
                        -1.8584835137162843,
                        0.28153679249901714
                    ],
                    [
                        0.44227637161997735,
                        1.7599500753310505e-06,
                        -1.2431935505532947,
                        -1.8584835137162843,
                        2.3143761080829255,
                        -0.5174354948601863
                    ],
                    [
                        0.18410303207305534,
                        -4.98212725672905e-07,
                        0.5356722246722077,
                        0.28153679249901714,
                        -0.5174354948601863,
                        1.4940091434085987
                    ]
                ]
            },
            "est_tgt": [
                1
            ],
            "oracle_est_tgt": [
                1
            ]
        },
        "5": {
            "intv_type": "do",
            "inode": 5,
            "new_mui": 1.0,
            "new_vari": null,
            "noise_type": "gaussian",
            "obs_noise_gamma_shape": null,
            "true_params": {
                "Si": [
                    [
                        1.0,
                        0.0,
                        -0.6709478899490673,
                        -1.3669368846402024,
                        0.4354782746548596,
                        0.0
                    ],
                    [
                        0.0,
                        1.0,
                        -0.7167765656617291,
                        -1.5876766325079639,
                        1.8645016949832267,
                        0.0
                    ],
                    [
                        -0.6709478899490673,
                        -0.7167765656617291,
                        1.9639397161089287,
                        2.9090795257437967,
                        -2.5760760260934674,
                        0.0
                    ],
                    [
                        -1.3669368846402024,
                        -1.5876766325079639,
                        2.9090795257437967,
                        6.118424350560053,
                        -4.872142140616783,
                        0.0
                    ],
                    [
                        0.4354782746548596,
                        1.8645016949832267,
                        -2.5760760260934674,
                        -4.872142140616783,
                        5.821331241581566,
                        0.0
                    ],
                    [
                        0.0,
                        0.0,
                        0.0,
                        0.0,
                        0.0,
                        1e-09
                    ]
                ],
                "mui": [
                    0.0,
                    0.0,
                    0.0,
                    0.0,
                    0.0,
                    1.0
                ],
                "Ai": [
                    [
                        0.0,
                        0.0,
                        0.0,
                        0.0,
                        0.0,
                        0.0
                    ],
                    [
                        -0.0,
                        0.0,
                        0.0,
                        0.0,
                        0.0,
                        0.0
                    ],
                    [
                        -0.6709478899490673,
                        -0.7167765656617291,
                        0.0,
                        0.0,
                        0.0,
                        0.0
                    ],
                    [
                        -0.7939965649097216,
                        -0.9756019828109185,
                        0.8539267032704637,
                        0.0,
                        0.0,
                        0.0
                    ],
                    [
                        -0.6032376820599847,
                        0.6901851418647135,
                        -0.5140236567995105,
                        -0.5075822275319875,
                        0.0,
                        0.0
                    ],
                    [
                        0.0,
                        0.0,
                        0.0,
                        0.0,
                        0.0,
                        0.0
                    ]
                ]
            },
            "est_params": {
                "mui": [
                    -0.0217228391128358,
                    0.00792767051121625,
                    -0.012952693849671444,
                    -0.0016995097644205309,
                    0.004865742563024652,
                    1.000001766453508
                ],
                "Si": [
                    [
                        1.0919510046506384,
                        -0.03980426134167555,
                        -0.6797870797680986,
                        -1.4557882240709064,
                        0.40108532367811656,
                        8.069633147140342e-07
                    ],
                    [
                        -0.03980426134167555,
                        0.9861254798269701,
                        -0.6844696098701137,
                        -1.512524422319353,
                        1.8519359979048717,
                        4.921462838724039e-06
                    ],
                    [
                        -0.6797870797680986,
                        -0.6844696098701137,
                        1.936867818617164,
                        2.865009815298003,
                        -2.55476437209788,
                        -4.47350426072203e-06
                    ],
                    [
                        -1.4557882240709064,
                        -1.5125244223193532,
                        2.865009815298002,
                        6.117636187342027,
                        -4.822981130750264,
                        -7.3249404049788656e-06
                    ],
                    [
                        0.40108532367811667,
                        1.8519359979048717,
                        -2.55476437209788,
                        -4.822981130750264,
                        5.851809933954914,
                        4.750308377525369e-06
                    ],
                    [
                        8.069633147140342e-07,
                        4.921462838724039e-06,
                        -4.473504260722031e-06,
                        -7.324940404978866e-06,
                        4.750308377525369e-06,
                        1.0179683057880752e-06
                    ]
                ]
            },
            "est_tgt": [
                5
            ],
            "oracle_est_tgt": [
                5
            ]
        },
        "0": {
            "intv_type": "do",
            "inode": 0,
            "new_mui": 1.0,
            "new_vari": null,
            "noise_type": "gaussian",
            "obs_noise_gamma_shape": null,
            "true_params": {
                "Si": [
                    [
                        1e-09,
                        0.0,
                        -6.709478899490673e-10,
                        -1.3669368846402024e-09,
                        4.354782746548596e-10,
                        2.0004188691872146e-10
                    ],
                    [
                        0.0,
                        1.0,
                        -0.7167765656617291,
                        -1.5876766325079639,
                        1.8645016949832267,
                        0.5203122459211994
                    ],
                    [
                        -6.709478899490673e-10,
                        -0.7167765656617291,
                        1.513768645531994,
                        1.9919361082180447,
                        -2.283892796887312,
                        0.27061178818739706
                    ],
                    [
                        -1.3669368846402024e-09,
                        -1.5876766325079639,
                        1.9919361082180447,
                        4.2499079058387075,
                        -4.276870825126851,
                        -0.27653502680736797
                    ],
                    [
                        4.354782746548596e-10,
                        1.8645016949832267,
                        -2.283892796887312,
                        -4.276870825126851,
                        5.631689914074834,
                        0.36037518510475913
                    ],
                    [
                        2.0004188691872146e-10,
                        0.5203122459211994,
                        0.27061178818739706,
                        -0.27653502680736797,
                        0.36037518510475913,
                        1.684893551388344
                    ]
                ],
                "mui": [
                    1.0,
                    0.0,
                    -0.6709478899490673,
                    -1.3669368846402024,
                    0.4354782746548596,
                    0.20004188691872146
                ],
                "Ai": [
                    [
                        0.0,
                        0.0,
                        0.0,
                        0.0,
                        0.0,
                        0.0
                    ],
                    [
                        -0.0,
                        0.0,
                        0.0,
                        0.0,
                        0.0,
                        0.0
                    ],
                    [
                        -0.6709478899490673,
                        -0.7167765656617291,
                        0.0,
                        0.0,
                        0.0,
                        0.0
                    ],
                    [
                        -0.7939965649097216,
                        -0.9756019828109185,
                        0.8539267032704637,
                        0.0,
                        0.0,
                        0.0
                    ],
                    [
                        -0.6032376820599847,
                        0.6901851418647135,
                        -0.5140236567995105,
                        -0.5075822275319875,
                        0.0,
                        0.0
                    ],
                    [
                        0.6318367171445398,
                        0.9816005517883601,
                        0.6435594130247531,
                        -0.0,
                        0.0,
                        0.0
                    ]
                ]
            },
            "est_params": {
                "mui": [
                    1.0000025337398621,
                    -0.023617754088420283,
                    -0.6349721464352975,
                    -1.3407198465504633,
                    0.388586613439649,
                    0.16056524189369842
                ],
                "Si": [
                    [
                        1.014421026962436e-06,
                        4.7367179046057127e-07,
                        3.196518047803145e-06,
                        -1.0668057688765138e-06,
                        1.0262215646326016e-06,
                        -5.508414544939074e-08
                    ],
                    [
                        4.7367179046057185e-07,
                        0.9479914712614544,
                        -0.6711889932898735,
                        -1.4695929006949013,
                        1.7723870499859027,
                        0.4807165150462414
                    ],
                    [
                        3.196518047803145e-06,
                        -0.6711889932898735,
                        1.4352132696853455,
                        1.8190315309538416,
                        -2.1285207609434784,
                        0.2623666134743141
                    ],
                    [
                        -1.0668057688765144e-06,
                        -1.4695929006949013,
                        1.8190315309538416,
                        3.91490853936656,
                        -3.9471396690750136,
                        -0.26100595713030567
                    ],
                    [
                        1.0262215646325995e-06,
                        1.7723870499859027,
                        -2.1285207609434784,
                        -3.9471396690750136,
                        5.376771326836074,
                        0.3465954606763048
                    ],
                    [
                        -5.508414544939095e-08,
                        0.4807165150462414,
                        0.2623666134743141,
                        -0.26100595713030567,
                        0.34659546067630476,
                        1.6387445614177565
                    ]
                ]
            },
            "est_tgt": [
                0
            ],
            "oracle_est_tgt": [
                0
            ]
        },
        "obs": {
            "intv_type": "obs",
            "noise_type": "gaussian",
            "obs_noise_gamma_shape": null,
            "true_params": {
                "Si": [
                    [
                        1.0,
                        0.0,
                        -0.6709478899490673,
                        -1.3669368846402024,
                        0.4354782746548596,
                        0.20004188691872146
                    ],
                    [
                        0.0,
                        1.0,
                        -0.7167765656617291,
                        -1.5876766325079639,
                        1.8645016949832267,
                        0.5203122459211994
                    ],
                    [
                        -0.6709478899490673,
                        -0.7167765656617291,
                        1.9639397161089287,
                        2.9090795257437967,
                        -2.5760760260934674,
                        0.13639410639206861
                    ],
                    [
                        -1.3669368846402024,
                        -1.5876766325079639,
                        2.9090795257437967,
                        6.118424350560053,
                        -4.872142140616783,
                        -0.5499796602361482
                    ],
                    [
                        0.4354782746548596,
                        1.8645016949832267,
                        -2.5760760260934674,
                        -4.872142140616783,
                        5.821331241581566,
                        0.4474890807917126
                    ],
                    [
                        0.20004188691872146,
                        0.5203122459211994,
                        0.13639410639206861,
                        -0.5499796602361482,
                        0.4474890807917126,
                        1.72491030787033
                    ]
                ],
                "mui": [
                    0.0,
                    0.0,
                    0.0,
                    0.0,
                    0.0,
                    0.0
                ],
                "Ai": [
                    [
                        0.0,
                        0.0,
                        0.0,
                        0.0,
                        0.0,
                        0.0
                    ],
                    [
                        -0.0,
                        0.0,
                        0.0,
                        0.0,
                        0.0,
                        0.0
                    ],
                    [
                        -0.6709478899490673,
                        -0.7167765656617291,
                        0.0,
                        0.0,
                        0.0,
                        0.0
                    ],
                    [
                        -0.7939965649097216,
                        -0.9756019828109185,
                        0.8539267032704637,
                        0.0,
                        0.0,
                        0.0
                    ],
                    [
                        -0.6032376820599847,
                        0.6901851418647135,
                        -0.5140236567995105,
                        -0.5075822275319875,
                        0.0,
                        0.0
                    ],
                    [
                        0.6318367171445398,
                        0.9816005517883601,
                        0.6435594130247531,
                        -0.0,
                        0.0,
                        0.0
                    ]
                ]
            },
            "est_params": {
                "mui": [
                    -0.01931062377317727,
                    0.007595395080773051,
                    0.017768996067104706,
                    0.021362297883472377,
                    -0.027722202420860074,
                    0.005250944233249382
                ],
                "Si": [
                    [
                        0.9904770007140008,
                        0.0293607495267376,
                        -0.7055605929613885,
                        -1.3822453714457044,
                        0.4595655588428037,
                        0.22129050519983753
                    ],
                    [
                        0.0293607495267376,
                        0.9883676025815962,
                        -0.7216806460902859,
                        -1.584469714883671,
                        1.8416997036202754,
                        0.5002008189715387
                    ],
                    [
                        -0.7055605929613885,
                        -0.7216806460902859,
                        2.0552132205324924,
                        2.95955411617873,
                        -2.6183288015365407,
                        0.1516234678194255
                    ],
                    [
                        -1.3822453714457044,
                        -1.584469714883671,
                        2.95955411617873,
                        6.037369692638274,
                        -4.842577628586223,
                        -0.5143458943039038
                    ],
                    [
                        0.4595655588428037,
                        1.8416997036202754,
                        -2.6183288015365407,
                        -4.842577628586223,
                        5.77250261179526,
                        0.3836496839573847
                    ],
                    [
                        0.22129050519983753,
                        0.5002008189715387,
                        0.1516234678194255,
                        -0.5143458943039038,
                        0.3836496839573847,
                        1.6903976700411134
                    ]
                ]
            },
            "est_tgt": [
                0,
                1,
                2,
                3,
                4,
                5
            ],
            "oracle_est_tgt": [
                0,
                1,
                2,
                3,
                4,
                5
            ]
        }
    },
    "metric_dict": {
        "param_est_rel_err": 5.821535590778051,
        "est_num_comp": 4,
        "weight_precision_error": 0.001580061191585963,
        "gm_score_dict": {
            "1": -8.473185841424804,
            "2": -8.431199393520316,
            "3": -5.778399444398391,
            "4": -4.341596836642253,
            "5": -4.33954835657468,
            "6": -4.337253298155806,
            "7": -4.337899157525455
        },
        "est_dag": {
            "amat": [
                [
                    0,
                    0,
                    0,
                    1,
                    1,
                    1
                ],
                [
                    0,
                    0,
                    1,
                    1,
                    1,
                    1
                ],
                [
                    0,
                    0,
                    0,
                    0,
                    1,
                    1
                ],
                [
                    0,
                    0,
                    1,
                    0,
                    1,
                    0
                ],
                [
                    0,
                    0,
                    0,
                    0,
                    0,
                    0
                ],
                [
                    0,
                    0,
                    0,
                    0,
                    0,
                    0
                ]
            ],
            "nodes": [
                0,
                1,
                2,
                3,
                4,
                5
            ]
        },
        "oracle_est_dag": {
            "amat": [
                [
                    0,
                    0,
                    0,
                    1,
                    1,
                    1
                ],
                [
                    0,
                    0,
                    1,
                    1,
                    1,
                    1
                ],
                [
                    0,
                    0,
                    0,
                    0,
                    1,
                    1
                ],
                [
                    0,
                    0,
                    1,
                    0,
                    1,
                    0
                ],
                [
                    0,
                    0,
                    0,
                    0,
                    0,
                    0
                ],
                [
                    0,
                    0,
                    0,
                    0,
                    0,
                    0
                ]
            ],
            "nodes": [
                0,
                1,
                2,
                3,
                4,
                5
            ]
        },
        "igsp_dag": null,
        "intv_base_est_dag": null,
        "act_dag": {
            "amat": [
                [
                    0,
                    0,
                    1,
                    1,
                    1,
                    1
                ],
                [
                    0,
                    0,
                    1,
                    1,
                    1,
                    1
                ],
                [
                    0,
                    0,
                    0,
                    1,
                    1,
                    1
                ],
                [
                    0,
                    0,
                    0,
                    0,
                    1,
                    0
                ],
                [
                    0,
                    0,
                    0,
                    0,
                    0,
                    0
                ],
                [
                    0,
                    0,
                    0,
                    0,
                    0,
                    0
                ]
            ],
            "nodes": [
                0,
                1,
                2,
                3,
                4,
                5
            ]
        },
        "shd": 2,
        "oracle_shd": 2,
        "intv_base_shd": null,
        "igsp_shd": null,
        "avg_js": 0.75,
        "avg_oracle_js": 0.75
    }
}