{
    "expt_args": {
        "save_dir": "all_expt_logs/expt_logs_sim_compsel_backwardbugfixed_cameraready_half",
        "exp_name": "250",
        "num_nodes": 6,
        "num_tgt_prior": 7,
        "obs_noise_mean": 0.0,
        "obs_noise_var": 1.0,
        "obs_noise_gamma_shape": null,
        "noise_type": "gaussian",
        "max_edge_strength": 1.0,
        "graph_sparsity_method": "adj_dense_prop",
        "adj_dense_prop": 0.8,
        "num_parents": null,
        "new_noise_mean": 1.0,
        "mix_samples": 262144,
        "stage2_samples": 262144,
        "gmm_tol": 0.001,
        "intv_type": "do",
        "new_noise_var": null,
        "dtype": "simulation",
        "cutoff_drop_ratio": 0.07,
        "intv_targets": [
            5,
            2,
            0
        ]
    },
    "intv_args_dict": {
        "5": {
            "intv_type": "do",
            "inode": 5,
            "new_mui": 1.0,
            "new_vari": null,
            "noise_type": "gaussian",
            "obs_noise_gamma_shape": null,
            "true_params": {
                "Si": [
                    [
                        1.0,
                        0.9514869939599014,
                        -0.07461386643695311,
                        0.6280552249620764,
                        -1.663075872368437,
                        0.0
                    ],
                    [
                        0.9514869939599014,
                        1.9053274996748495,
                        -0.7460677685654662,
                        1.105324977621601,
                        -2.275817154376721,
                        0.0
                    ],
                    [
                        -0.07461386643695311,
                        -0.7460677685654662,
                        1.4612916553484891,
                        -1.141745849026368,
                        0.4039465800458384,
                        0.0
                    ],
                    [
                        0.6280552249620764,
                        1.105324977621601,
                        -1.141745849026368,
                        2.217941269178005,
                        -1.8672291578511888,
                        0.0
                    ],
                    [
                        -1.663075872368437,
                        -2.275817154376721,
                        0.4039465800458384,
                        -1.8672291578511888,
                        4.65692997179786,
                        0.0
                    ],
                    [
                        0.0,
                        0.0,
                        0.0,
                        0.0,
                        0.0,
                        1e-09
                    ]
                ],
                "mui": [
                    0.0,
                    0.0,
                    0.0,
                    0.0,
                    0.0,
                    1.0
                ],
                "Ai": [
                    [
                        0.0,
                        0.0,
                        0.0,
                        0.0,
                        0.0,
                        0.0
                    ],
                    [
                        0.9514869939599014,
                        0.0,
                        0.0,
                        0.0,
                        0.0,
                        0.0
                    ],
                    [
                        0.5677099268233339,
                        -0.6750736450816441,
                        0.0,
                        0.0,
                        0.0,
                        0.0
                    ],
                    [
                        0.5719363995123179,
                        0.0,
                        -0.7521232731878,
                        0.0,
                        0.0,
                        0.0
                    ],
                    [
                        -0.5462595748026228,
                        -0.8205066768151967,
                        -0.6487312989147238,
                        -0.6122379073158841,
                        0.0,
                        0.0
                    ],
                    [
                        0.0,
                        0.0,
                        0.0,
                        0.0,
                        0.0,
                        0.0
                    ]
                ]
            },
            "est_params": {
                "mui": [
                    -0.0038975861092739495,
                    0.0009446488459382629,
                    -0.006854809451616296,
                    3.524078304487874e-05,
                    0.0019843179798081337,
                    0.9999997770610048
                ],
                "Si": [
                    [
                        0.9959676283947226,
                        0.9508889256234759,
                        -0.07677774179890447,
                        0.6298439690089727,
                        -1.6578092824016166,
                        -2.907177576714631e-07
                    ],
                    [
                        0.9508889256234759,
                        1.904016669185082,
                        -0.7453652276577594,
                        1.1072467874777139,
                        -2.275259254838448,
                        5.6852955600265345e-08
                    ],
                    [
                        -0.07677774179890448,
                        -0.7453652276577594,
                        1.4645097194754482,
                        -1.1446164693453467,
                        0.4064693742114153,
                        1.7857537451824234e-07
                    ],
                    [
                        0.6298439690089727,
                        1.1072467874777139,
                        -1.1446164693453467,
                        2.225031647484186,
                        -1.8735150936622809,
                        3.293942836517586e-07
                    ],
                    [
                        -1.6578092824016166,
                        -2.275259254838448,
                        0.4064693742114153,
                        -1.8735150936622809,
                        4.648527035637544,
                        -3.796051322376536e-07
                    ],
                    [
                        -2.9071775767146315e-07,
                        5.68529556002654e-08,
                        1.7857537451824234e-07,
                        3.2939428365175854e-07,
                        -3.7960513223765375e-07,
                        1.00777364852087e-06
                    ]
                ]
            },
            "est_tgt": [
                5
            ],
            "oracle_est_tgt": [
                5
            ]
        },
        "2": {
            "intv_type": "do",
            "inode": 2,
            "new_mui": 1.0,
            "new_vari": null,
            "noise_type": "gaussian",
            "obs_noise_gamma_shape": null,
            "true_params": {
                "Si": [
                    [
                        1.0,
                        0.9514869939599014,
                        0.0,
                        0.5719363995123179,
                        -1.6771221506047456,
                        1.682894019704233
                    ],
                    [
                        0.9514869939599014,
                        1.9053274996748495,
                        0.0,
                        0.5441900455082246,
                        -2.4162665903976714,
                        2.114201610706205
                    ],
                    [
                        0.0,
                        0.0,
                        1e-09,
                        -7.521232731878001e-10,
                        -1.8825292009465213e-10,
                        1.3569791713677086e-09
                    ],
                    [
                        0.5719363995123179,
                        0.5441900455082246,
                        -7.521232731878001e-10,
                        1.3271112456528031,
                        -1.5714451115335284,
                        0.749767837454139
                    ],
                    [
                        -1.6771221506047456,
                        -2.4162665903976714,
                        -1.8825292009465213e-10,
                        -1.5714451115335284,
                        4.860805169937377,
                        -3.738212098970421
                    ],
                    [
                        1.682894019704233,
                        2.114201610706205,
                        1.3569791713677086e-09,
                        0.749767837454139,
                        -3.738212098970421,
                        4.531336241708229
                    ]
                ],
                "mui": [
                    0.0,
                    0.0,
                    1.0,
                    -0.7521232731878,
                    -0.1882529200946521,
                    1.3569791713677086
                ],
                "Ai": [
                    [
                        0.0,
                        0.0,
                        0.0,
                        0.0,
                        0.0,
                        0.0
                    ],
                    [
                        0.9514869939599014,
                        0.0,
                        0.0,
                        0.0,
                        0.0,
                        0.0
                    ],
                    [
                        0.0,
                        0.0,
                        0.0,
                        0.0,
                        0.0,
                        0.0
                    ],
                    [
                        0.5719363995123179,
                        0.0,
                        -0.7521232731878,
                        0.0,
                        0.0,
                        0.0
                    ],
                    [
                        -0.5462595748026228,
                        -0.8205066768151967,
                        -0.6487312989147238,
                        -0.6122379073158841,
                        0.0,
                        0.0
                    ],
                    [
                        0.9750020691952319,
                        0.0,
                        0.7914097352783693,
                        -0.5954885643362369,
                        -0.625162296955033,
                        0.0
                    ]
                ]
            },
            "est_params": {
                "mui": [
                    -0.00015655538309895933,
                    -0.003237399357396046,
                    0.9999999969573803,
                    -0.7527741985991725,
                    -0.18574773878356143,
                    1.3548569704199995
                ],
                "Si": [
                    [
                        1.0020773091854709,
                        0.9458683457922097,
                        -3.867846505080748e-07,
                        0.5751261651374191,
                        -1.67014222494248,
                        1.6744083752782573
                    ],
                    [
                        0.9458683457922097,
                        1.8839489755723495,
                        5.614412657105518e-08,
                        0.5438463728943266,
                        -2.391431305819495,
                        2.0884133749782734
                    ],
                    [
                        -3.867846505080748e-07,
                        5.6144126571055124e-08,
                        1.009929010561736e-06,
                        -8.627287811707899e-07,
                        7.77076775501052e-07,
                        -1.7198997617825815e-07
                    ],
                    [
                        0.5751261651374191,
                        0.5438463728943266,
                        -8.6272878117079e-07,
                        1.338561572881936,
                        -1.5721947443391406,
                        0.7446919304403831
                    ],
                    [
                        -1.67014222494248,
                        -2.3914313058194954,
                        7.77076775501052e-07,
                        -1.5721947443391409,
                        4.828174151628011,
                        -3.704476373806224
                    ],
                    [
                        1.6744083752782573,
                        2.0884133749782734,
                        -1.7198997617825804e-07,
                        0.7446919304403832,
                        -3.704476373806224,
                        4.493339920702452
                    ]
                ]
            },
            "est_tgt": [
                2
            ],
            "oracle_est_tgt": [
                2
            ]
        },
        "0": {
            "intv_type": "do",
            "inode": 0,
            "new_mui": 1.0,
            "new_vari": null,
            "noise_type": "gaussian",
            "obs_noise_gamma_shape": null,
            "true_params": {
                "Si": [
                    [
                        1e-09,
                        9.514869939599016e-10,
                        -7.461386643695312e-11,
                        6.280552249620765e-10,
                        -1.6630758723684371e-09,
                        1.5816445570540754e-09
                    ],
                    [
                        9.514869939599016e-10,
                        1.0000000009053276,
                        -0.6750736451526382,
                        0.5077386001792118,
                        -0.6934220934320315,
                        -0.4031110352654246
                    ],
                    [
                        -7.461386643695312e-11,
                        -0.6750736451526382,
                        1.455724426289385,
                        -1.0948842204028788,
                        0.2798580591545091,
                        1.6291088082148892
                    ],
                    [
                        6.280552249620765e-10,
                        0.5077386001792118,
                        -1.0948842204028788,
                        1.8234879039702934,
                        -0.8227256677463322,
                        -1.4380311562247545
                    ],
                    [
                        -1.6630758723684371e-09,
                        -0.6934220934320315,
                        0.2798580591545091,
                        -0.8227256677463322,
                        1.8911086173096434,
                        -0.4708436893704322
                    ],
                    [
                        1.5816445570540754e-09,
                        -0.4031110352654246,
                        1.6291088082148892,
                        -1.4380311562247545,
                        -0.4708436893704322,
                        3.4399774032357717
                    ]
                ],
                "mui": [
                    1.0,
                    0.9514869939599014,
                    -0.07461386643695311,
                    0.6280552249620764,
                    -1.663075872368437,
                    1.5816445570540754
                ],
                "Ai": [
                    [
                        0.0,
                        0.0,
                        0.0,
                        0.0,
                        0.0,
                        0.0
                    ],
                    [
                        0.9514869939599014,
                        0.0,
                        0.0,
                        0.0,
                        0.0,
                        0.0
                    ],
                    [
                        0.5677099268233339,
                        -0.6750736450816441,
                        0.0,
                        0.0,
                        0.0,
                        0.0
                    ],
                    [
                        0.5719363995123179,
                        0.0,
                        -0.7521232731878,
                        0.0,
                        0.0,
                        0.0
                    ],
                    [
                        -0.5462595748026228,
                        -0.8205066768151967,
                        -0.6487312989147238,
                        -0.6122379073158841,
                        0.0,
                        0.0
                    ],
                    [
                        0.9750020691952319,
                        0.0,
                        0.7914097352783693,
                        -0.5954885643362369,
                        -0.625162296955033,
                        0.0
                    ]
                ]
            },
            "est_params": {
                "mui": [
                    1.0000004166095386,
                    0.9533826090943037,
                    -0.07914904672483385,
                    0.6336888134203673,
                    -1.664280910477539,
                    1.57462677607034
                ],
                "Si": [
                    [
                        1.0136533796008565e-06,
                        -5.006779201493656e-07,
                        3.8484589587646485e-07,
                        -3.008727867150746e-07,
                        -4.2479101129266375e-07,
                        1.210966463900802e-06
                    ],
                    [
                        -5.006779201493656e-07,
                        1.0024013015703683,
                        -0.676596486475032,
                        0.5101172902669401,
                        -0.6888005466455296,
                        -0.41238974739022527
                    ],
                    [
                        3.8484589587646474e-07,
                        -0.676596486475032,
                        1.4632137498798552,
                        -1.0946185508716362,
                        0.26636533821912806,
                        1.643278957206144
                    ],
                    [
                        -3.008727867150747e-07,
                        0.5101172902669401,
                        -1.0946185508716362,
                        1.8151381144792753,
                        -0.813434139836781,
                        -1.433850198792343
                    ],
                    [
                        -4.247910112926635e-07,
                        -0.6888005466455296,
                        0.26636533821912795,
                        -0.813434139836781,
                        1.882303491450106,
                        -0.48114207004240117
                    ],
                    [
                        1.2109664639008017e-06,
                        -0.41238974739022527,
                        1.6432789572061435,
                        -1.433850198792343,
                        -0.48114207004240117,
                        3.4437370338984854
                    ]
                ]
            },
            "est_tgt": [
                0
            ],
            "oracle_est_tgt": [
                0
            ]
        },
        "obs": {
            "intv_type": "obs",
            "noise_type": "gaussian",
            "obs_noise_gamma_shape": null,
            "true_params": {
                "Si": [
                    [
                        1.0,
                        0.9514869939599014,
                        -0.07461386643695311,
                        0.6280552249620764,
                        -1.663075872368437,
                        1.5816445570540754
                    ],
                    [
                        0.9514869939599014,
                        1.9053274996748495,
                        -0.7460677685654662,
                        1.105324977621601,
                        -2.275817154376721,
                        1.1018031883340833
                    ],
                    [
                        -0.07461386643695311,
                        -0.7460677685654662,
                        1.4612916553484891,
                        -1.141745849026368,
                        0.4039465800458384,
                        1.5110961926021353
                    ],
                    [
                        0.6280552249620764,
                        1.105324977621601,
                        -1.141745849026368,
                        2.217941269178005,
                        -1.8672291578511888,
                        -0.4446710291274737
                    ],
                    [
                        -1.663075872368437,
                        -2.275817154376721,
                        0.4039465800458384,
                        -1.8672291578511888,
                        4.65692997179786,
                        -3.1012385882395335
                    ],
                    [
                        1.5816445570540754,
                        1.1018031883340833,
                        1.5110961926021353,
                        -0.4446710291274737,
                        -3.1012385882395335,
                        5.941576905592955
                    ]
                ],
                "mui": [
                    0.0,
                    0.0,
                    0.0,
                    0.0,
                    0.0,
                    0.0
                ],
                "Ai": [
                    [
                        0.0,
                        0.0,
                        0.0,
                        0.0,
                        0.0,
                        0.0
                    ],
                    [
                        0.9514869939599014,
                        0.0,
                        0.0,
                        0.0,
                        0.0,
                        0.0
                    ],
                    [
                        0.5677099268233339,
                        -0.6750736450816441,
                        0.0,
                        0.0,
                        0.0,
                        0.0
                    ],
                    [
                        0.5719363995123179,
                        0.0,
                        -0.7521232731878,
                        0.0,
                        0.0,
                        0.0
                    ],
                    [
                        -0.5462595748026228,
                        -0.8205066768151967,
                        -0.6487312989147238,
                        -0.6122379073158841,
                        0.0,
                        0.0
                    ],
                    [
                        0.9750020691952319,
                        0.0,
                        0.7914097352783693,
                        -0.5954885643362369,
                        -0.625162296955033,
                        0.0
                    ]
                ]
            },
            "est_params": {
                "mui": [
                    -0.00584072732845734,
                    -0.0015958971360616563,
                    0.0011210503806306105,
                    0.0003394196173301126,
                    0.004829045161134467,
                    -0.012013717670405483
                ],
                "Si": [
                    [
                        0.9979200468682833,
                        0.9405950999907707,
                        -0.06513477816503607,
                        0.6211669232956757,
                        -1.6552740489941307,
                        1.5860278547792754
                    ],
                    [
                        0.9405950999907707,
                        1.8861245057931033,
                        -0.746741123837642,
                        1.100987165485757,
                        -2.248369806028502,
                        1.0749973570567832
                    ],
                    [
                        -0.06513477816503607,
                        -0.746741123837642,
                        1.478930763223295,
                        -1.1593280294174808,
                        0.3992586616658479,
                        1.5497768511091525
                    ],
                    [
                        0.6211669232956757,
                        1.100987165485757,
                        -1.1593280294174808,
                        2.236690298375752,
                        -1.861418334598972,
                        -0.48152127325291444
                    ],
                    [
                        -1.6552740489941307,
                        -2.248369806028502,
                        0.3992586616658479,
                        -1.861418334598972,
                        4.629871162688048,
                        -3.0867564282609607
                    ],
                    [
                        1.5860278547792754,
                        1.0749973570567832,
                        1.5497768511091525,
                        -0.48152127325291444,
                        -3.0867564282609607,
                        5.991555416356071
                    ]
                ]
            },
            "est_tgt": [
                0,
                1,
                2,
                3,
                4,
                5
            ],
            "oracle_est_tgt": [
                0,
                1,
                2,
                3,
                4,
                5
            ]
        }
    },
    "metric_dict": {
        "param_est_rel_err": 1.2151043791213523,
        "est_num_comp": 4,
        "weight_precision_error": 0.0016549230739648924,
        "gm_score_dict": {
            "1": -8.764806827693883,
            "2": -7.4490006611840585,
            "3": -6.017317632703748,
            "4": -4.3401111460797726,
            "5": -4.340345214942885,
            "6": -4.340771664145147,
            "7": -4.34108684336193
        },
        "est_dag": {
            "amat": [
                [
                    0,
                    1,
                    1,
                    1,
                    1,
                    1
                ],
                [
                    0,
                    0,
                    1,
                    0,
                    1,
                    0
                ],
                [
                    0,
                    0,
                    0,
                    1,
                    1,
                    1
                ],
                [
                    0,
                    0,
                    0,
                    0,
                    1,
                    1
                ],
                [
                    0,
                    0,
                    0,
                    0,
                    0,
                    1
                ],
                [
                    0,
                    0,
                    0,
                    0,
                    0,
                    0
                ]
            ],
            "nodes": [
                0,
                1,
                2,
                3,
                4,
                5
            ]
        },
        "oracle_est_dag": {
            "amat": [
                [
                    0,
                    1,
                    1,
                    1,
                    1,
                    1
                ],
                [
                    0,
                    0,
                    1,
                    0,
                    1,
                    0
                ],
                [
                    0,
                    0,
                    0,
                    1,
                    1,
                    1
                ],
                [
                    0,
                    0,
                    0,
                    0,
                    1,
                    1
                ],
                [
                    0,
                    0,
                    0,
                    0,
                    0,
                    1
                ],
                [
                    0,
                    0,
                    0,
                    0,
                    0,
                    0
                ]
            ],
            "nodes": [
                0,
                1,
                2,
                3,
                4,
                5
            ]
        },
        "igsp_dag": null,
        "intv_base_est_dag": null,
        "act_dag": {
            "amat": [
                [
                    0,
                    1,
                    1,
                    1,
                    1,
                    1
                ],
                [
                    0,
                    0,
                    1,
                    0,
                    1,
                    0
                ],
                [
                    0,
                    0,
                    0,
                    1,
                    1,
                    1
                ],
                [
                    0,
                    0,
                    0,
                    0,
                    1,
                    1
                ],
                [
                    0,
                    0,
                    0,
                    0,
                    0,
                    1
                ],
                [
                    0,
                    0,
                    0,
                    0,
                    0,
                    0
                ]
            ],
            "nodes": [
                0,
                1,
                2,
                3,
                4,
                5
            ]
        },
        "shd": 0,
        "oracle_shd": 0,
        "intv_base_shd": null,
        "igsp_shd": null,
        "avg_js": 0.75,
        "avg_oracle_js": 0.75
    }
}