{
    "expt_args": {
        "save_dir": "expt_logs_29.04.24-4",
        "exp_name": "119",
        "num_nodes": 4,
        "obs_noise_mean": 0.5,
        "obs_noise_var": 1.0,
        "max_edge_strength": 30.0,
        "num_parents": 2,
        "new_noise_mean": 10.0,
        "mix_samples": 131072,
        "stage2_samples": 131072,
        "intv_targets": [
            0,
            1,
            2,
            3
        ]
    },
    "intv_args_dict": {
        "0": {
            "intv_type": "do",
            "inode": 0,
            "new_mui": 10.0,
            "true_params": {
                "Si": [
                    [
                        0.0,
                        0.0,
                        0.0,
                        0.0
                    ],
                    [
                        0.0,
                        0.9999999999999973,
                        -7.887366108513184,
                        14.209086380029836
                    ],
                    [
                        0.0,
                        -7.887366108513184,
                        63.21054412972258,
                        -112.07226634678392
                    ],
                    [
                        0.0,
                        14.209086380029836,
                        -112.07226634678392,
                        202.89813575514995
                    ]
                ],
                "mui": [
                    9.99999999999999,
                    191.20898860423256,
                    -1327.3815901470766,
                    2492.6412033466017
                ],
                "Ai": [
                    [
                        0.0,
                        0.0,
                        0.0,
                        0.0
                    ],
                    [
                        19.070898860423284,
                        0.0,
                        0.0,
                        0.0
                    ],
                    [
                        18.02537062130353,
                        -7.887366108513206,
                        0.0,
                        0.0
                    ],
                    [
                        -22.476383236908696,
                        14.209086380029875,
                        0.0,
                        0.0
                    ]
                ]
            },
            "est_params": {
                "mui": [
                    9.999999999999998,
                    191.2086664317176,
                    -1327.366533914215,
                    2492.6427663105123
                ],
                "Si": [
                    [
                        1e-06,
                        6.682539614101653e-28,
                        -1.5411064345980093e-27,
                        1.9570828350026906e-27
                    ],
                    [
                        6.682539614101653e-28,
                        0.9989948745579957,
                        -7.888275619968949,
                        14.189872074852497
                    ],
                    [
                        -1.5411064345980093e-27,
                        -7.888275619968949,
                        63.279387950600075,
                        -112.04493603792973
                    ],
                    [
                        1.9570828350026906e-27,
                        14.189872074852497,
                        -112.04493603792973,
                        202.56175989674517
                    ]
                ]
            },
            "est_tgt": [
                0,
                2
            ]
        },
        "1": {
            "intv_type": "do",
            "inode": 1,
            "new_mui": 10.0,
            "true_params": {
                "Si": [
                    [
                        0.9999999999999984,
                        0.0,
                        18.0253706213035,
                        -22.47638323690866
                    ],
                    [
                        0.0,
                        0.0,
                        0.0,
                        0.0
                    ],
                    [
                        18.0253706213035,
                        0.0,
                        325.9139860353519,
                        -405.1451380717325
                    ],
                    [
                        -22.47638323690866,
                        0.0,
                        -405.1451380717325,
                        506.1878034123894
                    ]
                ],
                "mui": [
                    0.500000000000002,
                    9.999999999999995,
                    -69.36097577448021,
                    131.35267218184427
                ],
                "Ai": [
                    [
                        0.0,
                        0.0,
                        0.0,
                        0.0
                    ],
                    [
                        0.0,
                        0.0,
                        0.0,
                        0.0
                    ],
                    [
                        18.02537062130353,
                        -7.887366108513206,
                        0.0,
                        0.0
                    ],
                    [
                        -22.476383236908696,
                        14.209086380029875,
                        0.0,
                        0.0
                    ]
                ]
            },
            "est_params": {
                "mui": [
                    0.49217840410572405,
                    9.999999973054857,
                    -69.48467327789848,
                    131.52903127607735
                ],
                "Si": [
                    [
                        1.0046865872437438,
                        1.4961489962364512e-09,
                        18.1047806457964,
                        -22.586374598234475
                    ],
                    [
                        1.496148996236451e-09,
                        1.0008416754268429e-06,
                        1.7085743408788056e-07,
                        1.6499593119526435e-07
                    ],
                    [
                        18.1047806457964,
                        1.7085743408788056e-07,
                        327.26674078680975,
                        -407.01002351753334
                    ],
                    [
                        -22.586374598234475,
                        1.6499593119526435e-07,
                        -407.01002351753334,
                        508.7714881939307
                    ]
                ]
            },
            "est_tgt": [
                1,
                2
            ]
        },
        "2": {
            "intv_type": "do",
            "inode": 2,
            "new_mui": 10.0,
            "true_params": {
                "Si": [
                    [
                        0.999999999999998,
                        19.070898860423238,
                        0.0,
                        248.50366601565844
                    ],
                    [
                        19.070898860423238,
                        364.69918334449306,
                        0.0,
                        4753.397367409057
                    ],
                    [
                        0.0,
                        0.0,
                        0.0,
                        0.0
                    ],
                    [
                        248.50366601565844,
                        4753.397367409057,
                        0.0,
                        61956.970158977194
                    ]
                ],
                "mui": [
                    0.4999999999999995,
                    10.035449430211628,
                    10.0,
                    131.85637619784427
                ],
                "Ai": [
                    [
                        0.0,
                        0.0,
                        0.0,
                        0.0
                    ],
                    [
                        19.070898860423284,
                        0.0,
                        0.0,
                        0.0
                    ],
                    [
                        0.0,
                        0.0,
                        0.0,
                        0.0
                    ],
                    [
                        -22.476383236908696,
                        14.209086380029875,
                        0.0,
                        0.0
                    ]
                ]
            },
            "est_params": {
                "mui": [
                    -0.07203380017559771,
                    -0.9069533547549459,
                    8.56966199678685,
                    -10.765143369273051
                ],
                "Si": [
                    [
                        0.48481209734710756,
                        9.224710529582273,
                        -31.02216599758561,
                        120.17410433914803
                    ],
                    [
                        9.224710529582273,
                        176.5105933204583,
                        -593.8676260484077,
                        2300.6412744835093
                    ],
                    [
                        -31.02216599758561,
                        -593.8676260484077,
                        4127.659688679228,
                        -7740.776672581502
                    ],
                    [
                        120.17410433914803,
                        2300.6412744835084,
                        -7740.776672581503,
                        29988.95494077112
                    ]
                ]
            },
            "est_tgt": [
                0,
                1,
                2
            ]
        },
        "3": {
            "intv_type": "do",
            "inode": 3,
            "new_mui": 10.0,
            "true_params": {
                "Si": [
                    [
                        0.9999999999999996,
                        19.070898860423277,
                        -132.39379070928214,
                        0.0
                    ],
                    [
                        19.070898860423277,
                        364.699183344494,
                        -2532.7559584732808,
                        0.0
                    ],
                    [
                        -132.39379070928214,
                        -2532.7559584732808,
                        17591.326362502936,
                        0.0
                    ],
                    [
                        0.0,
                        0.0,
                        0.0,
                        0.0
                    ]
                ],
                "mui": [
                    0.4999999999999999,
                    10.03544943021164,
                    -69.64057840889768,
                    10.0
                ],
                "Ai": [
                    [
                        0.0,
                        0.0,
                        0.0,
                        0.0
                    ],
                    [
                        19.070898860423284,
                        0.0,
                        0.0,
                        0.0
                    ],
                    [
                        18.02537062130353,
                        -7.887366108513206,
                        0.0,
                        0.0
                    ],
                    [
                        0.0,
                        0.0,
                        0.0,
                        0.0
                    ]
                ]
            },
            "est_params": {
                "mui": [
                    0.5006883316204136,
                    10.045223628451811,
                    -69.71609416473255,
                    10.00000005975511
                ],
                "Si": [
                    [
                        1.0075470547311287,
                        19.21241160582845,
                        -133.37508889259647,
                        -3.01575817229747e-08
                    ],
                    [
                        19.21241160582845,
                        367.35081686363407,
                        -2551.1283519640588,
                        -5.612025688696445e-07
                    ],
                    [
                        -133.37508889259647,
                        -2551.1283519640588,
                        17718.608524788193,
                        3.844173165159346e-06
                    ],
                    [
                        -3.01575817229747e-08,
                        -5.612025688696445e-07,
                        3.844173165159346e-06,
                        1.0000936185448413e-06
                    ]
                ]
            },
            "est_tgt": [
                3
            ]
        },
        "obs": {
            "intv_type": "obs",
            "true_params": {
                "Si": [
                    [
                        0.999999999999998,
                        19.070898860423238,
                        -132.39379070928186,
                        248.50366601565844
                    ],
                    [
                        19.070898860423238,
                        364.69918334449306,
                        -2532.7559584732744,
                        4753.397367409057
                    ],
                    [
                        -132.39379070928186,
                        -2532.7559584732744,
                        17591.326362502885,
                        -33012.41461531322
                    ],
                    [
                        248.50366601565844,
                        4753.397367409057,
                        -33012.41461531322,
                        61956.970158977194
                    ]
                ],
                "mui": [
                    0.4999999999999995,
                    10.035449430211628,
                    -69.6405784088976,
                    131.85637619784427
                ],
                "Ai": [
                    [
                        0.0,
                        0.0,
                        0.0,
                        0.0
                    ],
                    [
                        19.070898860423284,
                        0.0,
                        0.0,
                        0.0
                    ],
                    [
                        18.02537062130353,
                        -7.887366108513206,
                        0.0,
                        0.0
                    ],
                    [
                        -22.476383236908696,
                        14.209086380029875,
                        0.0,
                        0.0
                    ]
                ]
            },
            "est_params": {
                "mui": [
                    1.4402355026138212,
                    28.00739293434232,
                    -93.41802845025059,
                    366.08669408697034
                ],
                "Si": [
                    [
                        0.39547449353435016,
                        7.521785686616194,
                        -25.918810320606852,
                        97.9927697227456
                    ],
                    [
                        7.521785686616192,
                        144.04319371037664,
                        -497.8792056938967,
                        1877.7369109509284
                    ],
                    [
                        -25.918810320606852,
                        -497.87920569389655,
                        13907.26218201865,
                        -6492.989273372103
                    ],
                    [
                        97.9927697227456,
                        1877.736910950928,
                        -6492.989273372103,
                        24480.39200125321
                    ]
                ]
            }
        }
    },
    "metric_dict": {
        "param_est_rel_err": 3.7958918594129503,
        "est_dag": {
            "amat": [
                [
                    0,
                    1,
                    1,
                    1
                ],
                [
                    0,
                    0,
                    1,
                    1
                ],
                [
                    0,
                    0,
                    0,
                    0
                ],
                [
                    0,
                    0,
                    0,
                    0
                ]
            ],
            "nodes": [
                0,
                1,
                2,
                3
            ]
        },
        "act_dag": {
            "amat": [
                [
                    0,
                    1,
                    1,
                    1
                ],
                [
                    0,
                    0,
                    1,
                    1
                ],
                [
                    0,
                    0,
                    0,
                    0
                ],
                [
                    0,
                    0,
                    0,
                    0
                ]
            ],
            "nodes": [
                0,
                1,
                2,
                3
            ]
        },
        "shd": 0,
        "avg_js": 0.5833333333333333
    }
}