{
    "expt_args": {
        "save_dir": "expt_logs_29.04.24-4",
        "exp_name": "113",
        "num_nodes": 4,
        "obs_noise_mean": 0.5,
        "obs_noise_var": 1.0,
        "max_edge_strength": 30.0,
        "num_parents": 2,
        "new_noise_mean": 10.0,
        "mix_samples": 2048,
        "stage2_samples": 2048,
        "intv_targets": [
            0,
            1,
            2,
            3
        ]
    },
    "intv_args_dict": {
        "0": {
            "intv_type": "do",
            "inode": 0,
            "new_mui": 10.0,
            "true_params": {
                "Si": [
                    [
                        1.0029620844022396e-34,
                        1.0006400283028487e-17,
                        -2.542267878445246e-16,
                        -4.2009354893247556e-15
                    ],
                    [
                        1.0006400283028487e-17,
                        1.0000000000000004,
                        -25.365436649235345,
                        -419.1208417575972
                    ],
                    [
                        -2.542267878445246e-16,
                        -25.365436649235345,
                        644.4053764063713,
                        10648.361903466546
                    ],
                    [
                        -4.2009354893247556e-15,
                        -419.1208417575972,
                        10648.361903466546,
                        175958.38922349297
                    ]
                ],
                "mui": [
                    10.000000000000002,
                    222.40258099272086,
                    -5426.909292516509,
                    -89529.43124896362
                ],
                "Ai": [
                    [
                        0.0,
                        0.0,
                        0.0,
                        0.0
                    ],
                    [
                        22.190258099272082,
                        0.0,
                        0.0,
                        0.0
                    ],
                    [
                        21.392928628078312,
                        -25.365436649235335,
                        0.0,
                        0.0
                    ],
                    [
                        -0.0,
                        16.62548795221265,
                        17.178743490029596,
                        0.0
                    ]
                ]
            },
            "est_params": {
                "mui": [
                    10.000000000000002,
                    222.3614571530933,
                    -5425.888251237241,
                    -89512.5672673921
                ],
                "Si": [
                    [
                        1e-06,
                        0.0,
                        0.0,
                        0.0
                    ],
                    [
                        0.0,
                        0.9504638157746917,
                        -24.150865439187122,
                        -398.9635262973294
                    ],
                    [
                        0.0,
                        -24.150865439187122,
                        614.7961557299882,
                        10156.967951204979
                    ],
                    [
                        0.0,
                        -398.9635262973294,
                        10156.967951204979,
                        167803.33676322427
                    ]
                ]
            },
            "est_tgt": [
                0,
                2
            ]
        },
        "1": {
            "intv_type": "do",
            "inode": 1,
            "new_mui": 10.0,
            "true_params": {
                "Si": [
                    [
                        1.0000000000000075,
                        0.0,
                        21.392928628078472,
                        367.5036334022708
                    ],
                    [
                        0.0,
                        0.0,
                        0.0,
                        0.0
                    ],
                    [
                        21.392928628078472,
                        0.0,
                        458.657395286056,
                        7879.157743424265
                    ],
                    [
                        367.5036334022708,
                        0.0,
                        7879.157743424265,
                        135355.02979176588
                    ]
                ],
                "mui": [
                    0.49999999999996714,
                    10.000000000000009,
                    -242.45790217831512,
                    -3998.367229129837
                ],
                "Ai": [
                    [
                        0.0,
                        0.0,
                        0.0,
                        0.0
                    ],
                    [
                        0.0,
                        0.0,
                        0.0,
                        0.0
                    ],
                    [
                        21.392928628078312,
                        -25.365436649235335,
                        0.0,
                        0.0
                    ],
                    [
                        -0.0,
                        16.62548795221265,
                        17.178743490029596,
                        0.0
                    ]
                ]
            },
            "est_params": {
                "mui": [
                    0.5727366949392312,
                    10.000000000000002,
                    -240.87520787212333,
                    -3971.2096022178353
                ],
                "Si": [
                    [
                        0.9657907242046423,
                        2.260619407308501e-30,
                        20.699066172999576,
                        355.552979306466
                    ],
                    [
                        2.260619407308501e-30,
                        1e-06,
                        -5.7291656897303765e-28,
                        -1.0012028745957605e-26
                    ],
                    [
                        20.699066172999576,
                        -5.73163462560184e-28,
                        444.60216661741015,
                        7637.09614248629
                    ],
                    [
                        355.552979306466,
                        -1.0008078448563264e-26,
                        7637.09614248629,
                        131186.186561896
                    ]
                ]
            },
            "est_tgt": [
                1,
                2
            ]
        },
        "2": {
            "intv_type": "do",
            "inode": 2,
            "new_mui": 10.0,
            "true_params": {
                "Si": [
                    [
                        1.0,
                        22.190258099272082,
                        0.0,
                        368.92386868593724
                    ],
                    [
                        22.190258099272082,
                        493.40755451231024,
                        0.0,
                        8203.141353075122
                    ],
                    [
                        0.0,
                        0.0,
                        0.0,
                        0.0
                    ],
                    [
                        368.92386868593724,
                        8203.141353075122,
                        0.0,
                        136382.22773584785
                    ]
                ],
                "mui": [
                    0.5,
                    11.595129049636041,
                    10.0,
                    365.06211321937093
                ],
                "Ai": [
                    [
                        0.0,
                        0.0,
                        0.0,
                        0.0
                    ],
                    [
                        22.190258099272082,
                        0.0,
                        0.0,
                        0.0
                    ],
                    [
                        0.0,
                        0.0,
                        0.0,
                        0.0
                    ],
                    [
                        -0.0,
                        16.62548795221265,
                        17.178743490029596,
                        0.0
                    ]
                ]
            },
            "est_params": {
                "mui": [
                    0.49947801966272615,
                    11.564728270676488,
                    -133.15547079090135,
                    189.14768936014858
                ],
                "Si": [
                    [
                        1.0679019953035462,
                        23.745647231678117,
                        -266.20833085443803,
                        214.5142948138965
                    ],
                    [
                        23.745647231678117,
                        529.0742732691848,
                        -5945.190765168934,
                        4766.8664284598635
                    ],
                    [
                        -266.20833085443803,
                        -5945.190765168934,
                        166425.80127463146,
                        25645.971946085054
                    ],
                    [
                        214.5142948138965,
                        4766.8664284598635,
                        25645.971946085054,
                        110692.53632181349
                    ]
                ]
            },
            "est_tgt": [
                2,
                3
            ]
        },
        "3": {
            "intv_type": "do",
            "inode": 3,
            "new_mui": 10.0,
            "true_params": {
                "Si": [
                    [
                        1.0,
                        22.190258099272082,
                        -541.472657419189,
                        0.0
                    ],
                    [
                        22.190258099272082,
                        493.40755451231024,
                        -12040.783458479771,
                        0.0
                    ],
                    [
                        -541.472657419189,
                        -12040.783458479771,
                        293837.0441090048,
                        0.0
                    ],
                    [
                        0.0,
                        0.0,
                        0.0,
                        0.0
                    ]
                ],
                "mui": [
                    0.5,
                    11.595129049636041,
                    -282.91904703421216,
                    10.0
                ],
                "Ai": [
                    [
                        0.0,
                        0.0,
                        0.0,
                        0.0
                    ],
                    [
                        22.190258099272082,
                        0.0,
                        0.0,
                        0.0
                    ],
                    [
                        21.392928628078312,
                        -25.365436649235335,
                        0.0,
                        0.0
                    ],
                    [
                        0.0,
                        0.0,
                        0.0,
                        0.0
                    ]
                ]
            },
            "est_params": {
                "mui": [
                    -0.25657825597812695,
                    -5.427936458064749,
                    132.6621684363531,
                    2189.073242335843
                ],
                "Si": [
                    [
                        0.493775970223044,
                        10.919509131471907,
                        -266.5812826729118,
                        -4398.156631986978
                    ],
                    [
                        10.919509131471907,
                        242.3900222077346,
                        -5918.494204022843,
                        -97646.09895810572
                    ],
                    [
                        -266.5812826729118,
                        -5918.494204022843,
                        144515.3466711927,
                        2384283.47616074
                    ],
                    [
                        -4398.156631986978,
                        -97646.0989581057,
                        2384283.4761607405,
                        39337053.81798223
                    ]
                ]
            },
            "est_tgt": [
                0,
                3
            ]
        },
        "obs": {
            "intv_type": "obs",
            "true_params": {
                "Si": [
                    [
                        1.0000000000000004,
                        22.19025809927209,
                        -541.4726574191892,
                        -8932.896019982985
                    ],
                    [
                        22.19025809927209,
                        493.4075545123104,
                        -12040.783458479777,
                        -198642.3890991404
                    ],
                    [
                        -541.4726574191892,
                        -12040.783458479777,
                        293837.0441090049,
                        4847567.30829295
                    ],
                    [
                        -8932.896019982985,
                        -198642.3890991404,
                        4847567.30829295,
                        79972589.69305131
                    ]
                ],
                "mui": [
                    0.5000000000000001,
                    11.595129049636043,
                    -282.9190470342122,
                    -4666.919059125275
                ],
                "Ai": [
                    [
                        0.0,
                        0.0,
                        0.0,
                        0.0
                    ],
                    [
                        22.190258099272082,
                        0.0,
                        0.0,
                        0.0
                    ],
                    [
                        21.392928628078312,
                        -25.365436649235335,
                        0.0,
                        0.0
                    ],
                    [
                        -0.0,
                        16.62548795221265,
                        17.178743490029596,
                        0.0
                    ]
                ]
            },
            "est_params": {
                "mui": [
                    1.036034551730405,
                    23.694968432717896,
                    -578.2756853181907,
                    -9539.624643680949
                ],
                "Si": [
                    [
                        0.6773941451713608,
                        14.956998950501811,
                        -364.94257256280906,
                        -6020.639416062792
                    ],
                    [
                        14.95699895050181,
                        331.2070882098448,
                        -8082.172329715071,
                        -133336.34993004063
                    ],
                    [
                        -364.94257256280906,
                        -8082.172329715071,
                        197224.40415639963,
                        3253728.278403173
                    ],
                    [
                        -6020.639416062792,
                        -133336.34993004063,
                        3253728.278403173,
                        53678692.12044594
                    ]
                ]
            }
        }
    },
    "metric_dict": {
        "param_est_rel_err": 151.72876929027439,
        "est_dag": {
            "amat": [
                [
                    0,
                    1,
                    0,
                    0
                ],
                [
                    0,
                    0,
                    1,
                    1
                ],
                [
                    0,
                    0,
                    0,
                    1
                ],
                [
                    0,
                    0,
                    0,
                    0
                ]
            ],
            "nodes": [
                0,
                1,
                2,
                3
            ]
        },
        "act_dag": {
            "amat": [
                [
                    0,
                    1,
                    1,
                    0
                ],
                [
                    0,
                    0,
                    1,
                    1
                ],
                [
                    0,
                    0,
                    0,
                    1
                ],
                [
                    0,
                    0,
                    0,
                    0
                ]
            ],
            "nodes": [
                0,
                1,
                2,
                3
            ]
        },
        "shd": 1,
        "avg_js": 0.5
    }
}