{
    "expt_args": {
        "save_dir": "expt_logs_29.04.24-4",
        "exp_name": "20",
        "num_nodes": 4,
        "obs_noise_mean": 0.5,
        "obs_noise_var": 1.0,
        "max_edge_strength": 30.0,
        "num_parents": 2,
        "new_noise_mean": 10.0,
        "mix_samples": 16384,
        "stage2_samples": 16384,
        "intv_targets": [
            0,
            1,
            2,
            3
        ]
    },
    "intv_args_dict": {
        "0": {
            "intv_type": "do",
            "inode": 0,
            "new_mui": 10.0,
            "true_params": {
                "Si": [
                    [
                        1.5646042162827764e-29,
                        3.9554800246168275e-15,
                        4.973017036229399e-14,
                        1.1154803142579428e-12
                    ],
                    [
                        3.9554800246168275e-15,
                        1.000000000000075,
                        12.568724846710873,
                        281.92763117683586
                    ],
                    [
                        4.973017036229399e-14,
                        12.568724846710873,
                        158.9728442723154,
                        3565.1292406597495
                    ],
                    [
                        1.1154803142579428e-12,
                        281.92763117683586,
                        3565.1292406597495,
                        79953.27627882325
                    ]
                ],
                "mui": [
                    10.000000000000293,
                    80.43568061110693,
                    863.2750454523322,
                    19478.61659790389
                ],
                "Ai": [
                    [
                        0.0,
                        0.0,
                        0.0,
                        0.0
                    ],
                    [
                        7.993568061110434,
                        0.0,
                        0.0,
                        0.0
                    ],
                    [
                        -14.819889200651197,
                        12.568724846709985,
                        0.0,
                        0.0
                    ],
                    [
                        0.0,
                        9.708938322241783,
                        21.658417713379304,
                        0.0
                    ]
                ]
            },
            "est_params": {
                "mui": [
                    10.000000000000307,
                    80.42855342533274,
                    863.1698419519313,
                    19476.272360040228
                ],
                "Si": [
                    [
                        1e-06,
                        4.040912919177459e-15,
                        5.073591475458425e-14,
                        1.138077799399229e-12
                    ],
                    [
                        4.040912919177459e-15,
                        1.0230364697128382,
                        12.84843557445761,
                        288.20918774732087
                    ],
                    [
                        5.073591475458425e-14,
                        12.84843557445761,
                        162.35201898531864,
                        3641.0418491365213
                    ],
                    [
                        1.138077799399229e-12,
                        288.20918774732087,
                        3641.0418491365213,
                        81658.6137209534
                    ]
                ]
            },
            "est_tgt": [
                0,
                2
            ]
        },
        "1": {
            "intv_type": "do",
            "inode": 1,
            "new_mui": 10.0,
            "true_params": {
                "Si": [
                    [
                        0.9999999999999958,
                        1.6838507052077183e-31,
                        -14.819889200651135,
                        -320.9753507737012
                    ],
                    [
                        1.6838507052077183e-31,
                        1.3389887616743742e-31,
                        3.659219536560178e-16,
                        7.925290522777857e-15
                    ],
                    [
                        -14.819889200651135,
                        3.659219536560178e-16,
                        220.6291159195771,
                        4778.477552319784
                    ],
                    [
                        -320.9753507737012,
                        7.925290522777857e-15,
                        4778.477552319784,
                        103495.2628621482
                    ]
                ],
                "mui": [
                    0.5000000000000387,
                    10.000000000000021,
                    118.77730386677396,
                    2670.117845237992
                ],
                "Ai": [
                    [
                        0.0,
                        0.0,
                        0.0,
                        0.0
                    ],
                    [
                        0.0,
                        0.0,
                        0.0,
                        0.0
                    ],
                    [
                        -14.819889200651197,
                        12.568724846709985,
                        0.0,
                        0.0
                    ],
                    [
                        0.0,
                        9.708938322241783,
                        21.658417713379304,
                        0.0
                    ]
                ]
            },
            "est_params": {
                "mui": [
                    1.5271398574560544,
                    12.844054079885963,
                    139.3897092477944,
                    3144.1342807739684
                ],
                "Si": [
                    [
                        0.5428678397652626,
                        4.264985078312284,
                        45.52212125563475,
                        1027.3388901014548
                    ],
                    [
                        4.264985078312283,
                        34.538632724520596,
                        370.571486951883,
                        8361.284168683187
                    ],
                    [
                        45.52212125563475,
                        370.57148695188295,
                        3980.209398917555,
                        89802.40174897706
                    ],
                    [
                        1027.3388901014548,
                        8361.284168683187,
                        89802.40174897706,
                        2026147.1273001672
                    ]
                ]
            },
            "est_tgt": [
                0,
                1
            ]
        },
        "2": {
            "intv_type": "do",
            "inode": 2,
            "new_mui": 10.0,
            "true_params": {
                "Si": [
                    [
                        1.0000000000000004,
                        7.9935680611104365,
                        0.0,
                        77.60905927996306
                    ],
                    [
                        7.9935680611104365,
                        64.89713034760484,
                        0.0,
                        630.0822358353809
                    ],
                    [
                        0.0,
                        0.0,
                        0.0,
                        0.0
                    ],
                    [
                        77.60905927996306,
                        630.0822358353809,
                        0.0,
                        6118.429565665913
                    ]
                ],
                "mui": [
                    0.5000000000000001,
                    4.496784030555218,
                    10.0,
                    260.7431759348955
                ],
                "Ai": [
                    [
                        0.0,
                        0.0,
                        0.0,
                        0.0
                    ],
                    [
                        7.993568061110434,
                        0.0,
                        0.0,
                        0.0
                    ],
                    [
                        0.0,
                        0.0,
                        0.0,
                        0.0
                    ],
                    [
                        0.0,
                        9.708938322241783,
                        21.658417713379304,
                        0.0
                    ]
                ]
            },
            "est_params": {
                "mui": [
                    0.5308290160412841,
                    9.999999973635125,
                    118.30426460247395,
                    2659.8637014153014
                ],
                "Si": [
                    [
                        1.0135549221611813,
                        -1.5437904888607377e-08,
                        -15.009090934866297,
                        -325.09076898931323
                    ],
                    [
                        -1.5437904888607377e-08,
                        1.000124497647376e-06,
                        2.423220420296203e-07,
                        5.240791476250783e-06
                    ],
                    [
                        -15.009090934866297,
                        2.423220420296203e-07,
                        223.24543338154135,
                        4835.414781057541
                    ],
                    [
                        -325.09076898931323,
                        5.240791476250783e-06,
                        4835.414781057541,
                        104734.33695148525
                    ]
                ]
            },
            "est_tgt": [
                1,
                2
            ]
        },
        "3": {
            "intv_type": "do",
            "inode": 3,
            "new_mui": 10.0,
            "true_params": {
                "Si": [
                    [
                        1.0000000000000009,
                        7.993568061110444,
                        85.64906830289499,
                        0.0
                    ],
                    [
                        7.993568061110444,
                        64.89713034760493,
                        697.2103816965976,
                        0.0
                    ],
                    [
                        85.64906830289499,
                        697.2103816965976,
                        7494.735745426269,
                        0.0
                    ],
                    [
                        0.0,
                        0.0,
                        0.0,
                        0.0
                    ]
                ],
                "mui": [
                    0.5000000000000003,
                    4.4967840305552205,
                    49.60889657480247,
                    10.0
                ],
                "Ai": [
                    [
                        0.0,
                        0.0,
                        0.0,
                        0.0
                    ],
                    [
                        7.993568061110434,
                        0.0,
                        0.0,
                        0.0
                    ],
                    [
                        -14.819889200651197,
                        12.568724846709985,
                        0.0,
                        0.0
                    ],
                    [
                        0.0,
                        0.0,
                        0.0,
                        0.0
                    ]
                ]
            },
            "est_params": {
                "mui": [
                    0.49643175949572205,
                    4.464616550866161,
                    29.426564453952007,
                    133.5906553322532
                ],
                "Si": [
                    [
                        1.0185235325639346,
                        8.153415780315154,
                        43.905628196265184,
                        40.89066302585344
                    ],
                    [
                        8.153415780315154,
                        66.28834181881534,
                        357.6930959841629,
                        331.21535167747516
                    ],
                    [
                        43.905628196265184,
                        357.6930959841629,
                        4231.217414626812,
                        -2400.942839615438
                    ],
                    [
                        40.89066302585344,
                        331.21535167747516,
                        -2400.942839615438,
                        18892.20335815445
                    ]
                ]
            },
            "est_tgt": [
                2,
                3
            ]
        },
        "obs": {
            "intv_type": "obs",
            "true_params": {
                "Si": [
                    [
                        1.0000000000000582,
                        7.9935680611109285,
                        85.64906830290022,
                        1932.632357345936
                    ],
                    [
                        7.9935680611109285,
                        64.89713034760902,
                        697.210381696642,
                        15730.555916725918
                    ],
                    [
                        85.64906830290022,
                        697.210381696642,
                        7494.7357454267485,
                        169093.2900193671
                    ],
                    [
                        1932.632357345936,
                        15730.555916725918,
                        169093.2900193671,
                        3815021.1049391115
                    ]
                ],
                "mui": [
                    0.5000000000000165,
                    4.496784030555366,
                    49.60889657480406,
                    1118.609203118042
                ],
                "Ai": [
                    [
                        0.0,
                        0.0,
                        0.0,
                        0.0
                    ],
                    [
                        7.993568061110434,
                        0.0,
                        0.0,
                        0.0
                    ],
                    [
                        -14.819889200651197,
                        12.568724846709985,
                        0.0,
                        0.0
                    ],
                    [
                        0.0,
                        9.708938322241783,
                        21.658417713379304,
                        0.0
                    ]
                ]
            },
            "est_params": {
                "mui": [
                    0.1960397193698669,
                    2.0171606699060063,
                    22.896930946668952,
                    515.9773061741295
                ],
                "Si": [
                    [
                        0.7288433509221831,
                        5.812045542036025,
                        62.249333991769234,
                        1404.6770816948617
                    ],
                    [
                        5.812045542036025,
                        47.29356601234454,
                        508.26546320063187,
                        11467.59948721558
                    ],
                    [
                        62.249333991769234,
                        508.26546320063187,
                        5466.807555809134,
                        123339.33491898706
                    ],
                    [
                        1404.6770816948617,
                        11467.59948721558,
                        123339.33491898706,
                        2782724.0179284546
                    ]
                ]
            }
        }
    },
    "metric_dict": {
        "param_est_rel_err": 48.573189058555485,
        "est_dag": {
            "amat": [
                [
                    0,
                    1,
                    0,
                    0
                ],
                [
                    0,
                    0,
                    1,
                    1
                ],
                [
                    0,
                    0,
                    0,
                    1
                ],
                [
                    0,
                    0,
                    0,
                    0
                ]
            ],
            "nodes": [
                0,
                1,
                2,
                3
            ]
        },
        "act_dag": {
            "amat": [
                [
                    0,
                    1,
                    1,
                    0
                ],
                [
                    0,
                    0,
                    1,
                    1
                ],
                [
                    0,
                    0,
                    0,
                    1
                ],
                [
                    0,
                    0,
                    0,
                    0
                ]
            ],
            "nodes": [
                0,
                1,
                2,
                3
            ]
        },
        "shd": 1,
        "avg_js": 0.5
    }
}