{
    "expt_args": {
        "save_dir": "expt_logs_29.04.24-4",
        "exp_name": "116",
        "num_nodes": 4,
        "obs_noise_mean": 0.5,
        "obs_noise_var": 1.0,
        "max_edge_strength": 30.0,
        "num_parents": 2,
        "new_noise_mean": 10.0,
        "mix_samples": 16384,
        "stage2_samples": 16384,
        "intv_targets": [
            0,
            1,
            2,
            3
        ]
    },
    "intv_args_dict": {
        "0": {
            "intv_type": "do",
            "inode": 0,
            "new_mui": 10.0,
            "true_params": {
                "Si": [
                    [
                        0.0,
                        0.0,
                        0.0,
                        0.0
                    ],
                    [
                        0.0,
                        0.9999999999999973,
                        -7.887366108513184,
                        14.209086380029836
                    ],
                    [
                        0.0,
                        -7.887366108513184,
                        63.21054412972258,
                        -112.07226634678392
                    ],
                    [
                        0.0,
                        14.209086380029836,
                        -112.07226634678392,
                        202.89813575514995
                    ]
                ],
                "mui": [
                    9.99999999999999,
                    191.20898860423256,
                    -1327.3815901470766,
                    2492.6412033466017
                ],
                "Ai": [
                    [
                        0.0,
                        0.0,
                        0.0,
                        0.0
                    ],
                    [
                        19.070898860423284,
                        0.0,
                        0.0,
                        0.0
                    ],
                    [
                        18.02537062130353,
                        -7.887366108513206,
                        0.0,
                        0.0
                    ],
                    [
                        -22.476383236908696,
                        14.209086380029875,
                        0.0,
                        0.0
                    ]
                ]
            },
            "est_params": {
                "mui": [
                    9.999999999999998,
                    191.21655609718601,
                    -1327.4514826479974,
                    2492.748733145329
                ],
                "Si": [
                    [
                        1e-06,
                        1.071078542864182e-29,
                        6.503527267463091e-28,
                        -2.7234676272655865e-27
                    ],
                    [
                        1.071078542864182e-29,
                        0.9983866383068649,
                        -7.900912777007048,
                        14.17872165431253
                    ],
                    [
                        6.503527267463091e-28,
                        -7.900912777007048,
                        63.502541874964756,
                        -112.19981909634717
                    ],
                    [
                        -2.7234676272655865e-27,
                        14.17872165431253,
                        -112.19981909634717,
                        202.3578095335226
                    ]
                ]
            },
            "est_tgt": [
                0
            ]
        },
        "1": {
            "intv_type": "do",
            "inode": 1,
            "new_mui": 10.0,
            "true_params": {
                "Si": [
                    [
                        0.9999999999999984,
                        0.0,
                        18.0253706213035,
                        -22.47638323690866
                    ],
                    [
                        0.0,
                        0.0,
                        0.0,
                        0.0
                    ],
                    [
                        18.0253706213035,
                        0.0,
                        325.9139860353519,
                        -405.1451380717325
                    ],
                    [
                        -22.47638323690866,
                        0.0,
                        -405.1451380717325,
                        506.1878034123894
                    ]
                ],
                "mui": [
                    0.500000000000002,
                    9.999999999999995,
                    -69.36097577448021,
                    131.35267218184427
                ],
                "Ai": [
                    [
                        0.0,
                        0.0,
                        0.0,
                        0.0
                    ],
                    [
                        0.0,
                        0.0,
                        0.0,
                        0.0
                    ],
                    [
                        18.02537062130353,
                        -7.887366108513206,
                        0.0,
                        0.0
                    ],
                    [
                        -22.476383236908696,
                        14.209086380029875,
                        0.0,
                        0.0
                    ]
                ]
            },
            "est_params": {
                "mui": [
                    0.48575408274059223,
                    9.9999996479618,
                    -69.59842953623557,
                    131.70593418795437
                ],
                "Si": [
                    [
                        0.930636414393112,
                        -1.0969709698552546e-08,
                        16.78114243094055,
                        -20.92281435950607
                    ],
                    [
                        -1.0969709698552546e-08,
                        1.0004258771745281e-06,
                        -7.374003984377903e-07,
                        2.758142760187867e-07
                    ],
                    [
                        16.78114243094055,
                        -7.374003984377903e-07,
                        303.62717050908844,
                        -377.28179548638326
                    ],
                    [
                        -20.92281435950607,
                        2.758142760187867e-07,
                        -377.28179548638326,
                        471.4274800544921
                    ]
                ]
            },
            "est_tgt": [
                1
            ]
        },
        "2": {
            "intv_type": "do",
            "inode": 2,
            "new_mui": 10.0,
            "true_params": {
                "Si": [
                    [
                        0.999999999999998,
                        19.070898860423238,
                        0.0,
                        248.50366601565844
                    ],
                    [
                        19.070898860423238,
                        364.69918334449306,
                        0.0,
                        4753.397367409057
                    ],
                    [
                        0.0,
                        0.0,
                        0.0,
                        0.0
                    ],
                    [
                        248.50366601565844,
                        4753.397367409057,
                        0.0,
                        61956.970158977194
                    ]
                ],
                "mui": [
                    0.4999999999999995,
                    10.035449430211628,
                    10.0,
                    131.85637619784427
                ],
                "Ai": [
                    [
                        0.0,
                        0.0,
                        0.0,
                        0.0
                    ],
                    [
                        19.070898860423284,
                        0.0,
                        0.0,
                        0.0
                    ],
                    [
                        0.0,
                        0.0,
                        0.0,
                        0.0
                    ],
                    [
                        -22.476383236908696,
                        14.209086380029875,
                        0.0,
                        0.0
                    ]
                ]
            },
            "est_params": {
                "mui": [
                    -0.026303246310809998,
                    -0.03922714327617698,
                    4.021739184012495,
                    0.5208863368275216
                ],
                "Si": [
                    [
                        0.5100386974852289,
                        9.705617196135663,
                        -37.78403713206411,
                        126.43369935423212
                    ],
                    [
                        9.705617196135663,
                        185.69227300490815,
                        -724.5676644095255,
                        2420.1424854302104
                    ],
                    [
                        -37.78403713206411,
                        -724.5676644095255,
                        5056.889246289504,
                        -9446.201535784112
                    ],
                    [
                        126.43369935423212,
                        2420.1424854302104,
                        -9446.201535784114,
                        31544.27178161373
                    ]
                ]
            },
            "est_tgt": [
                0,
                2
            ]
        },
        "3": {
            "intv_type": "do",
            "inode": 3,
            "new_mui": 10.0,
            "true_params": {
                "Si": [
                    [
                        0.9999999999999996,
                        19.070898860423277,
                        -132.39379070928214,
                        0.0
                    ],
                    [
                        19.070898860423277,
                        364.699183344494,
                        -2532.7559584732808,
                        0.0
                    ],
                    [
                        -132.39379070928214,
                        -2532.7559584732808,
                        17591.326362502936,
                        0.0
                    ],
                    [
                        0.0,
                        0.0,
                        0.0,
                        0.0
                    ]
                ],
                "mui": [
                    0.4999999999999999,
                    10.03544943021164,
                    -69.64057840889768,
                    10.0
                ],
                "Ai": [
                    [
                        0.0,
                        0.0,
                        0.0,
                        0.0
                    ],
                    [
                        19.070898860423284,
                        0.0,
                        0.0,
                        0.0
                    ],
                    [
                        18.02537062130353,
                        -7.887366108513206,
                        0.0,
                        0.0
                    ],
                    [
                        0.0,
                        0.0,
                        0.0,
                        0.0
                    ]
                ]
            },
            "est_params": {
                "mui": [
                    0.48416073092841444,
                    9.725118081631274,
                    -67.46505096489975,
                    9.999999999999998
                ],
                "Si": [
                    [
                        1.0254947530391025,
                        19.55538173938215,
                        -135.74626177352172,
                        4.854529508521973e-31
                    ],
                    [
                        19.55538173938215,
                        373.9125292737266,
                        -2596.512379428976,
                        5.162753604301146e-30
                    ],
                    [
                        -135.74626177352172,
                        -2596.512379428976,
                        18032.496614904012,
                        -1.8585912975484126e-29
                    ],
                    [
                        4.854529508521973e-31,
                        5.162753604301146e-30,
                        -1.8585912975484126e-29,
                        1e-06
                    ]
                ]
            },
            "est_tgt": [
                3
            ]
        },
        "obs": {
            "intv_type": "obs",
            "true_params": {
                "Si": [
                    [
                        0.999999999999998,
                        19.070898860423238,
                        -132.39379070928186,
                        248.50366601565844
                    ],
                    [
                        19.070898860423238,
                        364.69918334449306,
                        -2532.7559584732744,
                        4753.397367409057
                    ],
                    [
                        -132.39379070928186,
                        -2532.7559584732744,
                        17591.326362502885,
                        -33012.41461531322
                    ],
                    [
                        248.50366601565844,
                        4753.397367409057,
                        -33012.41461531322,
                        61956.970158977194
                    ]
                ],
                "mui": [
                    0.4999999999999995,
                    10.035449430211628,
                    -69.6405784088976,
                    131.85637619784427
                ],
                "Ai": [
                    [
                        0.0,
                        0.0,
                        0.0,
                        0.0
                    ],
                    [
                        19.070898860423284,
                        0.0,
                        0.0,
                        0.0
                    ],
                    [
                        18.02537062130353,
                        -7.887366108513206,
                        0.0,
                        0.0
                    ],
                    [
                        -22.476383236908696,
                        14.209086380029875,
                        0.0,
                        0.0
                    ]
                ]
            },
            "est_params": {
                "mui": [
                    1.5134515241723578,
                    29.40997440709118,
                    -92.47477638414537,
                    384.389819626038
                ],
                "Si": [
                    [
                        0.365700641418997,
                        6.9461149270925615,
                        -26.829304990092126,
                        90.47384693443058
                    ],
                    [
                        6.94611492709256,
                        132.9370195130068,
                        -510.62519127161687,
                        1732.7229338579195
                    ],
                    [
                        -26.82930499009212,
                        -510.62519127161687,
                        14989.315794249256,
                        -6651.418736285876
                    ],
                    [
                        90.47384693443058,
                        1732.7229338579195,
                        -6651.418736285877,
                        22587.008548185502
                    ]
                ]
            }
        }
    },
    "metric_dict": {
        "param_est_rel_err": 3.9894230124015615,
        "est_dag": {
            "amat": [
                [
                    0,
                    1,
                    1,
                    1
                ],
                [
                    0,
                    0,
                    1,
                    1
                ],
                [
                    0,
                    0,
                    0,
                    0
                ],
                [
                    0,
                    0,
                    0,
                    0
                ]
            ],
            "nodes": [
                0,
                1,
                2,
                3
            ]
        },
        "act_dag": {
            "amat": [
                [
                    0,
                    1,
                    1,
                    1
                ],
                [
                    0,
                    0,
                    1,
                    1
                ],
                [
                    0,
                    0,
                    0,
                    0
                ],
                [
                    0,
                    0,
                    0,
                    0
                ]
            ],
            "nodes": [
                0,
                1,
                2,
                3
            ]
        },
        "shd": 0,
        "avg_js": 0.875
    }
}