{
    "expt_args": {
        "save_dir": "expt_logs_29.04.24-4",
        "exp_name": "15",
        "num_nodes": 6,
        "obs_noise_mean": 0.5,
        "obs_noise_var": 1.0,
        "max_edge_strength": 30.0,
        "num_parents": 2,
        "new_noise_mean": 10.0,
        "mix_samples": 131072,
        "stage2_samples": 131072,
        "intv_targets": [
            0,
            1,
            2,
            3,
            4,
            5
        ]
    },
    "intv_args_dict": {
        "0": {
            "intv_type": "do",
            "inode": 0,
            "new_mui": 10.0,
            "true_params": {
                "Si": [
                    [
                        1.6031131376438254e-32,
                        -1.2661390914480342e-16,
                        -1.2292866346248214e-15,
                        9.239378402502835e-15,
                        2.2240923279565917e-15,
                        -3.1008763650562106e-15
                    ],
                    [
                        -1.2661390914480342e-16,
                        0.9999999999999967,
                        9.708938322241751,
                        -72.97285475907772,
                        -17.565939974359182,
                        24.49255866918369
                    ],
                    [
                        -1.2292866346248214e-15,
                        9.708938322241751,
                        95.26348334509478,
                        -716.004994908683,
                        -170.5466277832547,
                        237.79674147299272
                    ],
                    [
                        9.239378402502835e-15,
                        -72.97285475907772,
                        -716.004994908683,
                        5382.528522078556,
                        1281.8367864555944,
                        -1787.2919264445372
                    ],
                    [
                        2.2240923279565917e-15,
                        -17.565939974359182,
                        -170.5466277832547,
                        1281.8367864555944,
                        309.5622471827909,
                        -430.2348154013527
                    ],
                    [
                        -3.1008763650562106e-15,
                        24.49255866918369,
                        237.79674147299272,
                        -1787.2919264445372,
                        -430.2348154013527,
                        600.885430163407
                    ]
                ],
                "mui": [
                    9.999999999999979,
                    -276.6286919734081,
                    -2426.241398229535,
                    18435.97680372982,
                    4725.075605994772,
                    -6494.250202637627
                ],
                "Ai": [
                    [
                        0.0,
                        0.0,
                        0.0,
                        0.0,
                        0.0,
                        0.0
                    ],
                    [
                        -27.71286919734086,
                        0.0,
                        0.0,
                        0.0,
                        0.0,
                        0.0
                    ],
                    [
                        25.902951030270472,
                        9.708938322241783,
                        0.0,
                        0.0,
                        0.0,
                        0.0
                    ],
                    [
                        19.972792088126248,
                        0.0,
                        -7.516048854889483,
                        0.0,
                        0.0,
                        0.0
                    ],
                    [
                        -13.466739239562656,
                        -17.56593997435924,
                        0.0,
                        0.0,
                        0.0,
                        0.0
                    ],
                    [
                        28.05942651006371,
                        24.492558669183772,
                        0.0,
                        0.0,
                        0.0,
                        0.0
                    ]
                ]
            },
            "est_params": {
                "mui": [
                    9.999999999999998,
                    -276.6319625894078,
                    -2426.2729559145287,
                    18436.21143263305,
                    4725.131375068216,
                    -6494.32934929473
                ],
                "Si": [
                    [
                        1e-06,
                        -6.840187462045419e-28,
                        -1.3367551213669572e-26,
                        2.2301729081550997e-26,
                        1.1732938392796418e-27,
                        1.1462695981807755e-26
                    ],
                    [
                        -6.840187462045419e-28,
                        0.9896281590938691,
                        9.613978983528039,
                        -72.2503289077657,
                        -17.385057298326277,
                        24.232908557642364
                    ],
                    [
                        -1.3367551213669572e-26,
                        9.613978983528039,
                        94.39488332270145,
                        -709.38820946498,
                        -168.90119941223693,
                        235.41289467326254
                    ],
                    [
                        2.2301729081550997e-26,
                        -72.2503289077657,
                        -709.38820946498,
                        5332.141217366072,
                        1269.3022238379676,
                        -1769.1653576085098
                    ],
                    [
                        1.1732938392796418e-27,
                        -17.385057298326277,
                        -168.90119941223693,
                        1269.3022238379676,
                        306.42168825371414,
                        -425.703914945266
                    ],
                    [
                        1.1462695981807755e-26,
                        24.232908557642364,
                        235.41289467326254,
                        -1769.1653576085098,
                        -425.703914945266,
                        594.3904616120279
                    ]
                ]
            },
            "est_tgt": [
                0,
                1,
                5
            ]
        },
        "1": {
            "intv_type": "do",
            "inode": 1,
            "new_mui": 10.0,
            "true_params": {
                "Si": [
                    [
                        0.9999999999999991,
                        -1.630256901661512e-15,
                        25.902951030270405,
                        -174.715053341196,
                        -13.466739239562623,
                        28.05942651006364
                    ],
                    [
                        -1.630256901661512e-15,
                        2.6579931040299167e-30,
                        -4.222846469049854e-14,
                        2.848202948984921e-13,
                        2.1954244588172886e-14,
                        -4.575644263230325e-14
                    ],
                    [
                        25.902951030270405,
                        -4.222846469049854e-14,
                        671.9628720765871,
                        -4533.151519802975,
                        -348.8282870598118,
                        726.8219508276504
                    ],
                    [
                        -174.715053341196,
                        2.848202948984921e-13,
                        -4533.151519802975,
                        30582.84085440608,
                        2352.842064572163,
                        -4902.404199429144
                    ],
                    [
                        -13.466739239562623,
                        2.1954244588172886e-14,
                        -348.8282870598118,
                        2352.842064572163,
                        182.35306574637582,
                        -377.86898002269805
                    ],
                    [
                        28.05942651006364,
                        -4.575644263230325e-14,
                        726.8219508276504,
                        -4902.404199429144,
                        -377.86898002269805,
                        788.331416073663
                    ]
                ],
                "mui": [
                    0.4999999999999947,
                    9.999999999999995,
                    110.54085873755275,
                    -820.3440986888206,
                    -181.89276936337353,
                    259.4552999468693
                ],
                "Ai": [
                    [
                        0.0,
                        0.0,
                        0.0,
                        0.0,
                        0.0,
                        0.0
                    ],
                    [
                        0.0,
                        0.0,
                        0.0,
                        0.0,
                        0.0,
                        0.0
                    ],
                    [
                        25.902951030270472,
                        9.708938322241783,
                        0.0,
                        0.0,
                        0.0,
                        0.0
                    ],
                    [
                        19.972792088126248,
                        0.0,
                        -7.516048854889483,
                        0.0,
                        0.0,
                        0.0
                    ],
                    [
                        -13.466739239562656,
                        -17.56593997435924,
                        0.0,
                        0.0,
                        0.0,
                        0.0
                    ],
                    [
                        28.05942651006371,
                        24.492558669183772,
                        0.0,
                        0.0,
                        0.0,
                        0.0
                    ]
                ]
            },
            "est_params": {
                "mui": [
                    0.4937974436431891,
                    10.000000167945107,
                    110.37660211958546,
                    -819.2326280004172,
                    -181.8144709389914,
                    259.28626955410977
                ],
                "Si": [
                    [
                        0.9969070233135983,
                        -1.4140542827530872e-07,
                        25.818555294132437,
                        -174.13975078938273,
                        -13.437156963710857,
                        27.981714877379332
                    ],
                    [
                        -1.4140542827530872e-07,
                        1.0005289044862473e-06,
                        -3.6539092222238654e-06,
                        2.4776575785731795e-05,
                        1.915717885097424e-06,
                        -4.1652958417506645e-06
                    ],
                    [
                        25.818555294132437,
                        -3.6539092222238654e-06,
                        669.6616697773619,
                        -4517.476032108007,
                        -347.99200740990506,
                        724.7005580111955
                    ],
                    [
                        -174.13975078938273,
                        2.4776575785731798e-05,
                        -4517.476032108007,
                        30476.070434991103,
                        2347.116616822132,
                        -4887.9423547086935
                    ],
                    [
                        -13.437156963710857,
                        1.915717885097424e-06,
                        -347.99200740990506,
                        2347.116616822132,
                        182.12057911770168,
                        -377.1576165316634
                    ],
                    [
                        27.981714877379332,
                        -4.1652958417506645e-06,
                        724.7005580111955,
                        -4887.9423547086935,
                        -377.1576165316634,
                        786.3829994562836
                    ]
                ]
            },
            "est_tgt": [
                1,
                5
            ]
        },
        "2": {
            "intv_type": "do",
            "inode": 2,
            "new_mui": 10.0,
            "true_params": {
                "Si": [
                    [
                        0.9999999999999956,
                        -27.712869197340748,
                        -1.1314834342402588e-33,
                        19.972792088126177,
                        473.33585759819414,
                        -650.6996481972204
                    ],
                    [
                        -27.712869197340748,
                        769.003119148921,
                        8.935773876487552e-18,
                        -553.5033746439253,
                        -13135.060648004277,
                        18057.246795914474
                    ],
                    [
                        -1.1314834342402588e-33,
                        8.935773876487552e-18,
                        8.001269317038478e-35,
                        9.317914838726037e-33,
                        -1.5696526753882771e-16,
                        2.1845420934880088e-16
                    ],
                    [
                        19.972792088126177,
                        -553.5033746439253,
                        9.317914838726037e-33,
                        399.9124237955173,
                        9453.83867166367,
                        -12996.288785259989
                    ],
                    [
                        473.33585759819414,
                        -13135.060648004277,
                        -1.5696526753882771e-16,
                        9453.83867166367,
                        224356.3963354017,
                        -308429.71083367727
                    ],
                    [
                        -650.6996481972204,
                        18057.246795914474,
                        2.1845420934880088e-16,
                        -12996.288785259989,
                        -308429.71083367727,
                        424010.91759415175
                    ]
                ],
                "mui": [
                    0.49999999999999883,
                    -13.356434598670404,
                    10.0,
                    -64.67409250483172,
                    228.38495881191798,
                    -312.6035447640191
                ],
                "Ai": [
                    [
                        0.0,
                        0.0,
                        0.0,
                        0.0,
                        0.0,
                        0.0
                    ],
                    [
                        -27.71286919734086,
                        0.0,
                        0.0,
                        0.0,
                        0.0,
                        0.0
                    ],
                    [
                        0.0,
                        0.0,
                        0.0,
                        0.0,
                        0.0,
                        0.0
                    ],
                    [
                        19.972792088126248,
                        0.0,
                        -7.516048854889483,
                        0.0,
                        0.0,
                        0.0
                    ],
                    [
                        -13.466739239562656,
                        -17.56593997435924,
                        0.0,
                        0.0,
                        0.0,
                        0.0
                    ],
                    [
                        28.05942651006371,
                        24.492558669183772,
                        0.0,
                        0.0,
                        0.0,
                        0.0
                    ]
                ]
            },
            "est_params": {
                "mui": [
                    0.511144994005941,
                    -13.651611446241924,
                    9.999999999999993,
                    -64.45290097188752,
                    233.41708790274228,
                    -319.53283012417063
                ],
                "Si": [
                    [
                        1.0016555995779288,
                        -27.758857131101895,
                        9.90390915497688e-16,
                        20.01578715434768,
                        474.11673500339157,
                        -651.7784474271539
                    ],
                    [
                        -27.758857131101895,
                        770.2841335813376,
                        -3.0615084885497895e-14,
                        -554.689214650239,
                        -13156.803673810799,
                        18087.29247538025
                    ],
                    [
                        9.90390915497688e-16,
                        -3.0615084885497895e-14,
                        1.0000000000165654e-06,
                        1.7868558423535553e-14,
                        5.230485738247491e-13,
                        -7.186116340830358e-13
                    ],
                    [
                        20.01578715434768,
                        -554.689214650239,
                        1.786855842353555e-14,
                        400.95148758802475,
                        9473.990100602825,
                        -13024.10346382
                    ],
                    [
                        474.11673500339157,
                        -13156.803673810799,
                        5.23048573824749e-13,
                        9473.990100602825,
                        224725.42073785226,
                        -308939.66478933726
                    ],
                    [
                        -651.7784474271539,
                        18087.29247538025,
                        -7.186116340830358e-13,
                        -13024.10346382,
                        -308939.66478933726,
                        424715.6152618148
                    ]
                ]
            },
            "est_tgt": [
                2
            ]
        },
        "3": {
            "intv_type": "do",
            "inode": 3,
            "new_mui": 10.0,
            "true_params": {
                "Si": [
                    [
                        0.9999999999999956,
                        -27.712869197340748,
                        -243.15958673906508,
                        0.0,
                        473.33585759819414,
                        -650.6996481972204
                    ],
                    [
                        -27.712869197340748,
                        769.003119148921,
                        6748.358759701414,
                        0.0,
                        -13135.060648004277,
                        18057.246795914474
                    ],
                    [
                        -243.15958673906508,
                        6748.358759701414,
                        59221.84810645827,
                        0.0,
                        -115266.6981501416,
                        158461.65428836487
                    ],
                    [
                        0.0,
                        0.0,
                        0.0,
                        0.0,
                        0.0,
                        0.0
                    ],
                    [
                        473.33585759819414,
                        -13135.060648004277,
                        -115266.6981501416,
                        0.0,
                        224356.3963354017,
                        -308429.71083367727
                    ],
                    [
                        -650.6996481972204,
                        18057.246795914474,
                        158461.65428836487,
                        0.0,
                        -308429.71083367727,
                        424010.91759415175
                    ]
                ],
                "mui": [
                    0.49999999999999883,
                    -13.356434598670404,
                    -116.22532420841192,
                    10.0,
                    228.38495881191798,
                    -312.6035447640191
                ],
                "Ai": [
                    [
                        0.0,
                        0.0,
                        0.0,
                        0.0,
                        0.0,
                        0.0
                    ],
                    [
                        -27.71286919734086,
                        0.0,
                        0.0,
                        0.0,
                        0.0,
                        0.0
                    ],
                    [
                        25.902951030270472,
                        9.708938322241783,
                        0.0,
                        0.0,
                        0.0,
                        0.0
                    ],
                    [
                        0.0,
                        0.0,
                        0.0,
                        0.0,
                        0.0,
                        0.0
                    ],
                    [
                        -13.466739239562656,
                        -17.56593997435924,
                        0.0,
                        0.0,
                        0.0,
                        0.0
                    ],
                    [
                        28.05942651006371,
                        24.492558669183772,
                        0.0,
                        0.0,
                        0.0,
                        0.0
                    ]
                ]
            },
            "est_params": {
                "mui": [
                    0.49342143055821874,
                    -13.174558780543656,
                    -114.62002513133577,
                    9.999999999999998,
                    225.28172973764387,
                    -308.3290688889712
                ],
                "Si": [
                    [
                        0.9924140384609744,
                        -27.50666105598538,
                        -241.34198923104677,
                        2.5986404420299404e-31,
                        469.82815926396,
                        -645.8549867205247
                    ],
                    [
                        -27.50666105598538,
                        763.3826976525359,
                        6698.807983100704,
                        -5.554551813833128e-30,
                        -13039.460098099125,
                        17925.17504290744
                    ],
                    [
                        -241.34198923104677,
                        6698.807983100704,
                        58785.036910192706,
                        -7.316908641756105e-29,
                        -114423.84648923838,
                        157297.2662800444
                    ],
                    [
                        2.5986404420299404e-31,
                        -5.554551813833128e-30,
                        -7.316908641756105e-29,
                        1e-06,
                        9.353218122244832e-29,
                        -1.0440400302505763e-28
                    ],
                    [
                        469.82815926396,
                        -13039.460098099125,
                        -114423.84648923838,
                        9.353218122244832e-29,
                        222730.316572749,
                        -306183.23841317196
                    ],
                    [
                        -645.8549867205247,
                        17925.17504290744,
                        157297.2662800444,
                        -1.0440400302505763e-28,
                        -306183.23841317196,
                        420907.4099697007
                    ]
                ]
            },
            "est_tgt": [
                3
            ]
        },
        "4": {
            "intv_type": "do",
            "inode": 4,
            "new_mui": 10.0,
            "true_params": {
                "Si": [
                    [
                        0.9999999999999956,
                        -27.712869197340748,
                        -243.15958673906508,
                        1847.5721255536762,
                        0.0,
                        -650.6996481972204
                    ],
                    [
                        -27.712869197340748,
                        769.003119148921,
                        6748.358759701414,
                        -51274.497502881146,
                        0.0,
                        18057.246795914474
                    ],
                    [
                        -243.15958673906508,
                        6748.358759701414,
                        59221.84810645827,
                        -449970.87951515865,
                        0.0,
                        158461.65428836487
                    ],
                    [
                        1847.5721255536762,
                        -51274.497502881146,
                        -449970.87951515865,
                        3418905.2876450224,
                        0.0,
                        -1204001.8240432178
                    ],
                    [
                        0.0,
                        0.0,
                        0.0,
                        0.0,
                        0.0,
                        0.0
                    ],
                    [
                        -650.6996481972204,
                        18057.246795914474,
                        158461.65428836487,
                        -1204001.8240432178,
                        0.0,
                        424010.91759415175
                    ]
                ],
                "mui": [
                    0.49999999999999883,
                    -13.356434598670404,
                    -116.22532420841192,
                    884.0416109698565,
                    10.0,
                    -312.6035447640191
                ],
                "Ai": [
                    [
                        0.0,
                        0.0,
                        0.0,
                        0.0,
                        0.0,
                        0.0
                    ],
                    [
                        -27.71286919734086,
                        0.0,
                        0.0,
                        0.0,
                        0.0,
                        0.0
                    ],
                    [
                        25.902951030270472,
                        9.708938322241783,
                        0.0,
                        0.0,
                        0.0,
                        0.0
                    ],
                    [
                        19.972792088126248,
                        0.0,
                        -7.516048854889483,
                        0.0,
                        0.0,
                        0.0
                    ],
                    [
                        0.0,
                        0.0,
                        0.0,
                        0.0,
                        0.0,
                        0.0
                    ],
                    [
                        28.05942651006371,
                        24.492558669183772,
                        0.0,
                        0.0,
                        0.0,
                        0.0
                    ]
                ]
            },
            "est_params": {
                "mui": [
                    -0.014203045098292571,
                    0.9080452635370332,
                    8.967407786736853,
                    -67.17495796693272,
                    -2.8846525574122155,
                    22.348433410974323
                ],
                "Si": [
                    [
                        0.5293072877374597,
                        -14.65796044586204,
                        -128.60051321477548,
                        977.1378598470767,
                        123.39009102893723,
                        -344.1604195192009
                    ],
                    [
                        -14.65796044586204,
                        406.9198372825517,
                        3571.0237235755985,
                        -27132.698788786154,
                        -3425.484229911194,
                        9555.253037449489
                    ],
                    [
                        -128.60051321477548,
                        3571.0237235755985,
                        31340.265092119844,
                        -238123.04488240383,
                        -30060.083585474233,
                        83855.38818421616
                    ],
                    [
                        977.1378598470767,
                        -27132.698788786154,
                        -238123.04488240383,
                        1809258.355745562,
                        228397.78652067992,
                        -637133.8428416211
                    ],
                    [
                        123.39009102893723,
                        -3425.484229911194,
                        -30060.083585474233,
                        228397.78652067992,
                        58670.59534381046,
                        -80434.46648785124
                    ],
                    [
                        -344.1604195192009,
                        9555.253037449489,
                        83855.38818421618,
                        -637133.8428416211,
                        -80434.46648785124,
                        224377.56443371566
                    ]
                ]
            },
            "est_tgt": [
                0,
                1,
                4
            ]
        },
        "5": {
            "intv_type": "do",
            "inode": 5,
            "new_mui": 10.0,
            "true_params": {
                "Si": [
                    [
                        1.0,
                        -27.71286919734086,
                        -243.1595867390661,
                        1847.572125553684,
                        473.33585759819596,
                        0.0
                    ],
                    [
                        -27.71286919734086,
                        769.0031191489239,
                        6748.35875970144,
                        -51274.49750288135,
                        -13135.060648004324,
                        0.0
                    ],
                    [
                        -243.1595867390661,
                        6748.35875970144,
                        59221.84810645851,
                        -449970.8795151604,
                        -115266.69815014202,
                        0.0
                    ],
                    [
                        1847.572125553684,
                        -51274.49750288135,
                        -449970.8795151604,
                        3418905.287645036,
                        875803.9733099303,
                        0.0
                    ],
                    [
                        473.33585759819596,
                        -13135.060648004324,
                        -115266.69815014202,
                        875803.9733099303,
                        224356.39633540245,
                        0.0
                    ],
                    [
                        0.0,
                        0.0,
                        0.0,
                        0.0,
                        0.0,
                        0.0
                    ]
                ],
                "mui": [
                    0.5,
                    -13.35643459867043,
                    -116.22532420841216,
                    884.0416109698582,
                    228.38495881191835,
                    10.0
                ],
                "Ai": [
                    [
                        0.0,
                        0.0,
                        0.0,
                        0.0,
                        0.0,
                        0.0
                    ],
                    [
                        -27.71286919734086,
                        0.0,
                        0.0,
                        0.0,
                        0.0,
                        0.0
                    ],
                    [
                        25.902951030270472,
                        9.708938322241783,
                        0.0,
                        0.0,
                        0.0,
                        0.0
                    ],
                    [
                        19.972792088126248,
                        0.0,
                        -7.516048854889483,
                        0.0,
                        0.0,
                        0.0
                    ],
                    [
                        -13.466739239562656,
                        -17.56593997435924,
                        0.0,
                        0.0,
                        0.0,
                        0.0
                    ],
                    [
                        0.0,
                        0.0,
                        0.0,
                        0.0,
                        0.0,
                        0.0
                    ]
                ]
            },
            "est_params": {
                "mui": [
                    0.49889683188771555,
                    -13.314437704249816,
                    -115.83696800934183,
                    881.1017270829404,
                    227.66708356238283,
                    10.0
                ],
                "Si": [
                    [
                        0.9947903529744211,
                        -27.571544320447195,
                        -241.91790274273413,
                        1838.1473533377232,
                        470.92068177711695,
                        -2.4469348036690965e-224
                    ],
                    [
                        -27.571544320447195,
                        765.1630887371867,
                        6714.61117743891,
                        -51018.35258851071,
                        -13069.434857975373,
                        7.406439507395128e-223
                    ],
                    [
                        -241.91790274273413,
                        6714.61117743891,
                        58925.25388202587,
                        -447719.725125075,
                        -114689.96557727542,
                        6.60163513533453e-222
                    ],
                    [
                        1838.1473533377232,
                        -51018.35258851071,
                        -447719.725125075,
                        3401819.0131063047,
                        871426.5548136802,
                        -5.005425577463348e-221
                    ],
                    [
                        470.92068177711695,
                        -13069.434857975373,
                        -114689.96557727542,
                        871426.5548136802,
                        223234.85130290402,
                        -1.1781721523654687e-221
                    ],
                    [
                        -2.4469348036690965e-224,
                        7.406439507395128e-223,
                        6.601635135334531e-222,
                        -5.005425577463348e-221,
                        -1.1781721523654687e-221,
                        1e-06
                    ]
                ]
            },
            "est_tgt": [
                5
            ]
        },
        "obs": {
            "intv_type": "obs",
            "true_params": {
                "Si": [
                    [
                        0.9999999999999956,
                        -27.712869197340748,
                        -243.15958673906508,
                        1847.5721255536762,
                        473.33585759819414,
                        -650.6996481972204
                    ],
                    [
                        -27.712869197340748,
                        769.003119148921,
                        6748.358759701414,
                        -51274.497502881146,
                        -13135.060648004277,
                        18057.246795914474
                    ],
                    [
                        -243.15958673906508,
                        6748.358759701414,
                        59221.84810645827,
                        -449970.87951515865,
                        -115266.6981501416,
                        158461.65428836487
                    ],
                    [
                        1847.5721255536762,
                        -51274.497502881146,
                        -449970.87951515865,
                        3418905.2876450224,
                        875803.9733099272,
                        -1204001.8240432178
                    ],
                    [
                        473.33585759819414,
                        -13135.060648004277,
                        -115266.6981501416,
                        875803.9733099272,
                        224356.3963354017,
                        -308429.71083367727
                    ],
                    [
                        -650.6996481972204,
                        18057.246795914474,
                        158461.65428836487,
                        -1204001.8240432178,
                        -308429.71083367727,
                        424010.91759415175
                    ]
                ],
                "mui": [
                    0.49999999999999883,
                    -13.356434598670404,
                    -116.22532420841192,
                    884.0416109698565,
                    228.38495881191798,
                    -312.6035447640191
                ],
                "Ai": [
                    [
                        0.0,
                        0.0,
                        0.0,
                        0.0,
                        0.0,
                        0.0
                    ],
                    [
                        -27.71286919734086,
                        0.0,
                        0.0,
                        0.0,
                        0.0,
                        0.0
                    ],
                    [
                        25.902951030270472,
                        9.708938322241783,
                        0.0,
                        0.0,
                        0.0,
                        0.0
                    ],
                    [
                        19.972792088126248,
                        0.0,
                        -7.516048854889483,
                        0.0,
                        0.0,
                        0.0
                    ],
                    [
                        -13.466739239562656,
                        -17.56593997435924,
                        0.0,
