{
    "expt_args": {
        "save_dir": "all_expt_logs/expt_logs_11.05.24-half_intv",
        "exp_name": "56",
        "num_nodes": 6,
        "obs_noise_mean": 0.0,
        "obs_noise_var": 1.0,
        "max_edge_strength": 1.0,
        "graph_sparsity_method": "adj_dense_prop",
        "adj_dense_prop": 0.8,
        "num_parents": null,
        "new_noise_mean": 1.0,
        "mix_samples": 1024,
        "stage2_samples": 1024,
        "gmm_tol": 0.001,
        "intv_type": "do",
        "new_noise_var": null,
        "intv_targets": [
            1,
            3,
            5
        ]
    },
    "intv_args_dict": {
        "1": {
            "intv_type": "do",
            "inode": 1,
            "new_mui": 1.0,
            "new_vari": null,
            "true_params": {
                "Si": [
                    [
                        1.0,
                        0.0,
                        0.9791822988383618,
                        0.6218090965320595,
                        0.4841185566263318,
                        1.0327883865382004
                    ],
                    [
                        0.0,
                        1e-09,
                        8.570214920528244e-10,
                        -1.2675173186217482e-10,
                        -2.00846991828247e-11,
                        -9.453032516175463e-10
                    ],
                    [
                        0.9791822988383618,
                        8.570214920528244e-10,
                        1.9587979750928648,
                        1.2438933996899233,
                        0.393514722922166,
                        1.6072401883075826
                    ],
                    [
                        0.6218090965320595,
                        -1.2675173186217482e-10,
                        1.2438933996899233,
                        1.789908306190021,
                        1.1009456205685066,
                        1.1101521686453732
                    ],
                    [
                        0.4841185566263318,
                        -2.00846991828247e-11,
                        0.393514722922166,
                        1.1009456205685066,
                        1.9651453082897095,
                        -0.3400002988244414
                    ],
                    [
                        1.0327883865382004,
                        -9.453032516175463e-10,
                        1.6072401883075826,
                        1.1101521686453732,
                        -0.3400002988244414,
                        3.183557282809597
                    ]
                ],
                "mui": [
                    0.0,
                    1.0,
                    0.8570214920528243,
                    -0.1267517318621748,
                    -0.0200846991828247,
                    -0.9453032516175462
                ],
                "Ai": [
                    [
                        0.0,
                        0.0,
                        0.0,
                        0.0,
                        0.0,
                        0.0
                    ],
                    [
                        0.0,
                        0.0,
                        0.0,
                        0.0,
                        0.0,
                        0.0
                    ],
                    [
                        0.9791822988383618,
                        0.8570214920528243,
                        0.0,
                        0.0,
                        0.0,
                        0.0
                    ],
                    [
                        0.0,
                        -0.6709851808472378,
                        0.6350289392176853,
                        0.0,
                        0.0,
                        0.0
                    ],
                    [
                        0.5629677970344387,
                        0.6199710066237143,
                        -0.6209684905554179,
                        0.8510523834912256,
                        0.0,
                        0.0
                    ],
                    [
                        0.9379994959252494,
                        -0.8577425305102244,
                        0.0,
                        0.8283739744561723,
                        -0.8681790364807765,
                        0.0
                    ]
                ]
            },
            "est_params": {
                "mui": [
                    -0.022724872364457582,
                    0.9999994104995136,
                    0.8637080356105168,
                    -0.040822742390682204,
                    0.040182977885729554,
                    -1.0241156091641215
                ],
                "Si": [
                    [
                        0.9687358665592177,
                        -2.926045297651899e-06,
                        0.8528203826640011,
                        0.5663936000501769,
                        0.48628089017036874,
                        0.9812854383079905
                    ],
                    [
                        -2.9260452976518976e-06,
                        1.001043191669003e-06,
                        -3.5949306504259522e-06,
                        1.0939580965166887e-06,
                        5.783487596515839e-06,
                        -6.330167196377656e-06
                    ],
                    [
                        0.8528203826640011,
                        -3.5949306504259526e-06,
                        1.8041720829906145,
                        1.1785792535795454,
                        0.33587020955142677,
                        1.6883430921352567
                    ],
                    [
                        0.5663936000501769,
                        1.0939580965166883e-06,
                        1.1785792535795452,
                        1.7663598369115652,
                        1.1388593026054574,
                        1.153826094553371
                    ],
                    [
                        0.48628089017036874,
                        5.783487596515839e-06,
                        0.3358702095514268,
                        1.1388593026054574,
                        2.0606529666912863,
                        -0.380411584230483
                    ],
                    [
                        0.9812854383079905,
                        -6.330167196377657e-06,
                        1.6883430921352567,
                        1.153826094553371,
                        -0.380411584230483,
                        3.3947563938149745
                    ]
                ]
            },
            "est_tgt": [
                0,
                1,
                2,
                5
            ],
            "oracle_est_tgt": [
                1,
                2,
                5
            ],
            "intv_base_est_tgt": []
        },
        "3": {
            "intv_type": "do",
            "inode": 3,
            "new_mui": 1.0,
            "new_vari": null,
            "true_params": {
                "Si": [
                    [
                        1.0,
                        0.9585838234864312,
                        1.8007092375004041,
                        0.0,
                        0.03907827787470682,
                        0.08185443982924062
                    ],
                    [
                        0.9585838234864312,
                        1.9188829466498656,
                        2.583152237923298,
                        0.0,
                        0.12524746935052156,
                        -0.8554935984423923
                    ],
                    [
                        1.8007092375004041,
                        2.583152237923298,
                        4.977039595859736,
                        0.0,
                        -0.47536395953279387,
                        -0.1139141558012916
                    ],
                    [
                        0.0,
                        0.0,
                        0.0,
                        1e-09,
                        8.510523834912256e-10,
                        8.950813616209175e-11
                    ],
                    [
                        0.03907827787470682,
                        0.12524746935052156,
                        -0.47536395953279387,
                        8.510523834912256e-10,
                        1.394835652797155,
                        -1.2817417487420957
                    ],
                    [
                        0.08185443982924062,
                        -0.8554935984423923,
                        -0.1139141558012916,
                        8.950813616209175e-11,
                        -1.2817417487420957,
                        2.9233539837765914
                    ]
                ],
                "mui": [
                    0.0,
                    0.0,
                    0.0,
                    1.0,
                    0.8510523834912256,
                    0.08950813616209174
                ],
                "Ai": [
                    [
                        0.0,
                        0.0,
                        0.0,
                        0.0,
                        0.0,
                        0.0
                    ],
                    [
                        0.9585838234864312,
                        0.0,
                        0.0,
                        0.0,
                        0.0,
                        0.0
                    ],
                    [
                        0.9791822988383618,
                        0.8570214920528243,
                        0.0,
                        0.0,
                        0.0,
                        0.0
                    ],
                    [
                        0.0,
                        0.0,
                        0.0,
                        0.0,
                        0.0,
                        0.0
                    ],
                    [
                        0.5629677970344387,
                        0.6199710066237143,
                        -0.6209684905554179,
                        0.8510523834912256,
                        0.0,
                        0.0
                    ],
                    [
                        0.9379994959252494,
                        -0.8577425305102244,
                        0.0,
                        0.8283739744561723,
                        -0.8681790364807765,
                        0.0
                    ]
                ]
            },
            "est_params": {
                "mui": [
                    0.05873657930598736,
                    0.15777230722576885,
                    0.32445116008426794,
                    0.9999961568958771,
                    0.7127783117179209,
                    0.1354992637808122
                ],
                "Si": [
                    [
                        1.0073900105113973,
                        1.0241043884883447,
                        1.8445844899331005,
                        4.943708485240682e-07,
                        0.07089596276884721,
                        -0.0616287215515739
                    ],
                    [
                        1.024104388488345,
                        2.132659770651339,
                        2.870005677794076,
                        1.6813985539839495e-06,
                        0.08627028740445628,
                        -1.0121957980207168
                    ],
                    [
                        1.8445844899331005,
                        2.870005677794076,
                        5.216681360665224,
                        2.964137366410747e-06,
                        -0.47474128490636774,
                        -0.48727642214393235
                    ],
                    [
                        4.943708485240674e-07,
                        1.68139855398395e-06,
                        2.9641373664107474e-06,
                        1.0014655327817438e-06,
                        4.198584930385575e-06,
                        -2.0006997427613504e-06
                    ],
                    [
                        0.0708959627688472,
                        0.08627028740445623,
                        -0.4747412849063677,
                        4.1985849303855746e-06,
                        1.418183138512306,
                        -1.1929688785744748
                    ],
                    [
                        -0.061628721551573895,
                        -1.0121957980207168,
                        -0.4872764221439323,
                        -2.0006997427613504e-06,
                        -1.1929688785744748,
                        2.761189614041301
                    ]
                ]
            },
            "est_tgt": [
                3
            ],
            "oracle_est_tgt": [
                3
            ],
            "intv_base_est_tgt": [
                1,
                2,
                3,
                5
            ]
        },
        "5": {
            "intv_type": "do",
            "inode": 5,
            "new_mui": 1.0,
            "new_vari": null,
            "true_params": {
                "Si": [
                    [
                        1.0,
                        0.9585838234864312,
                        1.8007092375004041,
                        0.500306936770089,
                        0.46486568889008495,
                        0.0
                    ],
                    [
                        0.9585838234864312,
                        1.9188829466498656,
                        2.583152237923298,
                        0.35283440450368125,
                        0.42552803028108677,
                        0.0
                    ],
                    [
                        1.8007092375004041,
                        2.583152237923298,
                        4.977039595859736,
                        1.4273073034843144,
                        0.7393493230719662,
                        0.0
                    ],
                    [
                        0.500306936770089,
                        0.35283440450368125,
                        1.4273073034843144,
                        1.669634786154269,
                        1.035037597479206,
                        0.0
                    ],
                    [
                        0.46486568889008495,
                        0.42552803028108677,
                        0.7393493230719662,
                        1.035037597479206,
                        1.947278035267861,
                        0.0
                    ],
                    [
                        0.0,
                        0.0,
                        0.0,
                        0.0,
                        0.0,
                        1e-09
                    ]
                ],
                "mui": [
                    0.0,
                    0.0,
                    0.0,
                    0.0,
                    0.0,
                    1.0
                ],
                "Ai": [
                    [
                        0.0,
                        0.0,
                        0.0,
                        0.0,
                        0.0,
                        0.0
                    ],
                    [
                        0.9585838234864312,
                        0.0,
                        0.0,
                        0.0,
                        0.0,
                        0.0
                    ],
                    [
                        0.9791822988383618,
                        0.8570214920528243,
                        0.0,
                        0.0,
                        0.0,
                        0.0
                    ],
                    [
                        0.0,
                        -0.6709851808472378,
                        0.6350289392176853,
                        0.0,
                        0.0,
                        0.0
                    ],
                    [
                        0.5629677970344387,
                        0.6199710066237143,
                        -0.6209684905554179,
                        0.8510523834912256,
                        0.0,
                        0.0
                    ],
                    [
                        0.0,
                        0.0,
                        0.0,
                        0.0,
                        0.0,
                        0.0
                    ]
                ]
            },
            "est_params": {
                "mui": [
                    0.07198374622850852,
                    0.004430675319467719,
                    0.05416227742451631,
                    0.15007706803699764,
                    0.14945598897251938,
                    1.0000098338089374
                ],
                "Si": [
                    [
                        1.0436286297080035,
                        0.9506743603368262,
                        1.8095536454492176,
                        0.5013113434047979,
                        0.5193515947905561,
                        1.2670987868375337e-05
                    ],
                    [
                        0.9506743603368263,
                        1.7978876340973955,
                        2.5616639281055464,
                        0.3586627372530465,
                        0.44325220605203364,
                        2.8394057743692077e-05
                    ],
                    [
                        1.8095536454492174,
                        2.5616639281055464,
                        4.946570485876847,
                        1.2776823216770121,
                        0.6665653626720152,
                        4.448337803277141e-05
                    ],
                    [
                        0.5013113434047978,
                        0.3586627372530465,
                        1.2776823216770121,
                        1.573831785466816,
                        1.0839056413941643,
                        1.7345310753953973e-05
                    ],
                    [
                        0.5193515947905561,
                        0.44325220605203375,
                        0.6665653626720152,
                        1.0839056413941643,
                        2.1283929346727106,
                        1.0809315567023099e-05
                    ],
                    [
                        1.2670987868375337e-05,
                        2.8394057743692074e-05,
                        4.448337803277141e-05,
                        1.7345310753953973e-05,
                        1.0809315567023097e-05,
                        1.0445035128837264e-06
                    ]
                ]
            },
            "est_tgt": [
                4,
                5
            ],
            "oracle_est_tgt": [
                1,
                2,
                5
            ],
            "intv_base_est_tgt": [
                1,
                2,
                5
            ]
        },
        "obs": {
            "intv_type": "obs",
            "true_params": {
                "Si": [
                    [
                        1.0,
                        0.9585838234864312,
                        1.8007092375004041,
                        0.500306936770089,
                        0.46486568889008495,
                        0.12663598124849673
                    ],
                    [
                        0.9585838234864312,
                        1.9188829466498656,
                        2.583152237923298,
                        0.35283440450368125,
                        0.42552803028108677,
                        -0.8239120485214062
                    ],
                    [
                        1.8007092375004041,
                        2.583152237923298,
                        4.977039595859736,
                        1.4273073034843144,
                        0.7393493230719662,
                        0.013841460664130278
                    ],
                    [
                        0.500306936770089,
                        0.35283440450368125,
                        1.4273073034843144,
                        1.669634786154269,
                        1.035037597479206,
                        0.6511306391242117
                    ],
                    [
                        0.46486568889008495,
                        0.42552803028108677,
                        0.7393493230719662,
                        1.035037597479206,
                        1.947278035267861,
                        -0.7621374677281004
                    ],
                    [
                        0.12663598124849673,
                        -0.8239120485214062,
                        0.013841460664130278,
                        0.6511306391242117,
                        -0.7621374677281004,
                        3.026540339813295
                    ]
                ],
                "mui": [
                    0.0,
                    0.0,
                    0.0,
                    0.0,
                    0.0,
                    0.0
                ],
                "Ai": [
                    [
                        0.0,
                        0.0,
                        0.0,
                        0.0,
                        0.0,
                        0.0
                    ],
                    [
                        0.9585838234864312,
                        0.0,
                        0.0,
                        0.0,
                        0.0,
                        0.0
                    ],
                    [
                        0.9791822988383618,
                        0.8570214920528243,
                        0.0,
                        0.0,
                        0.0,
                        0.0
                    ],
                    [
                        0.0,
                        -0.6709851808472378,
                        0.6350289392176853,
                        0.0,
                        0.0,
                        0.0
                    ],
                    [
                        0.5629677970344387,
                        0.6199710066237143,
                        -0.6209684905554179,
                        0.8510523834912256,
                        0.0,
                        0.0
                    ],
                    [
                        0.9379994959252494,
                        -0.8577425305102244,
                        0.0,
                        0.8283739744561723,
                        -0.8681790364807765,
                        0.0
                    ]
                ]
            },
            "est_params": {
                "mui": [
                    -0.4048876216993515,
                    -0.6705650964382038,
                    -1.2978536516783576,
                    -0.45928058416211553,
                    -0.011582792180206757,
                    -0.11877339459354813
                ],
                "Si": [
                    [
                        0.9373804701101996,
                        0.9641961548094042,
                        1.7110093363218255,
                        0.45846150596241364,
                        0.4364946468545693,
                        0.29532997905145086
                    ],
                    [
                        0.9641961548094041,
                        2.2911583013060737,
                        2.838893678100724,
                        0.5196718647337826,
                        0.709149866139886,
                        -0.7843933782208452
                    ],
                    [
                        1.711009336321826,
                        2.8388936781007246,
                        4.8795199355137795,
                        1.2676070948824343,
                        0.9392440614387441,
                        -0.18771359379268163
                    ],
                    [
                        0.45846150596241364,
                        0.5196718647337826,
                        1.2676070948824343,
                        1.0459422370771903,
                        0.818335886207012,
                        0.3347759634687718
                    ],
                    [
                        0.4364946468545693,
                        0.709149866139886,
                        0.9392440614387441,
                        0.818335886207012,
                        1.7186985258619898,
                        -0.5740049584865283
                    ],
                    [
                        0.29532997905145086,
                        -0.7843933782208452,
                        -0.18771359379268157,
                        0.33477596346877186,
                        -0.5740049584865284,
                        2.3380578223586874
                    ]
                ]
            },
            "est_tgt": [
                2,
                3
            ],
            "oracle_est_tgt": [],
            "intv_base_est_tgt": [
                1,
                2,
                3,
                5
            ]
        }
    },
    "metric_dict": {
        "param_est_rel_err": 17.165318111062994,
        "est_dag": {
            "amat": [
                [
                    0,
                    1,
                    0,
                    0,
                    1,
                    0
                ],
                [
                    0,
                    0,
                    0,
                    0,
                    0,
                    0
                ],
                [
                    1,
                    1,
                    0,
                    1,
                    1,
                    0
                ],
                [
                    0,
                    0,
                    0,
                    0,
                    1,
                    0
                ],
                [
                    0,
                    0,
                    0,
                    0,
                    0,
                    0
                ],
                [
                    0,
                    1,
                    0,
                    1,
                    1,
                    0
                ]
            ],
            "nodes": [
                0,
                1,
                2,
                3,
                4,
                5
            ]
        },
        "oracle_est_dag": {
            "amat": [
                [
                    0,
                    1,
                    1,
                    0,
                    0,
                    0
                ],
                [
                    0,
                    0,
                    0,
                    0,
                    0,
                    0
                ],
                [
                    0,
                    1,
                    0,
                    0,
                    0,
                    0
                ],
                [
                    0,
                    0,
                    1,
                    0,
                    1,
                    1
                ],
                [
                    0,
                    0,
                    1,
                    0,
                    0,
                    1
                ],
                [
                    0,
                    1,
                    1,
                    0,
                    0,
                    0
                ]
            ],
            "nodes": [
                0,
                1,
                2,
                3,
                4,
                5
            ]
        },
        "igsp_dag": {
            "amat": [
                [
                    0,
                    1,
                    0,
                    0,
                    1,
                    0
                ],
                [
                    0,
                    0,
                    0,
                    0,
                    0,
                    0
                ],
                [
                    1,
                    1,
                    0,
                    1,
                    1,
                    0
                ],
                [
                    0,
                    0,
                    0,
                    0,
                    1,
                    1
                ],
                [
                    0,
                    0,
                    0,
                    0,
                    0,
                    0
                ],
                [
                    0,
                    1,
                    0,
                    0,
                    1,
                    0
                ]
            ],
            "nodes": [
                0,
                1,
                2,
                3,
                4,
                5
            ]
        },
        "intv_base_est_dag": {
            "amat": [
                [
                    0,
                    0,
                    1,
                    0,
                    0,
                    1
                ],
                [
                    0,
                    0,
                    0,
                    0,
                    0,
                    0
                ],
                [
                    0,
                    0,
                    0,
                    0,
                    0,
                    0
                ],
                [
                    1,
                    0,
                    1,
                    0,
                    1,
                    1
                ],
                [
                    0,
                    0,
                    1,
                    0,
                    0,
                    1
                ],
                [
                    0,
                    0,
                    0,
                    0,
                    0,
                    0
                ]
            ],
            "nodes": [
                0,
                1,
                2,
                3,
                4,
                5
            ]
        },
        "act_dag": {
            "amat": [
                [
                    0,
                    1,
                    1,
                    0,
                    1,
                    1
                ],
                [
                    0,
                    0,
                    1,
                    1,
                    1,
                    1
                ],
                [
                    0,
                    0,
                    0,
                    1,
                    1,
                    0
                ],
                [
                    0,
                    0,
                    0,
                    0,
                    1,
                    1
                ],
                [
                    0,
                    0,
                    0,
                    0,
                    0,
                    1
                ],
                [
                    0,
                    0,
                    0,
                    0,
                    0,
                    0
                ]
            ],
            "nodes": [
                0,
                1,
                2,
                3,
                4,
                5
            ]
        },
        "shd": 8,
        "oracle_shd": 9,
        "intv_base_shd": 9,
        "igsp_shd": 7,
        "avg_js": 0.4375,
        "avg_oracle_js": 0.6666666666666666,
        "avg_intv_base_js": 0.14583333333333331
    }
}