{
    "expt_args": {
        "save_dir": "all_expt_logs/expt_logs_11.05.24-half_intv",
        "exp_name": "234",
        "num_nodes": 8,
        "obs_noise_mean": 0.0,
        "obs_noise_var": 1.0,
        "max_edge_strength": 1.0,
        "graph_sparsity_method": "adj_dense_prop",
        "adj_dense_prop": 0.8,
        "num_parents": null,
        "new_noise_mean": 1.0,
        "mix_samples": 4096,
        "stage2_samples": 4096,
        "gmm_tol": 0.001,
        "intv_type": "do",
        "new_noise_var": null,
        "intv_targets": [
            1,
            7,
            6,
            5
        ]
    },
    "intv_args_dict": {
        "1": {
            "intv_type": "do",
            "inode": 1,
            "new_mui": 1.0,
            "new_vari": null,
            "true_params": {
                "Si": [
                    [
                        1.0,
                        0.0,
                        -0.7906471032350215,
                        0.4332708264755021,
                        0.847717004027473,
                        -1.4074459846574912,
                        -0.03255248665491983,
                        2.601431993519246
                    ],
                    [
                        0.0,
                        1e-09,
                        -8.069434145260771e-10,
                        5.3606482658595247e-11,
                        1.322532303612818e-09,
                        -1.186721365136042e-09,
                        -5.825500445550809e-10,
                        3.461190728521756e-09
                    ],
                    [
                        -0.7906471032350215,
                        -8.069434145260771e-10,
                        1.6251228425050885,
                        0.36313439598690744,
                        -2.0788540455168163,
                        2.7790708277925598,
                        2.2870386878756577,
                        -6.662786625363877
                    ],
                    [
                        0.4332708264755021,
                        5.3606482658595247e-11,
                        0.36313439598690744,
                        1.6857342923450984,
                        -1.5244451532802583,
                        1.9182030524948561,
                        3.3079472579923594,
                        -5.331962563530448
                    ],
                    [
                        0.847717004027473,
                        1.322532303612818e-09,
                        -2.0788540455168163,
                        -1.5244451532802583,
                        4.50863762247058,
                        -5.672711106644433,
                        -5.299121638370934,
                        13.112002696788123
                    ],
                    [
                        -1.4074459846574912,
                        -1.186721365136042e-09,
                        2.7790708277925598,
                        1.9182030524948561,
                        -5.672711106644433,
                        8.429597654881862,
                        7.22495086909195,
                        -17.925309502113453
                    ],
                    [
                        -0.03255248665491983,
                        -5.825500445550809e-10,
                        2.2870386878756577,
                        3.3079472579923594,
                        -5.299121638370934,
                        7.22495086909195,
                        9.723621239777193,
                        -17.8614230605215
                    ],
                    [
                        2.601431993519246,
                        3.461190728521756e-09,
                        -6.662786625363877,
                        -5.331962563530448,
                        13.112002696788123,
                        -17.925309502113453,
                        -17.8614230605215,
                        42.60336276991602
                    ]
                ],
                "mui": [
                    0.0,
                    1.0,
                    -0.8069434145260771,
                    0.053606482658595245,
                    1.3225323036128178,
                    -1.186721365136042,
                    -0.5825500445550809,
                    3.461190728521756
                ],
                "Ai": [
                    [
                        0.0,
                        0.0,
                        0.0,
                        0.0,
                        0.0,
                        0.0,
                        0.0,
                        0.0
                    ],
                    [
                        0.0,
                        0.0,
                        0.0,
                        0.0,
                        0.0,
                        0.0,
                        0.0,
                        0.0
                    ],
                    [
                        -0.7906471032350215,
                        -0.8069434145260771,
                        0.0,
                        0.0,
                        0.0,
                        0.0,
                        0.0,
                        0.0
                    ],
                    [
                        0.9912294751205182,
                        0.6230654173207892,
                        0.7056987198992642,
                        0.0,
                        0.0,
                        0.0,
                        0.0,
                        0.0
                    ],
                    [
                        0.6238137871145456,
                        0.745179487857698,
                        -0.7751155917825954,
                        -0.8976825962785486,
                        0.0,
                        0.0,
                        0.0,
                        0.0
                    ],
                    [
                        -0.857177395604532,
                        0.0,
                        -0.0,
                        0.5274278005588537,
                        -0.9186882702685657,
                        0.0,
                        0.0,
                        0.0
                    ],
                    [
                        0.8796491603066827,
                        0.5664928436353824,
                        0.6271520026748061,
                        0.9364771222899719,
                        -0.0,
                        0.5841033748153122,
                        0.0,
                        0.0
                    ],
                    [
                        0.9094389760511472,
                        0.8848926173626981,
                        -0.8308212223486056,
                        -0.9106167725580702,
                        0.769087893814852,
                        -0.5408055925191817,
                        -0.5076958232382129,
                        0.0
                    ]
                ]
            },
            "est_params": {
                "mui": [
                    -0.02347167235291062,
                    0.9999935479205704,
                    -0.7694481181878433,
                    0.06940980069781146,
                    1.2626994622101724,
                    -1.1241566092802815,
                    -0.5449201263128277,
                    3.3060620921721795
                ],
                "Si": [
                    [
                        1.0274138074738568,
                        4.197573914560937e-06,
                        -0.7721357609028916,
                        0.4399509394283856,
                        0.8818301360270394,
                        -1.3496092322506648,
                        0.039281477966590934,
                        2.5276214430704114
                    ],
                    [
                        4.197573914560936e-06,
                        1.0173830110359562e-06,
                        3.7495694746630795e-06,
                        6.474739017419942e-06,
                        -1.3656777459698362e-05,
                        1.960259949953248e-05,
                        2.2812300738025365e-05,
                        -3.6737889919252605e-05
                    ],
                    [
                        -0.7721357609028916,
                        3.7495694746630782e-06,
                        1.6398031482247433,
                        0.42762812287802915,
                        -2.1809598851234453,
                        2.795543729721893,
                        2.372207574290747,
                        -6.849399913647511
                    ],
                    [
                        0.4399509394283856,
                        6.474739017419943e-06,
                        0.42762812287802926,
                        1.6356019178684007,
                        -1.5699357012895643,
                        1.990863191559648,
                        3.3626328331852955,
                        -5.462305666706398
                    ],
                    [
                        0.8818301360270394,
                        -1.365677745969836e-05,
                        -2.1809598851234453,
                        -1.5699357012895643,
                        4.689784708754577,
                        -5.810979622996096,
                        -5.512783874004218,
                        13.535302353287502
                    ],
                    [
                        -1.3496092322506648,
                        1.9602599499532478e-05,
                        2.795543729721893,
                        1.990863191559648,
                        -5.810979622996096,
                        8.338905875271482,
                        7.377972905369354,
                        -18.081722579447177
                    ],
                    [
                        0.039281477966590955,
                        2.2812300738025365e-05,
                        2.372207574290747,
                        3.3626328331852955,
                        -5.512783874004218,
                        7.377972905369357,
                        10.102111534232476,
                        -18.42236832600482
                    ],
                    [
                        2.527621443070412,
                        -3.6737889919252605e-05,
                        -6.849399913647511,
                        -5.462305666706398,
                        13.535302353287502,
                        -18.081722579447177,
                        -18.42236832600482,
                        43.493446409100386
                    ]
                ]
            },
            "est_tgt": [
                0,
                1,
                5,
                7
            ],
            "oracle_est_tgt": [
                1,
                2,
                6,
                7
            ],
            "intv_base_est_tgt": [
                1,
                2,
                3,
                4,
                6,
                7
            ]
        },
        "7": {
            "intv_type": "do",
            "inode": 7,
            "new_mui": 1.0,
            "new_vari": null,
            "true_params": {
                "Si": [
                    [
                        1.0,
                        -0.8752086681715732,
                        -0.08440323211783185,
                        0.3863539681825104,
                        -0.309774732031384,
                        -0.3688171591860245,
                        0.4773003619834233,
                        0.0
                    ],
                    [
                        -0.8752086681715732,
                        1.765990212842659,
                        -0.7330729741548534,
                        -0.284533859277222,
                        1.5936498342672114,
                        -0.8639293904460184,
                        -1.0002874586844026,
                        0.0
                    ],
                    [
                        -0.08440323211783185,
                        -0.7330729741548534,
                        1.658281579838941,
                        0.6298317980858507,
                        -2.4496717951386966,
                        2.6550240868754775,
                        2.691100386971947,
                        0.0
                    ],
                    [
                        0.3863539681825104,
                        -0.284533859277222,
                        0.6298317980858507,
                        1.6501537269808586,
                        -1.940522592267421,
                        2.3218984062845793,
                        3.4752297308264364,
                        0.0
                    ],
                    [
                        -0.309774732031384,
                        1.5936498342672114,
                        -2.4496717951386966,
                        -1.940522592267421,
                        5.635065580508717,
                        -5.934822315755101,
                        -6.189823185266818,
                        0.0
                    ],
                    [
                        -0.3688171591860245,
                        -0.8639293904460184,
                        2.6550240868754775,
                        2.3218984062845793,
                        -5.934822315755101,
                        7.993027149125459,
                        7.694423022316823,
                        0.0
                    ],
                    [
                        0.4773003619834233,
                        -1.0002874586844026,
                        2.691100386971947,
                        3.4752297308264364,
                        -6.189823185266818,
                        7.694423022316823,
                        10.289741765011044,
                        0.0
                    ],
                    [
                        0.0,
                        0.0,
                        0.0,
                        0.0,
                        0.0,
                        0.0,
                        0.0,
                        1e-09
                    ]
                ],
                "mui": [
                    0.0,
                    0.0,
                    0.0,
                    0.0,
                    0.0,
                    0.0,
                    0.0,
                    1.0
                ],
                "Ai": [
                    [
                        0.0,
                        0.0,
                        0.0,
                        0.0,
                        0.0,
                        0.0,
                        0.0,
                        0.0
                    ],
                    [
                        -0.8752086681715732,
                        0.0,
                        0.0,
                        0.0,
                        0.0,
                        0.0,
                        0.0,
                        0.0
                    ],
                    [
                        -0.7906471032350215,
                        -0.8069434145260771,
                        0.0,
                        0.0,
                        0.0,
                        0.0,
                        0.0,
                        0.0
                    ],
                    [
                        0.9912294751205182,
                        0.6230654173207892,
                        0.7056987198992642,
                        0.0,
                        0.0,
                        0.0,
                        0.0,
                        0.0
                    ],
                    [
                        0.6238137871145456,
                        0.745179487857698,
                        -0.7751155917825954,
                        -0.8976825962785486,
                        0.0,
                        0.0,
                        0.0,
                        0.0
                    ],
                    [
                        -0.857177395604532,
                        0.0,
                        -0.0,
                        0.5274278005588537,
                        -0.9186882702685657,
                        0.0,
                        0.0,
                        0.0
                    ],
                    [
                        0.8796491603066827,
                        0.5664928436353824,
                        0.6271520026748061,
                        0.9364771222899719,
                        -0.0,
                        0.5841033748153122,
                        0.0,
                        0.0
                    ],
                    [
                        0.0,
                        0.0,
                        0.0,
                        0.0,
                        0.0,
                        0.0,
                        0.0,
                        0.0
                    ]
                ]
            },
            "est_params": {
                "mui": [
                    -0.0644720802867603,
                    0.058500286856985294,
                    0.036769717449515044,
                    0.019280225600218862,
                    0.004565101404901913,
                    0.039769460063351476,
                    0.06694868685807175,
                    1.0000000419932438
                ],
                "Si": [
                    [
                        0.9527281749784309,
                        -0.8219743192930166,
                        -0.04382799970889051,
                        0.40734473042258373,
                        -0.3797267907322756,
                        -0.23513949629876926,
                        0.5826220394046745,
                        -1.0883860024857015e-06
                    ],
                    [
                        -0.8219743192930165,
                        1.6630108579987715,
                        -0.6778160374369077,
                        -0.22192709673596442,
                        1.4955545110260164,
                        -0.7957708016598216,
                        -0.8921533464172207,
                        6.381152901129523e-07
                    ],
                    [
                        -0.043827999708890494,
                        -0.6778160374369079,
                        1.5111256735565093,
                        0.5918939447202327,
                        -2.2211779180948237,
                        2.3061037270171987,
                        2.4689175109353707,
                        -2.1591115311134074e-07
                    ],
                    [
                        0.40734473042258373,
                        -0.22192709673596447,
                        0.5918939447202327,
                        1.6214654588971593,
                        -1.8052101320306937,
                        2.115353584215615,
                        3.4035522161779284,
                        -1.4442928474538166e-06
                    ],
                    [
                        -0.3797267907322756,
                        1.4955545110260164,
                        -2.2211779180948237,
                        -1.8052101320306937,
                        5.182488693423526,
                        -5.282636275644319,
                        -5.666277667277685,
                        3.1249861964302124e-07
                    ],
                    [
                        -0.23513949629876923,
                        -0.7957708016598216,
                        2.3061037270171987,
                        2.115353584215615,
                        -5.282636275644319,
                        7.1136788426722335,
                        6.995843033038237,
                        -9.821536693480514e-07
                    ],
                    [
                        0.5826220394046746,
                        -0.8921533464172207,
                        2.4689175109353707,
                        3.4035522161779284,
                        -5.666277667277685,
                        6.995843033038237,
                        9.949997446115407,
                        -3.823209052612768e-06
                    ],
                    [
                        -1.0883860024857015e-06,
                        6.381152901129523e-07,
                        -2.159111531113406e-07,
                        -1.444292847453817e-06,
                        3.124986196430207e-07,
                        -9.82153669348052e-07,
                        -3.823209052612768e-06,
                        1.001013926031029e-06
                    ]
                ]
            },
            "est_tgt": [
                0,
                1,
                2,
                4,
                7
            ],
            "oracle_est_tgt": [
                1,
                4,
                5,
                6,
                7
            ],
            "intv_base_est_tgt": [
                0,
                3,
                4,
                6,
                7
            ]
        },
        "6": {
            "intv_type": "do",
            "inode": 6,
            "new_mui": 1.0,
            "new_vari": null,
            "true_params": {
                "Si": [
                    [
                        1.0,
                        -0.8752086681715732,
                        -0.08440323211783185,
                        0.3863539681825104,
                        -0.309774732031384,
                        -0.3688171591860245,
                        0.0,
                        -0.18550873406900606
                    ],
                    [
                        -0.8752086681715732,
                        1.765990212842659,
                        -0.7330729741548534,
                        -0.284533859277222,
                        1.5936498342672114,
                        -0.8639293904460184,
                        0.0,
                        3.3277913561526358
                    ],
                    [
                        -0.08440323211783185,
                        -0.7330729741548534,
                        1.658281579838941,
                        0.6298317980858507,
                        -2.4496717951386966,
                        2.6550240868754775,
                        0.0,
                        -5.996586176114003
                    ],
                    [
                        0.3863539681825104,
                        -0.284533859277222,
                        0.6298317980858507,
                        1.6501537269808586,
                        -1.940522592267421,
                        2.3218984062845793,
                        0.0,
                        -4.674479916461781
                    ],
                    [
                        -0.309774732031384,
                        1.5936498342672114,
                        -2.4496717951386966,
                        -1.940522592267421,
                        5.635065580508717,
                        -5.934822315755101,
                        0.0,
                        12.47424531092583
                    ],
                    [
                        -0.3688171591860245,
                        -0.8639293904460184,
                        2.6550240868754775,
                        2.3218984062845793,
                        -5.934822315755101,
                        7.993027149125459,
                        0.0,
                        -14.307185207684206
                    ],
                    [
                        0.0,
                        0.0,
                        0.0,
                        0.0,
                        0.0,
                        0.0,
                        1e-09,
                        -5.07695823238213e-10
                    ],
                    [
                        -0.18550873406900606,
                        3.3277913561526358,
                        -5.996586176114003,
                        -4.674479916461781,
                        12.47424531092583,
                        -14.307185207684206,
                        -5.07695823238213e-10,
                        30.34597682858717
                    ]
                ],
                "mui": [
                    0.0,
                    0.0,
                    0.0,
                    0.0,
                    0.0,
                    0.0,
                    1.0,
                    -0.5076958232382129
                ],
                "Ai": [
                    [
                        0.0,
                        0.0,
                        0.0,
                        0.0,
                        0.0,
                        0.0,
                        0.0,
                        0.0
                    ],
                    [
                        -0.8752086681715732,
                        0.0,
                        0.0,
                        0.0,
                        0.0,
                        0.0,
                        0.0,
                        0.0
                    ],
                    [
                        -0.7906471032350215,
                        -0.8069434145260771,
                        0.0,
                        0.0,
                        0.0,
                        0.0,
                        0.0,
                        0.0
                    ],
                    [
                        0.9912294751205182,
                        0.6230654173207892,
                        0.7056987198992642,
                        0.0,
                        0.0,
                        0.0,
                        0.0,
                        0.0
                    ],
                    [
                        0.6238137871145456,
                        0.745179487857698,
                        -0.7751155917825954,
                        -0.8976825962785486,
                        0.0,
                        0.0,
                        0.0,
                        0.0
                    ],
                    [
                        -0.857177395604532,
                        0.0,
                        -0.0,
                        0.5274278005588537,
                        -0.9186882702685657,
                        0.0,
                        0.0,
                        0.0
                    ],
                    [
                        0.0,
                        0.0,
                        0.0,
                        0.0,
                        0.0,
                        0.0,
                        0.0,
                        0.0
                    ],
                    [
                        0.9094389760511472,
                        0.8848926173626981,
                        -0.8308212223486056,
                        -0.9106167725580702,
                        0.769087893814852,
                        -0.5408055925191817,
                        -0.5076958232382129,
                        0.0
                    ]
                ]
            },
            "est_params": {
                "mui": [
                    0.012909375057760674,
                    0.005045458185161661,
                    -0.03896738882354362,
                    -0.0044467235323990585,
                    0.11957256930740236,
                    -0.17529557891367378,
                    1.0000006663783991,
                    -0.3042619007846673
                ],
                "Si": [
                    [
                        0.9781048113721034,
                        -0.8459367630182194,
                        -0.09854660829821695,
                        0.36137295447175904,
                        -0.33324381984103096,
                        -0.3197480626285032,
                        -2.0458102779846426e-06,
                        -0.15650327727176588
                    ],
                    [
                        -0.8459367630182194,
                        1.6693851567883484,
                        -0.6760564693351215,
                        -0.23313552820142266,
                        1.5461396199378001,
                        -0.8193269875741739,
                        3.499365524549895e-06,
                        3.058979968104114
                    ],
                    [
                        -0.09854660829821695,
                        -0.6760564693351216,
                        1.5387827843720185,
                        0.5292694690079585,
                        -2.295182105504532,
                        2.4459122256793244,
                        -3.2370842211348135e-06,
                        -5.513569801040362
                    ],
                    [
                        0.36137295447175904,
                        -0.23313552820142272,
                        0.5292694690079585,
                        1.6228882695203886,
                        -1.854727690056177,
                        2.22671988340549,
                        -2.8529770233652065e-06,
                        -4.429981138673632
                    ],
                    [
                        -0.33324381984103096,
                        1.5461396199378001,
                        -2.295182105504532,
                        -1.854727690056177,
                        5.466073861209246,
                        -5.6816521639894,
                        7.876160774127215e-06,
                        11.989194431317857
                    ],
                    [
                        -0.3197480626285031,
                        -0.8193269875741739,
                        2.4459122256793244,
                        2.22671988340549,
                        -5.681652163989401,
                        7.599280082532748,
                        -6.2884719468857446e-06,
                        -13.598241442001774
                    ],
                    [
                        -2.0458102779846426e-06,
                        3.499365524549894e-06,
                        -3.2370842211348135e-06,
                        -2.852977023365207e-06,
                        7.876160774127215e-06,
                        -6.2884719468857446e-06,
                        1.0017503583193573e-06,
                        1.6224080482727405e-05
                    ],
                    [
                        -0.1565032772717659,
                        3.058979968104114,
                        -5.513569801040362,
                        -4.429981138673633,
                        11.989194431317857,
                        -13.598241442001774,
                        1.622408048272741e-05,
                        28.818450240511503
                    ]
                ]
            },
            "est_tgt": [
                0,
                1,
                2,
                6,
                7
            ],
            "oracle_est_tgt": [
                1,
                5,
                6,
                7
            ],
            "intv_base_est_tgt": []
        },
        "5": {
            "intv_type": "do",
            "inode": 5,
            "new_mui": 1.0,
            "new_vari": null,
            "true_params": {
                "Si": [
                    [
                        1.0,
                        -0.8752086681715732,
                        -0.08440323211783185,
                        0.3863539681825104,
                        -0.309774732031384,
                        0.0,
                        0.6927277093537764,
                        -0.7366620810541324
                    ],
                    [
                        -0.8752086681715732,
                        1.765990212842659,
                        -0.7330729741548534,
                        -0.284533859277222,
                        1.5936498342672114,
                        0.0,
                        -0.4956633861227477,
                        3.11221974112437
                    ],
                    [
                        -0.08440323211783185,
                        -0.7330729741548534,
                        1.658281579838941,
                        0.6298317980858507,
                        -2.4496717951386966,
                        0.0,
                        1.1402918576120382,
                        -5.139655715040786
                    ],
                    [
                        0.3863539681825104,
                        -0.284533859277222,
                        0.6298317980858507,
                        1.6501537269808586,
                        -1.940522592267421,
                        0.0,
                        2.119001035737319,
                        -4.49459224836299
                    ],
                    [
                        -0.309774732031384,
                        1.5936498342672114,
                        -2.4496717951386966,
                        -1.940522592267421,
                        5.635065580508717,
                        0.0,
                        -2.723273441705038,
                        10.647254763847032
                    ],
                    [
                        0.0,
                        0.0,
                        0.0,
                        0.0,
                        0.0,
                        1e-09,
                        5.841033748153122e-10,
                        -8.373524362522601e-10
                    ],
                    [
                        0.6927277093537764,
                        -0.4956633861227477,
                        1.1402918576120382,
                        2.119001035737319,
                        -2.723273441705038,
                        5.841033748153122e-10,
                        4.028099901316699,
                        -6.8250779829492645
                    ],
                    [
                        -0.7366620810541324,
                        3.11221974112437,
                        -5.139655715040786,
                        -4.49459224836299,
                        10.647254763847032,
                        -8.373524362522601e-10,
                        -6.8250779829492645,
                        23.10075552154037
                    ]
                ],
                "mui": [
                    0.0,
                    0.0,
                    0.0,
                    0.0,
                    0.0,
                    1.0,
                    0.5841033748153122,
                    -0.8373524362522601
                ],
                "Ai": [
                    [
                        0.0,
                        0.0,
                        0.0,
                        0.0,
                        0.0,
                        0.0,
                        0.0,
                        0.0
                    ],
                    [
                        -0.8752086681715732,
                        0.0,
                        0.0,
                        0.0,
                        0.0,
                        0.0,
                        0.0,
                        0.0
                    ],
                    [
                        -0.7906471032350215,
                        -0.8069434145260771,
                        0.0,
                        0.0,
                        0.0,
                        0.0,
                        0.0,
                        0.0
                    ],
                    [
                        0.9912294751205182,
                        0.6230654173207892,
                        0.7056987198992642,
                        0.0,
                        0.0,
                        0.0,
                        0.0,
                        0.0
                    ],
                    [
                        0.6238137871145456,
                        0.745179487857698,
                        -0.7751155917825954,
                        -0.8976825962785486,
                        0.0,
                        0.0,
                        0.0,
                        0.0
                    ],
                    [
                        0.0,
                        0.0,
                        0.0,
                        0.0,
                        0.0,
                        0.0,
                        0.0,
                        0.0
                    ],
                    [
                        0.8796491603066827,
                        0.5664928436353824,
                        0.6271520026748061,
                        0.9364771222899719,
                        -0.0,
                        0.5841033748153122,
                        0.0,
                        0.0
                    ],
                    [
                        0.9094389760511472,
                        0.8848926173626981,
                        -0.8308212223486056,
                        -0.9106167725580702,
                        0.769087893814852,
                        -0.5408055925191817,
                        -0.5076958232382129,
                        0.0
                    ]
                ]
            },
            "est_params": {
                "mui": [
                    -0.05179026364584289,
                    0.16654675316138076,
                    -0.09408224462488698,
                    -0.03270708934534682,
                    0.15807457473647657,
                    1.0000081931146467,
                    0.5896514836290992,
                    -0.5456833060183173
                ],
                "Si": [
                    [
                        1.09965401480735,
                        -0.9098762339644109,
                        -0.1824702455658795,
                        0.41330527832171216,
                        -0.18204319115177825,
                        -8.625102015822842e-06,
                        0.697569893199157,
                        -0.5371680997054001
                    ],
                    [
                        -0.9098762339644105,
                        1.7680688794059796,
                        -0.6507372651342161,
                        -0.28086211716064047,
                        1.4935037354092622,
                        2.4541607796240624e-06,
                        -0.44823749651059924,
                        2.938833458165673
                    ],
                    [
                        -0.1824702455658795,
                        -0.6507372651342161,
                        1.7137720740835107,
                        0.5876788072885843,
                        -2.479507500286745,
                        1.2992627887306755e-06,
                        1.0878449476710457,
                        -5.170689187538842
                    ],
                    [
                        0.41330527832171204,
                        -0.28086211716064047,
                        0.5876788072885843,
                        1.564992609344894,
                        -1.8081661960194066,
                        -1.0815421346487301e-05,
                        2.008652105232614,
                        -4.214126072533424
                    ],
                    [
                        -0.18204319115177825,
                        1.4935037354092622,
                        -2.479507500286745,
                        -1.8081661960194066,
                        5.530303025078736,
                        7.696966050265008e-06,
                        -2.520778437151222,
                        10.380651252268919
                    ],
                    [
                        -8.625102015822842e-06,
                        2.454160779624063e-06,
                        1.2992627887306757e-06,
                        -1.0815421346487301e-05,
                        7.696966050265008e-06,
                        1.0246300772168771e-06,
