{
    "expt_args": {
        "save_dir": "all_expt_logs/expt_logs_11.05.24-half_intv",
        "exp_name": "238",
        "num_nodes": 8,
        "obs_noise_mean": 0.0,
        "obs_noise_var": 1.0,
        "max_edge_strength": 1.0,
        "graph_sparsity_method": "adj_dense_prop",
        "adj_dense_prop": 0.8,
        "num_parents": null,
        "new_noise_mean": 1.0,
        "mix_samples": 65536,
        "stage2_samples": 65536,
        "gmm_tol": 0.001,
        "intv_type": "do",
        "new_noise_var": null,
        "intv_targets": [
            7,
            6,
            5,
            0
        ]
    },
    "intv_args_dict": {
        "7": {
            "intv_type": "do",
            "inode": 7,
            "new_mui": 1.0,
            "new_vari": null,
            "true_params": {
                "Si": [
                    [
                        1.0,
                        -0.6218145191249494,
                        -1.3762786977609045,
                        1.4509583179774284,
                        -0.4688825693815133,
                        -0.22615793057908418,
                        0.3092955912847355,
                        0.0
                    ],
                    [
                        -0.6218145191249494,
                        1.386653296194592,
                        1.63441498150618,
                        -1.8405673610304008,
                        0.7612376989820564,
                        0.5682035110973702,
                        -0.9091204011231511,
                        0.0
                    ],
                    [
                        -1.3762786977609045,
                        1.63441498150618,
                        3.5003997964037223,
                        -2.727538238614032,
                        1.0110174111820254,
                        -0.14923812074294784,
                        -0.2776952450166893,
                        0.0
                    ],
                    [
                        1.4509583179774284,
                        -1.8405673610304008,
                        -2.727538238614032,
                        3.9857627698011426,
                        -0.6208534376247887,
                        -0.26506981166790544,
                        1.6734250152194745,
                        0.0
                    ],
                    [
                        -0.4688825693815133,
                        0.7612376989820564,
                        1.0110174111820254,
                        -0.6208534376247887,
                        1.6906450104039146,
                        1.4673109255466548,
                        -0.42519289507241065,
                        0.0
                    ],
                    [
                        -0.22615793057908418,
                        0.5682035110973702,
                        -0.14923812074294784,
                        -0.26506981166790544,
                        1.4673109255466548,
                        2.940615447425892,
                        -1.7741687383868632,
                        0.0
                    ],
                    [
                        0.3092955912847355,
                        -0.9091204011231511,
                        -0.2776952450166893,
                        1.6734250152194745,
                        -0.42519289507241065,
                        -1.7741687383868632,
                        3.253039001695218,
                        0.0
                    ],
                    [
                        0.0,
                        0.0,
                        0.0,
                        0.0,
                        0.0,
                        0.0,
                        0.0,
                        1e-09
                    ]
                ],
                "mui": [
                    0.0,
                    0.0,
                    0.0,
                    0.0,
                    0.0,
                    0.0,
                    0.0,
                    1.0
                ],
                "Ai": [
                    [
                        0.0,
                        0.0,
                        0.0,
                        0.0,
                        0.0,
                        0.0,
                        0.0,
                        0.0
                    ],
                    [
                        -0.6218145191249494,
                        0.0,
                        0.0,
                        0.0,
                        0.0,
                        0.0,
                        0.0,
                        0.0
                    ],
                    [
                        -0.8921184269566806,
                        0.7786249048760714,
                        0.0,
                        0.0,
                        0.0,
                        0.0,
                        0.0,
                        0.0
                    ],
                    [
                        0.8674846257481663,
                        -0.9383404122669207,
                        -0.0,
                        0.0,
                        0.0,
                        0.0,
                        0.0,
                        0.0
                    ],
                    [
                        -0.6107404474415159,
                        0.9390329661164079,
                        0.0,
                        0.5001950788909169,
                        0.0,
                        0.0,
                        0.0,
                        0.0
                    ],
                    [
                        -0.5039710533082151,
                        0.6093857439665524,
                        -0.7934151827933782,
                        -0.0,
                        0.9282119168076454,
                        0.0,
                        0.0,
                        0.0
                    ],
                    [
                        -0.5680418897700048,
                        -0.0,
                        0.0,
                        0.6619135287834987,
                        0.6064201821969832,
                        -0.8899462129075201,
                        0.0,
                        0.0
                    ],
                    [
                        0.0,
                        0.0,
                        0.0,
                        0.0,
                        0.0,
                        0.0,
                        0.0,
                        0.0
                    ]
                ]
            },
            "est_params": {
                "mui": [
                    -0.016126882860669597,
                    0.017646857585350704,
                    0.03171758816350367,
                    -0.049386653540177516,
                    -0.0008192989698926821,
                    -0.0035906084530706985,
                    -0.026785039082719012,
                    1.0000001977837867
                ],
                "Si": [
                    [
                        1.0076762439797873,
                        -0.6194527295250956,
                        -1.3996305445109223,
                        1.4587376726895087,
                        -0.465285501640038,
                        -0.20032034551922123,
                        0.2905426754711862,
                        -1.0529258529217396e-06
                    ],
                    [
                        -0.6194527295250956,
                        1.3950742062289083,
                        1.6308311190813116,
                        -1.8471899595526846,
                        0.7669726335182155,
                        0.5706931129507362,
                        -0.9182956203953445,
                        -1.6302671857758627e-07
                    ],
                    [
                        -1.3996305445109225,
                        1.6308311190813116,
                        3.5265342246860927,
                        -2.750674601120164,
                        1.0112777118425371,
                        -0.19062538667043338,
                        -0.24601796655445146,
                        -9.150830971347514e-07
                    ],
                    [
                        1.4587376726895087,
                        -1.8471899595526846,
                        -2.750674601120164,
                        3.9838069522999326,
                        -0.6208053885560493,
                        -0.23610497256023483,
                        1.6463762238362813,
                        1.8950804034287798e-07
                    ],
                    [
                        -0.46528550164003796,
                        0.7669726335182155,
                        1.0112777118425371,
                        -0.6208053885560493,
                        1.7151042453973022,
                        1.4883388693644193,
                        -0.4260708508176859,
                        -1.978301847515307e-07
                    ],
                    [
                        -0.20032034551922123,
                        0.5706931129507362,
                        -0.19062538667043338,
                        -0.23610497256023483,
                        1.4883388693644193,
                        2.9965405256321214,
                        -1.795298682050067,
                        8.096874808216013e-07
                    ],
                    [
                        0.2905426754711862,
                        -0.9182956203953445,
                        -0.24601796655445143,
                        1.6463762238362811,
                        -0.4260708508176859,
                        -1.795298682050067,
                        3.2656203860659767,
                        -9.704765478621049e-07
                    ],
                    [
                        -1.0529258529217388e-06,
                        -1.6302671857758627e-07,
                        -9.150830971347514e-07,
                        1.8950804034287792e-07,
                        -1.9783018475153075e-07,
                        8.096874808216013e-07,
                        -9.704765478621049e-07,
                        1.0081818381273755e-06
                    ]
                ]
            },
            "est_tgt": [
                7
            ],
            "oracle_est_tgt": [
                7
            ],
            "intv_base_est_tgt": [
                5,
                6,
                7
            ]
        },
        "6": {
            "intv_type": "do",
            "inode": 6,
            "new_mui": 1.0,
            "new_vari": null,
            "true_params": {
                "Si": [
                    [
                        1.0,
                        -0.6218145191249494,
                        -1.3762786977609045,
                        1.4509583179774284,
                        -0.4688825693815133,
                        -0.22615793057908418,
                        0.0,
                        -0.9589751661727146
                    ],
                    [
                        -0.6218145191249494,
                        1.386653296194592,
                        1.63441498150618,
                        -1.8405673610304008,
                        0.7612376989820564,
                        0.5682035110973702,
                        0.0,
                        0.2182484957004167
                    ],
                    [
                        -1.3762786977609045,
                        1.63441498150618,
                        3.5003997964037223,
                        -2.727538238614032,
                        1.0110174111820254,
                        -0.14923812074294784,
                        0.0,
                        1.901813547217791
                    ],
                    [
                        1.4509583179774284,
                        -1.8405673610304008,
                        -2.727538238614032,
                        3.9857627698011426,
                        -0.6208534376247887,
                        -0.26506981166790544,
                        0.0,
                        -1.3641684549524031
                    ],
                    [
                        -0.4688825693815133,
                        0.7612376989820564,
                        1.0110174111820254,
                        -0.6208534376247887,
                        1.6906450104039146,
                        1.4673109255466548,
                        0.0,
                        -0.546429171636827
                    ],
                    [
                        -0.22615793057908418,
                        0.5682035110973702,
                        -0.14923812074294784,
                        -0.26506981166790544,
                        1.4673109255466548,
                        2.940615447425892,
                        0.0,
                        -1.3998365654948968
                    ],
                    [
                        0.0,
                        0.0,
                        0.0,
                        0.0,
                        0.0,
                        0.0,
                        1e-09,
                        9.920220009776295e-10
                    ],
                    [
                        -0.9589751661727146,
                        0.2182484957004167,
                        1.901813547217791,
                        -1.3641684549524031,
                        -0.546429171636827,
                        -1.3998365654948968,
                        9.920220009776295e-10,
                        3.3664514524991183
                    ]
                ],
                "mui": [
                    0.0,
                    0.0,
                    0.0,
                    0.0,
                    0.0,
                    0.0,
                    1.0,
                    0.9920220009776295
                ],
                "Ai": [
                    [
                        0.0,
                        0.0,
                        0.0,
                        0.0,
                        0.0,
                        0.0,
                        0.0,
                        0.0
                    ],
                    [
                        -0.6218145191249494,
                        0.0,
                        0.0,
                        0.0,
                        0.0,
                        0.0,
                        0.0,
                        0.0
                    ],
                    [
                        -0.8921184269566806,
                        0.7786249048760714,
                        0.0,
                        0.0,
                        0.0,
                        0.0,
                        0.0,
                        0.0
                    ],
                    [
                        0.8674846257481663,
                        -0.9383404122669207,
                        -0.0,
                        0.0,
                        0.0,
                        0.0,
                        0.0,
                        0.0
                    ],
                    [
                        -0.6107404474415159,
                        0.9390329661164079,
                        0.0,
                        0.5001950788909169,
                        0.0,
                        0.0,
                        0.0,
                        0.0
                    ],
                    [
                        -0.5039710533082151,
                        0.6093857439665524,
                        -0.7934151827933782,
                        -0.0,
                        0.9282119168076454,
                        0.0,
                        0.0,
                        0.0
                    ],
                    [
                        0.0,
                        0.0,
                        0.0,
                        0.0,
                        0.0,
                        0.0,
                        0.0,
                        0.0
                    ],
                    [
                        -0.5280097110297135,
                        -0.7529099773428595,
                        0.8763604162771848,
                        -0.0,
                        -0.6547062780330419,
                        -0.0,
                        0.9920220009776295,
                        0.0
                    ]
                ]
            },
            "est_params": {
                "mui": [
                    -0.006918742624896362,
                    0.0009598864105025236,
                    0.005462743750826074,
                    -0.014267942325648314,
                    0.00040280554697679725,
                    -0.01259453482466906,
                    1.0000001357051125,
                    0.985795932785551
                ],
                "Si": [
                    [
                        1.0089864277968075,
                        -0.6300919108917339,
                        -1.3872465473152595,
                        1.4678759202782787,
                        -0.47601568479437073,
                        -0.21990353634789653,
                        4.4274931414008667e-07,
                        -0.9562484883931556
                    ],
                    [
                        -0.6300919108917339,
                        1.381927786020235,
                        1.6272796068151856,
                        -1.8386596663014194,
                        0.7483845113022074,
                        0.5545061385460135,
                        2.9780610672230364e-07,
                        0.22127497656997275
                    ],
                    [
                        -1.3872465473152595,
                        1.6272796068151856,
                        3.4922931234691026,
                        -2.7347690579589963,
                        0.9964972440273245,
                        -0.18228568503151935,
                        -2.9909289665874926e-07,
                        1.907598779684025
                    ],
                    [
                        1.4678759202782787,
                        -1.8386596663014194,
                        -2.7347690579589963,
                        4.004948891273574,
                        -0.6071627315468381,
                        -0.23973844244561823,
                        6.374692379400427e-07,
                        -1.3856015754108983
                    ],
                    [
                        -0.47601568479437073,
                        0.7483845113022074,
                        0.9964972440273245,
                        -0.6071627315468381,
                        1.6794799936941287,
                        1.4555611191485212,
                        2.1271904837259725e-06,
                        -0.5398247814080064
                    ],
                    [
                        -0.21990353634789658,
                        0.5545061385460135,
                        -0.18228568503151935,
                        -0.23973844244561826,
                        1.4555611191485216,
                        2.9554487880009237,
                        2.384965126082292e-06,
                        -1.4322720655192196
                    ],
                    [
                        4.4274931414008667e-07,
                        2.978061067223039e-07,
                        -2.9909289665874873e-07,
                        6.374692379400423e-07,
                        2.127190483725972e-06,
                        2.3849651260822917e-06,
                        1.0111028818968054e-06,
                        -2.1257777026713946e-06
                    ],
                    [
                        -0.9562484883931556,
                        0.22127497656997275,
                        1.907598779684025,
                        -1.3856015754108983,
                        -0.5398247814080065,
                        -1.4322720655192196,
                        -2.1257777026713946e-06,
                        3.376833875712064
                    ]
                ]
            },
            "est_tgt": [
                6
            ],
            "oracle_est_tgt": [
                6
            ],
            "intv_base_est_tgt": []
        },
        "5": {
            "intv_type": "do",
            "inode": 5,
            "new_mui": 1.0,
            "new_vari": null,
            "true_params": {
                "Si": [
                    [
                        1.0,
                        -0.6218145191249494,
                        -1.3762786977609045,
                        1.4509583179774284,
                        -0.4688825693815133,
                        0.0,
                        0.10802719744687772,
                        -0.8518098096014575
                    ],
                    [
                        -0.6218145191249494,
                        1.386653296194592,
                        1.63441498150618,
                        -1.8405673610304008,
                        0.7612376989820564,
                        0.0,
                        -0.40344983826129044,
                        -0.1819826201456496
                    ],
                    [
                        -1.3762786977609045,
                        1.63441498150618,
                        3.5003997964037223,
                        -2.727538238614032,
                        1.0110174111820254,
                        0.0,
                        -0.41050914539331096,
                        1.494579443385102
                    ],
                    [
                        1.4509583179774284,
                        -1.8405673610304008,
                        -2.727538238614032,
                        3.9857627698011426,
                        -0.6208534376247887,
                        0.0,
                        1.4375271401695127,
                        0.06189009509820598
                    ],
                    [
                        -0.4688825693815133,
                        0.7612376989820564,
                        1.0110174111820254,
                        -0.6208534376247887,
                        1.6906450104039146,
                        0.0,
                        0.8806349062756631,
                        0.3271800302175033
                    ],
                    [
                        0.0,
                        0.0,
                        0.0,
                        0.0,
                        0.0,
                        1e-09,
                        -8.899462129075201e-10,
                        -8.828462228909817e-10
                    ],
                    [
                        0.10802719744687772,
                        -0.40344983826129044,
                        -0.41050914539331096,
                        1.4375271401695127,
                        0.8806349062756631,
                        -8.899462129075201e-10,
                        2.4241894697920863,
                        1.7152601205128677
                    ],
                    [
                        -0.8518098096014575,
                        -0.1819826201456496,
                        1.494579443385102,
                        0.06189009509820598,
                        0.3271800302175033,
                        -8.828462228909817e-10,
                        1.7152601205128677,
                        4.383939602112752
                    ]
                ],
                "mui": [
                    0.0,
                    0.0,
                    0.0,
                    0.0,
                    0.0,
                    1.0,
                    -0.8899462129075201,
                    -0.8828462228909816
                ],
                "Ai": [
                    [
                        0.0,
                        0.0,
                        0.0,
                        0.0,
                        0.0,
                        0.0,
                        0.0,
                        0.0
                    ],
                    [
                        -0.6218145191249494,
                        0.0,
                        0.0,
                        0.0,
                        0.0,
                        0.0,
                        0.0,
                        0.0
                    ],
                    [
                        -0.8921184269566806,
                        0.7786249048760714,
                        0.0,
                        0.0,
                        0.0,
                        0.0,
                        0.0,
                        0.0
                    ],
                    [
                        0.8674846257481663,
                        -0.9383404122669207,
                        -0.0,
                        0.0,
                        0.0,
                        0.0,
                        0.0,
                        0.0
                    ],
                    [
                        -0.6107404474415159,
                        0.9390329661164079,
                        0.0,
                        0.5001950788909169,
                        0.0,
                        0.0,
                        0.0,
                        0.0
                    ],
                    [
                        0.0,
                        0.0,
                        0.0,
                        0.0,
                        0.0,
                        0.0,
                        0.0,
                        0.0
                    ],
                    [
                        -0.5680418897700048,
                        -0.0,
                        0.0,
                        0.6619135287834987,
                        0.6064201821969832,
                        -0.8899462129075201,
                        0.0,
                        0.0
                    ],
                    [
                        -0.5280097110297135,
                        -0.7529099773428595,
                        0.8763604162771848,
                        -0.0,
                        -0.6547062780330419,
                        -0.0,
                        0.9920220009776295,
                        0.0
                    ]
                ]
            },
            "est_params": {
                "mui": [
                    -0.005385828420756409,
                    0.008967936730087767,
                    2.707323371131107e-05,
                    -0.017842012351638938,
                    0.002102158166012807,
                    1.0000002000989634,
                    -0.8926420250488837,
                    -0.8938385009602307
                ],
                "Si": [
                    [
                        0.9893884935960672,
                        -0.625755911874663,
                        -1.3710134502080882,
                        1.458107022522003,
                        -0.4703899912992108,
                        -1.9510351386425821e-07,
                        0.12768726335225847,
                        -0.8250688101302022
                    ],
                    [
                        -0.625755911874663,
                        1.3984663134909132,
                        1.6475684218823334,
                        -1.8762450236528962,
                        0.7525437234780434,
                        -3.490063776687397e-07,
                        -0.43653080622388685,
                        -0.21112776572461858
                    ],
                    [
                        -1.3710134502080882,
                        1.6475684218823334,
                        3.5032808607213988,
                        -2.7523862231139162,
                        1.00682401559833,
                        8.610239214004432e-07,
                        -0.44623458422329343,
                        1.4370813781297875
                    ],
                    [
                        1.4581070225220034,
                        -1.876245023652897,
                        -2.7523862231139162,
                        4.05638340416251,
                        -0.6362656423185143,
                        9.119089634257649e-07,
                        1.4860502906930075,
                        0.12064685584232271
                    ],
                    [
                        -0.4703899912992108,
                        0.7525437234780434,
                        1.00682401559833,
                        -0.6362656423185142,
                        1.6514907957875185,
                        7.800381795461004e-07,
                        0.8343445590218612,
                        0.2923441056526187
                    ],
                    [
                        -1.9510351386425806e-07,
                        -3.490063776687398e-07,
                        8.610239214004427e-07,
                        9.119089634257649e-07,
                        7.800381795461006e-07,
                        1.0123538152446016e-06,
                        5.076978045123792e-07,
                        1.3557429312244046e-06
                    ],
                    [
                        0.12768726335225847,
                        -0.43653080622388696,
                        -0.44623458422329343,
                        1.4860502906930075,
                        0.8343445590218612,
                        5.076978045123793e-07,
                        2.4144246403760676,
                        1.7102771963247239
                    ],
                    [
                        -0.8250688101302022,
                        -0.21112776572461858,
                        1.4370813781297875,
                        0.12064685584232268,
                        0.2923441056526187,
                        1.3557429312244046e-06,
                        1.7102771963247239,
                        4.372230125467825
                    ]
                ]
            },
            "est_tgt": [
                2,
                4,
                5
            ],
            "oracle_est_tgt": [
                2,
                5
            ],
            "intv_base_est_tgt": [
                5,
                6,
                7
            ]
        },
        "0": {
            "intv_type": "do",
            "inode": 0,
            "new_mui": 1.0,
            "new_vari": null,
            "true_params": {
                "Si": [
                    [
                        1e-09,
                        -6.218145191249495e-10,
                        -1.3762786977609045e-09,
                        1.4509583179774285e-09,
                        -4.688825693815133e-10,
                        -2.2615793057908418e-10,
                        3.092955912847355e-10,
                        -6.521471348128722e-10
                    ],
                    [
                        -6.218145191249495e-10,
                        1.0000000003866534,
                        0.7786249057318615,
                        -0.9383404131691476,
                        0.469679709867578,
                        0.42757522638867157,
                        -0.7167959119532908,
                        -1.089133500378222
                    ],
                    [
                        -1.3762786977609045e-09,
                        0.7786249057318615,
                        1.6062567443874143,
                        -0.7306152162396278,
                        0.36570431983616253,
                        -0.4604944626173744,
                        0.14798168815417845,
                        0.7287975460431331
                    ],
                    [
                        1.4509583179774285e-09,
                        -0.9383404131691476,
                        -0.7306152162396278,
                        1.8804827313985348,
                        0.0594756258936176,
                        0.06307591855423278,
                        1.2246500047799156,
                        1.2421442859872862
                    ],
                    [
                        -4.688825693815133e-10,
                        0.469679709867578,
                        0.36570431983616253,
                        0.0594756258936176,
                        1.4707941467539558,
                        1.3612694140767694,
                        -0.2801695836774728,
                        -1.2740103020881024
                    ],
                    [
                        -2.2615793057908418e-10,
                        0.42757522638867157,
                        -0.4604944626173744,
                        0.06307591855423278,
                        1.3612694140767694,
                        2.889468037913226,
                        -1.7042190875946228,
                        -3.307339233716259
                    ],
                    [
                        3.092955912847355e-10,
                        -0.7167959119532908,
                        0.14798168815417845,
                        1.2246500047799156,
                        -0.2801695836774728,
                        -1.7042190875946228,
                        3.1573752390027074,
                        3.984982575277324
                    ],
                    [
                        -6.521471348128722e-10,
                        -1.089133500378222,
                        0.7287975460431331,
                        1.2421442859872862,
                        -1.2740103020881024,
                        -3.307339233716259,
                        3.984982575277324,
                        7.246001731513059
                    ]
                ],
                "mui": [
                    1.0,
                    -0.6218145191249494,
                    -1.3762786977609045,
                    1.4509583179774284,
                    -0.4688825693815133,
                    -0.22615793057908418,
                    0.3092955912847355,
                    -0.6521471348128722
                ],
                "Ai": [
                    [
                        0.0,
                        0.0,
                        0.0,
                        0.0,
                        0.0,
                        0.0,
                        0.0,
                        0.0
                    ],
                    [
                        -0.6218145191249494,
                        0.0,
                        0.0,
                        0.0,
                        0.0,
                        0.0,
                        0.0,
                        0.0
                    ],
                    [
                        -0.8921184269566806,
                        0.7786249048760714,
                        0.0,
                        0.0,
                        0.0,
                        0.0,
                        0.0,
                        0.0
                    ],
                    [
                        0.8674846257481663,
                        -0.9383404122669207,
                        -0.0,
                        0.0,
                        0.0,
                        0.0,
                        0.0,
                        0.0
                    ],
                    [
                        -0.6107404474415159,
                        0.9390329661164079,
                        0.0,
                        0.5001950788909169,
                        0.0,
                        0.0,
                        0.0,
                        0.0
                    ],
                    [
                        -0.5039710533082151,
                        0.6093857439665524,
                        -0.7934151827933782,
                        -0.0,
                        0.9282119168076454,
                        0.0,
                        0.0,
                        0.0
                    ],
                    [
                        -0.5680418897700048,
                        -0.0,
                        0.0,
                        0.6619135287834987,
                        0.6064201821969832,
                        -0.8899462129075201,
                        0.0,
                        0.0
                    ],
                    [
                        -0.5280097110297135,
                        -0.7529099773428595,
                        0.8763604162771848,
                        -0.0,
                        -0.6547062780330419,
                        -0.0,
                        0.9920220009776295,
                        0.0
                    ]
                ]
            },
            "est_params": {
                "mui": [
                    0.9999992644980401,
                    -0.6123290900269642,
                    -1.378449638707519,
                    1.4428546801246076,
                    -0.47427275619578535,
                    -0.2279812303667785,
                    0.3052989868215559,
                    -0.664075504149681
                ],
                "Si": [
                    [
                        1.0142813563477169e-06,
                        8.849833495638391e-07,
                        6.41287851688224e-07,
                        -1.3090717792192016e-06,
                        -7.3139054019515e-07,
                        -2.3929245800099588e-06,
                        9.499191260487845e-07,
                        1.269722915167177e-06
                    ],
                    [
                        8.849833495638388e-07,
                        1.0032405807141127,
                        0.7903107906762732,
                        -0.9290871446410802,
                        0.4664447872173448,
                        0.4250720399484054,
                        -0.7086144005059529,
                        -1.074887102422178
                    ],
                    [
                        6.41287851688224e-07,
                        0.7903107906762732,
                        1.631069313961358,
                        -0.7312197091496155,
                        0.3632715323243407,
                        -0.4682697367497303,
                        0.13772236723434747,
                        0.7231191262685315
                    ],
                    [
                        -1.3090717792192019e-06,
                        -0.9290871446410802,
                        -0.7312197091496156,
                        1.8746629423256538,
                        0.07653335052939317,
                        0.07533551004102874,
                        1.2178337010767548,
                        1.24042972179861
                    ],
                    [
                        -7.313905401951503e-07,
                        0.4664447872173448,
                        0.3632715323243407,
                        0.07653335052939317,
                        1.4500347045725333,
                        1.3555076548658573,
                        -0.2770214019408959,
                        -1.267718892090531
                    ],
                    [
                        -2.3929245800099588e-06,
                        0.4250720399484054,
                        -0.4682697367497303,
                        0.07533551004102874,
                        1.3555076548658573,
                        2.9188806906565716,
                        -1.725649382929234,
                        -3.329021099173073
                    ],
                    [
                        9.499191260487845e-07,
                        -0.708614400505953,
                        0.1377223672343475,
                        1.2178337010767548,
                        -0.2770214019408959,
                        -1.725649382929234,
                        3.1763852807748503,
