{
    "expt_args": {
        "save_dir": "all_expt_logs/expt_logs_11.05.24-half_intv",
        "exp_name": "175",
        "num_nodes": 4,
        "obs_noise_mean": 0.0,
        "obs_noise_var": 1.0,
        "max_edge_strength": 1.0,
        "graph_sparsity_method": "adj_dense_prop",
        "adj_dense_prop": 0.8,
        "num_parents": null,
        "new_noise_mean": 1.0,
        "mix_samples": 131072,
        "stage2_samples": 131072,
        "gmm_tol": 0.001,
        "intv_type": "do",
        "new_noise_var": null,
        "intv_targets": [
            1,
            0
        ]
    },
    "intv_args_dict": {
        "1": {
            "intv_type": "do",
            "inode": 1,
            "new_mui": 1.0,
            "new_vari": null,
            "true_params": {
                "Si": [
                    [
                        1.0,
                        0.0,
                        0.532452477098688,
                        -0.3257573510987609
                    ],
                    [
                        0.0,
                        1e-09,
                        7.708192587801066e-10,
                        -1.4350472807827048e-09
                    ],
                    [
                        0.532452477098688,
                        7.708192587801066e-10,
                        1.2835056409626913,
                        -0.7852558042250486
                    ],
                    [
                        -0.3257573510987609,
                        -1.4350472807827048e-09,
                        -0.7852558042250486,
                        1.4804238170687265
                    ]
                ],
                "mui": [
                    0.0,
                    1.0,
                    0.7708192587801066,
                    -1.4350472807827046
                ],
                "Ai": [
                    [
                        0.0,
                        0.0,
                        0.0,
                        0.0
                    ],
                    [
                        0.0,
                        0.0,
                        0.0,
                        0.0
                    ],
                    [
                        0.532452477098688,
                        0.7708192587801066,
                        0.0,
                        0.0
                    ],
                    [
                        0.0,
                        -0.9634558229227436,
                        -0.6118054945932443,
                        0.0
                    ]
                ]
            },
            "est_params": {
                "mui": [
                    -0.0003626022267367329,
                    0.9999997801819126,
                    0.7744582568956666,
                    -1.4383775993299308
                ],
                "Si": [
                    [
                        0.998366070218106,
                        -6.573916584181731e-07,
                        0.5323050449230902,
                        -0.3252180760425364
                    ],
                    [
                        -6.573916584181732e-07,
                        1.010216092567692e-06,
                        -6.127985614417387e-07,
                        2.6880825409393797e-07
                    ],
                    [
                        0.5323050449230902,
                        -6.127985614417385e-07,
                        1.2772381595673035,
                        -0.7800124870466661
                    ],
                    [
                        -0.3252180760425364,
                        2.6880825409393797e-07,
                        -0.7800124870466661,
                        1.4780711487752924
                    ]
                ]
            },
            "est_tgt": [
                1
            ],
            "oracle_est_tgt": [
                1
            ],
            "intv_base_est_tgt": [
                0,
                1,
                2
            ]
        },
        "0": {
            "intv_type": "do",
            "inode": 0,
            "new_mui": 1.0,
            "new_vari": null,
            "true_params": {
                "Si": [
                    [
                        1e-09,
                        8.210478291823973e-10,
                        1.165331956212079e-09,
                        -1.5039998057595026e-09
                    ],
                    [
                        8.210478291823973e-10,
                        1.0000000006741194,
                        0.7708192597368999,
                        -1.4350472820175604
                    ],
                    [
                        1.165331956212079e-09,
                        0.7708192597368999,
                        1.5941623310643114,
                        -1.7179675776332353
                    ],
                    [
                        -1.5039998057595026e-09,
                        -1.4350472820175604,
                        -1.7179675776332353,
                        3.433666663558334
                    ]
                ],
                "mui": [
                    1.0,
                    0.8210478291823973,
                    1.165331956212079,
                    -1.5039998057595025
                ],
                "Ai": [
                    [
                        0.0,
                        0.0,
                        0.0,
                        0.0
                    ],
                    [
                        0.8210478291823973,
                        0.0,
                        0.0,
                        0.0
                    ],
                    [
                        0.532452477098688,
                        0.7708192587801066,
                        0.0,
                        0.0
                    ],
                    [
                        0.0,
                        -0.9634558229227436,
                        -0.6118054945932443,
                        0.0
                    ]
                ]
            },
            "est_params": {
                "mui": [
                    0.9999998994906683,
                    0.8182709087189093,
                    1.1765180432362425,
                    -1.5105240542960654
                ],
                "Si": [
                    [
                        1.0123434270806423e-06,
                        -8.53341253616677e-08,
                        -7.178245535517914e-07,
                        2.9977981054179446e-07
                    ],
                    [
                        -8.533412536166776e-08,
                        1.0024562564219879,
                        0.7771140237218436,
                        -1.4364821665325975
                    ],
                    [
                        -7.178245535517914e-07,
                        0.7771140237218436,
                        1.5920809942298104,
                        -1.7256151624032086
                    ],
                    [
                        2.9977981054179436e-07,
                        -1.4364821665325975,
                        -1.7256151624032086,
                        3.436896776138937
                    ]
                ]
            },
            "est_tgt": [
                0
            ],
            "oracle_est_tgt": [
                0
            ],
            "intv_base_est_tgt": []
        },
        "obs": {
            "intv_type": "obs",
            "true_params": {
                "Si": [
                    [
                        1.0,
                        0.8210478291823973,
                        1.165331956212079,
                        -1.5039998057595025
                    ],
                    [
                        0.8210478291823973,
                        1.674119537805127,
                        1.7276125317049105,
                        -2.6699030563922914
                    ],
                    [
                        1.165331956212079,
                        1.7276125317049105,
                        2.952160897875384,
                        -3.4706266116688838
                    ],
                    [
                        -1.5039998057595025,
                        -2.6699030563922914,
                        -3.4706266116688838,
                        5.6956820770209395
                    ]
                ],
                "mui": [
                    0.0,
                    0.0,
                    0.0,
                    0.0
                ],
                "Ai": [
                    [
                        0.0,
                        0.0,
                        0.0,
                        0.0
                    ],
                    [
                        0.8210478291823973,
                        0.0,
                        0.0,
                        0.0
                    ],
                    [
                        0.532452477098688,
                        0.7708192587801066,
                        0.0,
                        0.0
                    ],
                    [
                        0.0,
                        -0.9634558229227436,
                        -0.6118054945932443,
                        0.0
                    ]
                ]
            },
            "est_params": {
                "mui": [
                    0.020628977234109207,
                    0.059573747755775765,
                    0.06257178713890299,
                    -0.1037838367354349
                ],
                "Si": [
                    [
                        1.1607496257170318,
                        1.1089490653381864,
                        1.5048615373923973,
                        -1.9964715501014536
                    ],
                    [
                        1.1089490653381862,
                        2.1931508728465925,
                        2.326567476255019,
                        -3.56402607879436
                    ],
                    [
                        1.5048615373923973,
                        2.326567476255019,
                        3.6328738101542775,
                        -4.484804089044484
                    ],
                    [
                        -1.9964715501014536,
                        -3.56402607879436,
                        -4.484804089044484,
                        7.178328403291558
                    ]
                ]
            },
            "est_tgt": [
                0,
                1,
                3
            ],
            "oracle_est_tgt": [],
            "intv_base_est_tgt": [
                0,
                1,
                2,
                3
            ]
        }
    },
    "metric_dict": {
        "param_est_rel_err": 10.432477671245005,
        "est_dag": {
            "amat": [
                [
                    0,
                    1,
                    1,
                    0
                ],
                [
                    0,
                    0,
                    1,
                    1
                ],
                [
                    0,
                    0,
                    0,
                    1
                ],
                [
                    0,
                    0,
                    0,
                    0
                ]
            ],
            "nodes": [
                0,
                1,
                2,
                3
            ]
        },
        "oracle_est_dag": {
            "amat": [
                [
                    0,
                    1,
                    1,
                    0
                ],
                [
                    0,
                    0,
                    1,
                    1
                ],
                [
                    0,
                    0,
                    0,
                    1
                ],
                [
                    0,
                    0,
                    0,
                    0
                ]
            ],
            "nodes": [
                0,
                1,
                2,
                3
            ]
        },
        "igsp_dag": {
            "amat": [
                [
                    0,
                    1,
                    1,
                    0
                ],
                [
                    0,
                    0,
                    1,
                    1
                ],
                [
                    0,
                    0,
                    0,
                    1
                ],
                [
                    0,
                    0,
                    0,
                    0
                ]
            ],
            "nodes": [
                0,
                1,
                2,
                3
            ]
        },
        "intv_base_est_dag": {
            "amat": [
                [
                    0,
                    0,
                    0,
                    0
                ],
                [
                    0,
                    0,
                    0,
                    1
                ],
                [
                    0,
                    1,
                    0,
                    1
                ],
                [
                    0,
                    0,
                    0,
                    0
                ]
            ],
            "nodes": [
                0,
                1,
                2,
                3
            ]
        },
        "act_dag": {
            "amat": [
                [
                    0,
                    1,
                    1,
                    0
                ],
                [
                    0,
                    0,
                    1,
                    1
                ],
                [
                    0,
                    0,
                    0,
                    1
                ],
                [
                    0,
                    0,
                    0,
                    0
                ]
            ],
            "nodes": [
                0,
                1,
                2,
                3
            ]
        },
        "shd": 0,
        "oracle_shd": 0,
        "intv_base_shd": 3,
        "igsp_shd": 0,
        "avg_js": 0.6666666666666666,
        "avg_oracle_js": 1.0,
        "avg_intv_base_js": 0.1111111111111111
    }
}