{
    "expt_args": {
        "save_dir": "all_expt_logs/expt_logs_11.05.24-half_intv",
        "exp_name": "63",
        "num_nodes": 6,
        "obs_noise_mean": 0.0,
        "obs_noise_var": 1.0,
        "max_edge_strength": 1.0,
        "graph_sparsity_method": "adj_dense_prop",
        "adj_dense_prop": 0.8,
        "num_parents": null,
        "new_noise_mean": 1.0,
        "mix_samples": 131072,
        "stage2_samples": 131072,
        "gmm_tol": 0.001,
        "intv_type": "do",
        "new_noise_var": null,
        "intv_targets": [
            4,
            5,
            3
        ]
    },
    "intv_args_dict": {
        "4": {
            "intv_type": "do",
            "inode": 4,
            "new_mui": 1.0,
            "new_vari": null,
            "true_params": {
                "Si": [
                    [
                        1.0,
                        0.9585838234864312,
                        1.8007092375004041,
                        0.500306936770089,
                        0.0,
                        0.5302226271220631
                    ],
                    [
                        0.9585838234864312,
                        1.9188829466498656,
                        2.583152237923298,
                        0.35283440450368125,
                        0.0,
                        -0.4544775331964096
                    ],
                    [
                        1.8007092375004041,
                        2.583152237923298,
                        4.977039595859736,
                        1.4273073034843144,
                        0.0,
                        0.6557290435914643
                    ],
                    [
                        0.500306936770089,
                        0.35283440450368125,
                        1.4273073034843144,
                        1.669634786154269,
                        0.0,
                        1.5497285832250867
                    ],
                    [
                        0.0,
                        0.0,
                        0.0,
                        0.0,
                        1e-09,
                        -8.681790364807766e-10
                    ],
                    [
                        0.5302226271220631,
                        -0.4544775331964096,
                        0.6557290435914643,
                        1.5497285832250867,
                        -8.681790364807766e-10,
                        3.1709280929208226
                    ]
                ],
                "mui": [
                    0.0,
                    0.0,
                    0.0,
                    0.0,
                    1.0,
                    -0.8681790364807765
                ],
                "Ai": [
                    [
                        0.0,
                        0.0,
                        0.0,
                        0.0,
                        0.0,
                        0.0
                    ],
                    [
                        0.9585838234864312,
                        0.0,
                        0.0,
                        0.0,
                        0.0,
                        0.0
                    ],
                    [
                        0.9791822988383618,
                        0.8570214920528243,
                        0.0,
                        0.0,
                        0.0,
                        0.0
                    ],
                    [
                        0.0,
                        -0.6709851808472378,
                        0.6350289392176853,
                        0.0,
                        0.0,
                        0.0
                    ],
                    [
                        0.0,
                        0.0,
                        0.0,
                        0.0,
                        0.0,
                        0.0
                    ],
                    [
                        0.9379994959252494,
                        -0.8577425305102244,
                        0.0,
                        0.8283739744561723,
                        -0.8681790364807765,
                        0.0
                    ]
                ]
            },
            "est_params": {
                "mui": [
                    -0.00617114928881683,
                    0.00038770593696844463,
                    0.0004118172692242447,
                    -0.006800573055910675,
                    1.000000133621155,
                    -0.8771284055086543
                ],
                "Si": [
                    [
                        0.9981781289716315,
                        0.9434790339640461,
                        1.7799624150110152,
                        0.49504987798112304,
                        3.301198734238513e-07,
                        0.5420220439467245
                    ],
                    [
                        0.943479033964046,
                        1.8857241614310243,
                        2.5354695381362595,
                        0.3468630898562157,
                        1.0154055906419898e-06,
                        -0.43999582379576013
                    ],
                    [
                        1.7799624150110152,
                        2.5354695381362595,
                        4.910669151011606,
                        1.4204913208340966,
                        1.0462062192078638e-06,
                        0.6791591344137243
                    ],
                    [
                        0.495049877981123,
                        0.3468630898562157,
                        1.4204913208340966,
                        1.6726389891950058,
                        -6.704828222427079e-07,
                        1.555488152793524
                    ],
                    [
                        3.301198734238512e-07,
                        1.01540559064199e-06,
                        1.0462062192078636e-06,
                        -6.704828222427078e-07,
                        1.0119866473542401e-06,
                        -1.8264409729559495e-06
                    ],
                    [
                        0.5420220439467245,
                        -0.4399958237957601,
                        0.6791591344137243,
                        1.5554881527935245,
                        -1.8264409729559493e-06,
                        3.188039871136802
                    ]
                ]
            },
            "est_tgt": [
                4
            ],
            "oracle_est_tgt": [
                4
            ],
            "intv_base_est_tgt": [
                4,
                5
            ]
        },
        "5": {
            "intv_type": "do",
            "inode": 5,
            "new_mui": 1.0,
            "new_vari": null,
            "true_params": {
                "Si": [
                    [
                        1.0,
                        0.9585838234864312,
                        1.8007092375004041,
                        0.500306936770089,
                        0.46486568889008495,
                        0.0
                    ],
                    [
                        0.9585838234864312,
                        1.9188829466498656,
                        2.583152237923298,
                        0.35283440450368125,
                        0.42552803028108677,
                        0.0
                    ],
                    [
                        1.8007092375004041,
                        2.583152237923298,
                        4.977039595859736,
                        1.4273073034843144,
                        0.7393493230719662,
                        0.0
                    ],
                    [
                        0.500306936770089,
                        0.35283440450368125,
                        1.4273073034843144,
                        1.669634786154269,
                        1.035037597479206,
                        0.0
                    ],
                    [
                        0.46486568889008495,
                        0.42552803028108677,
                        0.7393493230719662,
                        1.035037597479206,
                        1.947278035267861,
                        0.0
                    ],
                    [
                        0.0,
                        0.0,
                        0.0,
                        0.0,
                        0.0,
                        1e-09
                    ]
                ],
                "mui": [
                    0.0,
                    0.0,
                    0.0,
                    0.0,
                    0.0,
                    1.0
                ],
                "Ai": [
                    [
                        0.0,
                        0.0,
                        0.0,
                        0.0,
                        0.0,
                        0.0
                    ],
                    [
                        0.9585838234864312,
                        0.0,
                        0.0,
                        0.0,
                        0.0,
                        0.0
                    ],
                    [
                        0.9791822988383618,
                        0.8570214920528243,
                        0.0,
                        0.0,
                        0.0,
                        0.0
                    ],
                    [
                        0.0,
                        -0.6709851808472378,
                        0.6350289392176853,
                        0.0,
                        0.0,
                        0.0
                    ],
                    [
                        0.5629677970344387,
                        0.6199710066237143,
                        -0.6209684905554179,
                        0.8510523834912256,
                        0.0,
                        0.0
                    ],
                    [
                        0.0,
                        0.0,
                        0.0,
                        0.0,
                        0.0,
                        0.0
                    ]
                ]
            },
            "est_params": {
                "mui": [
                    0.0029969592109983846,
                    0.002250327880370674,
                    -0.0030857779123319427,
                    -0.0049549813243685275,
                    0.010046684494863798,
                    1.0000001901024271
                ],
                "Si": [
                    [
                        1.0154780840823732,
                        0.9758854091791016,
                        1.8222145749576475,
                        0.4967757280871325,
                        0.4656552084367459,
                        2.034377990717424e-07
                    ],
                    [
                        0.9758854091791016,
                        1.9498342449389454,
                        2.618412184650473,
                        0.3543782558788846,
                        0.43152829062614323,
                        9.824166484283663e-07
                    ],
                    [
                        1.8222145749576475,
                        2.618412184650473,
                        5.027490459833299,
                        1.434193922760623,
                        0.7376710404313694,
                        1.6083395359281663e-06
                    ],
                    [
                        0.49677572808713255,
                        0.35437825587888466,
                        1.434193922760623,
                        1.6615692332152163,
                        1.0186865398859337,
                        2.690582671069941e-08
                    ],
                    [
                        0.4656552084367459,
                        0.43152829062614323,
                        0.7376710404313694,
                        1.0186865398859337,
                        1.940142339622459,
                        -2.1457388991180256e-08
                    ],
                    [
                        2.0343779907174238e-07,
                        9.824166484283663e-07,
                        1.6083395359281667e-06,
                        2.690582671069962e-08,
                        -2.1457388991180454e-08,
                        1.0105599577394509e-06
                    ]
                ]
            },
            "est_tgt": [
                5
            ],
            "oracle_est_tgt": [
                5
            ],
            "intv_base_est_tgt": []
        },
        "3": {
            "intv_type": "do",
            "inode": 3,
            "new_mui": 1.0,
            "new_vari": null,
            "true_params": {
                "Si": [
                    [
                        1.0,
                        0.9585838234864312,
                        1.8007092375004041,
                        0.0,
                        0.03907827787470682,
                        0.08185443982924062
                    ],
                    [
                        0.9585838234864312,
                        1.9188829466498656,
                        2.583152237923298,
                        0.0,
                        0.12524746935052156,
                        -0.8554935984423923
                    ],
                    [
                        1.8007092375004041,
                        2.583152237923298,
                        4.977039595859736,
                        0.0,
                        -0.47536395953279387,
                        -0.1139141558012916
                    ],
                    [
                        0.0,
                        0.0,
                        0.0,
                        1e-09,
                        8.510523834912256e-10,
                        8.950813616209175e-11
                    ],
                    [
                        0.03907827787470682,
                        0.12524746935052156,
                        -0.47536395953279387,
                        8.510523834912256e-10,
                        1.394835652797155,
                        -1.2817417487420957
                    ],
                    [
                        0.08185443982924062,
                        -0.8554935984423923,
                        -0.1139141558012916,
                        8.950813616209175e-11,
                        -1.2817417487420957,
                        2.9233539837765914
                    ]
                ],
                "mui": [
                    0.0,
                    0.0,
                    0.0,
                    1.0,
                    0.8510523834912256,
                    0.08950813616209174
                ],
                "Ai": [
                    [
                        0.0,
                        0.0,
                        0.0,
                        0.0,
                        0.0,
                        0.0
                    ],
                    [
                        0.9585838234864312,
                        0.0,
                        0.0,
                        0.0,
                        0.0,
                        0.0
                    ],
                    [
                        0.9791822988383618,
                        0.8570214920528243,
                        0.0,
                        0.0,
                        0.0,
                        0.0
                    ],
                    [
                        0.0,
                        0.0,
                        0.0,
                        0.0,
                        0.0,
                        0.0
                    ],
                    [
                        0.5629677970344387,
                        0.6199710066237143,
                        -0.6209684905554179,
                        0.8510523834912256,
                        0.0,
                        0.0
                    ],
                    [
                        0.9379994959252494,
                        -0.8577425305102244,
                        0.0,
                        0.8283739744561723,
                        -0.8681790364807765,
                        0.0
                    ]
                ]
            },
            "est_params": {
                "mui": [
                    -0.002044585963986629,
                    0.00657562861278905,
                    0.005503876263631393,
                    1.0000006192274582,
                    0.8408309261199309,
                    0.09900433379797836
                ],
                "Si": [
                    [
                        1.0007585705735782,
                        0.958732421119098,
                        1.8056011318357883,
                        2.692284009037682e-08,
                        0.05248583637559045,
                        0.07514012356410672
                    ],
                    [
                        0.958732421119098,
                        1.9207688218449392,
                        2.6014374873888197,
                        8.918148125969347e-07,
                        0.1336728289350037,
                        -0.8612513786811022
                    ],
                    [
                        1.8056011318357885,
                        2.6014374873888197,
                        5.012813906025457,
                        1.1845256502916666e-06,
                        -0.45006925295448635,
                        -0.14157154719527187
                    ],
                    [
                        2.692284009037661e-08,
                        8.918148125969347e-07,
                        1.1845256502916668e-06,
                        1.0129819378881292e-06,
                        -1.3743132191247864e-07,
                        -1.0444016320255386e-06
                    ],
                    [
                        0.05248583637559045,
                        0.1336728289350037,
                        -0.45006925295448635,
                        -1.3743132191247893e-07,
                        1.3852569794313074,
                        -1.2716328467752547
                    ],
                    [
                        0.07514012356410674,
                        -0.8612513786811022,
                        -0.14157154719527185,
                        -1.0444016320255381e-06,
                        -1.2716328467752547,
                        2.9216431321168277
                    ]
                ]
            },
            "est_tgt": [
                3
            ],
            "oracle_est_tgt": [
                3
            ],
            "intv_base_est_tgt": [
                3,
                5
            ]
        },
        "obs": {
            "intv_type": "obs",
            "true_params": {
                "Si": [
                    [
                        1.0,
                        0.9585838234864312,
                        1.8007092375004041,
                        0.500306936770089,
                        0.46486568889008495,
                        0.12663598124849673
                    ],
                    [
                        0.9585838234864312,
                        1.9188829466498656,
                        2.583152237923298,
                        0.35283440450368125,
                        0.42552803028108677,
                        -0.8239120485214062
                    ],
                    [
                        1.8007092375004041,
                        2.583152237923298,
                        4.977039595859736,
                        1.4273073034843144,
                        0.7393493230719662,
                        0.013841460664130278
                    ],
                    [
                        0.500306936770089,
                        0.35283440450368125,
                        1.4273073034843144,
                        1.669634786154269,
                        1.035037597479206,
                        0.6511306391242117
                    ],
                    [
                        0.46486568889008495,
                        0.42552803028108677,
                        0.7393493230719662,
                        1.035037597479206,
                        1.947278035267861,
                        -0.7621374677281004
                    ],
                    [
                        0.12663598124849673,
                        -0.8239120485214062,
                        0.013841460664130278,
                        0.6511306391242117,
                        -0.7621374677281004,
                        3.026540339813295
                    ]
                ],
                "mui": [
                    0.0,
                    0.0,
                    0.0,
                    0.0,
                    0.0,
                    0.0
                ],
                "Ai": [
                    [
                        0.0,
                        0.0,
                        0.0,
                        0.0,
                        0.0,
                        0.0
                    ],
                    [
                        0.9585838234864312,
                        0.0,
                        0.0,
                        0.0,
                        0.0,
                        0.0
                    ],
                    [
                        0.9791822988383618,
                        0.8570214920528243,
                        0.0,
                        0.0,
                        0.0,
                        0.0
                    ],
                    [
                        0.0,
                        -0.6709851808472378,
                        0.6350289392176853,
                        0.0,
                        0.0,
                        0.0
                    ],
                    [
                        0.5629677970344387,
                        0.6199710066237143,
                        -0.6209684905554179,
                        0.8510523834912256,
                        0.0,
                        0.0
                    ],
                    [
                        0.9379994959252494,
                        -0.8577425305102244,
                        0.0,
                        0.8283739744561723,
                        -0.8681790364807765,
                        0.0
                    ]
                ]
            },
            "est_params": {
                "mui": [
                    -0.6182412430109825,
                    -0.9243612980330138,
                    -1.6451125685473627,
                    -0.6337553715873498,
                    -0.5965952845997493,
                    0.2955366792938027
                ],
                "Si": [
                    [
                        0.7538189053855898,
                        0.5845099029432872,
                        1.1258389945297735,
                        0.22671915456898437,
                        0.19477009447841215,
                        0.2560457040248757
                    ],
                    [
                        0.5845099029432872,
                        1.3745269826145767,
                        1.5938543526394342,
                        -0.05729394836416463,
                        0.018057804319321295,
                        -0.6589349077034127
                    ],
                    [
                        1.1258389945297735,
                        1.5938543526394335,
                        3.1926006576894945,
                        0.6957330140288758,
                        0.01697336168744444,
                        0.3383083638752845
                    ],
                    [
                        0.22671915456898437,
                        -0.05729394836416465,
                        0.6957330140288758,
                        1.3819901357410347,
                        0.761671794943297,
                        0.7709875950926469
                    ],
                    [
                        0.19477009447841218,
                        0.018057804319321295,
                        0.01697336168744444,
                        0.761671794943297,
                        1.7095205971749552,
                        -0.6873263001959475
                    ],
                    [
                        0.2560457040248757,
                        -0.6589349077034127,
                        0.3383083638752845,
                        0.7709875950926469,
                        -0.6873263001959475,
                        3.0746431560531478
                    ]
                ]
            },
            "est_tgt": [
                0,
                1,
                2,
                3,
                4,
                5
            ],
            "oracle_est_tgt": [],
            "intv_base_est_tgt": [
                0,
                1,
                2,
                3,
                4,
                5
            ]
        }
    },
    "metric_dict": {
        "param_est_rel_err": 20.883164959816312,
        "est_dag": {
            "amat": [
                [
                    0,
                    1,
                    1,
                    0,
                    1,
                    1
                ],
                [
                    0,
                    0,
                    0,
                    1,
                    1,
                    1
                ],
                [
                    0,
                    1,
                    0,
                    1,
                    1,
                    0
                ],
                [
                    0,
                    0,
                    0,
                    0,
                    1,
                    1
                ],
                [
                    0,
                    0,
                    0,
                    0,
                    0,
                    1
                ],
                [
                    0,
                    0,
                    0,
                    0,
                    0,
                    0
                ]
            ],
            "nodes": [
                0,
                1,
                2,
                3,
                4,
                5
            ]
        },
        "oracle_est_dag": {
            "amat": [
                [
                    0,
                    0,
                    0,
                    0,
                    1,
                    1
                ],
                [
                    1,
                    0,
                    0,
                    1,
                    1,
                    1
                ],
                [
                    1,
                    1,
                    0,
                    1,
                    1,
                    0
                ],
                [
                    0,
                    0,
                    0,
                    0,
                    1,
                    1
                ],
                [
                    0,
                    0,
                    0,
                    0,
                    0,
                    1
                ],
                [
                    0,
                    0,
                    0,
                    0,
                    0,
                    0
                ]
            ],
            "nodes": [
                0,
                1,
                2,
                3,
                4,
                5
            ]
        },
        "igsp_dag": {
            "amat": [
                [
                    0,
                    0,
                    0,
                    0,
                    1,
                    1
                ],
                [
                    1,
                    0,
                    1,
                    1,
                    1,
                    1
                ],
                [
                    1,
                    0,
                    0,
                    1,
                    1,
                    0
                ],
                [
                    0,
                    0,
                    0,
                    0,
                    1,
                    1
                ],
                [
                    0,
                    0,
                    0,
                    0,
                    0,
                    1
                ],
                [
                    0,
                    0,
                    0,
                    0,
                    0,
                    0
                ]
            ],
            "nodes": [
                0,
                1,
                2,
                3,
                4,
                5
            ]
        },
        "intv_base_est_dag": {
            "amat": [
                [
                    0,
                    1,
                    1,
                    0,
                    1,
                    0
                ],
                [
                    0,
                    0,
                    0,
                    1,
                    1,
                    0
                ],
                [
                    0,
                    1,
                    0,
                    1,
                    1,
                    0
                ],
                [
                    0,
                    0,
                    0,
                    0,
                    1,
                    0
                ],
                [
                    0,
                    0,
                    0,
                    0,
                    0,
                    0
                ],
                [
                    0,
                    0,
                    0,
                    0,
                    0,
                    0
                ]
            ],
            "nodes": [
                0,
                1,
                2,
                3,
                4,
                5
            ]
        },
        "act_dag": {
            "amat": [
                [
                    0,
                    1,
                    1,
                    0,
                    1,
                    1
                ],
                [
                    0,
                    0,
                    1,
                    1,
                    1,
                    1
                ],
                [
                    0,
                    0,
                    0,
                    1,
                    1,
                    0
                ],
                [
                    0,
                    0,
                    0,
                    0,
                    1,
                    1
                ],
                [
                    0,
                    0,
                    0,
                    0,
                    0,
                    1
                ],
                [
                    0,
                    0,
                    0,
                    0,
                    0,
                    0
                ]
            ],
            "nodes": [
                0,
                1,
                2,
                3,
                4,
                5
            ]
        },
        "shd": 1,
        "oracle_shd": 3,
        "intv_base_shd": 5,
        "igsp_shd": 2,
        "avg_js": 0.75,
        "avg_oracle_js": 1.0,
        "avg_intv_base_js": 0.25
    }
}