{
    "expt_args": {
        "save_dir": "all_expt_logs/expt_logs_11.05.24-half_intv",
        "exp_name": "164",
        "num_nodes": 8,
        "obs_noise_mean": 0.0,
        "obs_noise_var": 1.0,
        "max_edge_strength": 1.0,
        "graph_sparsity_method": "adj_dense_prop",
        "adj_dense_prop": 0.8,
        "num_parents": null,
        "new_noise_mean": 1.0,
        "mix_samples": 16384,
        "stage2_samples": 16384,
        "gmm_tol": 0.001,
        "intv_type": "do",
        "new_noise_var": null,
        "intv_targets": [
            6,
            4,
            2,
            3
        ]
    },
    "intv_args_dict": {
        "6": {
            "intv_type": "do",
            "inode": 6,
            "new_mui": 1.0,
            "new_vari": null,
            "true_params": {
                "Si": [
                    [
                        1.0,
                        -0.5671189759248348,
                        -0.5921532254793747,
                        1.675604021888093,
                        0.797218157486754,
                        -2.2548475850165817,
                        0.0,
                        -1.8657355957376511
                    ],
                    [
                        -0.5671189759248348,
                        1.3216239328540333,
                        0.33582133082445076,
                        -1.6829391069527153,
                        -0.49929292625359567,
                        1.8854421659103737,
                        0.0,
                        0.8817755834152061
                    ],
                    [
                        -0.5921532254793747,
                        0.33582133082445076,
                        1.3506454424456271,
                        -1.9087051743480945,
                        -2.020881274077339,
                        3.7237656647417254,
                        0.0,
                        3.8081432442431717
                    ],
                    [
                        1.675604021888093,
                        -1.6829391069527153,
                        -1.9087051743480945,
                        5.184412968162965,
                        3.671541986310255,
                        -7.653528762064941,
                        0.0,
                        -6.387502988714243
                    ],
                    [
                        0.797218157486754,
                        -0.49929292625359567,
                        -2.020881274077339,
                        3.671541986310255,
                        4.813958517689512,
                        -7.126599239404434,
                        0.0,
                        -6.843007098941244
                    ],
                    [
                        -2.2548475850165817,
                        1.8854421659103737,
                        3.7237656647417254,
                        -7.653528762064941,
                        -7.126599239404434,
                        13.955630540209695,
                        0.0,
                        12.61408151651886
                    ],
                    [
                        0.0,
                        0.0,
                        0.0,
                        0.0,
                        0.0,
                        0.0,
                        1e-09,
                        0.0
                    ],
                    [
                        -1.8657355957376511,
                        0.8817755834152061,
                        3.8081432442431717,
                        -6.387502988714243,
                        -6.843007098941244,
                        12.61408151651886,
                        0.0,
                        13.332367125641309
                    ]
                ],
                "mui": [
                    0.0,
                    0.0,
                    0.0,
                    0.0,
                    0.0,
                    0.0,
                    1.0,
                    0.0
                ],
                "Ai": [
                    [
                        0.0,
                        0.0,
                        0.0,
                        0.0,
                        0.0,
                        0.0,
                        0.0,
                        0.0
                    ],
                    [
                        -0.5671189759248348,
                        0.0,
                        0.0,
                        0.0,
                        0.0,
                        0.0,
                        0.0,
                        0.0
                    ],
                    [
                        -0.5921532254793747,
                        -0.0,
                        0.0,
                        0.0,
                        0.0,
                        0.0,
                        0.0,
                        0.0
                    ],
                    [
                        0.7173886625741234,
                        -0.7326722700040056,
                        -0.9164908481608477,
                        0.0,
                        0.0,
                        0.0,
                        0.0,
                        0.0
                    ],
                    [
                        -0.7791803585782546,
                        0.5988140251422498,
                        -0.7407456644158134,
                        0.8816894439443466,
                        0.0,
                        0.0,
                        0.0,
                        0.0
                    ],
                    [
                        0.0,
                        0.0,
                        0.8755891535311228,
                        -0.7954400928340581,
                        -0.5061626118836748,
                        0.0,
                        0.0,
                        0.0
                    ],
                    [
                        0.0,
                        0.0,
                        0.0,
                        0.0,
                        0.0,
                        0.0,
                        0.0,
                        0.0
                    ],
                    [
                        0.0,
                        -0.622323283103387,
                        0.9473697393032138,
                        0.0,
                        0.0,
                        0.735162280107408,
                        0.0,
                        0.0
                    ]
                ]
            },
            "est_params": {
                "mui": [
                    -0.023345764599691662,
                    -0.012454668324987147,
                    0.0032802718604087464,
                    0.0018395785792800579,
                    0.014427858398430563,
                    0.01136754520203725,
                    1.0000007621402374,
                    -0.02359677705521144
                ],
                "Si": [
                    [
                        1.0057813597065148,
                        -0.5660773594111361,
                        -0.6098873869357128,
                        1.6668012747346874,
                        0.7722752880439423,
                        -2.231943889706348,
                        -3.167202230977969e-06,
                        -1.8960743687619444
                    ],
                    [
                        -0.5660773594111361,
                        1.3320147327583596,
                        0.34568558797568505,
                        -1.7242256687583684,
                        -0.5033083232356753,
                        1.92413619766516,
                        5.06435676276465e-06,
                        0.9324107511412544
                    ],
                    [
                        -0.6098873869357128,
                        0.3456855879756851,
                        1.416656777714102,
                        -1.9869234940493492,
                        -2.1144140273841847,
                        3.884649275367335,
                        8.723457683308684e-07,
                        4.000465599291509
                    ],
                    [
                        1.6668012747346874,
                        -1.7242256687583684,
                        -1.9869234940493492,
                        5.280969320869737,
                        3.7367657823941944,
                        -7.793355827571389,
                        -6.897481510571802e-06,
                        -6.597930935289821
                    ],
                    [
                        0.7722752880439423,
                        -0.5033083232356753,
                        -2.1144140273841847,
                        3.7367657823941944,
                        4.931592308641144,
                        -7.262788773333895,
                        -1.9283228312071065e-06,
                        -7.0801309217205946
                    ],
                    [
                        -2.231943889706348,
                        1.92413619766516,
                        3.884649275367335,
                        -7.793355827571389,
                        -7.262788773333893,
                        14.222171498738353,
                        7.486302300287345e-06,
                        13.003400490290698
                    ],
                    [
                        -3.1672022309779696e-06,
                        5.06435676276465e-06,
                        8.723457683308684e-07,
                        -6.897481510571802e-06,
                        -1.928322831207107e-06,
                        7.4863023002873475e-06,
                        1.0173581388300126e-06,
                        6.646840115291688e-06
                    ],
                    [
                        -1.8960743687619444,
                        0.9324107511412543,
                        4.000465599291509,
                        -6.597930935289821,
                        -7.080130921720594,
                        13.003400490290698,
                        6.646840115291687e-06,
                        13.783391142481435
                    ]
                ]
            },
            "est_tgt": [
                6
            ],
            "oracle_est_tgt": [
                4,
                6
            ],
            "intv_base_est_tgt": [
                1,
                2,
                3,
                4,
                5,
                6
            ]
        },
        "4": {
            "intv_type": "do",
            "inode": 4,
            "new_mui": 1.0,
            "new_vari": null,
            "true_params": {
                "Si": [
                    [
                        1.0,
                        -0.5671189759248348,
                        -0.5921532254793747,
                        1.675604021888093,
                        0.0,
                        -1.8513255601819956,
                        0.8138396823257621,
                        -1.5690814238866986
                    ],
                    [
                        -0.5671189759248348,
                        1.3216239328540333,
                        0.33582133082445076,
                        -1.6829391069527153,
                        0.0,
                        1.632718754262811,
                        -0.42206897302266666,
                        0.6959828638718606
                    ],
                    [
                        -0.5921532254793747,
                        0.33582133082445076,
                        1.3506454424456271,
                        -1.9087051743480945,
                        0.0,
                        2.700871120747931,
                        -0.44110260835323045,
                        3.056149758971266
                    ],
                    [
                        1.675604021888093,
                        -1.6829391069527153,
                        -1.9087051743480945,
                        5.184412968162965,
                        0.0,
                        -5.795131480633565,
                        1.2434660461232991,
                        -5.021279405951746
                    ],
                    [
                        0.0,
                        0.0,
                        0.0,
                        0.0,
                        1e-09,
                        -5.061626118836749e-10,
                        -3.7252688226201644e-10,
                        -3.7211165985752344e-10
                    ],
                    [
                        -1.8513255601819956,
                        1.632718754262811,
                        2.700871120747931,
                        -5.795131480633565,
                        -5.061626118836749e-10,
                        7.974533381609273,
                        -2.320161802151609,
                        7.4052208176337535
                    ],
                    [
                        0.8138396823257621,
                        -0.42206897302266666,
                        -0.44110260835323045,
                        1.2434660461232991,
                        -3.7252688226201644e-10,
                        -2.320161802151609,
                        2.5611740596943924,
                        -1.8609193547819165
                    ],
                    [
                        -1.5690814238866986,
                        0.6959828638718606,
                        3.056149758971266,
                        -5.021279405951746,
                        -3.7211165985752344e-10,
                        7.4052208176337535,
                        -1.8609193547819165,
                        8.906216480590228
                    ]
                ],
                "mui": [
                    0.0,
                    0.0,
                    0.0,
                    0.0,
                    1.0,
                    -0.5061626118836748,
                    -0.3725268822620164,
                    -0.3721116598575234
                ],
                "Ai": [
                    [
                        0.0,
                        0.0,
                        0.0,
                        0.0,
                        0.0,
                        0.0,
                        0.0,
                        0.0
                    ],
                    [
                        -0.5671189759248348,
                        0.0,
                        0.0,
                        0.0,
                        0.0,
                        0.0,
                        0.0,
                        0.0
                    ],
                    [
                        -0.5921532254793747,
                        -0.0,
                        0.0,
                        0.0,
                        0.0,
                        0.0,
                        0.0,
                        0.0
                    ],
                    [
                        0.7173886625741234,
                        -0.7326722700040056,
                        -0.9164908481608477,
                        0.0,
                        0.0,
                        0.0,
                        0.0,
                        0.0
                    ],
                    [
                        0.0,
                        0.0,
                        0.0,
                        0.0,
                        0.0,
                        0.0,
                        0.0,
                        0.0
                    ],
                    [
                        0.0,
                        0.0,
                        0.8755891535311228,
                        -0.7954400928340581,
                        -0.5061626118836748,
                        0.0,
                        0.0,
                        0.0
                    ],
                    [
                        0.8990470243019989,
                        0.0,
                        0.8187231923460199,
                        -0.8054372107828862,
                        -0.8507667277908463,
                        -0.9448343957074765,
                        0.0,
                        0.0
                    ],
                    [
                        0.0,
                        -0.622323283103387,
                        0.9473697393032138,
                        0.0,
                        0.0,
                        0.735162280107408,
                        0.0,
                        0.0
                    ]
                ]
            },
            "est_params": {
                "mui": [
                    -0.033028106263586585,
                    0.012988373892658498,
                    0.022987602993211596,
                    -0.08924309914488213,
                    1.0000003699853375,
                    -0.4069872181887564,
                    -0.3790936964458616,
                    -0.2942572490392001
                ],
                "Si": [
                    [
                        0.9920499015727534,
                        -0.5796867584370464,
                        -0.5871252474179546,
                        1.6730250272343707,
                        -2.3682720554988845e-07,
                        -1.8454472998931741,
                        0.8060209016749081,
                        -1.552161522883731
                    ],
                    [
                        -0.5796867584370464,
                        1.3589769185134206,
                        0.3675571365584991,
                        -1.7258073447581537,
                        1.0762553506881632e-06,
                        1.7152515621775464,
                        -0.4328398484643857,
                        0.780319821113711
                    ],
                    [
                        -0.5871252474179546,
                        0.3675571365584991,
                        1.343672503773303,
                        -1.9103110101546867,
                        6.971412303737423e-07,
                        2.669892073554771,
                        -0.397478734618438,
                        3.0022275354126373
                    ],
                    [
                        1.6730250272343707,
                        -1.7258073447581537,
                        -1.9103110101546867,
                        5.169955448088192,
                        -2.7668098995775383e-06,
                        -5.780951961153502,
                        1.230197483600721,
                        -4.96749954239171
                    ],
                    [
                        -2.3682720554988843e-07,
                        1.0762553506881634e-06,
                        6.971412303737424e-07,
                        -2.766809899577538e-06,
                        1.0023830772672074e-06,
                        3.9926327340172296e-06,
                        -6.595572725412075e-07,
                        3.9617045418032735e-06
                    ],
                    [
                        -1.8454472998931741,
                        1.7152515621775464,
                        2.669892073554771,
                        -5.780951961153502,
                        3.9926327340172296e-06,
                        7.911672755923557,
                        -2.253345473288767,
                        7.259258874019974
                    ],
                    [
                        0.8060209016749081,
                        -0.4328398484643857,
                        -0.39747873461843797,
                        1.2301974836007208,
                        -6.595572725412075e-07,
                        -2.2533454732887677,
                        2.5713845918744487,
                        -1.7783698748862944
                    ],
                    [
                        -1.552161522883731,
                        0.7803198211137108,
                        3.0022275354126373,
                        -4.96749954239171,
                        3.9617045418032735e-06,
                        7.259258874019974,
                        -1.7783698748862944,
                        8.670922107849195
                    ]
                ]
            },
            "est_tgt": [
                3,
                4
            ],
            "oracle_est_tgt": [
                1,
                4,
                5,
                6
            ],
            "intv_base_est_tgt": [
                1,
                2,
                3,
                4,
                5,
                6
            ]
        },
        "2": {
            "intv_type": "do",
            "inode": 2,
            "new_mui": 1.0,
            "new_vari": null,
            "true_params": {
                "Si": [
                    [
                        1.0,
                        -0.5671189759248348,
                        0.0,
                        1.1329010100273191,
                        -0.11991229371138015,
                        -0.8404597648060144,
                        0.8826790784321445,
                        -0.2649429740255515
                    ],
                    [
                        -0.5671189759248348,
                        1.3216239328540333,
                        0.0,
                        -1.3751619306349099,
                        0.020829156019371887,
                        1.0833159937519974,
                        -0.4435350031711881,
                        -0.026064288878191316
                    ],
                    [
                        0.0,
                        0.0,
                        1e-09,
                        -9.164908481608477e-10,
                        -1.5488059707108337e-09,
                        2.3885503943097784e-09,
                        6.177870440567821e-10,
                        2.703341893335439e-09
                    ],
                    [
                        1.1329010100273191,
                        -1.3751619306349099,
                        -9.164908481608477e-10,
                        2.8202733545936978,
                        0.7804047803290298,
                        -2.638370221735748,
                        0.5758586895676299,
                        -1.0838349813754868
                    ],
                    [
                        -0.11991229371138015,
                        0.020829156019371887,
                        -1.5488059707108337e-09,
                        0.7804047803290298,
                        1.7939807527353338,
                        -1.5288112357427415,
                        -0.8181595363069374,
                        -1.1368868241479981
                    ],
                    [
                        -0.8404597648060144,
                        1.0833159937519974,
                        2.3885503943097784e-09,
                        -2.638370221735748,
                        -1.5288112357427415,
                        3.8724925443601417,
                        -0.9887737168208677,
                        2.172737685003429
                    ],
                    [
                        0.8826790784321445,
                        -0.4435350031711881,
                        6.177870440567821e-10,
                        0.5758586895676299,
                        -0.8181595363069374,
                        -0.9887737168208677,
                        2.9600423113920162,
                        -0.450886980238268
                    ],
                    [
                        -0.2649429740255515,
                        -0.026064288878191316,
                        2.703341893335439e-09,
                        -1.0838349813754868,
                        -1.1368868241479981,
                        2.172737685003429,
                        -0.450886980238268,
                        2.6135352069699076
                    ]
                ],
                "mui": [
                    0.0,
                    0.0,
                    1.0,
                    -0.9164908481608477,
                    -1.5488059707108337,
                    2.388550394309778,
                    0.6177870440567821,
                    2.703341893335439
                ],
                "Ai": [
                    [
                        0.0,
                        0.0,
                        0.0,
                        0.0,
                        0.0,
                        0.0,
                        0.0,
                        0.0
                    ],
                    [
                        -0.5671189759248348,
                        0.0,
                        0.0,
                        0.0,
                        0.0,
                        0.0,
                        0.0,
                        0.0
                    ],
                    [
                        0.0,
                        0.0,
                        0.0,
                        0.0,
                        0.0,
                        0.0,
                        0.0,
                        0.0
                    ],
                    [
                        0.7173886625741234,
                        -0.7326722700040056,
                        -0.9164908481608477,
                        0.0,
                        0.0,
                        0.0,
                        0.0,
                        0.0
                    ],
                    [
                        -0.7791803585782546,
                        0.5988140251422498,
                        -0.7407456644158134,
                        0.8816894439443466,
                        0.0,
                        0.0,
                        0.0,
                        0.0
                    ],
                    [
                        0.0,
                        0.0,
                        0.8755891535311228,
                        -0.7954400928340581,
                        -0.5061626118836748,
                        0.0,
                        0.0,
                        0.0
                    ],
                    [
                        0.8990470243019989,
                        0.0,
                        0.8187231923460199,
                        -0.8054372107828862,
                        -0.8507667277908463,
                        -0.9448343957074765,
                        0.0,
                        0.0
                    ],
                    [
                        0.0,
                        -0.622323283103387,
                        0.9473697393032138,
                        0.0,
                        0.0,
                        0.735162280107408,
                        0.0,
                        0.0
                    ]
                ]
            },
            "est_params": {
                "mui": [
                    0.00200961685936656,
                    -0.0029931986697111046,
                    0.9999982795119797,
                    -0.9082347418480863,
                    -1.5374112005222764,
                    2.36184878984983,
                    0.6734248879696882,
                    2.6923479006763884
                ],
                "Si": [
                    [
                        0.9900118021822102,
                        -0.5791054640792626,
                        -9.747196876579126e-07,
                        1.1669767408824068,
                        -0.08986993345107147,
                        -0.8982925856067653,
                        0.8753231977814498,
                        -0.2986487023625419
                    ],
                    [
                        -0.5791054640792626,
                        1.391923005258929,
                        -1.476253951243288e-06,
                        -1.4582593070561638,
                        -0.04544699377166807,
                        1.19528798790208,
                        -0.40317387831524437,
                        0.028635997241783392
                    ],
                    [
                        -9.747196876579126e-07,
                        -1.476253951243288e-06,
                        1.0092713184915785e-06,
                        9.280964059326516e-08,
                        -3.521439498093513e-07,
                        9.118682542164877e-09,
                        -5.02362990256433e-07,
                        1.7717423856571898e-06
                    ],
                    [
                        1.1669767408824068,
                        -1.4582593070561634,
                        9.28096405932649e-08,
                        2.9307601659720417,
                        0.8125778269632606,
                        -2.754017789892523,
                        0.5693683986003716,
                        -1.1279617122071817
                    ],
                    [
                        -0.08986993345107147,
                        -0.045446993771668096,
                        -3.521439498093516e-07,
                        0.8125778269632606,
                        1.7984407291689168,
                        -1.5528065557929038,
                        -0.7788472572866583,
                        -1.106997426374925
                    ],
                    [
                        -0.8982925856067653,
                        1.19528798790208,
                        9.118682542165009e-09,
                        -2.754017789892523,
                        -1.5528065557929038,
                        3.992716461616501,
                        -1.0638436076141151,
                        2.2127384857806147
                    ],
                    [
                        0.8753231977814498,
                        -0.40317387831524437,
                        -5.023629902564329e-07,
                        0.5693683986003716,
                        -0.7788472572866583,
                        -1.0638436076141151,
                        3.0369509632224014,
                        -0.5335041636682678
                    ],
                    [
                        -0.2986487023625419,
                        0.028635997241783385,
                        1.7717423856571907e-06,
                        -1.1279617122071817,
                        -1.106997426374925,
                        2.2127384857806147,
                        -0.533504163668268,
                        2.5692868347738798
                    ]
                ]
            },
            "est_tgt": [
                2
            ],
            "oracle_est_tgt": [
                2,
                3
            ],
            "intv_base_est_tgt": [
                1,
                2,
                3,
                4,
                5,
                6
            ]
        },
        "3": {
            "intv_type": "do",
            "inode": 3,
            "new_mui": 1.0,
            "new_vari": null,
            "true_params": {
                "Si": [
                    [
                        1.0,
                        -0.5671189759248348,
                        -0.5921532254793747,
                        0.0,
                        -0.6801442208426695,
                        -0.17421936617889722,
                        1.1574899679358832,
                        -0.33613621032112395
                    ],
                    [
                        -0.5671189759248348,
                        1.3216239328540333,
                        0.33582133082445076,
                        0.0,
                        0.9845367191477392,
                        -0.2042941624649277,
                        -0.8795088471000789,
                        -0.6545197405764637
                    ],
                    [
                        -0.5921532254793747,
                        0.33582133082445076,
                        1.3506454424456271,
                        0.0,
                        -0.33799607025267053,
                        1.3536914733971452,
                        -0.418027301477902,
                        2.0657540977105686
                    ],
                    [
                        0.0,
                        0.0,
                        0.0,
                        1e-09,
                        8.816894439443466e-10,
                        -1.2417183246511937e-09,
                        -3.823310710244381e-10,
                        -9.128644748017222e-10
                    ],
                    [
                        -0.6801442208426695,
                        0.9845367191477392,
                        -0.33799607025267053,
                        8.816894439443466e-10,
                        2.369878537980946,
                        -1.4954896043822132,
                        -1.4914306525691476,
                        -2.0323349197911953
                    ],
                    [
                        -0.17421936617889722,
                        -0.2042941624649277,
                        1.3536914733971452,
                        -1.2417183246511937e-09,
                        -1.4954896043822132,
                        2.942238496520802,
                        -0.5559481319095174,
                        3.572606113875292
                    ],
                    [
                        1.1574899679358832,
                        -0.8795088471000789,
                        -0.418027301477902,
                        -3.823310710244381e-10,
                        -1.4914306525691476,
                        -0.5559481319095174,
                        3.492527758156985,
                        -0.2573996786530049
                    ],
                    [
                        -0.33613621032112395,
                        -0.6545197405764637,
                        2.0657540977105686,
                        -9.128644748017222e-10,
                        -2.0323349197911953,
                        3.572606113875292,
                        -0.2573996786530049,
                        5.990801051426356
                    ]
                ],
                "mui": [
                    0.0,
                    0.0,
                    0.0,
                    1.0,
                    0.8816894439443466,
                    -1.2417183246511936,
                    -0.3823310710244381,
                    -0.9128644748017222
                ],
                "Ai": [
                    [
                        0.0,
                        0.0,
                        0.0,
                        0.0,
                        0.0,
                        0.0,
                        0.0,
                        0.0
                    ],
                    [
                        -0.5671189759248348,
                        0.0,
                        0.0,
                        0.0,
                        0.0,
                        0.0,
                        0.0,
                        0.0
                    ],
                    [
                        -0.5921532254793747,
                        -0.0,
                        0.0,
                        0.0,
                        0.0,
                        0.0,
                        0.0,
                        0.0
                    ],
                    [
                        0.0,
                        0.0,
                        0.0,
                        0.0,
                        0.0,
                        0.0,
                        0.0,
                        0.0
                    ],
                    [
                        -0.7791803585782546,
                        0.5988140251422498,
                        -0.7407456644158134,
                        0.8816894439443466,
                        0.0,
                        0.0,
                        0.0,
                        0.0
                    ],
                    [
                        0.0,
                        0.0,
                        0.8755891535311228,
                        -0.7954400928340581,
                        -0.5061626118836748,
                        0.0,
                        0.0,
                        0.0
                    ],
                    [
                        0.8990470243019989,
                        0.0,
                        0.8187231923460199,
                        -0.8054372107828862,
                        -0.8507667277908463,
                        -0.9448343957074765,
                        0.0,
                        0.0
                    ],
                    [
                        0.0,
                        -0.622323283103387,
                        0.9473697393032138,
                        0.0,
                        0.0,
                        0.735162280107408,
                        0.0,
                        0.0
                    ]
                ]
            },
            "est_params": {
                "mui": [
                    -0.03177624889943356,
                    0.026538002015664117,
                    0.013652903551604536,
                    1.0000001720986091,
                    0.9028695756656792,
                    -1.2186457874621028,
                    -0.44097949000568726,
                    -0.9074031310557318
                ],
                "Si": [
                    [
                        0.986519333029077,
                        -0.592771827462662,
                        -0.5936804101082639,
                        1.6782272938121374e-06,
                        -0.6794982836876599,
                        -0.19740452014276896,
                        1.1598575657448622,
                        -0.33292489555202076
                    ],
                    [
                        -0.592771827462662,
                        1.3326818915660612,
                        0.370058816578097,
                        -7.684751419804132e-07,
                        0.9772445939426629,
                        -0.16316403321750286,
                        -0.8823710208212292,
                        -0.5894274239803532
                    ],
                    [
                        -0.5936804101082637,
                        0.37005881657809714,
                        1.3866496512490964,
                        3.035207075659045e-07,
                        -0.31128144105521277,
                        1.3637394123546325,
                        -0.4218568152212619,
                        2.098878413292521
                    ],
                    [
                        1.6782272938121374e-06,
                        -7.684751419804135e-07,
                        3.035207075659045e-07,
                        1.0074654353545e-06,
                        -3.4503809298209937e-06,
                        3.6557248295542104e-06,
                        -7.534475647560631e-07,
                        5.153841163755668e-06
                    ],
                    [
                        -0.6794982836876596,
                        0.9772445939426629,
                        -0.31128144105521277,
                        -3.4503809298209932e-06,
                        2.3097756346427483,
                        -1.3803499870058602,
                        -1.5154833934961893,
                        -1.9435720340712614
                    ],
                    [
                        -0.19740452014276896,
                        -0.16316403321750286,
                        1.3637394123546325,
                        3.6557248295542104e-06,
                        -1.3803499870058602,
                        2.82399745195789,
                        -0.5597411527776266,
                        3.5060045966647655
                    ],
                    [
                        1.1598575657448622,
