{
    "expt_args": {
        "save_dir": "all_expt_logs/expt_logs_11.05.24-half_intv",
        "exp_name": "211",
        "num_nodes": 8,
        "obs_noise_mean": 0.0,
        "obs_noise_var": 1.0,
        "max_edge_strength": 1.0,
        "graph_sparsity_method": "adj_dense_prop",
        "adj_dense_prop": 0.8,
        "num_parents": null,
        "new_noise_mean": 1.0,
        "mix_samples": 8192,
        "stage2_samples": 8192,
        "gmm_tol": 0.001,
        "intv_type": "do",
        "new_noise_var": null,
        "intv_targets": [
            3,
            5,
            1,
            7
        ]
    },
    "intv_args_dict": {
        "3": {
            "intv_type": "do",
            "inode": 3,
            "new_mui": 1.0,
            "new_vari": null,
            "true_params": {
                "Si": [
                    [
                        1.0,
                        0.656748126893507,
                        0.2733745131194343,
                        0.0,
                        1.47129447360652,
                        0.5819286157925945,
                        -1.442564623051166,
                        -0.02149091379329099
                    ],
                    [
                        0.656748126893507,
                        1.43131810217813,
                        -0.6993274828648794,
                        0.0,
                        1.892569348788873,
                        0.7458023110482872,
                        -2.48138116183571,
                        1.39824336541884
                    ],
                    [
                        0.2733745131194343,
                        -0.6993274828648794,
                        1.847138511941767,
                        0.0,
                        -0.4118783957895922,
                        -0.16049025408587989,
                        1.5960860071228526,
                        -2.147391085081168
                    ],
                    [
                        0.0,
                        0.0,
                        0.0,
                        1e-09,
                        -5.830701190101462e-10,
                        1.2004943758592852e-09,
                        -7.425553037953959e-11,
                        2.4031076414931274e-10
                    ],
                    [
                        1.47129447360652,
                        1.892569348788873,
                        -0.4118783957895922,
                        -5.830701190101462e-10,
                        4.022738116406304,
                        0.6249548491269081,
                        -3.0586238438348925,
                        1.5801695783691048
                    ],
                    [
                        0.5819286157925945,
                        0.7458023110482872,
                        -0.16049025408587989,
                        1.2004943758592852e-09,
                        0.6249548491269081,
                        1.7935495252396918,
                        -2.525943870651213,
                        -0.20567914626918699
                    ],
                    [
                        -1.442564623051166,
                        -2.48138116183571,
                        1.5960860071228526,
                        -7.425553037953959e-11,
                        -3.0586238438348925,
                        -2.525943870651213,
                        6.809753891895893,
                        -2.110659805194245
                    ],
                    [
                        -0.02149091379329099,
                        1.39824336541884,
                        -2.147391085081168,
                        2.4031076414931274e-10,
                        1.5801695783691048,
                        -0.20567914626918699,
                        -2.110659805194245,
                        4.18327666168552
                    ]
                ],
                "mui": [
                    0.0,
                    0.0,
                    0.0,
                    1.0,
                    -0.5830701190101462,
                    1.200494375859285,
                    -0.07425553037953958,
                    0.24031076414931274
                ],
                "Ai": [
                    [
                        0.0,
                        0.0,
                        0.0,
                        0.0,
                        0.0,
                        0.0,
                        0.0,
                        0.0
                    ],
                    [
                        0.656748126893507,
                        0.0,
                        0.0,
                        0.0,
                        0.0,
                        0.0,
                        0.0,
                        0.0
                    ],
                    [
                        0.8505679037586398,
                        -0.8788656822964924,
                        0.0,
                        0.0,
                        0.0,
                        0.0,
                        0.0,
                        0.0
                    ],
                    [
                        0.0,
                        0.0,
                        0.0,
                        0.0,
                        0.0,
                        0.0,
                        0.0,
                        0.0
                    ],
                    [
                        0.8629490388744985,
                        0.9262994591390226,
                        -0.0,
                        -0.5830701190101462,
                        0.0,
                        0.0,
                        0.0,
                        0.0
                    ],
                    [
                        0.833324214669271,
                        0.8898119030912834,
                        0.0,
                        0.8692777988376226,
                        -0.5680561672135678,
                        0.0,
                        0.0,
                        0.0
                    ],
                    [
                        -0.6886386312190536,
                        -0.6592093463259787,
                        0.6422844267534507,
                        0.9501593134182302,
                        -0.0,
                        -0.8533274827418648,
                        0.0,
                        0.0
                    ],
                    [
                        -0.0,
                        0.815454311244604,
                        -0.9002434942207783,
                        0.881757434468313,
                        0.0,
                        -0.5343187633510305,
                        -0.0,
                        0.0
                    ]
                ]
            },
            "est_params": {
                "mui": [
                    0.00466807504409264,
                    0.00061220766328602,
                    0.019249264078542747,
                    1.000000834042711,
                    -0.5520186109723599,
                    1.1545251727222754,
                    0.0059562220790306515,
                    0.2757567872608687
                ],
                "Si": [
                    [
                        1.0039497503182273,
                        0.6212259206018643,
                        0.28837187837932227,
                        -7.472015089552671e-07,
                        1.3962672682456823,
                        0.5984173505756114,
                        -1.4111121574787968,
                        -0.08745786673888833
                    ],
                    [
                        0.6212259206018643,
                        1.3658855629988063,
                        -0.714133144956931,
                        4.182109164430571e-07,
                        1.7787277271928528,
                        0.7046813770182541,
                        -2.3857053501113743,
                        1.413426159956643
                    ],
                    [
                        0.28837187837932227,
                        -0.7141331449569307,
                        1.8925330281236554,
                        9.085911934794228e-07,
                        -0.49745459723395613,
                        -0.11432625675862612,
                        1.564577264128258,
                        -2.281944206443849
                    ],
                    [
                        -7.472015089552671e-07,
                        4.182109164430577e-07,
                        9.085911934794222e-07,
                        1.0033723682340798e-06,
                        -2.3357108934455164e-06,
                        5.833354182227546e-07,
                        2.310304449436936e-06,
                        -8.504071310966885e-08
                    ],
                    [
                        1.3962672682456823,
                        1.7787277271928528,
                        -0.49745459723395613,
                        -2.3357108934455164e-06,
                        3.7884900621344113,
                        0.5713115681115402,
                        -2.9552075533940294,
                        1.5997190059726532
                    ],
                    [
                        0.5984173505756114,
                        0.7046813770182538,
                        -0.1143262567586261,
                        5.833354182227547e-07,
                        0.5713115681115403,
                        1.7057090451912282,
                        -2.3566986530959118,
                        -0.21864291057594593
                    ],
                    [
                        -1.4111121574787968,
                        -2.3857053501113743,
                        1.564577264128258,
                        2.3103044494369365e-06,
                        -2.9552075533940294,
                        -2.3566986530959118,
                        6.4589623936220315,
                        -2.16059204932169
                    ],
                    [
                        -0.08745786673888833,
                        1.413426159956643,
                        -2.281944206443849,
                        -8.504071310966912e-08,
                        1.5997190059726532,
                        -0.21864291057594593,
                        -2.1605920493216897,
                        4.4572449117145
                    ]
                ]
            },
            "est_tgt": [
                2,
                3,
                4,
                5,
                6
            ],
            "oracle_est_tgt": [
                0,
                2,
                3
            ],
            "intv_base_est_tgt": [
                1,
                2,
                3,
                4,
                6,
                7
            ]
        },
        "5": {
            "intv_type": "do",
            "inode": 5,
            "new_mui": 1.0,
            "new_vari": null,
            "true_params": {
                "Si": [
                    [
                        1.0,
                        0.656748126893507,
                        0.2733745131194343,
                        1.0561178464504017,
                        0.8555037151879451,
                        0.0,
                        0.057491265670640015,
                        1.220684227337891
                    ],
                    [
                        0.656748126893507,
                        1.43131810217813,
                        -0.6993274828648794,
                        0.21082991848887517,
                        1.7696407231246651,
                        0.0,
                        -1.6446455425263988,
                        1.9826403819984155
                    ],
                    [
                        0.2733745131194343,
                        -0.6993274828648794,
                        1.847138511941767,
                        1.2623230761353106,
                        -1.1479012620210616,
                        0.0,
                        2.6585432899318615,
                        -1.1200812820910075
                    ],
                    [
                        1.0561178464504017,
                        0.21082991848887517,
                        1.2623230761353106,
                        2.6502013719128277,
                        -0.43858570932291624,
                        0.0,
                        2.4626193683513344,
                        1.3723587915977862
                    ],
                    [
                        0.8555037151879451,
                        1.7696407231246651,
                        -1.1479012620210616,
                        -0.43858570932291624,
                        3.633199575206828,
                        0.0,
                        -2.909702012244754,
                        2.089725590321269
                    ],
                    [
                        0.0,
                        0.0,
                        0.0,
                        0.0,
                        0.0,
                        1e-09,
                        -8.533274827418648e-10,
                        -5.343187633510305e-10
                    ],
                    [
                        0.057491265670640015,
                        -1.6446455425263988,
                        2.6585432899318615,
                        2.4626193683513344,
                        -2.909702012244754,
                        -8.533274827418648e-10,
                        6.091996688472706,
                        -1.5630366622224365
                    ],
                    [
                        1.220684227337891,
                        1.9826403819984155,
                        -1.1200812820910075,
                        1.3723587915977862,
                        2.089725590321269,
                        -5.343187633510305e-10,
                        -1.5630366622224365,
                        4.835186101883949
                    ]
                ],
                "mui": [
                    0.0,
                    0.0,
                    0.0,
                    0.0,
                    0.0,
                    1.0,
                    -0.8533274827418648,
                    -0.5343187633510305
                ],
                "Ai": [
                    [
                        0.0,
                        0.0,
                        0.0,
                        0.0,
                        0.0,
                        0.0,
                        0.0,
                        0.0
                    ],
                    [
                        0.656748126893507,
                        0.0,
                        0.0,
                        0.0,
                        0.0,
                        0.0,
                        0.0,
                        0.0
                    ],
                    [
                        0.8505679037586398,
                        -0.8788656822964924,
                        0.0,
                        0.0,
                        0.0,
                        0.0,
                        0.0,
                        0.0
                    ],
                    [
                        0.9059493134425698,
                        0.0,
                        0.5493143135191426,
                        0.0,
                        0.0,
                        0.0,
                        0.0,
                        0.0
                    ],
                    [
                        0.8629490388744985,
                        0.9262994591390226,
                        -0.0,
                        -0.5830701190101462,
                        0.0,
                        0.0,
                        0.0,
                        0.0
                    ],
                    [
                        0.0,
                        0.0,
                        0.0,
                        0.0,
                        0.0,
                        0.0,
                        0.0,
                        0.0
                    ],
                    [
                        -0.6886386312190536,
                        -0.6592093463259787,
                        0.6422844267534507,
                        0.9501593134182302,
                        -0.0,
                        -0.8533274827418648,
                        0.0,
                        0.0
                    ],
                    [
                        -0.0,
                        0.815454311244604,
                        -0.9002434942207783,
                        0.881757434468313,
                        0.0,
                        -0.5343187633510305,
                        -0.0,
                        0.0
                    ]
                ]
            },
            "est_params": {
                "mui": [
                    0.036819156563733205,
                    -0.02382055375578756,
                    0.08568593165660944,
                    0.07153541181103044,
                    -0.0532785748587999,
                    0.9999969777000449,
                    -0.7610771700963661,
                    -0.5594174522801592
                ],
                "Si": [
                    [
                        1.0253369105942924,
                        0.6438144680932544,
                        0.33679785598173306,
                        1.0854521770660033,
                        0.8769330442937512,
                        -2.2181727407588954e-06,
                        0.12561443328374208,
                        1.1603277127264116
                    ],
                    [
                        0.6438144680932544,
                        1.405892278758134,
                        -0.6933966439536561,
                        0.1894279077902821,
                        1.7908586241970286,
                        -1.7786666939280332e-06,
                        -1.6063675373006983,
                        1.954682050883252
                    ],
                    [
                        0.33679785598173306,
                        -0.6933966439536561,
                        1.9220505929670095,
                        1.3719287902359882,
                        -1.1438863537094703,
                        7.991289855261748e-07,
                        2.7373066253891594,
                        -1.1358978640727528
                    ],
                    [
                        1.0854521770660033,
                        0.1894279077902821,
                        1.3719287902359882,
                        2.7417682157302217,
                        -0.45768339490116605,
                        -6.109916241819094e-07,
                        2.6460369374551878,
                        1.292419641643113
                    ],
                    [
                        0.8769330442937512,
                        1.7908586241970286,
                        -1.1438863537094703,
                        -0.45768339490116605,
                        3.7401410728924183,
                        -1.820917442295738e-06,
                        -2.895171921117572,
                        2.145606481367892
                    ],
                    [
                        -2.2181727407588958e-06,
                        -1.778666693928033e-06,
                        7.991289855261742e-07,
                        -6.109916241819092e-07,
                        -1.8209174422957373e-06,
                        1.0076914253389093e-06,
                        3.4629421993200745e-06,
                        -2.979639436094146e-06
                    ],
                    [
                        0.12561443328374208,
                        -1.606367537300698,
                        2.737306625389159,
                        2.6460369374551878,
                        -2.895171921117572,
                        3.462942199320075e-06,
                        6.1899981737273295,
                        -1.5253981524607638
                    ],
                    [
                        1.1603277127264116,
                        1.954682050883252,
                        -1.1358978640727528,
                        1.292419641643113,
                        2.145606481367892,
                        -2.9796394360941466e-06,
                        -1.5253981524607636,
                        4.775698791415215
                    ]
                ]
            },
            "est_tgt": [
                3,
                5,
                6
            ],
            "oracle_est_tgt": [
                0,
                3,
                4,
                5,
                6
            ],
            "intv_base_est_tgt": [
                1,
                2,
                4,
                5,
                6,
                7
            ]
        },
        "1": {
            "intv_type": "do",
            "inode": 1,
            "new_mui": 1.0,
            "new_vari": null,
            "true_params": {
                "Si": [
                    [
                        1.0,
                        0.0,
                        0.8505679037586398,
                        1.3731784375971632,
                        0.062289723842553976,
                        1.991613682532226,
                        -0.5370925215799924,
                        -0.6190644854724502
                    ],
                    [
                        0.0,
                        1e-09,
                        -8.788656822964925e-10,
                        -4.827734989462307e-10,
                        1.207790260624546e-09,
                        -2.159450876580888e-10,
                        -1.4981309455065803e-09,
                        1.2963418143550078e-09
                    ],
                    [
                        0.8505679037586398,
                        -8.788656822964925e-10,
                        1.7234657596767717,
                        1.7172958190970187,
                        -0.26730712338460294,
                        2.3534514191969818,
                        0.14466114216993375,
                        -1.2947937346198712
                    ],
                    [
                        1.3731784375971632,
                        -4.827734989462307e-10,
                        1.7172958190970187,
                        3.1873652367518632,
                        -0.6734744154412471,
                        4.297579974929025,
                        -0.48136969555610004,
                        -1.0317790129227329
                    ],
                    [
                        0.062289723842553976,
                        1.207790260624546e-09,
                        -0.26730712338460294,
                        -0.6734744154412471,
                        1.4464356660020818,
                        -1.3551855217006006,
                        0.30192674822826554,
                        0.3709014790975225
                    ],
                    [
                        1.991613682532226,
                        -2.159450876580888e-10,
                        2.3534514191969818,
                        4.297579974929025,
                        -1.3551855217006006,
                        7.165272261984103,
                        -1.8908550285832528,
                        -2.1577956502538056
                    ],
                    [
                        -0.5370925215799924,
                        -1.4981309455065803e-09,
                        0.14466114216993375,
                        -0.48136969555610004,
                        0.30192674822826554,
                        -1.8908550285832528,
                        2.61891692099935,
                        0.455637759437654
                    ],
                    [
                        -0.6190644854724502,
                        1.2963418143550078e-09,
                        -1.2947937346198712,
                        -1.0317790129227329,
                        0.3709014790975225,
                        -2.1577956502538056,
                        0.455637759437654,
                        2.4088015250413206
                    ]
                ],
                "mui": [
                    0.0,
                    1.0,
                    -0.8788656822964924,
                    -0.4827734989462306,
                    1.2077902606245459,
                    -0.21594508765808879,
                    -1.4981309455065803,
                    1.2963418143550076
                ],
                "Ai": [
                    [
                        0.0,
                        0.0,
                        0.0,
                        0.0,
                        0.0,
                        0.0,
                        0.0,
                        0.0
                    ],
                    [
                        0.0,
                        0.0,
                        0.0,
                        0.0,
                        0.0,
                        0.0,
                        0.0,
                        0.0
                    ],
                    [
                        0.8505679037586398,
                        -0.8788656822964924,
                        0.0,
                        0.0,
                        0.0,
                        0.0,
                        0.0,
                        0.0
                    ],
                    [
                        0.9059493134425698,
                        0.0,
                        0.5493143135191426,
                        0.0,
                        0.0,
                        0.0,
                        0.0,
                        0.0
                    ],
                    [
                        0.8629490388744985,
                        0.9262994591390226,
                        -0.0,
                        -0.5830701190101462,
                        0.0,
                        0.0,
                        0.0,
                        0.0
                    ],
                    [
                        0.833324214669271,
                        0.8898119030912834,
                        0.0,
                        0.8692777988376226,
                        -0.5680561672135678,
                        0.0,
                        0.0,
                        0.0
                    ],
                    [
                        -0.6886386312190536,
                        -0.6592093463259787,
                        0.6422844267534507,
                        0.9501593134182302,
                        -0.0,
                        -0.8533274827418648,
                        0.0,
                        0.0
                    ],
                    [
                        -0.0,
                        0.815454311244604,
                        -0.9002434942207783,
                        0.881757434468313,
                        0.0,
                        -0.5343187633510305,
                        -0.0,
                        0.0
                    ]
                ]
            },
            "est_params": {
                "mui": [
                    -0.08002171572476191,
                    0.9999985326225873,
                    -0.9441153483416845,
                    -0.6078869624389365,
                    1.2253551544401702,
                    -0.39689189242575174,
                    -1.412528199404107,
                    1.2979925439884874
                ],
                "Si": [
                    [
                        0.9524350751190983,
                        -2.3717047477378348e-06,
                        0.7857239488680532,
                        1.2931245042556452,
                        0.07871153609473824,
                        1.8520226381855363,
                        -0.4897178114338551,
                        -0.5184251824926611
                    ],
                    [
                        -2.3717047477378348e-06,
                        1.0180791640053071e-06,
                        -2.6795070366802014e-06,
                        -3.2552282125523625e-06,
                        -6.511772353241992e-07,
                        3.493910244102763e-06,
                        -7.414139231033381e-06,
                        8.430272211681552e-07
                    ],
                    [
                        0.7857239488680532,
                        -2.679507036680201e-06,
                        1.5903503132311714,
                        1.6261188171298027,
                        -0.29748711499513436,
                        2.204659731565307,
                        0.18257563542974023,
                        -1.126606737902046
                    ],
                    [
                        1.2931245042556452,
                        -3.2552282125523612e-06,
                        1.6261188171298024,
                        3.098937904489433,
                        -0.7122969781842665,
                        4.144909964616037,
                        -0.42166976689827756,
                        -0.868952763826874
                    ],
                    [
                        0.07871153609473824,
                        -6.511772353241991e-07,
                        -0.2974871149951344,
                        -0.7122969781842665,
                        1.5197874878731104,
                        -1.4067961518050454,
                        0.30452455256599903,
                        0.40446672612690093
                    ],
                    [
                        1.8520226381855363,
                        3.493910244102763e-06,
                        2.204659731565307,
                        4.144909964616037,
                        -1.4067961518050456,
                        6.904309376710854,
                        -1.8109065492732561,
                        -1.945162015277756
                    ],
                    [
                        -0.4897178114338551,
                        -7.414139231033383e-06,
                        0.18257563542974023,
                        -0.42166976689827756,
                        0.30452455256599903,
                        -1.8109065492732561,
                        2.6294014812945545,
                        0.49243154694273283
                    ],
                    [
                        -0.518425182492661,
                        8.430272211681559e-07,
                        -1.126606737902046,
                        -0.8689527638268743,
                        0.404466726126901,
                        -1.945162015277756,
                        0.4924315469427327,
                        2.2804350716618496
                    ]
                ]
            },
            "est_tgt": [
                1
            ],
            "oracle_est_tgt": [
                0,
                1,
                3
            ],
            "intv_base_est_tgt": []
        },
        "7": {
            "intv_type": "do",
            "inode": 7,
            "new_mui": 1.0,
            "new_vari": null,
            "true_params": {
                "Si": [
                    [
                        1.0,
                        0.656748126893507,
                        0.2733745131194343,
                        1.0561178464504017,
                        0.8555037151879451,
                        1.8497921507009218,
                        -1.5209872138826377,
                        0.0
                    ],
                    [
                        0.656748126893507,
                        1.43131810217813,
                        -0.6993274828648794,
                        0.21082991848887517,
                        1.7696407231246651,
                        0.9989024424570534,
                        -2.4970364492529766,
                        0.0
                    ],
                    [
                        0.2733745131194343,
                        -0.6993274828648794,
                        1.847138511941767,
                        1.2623230761353106,
                        -1.1479012620210616,
                        1.3549214993319525,
                        1.5023515375940932,
                        0.0
                    ],
                    [
                        1.0561178464504017,
                        0.21082991848887517,
                        1.2623230761353106,
                        2.6502013719128277,
                        -0.43858570932291624,
                        3.6205900780760985,
                        -0.6269296490135148,
                        0.0
                    ],
                    [
                        0.8555037151879451,
                        1.7696407231246651,
                        -1.1479012620210616,
                        -0.43858570932291624,
                        3.633199575206828,
                        -0.15755490417878404,
                        -2.7752560824682355,
                        0.0
                    ],
                    [
                        1.8497921507009218,
                        0.9989024424570534,
                        1.3549214993319525,
                        3.6205900780760985,
                        -0.15755490417878404,
                        6.667110483166297,
                        -3.3111704053481725,
                        0.0
                    ],
                    [
                        -1.5209872138826377,
                        -2.4970364492529766,
                        1.5023515375940932,
                        -0.6269296490135148,
                        -2.7752560824682355,
                        -3.3111704053481725,
                        6.888246976696709,
                        0.0
                    ],
                    [
                        0.0,
                        0.0,
                        0.0,
                        0.0,
                        0.0,
                        0.0,
                        0.0,
                        1e-09
                    ]
                ],
                "mui": [
                    0.0,
                    0.0,
                    0.0,
                    0.0,
                    0.0,
                    0.0,
                    0.0,
                    1.0
                ],
                "Ai": [
                    [
                        0.0,
                        0.0,
                        0.0,
                        0.0,
                        0.0,
                        0.0,
                        0.0,
                        0.0
                    ],
                    [
                        0.656748126893507,
                        0.0,
                        0.0,
                        0.0,
                        0.0,
                        0.0,
                        0.0,
                        0.0
                    ],
                    [
                        0.8505679037586398,
                        -0.8788656822964924,
                        0.0,
                        0.0,
                        0.0,
                        0.0,
                        0.0,
                        0.0
                    ],
                    [
                        0.9059493134425698,
                        0.0,
                        0.5493143135191426,
                        0.0,
                        0.0,
                        0.0,
                        0.0,
                        0.0
                    ],
                    [
                        0.8629490388744985,
                        0.9262994591390226,
                        -0.0,
                        -0.5830701190101462,
                        0.0,
                        0.0,
                        0.0,
                        0.0
                    ],
                    [
                        0.833324214669271,
                        0.8898119030912834,
                        0.0,
                        0.8692777988376226,
                        -0.5680561672135678,
                        0.0,
                        0.0,
                        0.0
                    ],
                    [
                        -0.6886386312190536,
                        -0.6592093463259787,
                        0.6422844267534507,
                        0.9501593134182302,
                        -0.0,
                        -0.8533274827418648,
                        0.0,
                        0.0
                    ],
                    [
                        0.0,
                        0.0,
                        0.0,
                        0.0,
                        0.0,
                        0.0,
                        0.0,
                        0.0
                    ]
                ]
            },
            "est_params": {
                "mui": [
                    0.0066568231619818395,
                    0.004109314920573996,
                    -0.005444883953941081,
                    -0.01453988412106306,
                    0.02792965506614194,
                    -0.008391924875063938,
                    -0.03816800985619138,
                    0.9999976227712182
                ],
                "Si": [
                    [
                        1.0402493574793021,
                        0.6879870785637284,
                        0.2609730504569164,
                        1.0536658957804628,
                        0.8821536051190012,
                        1.894165592790768,
                        -1.6377752007299669,
                        -2.4499266821638967e-06
                    ],
                    [
                        0.6879870785637284,
                        1.4216626001161539,
                        -0.6545797683032478,
                        0.2702570585870957,
                        1.7296601123178774,
                        1.0793659699472542,
                        -2.488957924796016,
                        1.3042626612599935e-06
                    ],
                    [
                        0.2609730504569164,
                        -0.6545797683032478,
                        1.7438094254664247,
                        1.1504537354495217,
                        -1.058872897924973,
                        1.2607989172142204,
                        1.3767345537499949,
                        -1.0238960797627567e-06
                    ],
                    [
                        1.0536658957804628,
                        0.2702570585870957,
                        1.1504537354495217,
                        2.540819558881069,
                        -0.34301167646545205,
                        3.53517762289035,
                        -0.7855482248143733,
                        -7.5277034870982e-06
                    ],
                    [
                        0.8821536051190012,
                        1.7296601123178774,
                        -1.058872897924973,
                        -0.34301167646545205,
                        3.55929153120472,
                        -0.07664152920731163,
                        -2.677724092496831,
                        7.210149806470212e-07
                    ],
                    [
                        1.894165592790768,
                        1.0793659699472542,
                        1.2607989172142207,
                        3.53517762289035,
                        -0.07664152920731163,
                        6.620322866240436,
                        -3.5130118552446037,
                        -8.373606228139263e-06
                    ],
                    [
