{
    "expt_args": {
        "save_dir": "all_expt_logs/expt_logs_11.05.24-half_intv",
        "exp_name": "157",
        "num_nodes": 6,
        "obs_noise_mean": 0.0,
        "obs_noise_var": 1.0,
        "max_edge_strength": 1.0,
        "graph_sparsity_method": "adj_dense_prop",
        "adj_dense_prop": 0.8,
        "num_parents": null,
        "new_noise_mean": 1.0,
        "mix_samples": 32768,
        "stage2_samples": 32768,
        "gmm_tol": 0.001,
        "intv_type": "do",
        "new_noise_var": null,
        "intv_targets": [
            3,
            5,
            0
        ]
    },
    "intv_args_dict": {
        "3": {
            "intv_type": "do",
            "inode": 3,
            "new_mui": 1.0,
            "new_vari": null,
            "true_params": {
                "Si": [
                    [
                        1.0,
                        -0.7328924540075186,
                        -0.040362732460170636,
                        0.0,
                        1.4973975415260015,
                        -1.2372172034666178
                    ],
                    [
                        -0.7328924540075186,
                        1.5371313491411627,
                        -0.8725766589346168,
                        0.0,
                        -2.500306124542133,
                        0.9710907469664335
                    ],
                    [
                        -0.040362732460170636,
                        -0.8725766589346168,
                        1.8155185697631522,
                        0.0,
                        1.7058259850876278,
                        0.9718420239907417
                    ],
                    [
                        0.0,
                        0.0,
                        0.0,
                        1e-09,
                        -6.637689874728677e-10,
                        0.0
                    ],
                    [
                        1.4973975415260015,
                        -2.500306124542133,
                        1.7058259850876278,
                        -6.637689874728677e-10,
                        5.46090749527066,
                        -1.4522586401952002
                    ],
                    [
                        -1.2372172034666178,
                        0.9710907469664335,
                        0.9718420239907417,
                        0.0,
                        -1.4522586401952002,
                        3.4951537196975964
                    ]
                ],
                "mui": [
                    0.0,
                    0.0,
                    0.0,
                    1.0,
                    -0.6637689874728677,
                    0.0
                ],
                "Ai": [
                    [
                        0.0,
                        0.0,
                        0.0,
                        0.0,
                        0.0,
                        0.0
                    ],
                    [
                        -0.7328924540075186,
                        0.0,
                        0.0,
                        0.0,
                        0.0,
                        0.0
                    ],
                    [
                        -0.7015476702777987,
                        -0.9021582009778002,
                        0.0,
                        0.0,
                        0.0,
                        0.0
                    ],
                    [
                        0.0,
                        0.0,
                        0.0,
                        0.0,
                        0.0,
                        0.0
                    ],
                    [
                        0.8204710996784214,
                        -0.9512092022922418,
                        0.5006500666141914,
                        -0.6637689874728677,
                        0.0,
                        0.0
                    ],
                    [
                        -0.502576763955418,
                        0.9484159220498183,
                        0.9799526585405485,
                        -0.0,
                        0.0,
                        0.0
                    ]
                ]
            },
            "est_params": {
                "mui": [
                    -0.001318591442687858,
                    -0.002205116225013892,
                    0.011447849783797608,
                    1.0000004663275075,
                    -0.6522507198021794,
                    0.024893227854861314
                ],
                "Si": [
                    [
                        0.9875481232183193,
                        -0.7108584327617851,
                        -0.07175571912178502,
                        -2.842915184074337e-08,
                        1.4509666610342398,
                        -1.250161554641656
                    ],
                    [
                        -0.7108584327617851,
                        1.5044917246312177,
                        -0.8444600057451835,
                        2.0301443727731606e-07,
                        -2.431900641615747,
                        0.9641948856180129
                    ],
                    [
                        -0.07175571912178502,
                        -0.8444600057451835,
                        1.796908610718624,
                        5.109600009711196e-07,
                        1.6476693835141571,
                        1.033219944816219
                    ],
                    [
                        -2.8429151840743266e-08,
                        2.030144372773166e-07,
                        5.109600009711193e-07,
                        1.0074895562492616e-06,
                        8.926025001382198e-07,
                        1.0950995287948819e-06
                    ],
                    [
                        1.4509666610342398,
                        -2.431900641615747,
                        1.6476693835141571,
                        8.926025001382198e-07,
                        5.319382250157622,
                        -1.4374228324535232
                    ],
                    [
                        -1.250161554641656,
                        0.9641948856180129,
                        1.033219944816219,
                        1.0950995287948814e-06,
                        -1.4374228324535234,
                        3.6098073160266004
                    ]
                ]
            },
            "est_tgt": [
                1,
                3,
                4
            ],
            "oracle_est_tgt": [
                1,
                3,
                4
            ],
            "intv_base_est_tgt": [
                1,
                3,
                4,
                5
            ]
        },
        "5": {
            "intv_type": "do",
            "inode": 5,
            "new_mui": 1.0,
            "new_vari": null,
            "true_params": {
                "Si": [
                    [
                        1.0,
                        -0.7328924540075186,
                        -0.040362732460170636,
                        0.4686845955203509,
                        1.1862992421133276,
                        0.0
                    ],
                    [
                        -0.7328924540075186,
                        1.5371313491411627,
                        -0.8725766589346168,
                        0.9387662766952798,
                        -3.123430065497833,
                        0.0
                    ],
                    [
                        -0.040362732460170636,
                        -0.8725766589346168,
                        1.8155185697631522,
                        -1.9515907979919227,
                        3.0012314330320926,
                        0.0
                    ],
                    [
                        0.4686845955203509,
                        0.9387662766952798,
                        -1.9515907979919227,
                        3.46583532474249,
                        -3.7859990229755756,
                        0.0
                    ],
                    [
                        1.1862992421133276,
                        -3.123430065497833,
                        3.0012314330320926,
                        -3.7859990229755756,
                        8.959955119668084,
                        0.0
                    ],
                    [
                        0.0,
                        0.0,
                        0.0,
                        0.0,
                        0.0,
                        1e-09
                    ]
                ],
                "mui": [
                    0.0,
                    0.0,
                    0.0,
                    0.0,
                    0.0,
                    1.0
                ],
                "Ai": [
                    [
                        0.0,
                        0.0,
                        0.0,
                        0.0,
                        0.0,
                        0.0
                    ],
                    [
                        -0.7328924540075186,
                        0.0,
                        0.0,
                        0.0,
                        0.0,
                        0.0
                    ],
                    [
                        -0.7015476702777987,
                        -0.9021582009778002,
                        0.0,
                        0.0,
                        0.0,
                        0.0
                    ],
                    [
                        0.8641343515513986,
                        0.5823037306254277,
                        -0.7758705165874865,
                        0.0,
                        0.0,
                        0.0
                    ],
                    [
                        0.8204710996784214,
                        -0.9512092022922418,
                        0.5006500666141914,
                        -0.6637689874728677,
                        0.0,
                        0.0
                    ],
                    [
                        0.0,
                        0.0,
                        0.0,
                        0.0,
                        0.0,
                        0.0
                    ]
                ]
            },
            "est_params": {
                "mui": [
                    -0.007606386069950327,
                    -0.003173244486896831,
                    0.019022769706018433,
                    -0.025210790263492943,
                    0.032121334935739404,
                    1.0000000970699368
                ],
                "Si": [
                    [
                        0.9993594406931567,
                        -0.7411725533564372,
                        -0.022393333988581475,
                        0.435785260468027,
                        1.2372804537867506,
                        6.397865796148144e-08
                    ],
                    [
                        -0.7411725533564372,
                        1.5641415024726684,
                        -0.8811725012400392,
                        0.985084801494003,
                        -3.1852360766211323,
                        -3.9571518343629253e-07
                    ],
                    [
                        -0.022393333988581465,
                        -0.8811725012400392,
                        1.8004940179503057,
                        -1.956065846469226,
                        3.0050044505076183,
                        -8.485350987345013e-07
                    ],
                    [
                        0.435785260468027,
                        0.985084801494003,
                        -1.956065846469226,
                        3.4798877105493102,
                        -3.8444864183363197,
                        5.552068847652767e-07
                    ],
                    [
                        1.2372804537867506,
                        -3.1852360766211323,
                        3.0050044505076183,
                        -3.8444864183363197,
                        9.099777233927949,
                        -9.897987032271057e-07
                    ],
                    [
                        6.397865796148146e-08,
                        -3.957151834362924e-07,
                        -8.485350987345011e-07,
                        5.552068847652769e-07,
                        -9.897987032271055e-07,
                        1.0048214101422889e-06
                    ]
                ]
            },
            "est_tgt": [
                5
            ],
            "oracle_est_tgt": [
                5
            ],
            "intv_base_est_tgt": []
        },
        "0": {
            "intv_type": "do",
            "inode": 0,
            "new_mui": 1.0,
            "new_vari": null,
            "true_params": {
                "Si": [
                    [
                        1e-09,
                        -7.328924540075186e-10,
                        -4.036273246017064e-11,
                        4.68684595520351e-10,
                        1.1862992421133276e-09,
                        -1.237217203466618e-09
                    ],
                    [
                        -7.328924540075186e-10,
                        1.0000000005371315,
                        -0.9021582009482186,
                        1.2822616797182156,
                        -2.2540003036275666,
                        0.0643435954842117
                    ],
                    [
                        -4.036273246017064e-11,
                        -0.9021582009482186,
                        1.81388941959313,
                        -1.9326734070736489,
                        3.0491137119113336,
                        0.9219045570620356
                    ],
                    [
                        4.68684595520351e-10,
                        1.2822616797182156,
                        -1.9326734070736489,
                        3.24617007488408,
                        -4.341999202875559,
                        -0.6778110503088914
                    ],
                    [
                        1.1862992421133276e-09,
                        -2.2540003036275666,
                        3.0491137119113336,
                        -4.341999202875559,
                        7.552649229236735,
                        0.8502573113182359
                    ],
                    [
                        -1.237217203466618e-09,
                        0.0643435954842117,
                        0.9219045570620356,
                        -0.6778110503088914,
                        0.8502573113182359,
                        1.9644473126745443
                    ]
                ],
                "mui": [
                    1.0,
                    -0.7328924540075186,
                    -0.040362732460170636,
                    0.4686845955203509,
                    1.1862992421133276,
                    -1.2372172034666178
                ],
                "Ai": [
                    [
                        0.0,
                        0.0,
                        0.0,
                        0.0,
                        0.0,
                        0.0
                    ],
                    [
                        -0.7328924540075186,
                        0.0,
                        0.0,
                        0.0,
                        0.0,
                        0.0
                    ],
                    [
                        -0.7015476702777987,
                        -0.9021582009778002,
                        0.0,
                        0.0,
                        0.0,
                        0.0
                    ],
                    [
                        0.8641343515513986,
                        0.5823037306254277,
                        -0.7758705165874865,
                        0.0,
                        0.0,
                        0.0
                    ],
                    [
                        0.8204710996784214,
                        -0.9512092022922418,
                        0.5006500666141914,
                        -0.6637689874728677,
                        0.0,
                        0.0
                    ],
                    [
                        -0.502576763955418,
                        0.9484159220498183,
                        0.9799526585405485,
                        -0.0,
                        0.0,
                        0.0
                    ]
                ]
            },
            "est_params": {
                "mui": [
                    0.9999999619481051,
                    -0.7235167580130532,
                    -0.03692128263520289,
                    0.46379312260267025,
                    1.1688565455746334,
                    -1.2054647968560737
                ],
                "Si": [
                    [
                        1.009980870714575e-06,
                        2.657265645506034e-06,
                        -2.0398144627346445e-06,
                        2.2510646531183516e-06,
                        -4.8383351825208065e-06,
                        -7.835630110389669e-07
                    ],
                    [
                        2.657265645506034e-06,
                        0.9994569102353557,
                        -0.8932069861647527,
                        1.2726932754682876,
                        -2.233527987893277,
                        0.07264568924202627
                    ],
                    [
                        -2.0398144627346445e-06,
                        -0.8932069861647527,
                        1.807000283553224,
                        -1.925741472087419,
                        3.0309243461690447,
                        0.9293381082607737
                    ],
                    [
                        2.2510646531183516e-06,
                        1.2726932754682876,
                        -1.925741472087419,
                        3.233376537256656,
                        -4.302507669025132,
                        -0.6629507038205051
                    ],
                    [
                        -4.838335182520807e-06,
                        -2.233527987893277,
                        3.0309243461690447,
                        -4.30250766902513,
                        7.495309033863155,
                        0.8567786868197278
                    ],
                    [
                        -7.835630110389666e-07,
                        0.07264568924202626,
                        0.9293381082607737,
                        -0.6629507038205052,
                        0.8567786868197278,
                        1.9751249095575238
                    ]
                ]
            },
            "est_tgt": [
                0,
                2
            ],
            "oracle_est_tgt": [
                0
            ],
            "intv_base_est_tgt": [
                0,
                2,
                5
            ]
        },
        "obs": {
            "intv_type": "obs",
            "true_params": {
                "Si": [
                    [
                        1.0,
                        -0.7328924540075186,
                        -0.040362732460170636,
                        0.4686845955203509,
                        1.1862992421133276,
                        -1.2372172034666178
                    ],
                    [
                        -0.7328924540075186,
                        1.5371313491411627,
                        -0.8725766589346168,
                        0.9387662766952798,
                        -3.123430065497833,
                        0.9710907469664335
                    ],
                    [
                        -0.040362732460170636,
                        -0.8725766589346168,
                        1.8155185697631522,
                        -1.9515907979919227,
                        3.0012314330320926,
                        0.9718420239907417
                    ],
                    [
                        0.4686845955203509,
                        0.9387662766952798,
                        -1.9515907979919227,
                        3.46583532474249,
                        -3.7859990229755756,
                        -1.2576756943065983
                    ],
                    [
                        1.1862992421133276,
                        -3.123430065497833,
                        3.0012314330320926,
                        -3.7859990229755756,
                        8.959955119668084,
                        -0.6174525180160735
                    ],
                    [
                        -1.2372172034666178,
                        0.9710907469664335,
                        0.9718420239907417,
                        -1.2576756943065983,
                        -0.6174525180160735,
                        3.4951537196975964
                    ]
                ],
                "mui": [
                    0.0,
                    0.0,
                    0.0,
                    0.0,
                    0.0,
                    0.0
                ],
                "Ai": [
                    [
                        0.0,
                        0.0,
                        0.0,
                        0.0,
                        0.0,
                        0.0
                    ],
                    [
                        -0.7328924540075186,
                        0.0,
                        0.0,
                        0.0,
                        0.0,
                        0.0
                    ],
                    [
                        -0.7015476702777987,
                        -0.9021582009778002,
                        0.0,
                        0.0,
                        0.0,
                        0.0
                    ],
                    [
                        0.8641343515513986,
                        0.5823037306254277,
                        -0.7758705165874865,
                        0.0,
                        0.0,
                        0.0
                    ],
                    [
                        0.8204710996784214,
                        -0.9512092022922418,
                        0.5006500666141914,
                        -0.6637689874728677,
                        0.0,
                        0.0
                    ],
                    [
                        -0.502576763955418,
                        0.9484159220498183,
                        0.9799526585405485,
                        -0.0,
                        0.0,
                        0.0
                    ]
                ]
            },
            "est_params": {
                "mui": [
                    0.01780328854951997,
                    -0.5293992017750391,
                    0.7193603979746204,
                    -1.0852591236587599,
                    1.6734681522760644,
                    0.17293343868025662
                ],
                "Si": [
                    [
                        1.0073197001540226,
                        -0.7320444548950216,
                        0.0013723091235641393,
                        0.393905699048252,
                        1.2349454099642663,
                        -1.175452374073041
                    ],
                    [
                        -0.7320444548950216,
                        1.2594150718187895,
                        -0.561274501970207,
                        0.4447536272142334,
                        -2.308554561050422,
                        0.9846314914657524
                    ],
                    [
                        0.0013723091235641359,
                        -0.561274501970207,
                        1.3078928666245517,
                        -1.1448354287139937,
                        1.8778576233713986,
                        0.7261799831353999
                    ],
                    [
                        0.39390569904825196,
                        0.4447536272142334,
                        -1.1448354287139937,
                        2.146407949720741,
                        -2.002314221126417,
                        -0.8646274277398763
                    ],
                    [
                        1.2349454099642663,
                        -2.3085545610504226,
                        1.8778576233713986,
                        -2.002314221126417,
                        6.266130755654345,
                        -0.9342223076000259
                    ],
                    [
                        -1.175452374073041,
                        0.9846314914657524,
                        0.7261799831353999,
                        -0.8646274277398763,
                        -0.9342223076000259,
                        3.146127809942897
                    ]
                ]
            },
            "est_tgt": [
                2,
                3,
                4
            ],
            "oracle_est_tgt": [],
            "intv_base_est_tgt": [
                2,
                3,
                4,
                5
            ]
        }
    },
    "metric_dict": {
        "param_est_rel_err": 24.79469109466381,
        "est_dag": {
            "amat": [
                [
                    0,
                    1,
                    0,
                    1,
                    1,
                    1
                ],
                [
                    0,
                    0,
                    0,
                    0,
                    0,
                    1
                ],
                [
                    0,
                    0,
                    0,
                    1,
                    1,
                    1
                ],
                [
                    0,
                    0,
                    0,
                    0,
                    0,
                    0
                ],
                [
                    0,
                    1,
                    0,
                    1,
                    0,
                    0
                ],
                [
                    0,
                    0,
                    0,
                    0,
                    0,
                    0
                ]
            ],
            "nodes": [
                0,
                1,
                2,
                3,
                4,
                5
            ]
        },
        "oracle_est_dag": {
            "amat": [
                [
                    0,
                    1,
                    0,
                    1,
                    1,
                    1
                ],
                [
                    0,
                    0,
                    0,
                    0,
                    0,
                    1
                ],
                [
                    0,
                    0,
                    0,
                    1,
                    1,
                    1
                ],
                [
                    0,
                    0,
                    0,
                    0,
                    0,
                    0
                ],
                [
                    0,
                    1,
                    0,
                    1,
                    0,
                    0
                ],
                [
                    0,
                    0,
                    0,
                    0,
                    0,
                    0
                ]
            ],
            "nodes": [
                0,
                1,
                2,
                3,
                4,
                5
            ]
        },
        "igsp_dag": {
            "amat": [
                [
                    0,
                    1,
                    0,
                    1,
                    1,
                    1
                ],
                [
                    0,
                    0,
                    0,
                    0,
                    0,
                    1
                ],
                [
                    0,
                    0,
                    0,
                    1,
                    1,
                    1
                ],
                [
                    0,
                    0,
                    0,
                    0,
                    1,
                    0
                ],
                [
                    0,
                    1,
                    0,
                    0,
                    0,
                    0
                ],
                [
                    0,
                    0,
                    0,
                    0,
                    0,
                    0
                ]
            ],
            "nodes": [
                0,
                1,
                2,
                3,
                4,
                5
            ]
        },
        "intv_base_est_dag": {
            "amat": [
                [
                    0,
                    1,
                    0,
                    1,
                    1,
                    0
                ],
                [
                    0,
                    0,
                    0,
                    0,
                    0,
                    0
                ],
                [
                    0,
                    0,
                    0,
                    1,
                    1,
                    0
                ],
                [
                    0,
                    0,
                    0,
                    0,
                    0,
                    0
                ],
                [
                    0,
                    1,
                    0,
                    1,
                    0,
                    0
                ],
                [
                    0,
                    0,
                    0,
                    0,
                    0,
                    0
                ]
            ],
            "nodes": [
                0,
                1,
                2,
                3,
                4,
                5
            ]
        },
        "act_dag": {
            "amat": [
                [
                    0,
                    1,
                    1,
                    1,
                    1,
                    1
                ],
                [
                    0,
                    0,
                    1,
                    1,
                    1,
                    1
                ],
                [
                    0,
                    0,
                    0,
                    1,
                    1,
                    1
                ],
                [
                    0,
                    0,
                    0,
                    0,
                    1,
                    0
                ],
                [
                    0,
                    0,
                    0,
                    0,
                    0,
                    0
                ],
                [
                    0,
                    0,
                    0,
                    0,
                    0,
                    0
                ]
            ],
            "nodes": [
                0,
                1,
                2,
                3,
                4,
                5
            ]
        },
        "shd": 5,
        "oracle_shd": 5,
        "intv_base_shd": 8,
        "igsp_shd": 4,
        "avg_js": 0.4583333333333333,
        "avg_oracle_js": 0.8333333333333333,
        "avg_intv_base_js": 0.14583333333333331
    }
}