{
    "expt_args": {
        "save_dir": "all_expt_logs/expt_logs_11.05.24-half_intv",
        "exp_name": "114",
        "num_nodes": 8,
        "obs_noise_mean": 0.0,
        "obs_noise_var": 1.0,
        "max_edge_strength": 1.0,
        "graph_sparsity_method": "adj_dense_prop",
        "adj_dense_prop": 0.8,
        "num_parents": null,
        "new_noise_mean": 1.0,
        "mix_samples": 4096,
        "stage2_samples": 4096,
        "gmm_tol": 0.001,
        "intv_type": "do",
        "new_noise_var": null,
        "intv_targets": [
            2,
            1,
            6,
            0
        ]
    },
    "intv_args_dict": {
        "2": {
            "intv_type": "do",
            "inode": 2,
            "new_mui": 1.0,
            "new_vari": null,
            "true_params": {
                "Si": [
                    [
                        1.0,
                        -0.8385995421358103,
                        0.0,
                        -0.524183592106834,
                        -1.294137527147999,
                        0.12919697313803336,
                        0.8030657977415212,
                        -1.8912892484483368
                    ],
                    [
                        -0.8385995421358103,
                        1.7032491920703907,
                        0.0,
                        1.0646503305721216,
                        1.4823912331074762,
                        0.7239907177099404,
                        -1.4453355144418483,
                        3.55410972707025
                    ],
                    [
                        0.0,
                        0.0,
                        1e-09,
                        -7.545633543872534e-10,
                        -9.89737993000401e-10,
                        9.940304533976616e-10,
                        -8.846936970561518e-10,
                        4.4339030076162774e-10
                    ],
                    [
                        -0.524183592106834,
                        1.0646503305721216,
                        -7.545633543872534e-10,
                        1.6654812065281497,
                        1.5619321820129328,
                        0.8645323627552279,
                        -0.5025381993685221,
                        2.366443365396963
                    ],
                    [
                        -1.294137527147999,
                        1.4823912331074762,
                        -9.89737993000401e-10,
                        1.5619321820129328,
                        3.23615142411923,
                        -0.4355732120055473,
                        -0.33674876975353485,
                        2.2203387187002583
                    ],
                    [
                        0.12919697313803336,
                        0.7239907177099404,
                        9.940304533976616e-10,
                        0.8645323627552279,
                        -0.4355732120055473,
                        2.6199561886565608,
                        -1.899288190949863,
                        3.680011746314282
                    ],
                    [
                        0.8030657977415212,
                        -1.4453355144418483,
                        -8.846936970561518e-10,
                        -0.5025381993685221,
                        -0.33674876975353485,
                        -1.899288190949863,
                        3.7387277387061677,
                        -5.432872868310536
                    ],
                    [
                        -1.8912892484483368,
                        3.55410972707025,
                        4.4339030076162774e-10,
                        2.366443365396963,
                        2.2203387187002583,
                        3.680011746314282,
                        -5.432872868310536,
                        11.570714556162981
                    ]
                ],
                "mui": [
                    0.0,
                    0.0,
                    1.0,
                    -0.7545633543872534,
                    -0.9897379930004011,
                    0.9940304533976616,
                    -0.8846936970561518,
                    0.4433903007616277
                ],
                "Ai": [
                    [
                        0.0,
                        0.0,
                        0.0,
                        0.0,
                        0.0,
                        0.0,
                        0.0,
                        0.0
                    ],
                    [
                        -0.8385995421358103,
                        0.0,
                        0.0,
                        0.0,
                        0.0,
                        0.0,
                        0.0,
                        0.0
                    ],
                    [
                        0.0,
                        0.0,
                        0.0,
                        0.0,
                        0.0,
                        0.0,
                        0.0,
                        0.0
                    ],
                    [
                        -0.0,
                        0.6250702102362262,
                        -0.7545633543872534,
                        0.0,
                        0.0,
                        0.0,
                        0.0,
                        0.0
                    ],
                    [
                        -0.9611060881927337,
                        -0.0,
                        -0.5103385545622696,
                        0.6353335815352841,
                        0.0,
                        0.0,
                        0.0,
                        0.0
                    ],
                    [
                        -0.0,
                        0.5748142311400428,
                        0.8656691098991398,
                        0.9587983980432099,
                        -0.8606676564216587,
                        0.0,
                        0.0,
                        0.0
                    ],
                    [
                        0.8807854307323508,
                        -0.5186583935498643,
                        0.5615350105663541,
                        0.7619985770635962,
                        -0.0,
                        -0.8764847216673153,
                        0.0,
                        0.0
                    ],
                    [
                        -0.8572588227118125,
                        0.8822045908236845,
                        -0.8348045213493831,
                        0.0,
                        -0.0,
                        0.8395891505320805,
                        -0.5014364176166305,
                        0.0
                    ]
                ]
            },
            "est_params": {
                "mui": [
                    -0.012447684296914042,
                    -0.03995872918724518,
                    1.00000501395112,
                    -0.7591430711473205,
                    -0.9602616936737884,
                    0.9542959397585431,
                    -0.8816183956779698,
                    0.3552861647054033
                ],
                "Si": [
                    [
                        1.0336868503505172,
                        -0.8570405831702146,
                        -1.3369278288263245e-06,
                        -0.5107175704012519,
                        -1.3187536085303502,
                        0.12771157114933407,
                        0.7802398095776297,
                        -1.974890184345732
                    ],
                    [
                        -0.8570405831702145,
                        1.6944486925741764,
                        -8.973150324019509e-07,
                        1.0641917618882188,
                        1.436330785651117,
                        0.7985982150116252,
                        -1.4530013104281538,
                        3.677677623607236
                    ],
                    [
                        -1.3369278288263245e-06,
                        -8.973150324019498e-07,
                        1.0127943354546347e-06,
                        2.004978194706971e-06,
                        6.082151703393106e-06,
                        -7.524331482635214e-06,
                        1.0346553276006182e-05,
                        -1.2546403683487476e-05
                    ],
                    [
                        -0.5107175704012519,
                        1.0641917618882188,
                        2.004978194706971e-06,
                        1.66594916914513,
                        1.4896100886297796,
                        0.9639775801686354,
                        -0.5039947643388011,
                        2.5331318448488176
                    ],
                    [
                        -1.3187536085303502,
                        1.436330785651117,
                        6.082151703393106e-06,
                        1.4896100886297796,
                        3.253932566176654,
                        -0.5348243582115819,
                        -0.27269627327955887,
                        2.239889669149913
                    ],
                    [
                        0.12771157114933407,
                        0.7985982150116252,
                        -7.524331482635214e-06,
                        0.9639775801686354,
                        -0.5348243582115819,
                        2.945776650033596,
                        -2.0566608188825897,
                        4.0684867503180495
                    ],
                    [
                        0.7802398095776297,
                        -1.4530013104281538,
                        1.034655327600618e-05,
                        -0.5039947643388011,
                        -0.27269627327955887,
                        -2.0566608188825897,
                        3.768943341890371,
                        -5.5185844707889995
                    ],
                    [
                        -1.974890184345732,
                        3.6776776236072366,
                        -1.2546403683487477e-05,
                        2.5331318448488176,
                        2.239889669149913,
                        4.0684867503180495,
                        -5.518584470788999,
                        12.182859884031364
                    ]
                ]
            },
            "est_tgt": [
                0,
                2,
                7
            ],
            "oracle_est_tgt": [
                2,
                5,
                7
            ],
            "intv_base_est_tgt": [
                0,
                1,
                2,
                3,
                4,
                6,
                7
            ]
        },
        "1": {
            "intv_type": "do",
            "inode": 1,
            "new_mui": 1.0,
            "new_vari": null,
            "true_params": {
                "Si": [
                    [
                        1.0,
                        0.0,
                        0.8625471453860608,
                        -0.650846467339656,
                        -1.8148017687353588,
                        1.6845910545023928,
                        -0.6073265523977741,
                        0.14158294364430452
                    ],
                    [
                        0.0,
                        1e-09,
                        6.304458167153496e-10,
                        1.4935890001608055e-10,
                        -2.268480819509542e-10,
                        1.459017581261046e-09,
                        -1.3296363445343667e-09,
                        2.2476089895624232e-09
                    ],
                    [
                        0.8625471453860608,
                        6.304458167153496e-10,
                        1.7439875784111043,
                        -1.3159491167815132,
                        -2.5550900782076744,
                        2.447069659521426,
                        -1.4085414819822732,
                        0.5655122660543738
                    ],
                    [
                        -0.650846467339656,
                        1.4935890001608055e-10,
                        -1.3159491167815132,
                        1.9929669798549619,
                        2.5633109215674605,
                        -1.4344817564185148,
                        1.4637317584449918,
                        -0.2818395795871002
                    ],
                    [
                        -1.8148017687353588,
                        -2.268480819509542e-10,
                        -2.5550900782076744,
                        2.5633109215674605,
                        5.67673551447136,
                        -4.639946799924675,
                        2.9868582627730285,
                        -1.7046129222123656
                    ],
                    [
                        1.6845910545023928,
                        1.459017581261046e-09,
                        2.447069659521426,
                        -1.4344817564185148,
                        -4.639946799924675,
                        5.736425942993831,
                        -3.2630842093177193,
                        2.96551488219825
                    ],
                    [
                        -0.6073265523977741,
                        -1.3296363445343667e-09,
                        -1.4085414819822732,
                        1.4637317584449918,
                        2.9868582627730285,
                        -3.2630842093177193,
                        3.649535237791428,
                        -2.8731671332154103
                    ],
                    [
                        0.14158294364430452,
                        2.2476089895624232e-09,
                        0.5655122660543738,
                        -0.2818395795871002,
                        -1.7046129222123656,
                        2.96551488219825,
                        -2.8731671332154103,
                        4.3370593331459855
                    ]
                ],
                "mui": [
                    0.0,
                    1.0,
                    0.6304458167153495,
                    0.14935890001608054,
                    -0.22684808195095418,
                    1.4590175812610457,
                    -1.3296363445343666,
                    2.247608989562423
                ],
                "Ai": [
                    [
                        0.0,
                        0.0,
                        0.0,
                        0.0,
                        0.0,
                        0.0,
                        0.0,
                        0.0
                    ],
                    [
                        0.0,
                        0.0,
                        0.0,
                        0.0,
                        0.0,
                        0.0,
                        0.0,
                        0.0
                    ],
                    [
                        0.8625471453860608,
                        0.6304458167153495,
                        0.0,
                        0.0,
                        0.0,
                        0.0,
                        0.0,
                        0.0
                    ],
                    [
                        -0.0,
                        0.6250702102362262,
                        -0.7545633543872534,
                        0.0,
                        0.0,
                        0.0,
                        0.0,
                        0.0
                    ],
                    [
                        -0.9611060881927337,
                        -0.0,
                        -0.5103385545622696,
                        0.6353335815352841,
                        0.0,
                        0.0,
                        0.0,
                        0.0
                    ],
                    [
                        -0.0,
                        0.5748142311400428,
                        0.8656691098991398,
                        0.9587983980432099,
                        -0.8606676564216587,
                        0.0,
                        0.0,
                        0.0
                    ],
                    [
                        0.8807854307323508,
                        -0.5186583935498643,
                        0.5615350105663541,
                        0.7619985770635962,
                        -0.0,
                        -0.8764847216673153,
                        0.0,
                        0.0
                    ],
                    [
                        -0.8572588227118125,
                        0.8822045908236845,
                        -0.8348045213493831,
                        0.0,
                        -0.0,
                        0.8395891505320805,
                        -0.5014364176166305,
                        0.0
                    ]
                ]
            },
            "est_params": {
                "mui": [
                    0.002879837369561283,
                    0.9999968797373998,
                    0.6198023239023469,
                    0.25989995468143384,
                    -0.12105486260271504,
                    1.5086978986466555,
                    -1.289998348440659,
                    2.327679017716059
                ],
                "Si": [
                    [
                        1.0902996416637851,
                        -3.572713775583753e-06,
                        0.9887833032408503,
                        -0.7946802764552777,
                        -1.9929081799501427,
                        1.75729209589454,
                        -0.6721416541411867,
                        0.015799103405459872
                    ],
                    [
                        -3.572713775583753e-06,
                        1.0123358050971136e-06,
                        -4.706882470871874e-06,
                        5.525112278677472e-06,
                        1.7751935378509596e-05,
                        -1.3894325003749327e-05,
                        1.1287024969226924e-05,
                        -7.367140164530711e-06
                    ],
                    [
                        0.9887833032408503,
                        -4.706882470871875e-06,
                        1.9518177309044598,
                        -1.5987920857462163,
                        -2.8642628134692414,
                        2.5788517911878626,
                        -1.521342233729021,
                        0.4566631977658785
                    ],
                    [
                        -0.7946802764552778,
                        5.525112278677472e-06,
                        -1.5987920857462163,
                        2.3494787077444648,
                        3.033914701548957,
                        -1.7501718425642738,
                        1.7070469100365828,
                        -0.33347551319790486
                    ],
                    [
                        -1.9929081799501427,
                        1.7751935378509596e-05,
                        -2.864262813469242,
                        3.033914701548957,
                        6.168577620043525,
                        -4.84357941659765,
                        3.2324812950527355,
                        -1.4796607706485945
                    ],
                    [
                        1.75729209589454,
                        -1.3894325003749329e-05,
                        2.5788517911878626,
                        -1.7501718425642738,
                        -4.84357941659765,
                        5.656709042555729,
                        -3.361623153097308,
                        2.6916070469239863
                    ],
                    [
                        -0.6721416541411867,
                        1.1287024969226924e-05,
                        -1.521342233729021,
                        1.7070469100365826,
                        3.2324812950527355,
                        -3.361623153097308,
                        3.832333711305842,
                        -2.8421232304909125
                    ],
                    [
                        0.01579910340545988,
                        -7.36714016453071e-06,
                        0.45666319776587844,
                        -0.33347551319790486,
                        -1.4796607706485945,
                        2.6916070469239863,
                        -2.8421232304909125,
                        4.225322410081191
                    ]
                ]
            },
            "est_tgt": [
                0,
                1,
                2
            ],
            "oracle_est_tgt": [
                1
            ],
            "intv_base_est_tgt": [
                0,
                1,
                2,
                3,
                4,
                7
            ]
        },
        "6": {
            "intv_type": "do",
            "inode": 6,
            "new_mui": 1.0,
            "new_vari": null,
            "true_params": {
                "Si": [
                    [
                        1.0,
                        -0.8385995421358103,
                        0.3338555721471317,
                        -0.7760987725070494,
                        -1.6245670710769018,
                        0.46105957888878246,
                        0.0,
                        -1.4886787095688634
                    ],
                    [
                        -0.8385995421358103,
                        1.7032491920703907,
                        0.35047468677327587,
                        0.8001949752926566,
                        1.1355131200230502,
                        1.0723732295075832,
                        0.0,
                        2.829286188458016
                    ],
                    [
                        0.3338555721471317,
                        0.35047468677327587,
                        1.5089214708675727,
                        -0.9195055604209369,
                        -1.67512418630205,
                        2.0677892935216655,
                        0.0,
                        0.49942873309002295
                    ],
                    [
                        -0.7760987725070494,
                        0.8001949752926566,
                        -0.9195055604209369,
                        2.194003241485106,
                        2.609096331225378,
                        -0.47798213208849283,
                        0.0,
                        1.7375519877803085
                    ],
                    [
                        -1.6245670710769018,
                        1.1355131200230502,
                        -1.67512418630205,
                        2.609096331225378,
                        5.073908275327123,
                        -2.662745523796082,
                        0.0,
                        1.557218334332228
                    ],
                    [
                        0.46105957888878246,
                        1.0723732295075832,
                        2.0677892935216655,
                        -0.47798213208849283,
                        -2.662745523796082,
                        5.239887157669549,
                        0.0,
                        3.2239577505118104
                    ],
                    [
                        0.0,
                        0.0,
                        0.0,
                        0.0,
                        0.0,
                        0.0,
                        1e-09,
                        -5.014364176166305e-10
                    ],
                    [
                        -1.4886787095688634,
                        2.829286188458016,
                        0.49942873309002295,
                        1.7375519877803085,
                        1.557218334332228,
                        3.2239577505118104,
                        -5.014364176166305e-10,
                        7.062066807052472
                    ]
                ],
                "mui": [
                    0.0,
                    0.0,
                    0.0,
                    0.0,
                    0.0,
                    0.0,
                    1.0,
                    -0.5014364176166305
                ],
                "Ai": [
                    [
                        0.0,
                        0.0,
                        0.0,
                        0.0,
                        0.0,
                        0.0,
                        0.0,
                        0.0
                    ],
                    [
                        -0.8385995421358103,
                        0.0,
                        0.0,
                        0.0,
                        0.0,
                        0.0,
                        0.0,
                        0.0
                    ],
                    [
                        0.8625471453860608,
                        0.6304458167153495,
                        0.0,
                        0.0,
                        0.0,
                        0.0,
                        0.0,
                        0.0
                    ],
                    [
                        -0.0,
                        0.6250702102362262,
                        -0.7545633543872534,
                        0.0,
                        0.0,
                        0.0,
                        0.0,
                        0.0
                    ],
                    [
                        -0.9611060881927337,
                        -0.0,
                        -0.5103385545622696,
                        0.6353335815352841,
                        0.0,
                        0.0,
                        0.0,
                        0.0
                    ],
                    [
                        -0.0,
                        0.5748142311400428,
                        0.8656691098991398,
                        0.9587983980432099,
                        -0.8606676564216587,
                        0.0,
                        0.0,
                        0.0
                    ],
                    [
                        0.0,
                        0.0,
                        0.0,
                        0.0,
                        0.0,
                        0.0,
                        0.0,
                        0.0
                    ],
                    [
                        -0.8572588227118125,
                        0.8822045908236845,
                        -0.8348045213493831,
                        0.0,
                        -0.0,
                        0.8395891505320805,
                        -0.5014364176166305,
                        0.0
                    ]
                ]
            },
            "est_params": {
                "mui": [
                    -0.03414508668847689,
                    0.04466375969826438,
                    -0.06452308200993861,
                    0.08941693903110538,
                    0.1351077503297971,
                    -0.04874965882407198,
                    0.9999957126435225,
                    -0.4360417011372863
                ],
                "Si": [
                    [
                        1.1102659965360364,
                        -0.9276086083745471,
                        0.38168741944854917,
                        -0.8631929437488132,
                        -1.8252614636113083,
                        0.557095153518486,
                        -3.2823530936666046e-07,
                        -1.6179257955699373
                    ],
                    [
                        -0.9276086083745468,
                        1.8100667322737165,
                        0.3043056285496184,
                        0.9406291320144291,
                        1.3248691439457818,
                        1.025918256179817,
                        2.658872112873599e-06,
                        2.9365272404131555
                    ],
                    [
                        0.38168741944854917,
                        0.3043056285496184,
                        1.486544694799807,
                        -0.865240033261993,
                        -1.5955541050581377,
                        2.037637622381483,
                        1.4676378575765907e-06,
                        0.39031032088615514
                    ],
                    [
                        -0.8631929437488132,
                        0.9406291320144291,
                        -0.865240033261993,
                        2.2438082469392175,
                        2.60665693982603,
                        -0.37847316239417167,
                        4.332671260484059e-06,
                        1.973553917456855
                    ],
                    [
                        -1.8252614636113085,
                        1.3248691439457818,
                        -1.5955541050581377,
                        2.60665693982603,
                        5.184069963611746,
                        -2.608908078531889,
                        4.224352408390101e-06,
                        1.8950224847226333
                    ],
                    [
                        0.557095153518486,
                        1.025918256179817,
                        2.037637622381483,
                        -0.37847316239417167,
                        -2.608908078531889,
                        5.154856007339652,
                        4.5196082090226746e-06,
                        2.9827757461358964
                    ],
                    [
                        -3.2823530936666046e-07,
                        2.658872112873599e-06,
                        1.467637857576591e-06,
                        4.332671260484059e-06,
                        4.2243524083901e-06,
                        4.519608209022674e-06,
                        1.0030898953618659e-06,
                        3.292014174953417e-07
                    ],
                    [
                        -1.6179257955699373,
                        2.9365272404131555,
                        0.39031032088615514,
                        1.9735539174568548,
                        1.8950224847226333,
                        2.9827757461358964,
                        3.292014174953425e-07,
                        7.040420310467925
                    ]
                ]
            },
            "est_tgt": [
                5,
                6,
                7
            ],
            "oracle_est_tgt": [
                2,
                3,
                5,
                6,
                7
            ],
            "intv_base_est_tgt": [
                0,
                1,
                2,
                4,
                6,
                7
            ]
        },
        "0": {
            "intv_type": "do",
            "inode": 0,
            "new_mui": 1.0,
            "new_vari": null,
            "true_params": {
                "Si": [
                    [
                        1e-09,
                        -8.385995421358104e-10,
                        3.3385557214713173e-10,
                        -7.760987725070494e-10,
                        -1.624567071076902e-09,
                        4.6105957888878247e-10,
                        5.077058773358783e-10,
                        -1.7432609259030748e-09
                    ],
                    [
                        -8.385995421358104e-10,
                        1.0000000007032492,
                        0.6304458164353783,
                        0.14935890066691662,
                        -0.226848080588593,
                        1.4590175808744015,
                        -1.3296363449601285,
                        2.247608991024321
                    ],
                    [
                        3.3385557214713173e-10,
                        0.6304458164353783,
                        1.3974619279253435,
                        -0.6604006609420142,
                        -1.1327534178386518,
                        1.9138619841717626,
                        -1.722957368051032,
                        1.8603859852610738
                    ],
                    [
                        -7.760987725070494e-10,
                        0.14935890066691662,
                        -0.6604006609420142,
                        1.5916739374004867,
                        1.348271822768047,
                        -0.12015435921811934,
                        0.8698623952588359,
                        0.14600958648388504
                    ],
                    [
                        -1.624567071076902e-09,
                        -0.226848080588593,
                        -1.1327534178386518,
                        1.348271822768047,
                        2.4346901095389586,
                        -1.9137233148778052,
                        2.186306414605072,
                        -1.957533730579971
                    ],
                    [
                        4.6105957888878247e-10,
                        1.4590175808744015,
                        1.9138619841717626,
                        -0.12015435921811934,
                        -1.9137233148778052,
                        5.027311222597024,
                        -4.179950133171914,
                        6.006306549353839
                    ],
                    [
                        5.077058773358783e-10,
                        -1.3296363449601285,
                        -1.722957368051032,
                        0.8698623952588359,
                        2.186306414605072,
                        -4.179950133171914,
                        5.048622503740607,
                        -5.775682650894509
                    ],
                    [
                        -1.7432609259030748e-09,
                        2.247608991024321,
                        1.8603859852610738,
                        0.14600958648388504,
                        -1.957533730579971,
                        6.006306549353839,
                        -5.775682650894509,
                        9.368759771164028
                    ]
                ],
                "mui": [
                    1.0,
                    -0.8385995421358103,
                    0.3338555721471317,
                    -0.7760987725070494,
                    -1.6245670710769018,
                    0.46105957888878246,
                    0.5077058773358782,
                    -1.7432609259030747
                ],
                "Ai": [
                    [
                        0.0,
                        0.0,
                        0.0,
                        0.0,
                        0.0,
                        0.0,
                        0.0,
                        0.0
                    ],
                    [
                        -0.8385995421358103,
                        0.0,
                        0.0,
                        0.0,
                        0.0,
                        0.0,
                        0.0,
                        0.0
                    ],
                    [
                        0.8625471453860608,
                        0.6304458167153495,
                        0.0,
                        0.0,
                        0.0,
                        0.0,
                        0.0,
                        0.0
                    ],
                    [
                        -0.0,
                        0.6250702102362262,
                        -0.7545633543872534,
                        0.0,
                        0.0,
                        0.0,
                        0.0,
                        0.0
                    ],
                    [
                        -0.9611060881927337,
                        -0.0,
                        -0.5103385545622696,
                        0.6353335815352841,
                        0.0,
                        0.0,
                        0.0,
                        0.0
                    ],
                    [
                        -0.0,
                        0.5748142311400428,
                        0.8656691098991398,
                        0.9587983980432099,
                        -0.8606676564216587,
                        0.0,
                        0.0,
                        0.0
                    ],
                    [
                        0.8807854307323508,
                        -0.5186583935498643,
                        0.5615350105663541,
                        0.7619985770635962,
                        -0.0,
                        -0.8764847216673153,
                        0.0,
                        0.0
                    ],
                    [
                        -0.8572588227118125,
                        0.8822045908236845,
                        -0.8348045213493831,
                        0.0,
                        -0.0,
                        0.8395891505320805,
                        -0.5014364176166305,
                        0.0
                    ]
                ]
            },
            "est_params": {
                "mui": [
                    0.999998895630672,
                    -0.8347847636764764,
                    0.3393219759281041,
                    -0.7869311481175767,
                    -1.6664024049152555,
                    0.5215148574487595,
                    0.3875920448794488,
                    -1.5895947331817888
                ],
                "Si": [
                    [
                        1.001058507230883e-06,
                        1.1414882585943933e-06,
                        -6.561878062962715e-07,
                        2.0673942652409205e-06,
                        6.786442034100789e-07,
                        -6.566441180745756e-07,
                        2.3329488960038265e-06,
                        5.375822818368049e-07
                    ],
                    [
                        1.141488258594393e-06,
                        1.1020886302360968,
                        0.7011637783166799,
                        0.14134364694829754,
                        -0.285546638047999,
                        1.7008125162124579,
                        -1.5975490480675751,
                        2.562593676730238
                    ],
                    [
                        -6.56187806296271e-07,
                        0.7011637783166799,
                        1.3793566838314426,
                        -0.6130987122840721,
                        -1.0688702313058227,
                        1.9681806320563604,
                        -1.8097404402673571,
                        1.9664130152432666
                    ],
                    [
                        2.0673942652409205e-06,
                        0.14134364694829754,
                        -0.6130987122840721,
                        1.5926974732895118,
                        1.2469816266511085,
                        0.0558566108872117,
                        0.7596226904678315,
                        0.3032012125918226
                    ],
                    [
                        6.786442034100789e-07,
                        -0.285546638047999,
                        -1.0688702313058227,
                        1.2469816266511085,
                        2.317539151829746,
