{
    "expt_args": {
        "save_dir": "all_expt_logs/expt_logs_11.05.24-main_plus_oracle_donoisepert-corr-js-wrong",
        "exp_name": "9",
        "num_nodes": 6,
        "obs_noise_mean": 0.0,
        "obs_noise_var": 1.0,
        "max_edge_strength": 1.0,
        "graph_sparsity_method": "adj_dense_prop",
        "adj_dense_prop": 0.8,
        "num_parents": null,
        "new_noise_mean": 1.0,
        "mix_samples": 2048,
        "stage2_samples": 2048,
        "gmm_tol": 0.001,
        "intv_type": "do",
        "new_noise_var": null,
        "intv_targets": [
            0,
            1,
            2,
            3,
            4,
            5
        ]
    },
    "intv_args_dict": {
        "0": {
            "intv_type": "do",
            "inode": 0,
            "new_mui": 1.0,
            "new_vari": null,
            "true_params": {
                "Si": [
                    [
                        1e-09,
                        9.132156178603359e-10,
                        7.350923340363702e-10,
                        1.5857701001025684e-10,
                        5.551479117617824e-10,
                        3.35399292012302e-10
                    ],
                    [
                        9.132156178603359e-10,
                        1.0000000008339627,
                        6.712978000114202e-10,
                        -0.8738089348328202,
                        0.3261458593759098,
                        -0.3399769015868512
                    ],
                    [
                        7.350923340363702e-10,
                        6.712978000114202e-10,
                        1.0000000005403606,
                        0.5865672702520528,
                        1.2532895109340791,
                        0.2544269394901628
                    ],
                    [
                        1.5857701001025684e-10,
                        -0.8738089348328202,
                        0.5865672702520528,
                        2.1076032172660897,
                        0.9594501499326817,
                        0.9533236928438268
                    ],
                    [
                        5.551479117617824e-10,
                        0.3261458593759098,
                        1.2532895109340791,
                        0.9594501499326817,
                        2.9364929304912093,
                        -0.4409966439372543
                    ],
                    [
                        3.35399292012302e-10,
                        -0.3399769015868512,
                        0.2544269394901628,
                        0.9533236928438268,
                        -0.4409966439372543,
                        2.2603994037030772
                    ]
                ],
                "mui": [
                    1.0,
                    0.9132156178603359,
                    0.7350923340363702,
                    0.1585770100102568,
                    0.5551479117617824,
                    0.335399292012302
                ],
                "Ai": [
                    [
                        0.0,
                        0.0,
                        0.0,
                        0.0,
                        0.0,
                        0.0
                    ],
                    [
                        0.9132156178603359,
                        0.0,
                        0.0,
                        0.0,
                        0.0,
                        0.0
                    ],
                    [
                        0.7350923340363702,
                        -0.0,
                        0.0,
                        0.0,
                        0.0,
                        0.0
                    ],
                    [
                        0.525371872784505,
                        -0.8738089349776352,
                        0.586567270135484,
                        0.0,
                        0.0,
                        0.0
                    ],
                    [
                        -0.9315493588358962,
                        0.7711773685917802,
                        0.9545503842328067,
                        0.5093007085516132,
                        0.0,
                        0.0
                    ],
                    [
                        -0.6526318367359587,
                        0.8026699198536712,
                        0.8230050341839873,
                        0.9690509390393058,
                        -0.9072059163709922,
                        0.0
                    ]
                ]
            },
            "est_params": {
                "mui": [
                    0.9999687099806855,
                    0.8872029763273592,
                    0.7299582387752974,
                    0.26733422670616525,
                    0.6352200923350791,
                    0.42343211275612175
                ],
                "Si": [
                    [
                        1.1024806282056476e-06,
                        1.124977394593961e-05,
                        -3.5973419953341744e-05,
                        -3.1644546681022497e-05,
                        -4.7539697683392795e-05,
                        -2.2123737359968265e-05
                    ],
                    [
                        1.124977394593961e-05,
                        0.9842327651061872,
                        -0.08552737767266637,
                        -0.8246003603209826,
                        0.19970963020145946,
                        -0.24556371178094763
                    ],
                    [
                        -3.597341995334174e-05,
                        -0.08552737767266637,
                        1.1712818015749495,
                        0.7332386508204795,
                        1.4735038089632533,
                        0.27906016736755873
                    ],
                    [
                        -3.1644546681022497e-05,
                        -0.8246003603209827,
                        0.7332386508204795,
                        1.978053669991514,
                        1.1389668770378272,
                        0.8696043038570105
                    ],
                    [
                        -4.7539697683392795e-05,
                        0.19970963020145951,
                        1.4735038089632535,
                        1.1389668770378272,
                        3.21750157883382,
                        -0.4401467615163028
                    ],
                    [
                        -2.212373735996826e-05,
                        -0.24556371178094766,
                        0.27906016736755873,
                        0.8696043038570105,
                        -0.4401467615163028,
                        2.214500076311778
                    ]
                ]
            },
            "est_tgt": [
                0
            ],
            "oracle_est_tgt": [
                0,
                1,
                2,
                3
            ],
            "intv_base_est_tgt": [
                0,
                3,
                4,
                5
            ]
        },
        "1": {
            "intv_type": "do",
            "inode": 1,
            "new_mui": 1.0,
            "new_vari": null,
            "true_params": {
                "Si": [
                    [
                        1.0,
                        0.0,
                        0.7350923340363702,
                        0.9565529764577401,
                        0.2573064197421933,
                        0.6458715085328915
                    ],
                    [
                        0.0,
                        1e-09,
                        0.0,
                        -8.738089349776353e-10,
                        3.261458588689401e-10,
                        -3.399769018931431e-10
                    ],
                    [
                        0.7350923340363702,
                        0.0,
                        1.5403607395590386,
                        1.2897220302292411,
                        1.4424334871768252,
                        0.7292021339386481
                    ],
                    [
                        0.9565529764577401,
                        -8.738089349776353e-10,
                        1.2897220302292411,
                        2.2590547599278974,
                        1.490566536811373,
                        1.2740591524238596
                    ],
                    [
                        0.2573064197421933,
                        3.261458588689401e-10,
                        1.4424334871768252,
                        1.490566536811373,
                        2.8963284026725784,
                        -0.16392770009670432
                    ],
                    [
                        0.6458715085328915,
                        -3.399769018931431e-10,
                        0.7292021339386481,
                        1.2740591524238596,
                        -0.16392770009670432,
                        2.561965115419862
                    ]
                ],
                "mui": [
                    0.0,
                    1.0,
                    0.0,
                    -0.8738089349776352,
                    0.32614585886894004,
                    -0.33997690189314306
                ],
                "Ai": [
                    [
                        0.0,
                        0.0,
                        0.0,
                        0.0,
                        0.0,
                        0.0
                    ],
                    [
                        0.0,
                        0.0,
                        0.0,
                        0.0,
                        0.0,
                        0.0
                    ],
                    [
                        0.7350923340363702,
                        -0.0,
                        0.0,
                        0.0,
                        0.0,
                        0.0
                    ],
                    [
                        0.525371872784505,
                        -0.8738089349776352,
                        0.586567270135484,
                        0.0,
                        0.0,
                        0.0
                    ],
                    [
                        -0.9315493588358962,
                        0.7711773685917802,
                        0.9545503842328067,
                        0.5093007085516132,
                        0.0,
                        0.0
                    ],
                    [
                        -0.6526318367359587,
                        0.8026699198536712,
                        0.8230050341839873,
                        0.9690509390393058,
                        -0.9072059163709922,
                        0.0
                    ]
                ]
            },
            "est_params": {
                "mui": [
                    -0.0665810965400061,
                    0.9999999245435747,
                    -0.08029416465708382,
                    -0.8418958264895616,
                    0.22894902159776698,
                    -0.25153634332739505
                ],
                "Si": [
                    [
                        1.1381391398606904,
                        -3.1628028636343823e-06,
                        0.8743966754796298,
                        1.1058056046955247,
                        0.3671220258148217,
                        0.7184004958348159
                    ],
                    [
                        -3.162802863634383e-06,
                        1.0022936930501977e-06,
                        -1.425308192278838e-06,
                        9.720381515740406e-07,
                        3.835740858103041e-06,
                        -1.824747809862042e-06
                    ],
                    [
                        0.8743966754796298,
                        -1.4253081922788365e-06,
                        1.7810964251770498,
                        1.485700332743496,
                        1.7179041394698447,
                        0.7845456271833119
                    ],
                    [
                        1.105805604695525,
                        9.720381515740393e-07,
                        1.485700332743496,
                        2.4540015367353063,
                        1.7093964846816725,
                        1.2252476603696223
                    ],
                    [
                        0.3671220258148217,
                        3.835740858103041e-06,
                        1.7179041394698444,
                        1.7093964846816725,
                        3.119321977636403,
                        -0.03490464634082671
                    ],
                    [
                        0.7184004958348159,
                        -1.824747809862041e-06,
                        0.784545627183312,
                        1.2252476603696223,
                        -0.034904646340826725,
                        2.216700307178427
                    ]
                ]
            },
            "est_tgt": [
                1
            ],
            "oracle_est_tgt": [
                1,
                5
            ],
            "intv_base_est_tgt": [
                1,
                3,
                4,
                5
            ]
        },
        "2": {
            "intv_type": "do",
            "inode": 2,
            "new_mui": 1.0,
            "new_vari": null,
            "true_params": {
                "Si": [
                    [
                        1.0,
                        0.9132156178603359,
                        0.0,
                        -0.2726040936629782,
                        -0.3661355997540708,
                        0.14837199940198464
                    ],
                    [
                        0.9132156178603359,
                        1.833962764704035,
                        0.0,
                        -1.1227552508033287,
                        -0.008214889081138377,
                        -0.20448127478608627
                    ],
                    [
                        0.0,
                        0.0,
                        1e-09,
                        5.865672701354841e-10,
                        1.2532895105259942e-09,
                        2.5442693924361337e-10
                    ],
                    [
                        -0.2726040936629782,
                        -1.1227552508033287,
                        5.865672701354841e-10,
                        1.837855047072624,
                        0.3241216070298266,
                        0.7636383633168837
                    ],
                    [
                        -0.3661355997540708,
                        -0.008214889081138377,
                        1.2532895105259942e-09,
                        0.3241216070298266,
                        1.4998136119665415,
                        -0.8141915289415912
                    ],
                    [
                        0.14837199940198464,
                        -0.20448127478608627,
                        2.5442693924361337e-10,
                        0.7636383633168837,
                        -0.8141915289415912,
                        2.217680586448987
                    ]
                ],
                "mui": [
                    0.0,
                    0.0,
                    1.0,
                    0.586567270135484,
                    1.2532895105259942,
                    0.25442693924361337
                ],
                "Ai": [
                    [
                        0.0,
                        0.0,
                        0.0,
                        0.0,
                        0.0,
                        0.0
                    ],
                    [
                        0.9132156178603359,
                        0.0,
                        0.0,
                        0.0,
                        0.0,
                        0.0
                    ],
                    [
                        0.0,
                        0.0,
                        0.0,
                        0.0,
                        0.0,
                        0.0
                    ],
                    [
                        0.525371872784505,
                        -0.8738089349776352,
                        0.586567270135484,
                        0.0,
                        0.0,
                        0.0
                    ],
                    [
                        -0.9315493588358962,
                        0.7711773685917802,
                        0.9545503842328067,
                        0.5093007085516132,
                        0.0,
                        0.0
                    ],
                    [
                        -0.6526318367359587,
                        0.8026699198536712,
                        0.8230050341839873,
                        0.9690509390393058,
                        -0.9072059163709922,
                        0.0
                    ]
                ]
            },
            "est_params": {
                "mui": [
                    -0.021730998136322538,
                    -0.004216133481142035,
                    1.000007476914814,
                    0.44684897495034004,
                    1.1555650995944913,
                    0.22809161784310347
                ],
                "Si": [
                    [
                        1.0240966027561724,
                        0.9695814371372526,
                        1.3575757262975662e-05,
                        -0.263148186379787,
                        -0.32463852141446525,
                        0.1659922960916936
                    ],
                    [
                        0.9695814371372526,
                        1.8680231605918558,
                        1.3727209938488185e-05,
                        -1.0726456584997843,
                        -0.03197422175610969,
                        -0.1621132289257099
                    ],
                    [
                        1.3575757262975662e-05,
                        1.3727209938488185e-05,
                        1.040439896122176e-06,
                        -6.905950196451662e-06,
                        4.578967007954525e-06,
                        -9.001931980086755e-07
                    ],
                    [
                        -0.26314818637978704,
                        -1.0726456584997845,
                        -6.905950196451663e-06,
                        1.736130203669997,
                        0.3118714191868224,
                        0.7107802062415302
                    ],
                    [
                        -0.32463852141446525,
                        -0.031974221756109686,
                        4.578967007954525e-06,
                        0.3118714191868223,
                        1.4439290789913082,
                        -0.8319551191433887
                    ],
                    [
                        0.1659922960916936,
                        -0.16211322892570984,
                        -9.001931980086753e-07,
                        0.7107802062415302,
                        -0.8319551191433888,
                        2.1672455598871685
                    ]
                ]
            },
            "est_tgt": [
                2
            ],
            "oracle_est_tgt": [
                2,
                4
            ],
            "intv_base_est_tgt": [
                2,
                3,
                4
            ]
        },
        "3": {
            "intv_type": "do",
            "inode": 3,
            "new_mui": 1.0,
            "new_vari": null,
            "true_params": {
                "Si": [
                    [
                        1.0,
                        0.9132156178603359,
                        0.7350923340363702,
                        0.0,
                        0.47438452820356225,
                        0.25499911094197436
                    ],
                    [
                        0.9132156178603359,
                        1.833962764704035,
                        0.6712978000114203,
                        0.0,
                        1.2043927286185803,
                        0.33592241914850623
                    ],
                    [
                        0.7350923340363702,
                        0.6712978000114203,
                        1.5403607395590386,
                        0.0,
                        1.3032668143007056,
                        0.14447916977331643
                    ],
                    [
                        0.0,
                        0.0,
                        0.0,
                        1e-09,
                        5.093007085516133e-10,
                        5.070103230293439e-10
                    ],
                    [
                        0.47438452820356225,
                        1.2043927286185803,
                        1.3032668143007056,
                        5.093007085516133e-10,
                        2.7309216507254446,
                        -0.747781760143805
                    ],
                    [
                        0.25499911094197436,
                        0.33592241914850623,
                        0.14447916977331643,
                        5.070103230293439e-10,
                        -0.747781760143805,
                        1.9005134046211412
                    ]
                ],
                "mui": [
                    0.0,
                    0.0,
                    0.0,
                    1.0,
                    0.5093007085516132,
                    0.5070103230293439
                ],
                "Ai": [
                    [
                        0.0,
                        0.0,
                        0.0,
                        0.0,
                        0.0,
                        0.0
                    ],
                    [
                        0.9132156178603359,
                        0.0,
                        0.0,
                        0.0,
                        0.0,
                        0.0
                    ],
                    [
                        0.7350923340363702,
                        -0.0,
                        0.0,
                        0.0,
                        0.0,
                        0.0
                    ],
                    [
                        0.0,
                        0.0,
                        0.0,
                        0.0,
                        0.0,
                        0.0
                    ],
                    [
                        -0.9315493588358962,
                        0.7711773685917802,
                        0.9545503842328067,
                        0.5093007085516132,
                        0.0,
                        0.0
                    ],
                    [
                        -0.6526318367359587,
                        0.8026699198536712,
                        0.8230050341839873,
                        0.9690509390393058,
                        -0.9072059163709922,
                        0.0
                    ]
                ]
            },
            "est_params": {
                "mui": [
                    -0.06823188325598076,
                    -0.09631978393177702,
                    -0.038015389779403136,
                    0.9999906912831906,
                    0.37855472408353846,
                    0.4865267892475456
                ],
                "Si": [
                    [
                        1.1020289773285221,
                        1.074550150162248,
                        0.8351601931187917,
                        -5.584271211266063e-06,
                        0.5581120639113739,
                        0.3213827227974207
                    ],
                    [
                        1.074550150162248,
                        1.9944403289175308,
                        0.829474933828165,
                        -3.8699012391128205e-06,
                        1.2304180102724867,
                        0.48558447348087613
                    ],
                    [
                        0.8351601931187917,
                        0.829474933828165,
                        1.7291292135115581,
                        -1.0662768406396926e-05,
                        1.3907648526767649,
                        0.2658843767539078
                    ],
                    [
                        -5.584271211266063e-06,
                        -3.86990123911282e-06,
                        -1.0662768406396926e-05,
                        1.0318104057935604e-06,
                        -4.307858887290289e-06,
                        2.1401544841448527e-06
                    ],
                    [
                        0.558112063911374,
                        1.2304180102724867,
                        1.3907648526767649,
                        -4.3078588872902895e-06,
                        2.641734828461864,
                        -0.5554993372238
                    ],
                    [
                        0.3213827227974207,
                        0.48558447348087624,
                        0.2658843767539078,
                        2.1401544841448544e-06,
                        -0.5554993372238001,
                        1.7909848265192487
                    ]
                ]
            },
            "est_tgt": [
                3
            ],
            "oracle_est_tgt": [
                2,
                3,
                4
            ],
            "intv_base_est_tgt": [
                3,
                4,
                5
            ]
        },
        "4": {
            "intv_type": "do",
            "inode": 4,
            "new_mui": 1.0,
            "new_vari": null,
            "true_params": {
                "Si": [
                    [
                        1.0,
                        0.9132156178603359,
                        0.7350923340363702,
                        0.1585770100102568,
                        0.0,
                        0.8390327620235926
                    ],
                    [
                        0.9132156178603359,
                        1.833962764704035,
                        0.6712978000114203,
                        -0.7289939328026739,
                        0.0,
                        0.7221223730490973
                    ],
                    [
                        0.7350923340363702,
                        0.6712978000114203,
                        1.5403607395590386,
                        0.7031360145484326,
                        0.0,
                        2.0081851494874052
                    ],
                    [
                        0.1585770100102568,
                        -0.7289939328026739,
                        0.7031360145484326,
                        2.132749885344736,
                        0.0,
                        1.9567938518950885
                    ],
                    [
                        0.0,
                        0.0,
                        0.0,
                        0.0,
                        1e-09,
                        -9.072059163709923e-10
                    ],
                    [
                        0.8390327620235926,
                        0.7221223730490973,
                        2.0081851494874052,
                        1.9567938518950885,
                        -9.072059163709923e-10,
                        4.581025822848716
                    ]
                ],
                "mui": [
                    0.0,
                    0.0,
                    0.0,
                    0.0,
                    1.0,
                    -0.9072059163709922
                ],
                "Ai": [
                    [
                        0.0,
                        0.0,
                        0.0,
                        0.0,
                        0.0,
                        0.0
                    ],
                    [
                        0.9132156178603359,
                        0.0,
                        0.0,
                        0.0,
                        0.0,
                        0.0
                    ],
                    [
                        0.7350923340363702,
                        -0.0,
                        0.0,
                        0.0,
                        0.0,
                        0.0
                    ],
                    [
                        0.525371872784505,
                        -0.8738089349776352,
                        0.586567270135484,
                        0.0,
                        0.0,
                        0.0
                    ],
                    [
                        0.0,
                        0.0,
                        0.0,
                        0.0,
                        0.0,
                        0.0
                    ],
                    [
                        -0.6526318367359587,
                        0.8026699198536712,
                        0.8230050341839873,
                        0.9690509390393058,
                        -0.9072059163709922,
                        0.0
                    ]
                ]
            },
            "est_params": {
                "mui": [
                    0.0008542963267414806,
                    0.06224834507989694,
                    -0.08992310125562393,
                    -0.1029628593134743,
                    1.0000051121344569,
                    -1.1063293567493866
                ],
                "Si": [
                    [
                        0.9706108598541984,
                        0.7886835947228253,
                        0.7138328519228793,
                        0.19652705380322516,
                        -2.212323216658383e-06,
                        0.8015634170998089
                    ],
                    [
                        0.7886835947228253,
                        1.5812354193607803,
                        0.6243333292055305,
                        -0.6313518814829037,
                        1.6256880432120698e-06,
                        0.6674416461612573
                    ],
                    [
                        0.7138328519228793,
                        0.6243333292055304,
                        1.6357288115050057,
                        0.7996352145436382,
                        1.0768305126284145e-06,
                        2.150199983023177
                    ],
                    [
                        0.19652705380322513,
                        -0.6313518814829038,
                        0.7996352145436382,
                        2.1996367545381514,
                        -7.808923720491785e-06,
                        2.167642025752341
                    ],
                    [
                        -2.212323216658384e-06,
                        1.6256880432120705e-06,
                        1.0768305126284145e-06,
                        -7.808923720491787e-06,
                        1.0166522147951952e-06,
                        -8.341061783798195e-07
                    ],
                    [
                        0.801563417099809,
                        0.6674416461612573,
                        2.150199983023177,
                        2.167642025752341,
                        -8.341061783798224e-07,
                        4.883489603786383
                    ]
                ]
            },
            "est_tgt": [
                4,
                5
            ],
            "oracle_est_tgt": [
                0,
                2,
                4,
                5
            ],
            "intv_base_est_tgt": []
        },
        "5": {
            "intv_type": "do",
            "inode": 5,
            "new_mui": 1.0,
            "new_vari": null,
            "true_params": {
                "Si": [
                    [
                        1.0,
                        0.9132156178603359,
                        0.7350923340363702,
                        0.1585770100102568,
                        0.5551479117617824,
                        0.0
                    ],
                    [
                        0.9132156178603359,
                        1.833962764704035,
                        0.6712978000114203,
                        -0.7289939328026739,
                        0.8331156021123514,
                        0.0
                    ],
                    [
                        0.7350923340363702,
                        0.6712978000114203,
                        1.5403607395590386,
                        0.7031360145484326,
                        1.6613744847183798,
                        0.0
                    ],
                    [
                        0.1585770100102568,
                        -0.7289939328026739,
                        0.7031360145484326,
                        2.132749885344736,
                        1.0474838458052695,
                        0.0
                    ],
                    [
                        0.5551479117617824,
                        0.8331156021123514,
                        1.6613744847183798,
                        1.0474838458052695,
                        3.2446821341164878,
                        0.0
                    ],
                    [
                        0.0,
                        0.0,
                        0.0,
                        0.0,
                        0.0,
                        1e-09
                    ]
                ],
                "mui": [
                    0.0,
                    0.0,
                    0.0,
                    0.0,
                    0.0,
                    1.0
                ],
                "Ai": [
                    [
                        0.0,
                        0.0,
                        0.0,
                        0.0,
                        0.0,
                        0.0
                    ],
                    [
                        0.9132156178603359,
                        0.0,
                        0.0,
                        0.0,
                        0.0,
                        0.0
                    ],
                    [
                        0.7350923340363702,
                        -0.0,
                        0.0,
                        0.0,
                        0.0,
                        0.0
                    ],
                    [
                        0.525371872784505,
                        -0.8738089349776352,
                        0.586567270135484,
                        0.0,
                        0.0,
                        0.0
                    ],
                    [
                        -0.9315493588358962,
                        0.7711773685917802,
                        0.9545503842328067,
                        0.5093007085516132,
                        0.0,
                        0.0
                    ],
                    [
                        0.0,
                        0.0,
                        0.0,
                        0.0,
                        0.0,
                        0.0
                    ]
                ]
            },
            "est_params": {
                "mui": [
                    0.06715582897835935,
                    0.08968544232639408,
                    0.07452574853073593,
                    0.0012513485718407841,
                    0.05546907712880091,
                    0.9999969192226082
                ],
                "Si": [
                    [
                        1.0239917832755978,
                        0.944452911618734,
                        0.7233473234193293,
                        0.1851608085901293,
                        0.49305026468033614,
                        5.594412989693452e-07
                    ],
                    [
                        0.9444529116187341,
                        1.8615398170043955,
                        0.6722362762973922,
                        -0.7739838255839329,
                        0.6744708758030377,
                        -9.997489772438138e-07
                    ],
                    [
                        0.7233473234193293,
                        0.6722362762973922,
                        1.5706970221367682,
                        0.7263476776564339,
                        1.6022287132582873,
                        2.4886602288094778e-06
                    ],
                    [
                        0.1851608085901293,
                        -0.7739838255839329,
                        0.7263476776564339,
                        2.216390969590352,
                        1.032675253789115,
                        3.913968767094113e-07
                    ],
                    [
                        0.49305026468033614,
                        0.6744708758030377,
                        1.602228713258287,
                        1.032675253789115,
                        3.0080288671934077,
                        8.45112038307706e-07
                    ],
                    [
                        5.594412989693452e-07,
                        -9.997489772438136e-07,
                        2.488660228809478e-06,
                        3.913968767094111e-07,
                        8.451120383077062e-07,
                        1.0010183434506319e-06
                    ]
                ]
            },
            "est_tgt": [
                4,
                5
            ],
            "oracle_est_tgt": [
                2,
                3,
                5
            ],
            "intv_base_est_tgt": [
                3,
                4,
                5
            ]
        },
        "obs": {
            "intv_type": "obs",
            "true_params": {
                "Si": [
                    [
                        1.0,
                        0.9132156178603359,
                        0.7350923340363702,
                        0.1585770100102568,
                        0.5551479117617824,
                        0.335399292012302
                    ],
                    [
                        0.9132156178603359,
                        1.833962764704035,
                        0.6712978000114203,
                        -0.7289939328026739,
                        0.8331156021123514,
                        -0.033685030208209454
                    ],
                    [
                        0.7350923340363702,
                        0.6712978000114203,
                        1.5403607395590386,
                        0.7031360145484326,
                        1.6613744847183798,
                        0.5009763876430826
                    ],
                    [
                        0.1585770100102568,
                        -0.7289939328026739,
                        0.7031360145484326,
                        2.132749885344736,
                        1.0474838458052695,
                        1.006510309677508
                    ],
                    [
                        0.5551479117617824,
                        0.8331156021123514,
                        1.6613744847183798,
                        1.0474838458052695,
                        3.2446821341164878,
                        -0.25480042755644083
