{
    "expt_args": {
        "save_dir": "all_expt_logs/expt_logs_11.05.24-main_plus_oracle_donoisepert-corr-js-wrong",
        "exp_name": "107",
        "num_nodes": 6,
        "obs_noise_mean": 0.0,
        "obs_noise_var": 1.0,
        "max_edge_strength": 1.0,
        "graph_sparsity_method": "adj_dense_prop",
        "adj_dense_prop": 0.8,
        "num_parents": null,
        "new_noise_mean": 1.0,
        "mix_samples": 8192,
        "stage2_samples": 8192,
        "gmm_tol": 0.001,
        "intv_type": "do",
        "new_noise_var": null,
        "intv_targets": [
            0,
            1,
            2,
            3,
            4,
            5
        ]
    },
    "intv_args_dict": {
        "0": {
            "intv_type": "do",
            "inode": 0,
            "new_mui": 1.0,
            "new_vari": null,
            "true_params": {
                "Si": [
                    [
                        1e-09,
                        -7.740791472954696e-10,
                        0.0,
                        3.116553972911285e-10,
                        -1.0004342082100465e-09,
                        9.984748422577806e-10
                    ],
                    [
                        -7.740791472954696e-10,
                        1.0000000005991985,
                        0.0,
                        0.8748498831827369,
                        -0.5456763892777977,
                        0.33904349603107586
                    ],
                    [
                        0.0,
                        0.0,
                        1.0,
                        0.0,
                        -0.9451497964996702,
                        1.3764407470647384
                    ],
                    [
                        3.116553972911285e-10,
                        0.8748498831827369,
                        0.0,
                        1.7653623186240854,
                        -1.101122096068118,
                        1.5075040287433827
                    ],
                    [
                        -1.0004342082100465e-09,
                        -0.5456763892777977,
                        -0.9451497964996702,
                        -1.101122096068118,
                        2.5801189181403537,
                        -3.0232194196207325
                    ],
                    [
                        9.984748422577806e-10,
                        0.33904349603107586,
                        1.3764407470647384,
                        1.5075040287433827,
                        -3.0232194196207325,
                        5.087307766086234
                    ]
                ],
                "mui": [
                    1.0,
                    -0.7740791472954696,
                    0.0,
                    0.31165539729112846,
                    -1.0004342082100464,
                    0.9984748422577806
                ],
                "Ai": [
                    [
                        0.0,
                        0.0,
                        0.0,
                        0.0,
                        0.0,
                        0.0
                    ],
                    [
                        -0.7740791472954696,
                        0.0,
                        0.0,
                        0.0,
                        0.0,
                        0.0
                    ],
                    [
                        -0.0,
                        -0.0,
                        0.0,
                        0.0,
                        0.0,
                        0.0
                    ],
                    [
                        0.9888584490635061,
                        0.8748498834239828,
                        -0.0,
                        0.0,
                        0.0,
                        0.0
                    ],
                    [
                        -0.806043152834329,
                        0.0,
                        -0.9451497964996702,
                        -0.6237371695319289,
                        0.0,
                        0.0
                    ],
                    [
                        -0.566797340626501,
                        -0.720305109935746,
                        0.6373426504467755,
                        0.7231353668147946,
                        -0.7819904308874501,
                        0.0
                    ]
                ]
            },
            "est_params": {
                "mui": [
                    1.0000031530790185,
                    -0.7511135315849491,
                    -0.03226022371282099,
                    0.36993439179849713,
                    -1.0093146799877593,
                    0.9911170455241696
                ],
                "Si": [
                    [
                        1.019761685115657e-06,
                        -6.4901926600229616e-06,
                        -2.7821634722627956e-06,
                        -8.541279436295538e-06,
                        6.259812280603761e-06,
                        -9.094943430347543e-06
                    ],
                    [
                        -6.490192660022961e-06,
                        0.963212040356983,
                        -0.0266731175263862,
                        0.8812573259592396,
                        -0.5227962103531514,
                        0.32220170388512165
                    ],
                    [
                        -2.7821634722627956e-06,
                        -0.0266731175263862,
                        0.9556855330578032,
                        -0.04094461935168738,
                        -0.8890446550970129,
                        1.3079914243613802
                    ],
                    [
                        -8.541279436295538e-06,
                        0.8812573259592396,
                        -0.04094461935168738,
                        1.897394169094756,
                        -1.1606560070705025,
                        1.6131660955498976
                    ],
                    [
                        6.25981228060376e-06,
                        -0.5227962103531514,
                        -0.8890446550970131,
                        -1.1606560070705025,
                        2.5978439385541328,
                        -3.0800493322945144
                    ],
                    [
                        -9.094943430347541e-06,
                        0.3222017038851217,
                        1.3079914243613802,
                        1.6131660955498976,
                        -3.0800493322945144,
                        5.1783900571801675
                    ]
                ]
            },
            "est_tgt": [
                0
            ],
            "oracle_est_tgt": [
                0
            ],
            "intv_base_est_tgt": []
        },
        "1": {
            "intv_type": "do",
            "inode": 1,
            "new_mui": 1.0,
            "new_vari": null,
            "true_params": {
                "Si": [
                    [
                        1.0,
                        0.0,
                        0.0,
                        0.9888584490635061,
                        -1.4228309229209335,
                        1.2609213431598754
                    ],
                    [
                        0.0,
                        1e-09,
                        0.0,
                        8.748498834239828e-10,
                        -5.456763900522131e-10,
                        3.390434968039745e-10
                    ],
                    [
                        0.0,
                        0.0,
                        1.0,
                        0.0,
                        -0.9451497964996702,
                        1.3764407470647384
                    ],
                    [
                        0.9888584490635061,
                        8.748498834239828e-10,
                        0.0,
                        1.977841033049645,
                        -2.030715549728505,
                        2.4577645888623456
                    ],
                    [
                        -1.4228309229209335,
                        -5.456763900522131e-10,
                        -0.9451497964996702,
                        -2.030715549728505,
                        4.306804029996869,
                        -4.632289265819029
                    ],
                    [
                        1.2609213431598754,
                        3.390434968039745e-10,
                        1.3764407470647384,
                        2.4577645888623456,
                        -4.632289265819029,
                        6.56227990611527
                    ]
                ],
                "mui": [
                    0.0,
                    1.0,
                    0.0,
                    0.8748498834239828,
                    -0.545676390052213,
                    0.33904349680397444
                ],
                "Ai": [
                    [
                        0.0,
                        0.0,
                        0.0,
                        0.0,
                        0.0,
                        0.0
                    ],
                    [
                        0.0,
                        0.0,
                        0.0,
                        0.0,
                        0.0,
                        0.0
                    ],
                    [
                        -0.0,
                        -0.0,
                        0.0,
                        0.0,
                        0.0,
                        0.0
                    ],
                    [
                        0.9888584490635061,
                        0.8748498834239828,
                        -0.0,
                        0.0,
                        0.0,
                        0.0
                    ],
                    [
                        -0.806043152834329,
                        0.0,
                        -0.9451497964996702,
                        -0.6237371695319289,
                        0.0,
                        0.0
                    ],
                    [
                        -0.566797340626501,
                        -0.720305109935746,
                        0.6373426504467755,
                        0.7231353668147946,
                        -0.7819904308874501,
                        0.0
                    ]
                ]
            },
            "est_params": {
                "mui": [
                    -0.021315517715816357,
                    1.0000014973759959,
                    -0.007973911708683128,
                    0.8751900002535921,
                    -0.5372183818856048,
                    0.3975099315217208
                ],
                "Si": [
                    [
                        0.9710662403454208,
                        -3.3340291036880927e-06,
                        0.0008808793689798203,
                        0.9210127345273252,
                        -1.3350515156956526,
                        1.1653756729443308
                    ],
                    [
                        -3.3340291036880927e-06,
                        1.0127942223253842e-06,
                        5.064527013023703e-06,
                        -5.800723704083541e-06,
                        3.824353717745631e-06,
                        1.9571933577953917e-07
                    ],
                    [
                        0.0008808793689798144,
                        5.064527013023704e-06,
                        1.027492010854372,
                        0.04908248219826944,
                        -1.0340558873857362,
                        1.5063932471557995
                    ],
                    [
                        0.9210127345273252,
                        -5.800723704083543e-06,
                        0.04908248219826943,
                        1.8680194660099847,
                        -1.986768453799814,
                        2.4715496623377438
                    ],
                    [
                        -1.3350515156956524,
                        3.824353717745631e-06,
                        -1.0340558873857362,
                        -1.986768453799814,
                        4.365879784405964,
                        -4.781484842018985
                    ],
                    [
                        1.1653756729443308,
                        1.9571933577954102e-07,
                        1.5063932471557995,
                        2.4715496623377438,
                        -4.781484842018985,
                        6.88346714084878
                    ]
                ]
            },
            "est_tgt": [
                1,
                5
            ],
            "oracle_est_tgt": [
                1,
                5
            ],
            "intv_base_est_tgt": [
                0,
                1,
                3,
                4
            ]
        },
        "2": {
            "intv_type": "do",
            "inode": 2,
            "new_mui": 1.0,
            "new_vari": null,
            "true_params": {
                "Si": [
                    [
                        1.0,
                        -0.7740791472954696,
                        0.0,
                        0.31165539729112846,
                        -1.0004342082100464,
                        0.9984748422577806
                    ],
                    [
                        -0.7740791472954696,
                        1.5991985262776813,
                        0.0,
                        0.6336039392388353,
                        0.22873886876423788,
                        -0.43385505768690685
                    ],
                    [
                        0.0,
                        0.0,
                        1e-09,
                        0.0,
                        -9.451497964996704e-10,
                        1.3764407470647385e-09
                    ],
                    [
                        0.31165539729112846,
                        0.6336039392388353,
                        0.0,
                        1.8624914051876473,
                        -1.4129128163796647,
                        1.818684102081248
                    ],
                    [
                        -1.0004342082100464,
                        0.22873886876423788,
                        -9.451497964996704e-10,
                        -1.4129128163796647,
                        2.6876793851662875,
                        -2.721185116172489
                    ],
                    [
                        0.9984748422577806,
                        -0.43385505768690685,
                        1.3764407470647385e-09,
                        1.818684102081248,
                        -2.721185116172489,
                        4.1896706474254355
                    ]
                ],
                "mui": [
                    0.0,
                    0.0,
                    1.0,
                    0.0,
                    -0.9451497964996702,
                    1.3764407470647384
                ],
                "Ai": [
                    [
                        0.0,
                        0.0,
                        0.0,
                        0.0,
                        0.0,
                        0.0
                    ],
                    [
                        -0.7740791472954696,
                        0.0,
                        0.0,
                        0.0,
                        0.0,
                        0.0
                    ],
                    [
                        0.0,
                        0.0,
                        0.0,
                        0.0,
                        0.0,
                        0.0
                    ],
                    [
                        0.9888584490635061,
                        0.8748498834239828,
                        -0.0,
                        0.0,
                        0.0,
                        0.0
                    ],
                    [
                        -0.806043152834329,
                        0.0,
                        -0.9451497964996702,
                        -0.6237371695319289,
                        0.0,
                        0.0
                    ],
                    [
                        -0.566797340626501,
                        -0.720305109935746,
                        0.6373426504467755,
                        0.7231353668147946,
                        -0.7819904308874501,
                        0.0
                    ]
                ]
            },
            "est_params": {
                "mui": [
                    -0.005898279607349226,
                    0.01654628759802683,
                    1.0000010949618179,
                    0.008348662058181423,
                    -0.9581698758096394,
                    1.4099067118412325
                ],
                "Si": [
                    [
                        0.9815909752192821,
                        -0.781328408136088,
                        4.530279836048559e-07,
                        0.3132931653126899,
                        -0.9899227067554071,
                        1.0437296363320463
                    ],
                    [
                        -0.781328408136088,
                        1.637208638607376,
                        -1.265304442372667e-06,
                        0.6230671438062639,
                        0.2546097871810447,
                        -0.49561905325478695
                    ],
                    [
                        4.5302798360485555e-07,
                        -1.265304442372667e-06,
                        1.0042798139522298e-06,
                        1.4454051470240194e-06,
                        -4.101998633034042e-06,
                        4.065739346354566e-06
                    ],
                    [
                        0.31329316531268997,
                        0.6230671438062638,
                        1.4454051470240192e-06,
                        1.6842907702416214,
                        -1.32482314580153,
                        1.6411930333824492
                    ],
                    [
                        -0.9899227067554071,
                        0.2546097871810447,
                        -4.101998633034042e-06,
                        -1.3248231458015305,
                        2.6713143770924557,
                        -2.705476342902282
                    ],
                    [
                        1.0437296363320463,
                        -0.49561905325478695,
                        4.065739346354566e-06,
                        1.6411930333824492,
                        -2.7054763429022817,
                        4.099454007679055
                    ]
                ]
            },
            "est_tgt": [
                2
            ],
            "oracle_est_tgt": [
                2
            ],
            "intv_base_est_tgt": [
                0,
                1,
                2,
                3,
                4
            ]
        },
        "3": {
            "intv_type": "do",
            "inode": 3,
            "new_mui": 1.0,
            "new_vari": null,
            "true_params": {
                "Si": [
                    [
                        1.0,
                        -0.7740791472954696,
                        0.0,
                        0.0,
                        -0.806043152834329,
                        0.6210938570639265
                    ],
                    [
                        -0.7740791472954696,
                        1.5991985262776813,
                        0.0,
                        0.0,
                        0.6239411964293493,
                        -1.2010809132022446
                    ],
                    [
                        0.0,
                        0.0,
                        1.0,
                        0.0,
                        -0.9451497964996702,
                        1.3764407470647384
                    ],
                    [
                        0.0,
                        0.0,
                        0.0,
                        1e-09,
                        -6.23737169531929e-10,
                        1.2108918647775863e-09
                    ],
                    [
                        -0.806043152834329,
                        0.6239411964293493,
                        -0.9451497964996702,
                        -6.23737169531929e-10,
                        2.5430137024435218,
                        -2.5835615743786615
                    ],
                    [
                        0.6210938570639265,
                        -1.2010809132022446,
                        1.3764407470647384,
                        1.2108918647775863e-09,
                        -2.5835615743786615,
                        4.410695196328026
                    ]
                ],
                "mui": [
                    0.0,
                    0.0,
                    0.0,
                    1.0,
                    -0.6237371695319289,
                    1.2108918647775861
                ],
                "Ai": [
                    [
                        0.0,
                        0.0,
                        0.0,
                        0.0,
                        0.0,
                        0.0
                    ],
                    [
                        -0.7740791472954696,
                        0.0,
                        0.0,
                        0.0,
                        0.0,
                        0.0
                    ],
                    [
                        -0.0,
                        -0.0,
                        0.0,
                        0.0,
                        0.0,
                        0.0
                    ],
                    [
                        0.0,
                        0.0,
                        0.0,
                        0.0,
                        0.0,
                        0.0
                    ],
                    [
                        -0.806043152834329,
                        0.0,
                        -0.9451497964996702,
                        -0.6237371695319289,
                        0.0,
                        0.0
                    ],
                    [
                        -0.566797340626501,
                        -0.720305109935746,
                        0.6373426504467755,
                        0.7231353668147946,
                        -0.7819904308874501,
                        0.0
                    ]
                ]
            },
            "est_params": {
                "mui": [
                    -0.0406644447946273,
                    0.04690316032392562,
                    -0.015218823171656896,
                    1.0000014357219198,
                    -0.5895487322543528,
                    1.1514646190756233
                ],
                "Si": [
                    [
                        1.0195619831899623,
                        -0.7919923016806804,
                        0.005092216883529344,
                        -2.0388733079591778e-07,
                        -0.8656369889002831,
                        0.6634546717302043
                    ],
                    [
                        -0.7919923016806804,
                        1.6680420424146898,
                        0.010189743275644234,
                        1.872827077860126e-07,
                        0.6945449873110651,
                        -1.2734297886652326
                    ],
                    [
                        0.0050922168835293505,
                        0.010189743275644234,
                        1.008542021953396,
                        -5.622860921378103e-07,
                        -0.9770698583353101,
                        1.41974554094762
                    ],
                    [
                        -2.0388733079591693e-07,
                        1.8728270778601213e-07,
                        -5.622860921378101e-07,
                        1.002454029019046e-06,
                        -1.6538038354428834e-06,
                        -4.210706294216198e-07
                    ],
                    [
                        -0.865636988900283,
                        0.6945449873110651,
                        -0.9770698583353101,
                        -1.6538038354428834e-06,
                        2.6911167353486447,
                        -2.755336675790097
                    ],
                    [
                        0.6634546717302044,
                        -1.2734297886652326,
                        1.41974554094762,
                        -4.210706294216197e-07,
                        -2.755336675790097,
                        4.603700562435679
                    ]
                ]
            },
            "est_tgt": [
                3
            ],
            "oracle_est_tgt": [
                3
            ],
            "intv_base_est_tgt": [
                0,
                1,
                3,
                4
            ]
        },
        "4": {
            "intv_type": "do",
            "inode": 4,
            "new_mui": 1.0,
            "new_vari": null,
            "true_params": {
                "Si": [
                    [
                        1.0,
                        -0.7740791472954696,
                        0.0,
                        0.31165539729112846,
                        0.0,
                        0.21614486470506147
                    ],
                    [
                        -0.7740791472954696,
                        1.5991985262776813,
                        0.0,
                        0.6336039392388353,
                        0.0,
                        -0.2549834511412525
                    ],
                    [
                        0.0,
                        0.0,
                        1.0,
                        0.0,
                        0.0,
                        0.6373426504467755
                    ],
                    [
                        0.31165539729112846,
                        0.6336039392388353,
                        0.0,
                        1.8624914051876473,
                        0.0,
                        0.7137997999941135
                    ],
                    [
                        0.0,
                        0.0,
                        0.0,
                        0.0,
                        1e-09,
                        -7.819904308874502e-10
                    ],
                    [
                        0.21614486470506147,
                        -0.2549834511412525,
                        0.6373426504467755,
                        0.7137997999941135,
                        -7.819904308874502e-10,
                        1.983535083192292
                    ]
                ],
                "mui": [
                    0.0,
                    0.0,
                    0.0,
                    0.0,
                    1.0,
                    -0.7819904308874501
                ],
                "Ai": [
                    [
                        0.0,
                        0.0,
                        0.0,
                        0.0,
                        0.0,
                        0.0
                    ],
                    [
                        -0.7740791472954696,
                        0.0,
                        0.0,
                        0.0,
                        0.0,
                        0.0
                    ],
                    [
                        -0.0,
                        -0.0,
                        0.0,
                        0.0,
                        0.0,
                        0.0
                    ],
                    [
                        0.9888584490635061,
                        0.8748498834239828,
                        -0.0,
                        0.0,
                        0.0,
                        0.0
                    ],
                    [
                        0.0,
                        0.0,
                        0.0,
                        0.0,
                        0.0,
                        0.0
                    ],
                    [
                        -0.566797340626501,
                        -0.720305109935746,
                        0.6373426504467755,
                        0.7231353668147946,
                        -0.7819904308874501,
                        0.0
                    ]
                ]
            },
            "est_params": {
                "mui": [
                    0.02164329279094747,
                    0.019950866948811555,
                    0.0021060175900640544,
                    0.027467856443769076,
                    0.999999507940545,
                    -0.7557450098052004
                ],
                "Si": [
                    [
                        1.045972765991765,
                        -0.7622189145248568,
                        0.012846759520248208,
                        0.3546405289745902,
                        -1.2821258351521635e-06,
                        0.22468896339367758
                    ],
                    [
                        -0.7622189145248568,
                        1.59315368444912,
                        -0.06236296200261632,
                        0.6697982481437229,
                        4.1191230348724986e-06,
                        -0.3171673329174671
                    ],
                    [
                        0.012846759520248208,
                        -0.06236296200261632,
                        0.9787162369982065,
                        -0.04736404234311412,
                        6.521623891258353e-07,
                        0.666330633924304
                    ],
                    [
                        0.3546405289745902,
                        0.6697982481437229,
                        -0.04736404234311414,
                        1.886243557198705,
                        4.872623053303561e-06,
                        0.5473108226416684
                    ],
                    [
                        -1.2821258351521633e-06,
                        4.1191230348724986e-06,
                        6.521623891258352e-07,
                        4.872623053303561e-06,
                        1.0170234270439275e-06,
                        -1.4390888347225926e-06
                    ],
                    [
                        0.22468896339367758,
                        -0.3171673329174671,
                        0.666330633924304,
                        0.5473108226416684,
                        -1.4390888347225929e-06,
                        1.9491141426676741
                    ]
                ]
            },
            "est_tgt": [
                4,
                5
            ],
            "oracle_est_tgt": [
                4,
                5
            ],
            "intv_base_est_tgt": [
                0,
                1,
                3,
                4,
                5
            ]
        },
        "5": {
            "intv_type": "do",
            "inode": 5,
            "new_mui": 1.0,
            "new_vari": null,
            "true_params": {
                "Si": [
                    [
                        1.0,
                        -0.7740791472954696,
                        0.0,
                        0.31165539729112846,
                        -1.0004342082100464,
                        0.0
                    ],
                    [
                        -0.7740791472954696,
                        1.5991985262776813,
                        0.0,
                        0.6336039392388353,
                        0.22873886876423788,
                        0.0
                    ],
                    [
                        0.0,
                        0.0,
                        1.0,
                        0.0,
                        -0.9451497964996702,
                        0.0
                    ],
                    [
                        0.31165539729112846,
                        0.6336039392388353,
                        0.0,
                        1.8624914051876473,
                        -1.4129128163796647,
                        0.0
                    ],
                    [
                        -1.0004342082100464,
                        0.22873886876423788,
                        -0.9451497964996702,
                        -1.4129128163796647,
                        3.580987522096348,
                        0.0
                    ],
                    [
                        0.0,
                        0.0,
                        0.0,
                        0.0,
                        0.0,
                        1e-09
                    ]
                ],
                "mui": [
                    0.0,
                    0.0,
                    0.0,
                    0.0,
                    0.0,
                    1.0
                ],
                "Ai": [
                    [
                        0.0,
                        0.0,
                        0.0,
                        0.0,
                        0.0,
                        0.0
                    ],
                    [
                        -0.7740791472954696,
                        0.0,
                        0.0,
                        0.0,
                        0.0,
                        0.0
                    ],
                    [
                        -0.0,
                        -0.0,
                        0.0,
                        0.0,
                        0.0,
                        0.0
                    ],
                    [
                        0.9888584490635061,
                        0.8748498834239828,
                        -0.0,
                        0.0,
                        0.0,
                        0.0
                    ],
                    [
                        -0.806043152834329,
                        0.0,
                        -0.9451497964996702,
                        -0.6237371695319289,
                        0.0,
                        0.0
                    ],
                    [
                        0.0,
                        0.0,
                        0.0,
                        0.0,
                        0.0,
                        0.0
                    ]
                ]
            },
            "est_params": {
                "mui": [
                    0.01707173807406484,
                    0.02154376785958939,
                    -0.001342402891062005,
                    0.057769486039648626,
                    -0.0667699553332881,
                    1.0000038371615516
                ],
                "Si": [
                    [
                        1.044204557103211,
                        -0.802141988544003,
                        0.031240195994013245,
                        0.35235960250705106,
                        -1.0729654019366803,
                        2.9784477513679586e-06
                    ],
                    [
                        -0.802141988544003,
                        1.683823235703509,
                        -0.07889406420431219,
                        0.7086093876955631,
                        0.30767168841279335,
                        1.3735324375219084e-08
                    ],
                    [
                        0.031240195994013245,
                        -0.07889406420431219,
                        1.075655592805706,
                        -0.0695303375722688,
                        -0.9984679582386953,
                        2.4389234416172637e-06
                    ],
                    [
                        0.35235960250705106,
                        0.7086093876955631,
                        -0.06953033757226879,
                        1.9316319459002618,
                        -1.413781189183745,
                        2.7703854762208723e-06
                    ],
                    [
                        -1.0729654019366803,
                        0.3076716884127933,
                        -0.9984679582386953,
                        -1.413781189183745,
                        3.700915927470328,
                        -3.852739205965212e-06
                    ],
                    [
                        2.9784477513679586e-06,
                        1.3735324375218714e-08,
                        2.4389234416172637e-06,
                        2.7703854762208723e-06,
                        -3.852739205965211e-06,
                        1.0131136444122052e-06
                    ]
                ]
            },
            "est_tgt": [
                4,
                5
            ],
            "oracle_est_tgt": [
                4,
                5
            ],
            "intv_base_est_tgt": [
                0,
                1,
                3,
                4,
                5
            ]
        },
        "obs": {
            "intv_type": "obs",
            "true_params": {
                "Si": [
                    [
                        1.0,
                        -0.7740791472954696,
                        0.0,
                        0.31165539729112846,
                        -1.0004342082100464,
                        0.9984748422577806
                    ],
                    [
                        -0.7740791472954696,
                        1.5991985262776813,
                        0.0,
                        0.6336039392388353,
                        0.22873886876423788,
                        -0.43385505768690685
                    ],
                    [
                        0.0,
                        0.0,
                        1.0,
                        0.0,
                        -0.9451497964996702,
                        1.3764407470647384
                    ],
                    [
                        0.31165539729112846,
                        0.6336039392388353,
                        0.0,
                        1.8624914051876473,
                        -1.4129128163796647,
                        1.818684102081248
                    ],
                    [
                        -1.0004342082100464,
                        0.22873886876423788,
                        -0.9451497964996702,
                        -1.4129128163796647,
                        3.580987522096348,
                        -4.0221278068536375
                    ],
                    [
                        0.9984748422577806,
                        -0.43385505768690685,
                        1.3764407470647384,
                        1.818684102081248,
                        -4.0221278068536375,
                        6.084259775710982
                    ]
                ],
                "mui": [
                    0.0,
                    0.0,
                    0.0,
                    0.0,
                    0.0,
                    0.0
                ],
                "Ai": [
                    [
                        0.0,
                        0.0,
                        0.0,
                        0.0,
                        0.0,
                        0.0
                    ],
                    [
