{
    "expt_args": {
        "save_dir": "all_expt_logs/expt_logs_11.05.24-main_plus_oracle_donoisepert-corr-js-wrong",
        "exp_name": "87",
        "num_nodes": 6,
        "obs_noise_mean": 0.0,
        "obs_noise_var": 1.0,
        "max_edge_strength": 1.0,
        "graph_sparsity_method": "adj_dense_prop",
        "adj_dense_prop": 0.8,
        "num_parents": null,
        "new_noise_mean": 1.0,
        "mix_samples": 131072,
        "stage2_samples": 131072,
        "gmm_tol": 0.001,
        "intv_type": "do",
        "new_noise_var": null,
        "intv_targets": [
            0,
            1,
            2,
            3,
            4,
            5
        ]
    },
    "intv_args_dict": {
        "0": {
            "intv_type": "do",
            "inode": 0,
            "new_mui": 1.0,
            "new_vari": null,
            "true_params": {
                "Si": [
                    [
                        1e-09,
                        5.58699831507949e-10,
                        5.125281621673433e-10,
                        -4.749490736411172e-11,
                        -6.948084310755492e-10,
                        7.415214249095368e-10
                    ],
                    [
                        5.58699831507949e-10,
                        1.0000000003121454,
                        0.9173587200554482,
                        1.3800098751592278,
                        1.2673789726166969,
                        1.0020406727393267
                    ],
                    [
                        5.125281621673433e-10,
                        0.9173587200554482,
                        1.841547020999085,
                        1.9834904231596888,
                        2.5493008448155496,
                        0.8899918783521934
                    ],
                    [
                        -4.749490736411172e-11,
                        1.3800098751592278,
                        1.9834904231596888,
                        3.4192712910251832,
                        3.510123404973074,
                        1.3574574060770201
                    ],
                    [
                        -6.948084310755492e-10,
                        1.2673789726166969,
                        2.5493008448155496,
                        3.510123404973074,
                        5.116080408089454,
                        0.32113700420493885
                    ],
                    [
                        7.415214249095368e-10,
                        1.0020406727393267,
                        0.8899918783521934,
                        1.3574574060770201,
                        0.32113700420493885,
                        2.8238421585855695
                    ]
                ],
                "mui": [
                    1.0,
                    0.558699831507949,
                    0.5125281621673433,
                    -0.047494907364111716,
                    -0.6948084310755491,
                    0.7415214249095368
                ],
                "Ai": [
                    [
                        0.0,
                        0.0,
                        0.0,
                        0.0,
                        0.0,
                        0.0
                    ],
                    [
                        0.558699831507949,
                        0.0,
                        0.0,
                        0.0,
                        0.0,
                        0.0
                    ],
                    [
                        -0.0,
                        0.9173587197690988,
                        0.0,
                        0.0,
                        0.0,
                        0.0
                    ],
                    [
                        -0.8185061921097034,
                        0.7217808389487825,
                        0.7175263308149058,
                        0.0,
                        0.0,
                        0.0
                    ],
                    [
                        -0.77578363691524,
                        -0.5576872075496717,
                        0.8369175202275416,
                        0.7661630649592028,
                        0.0,
                        0.0
                    ],
                    [
                        -0.5239340198723238,
                        0.5273680637807263,
                        0.7312547736058896,
                        0.6889282832482146,
                        -0.90492125323332,
                        0.0
                    ]
                ]
            },
            "est_params": {
                "mui": [
                    0.9999994125724456,
                    0.5656254228206774,
                    0.5176208742020402,
                    -0.035663145366540555,
                    -0.6903675261631055,
                    0.7466863318016511
                ],
                "Si": [
                    [
                        1.0113725282487334e-06,
                        6.388665860183833e-07,
                        7.191787360739113e-07,
                        1.4842840754196666e-06,
                        7.597139680673145e-07,
                        1.8964314747682085e-06
                    ],
                    [
                        6.388665860183832e-07,
                        1.0013058474265535,
                        0.9257349920093447,
                        1.38790247960256,
                        1.2706269690439445,
                        1.004518738620076
                    ],
                    [
                        7.191787360739111e-07,
                        0.9257349920093447,
                        1.8485605773664788,
                        1.9992892099965565,
                        2.550095647223698,
                        0.9027349262241282
                    ],
                    [
                        1.4842840754196661e-06,
                        1.38790247960256,
                        1.9992892099965565,
                        3.432148299707209,
                        3.512116327318131,
                        1.3755040666594995
                    ],
                    [
                        7.597139680673144e-07,
                        1.2706269690439445,
                        2.550095647223698,
                        3.512116327318131,
                        5.093135026814026,
                        0.33686453175311326
                    ],
                    [
                        1.8964314747682087e-06,
                        1.004518738620076,
                        0.9027349262241282,
                        1.3755040666594995,
                        0.3368645317531132,
                        2.8333798797613583
                    ]
                ]
            },
            "est_tgt": [
                0
            ],
            "oracle_est_tgt": [
                0
            ],
            "intv_base_est_tgt": [
                0,
                5
            ]
        },
        "1": {
            "intv_type": "do",
            "inode": 1,
            "new_mui": 1.0,
            "new_vari": null,
            "true_params": {
                "Si": [
                    [
                        1.0,
                        0.0,
                        0.0,
                        -0.8185061921097034,
                        -1.4028928497500965,
                        0.18168147011742586
                    ],
                    [
                        0.0,
                        1e-09,
                        9.173587197690988e-10,
                        1.3800098751857633e-09,
                        1.2673789730048862e-09,
                        1.002040672325039e-09
                    ],
                    [
                        0.0,
                        9.173587197690988e-10,
                        1.000000000841547,
                        0.7175263320808699,
                        1.386659694196262,
                        -0.029238869429291048
                    ],
                    [
                        -0.8185061921097034,
                        1.3800098751857633e-09,
                        0.7175263320808699,
                        2.184796423839056,
                        2.909404392726418,
                        -0.17407602393397745
                    ],
                    [
                        -1.4028928497500965,
                        1.2673789730048862e-09,
                        1.386659694196262,
                        2.909404392726418,
                        5.477939295877972,
                        -1.203707907570136
                    ],
                    [
                        0.18168147011742586,
                        1.002040672325039e-09,
                        -0.029238869429291048,
                        -0.17407602393397745,
                        -1.203707907570136,
                        1.8527648066302143
                    ]
                ],
                "mui": [
                    0.0,
                    1.0,
                    0.9173587197690988,
                    1.3800098751857632,
                    1.2673789730048861,
                    1.0020406723250388
                ],
                "Ai": [
                    [
                        0.0,
                        0.0,
                        0.0,
                        0.0,
                        0.0,
                        0.0
                    ],
                    [
                        0.0,
                        0.0,
                        0.0,
                        0.0,
                        0.0,
                        0.0
                    ],
                    [
                        -0.0,
                        0.9173587197690988,
                        0.0,
                        0.0,
                        0.0,
                        0.0
                    ],
                    [
                        -0.8185061921097034,
                        0.7217808389487825,
                        0.7175263308149058,
                        0.0,
                        0.0,
                        0.0
                    ],
                    [
                        -0.77578363691524,
                        -0.5576872075496717,
                        0.8369175202275416,
                        0.7661630649592028,
                        0.0,
                        0.0
                    ],
                    [
                        -0.5239340198723238,
                        0.5273680637807263,
                        0.7312547736058896,
                        0.6889282832482146,
                        -0.90492125323332,
                        0.0
                    ]
                ]
            },
            "est_params": {
                "mui": [
                    0.013490447067650636,
                    0.9999997622600223,
                    0.9208658795738998,
                    1.3700708019388297,
                    1.2386546413863346,
                    1.0172777449515222
                ],
                "Si": [
                    [
                        0.9973578784179499,
                        7.709682521588118e-07,
                        0.0020495519332599335,
                        -0.8054473066154165,
                        -1.3878959409669254,
                        0.19027596620674475
                    ],
                    [
                        7.709682521588118e-07,
                        1.0112033861305013e-06,
                        7.791247761350993e-07,
                        1.3138295727222314e-07,
                        -4.792799997944717e-08,
                        1.5708800341083695e-06
                    ],
                    [
                        0.0020495519332599296,
                        7.791247761350991e-07,
                        0.9959255396056406,
                        0.7194100521620185,
                        1.3650590133940081,
                        -0.020806938943888305
                    ],
                    [
                        -0.8054473066154165,
                        1.3138295727222332e-07,
                        0.7194100521620185,
                        2.1737335481473865,
                        2.8765201017668054,
                        -0.18028364021643759
                    ],
                    [
                        -1.3878959409669254,
                        -4.7927999979447246e-08,
                        1.3650590133940081,
                        2.8765201017668054,
                        5.400804436551003,
                        -1.2128120078637232
                    ],
                    [
                        0.19027596620674475,
                        1.570880034108369e-06,
                        -0.0208069389438883,
                        -0.18028364021643759,
                        -1.2128120078637232,
                        1.8477962454042427
                    ]
                ]
            },
            "est_tgt": [
                1
            ],
            "oracle_est_tgt": [
                1
            ],
            "intv_base_est_tgt": [
                1,
                5
            ]
        },
        "2": {
            "intv_type": "do",
            "inode": 2,
            "new_mui": 1.0,
            "new_vari": null,
            "true_params": {
                "Si": [
                    [
                        1.0,
                        0.558699831507949,
                        0.0,
                        -0.4152473590033526,
                        -1.4055105750976031,
                        0.7565071693931138
                    ],
                    [
                        0.558699831507949,
                        1.3121455017270107,
                        0.0,
                        0.48978220943948864,
                        -0.789943909241519,
                        1.4515236330699415
                    ],
                    [
                        0.0,
                        0.0,
                        1e-09,
                        7.175263308149059e-10,
                        1.386659693033621e-09,
                        -2.92388703485218e-11
                    ],
                    [
                        -0.4152473590033526,
                        0.48978220943948864,
                        7.175263308149059e-10,
                        1.6933979491477116,
                        1.3464157972124018,
                        0.42408718541083074
                    ],
                    [
                        -1.4055105750976031,
                        -0.789943909241519,
                        1.386659693033621e-09,
                        1.3464157972124018,
                        3.562487773600085,
                        -1.9763833603168801
                    ],
                    [
                        0.7565071693931138,
                        1.4515236330699415,
                        -2.92388703485218e-11,
                        0.42408718541083074,
                        -1.9763833603168801,
                        3.4497643294403946
                    ]
                ],
                "mui": [
                    0.0,
                    0.0,
                    1.0,
                    0.7175263308149058,
                    1.3866596930336208,
                    -0.029238870348521795
                ],
                "Ai": [
                    [
                        0.0,
                        0.0,
                        0.0,
                        0.0,
                        0.0,
                        0.0
                    ],
                    [
                        0.558699831507949,
                        0.0,
                        0.0,
                        0.0,
                        0.0,
                        0.0
                    ],
                    [
                        0.0,
                        0.0,
                        0.0,
                        0.0,
                        0.0,
                        0.0
                    ],
                    [
                        -0.8185061921097034,
                        0.7217808389487825,
                        0.7175263308149058,
                        0.0,
                        0.0,
                        0.0
                    ],
                    [
                        -0.77578363691524,
                        -0.5576872075496717,
                        0.8369175202275416,
                        0.7661630649592028,
                        0.0,
                        0.0
                    ],
                    [
                        -0.5239340198723238,
                        0.5273680637807263,
                        0.7312547736058896,
                        0.6889282832482146,
                        -0.90492125323332,
                        0.0
                    ]
                ]
            },
            "est_params": {
                "mui": [
                    -0.004715350700823038,
                    -0.018202831494776042,
                    0.9999999301874548,
                    0.7024808096841909,
                    1.3844067172081929,
                    -0.05157644644558504
                ],
                "Si": [
                    [
                        0.9987850465872435,
                        0.5488990240735158,
                        1.1157443588984033e-08,
                        -0.422476863286088,
                        -1.4052268306903943,
                        0.7531167118086188
                    ],
                    [
                        0.5488990240735158,
                        1.298064367173753,
                        3.2256354891048784e-07,
                        0.5020944232161759,
                        -0.7560245522144602,
                        1.421750739105981
                    ],
                    [
                        1.1157443588984033e-08,
                        3.2256354891048795e-07,
                        1.0101390577365716e-06,
                        -8.277683396684478e-07,
                        -8.624324839017702e-07,
                        7.12333930476549e-07
                    ],
                    [
                        -0.42247686328608797,
                        0.5020944232161758,
                        -8.277683396684479e-07,
                        1.7081426438034955,
                        1.3610745935441813,
                        0.4140976657789487
                    ],
                    [
                        -1.4052268306903943,
                        -0.7560245522144602,
                        -8.624324839017699e-07,
                        1.3610745935441815,
                        3.556522462496129,
                        -1.956713942732722
                    ],
                    [
                        0.7531167118086188,
                        1.421750739105981,
                        7.12333930476549e-07,
                        0.4140976657789487,
                        -1.9567139427327218,
                        3.4058022299376516
                    ]
                ]
            },
            "est_tgt": [
                2
            ],
            "oracle_est_tgt": [
                2
            ],
            "intv_base_est_tgt": [
                2,
                5
            ]
        },
        "3": {
            "intv_type": "do",
            "inode": 3,
            "new_mui": 1.0,
            "new_vari": null,
            "true_params": {
                "Si": [
                    [
                        1.0,
                        0.558699831507949,
                        0.5125281621673433,
                        0.0,
                        -0.6584195872795079,
                        0.7413129717713023
                    ],
                    [
                        0.558699831507949,
                        1.3121455017270107,
                        1.2037081176150721,
                        0.0,
                        -0.1577925351159997,
                        1.4222689096826278
                    ],
                    [
                        0.5125281621673433,
                        1.2037081176150721,
                        2.1042321377510342,
                        0.0,
                        0.6921651622244076,
                        1.2786411085025078
                    ],
                    [
                        0.0,
                        0.0,
                        0.0,
                        1e-09,
                        7.661630649592029e-10,
                        -4.3889576757487614e-12
                    ],
                    [
                        -0.6584195872795079,
                        -0.1577925351159997,
                        0.6921651622244076,
                        7.661630649592029e-10,
                        2.178075172060704,
                        -1.2030837574065754
                    ],
                    [
                        0.7413129717713023,
                        1.4222689096826278,
                        1.2786411085025078,
                        -4.3889576757487614e-12,
                        -1.2030837574065754,
                        3.3853685916063863
                    ]
                ],
                "mui": [
                    0.0,
                    0.0,
                    0.0,
                    1.0,
                    0.7661630649592028,
                    -0.004388957675748761
                ],
                "Ai": [
                    [
                        0.0,
                        0.0,
                        0.0,
                        0.0,
                        0.0,
                        0.0
                    ],
                    [
                        0.558699831507949,
                        0.0,
                        0.0,
                        0.0,
                        0.0,
                        0.0
                    ],
                    [
                        -0.0,
                        0.9173587197690988,
                        0.0,
                        0.0,
                        0.0,
                        0.0
                    ],
                    [
                        0.0,
                        0.0,
                        0.0,
                        0.0,
                        0.0,
                        0.0
                    ],
                    [
                        -0.77578363691524,
                        -0.5576872075496717,
                        0.8369175202275416,
                        0.7661630649592028,
                        0.0,
                        0.0
                    ],
                    [
                        -0.5239340198723238,
                        0.5273680637807263,
                        0.7312547736058896,
                        0.6889282832482146,
                        -0.90492125323332,
                        0.0
                    ]
                ]
            },
            "est_params": {
                "mui": [
                    -0.004107885472735558,
                    -0.0046403527344132545,
                    -0.01994180650701213,
                    0.9999996582711875,
                    0.7673778667607014,
                    -0.023380591399886387
                ],
                "Si": [
                    [
                        0.9979308001683239,
                        0.5606857188634352,
                        0.5072561591688506,
                        -4.4484201917410706e-07,
                        -0.6612539051858327,
                        0.7461560517541358
                    ],
                    [
                        0.5606857188634352,
                        1.3121393569925766,
                        1.1991107242982848,
                        -7.323557709222237e-07,
                        -0.16808882412720036,
                        1.4202304489187705
                    ],
                    [
                        0.5072561591688505,
                        1.1991107242982848,
                        2.075456214848149,
                        -1.1591151569236383e-07,
                        0.6640474413371371,
                        1.2674933574465697
                    ],
                    [
                        -4.4484201917410685e-07,
                        -7.323557709222236e-07,
                        -1.1591151569236396e-07,
                        1.0083468353188502e-06,
                        -3.00803721076063e-07,
                        -9.899125913504761e-08
                    ],
                    [
                        -0.6612539051858327,
                        -0.16808882412720036,
                        0.6640474413371371,
                        -3.0080372107606313e-07,
                        2.1563430013307676,
                        -1.2244921311493384
                    ],
                    [
                        0.7461560517541358,
                        1.4202304489187707,
                        1.2674933574465697,
                        -9.899125913504794e-08,
                        -1.2244921311493386,
                        3.3824984616797686
                    ]
                ]
            },
            "est_tgt": [
                3
            ],
            "oracle_est_tgt": [
                3
            ],
            "intv_base_est_tgt": [
                3,
                4,
                5
            ]
        },
        "4": {
            "intv_type": "do",
            "inode": 4,
            "new_mui": 1.0,
            "new_vari": null,
            "true_params": {
                "Si": [
                    [
                        1.0,
                        0.558699831507949,
                        0.5125281621673433,
                        -0.047494907364111716,
                        0.0,
                        0.11277450870357414
                    ],
                    [
                        0.558699831507949,
                        1.3121455017270107,
                        1.2037081176150721,
                        1.3534744784439483,
                        0.0,
                        2.211925939909257
                    ],
                    [
                        0.5125281621673433,
                        1.2037081176150721,
                        2.1042321377510342,
                        1.9591479456003948,
                        0.0,
                        3.25470850533881
                    ],
                    [
                        -0.047494907364111716,
                        1.3534744784439483,
                        1.9591479456003948,
                        3.421527057248453,
                        0.0,
                        4.528486461870309
                    ],
                    [
                        0.0,
                        0.0,
                        0.0,
                        0.0,
                        1e-09,
                        -9.0492125323332e-10
                    ],
                    [
                        0.11277450870357414,
                        2.211925939909257,
                        3.25470850533881,
                        4.528486461870309,
                        -9.0492125323332e-10,
                        7.607236234404789
                    ]
                ],
                "mui": [
                    0.0,
                    0.0,
                    0.0,
                    0.0,
                    1.0,
                    -0.90492125323332
                ],
                "Ai": [
                    [
                        0.0,
                        0.0,
                        0.0,
                        0.0,
                        0.0,
                        0.0
                    ],
                    [
                        0.558699831507949,
                        0.0,
                        0.0,
                        0.0,
                        0.0,
                        0.0
                    ],
                    [
                        -0.0,
                        0.9173587197690988,
                        0.0,
                        0.0,
                        0.0,
                        0.0
                    ],
                    [
                        -0.8185061921097034,
                        0.7217808389487825,
                        0.7175263308149058,
                        0.0,
                        0.0,
                        0.0
                    ],
                    [
                        0.0,
                        0.0,
                        0.0,
                        0.0,
                        0.0,
                        0.0
                    ],
                    [
                        -0.5239340198723238,
                        0.5273680637807263,
                        0.7312547736058896,
                        0.6889282832482146,
                        -0.90492125323332,
                        0.0
                    ]
                ]
            },
            "est_params": {
                "mui": [
                    0.005816775444082072,
                    -0.002721869813548137,
                    -0.00903540942882306,
                    -0.00016415670984944059,
                    1.0000006955195613,
                    -0.9080853718264895
                ],
                "Si": [
                    [
                        1.0061041618473574,
                        0.5494510341360308,
                        0.5080563560563724,
                        -0.07344798053304977,
                        4.3068390955021474e-07,
                        0.08997395805328612
                    ],
                    [
                        0.5494510341360308,
                        1.2863579232800042,
                        1.1795550672796162,
                        1.3182173345552781,
                        6.567806306317446e-07,
                        2.1552599853114933
                    ],
                    [
                        0.5080563560563724,
                        1.1795550672796162,
                        2.0856247635475285,
                        1.9283779240427161,
                        1.2335238117169621e-06,
                        3.2001241891708903
                    ],
                    [
                        -0.07344798053304977,
                        1.3182173345552781,
                        1.9283779240427166,
                        3.384306548805416,
                        2.3267691586972652e-07,
                        4.4563335834107445
                    ],
                    [
                        4.306839095502148e-07,
                        6.567806306317447e-07,
                        1.2335238117169626e-06,
                        2.3267691586972662e-07,
                        1.0133558983711027e-06,
                        1.2952999065606094e-06
                    ],
                    [
                        0.08997395805328612,
                        2.1552599853114933,
                        3.2001241891708903,
                        4.4563335834107445,
                        1.2952999065606092e-06,
                        7.465019085725134
                    ]
                ]
            },
            "est_tgt": [
                4,
                5
            ],
            "oracle_est_tgt": [
                4,
                5
            ],
            "intv_base_est_tgt": [
                3,
                4,
                5
            ]
        },
        "5": {
            "intv_type": "do",
            "inode": 5,
            "new_mui": 1.0,
            "new_vari": null,
            "true_params": {
                "Si": [
                    [
                        1.0,
                        0.558699831507949,
                        0.5125281621673433,
                        -0.047494907364111716,
                        -0.6948084310755491,
                        0.0
                    ],
                    [
                        0.558699831507949,
                        1.3121455017270107,
                        1.2037081176150721,
                        1.3534744784439483,
                        0.8791896196326745,
                        0.0
                    ],
                    [
                        0.5125281621673433,
                        1.2037081176150721,
                        2.1042321377510342,
                        1.9591479456003948,
                        2.193191956934132,
                        0.0
                    ],
                    [
                        -0.047494907364111716,
                        1.3534744784439483,
                        1.9591479456003948,
                        3.421527057248453,
                        3.543123267009811,
                        0.0
                    ],
                    [
                        -0.6948084310755491,
                        0.8791896196326745,
                        2.193191956934132,
                        3.543123267009811,
                        5.598839163500362,
                        0.0
                    ],
                    [
                        0.0,
                        0.0,
                        0.0,
                        0.0,
                        0.0,
                        1e-09
                    ]
                ],
                "mui": [
                    0.0,
                    0.0,
                    0.0,
                    0.0,
                    0.0,
                    1.0
                ],
                "Ai": [
                    [
                        0.0,
                        0.0,
                        0.0,
                        0.0,
                        0.0,
                        0.0
                    ],
                    [
                        0.558699831507949,
                        0.0,
                        0.0,
                        0.0,
                        0.0,
                        0.0
                    ],
                    [
                        -0.0,
                        0.9173587197690988,
                        0.0,
                        0.0,
                        0.0,
                        0.0
                    ],
                    [
                        -0.8185061921097034,
                        0.7217808389487825,
                        0.7175263308149058,
                        0.0,
                        0.0,
                        0.0
                    ],
                    [
                        -0.77578363691524,
                        -0.5576872075496717,
                        0.8369175202275416,
                        0.7661630649592028,
                        0.0,
                        0.0
                    ],
                    [
                        0.0,
                        0.0,
                        0.0,
                        0.0,
                        0.0,
                        0.0
                    ]
                ]
            },
            "est_params": {
                "mui": [
                    0.006362474115645096,
                    -0.010301187324015209,
                    -0.0012582176931155479,
                    -0.020642804529927505,
                    -0.008862519392033334,
                    1.0000004663287345
                ],
                "Si": [
                    [
                        0.9802372765321383,
                        0.5467772701766452,
                        0.5014932150213868,
                        -0.04266408820623139,
                        -0.6761277376091582,
                        -4.245062186105811e-07
                    ],
                    [
                        0.5467772701766452,
                        1.3107403012065064,
                        1.2028577966704506,
                        1.3533043330415004,
                        0.8914035780724221,
                        1.3069833140901303e-07
                    ],
                    [
                        0.5014932150213867,
                        1.2028577966704506,
                        2.1123480260155305,
                        1.9729800540706963,
                        2.230892366984169,
                        3.5053265559038265e-07
                    ],
                    [
                        -0.04266408820623138,
                        1.3533043330415004,
                        1.9729800540706963,
                        3.4147489782906075,
                        3.5520854407155658,
                        5.834886094345267e-09
                    ],
                    [
                        -0.6761277376091582,
                        0.8914035780724221,
                        2.230892366984169,
                        3.5520854407155666,
                        5.628647379438566,
                        3.917176593806953e-07
                    ],
                    [
                        -4.245062186105811e-07,
                        1.306983314090129e-07,
                        3.505326555903827e-07,
                        5.834886094345591e-09,
                        3.9171765938069546e-07,
                        1.008629980122416e-06
                    ]
                ]
            },
            "est_tgt": [
                4,
                5
            ],
            "oracle_est_tgt": [
                4,
                5
            ],
            "intv_base_est_tgt": []
        },
        "obs": {
            "intv_type": "obs",
            "true_params": {
                "Si": [
                    [
                        1.0,
                        0.558699831507949,
                        0.5125281621673433,
                        -0.047494907364111716,
                        -0.6948084310755491,
                        0.7415214249095368
                    ],
                    [
                        0.558699831507949,
                        1.3121455017270107,
                        1.2037081176150721,
                        1.3534744784439483,
                        0.8791896196326745,
                        1.4163285674815311
                    ],
                    [
                        0.5125281621673433,
                        1.2037081176150721,
                        2.1042321377510342,
                        1.9591479456003948,
                        2.193191956934132,
                        1.2700424910887373
                    ],
                    [
                        -0.047494907364111716,
                        1.3534744784439483,
                        1.9591479456003948,
                        3.421527057248453,
                        3.543123267009811,
                        1.322238914727656
                    ],
                    [
                        -0.6948084310755491,
                        0.8791896196326745,
                        2.193191956934132,
                        3.543123267009811,
                        5.598839163500362,
                        -0.19407833313014644
                    ],
                    [
                        0.7415214249095368,
                        1.4163285674815311,
                        1.2700424910887373,
                        1.322238914727656,
                        -0.19407833313014644,
