{
    "expt_args": {
        "save_dir": "all_expt_logs/expt_logs_11.05.24-main_plus_oracle_donoisepert-corr-js-wrong",
        "exp_name": "162",
        "num_nodes": 8,
        "obs_noise_mean": 0.0,
        "obs_noise_var": 1.0,
        "max_edge_strength": 1.0,
        "graph_sparsity_method": "adj_dense_prop",
        "adj_dense_prop": 0.8,
        "num_parents": null,
        "new_noise_mean": 1.0,
        "mix_samples": 4096,
        "stage2_samples": 4096,
        "gmm_tol": 0.001,
        "intv_type": "do",
        "new_noise_var": null,
        "intv_targets": [
            0,
            1,
            2,
            3,
            4,
            5,
            6,
            7
        ]
    },
    "intv_args_dict": {
        "0": {
            "intv_type": "do",
            "inode": 0,
            "new_mui": 1.0,
            "new_vari": null,
            "true_params": {
                "Si": [
                    [
                        1e-09,
                        -6.780885054488336e-10,
                        -4.3416316519052277e-10,
                        -5.661525421722815e-10,
                        4.558175644807907e-10,
                        7.375021310479082e-10,
                        -2.267059472692506e-09,
                        1.0587648115243724e-09
                    ],
                    [
                        -6.780885054488336e-10,
                        1.000000000459804,
                        0.6402750701440895,
                        0.8349242582395033,
                        -0.6722095434852816,
                        -0.12865070907588758,
                        1.095404645230757,
                        -0.3749983539249879
                    ],
                    [
                        -4.3416316519052277e-10,
                        0.6402750701440895,
                        1.409952165259521,
                        0.5345811877634973,
                        -1.2968730583573123,
                        0.02779049773706599,
                        1.2520279666552345,
                        -0.4831168492983091
                    ],
                    [
                        -5.661525421722815e-10,
                        0.8349242582395033,
                        0.5345811877634973,
                        1.697098516676256,
                        0.020623251707512003,
                        1.2098470937687662,
                        0.2859914078381035,
                        -1.130748260440976
                    ],
                    [
                        4.558175644807907e-10,
                        -0.6722095434852816,
                        -1.2968730583573123,
                        0.020623251707512003,
                        2.541212504152437,
                        1.366260433305817,
                        -2.1733068858043225,
                        0.6793983162848433
                    ],
                    [
                        7.375021310479082e-10,
                        -0.12865070907588758,
                        0.02779049773706599,
                        1.2098470937687662,
                        1.366260433305817,
                        3.134453742489482,
                        -2.245792034158176,
                        -0.6130917035253439
                    ],
                    [
                        -2.267059472692506e-09,
                        1.095404645230757,
                        1.2520279666552345,
                        0.2859914078381035,
                        -2.1733068858043225,
                        -2.245792034158176,
                        4.203507405777602,
                        -1.351371673056451
                    ],
                    [
                        1.0587648115243724e-09,
                        -0.3749983539249879,
                        -0.4831168492983091,
                        -1.130748260440976,
                        0.6793983162848433,
                        -0.6130917035253439,
                        -1.351371673056451,
                        3.138445302902373
                    ]
                ],
                "mui": [
                    1.0,
                    -0.6780885054488336,
                    -0.4341631651905227,
                    -0.5661525421722815,
                    0.4558175644807907,
                    0.7375021310479082,
                    -2.267059472692506,
                    1.0587648115243724
                ],
                "Ai": [
                    [
                        0.0,
                        0.0,
                        0.0,
                        0.0,
                        0.0,
                        0.0,
                        0.0,
                        0.0
                    ],
                    [
                        -0.6780885054488336,
                        0.0,
                        0.0,
                        0.0,
                        0.0,
                        0.0,
                        0.0,
                        0.0
                    ],
                    [
                        0.0,
                        0.6402750698496884,
                        0.0,
                        0.0,
                        0.0,
                        0.0,
                        0.0,
                        0.0
                    ],
                    [
                        0.0,
                        0.8349242578556018,
                        -0.0,
                        0.0,
                        0.0,
                        0.0,
                        0.0,
                        0.0
                    ],
                    [
                        0.0,
                        -0.6032429414536997,
                        -0.8664740459486464,
                        0.5818673059254136,
                        0.0,
                        0.0,
                        0.0,
                        0.0
                    ],
                    [
                        0.6502655643448134,
                        -0.9317663874385427,
                        0.6376388794617212,
                        0.963041941801422,
                        0.6087620771230133,
                        0.0,
                        0.0,
                        0.0
                    ],
                    [
                        -0.8897051963695761,
                        0.0,
                        0.6581715189274562,
                        0.6568832899685597,
                        -0.0,
                        -0.975867420041648,
                        0.0,
                        0.0
                    ],
                    [
                        0.0,
                        0.9005246649679095,
                        0.9287631559543008,
                        -0.6568329055225423,
                        0.6797866030445561,
                        -0.8465548705695265,
                        -0.8889245031158696,
                        0.0
                    ]
                ]
            },
            "est_params": {
                "mui": [
                    1.000006801835529,
                    -0.5781631285915774,
                    -0.33325981783193986,
                    -0.5430135584731758,
                    0.3894509345480908,
                    0.6831591195627479,
                    -2.104952972713445,
                    1.1397341192930222
                ],
                "Si": [
                    [
                        1.027286875979637e-06,
                        1.8156249006841717e-06,
                        2.001057166437643e-06,
                        -5.344943927025501e-06,
                        -9.714793571273151e-06,
                        -8.853846540658822e-06,
                        -6.724788780132834e-07,
                        6.676045048402972e-06
                    ],
                    [
                        1.8156249006841707e-06,
                        1.0032446989425374,
                        0.6384616448562846,
                        0.8694129203456152,
                        -0.6418081163896876,
                        -0.05211623955985935,
                        1.112311874737005,
                        -0.5548938167546332
                    ],
                    [
                        2.001057166437643e-06,
                        0.6384616448562846,
                        1.2870206415124628,
                        0.5680174916360381,
                        -1.2018005486047332,
                        -0.013809853029504632,
                        1.352797995597723,
                        -0.6624049889082095
                    ],
                    [
                        -5.344943927025501e-06,
                        0.8694129203456152,
                        0.5680174916360381,
                        1.7338088941545955,
                        -0.04577286555681309,
                        1.2382565729699362,
                        0.4036376621292705,
                        -1.2838696874070386
                    ],
                    [
                        -9.714793571273151e-06,
                        -0.6418081163896876,
                        -1.2018005486047332,
                        -0.04577286555681309,
                        2.275635173275729,
                        1.2623478353881568,
                        -2.144817912694897,
                        0.86886000809675
                    ],
                    [
                        -8.85384654065882e-06,
                        -0.052116239559859334,
                        -0.01380985302950462,
                        1.2382565729699362,
                        1.2623478353881568,
                        3.012945587158443,
                        -2.0735332401362307,
                        -0.597989908097998
                    ],
                    [
                        -6.724788780132834e-07,
                        1.112311874737005,
                        1.352797995597723,
                        0.40363766212927055,
                        -2.144817912694897,
                        -2.0735332401362307,
                        4.265019945888033,
                        -1.6718571526193238
                    ],
                    [
                        6.676045048402972e-06,
                        -0.5548938167546332,
                        -0.6624049889082095,
                        -1.2838696874070386,
                        0.8688600080967499,
                        -0.597989908097998,
                        -1.6718571526193238,
                        3.28015552779329
                    ]
                ]
            },
            "est_tgt": [
                0,
                2,
                5,
                6
            ],
            "oracle_est_tgt": [
                0,
                2,
                4,
                5,
                6,
                7
            ],
            "intv_base_est_tgt": [
                0,
                1,
                2,
                3,
                4,
                5,
                6
            ]
        },
        "1": {
            "intv_type": "do",
            "inode": 1,
            "new_mui": 1.0,
            "new_vari": null,
            "true_params": {
                "Si": [
                    [
                        1.0,
                        0.0,
                        0.0,
                        0.0,
                        0.0,
                        0.6502655643448134,
                        -1.5242781749886753,
                        0.8044827386524291
                    ],
                    [
                        0.0,
                        1e-09,
                        6.402750698496884e-10,
                        8.349242578556018e-10,
                        -6.72209543176197e-10,
                        -1.2865070857579586e-10,
                        1.0954046436934902e-09,
                        -3.749983532070517e-10
                    ],
                    [
                        0.0,
                        6.402750698496884e-10,
                        1.000000000409952,
                        5.345811875176946e-10,
                        -0.8664740463790455,
                        0.11016233939447,
                        0.5506676816177987,
                        -0.24301475228557143
                    ],
                    [
                        0.0,
                        8.349242578556018e-10,
                        5.345811875176947e-10,
                        1.0000000006970986,
                        0.5818673053641695,
                        1.317260691459135,
                        -0.6285885017181853,
                        -0.8176530384061783
                    ],
                    [
                        0.0,
                        -6.72209543176197e-10,
                        -0.8664740463790455,
                        0.5818673053641695,
                        2.0893468344593815,
                        1.279780199015101,
                        -1.4369654303770125,
                        0.42732084435317874
                    ],
                    [
                        0.6502655643448134,
                        -1.2865070857579586e-10,
                        0.11016233939447,
                        1.317260691459135,
                        1.279780199015101,
                        3.5407480413177477,
                        -3.096053056716248,
                        -0.13820808605730234
                    ],
                    [
                        -1.5242781749886753,
                        1.0954046436934902e-09,
                        0.5506676816177987,
                        -0.6285885017181853,
                        -1.4369654303770125,
                        -3.096053056716248,
                        5.327020023159499,
                        -2.166852214269543
                    ],
                    [
                        0.8044827386524291,
                        -3.749983532070517e-10,
                        -0.24301475228557143,
                        -0.8176530384061783,
                        0.42732084435317874,
                        -0.13820808605730234,
                        -2.166852214269543,
                        3.6450140138037255
                    ]
                ],
                "mui": [
                    0.0,
                    1.0,
                    0.6402750698496884,
                    0.8349242578556018,
                    -0.672209543176197,
                    -0.12865070857579586,
                    1.09540464369349,
                    -0.37499835320705166
                ],
                "Ai": [
                    [
                        0.0,
                        0.0,
                        0.0,
                        0.0,
                        0.0,
                        0.0,
                        0.0,
                        0.0
                    ],
                    [
                        0.0,
                        0.0,
                        0.0,
                        0.0,
                        0.0,
                        0.0,
                        0.0,
                        0.0
                    ],
                    [
                        0.0,
                        0.6402750698496884,
                        0.0,
                        0.0,
                        0.0,
                        0.0,
                        0.0,
                        0.0
                    ],
                    [
                        0.0,
                        0.8349242578556018,
                        -0.0,
                        0.0,
                        0.0,
                        0.0,
                        0.0,
                        0.0
                    ],
                    [
                        0.0,
                        -0.6032429414536997,
                        -0.8664740459486464,
                        0.5818673059254136,
                        0.0,
                        0.0,
                        0.0,
                        0.0
                    ],
                    [
                        0.6502655643448134,
                        -0.9317663874385427,
                        0.6376388794617212,
                        0.963041941801422,
                        0.6087620771230133,
                        0.0,
                        0.0,
                        0.0
                    ],
                    [
                        -0.8897051963695761,
                        0.0,
                        0.6581715189274562,
                        0.6568832899685597,
                        -0.0,
                        -0.975867420041648,
                        0.0,
                        0.0
                    ],
                    [
                        0.0,
                        0.9005246649679095,
                        0.9287631559543008,
                        -0.6568329055225423,
                        0.6797866030445561,
                        -0.8465548705695265,
                        -0.8889245031158696,
                        0.0
                    ]
                ]
            },
            "est_params": {
                "mui": [
                    0.022197865308348632,
                    0.9999968955451494,
                    0.6192408683760864,
                    0.7350218240161486,
                    -0.6894453050368957,
                    -0.24222210747733797,
                    1.0680811684418012,
                    -0.1464349059258561
                ],
                "Si": [
                    [
                        0.9015662785718381,
                        3.945274600871115e-06,
                        -0.015359446025523542,
                        -0.041872260223278626,
                        -0.06544916609253892,
                        0.5138875453459308,
                        -1.3757524966285812,
                        0.6714313816383306
                    ],
                    [
                        3.945274600871115e-06,
                        1.0059175015453353e-06,
                        1.4454614526802368e-06,
                        1.8250648460479536e-06,
                        -2.191166971142952e-06,
                        2.0428715648203596e-06,
                        -1.0707870075687574e-06,
                        2.396900318123684e-06
                    ],
                    [
                        -0.015359446025523535,
                        1.4454614526802368e-06,
                        0.8617558975955857,
                        -0.023306471641842002,
                        -0.7532081908930146,
                        0.08855980722042965,
                        0.44461979379132816,
                        -0.14965593853614892
                    ],
                    [
                        -0.04187226022327863,
                        1.8250648460479538e-06,
                        -0.023306471641841995,
                        1.0087947874405383,
                        0.5796045228489526,
                        1.257244589431066,
                        -0.5970932536703054,
                        -0.881529063709176
                    ],
                    [
                        -0.0654491660925389,
                        -2.1911669711429517e-06,
                        -0.7532081908930145,
                        0.5796045228489526,
                        2.011921957628639,
                        1.154425866539382,
                        -1.2183865510309722,
                        0.3311435543551104
                    ],
                    [
                        0.5138875453459308,
                        2.042871564820359e-06,
                        0.08855980722042962,
                        1.2572445894310662,
                        1.154425866539382,
                        3.1724944512480526,
                        -2.8612604272665214,
                        -0.2700718848347595
                    ],
                    [
                        -1.3757524966285812,
                        -1.070787007568758e-06,
                        0.44461979379132816,
                        -0.5970932536703054,
                        -1.2183865510309722,
                        -2.8612604272665214,
                        5.080870375129955,
                        -1.9068809467938406
                    ],
                    [
                        0.6714313816383306,
                        2.396900318123684e-06,
                        -0.1496559385361489,
                        -0.8815290637091762,
                        0.33114355435511045,
                        -0.2700718848347595,
                        -1.9068809467938406,
                        3.6028198082081735
                    ]
                ]
            },
            "est_tgt": [
                0,
                1,
                2,
                6,
                7
            ],
            "oracle_est_tgt": [
                1,
                2,
                3,
                6
            ],
            "intv_base_est_tgt": []
        },
        "2": {
            "intv_type": "do",
            "inode": 2,
            "new_mui": 1.0,
            "new_vari": null,
            "true_params": {
                "Si": [
                    [
                        1.0,
                        -0.6780885054488336,
                        0.0,
                        -0.5661525421722815,
                        0.07962645013628794,
                        0.7853305610399668,
                        -2.027979849377701,
                        0.9532567575883218
                    ],
                    [
                        -0.6780885054488336,
                        1.4598040212218328,
                        0.0,
                        1.2188257890332619,
                        -0.17142159345059696,
                        -0.731708534598021,
                        2.1179756809756274,
                        -0.8657945159287002
                    ],
                    [
                        0.0,
                        0.0,
                        1e-09,
                        0.0,
                        -8.664740459486464e-10,
                        1.1016233947684185e-10,
                        5.506676809164384e-10,
                        -2.430147520454693e-10
                    ],
                    [
                        -0.5661525421722815,
                        1.2188257890332619,
                        0.0,
                        2.0176272173638643,
                        0.4387432592332492,
                        0.706339486350686,
                        1.1397607709620232,
                        -1.5405258817603031
                    ],
                    [
                        0.07962645013628794,
                        -0.17142159345059696,
                        -8.664740459486464e-10,
                        0.4387432592332492,
                        1.3586992252555818,
                        1.461155939716861,
                        -1.2085354286183643,
                        0.31842322529364564
                    ],
                    [
                        0.7853305610399668,
                        -0.731708534598021,
                        1.1016233947684185e-10,
                        0.706339486350686,
                        1.461155939716861,
                        3.7621857138513226,
                        -3.9061245416174826,
                        0.15775881002084802
                    ],
                    [
                        -2.027979849377701,
                        2.1179756809756274,
                        5.506676809164384e-10,
                        1.1397607709620232,
                        -1.2085354286183643,
                        -3.9061245416174826,
                        7.364853694282817,
                        -2.9029393863928683
                    ],
                    [
                        0.9532567575883218,
                        -0.8657945159287002,
                        -2.430147520454693e-10,
                        -1.5405258817603031,
                        0.31842322529364564,
                        0.15775881002084802,
                        -2.9029393863928683,
                        3.8956010796150715
                    ]
                ],
                "mui": [
                    0.0,
                    0.0,
                    1.0,
                    0.0,
                    -0.8664740459486464,
                    0.11016233947684184,
                    0.5506676809164384,
                    -0.24301475204546932
                ],
                "Ai": [
                    [
                        0.0,
                        0.0,
                        0.0,
                        0.0,
                        0.0,
                        0.0,
                        0.0,
                        0.0
                    ],
                    [
                        -0.6780885054488336,
                        0.0,
                        0.0,
                        0.0,
                        0.0,
                        0.0,
                        0.0,
                        0.0
                    ],
                    [
                        0.0,
                        0.0,
                        0.0,
                        0.0,
                        0.0,
                        0.0,
                        0.0,
                        0.0
                    ],
                    [
                        0.0,
                        0.8349242578556018,
                        -0.0,
                        0.0,
                        0.0,
                        0.0,
                        0.0,
                        0.0
                    ],
                    [
                        0.0,
                        -0.6032429414536997,
                        -0.8664740459486464,
                        0.5818673059254136,
                        0.0,
                        0.0,
                        0.0,
                        0.0
                    ],
                    [
                        0.6502655643448134,
                        -0.9317663874385427,
                        0.6376388794617212,
                        0.963041941801422,
                        0.6087620771230133,
                        0.0,
                        0.0,
                        0.0
                    ],
                    [
                        -0.8897051963695761,
                        0.0,
                        0.6581715189274562,
                        0.6568832899685597,
                        -0.0,
                        -0.975867420041648,
                        0.0,
                        0.0
                    ],
                    [
                        0.0,
                        0.9005246649679095,
                        0.9287631559543008,
                        -0.6568329055225423,
                        0.6797866030445561,
                        -0.8465548705695265,
                        -0.8889245031158696,
                        0.0
                    ]
                ]
            },
            "est_params": {
                "mui": [
                    0.017460718846448207,
                    0.03388985803054212,
                    1.00000028905434,
                    -0.0024086168453266686,
                    -0.9145322266378305,
                    0.04764193549807472,
                    0.5611974726411705,
                    -0.17252332792664365
                ],
                "Si": [
                    [
                        0.9878407062614079,
                        -0.7470470643840577,
                        1.88593824314184e-06,
                        -0.6016595415423514,
                        0.14883896141018982,
                        0.8694111490182859,
                        -2.1253758531612696,
                        1.076230757745835
                    ],
                    [
                        -0.7470470643840577,
                        1.5769862987425283,
                        -4.338115752168228e-06,
                        1.2262272754831791,
                        -0.36158362108022407,
                        -0.9691624854947496,
                        2.4610225542976267,
                        -1.0905166633370045
                    ],
                    [
                        1.88593824314184e-06,
                        -4.338115752168228e-06,
                        1.00685417285102e-06,
                        -1.0284456638703123e-06,
                        5.79866746812603e-06,
                        8.426006864896913e-06,
                        -1.4734786952930545e-05,
                        3.585668463925963e-06
                    ],
                    [
                        -0.6016595415423514,
                        1.2262272754831793,
                        -1.0284456638703125e-06,
                        2.116999151246885,
                        0.4453955119745184,
                        0.834544728318595,
                        1.1571817698633136,
                        -1.7750344057832106
                    ],
                    [
                        0.14883896141018982,
                        -0.36158362108022407,
                        5.79866746812603e-06,
                        0.4453955119745184,
                        1.4267990616710826,
                        1.703433454184926,
                        -1.484887161191091,
                        0.23920205981524167
                    ],
                    [
                        0.8694111490182859,
                        -0.9691624854947496,
                        8.426006864896913e-06,
                        0.834544728318595,
                        1.7034334541849263,
                        4.239935710616927,
                        -4.340117639600786,
                        0.114711444849265
                    ],
                    [
                        -2.1253758531612696,
                        2.461022554297626,
                        -1.4734786952930545e-05,
                        1.1571817698633136,
                        -1.484887161191091,
                        -4.340117639600785,
                        7.893987042832592,
                        -3.129057950198564
                    ],
                    [
                        1.076230757745835,
                        -1.0905166633370045,
                        3.585668463925963e-06,
                        -1.7750344057832106,
                        0.23920205981524173,
                        0.11471144484926506,
                        -3.129057950198564,
                        4.117855311129018
                    ]
                ]
            },
            "est_tgt": [
                2,
                6
            ],
            "oracle_est_tgt": [
                1,
                2,
                3
            ],
            "intv_base_est_tgt": [
                1,
                2,
                3,
                5,
                6
            ]
        },
        "3": {
            "intv_type": "do",
            "inode": 3,
            "new_mui": 1.0,
            "new_vari": null,
            "true_params": {
                "Si": [
                    [
                        1.0,
                        -0.6780885054488336,
                        -0.4341631651905227,
                        0.0,
                        0.7852432189374002,
                        1.4832726202819273,
                        -2.622936451438314,
                        0.5958484653930842
                    ],
                    [
                        -0.6780885054488336,
                        1.4598040212218328,
                        0.9346761216546651,
                        0.0,
                        -1.6904890724895043,
                        -2.2342537281445005,
                        3.398811490993789,
                        -0.09635799256618338
                    ],
                    [
                        -0.4341631651905227,
                        0.9346761216546651,
                        1.5984498190792764,
                        0.0,
                        -1.9488520549169988,
                        -1.320374622372805,
                        2.7268419457184097,
                        -0.3047103724663582
                    ],
                    [
                        0.0,
                        0.0,
                        0.0,
                        1e-09,
                        5.818673059254137e-10,
                        1.3172606915665486e-09,
                        -6.285885026327652e-10,
                        -8.176530380930831e-10
                    ],
                    [
                        0.7852432189374002,
                        -1.6904890724895043,
                        -1.9488520549169988,
                        5.818673059254137e-10,
                        3.70840532590174,
                        3.100630210024548,
                        -5.007117892629823,
                        1.0146713467938853
                    ],
                    [
                        1.4832726202819273,
                        -2.2342537281445005,
                        -1.320374622372805,
                        1.3172606915665486e-09,
                        3.100630210024548,
                        5.091947526033132,
                        -7.157774023010041,
                        0.921558723569213
                    ],
                    [
                        -2.622936451438314,
                        3.398811490993789,
                        2.7268419457184097,
                        -6.285885026327652e-10,
                        -5.007117892629823,
                        -7.157774023010041,
                        12.113408364543456,
                        -2.5189248022275326
                    ],
                    [
                        0.5958484653930842,
                        -0.09635799256618338,
                        -0.3047103724663582,
                        -8.176530380930831e-10,
                        1.0146713467938853,
                        0.921558723569213,
                        -2.5189248022275326,
                        2.77896742467721
                    ]
                ],
                "mui": [
                    0.0,
                    0.0,
                    0.0,
                    1.0,
                    0.5818673059254136,
                    1.3172606915665486,
                    -0.6285885026327651,
                    -0.8176530380930831
                ],
                "Ai": [
                    [
                        0.0,
                        0.0,
                        0.0,
                        0.0,
                        0.0,
                        0.0,
                        0.0,
                        0.0
                    ],
                    [
                        -0.6780885054488336,
                        0.0,
                        0.0,
                        0.0,
                        0.0,
                        0.0,
                        0.0,
                        0.0
                    ],
                    [
                        0.0,
                        0.6402750698496884,
                        0.0,
                        0.0,
                        0.0,
                        0.0,
                        0.0,
                        0.0
                    ],
                    [
                        0.0,
                        0.0,
                        0.0,
                        0.0,
                        0.0,
                        0.0,
                        0.0,
                        0.0
                    ],
                    [
                        0.0,
                        -0.6032429414536997,
                        -0.8664740459486464,
                        0.5818673059254136,
                        0.0,
                        0.0,
                        0.0,
                        0.0
                    ],
                    [
                        0.6502655643448134,
                        -0.9317663874385427,
                        0.6376388794617212,
                        0.963041941801422,
                        0.6087620771230133,
                        0.0,
                        0.0,
                        0.0
                    ],
                    [
                        -0.8897051963695761,
                        0.0,
                        0.6581715189274562,
                        0.6568832899685597,
                        -0.0,
                        -0.975867420041648,
                        0.0,
                        0.0
                    ],
                    [
                        0.0,
                        0.9005246649679095,
                        0.9287631559543008,
                        -0.6568329055225423,
                        0.6797866030445561,
                        -0.8465548705695265,
                        -0.8889245031158696,
                        0.0
                    ]
                ]
            },
            "est_params": {
                "mui": [
                    -0.03409929189854227,
                    0.021108810252112257,
                    -0.06917009022909329,
                    0.9999980242787646,
                    0.6285329071587905,
                    1.2183018293277588,
                    -0.5567992336671284,
                    -0.787985092035643
                ],
                "Si": [
                    [
                        0.9220469750977183,
                        -0.6547169108889082,
                        -0.43749336623209834,
                        6.362311690872304e-08,
                        0.8114636016700344,
                        1.4410669338937359,
                        -2.6042485269030347,
                        0.5990376947507361
                    ],
                    [
                        -0.6547169108889082,
                        1.5350937793837027,
                        0.8532628466785143,
                        1.969586579092831e-06,
                        -1.661493724583088,
                        -2.321900689634864,
                        3.4800231018246506,
                        -0.1578046090377288
                    ],
                    [
                        -0.43749336623209834,
                        0.8532628466785143,
                        1.5049400435829894,
                        6.439682375211932e-06,
                        -1.8174665339503766,
                        -1.192117722966472,
                        2.5536681673335853,
                        -0.3757567106407996
                    ],
                    [
                        6.362311690872257e-08,
                        1.969586579092831e-06,
                        6.439682375211932e-06,
                        1.005053618951347e-06,
                        -6.1369105305738194e-06,
                        -1.6285878301016574e-06,
                        5.245211943281686e-06,
                        -5.140966782514361e-07
                    ],
                    [
                        0.8114636016700344,
                        -1.661493724583088,
