{
    "expt_args": {
        "save_dir": "all_expt_logs/expt_logs_11.05.24-main_plus_oracle_donoisepert-corr-js-wrong",
        "exp_name": "11",
        "num_nodes": 6,
        "obs_noise_mean": 0.0,
        "obs_noise_var": 1.0,
        "max_edge_strength": 1.0,
        "graph_sparsity_method": "adj_dense_prop",
        "adj_dense_prop": 0.8,
        "num_parents": null,
        "new_noise_mean": 1.0,
        "mix_samples": 8192,
        "stage2_samples": 8192,
        "gmm_tol": 0.001,
        "intv_type": "do",
        "new_noise_var": null,
        "intv_targets": [
            0,
            1,
            2,
            3,
            4,
            5
        ]
    },
    "intv_args_dict": {
        "0": {
            "intv_type": "do",
            "inode": 0,
            "new_mui": 1.0,
            "new_vari": null,
            "true_params": {
                "Si": [
                    [
                        1e-09,
                        9.132156178603359e-10,
                        7.350923340363702e-10,
                        1.5857701001025684e-10,
                        5.551479117617824e-10,
                        3.35399292012302e-10
                    ],
                    [
                        9.132156178603359e-10,
                        1.0000000008339627,
                        6.712978000114202e-10,
                        -0.8738089348328202,
                        0.3261458593759098,
                        -0.3399769015868512
                    ],
                    [
                        7.350923340363702e-10,
                        6.712978000114202e-10,
                        1.0000000005403606,
                        0.5865672702520528,
                        1.2532895109340791,
                        0.2544269394901628
                    ],
                    [
                        1.5857701001025684e-10,
                        -0.8738089348328202,
                        0.5865672702520528,
                        2.1076032172660897,
                        0.9594501499326817,
                        0.9533236928438268
                    ],
                    [
                        5.551479117617824e-10,
                        0.3261458593759098,
                        1.2532895109340791,
                        0.9594501499326817,
                        2.9364929304912093,
                        -0.4409966439372543
                    ],
                    [
                        3.35399292012302e-10,
                        -0.3399769015868512,
                        0.2544269394901628,
                        0.9533236928438268,
                        -0.4409966439372543,
                        2.2603994037030772
                    ]
                ],
                "mui": [
                    1.0,
                    0.9132156178603359,
                    0.7350923340363702,
                    0.1585770100102568,
                    0.5551479117617824,
                    0.335399292012302
                ],
                "Ai": [
                    [
                        0.0,
                        0.0,
                        0.0,
                        0.0,
                        0.0,
                        0.0
                    ],
                    [
                        0.9132156178603359,
                        0.0,
                        0.0,
                        0.0,
                        0.0,
                        0.0
                    ],
                    [
                        0.7350923340363702,
                        -0.0,
                        0.0,
                        0.0,
                        0.0,
                        0.0
                    ],
                    [
                        0.525371872784505,
                        -0.8738089349776352,
                        0.586567270135484,
                        0.0,
                        0.0,
                        0.0
                    ],
                    [
                        -0.9315493588358962,
                        0.7711773685917802,
                        0.9545503842328067,
                        0.5093007085516132,
                        0.0,
                        0.0
                    ],
                    [
                        -0.6526318367359587,
                        0.8026699198536712,
                        0.8230050341839873,
                        0.9690509390393058,
                        -0.9072059163709922,
                        0.0
                    ]
                ]
            },
            "est_params": {
                "mui": [
                    1.000002124716854,
                    0.8995690854983341,
                    0.7020494545616771,
                    0.17703804691306463,
                    0.48011894944644673,
                    0.3830207259607891
                ],
                "Si": [
                    [
                        1.0088124930057963e-06,
                        1.5531596787211554e-06,
                        2.7841294117047914e-06,
                        -2.0822151981607964e-07,
                        4.550611894718449e-06,
                        -2.668612951843113e-06
                    ],
                    [
                        1.5531596787211552e-06,
                        0.9893146623425363,
                        0.004135876130250715,
                        -0.8180975123713637,
                        0.3310665303161869,
                        -0.30617970541785827
                    ],
                    [
                        2.784129411704791e-06,
                        0.0041358761302507105,
                        1.1177098023425611,
                        0.6649703963445086,
                        1.3912628972595968,
                        0.2794753694922785
                    ],
                    [
                        -2.0822151981607964e-07,
                        -0.8180975123713637,
                        0.6649703963445087,
                        2.0568702272950894,
                        1.0534699368121658,
                        0.8916850451734579
                    ],
                    [
                        4.550611894718449e-06,
                        0.3310665303161868,
                        1.3912628972595968,
                        1.0534699368121658,
                        3.086459086998115,
                        -0.40286627110909806
                    ],
                    [
                        -2.668612951843113e-06,
                        -0.30617970541785827,
                        0.2794753694922785,
                        0.8916850451734579,
                        -0.40286627110909806,
                        2.105342438260943
                    ]
                ]
            },
            "est_tgt": [
                0,
                1,
                2,
                5
            ],
            "oracle_est_tgt": [
                0
            ],
            "intv_base_est_tgt": [
                0,
                1,
                3
            ]
        },
        "1": {
            "intv_type": "do",
            "inode": 1,
            "new_mui": 1.0,
            "new_vari": null,
            "true_params": {
                "Si": [
                    [
                        1.0,
                        0.0,
                        0.7350923340363702,
                        0.9565529764577401,
                        0.2573064197421933,
                        0.6458715085328915
                    ],
                    [
                        0.0,
                        1e-09,
                        0.0,
                        -8.738089349776353e-10,
                        3.261458588689401e-10,
                        -3.399769018931431e-10
                    ],
                    [
                        0.7350923340363702,
                        0.0,
                        1.5403607395590386,
                        1.2897220302292411,
                        1.4424334871768252,
                        0.7292021339386481
                    ],
                    [
                        0.9565529764577401,
                        -8.738089349776353e-10,
                        1.2897220302292411,
                        2.2590547599278974,
                        1.490566536811373,
                        1.2740591524238596
                    ],
                    [
                        0.2573064197421933,
                        3.261458588689401e-10,
                        1.4424334871768252,
                        1.490566536811373,
                        2.8963284026725784,
                        -0.16392770009670432
                    ],
                    [
                        0.6458715085328915,
                        -3.399769018931431e-10,
                        0.7292021339386481,
                        1.2740591524238596,
                        -0.16392770009670432,
                        2.561965115419862
                    ]
                ],
                "mui": [
                    0.0,
                    1.0,
                    0.0,
                    -0.8738089349776352,
                    0.32614585886894004,
                    -0.33997690189314306
                ],
                "Ai": [
                    [
                        0.0,
                        0.0,
                        0.0,
                        0.0,
                        0.0,
                        0.0
                    ],
                    [
                        0.0,
                        0.0,
                        0.0,
                        0.0,
                        0.0,
                        0.0
                    ],
                    [
                        0.7350923340363702,
                        -0.0,
                        0.0,
                        0.0,
                        0.0,
                        0.0
                    ],
                    [
                        0.525371872784505,
                        -0.8738089349776352,
                        0.586567270135484,
                        0.0,
                        0.0,
                        0.0
                    ],
                    [
                        -0.9315493588358962,
                        0.7711773685917802,
                        0.9545503842328067,
                        0.5093007085516132,
                        0.0,
                        0.0
                    ],
                    [
                        -0.6526318367359587,
                        0.8026699198536712,
                        0.8230050341839873,
                        0.9690509390393058,
                        -0.9072059163709922,
                        0.0
                    ]
                ]
            },
            "est_params": {
                "mui": [
                    0.021958420216316277,
                    1.0000027642606555,
                    0.03230476321804519,
                    -0.872887093759079,
                    0.3172451485856658,
                    -0.34207755572483883
                ],
                "Si": [
                    [
                        0.9713603044391835,
                        -3.2592928329628297e-06,
                        0.6756821938032018,
                        0.9332508185251033,
                        0.16821407122966395,
                        0.693731922556433
                    ],
                    [
                        -3.2592928329628297e-06,
                        1.017009574442891e-06,
                        -2.9598207671356647e-06,
                        -5.2175747202707876e-06,
                        -4.451500569119376e-06,
                        -3.2562144290626952e-06
                    ],
                    [
                        0.6756821938032018,
                        -2.959820767135665e-06,
                        1.5006061194697193,
                        1.27550196830377,
                        1.411452250580864,
                        0.7768773025653378
                    ],
                    [
                        0.9332508185251033,
                        -5.2175747202707876e-06,
                        1.27550196830377,
                        2.2755728390755254,
                        1.4548952891806803,
                        1.3236447640692546
                    ],
                    [
                        0.16821407122966398,
                        -4.451500569119375e-06,
                        1.4114522505808642,
                        1.4548952891806801,
                        2.9295869170221907,
                        -0.20414858307108738
                    ],
                    [
                        0.6937319225564331,
                        -3.256214429062697e-06,
                        0.776877302565338,
                        1.3236447640692546,
                        -0.2041485830710874,
                        2.7058495918131067
                    ]
                ]
            },
            "est_tgt": [
                0,
                1,
                3,
                5
            ],
            "oracle_est_tgt": [
                1
            ],
            "intv_base_est_tgt": []
        },
        "2": {
            "intv_type": "do",
            "inode": 2,
            "new_mui": 1.0,
            "new_vari": null,
            "true_params": {
                "Si": [
                    [
                        1.0,
                        0.9132156178603359,
                        0.0,
                        -0.2726040936629782,
                        -0.3661355997540708,
                        0.14837199940198464
                    ],
                    [
                        0.9132156178603359,
                        1.833962764704035,
                        0.0,
                        -1.1227552508033287,
                        -0.008214889081138377,
                        -0.20448127478608627
                    ],
                    [
                        0.0,
                        0.0,
                        1e-09,
                        5.865672701354841e-10,
                        1.2532895105259942e-09,
                        2.5442693924361337e-10
                    ],
                    [
                        -0.2726040936629782,
                        -1.1227552508033287,
                        5.865672701354841e-10,
                        1.837855047072624,
                        0.3241216070298266,
                        0.7636383633168837
                    ],
                    [
                        -0.3661355997540708,
                        -0.008214889081138377,
                        1.2532895105259942e-09,
                        0.3241216070298266,
                        1.4998136119665415,
                        -0.8141915289415912
                    ],
                    [
                        0.14837199940198464,
                        -0.20448127478608627,
                        2.5442693924361337e-10,
                        0.7636383633168837,
                        -0.8141915289415912,
                        2.217680586448987
                    ]
                ],
                "mui": [
                    0.0,
                    0.0,
                    1.0,
                    0.586567270135484,
                    1.2532895105259942,
                    0.25442693924361337
                ],
                "Ai": [
                    [
                        0.0,
                        0.0,
                        0.0,
                        0.0,
                        0.0,
                        0.0
                    ],
                    [
                        0.9132156178603359,
                        0.0,
                        0.0,
                        0.0,
                        0.0,
                        0.0
                    ],
                    [
                        0.0,
                        0.0,
                        0.0,
                        0.0,
                        0.0,
                        0.0
                    ],
                    [
                        0.525371872784505,
                        -0.8738089349776352,
                        0.586567270135484,
                        0.0,
                        0.0,
                        0.0
                    ],
                    [
                        -0.9315493588358962,
                        0.7711773685917802,
                        0.9545503842328067,
                        0.5093007085516132,
                        0.0,
                        0.0
                    ],
                    [
                        -0.6526318367359587,
                        0.8026699198536712,
                        0.8230050341839873,
                        0.9690509390393058,
                        -0.9072059163709922,
                        0.0
                    ]
                ]
            },
            "est_params": {
                "mui": [
                    0.007348927100164678,
                    0.01066712315178632,
                    0.9999965995265753,
                    0.5650682732144983,
                    1.2011698887539535,
                    0.2606359246607853
                ],
                "Si": [
                    [
                        0.9872833702391676,
                        0.9237017119822413,
                        4.104404359770886e-06,
                        -0.30914026825248325,
                        -0.35783788530966404,
                        0.1489318344694309
                    ],
                    [
                        0.9237017119822413,
                        1.8164353447234258,
                        5.301949637093099e-06,
                        -1.1220104235628805,
                        -0.019653837545871435,
                        -0.1586852996157924
                    ],
                    [
                        4.104404359770887e-06,
                        5.301949637093099e-06,
                        1.0314841319181038e-06,
                        -7.92234114098323e-06,
                        -6.126642180684957e-06,
                        8.706555073544517e-07
                    ],
                    [
                        -0.30914026825248325,
                        -1.1220104235628805,
                        -7.92234114098323e-06,
                        1.7830127285561252,
                        0.34068340612953063,
                        0.6312967452654866
                    ],
                    [
                        -0.35783788530966404,
                        -0.01965383754587144,
                        -6.126642180684956e-06,
                        0.3406834061295307,
                        1.473437241497168,
                        -0.7967388795431477
                    ],
                    [
                        0.1489318344694309,
                        -0.1586852996157924,
                        8.706555073544517e-07,
                        0.6312967452654866,
                        -0.7967388795431477,
                        2.004509142479725
                    ]
                ]
            },
            "est_tgt": [
                0,
                2,
                4,
                5
            ],
            "oracle_est_tgt": [
                2
            ],
            "intv_base_est_tgt": [
                1,
                2,
                3,
                4
            ]
        },
        "3": {
            "intv_type": "do",
            "inode": 3,
            "new_mui": 1.0,
            "new_vari": null,
            "true_params": {
                "Si": [
                    [
                        1.0,
                        0.9132156178603359,
                        0.7350923340363702,
                        0.0,
                        0.47438452820356225,
                        0.25499911094197436
                    ],
                    [
                        0.9132156178603359,
                        1.833962764704035,
                        0.6712978000114203,
                        0.0,
                        1.2043927286185803,
                        0.33592241914850623
                    ],
                    [
                        0.7350923340363702,
                        0.6712978000114203,
                        1.5403607395590386,
                        0.0,
                        1.3032668143007056,
                        0.14447916977331643
                    ],
                    [
                        0.0,
                        0.0,
                        0.0,
                        1e-09,
                        5.093007085516133e-10,
                        5.070103230293439e-10
                    ],
                    [
                        0.47438452820356225,
                        1.2043927286185803,
                        1.3032668143007056,
                        5.093007085516133e-10,
                        2.7309216507254446,
                        -0.747781760143805
                    ],
                    [
                        0.25499911094197436,
                        0.33592241914850623,
                        0.14447916977331643,
                        5.070103230293439e-10,
                        -0.747781760143805,
                        1.9005134046211412
                    ]
                ],
                "mui": [
                    0.0,
                    0.0,
                    0.0,
                    1.0,
                    0.5093007085516132,
                    0.5070103230293439
                ],
                "Ai": [
                    [
                        0.0,
                        0.0,
                        0.0,
                        0.0,
                        0.0,
                        0.0
                    ],
                    [
                        0.9132156178603359,
                        0.0,
                        0.0,
                        0.0,
                        0.0,
                        0.0
                    ],
                    [
                        0.7350923340363702,
                        -0.0,
                        0.0,
                        0.0,
                        0.0,
                        0.0
                    ],
                    [
                        0.0,
                        0.0,
                        0.0,
                        0.0,
                        0.0,
                        0.0
                    ],
                    [
                        -0.9315493588358962,
                        0.7711773685917802,
                        0.9545503842328067,
                        0.5093007085516132,
                        0.0,
                        0.0
                    ],
                    [
                        -0.6526318367359587,
                        0.8026699198536712,
                        0.8230050341839873,
                        0.9690509390393058,
                        -0.9072059163709922,
                        0.0
                    ]
                ]
            },
            "est_params": {
                "mui": [
                    0.003084497492743521,
                    0.004032028325763722,
                    -0.005687569655984683,
                    1.0000021912844985,
                    0.47102739525191334,
                    0.5258080915463088
                ],
                "Si": [
                    [
                        1.0338439975497749,
                        0.9784578140177786,
                        0.7867584318023835,
                        3.276185613122049e-06,
                        0.4761300601868856,
                        0.35844339582485835
                    ],
                    [
                        0.9784578140177786,
                        1.8987131505726713,
                        0.7339377501513619,
                        4.299417164718781e-06,
                        1.180298864043831,
                        0.49601485044242993
                    ],
                    [
                        0.7867584318023836,
                        0.7339377501513619,
                        1.5659600450866917,
                        3.1364151479556375e-06,
                        1.2497144687863133,
                        0.22050512608960665
                    ],
                    [
                        3.2761856131220484e-06,
                        4.299417164718781e-06,
                        3.1364151479556375e-06,
                        1.008827854938709e-06,
                        1.9240323522820672e-06,
                        6.271784730004704e-09
                    ],
                    [
                        0.4761300601868856,
                        1.180298864043831,
                        1.2497144687863133,
                        1.924032352282066e-06,
                        2.609923203094432,
                        -0.7212756478368718
                    ],
                    [
                        0.3584433958248584,
                        0.49601485044242993,
                        0.2205051260896066,
                        6.271784730004334e-09,
                        -0.7212756478368717,
                        2.045205579092982
                    ]
                ]
            },
            "est_tgt": [
                0,
                2,
                3,
                4,
                5
            ],
            "oracle_est_tgt": [
                3,
                4
            ],
            "intv_base_est_tgt": [
                1,
                2,
                3,
                5
            ]
        },
        "4": {
            "intv_type": "do",
            "inode": 4,
            "new_mui": 1.0,
            "new_vari": null,
            "true_params": {
                "Si": [
                    [
                        1.0,
                        0.9132156178603359,
                        0.7350923340363702,
                        0.1585770100102568,
                        0.0,
                        0.8390327620235926
                    ],
                    [
                        0.9132156178603359,
                        1.833962764704035,
                        0.6712978000114203,
                        -0.7289939328026739,
                        0.0,
                        0.7221223730490973
                    ],
                    [
                        0.7350923340363702,
                        0.6712978000114203,
                        1.5403607395590386,
                        0.7031360145484326,
                        0.0,
                        2.0081851494874052
                    ],
                    [
                        0.1585770100102568,
                        -0.7289939328026739,
                        0.7031360145484326,
                        2.132749885344736,
                        0.0,
                        1.9567938518950885
                    ],
                    [
                        0.0,
                        0.0,
                        0.0,
                        0.0,
                        1e-09,
                        -9.072059163709923e-10
                    ],
                    [
                        0.8390327620235926,
                        0.7221223730490973,
                        2.0081851494874052,
                        1.9567938518950885,
                        -9.072059163709923e-10,
                        4.581025822848716
                    ]
                ],
                "mui": [
                    0.0,
                    0.0,
                    0.0,
                    0.0,
                    1.0,
                    -0.9072059163709922
                ],
                "Ai": [
                    [
                        0.0,
                        0.0,
                        0.0,
                        0.0,
                        0.0,
                        0.0
                    ],
                    [
                        0.9132156178603359,
                        0.0,
                        0.0,
                        0.0,
                        0.0,
                        0.0
                    ],
                    [
                        0.7350923340363702,
                        -0.0,
                        0.0,
                        0.0,
                        0.0,
                        0.0
                    ],
                    [
                        0.525371872784505,
                        -0.8738089349776352,
                        0.586567270135484,
                        0.0,
                        0.0,
                        0.0
                    ],
                    [
                        0.0,
                        0.0,
                        0.0,
                        0.0,
                        0.0,
                        0.0
                    ],
                    [
                        -0.6526318367359587,
                        0.8026699198536712,
                        0.8230050341839873,
                        0.9690509390393058,
                        -0.9072059163709922,
                        0.0
                    ]
                ]
            },
            "est_params": {
                "mui": [
                    0.051504653128385924,
                    0.06695519962314136,
                    0.06909000779619308,
                    -0.04663014886458122,
                    1.000002264953946,
                    -0.8147204461142241
                ],
                "Si": [
                    [
                        1.0541461840022195,
                        0.9260317016241204,
                        0.759247957256735,
                        0.20579191742132658,
                        -1.5498628834265824e-06,
                        0.8963468286640606
                    ],
                    [
                        0.9260317016241204,
                        1.8992087584896302,
                        0.5903666671093424,
                        -0.8546400754368508,
                        4.4388342292940743e-07,
                        0.6045382671392675
                    ],
                    [
                        0.7592479572567351,
                        0.5903666671093424,
                        1.5372483715700314,
                        0.845381482192348,
                        5.392701528592368e-06,
                        2.049934753078423
                    ],
                    [
                        0.20579191742132658,
                        -0.8546400754368507,
                        0.845381482192348,
                        2.4307919779565808,
                        -7.797197899162644e-06,
                        2.196721317883578
                    ],
                    [
                        -1.5498628834265824e-06,
                        4.438834229294067e-07,
                        5.392701528592368e-06,
                        -7.797197899162644e-06,
                        1.0172046780406953e-06,
                        2.754122755073009e-06
                    ],
                    [
                        0.8963468286640608,
                        0.6045382671392674,
                        2.049934753078423,
                        2.196721317883578,
                        2.7541227550730097e-06,
                        4.719704131635308
                    ]
                ]
            },
            "est_tgt": [
                0,
                2,
                3,
                4,
                5
            ],
            "oracle_est_tgt": [
                3,
                4
            ],
            "intv_base_est_tgt": [
                1,
                2,
                3,
                4
            ]
        },
        "5": {
            "intv_type": "do",
            "inode": 5,
            "new_mui": 1.0,
            "new_vari": null,
            "true_params": {
                "Si": [
                    [
                        1.0,
                        0.9132156178603359,
                        0.7350923340363702,
                        0.1585770100102568,
                        0.5551479117617824,
                        0.0
                    ],
                    [
                        0.9132156178603359,
                        1.833962764704035,
                        0.6712978000114203,
                        -0.7289939328026739,
                        0.8331156021123514,
                        0.0
                    ],
                    [
                        0.7350923340363702,
                        0.6712978000114203,
                        1.5403607395590386,
                        0.7031360145484326,
                        1.6613744847183798,
                        0.0
                    ],
                    [
                        0.1585770100102568,
                        -0.7289939328026739,
                        0.7031360145484326,
                        2.132749885344736,
                        1.0474838458052695,
                        0.0
                    ],
                    [
                        0.5551479117617824,
                        0.8331156021123514,
                        1.6613744847183798,
                        1.0474838458052695,
                        3.2446821341164878,
                        0.0
                    ],
                    [
                        0.0,
                        0.0,
                        0.0,
                        0.0,
                        0.0,
                        1e-09
                    ]
                ],
                "mui": [
                    0.0,
                    0.0,
                    0.0,
                    0.0,
                    0.0,
                    1.0
                ],
                "Ai": [
                    [
                        0.0,
                        0.0,
                        0.0,
                        0.0,
                        0.0,
                        0.0
                    ],
                    [
                        0.9132156178603359,
                        0.0,
                        0.0,
                        0.0,
                        0.0,
                        0.0
                    ],
                    [
                        0.7350923340363702,
                        -0.0,
                        0.0,
                        0.0,
                        0.0,
                        0.0
                    ],
                    [
                        0.525371872784505,
                        -0.8738089349776352,
                        0.586567270135484,
                        0.0,
                        0.0,
                        0.0
                    ],
                    [
                        -0.9315493588358962,
                        0.7711773685917802,
                        0.9545503842328067,
                        0.5093007085516132,
                        0.0,
                        0.0
                    ],
                    [
                        0.0,
                        0.0,
                        0.0,
                        0.0,
                        0.0,
                        0.0
                    ]
                ]
            },
            "est_params": {
                "mui": [
                    -0.004268505454845832,
                    -0.02769085456378406,
                    0.011719266259189393,
                    0.012364139737909622,
                    -0.001839305120996702,
                    1.0000018086443585
                ],
                "Si": [
                    [
                        1.0064746446009094,
                        0.9572939380420527,
                        0.727766627694768,
                        0.14008470573611417,
                        0.6401596222190772,
                        6.736676406591378e-07
                    ],
                    [
                        0.9572939380420528,
                        1.8794687594648019,
                        0.7663752835061637,
                        -0.644686646907321,
                        1.0898416408231404,
                        -3.9731709932402126e-07
                    ],
                    [
                        0.727766627694768,
                        0.7663752835061638,
                        1.5530613214327715,
                        0.6203423579424059,
                        1.716049691149189,
                        -1.1245293108859363e-06
                    ],
                    [
                        0.14008470573611417,
                        -0.644686646907321,
                        0.6203423579424059,
                        2.002055896870214,
                        0.890136309850873,
                        5.5666111947070367e-08
                    ],
                    [
                        0.6401596222190771,
                        1.0898416408231404,
                        1.7160496911491891,
                        0.8901363098508731,
                        3.3270924198990337,
                        -3.20287834290932e-06
                    ],
                    [
                        6.736676406591382e-07,
                        -3.9731709932402115e-07,
                        -1.1245293108859372e-06,
                        5.5666111947070645e-08,
                        -3.2028783429093202e-06,
                        1.0067418261178142e-06
                    ]
                ]
            },
            "est_tgt": [
                2,
                3,
                4,
                5
            ],
            "oracle_est_tgt": [
                5
            ],
            "intv_base_est_tgt": [
                1,
                2,
                3,
                4,
                5
            ]
        },
        "obs": {
            "intv_type": "obs",
            "true_params": {
                "Si": [
                    [
                        1.0,
                        0.9132156178603359,
                        0.7350923340363702,
                        0.1585770100102568,
                        0.5551479117617824,
                        0.335399292012302
                    ],
                    [
                        0.9132156178603359,
                        1.833962764704035,
                        0.6712978000114203,
                        -0.7289939328026739,
                        0.8331156021123514,
                        -0.033685030208209454
                    ],
                    [
                        0.7350923340363702,
                        0.6712978000114203,
                        1.5403607395590386,
                        0.7031360145484326,
                        1.6613744847183798,
                        0.5009763876430826
                    ],
                    [
                        0.1585770100102568,
                        -0.7289939328026739,
                        0.7031360145484326,
                        2.132749885344736,
                        1.0474838458052695,
                        1.006510309677508
                    ],
                    [
                        0.5551479117617824,
