{
    "expt_args": {
        "save_dir": "all_expt_logs/expt_logs_11.05.24-main_plus_oracle_donoisepert-corr-js-wrong",
        "exp_name": "180",
        "num_nodes": 6,
        "obs_noise_mean": 0.0,
        "obs_noise_var": 1.0,
        "max_edge_strength": 1.0,
        "graph_sparsity_method": "adj_dense_prop",
        "adj_dense_prop": 0.8,
        "num_parents": null,
        "new_noise_mean": 1.0,
        "mix_samples": 16384,
        "stage2_samples": 16384,
        "gmm_tol": 0.001,
        "intv_type": "do",
        "new_noise_var": null,
        "intv_targets": [
            0,
            1,
            2,
            3,
            4,
            5
        ]
    },
    "intv_args_dict": {
        "0": {
            "intv_type": "do",
            "inode": 0,
            "new_mui": 1.0,
            "new_vari": null,
            "true_params": {
                "Si": [
                    [
                        1e-09,
                        -6.368738613264966e-10,
                        -4.771310497742408e-10,
                        5.3984119210748195e-11,
                        -1.2611839649344447e-09,
                        -1.9953567788269435e-10
                    ],
                    [
                        -6.368738613264966e-10,
                        1.0000000004056082,
                        0.7491766877886756,
                        -0.08476422492863059,
                        0.6459418660093854,
                        0.5637153776029953
                    ],
                    [
                        -4.771310497742408e-10,
                        0.7491766877886756,
                        1.5612657092983566,
                        0.9111194533387863,
                        0.4839245874846641,
                        0.11812366687416259
                    ],
                    [
                        5.3984119210748195e-11,
                        -0.08476422492863059,
                        0.9111194533387863,
                        1.9570746435252526,
                        -0.05475276159903073,
                        0.2920400308862733
                    ],
                    [
                        -1.2611839649344447e-09,
                        0.6459418660093854,
                        0.4839245874846641,
                        -0.05475276159903073,
                        1.4172408948166113,
                        1.1825692504919258
                    ],
                    [
                        -1.9953567788269435e-10,
                        0.5637153776029953,
                        0.11812366687416259,
                        0.2920400308862733,
                        1.1825692504919258,
                        2.4850392391792466
                    ]
                ],
                "mui": [
                    1.0,
                    -0.6368738613264966,
                    -0.47713104977424076,
                    0.053984119210748194,
                    -1.2611839649344445,
                    -0.19953567788269433
                ],
                "Ai": [
                    [
                        0.0,
                        0.0,
                        0.0,
                        0.0,
                        0.0,
                        0.0
                    ],
                    [
                        -0.6368738613264966,
                        0.0,
                        0.0,
                        0.0,
                        0.0,
                        0.0
                    ],
                    [
                        -0.0,
                        0.7491766874848034,
                        0.0,
                        0.0,
                        0.0,
                        0.0
                    ],
                    [
                        -0.0,
                        -0.8149289316579627,
                        0.9746228345880346,
                        0.0,
                        0.0,
                        0.0
                    ],
                    [
                        -0.8498004750481514,
                        0.6459418652061704,
                        -0.0,
                        -0.0,
                        0.0,
                        0.0
                    ],
                    [
                        0.8549922163691173,
                        0.7814890028927921,
                        -0.9243531901226769,
                        0.6363019782746182,
                        0.818441887868081,
                        0.0
                    ]
                ]
            },
            "est_params": {
                "mui": [
                    0.9999987969368558,
                    -0.6567166956342249,
                    -0.4953284165992619,
                    0.05586331208344956,
                    -1.2999138885201087,
                    -0.24050740594814962
                ],
                "Si": [
                    [
                        1.0063046363659029e-06,
                        8.303826208703293e-07,
                        7.220168545589158e-07,
                        1.0892675779677662e-06,
                        2.781064419872039e-06,
                        2.7900558880934123e-06
                    ],
                    [
                        8.303826208703297e-07,
                        0.9674518147207648,
                        0.7457348970248493,
                        -0.05047121245563345,
                        0.6480523996894276,
                        0.5738174554263544
                    ],
                    [
                        7.220168545589163e-07,
                        0.7457348970248493,
                        1.5843577764790375,
                        0.9600336577821006,
                        0.464212634845054,
                        0.13356477531425157
                    ],
                    [
                        1.0892675779677666e-06,
                        -0.05047121245563346,
                        0.9600336577821006,
                        2.0345010281739495,
                        -0.0747292472777723,
                        0.3300863221396859
                    ],
                    [
                        2.781064419872039e-06,
                        0.6480523996894276,
                        0.464212634845054,
                        -0.0747292472777723,
                        1.411340425745095,
                        1.1904499470841503
                    ],
                    [
                        2.7900558880934123e-06,
                        0.5738174554263544,
                        0.13356477531425154,
                        0.3300863221396859,
                        1.1904499470841503,
                        2.5061686216938197
                    ]
                ]
            },
            "est_tgt": [
                0
            ],
            "oracle_est_tgt": [
                0
            ],
            "intv_base_est_tgt": [
                0,
                4,
                5
            ]
        },
        "1": {
            "intv_type": "do",
            "inode": 1,
            "new_mui": 1.0,
            "new_vari": null,
            "true_params": {
                "Si": [
                    [
                        1.0,
                        0.0,
                        0.0,
                        0.0,
                        -0.8498004750481514,
                        0.15947991125951622
                    ],
                    [
                        0.0,
                        1e-09,
                        7.491766874848034e-10,
                        -8.476422489424951e-11,
                        6.459418652061704e-10,
                        5.637153774759163e-10
                    ],
                    [
                        0.0,
                        7.491766874848034e-10,
                        1.0000000005612657,
                        0.9746228345245311,
                        4.839245868829141e-10,
                        -0.30419875198037216
                    ],
                    [
                        0.0,
                        -8.476422489424951e-11,
                        0.9746228345245311,
                        1.9498896697076002,
                        -5.475276153094683e-11,
                        0.33982292788197743
                    ],
                    [
                        -0.8498004750481514,
                        6.459418652061704e-10,
                        4.839245868829141e-10,
                        -5.475276153094683e-11,
                        1.7221608478093047,
                        0.6829157838832345
                    ],
                    [
                        0.15947991125951622,
                        5.637153774759163e-10,
                        -0.30419875198037216,
                        0.33982292788197743,
                        0.6829157838832345,
                        2.1926980547497354
                    ]
                ],
                "mui": [
                    0.0,
                    1.0,
                    0.7491766874848034,
                    -0.0847642248942495,
                    0.6459418652061704,
                    0.5637153774759163
                ],
                "Ai": [
                    [
                        0.0,
                        0.0,
                        0.0,
                        0.0,
                        0.0,
                        0.0
                    ],
                    [
                        0.0,
                        0.0,
                        0.0,
                        0.0,
                        0.0,
                        0.0
                    ],
                    [
                        -0.0,
                        0.7491766874848034,
                        0.0,
                        0.0,
                        0.0,
                        0.0
                    ],
                    [
                        -0.0,
                        -0.8149289316579627,
                        0.9746228345880346,
                        0.0,
                        0.0,
                        0.0
                    ],
                    [
                        -0.8498004750481514,
                        0.6459418652061704,
                        -0.0,
                        -0.0,
                        0.0,
                        0.0
                    ],
                    [
                        0.8549922163691173,
                        0.7814890028927921,
                        -0.9243531901226769,
                        0.6363019782746182,
                        0.818441887868081,
                        0.0
                    ]
                ]
            },
            "est_params": {
                "mui": [
                    0.016593721487761736,
                    1.0000001199276145,
                    0.7533817075935927,
                    -0.12461996908661524,
                    0.600678144467258,
                    0.5180563181377686
                ],
                "Si": [
                    [
                        1.0059860974117307,
                        -1.0420597064866517e-06,
                        -0.00046286923500577827,
                        0.026694416427888085,
                        -0.8555407764375126,
                        0.18672790932761238
                    ],
                    [
                        -1.0420597064866512e-06,
                        1.0121305693362433e-06,
                        -7.186776875077781e-07,
                        4.112760275089666e-06,
                        3.153055964553442e-06,
                        5.544679413415444e-06
                    ],
                    [
                        -0.00046286923500578244,
                        -7.186776875077781e-07,
                        1.0057490727630933,
                        0.9412507289072798,
                        0.006171827985322058,
                        -0.3334314241495574
                    ],
                    [
                        0.026694416427888088,
                        4.112760275089664e-06,
                        0.9412507289072798,
                        1.8405651574898083,
                        0.003673051134471305,
                        0.28918052600225536
                    ],
                    [
                        -0.8555407764375126,
                        3.1530559645534414e-06,
                        0.0061718279853220604,
                        0.00367305113447132,
                        1.7236756163533327,
                        0.6612071143136652
                    ],
                    [
                        0.18672790932761238,
                        5.544679413415444e-06,
                        -0.3334314241495574,
                        0.28918052600225536,
                        0.6612071143136652,
                        2.1635443544070876
                    ]
                ]
            },
            "est_tgt": [
                1,
                2,
                4,
                5
            ],
            "oracle_est_tgt": [
                1,
                2,
                4,
                5
            ],
            "intv_base_est_tgt": [
                1,
                3,
                4,
                5
            ]
        },
        "2": {
            "intv_type": "do",
            "inode": 2,
            "new_mui": 1.0,
            "new_vari": null,
            "true_params": {
                "Si": [
                    [
                        1.0,
                        -0.6368738613264966,
                        0.0,
                        0.5190069354116833,
                        -1.2611839649344445,
                        -0.34467834795660623
                    ],
                    [
                        -0.6368738613264966,
                        1.4056083152409216,
                        0.0,
                        -1.1454708826688331,
                        1.4491569667970308,
                        1.0111306215167386
                    ],
                    [
                        0.0,
                        0.0,
                        1e-09,
                        9.746228345880347e-10,
                        0.0,
                        -3.041987524026946e-10
                    ],
                    [
                        0.5190069354116833,
                        -1.1454708826688331,
                        9.746228345880347e-10,
                        1.9334773636085054,
                        -1.180959938756598,
                        -0.18769761918114836
                    ],
                    [
                        -1.2611839649344445,
                        1.4491569667970308,
                        0.0,
                        -1.180959938756598,
                        3.0078258866337926,
                        1.7644813113300133
                    ],
                    [
                        -0.34467834795660623,
                        1.0111306215167386,
                        -3.041987524026946e-10,
                        -0.18769761918114836,
                        1.7644813113300133,
                        2.8201832059812904
                    ]
                ],
                "mui": [
                    0.0,
                    0.0,
                    1.0,
                    0.9746228345880346,
                    0.0,
                    -0.30419875240269456
                ],
                "Ai": [
                    [
                        0.0,
                        0.0,
                        0.0,
                        0.0,
                        0.0,
                        0.0
                    ],
                    [
                        -0.6368738613264966,
                        0.0,
                        0.0,
                        0.0,
                        0.0,
                        0.0
                    ],
                    [
                        0.0,
                        0.0,
                        0.0,
                        0.0,
                        0.0,
                        0.0
                    ],
                    [
                        -0.0,
                        -0.8149289316579627,
                        0.9746228345880346,
                        0.0,
                        0.0,
                        0.0
                    ],
                    [
                        -0.8498004750481514,
                        0.6459418652061704,
                        -0.0,
                        -0.0,
                        0.0,
                        0.0
                    ],
                    [
                        0.8549922163691173,
                        0.7814890028927921,
                        -0.9243531901226769,
                        0.6363019782746182,
                        0.818441887868081,
                        0.0
                    ]
                ]
            },
            "est_params": {
                "mui": [
                    -2.6664968560082033e-05,
                    0.01548303800417179,
                    1.0000017126151215,
                    0.9515215209498942,
                    0.004641113140218015,
                    -0.3108363799164351
                ],
                "Si": [
                    [
                        0.9828406087249183,
                        -0.6073262530992003,
                        5.867999055844921e-07,
                        0.4788885880200855,
                        -1.2145556621067661,
                        -0.32783669700022905
                    ],
                    [
                        -0.6073262530992003,
                        1.3462282012709625,
                        -5.172157962027124e-07,
                        -1.0868704508532363,
                        1.3551408425561495,
                        0.9433125588045436
                    ],
                    [
                        5.867999055844921e-07,
                        -5.172157962027124e-07,
                        1.0092399749559518e-06,
                        3.3036745074571603e-07,
                        -2.0602969955267747e-06,
                        -3.6535322509399876e-07
                    ],
                    [
                        0.4788885880200855,
                        -1.0868704508532365,
                        3.30367450745716e-07,
                        1.878446276787056,
                        -1.0528827830254646,
                        -0.0866869653999671
                    ],
                    [
                        -1.2145556621067661,
                        1.3551408425561495,
                        -2.060296995526774e-06,
                        -1.0528827830254646,
                        2.918097028318357,
                        1.712969380792391
                    ],
                    [
                        -0.32783669700022905,
                        0.9433125588045436,
                        -3.6535322509399887e-07,
                        -0.0866869653999671,
                        1.712969380792391,
                        2.768868478214109
                    ]
                ]
            },
            "est_tgt": [
                1,
                2,
                3,
                5
            ],
            "oracle_est_tgt": [
                1,
                2,
                3,
                5
            ],
            "intv_base_est_tgt": [
                2,
                3,
                4,
                5
            ]
        },
        "3": {
            "intv_type": "do",
            "inode": 3,
            "new_mui": 1.0,
            "new_vari": null,
            "true_params": {
                "Si": [
                    [
                        1.0,
                        -0.6368738613264966,
                        -0.47713104977424076,
                        0.0,
                        -1.2611839649344445,
                        -0.23388587973190622
                    ],
                    [
                        -0.6368738613264966,
                        1.4056083152409216,
                        1.0530489815132889,
                        0.0,
                        1.4491569667970308,
                        0.7666068247976456
                    ],
                    [
                        -0.47713104977424076,
                        1.0530489815132889,
                        1.7889197477293717,
                        0.0,
                        1.0856746160305248,
                        -0.3500292285175337
                    ],
                    [
                        0.0,
                        0.0,
                        0.0,
                        1e-09,
                        0.0,
                        6.363019782746183e-10
                    ],
                    [
                        -1.2611839649344445,
                        1.4491569667970308,
                        1.0856746160305248,
                        0.0,
                        3.0078258866337926,
                        1.5123816618608807
                    ],
                    [
                        -0.23388587973190622,
                        0.7666068247976456,
                        -0.3500292285175337,
                        6.363019782746183e-10,
                        1.5123816618608807,
                        2.960471333364225
                    ]
                ],
                "mui": [
                    0.0,
                    0.0,
                    0.0,
                    1.0,
                    0.0,
                    0.6363019782746182
                ],
                "Ai": [
                    [
                        0.0,
                        0.0,
                        0.0,
                        0.0,
                        0.0,
                        0.0
                    ],
                    [
                        -0.6368738613264966,
                        0.0,
                        0.0,
                        0.0,
                        0.0,
                        0.0
                    ],
                    [
                        -0.0,
                        0.7491766874848034,
                        0.0,
                        0.0,
                        0.0,
                        0.0
                    ],
                    [
                        0.0,
                        0.0,
                        0.0,
                        0.0,
                        0.0,
                        0.0
                    ],
                    [
                        -0.8498004750481514,
                        0.6459418652061704,
                        -0.0,
                        -0.0,
                        0.0,
                        0.0
                    ],
                    [
                        0.8549922163691173,
                        0.7814890028927921,
                        -0.9243531901226769,
                        0.6363019782746182,
                        0.818441887868081,
                        0.0
                    ]
                ]
            },
            "est_params": {
                "mui": [
                    0.023478144134700066,
                    -0.002014550659825666,
                    0.005824075646230917,
                    0.9999976214992295,
                    -0.04214740925794893,
                    0.6066388063843855
                ],
                "Si": [
                    [
                        0.9912490626178757,
                        -0.6270585760374539,
                        -0.45860309561863905,
                        3.3967214978744755e-08,
                        -1.2527847913967867,
                        -0.22382334427495623
                    ],
                    [
                        -0.6270585760374539,
                        1.386338440609585,
                        1.0320247250183463,
                        6.550794330255182e-07,
                        1.430341091862784,
                        0.7452815785699414
                    ],
                    [
                        -0.45860309561863905,
                        1.0320247250183463,
                        1.7373027045839664,
                        1.3915801137709406e-07,
                        1.0557466566180491,
                        -0.3648981780956964
                    ],
                    [
                        3.39672149787442e-08,
                        6.550794330255177e-07,
                        1.3915801137709454e-07,
                        1.0188822163231521e-06,
                        2.512160060030536e-06,
                        8.62913839202222e-06
                    ],
                    [
                        -1.2527847913967867,
                        1.430341091862784,
                        1.0557466566180491,
                        2.5121600600305366e-06,
                        2.9855437584169398,
                        1.508819000440353
                    ],
                    [
                        -0.22382334427495623,
                        0.7452815785699414,
                        -0.3648981780956964,
                        8.62913839202222e-06,
                        1.508819000440353,
                        3.0304575976031285
                    ]
                ]
            },
            "est_tgt": [
                1,
                2,
                3,
                5
            ],
            "oracle_est_tgt": [
                1,
                2,
                3,
                5
            ],
            "intv_base_est_tgt": [
                2,
                3,
                4,
                5
            ]
        },
        "4": {
            "intv_type": "do",
            "inode": 4,
            "new_mui": 1.0,
            "new_vari": null,
            "true_params": {
                "Si": [
                    [
                        1.0,
                        -0.6368738613264966,
                        -0.47713104977424076,
                        0.053984119210748194,
                        0.0,
                        0.8326701073272041
                    ],
                    [
                        -0.6368738613264966,
                        1.4056083152409216,
                        1.0530489815132889,
                        -0.1191452993463086,
                        0.0,
                        -0.4952563286010761
                    ],
                    [
                        -0.47713104977424076,
                        1.0530489815132889,
                        1.7889197477293717,
                        0.8853619538943818,
                        0.0,
                        -0.675233248119934
                    ],
                    [
                        0.053984119210748194,
                        -0.1191452993463086,
                        0.8853619538943818,
                        1.9599889286492984,
                        0.0,
                        0.3818029467476023
                    ],
                    [
                        0.0,
                        0.0,
                        0.0,
                        0.0,
                        1e-09,
                        8.184418878680811e-10
                    ],
                    [
                        0.8326701073272041,
                        -0.4952563286010761,
                        -0.675233248119934,
                        0.3818029467476023,
                        8.184418878680811e-10,
                        2.19198506412618
                    ]
                ],
                "mui": [
                    0.0,
                    0.0,
                    0.0,
                    0.0,
                    1.0,
                    0.818441887868081
                ],
                "Ai": [
                    [
                        0.0,
                        0.0,
                        0.0,
                        0.0,
                        0.0,
                        0.0
                    ],
                    [
                        -0.6368738613264966,
                        0.0,
                        0.0,
                        0.0,
                        0.0,
                        0.0
                    ],
                    [
                        -0.0,
                        0.7491766874848034,
                        0.0,
                        0.0,
                        0.0,
                        0.0
                    ],
                    [
                        -0.0,
                        -0.8149289316579627,
                        0.9746228345880346,
                        0.0,
                        0.0,
                        0.0
                    ],
                    [
                        0.0,
                        0.0,
                        0.0,
                        0.0,
                        0.0,
                        0.0
                    ],
                    [
                        0.8549922163691173,
                        0.7814890028927921,
                        -0.9243531901226769,
                        0.6363019782746182,
                        0.818441887868081,
                        0.0
                    ]
                ]
            },
            "est_params": {
                "mui": [
                    -0.007332453313536995,
                    -0.03640926883475346,
                    -0.013731497226553745,
                    0.007215897889918251,
                    0.9999994084760705,
                    0.8102793045574976
                ],
                "Si": [
                    [
                        0.9922181591172833,
                        -0.6325842039750934,
                        -0.4603778228817959,
                        0.06820658454737885,
                        1.1608559642055847e-06,
                        0.8363927172699787
                    ],
                    [
                        -0.6325842039750934,
                        1.3670464451895472,
                        1.0368076022982384,
                        -0.09308630529416143,
                        -2.599048000127477e-06,
                        -0.4697036770176147
                    ],
                    [
                        -0.4603778228817959,
                        1.0368076022982384,
                        1.7679690457005466,
                        0.8464744390270056,
                        -1.5971514925295728e-06,
                        -0.6594391601120134
                    ],
                    [
                        0.06820658454737885,
                        -0.09308630529416141,
                        0.8464744390270057,
                        1.852957119175263,
                        1.4266809223264879e-06,
                        0.38498115025223595
                    ],
                    [
                        1.1608559642055852e-06,
                        -2.5990480001274764e-06,
                        -1.5971514925295732e-06,
                        1.4266809223264879e-06,
                        1.008061451088679e-06,
                        8.6124016652556e-07
                    ],
                    [
                        0.8363927172699787,
                        -0.4697036770176147,
                        -0.6594391601120134,
                        0.3849811502522359,
                        8.612401665255599e-07,
                        2.1800068053318316
                    ]
                ]
            },
            "est_tgt": [
                1,
                2,
                4,
                5
            ],
            "oracle_est_tgt": [
                1,
                2,
                4,
                5
            ],
            "intv_base_est_tgt": []
        },
        "5": {
            "intv_type": "do",
            "inode": 5,
            "new_mui": 1.0,
            "new_vari": null,
            "true_params": {
                "Si": [
                    [
                        1.0,
                        -0.6368738613264966,
                        -0.47713104977424076,
                        0.053984119210748194,
                        -1.2611839649344445,
                        0.0
                    ],
                    [
                        -0.6368738613264966,
                        1.4056083152409216,
                        1.0530489815132889,
                        -0.1191452993463086,
                        1.4491569667970308,
                        0.0
                    ],
                    [
                        -0.47713104977424076,
                        1.0530489815132889,
                        1.7889197477293717,
                        0.8853619538943818,
                        1.0856746160305248,
                        0.0
                    ],
                    [
                        0.053984119210748194,
                        -0.1191452993463086,
                        0.8853619538943818,
                        1.9599889286492984,
                        -0.12283666704065195,
                        0.0
                    ],
                    [
                        -1.2611839649344445,
                        1.4491569667970308,
                        1.0856746160305248,
                        -0.12283666704065195,
                        3.0078258866337926,
                        0.0
                    ],
                    [
                        0.0,
                        0.0,
                        0.0,
                        0.0,
                        0.0,
                        1e-09
                    ]
                ],
                "mui": [
                    0.0,
                    0.0,
                    0.0,
                    0.0,
                    0.0,
                    1.0
                ],
                "Ai": [
                    [
                        0.0,
                        0.0,
                        0.0,
                        0.0,
                        0.0,
                        0.0
                    ],
                    [
                        -0.6368738613264966,
                        0.0,
                        0.0,
                        0.0,
                        0.0,
                        0.0
                    ],
                    [
                        -0.0,
                        0.7491766874848034,
                        0.0,
                        0.0,
                        0.0,
                        0.0
                    ],
                    [
                        -0.0,
                        -0.8149289316579627,
                        0.9746228345880346,
                        0.0,
                        0.0,
                        0.0
                    ],
                    [
                        -0.8498004750481514,
                        0.6459418652061704,
                        -0.0,
                        -0.0,
                        0.0,
                        0.0
                    ],
                    [
                        0.0,
                        0.0,
                        0.0,
                        0.0,
                        0.0,
                        0.0
                    ]
                ]
            },
            "est_params": {
                "mui": [
                    -0.01757721700420083,
                    0.0031578974148451238,
                    0.012605943068247027,
                    0.017351911857378173,
                    0.0236211706606136,
                    1.0000026131637734
                ],
                "Si": [
                    [
                        0.9551498341695034,
                        -0.5956949840513752,
                        -0.41582435983056687,
                        0.05238062251461724,
                        -1.2187633234265578,
                        1.7420137358694708e-07
                    ],
                    [
                        -0.5956949840513751,
                        1.3753764325120008,
                        0.9965728727928468,
                        -0.15171422383582286,
                        1.4166636371368524,
                        2.299024383307421e-06
                    ],
                    [
                        -0.4158243598305669,
                        0.9965728727928466,
                        1.7383542140044341,
                        0.9038323214359364,
                        1.016769990625663,
                        4.1089147668255684e-06
                    ],
                    [
                        0.05238062251461724,
                        -0.15171422383582286,
                        0.9038323214359366,
                        1.9848266875714806,
                        -0.12863845953093492,
                        1.6266066503864558e-06
                    ],
                    [
                        -1.2187633234265578,
                        1.4166636371368524,
                        1.016769990625663,
                        -0.12863845953093492,
                        2.9794896865146967,
                        1.5935602283452521e-06
                    ],
                    [
                        1.742013735869467e-07,
                        2.299024383307421e-06,
                        4.108914766825568e-06,
                        1.6266066503864558e-06,
                        1.5935602283452515e-06,
                        1.013750113298158e-06
                    ]
                ]
            },
            "est_tgt": [
                1,
                5
            ],
            "oracle_est_tgt": [
                1,
                5
            ],
            "intv_base_est_tgt": [
                4,
                5
            ]
        },
        "obs": {
            "intv_type": "obs",
            "true_params": {
                "Si": [
                    [
                        1.0,
                        -0.6368738613264966,
                        -0.47713104977424076,
                        0.053984119210748194,
                        -1.2611839649344445,
                        -0.19953567788269433
                    ],
                    [
                        -0.6368738613264966,
                        1.4056083152409216,
                        1.0530489815132889,
                        -0.1191452993463086,
                        1.4491569667970308,
                        0.6907944351214679
                    ],
                    [
                        -0.47713104977424076,
                        1.0530489815132889,
                        1.7889197477293717,
                        0.8853619538943818,
                        1.0856746160305248,
                        0.21332833423454267
                    ],
                    [
                        0.053984119210748194,
                        -0.1191452993463086,
                        0.8853619538943818,
                        1.9599889286492984,
                        -0.12283666704065195,
                        0.2812682730754282
                    ],
                    [
                        -1.2611839649344445,
                        1.4491569667970308,
                        1.0856746160305248,
                        -0.12283666704065195,
                        3.0078258866337926,
