{
    "expt_args": {
        "save_dir": "all_expt_logs/expt_logs_11.05.24-main_plus_oracle_donoisepert-corr-js-wrong",
        "exp_name": "238",
        "num_nodes": 8,
        "obs_noise_mean": 0.0,
        "obs_noise_var": 1.0,
        "max_edge_strength": 1.0,
        "graph_sparsity_method": "adj_dense_prop",
        "adj_dense_prop": 0.8,
        "num_parents": null,
        "new_noise_mean": 1.0,
        "mix_samples": 65536,
        "stage2_samples": 65536,
        "gmm_tol": 0.001,
        "intv_type": "do",
        "new_noise_var": null,
        "intv_targets": [
            0,
            1,
            2,
            3,
            4,
            5,
            6,
            7
        ]
    },
    "intv_args_dict": {
        "0": {
            "intv_type": "do",
            "inode": 0,
            "new_mui": 1.0,
            "new_vari": null,
            "true_params": {
                "Si": [
                    [
                        1e-09,
                        -5.300614029882558e-10,
                        6.570893725709535e-10,
                        -1.562814904741589e-09,
                        -2.8062441463263396e-09,
                        1.385021074759119e-09,
                        -7.502369293691136e-11,
                        -1.0324146770258025e-09
                    ],
                    [
                        -5.300614029882558e-10,
                        1.000000000280965,
                        -3.4829771471363233e-10,
                        0.9234294036798293,
                        1.5438233206006018,
                        -0.4959746927661485,
                        1.2627198719982922,
                        1.6450294357810145
                    ],
                    [
                        6.570893725709535e-10,
                        -3.4829771471363233e-10,
                        1.0000000004317664,
                        -0.5508609078843599,
                        -1.3857456327717468,
                        -0.19689031265463647,
                        1.1263877663488575,
                        -1.048717711660167
                    ],
                    [
                        -1.562814904741589e-09,
                        0.9234294036798293,
                        -0.5508609078843599,
                        2.156169603196773,
                        2.9613743540402417,
                        -0.2816971139580081,
                        0.4971499662766749,
                        2.5902926284698102
                    ],
                    [
                        -2.8062441463263396e-09,
                        1.5438233206006018,
                        -1.3857456327717468,
                        2.9613743540402417,
                        5.900297697338762,
                        -1.1130419428749685,
                        0.8309846766394756,
                        4.964997602419643
                    ],
                    [
                        1.385021074759119e-09,
                        -0.4959746927661485,
                        -0.19689031265463647,
                        -0.2816971139580081,
                        -1.1130419428749685,
                        1.7417308144969725,
                        -1.8874938589984898,
                        -0.9101832830304827
                    ],
                    [
                        -7.502369293691136e-11,
                        1.2627198719982922,
                        1.1263877663488575,
                        0.4971499662766749,
                        0.8309846766394756,
                        -1.8874938589984898,
                        4.604774837420713,
                        1.879071894078585
                    ],
                    [
                        -1.0324146770258025e-09,
                        1.6450294357810145,
                        -1.048717711660167,
                        2.5902926284698102,
                        4.964997602419643,
                        -0.9101832830304827,
                        1.879071894078585,
                        5.993316856566769
                    ]
                ],
                "mui": [
                    1.0,
                    -0.5300614029882558,
                    0.6570893725709535,
                    -1.562814904741589,
                    -2.8062441463263395,
                    1.385021074759119,
                    -0.07502369293691136,
                    -1.0324146770258025
                ],
                "Ai": [
                    [
                        0.0,
                        0.0,
                        0.0,
                        0.0,
                        0.0,
                        0.0,
                        0.0,
                        0.0
                    ],
                    [
                        -0.5300614029882558,
                        0.0,
                        0.0,
                        0.0,
                        0.0,
                        0.0,
                        0.0,
                        0.0
                    ],
                    [
                        0.6570893725709535,
                        0.0,
                        0.0,
                        0.0,
                        0.0,
                        0.0,
                        0.0,
                        0.0
                    ],
                    [
                        -0.7113757722447178,
                        0.9234294028514414,
                        -0.5508609068574508,
                        0.0,
                        0.0,
                        0.0,
                        0.0,
                        0.0
                    ],
                    [
                        -0.5278909248090802,
                        0.8305577597561282,
                        -0.9602554833926173,
                        0.7724094090512081,
                        0.0,
                        0.0,
                        0.0,
                        0.0
                    ],
                    [
                        0.9447072942984038,
                        0.0,
                        -0.8053733950543713,
                        0.5873529359235902,
                        -0.6725858134540078,
                        0.0,
                        0.0,
                        0.0
                    ],
                    [
                        0.7470084417957482,
                        0.9088790742376761,
                        0.9859212733804968,
                        0.0,
                        -0.0,
                        -0.7134251069770665,
                        0.0,
                        0.0
                    ],
                    [
                        0.5578736310132696,
                        0.0,
                        -0.9162783539637318,
                        0.0,
                        0.6333951659715651,
                        0.6114773298277214,
                        0.7685445597953452,
                        0.0
                    ]
                ]
            },
            "est_params": {
                "mui": [
                    0.9999991054912721,
                    -0.5409112128067757,
                    0.6347849971097698,
                    -1.5528678969439114,
                    -2.772472717949776,
                    1.3786825823696172,
                    -0.09990586289147159,
                    -1.0034726360616633
                ],
                "Si": [
                    [
                        1.011351304716023e-06,
                        1.1384266612179647e-07,
                        4.867153947457918e-07,
                        -3.919473809664202e-07,
                        -5.609165348401529e-07,
                        -1.981700896770948e-06,
                        2.565431103716593e-06,
                        -5.5925067832807225e-08
                    ],
                    [
                        1.1384266612179683e-07,
                        0.9741387570782009,
                        0.0026861685989073374,
                        0.8800600501727441,
                        1.489798642517191,
                        -0.5051147426457204,
                        1.2559684038496102,
                        1.5849575804902833
                    ],
                    [
                        4.867153947457919e-07,
                        0.002686168598907338,
                        0.9909040822594223,
                        -0.546012473091321,
                        -1.3748005740702365,
                        -0.1966930849834285,
                        1.125209581016333,
                        -1.034868245109789
                    ],
                    [
                        -3.919473809664204e-07,
                        0.8800600501727441,
                        -0.546012473091321,
                        2.0999665193499273,
                        2.897009784392466,
                        -0.2939862270167619,
                        0.49286975143909006,
                        2.5427055921755284
                    ],
                    [
                        -5.609165348401522e-07,
                        1.489798642517191,
                        -1.3748005740702365,
                        2.897009784392466,
                        5.821053046009396,
                        -1.1499631787340285,
                        0.842450079632481,
                        4.87672829706668
                    ],
                    [
                        -1.9817008967709485e-06,
                        -0.5051147426457204,
                        -0.19669308498342847,
                        -0.2939862270167619,
                        -1.149963178734028,
                        1.7713655237604125,
                        -1.927912868446172,
                        -0.9113199682156361
                    ],
                    [
                        2.565431103716593e-06,
                        1.2559684038496102,
                        1.125209581016333,
                        0.49286975143908995,
                        0.842450079632481,
                        -1.9279128684461722,
                        4.6293025737242495,
                        1.8449121091922833
                    ],
                    [
                        -5.592506783280645e-08,
                        1.5849575804902833,
                        -1.034868245109789,
                        2.542705592175528,
                        4.87672829706668,
                        -0.9113199682156359,
                        1.8449121091922833,
                        5.876181107432021
                    ]
                ]
            },
            "est_tgt": [
                0
            ],
            "oracle_est_tgt": [
                0
            ],
            "intv_base_est_tgt": [
                0,
                5,
                6,
                7
            ]
        },
        "1": {
            "intv_type": "do",
            "inode": 1,
            "new_mui": 1.0,
            "new_vari": null,
            "true_params": {
                "Si": [
                    [
                        1.0,
                        0.0,
                        0.6570893725709535,
                        -1.0733406199055466,
                        -1.9879229918312535,
                        1.122124033653968,
                        0.594295373974575,
                        -0.16044806662881173
                    ],
                    [
                        0.0,
                        1e-09,
                        0.0,
                        9.234294028514414e-10,
                        1.5438233191131202e-09,
                        -4.959746920320024e-10,
                        1.2627198719585253e-09,
                        1.6450294352337715e-09
                    ],
                    [
                        0.6570893725709535,
                        0.0,
                        1.4317664435456892,
                        -1.2561416213461047,
                        -2.6919887023495646,
                        0.5404454636557542,
                        1.5168929408049283,
                        -1.1541464304131266
                    ],
                    [
                        -1.0733406199055466,
                        9.234294028514414e-10,
                        -1.2561416213461047,
                        2.455507825895758,
                        3.6694810017801007,
                        -1.0281208044519974,
                        -1.3067640551147188,
                        1.2434395066224555
                    ],
                    [
                        -1.9879229918312535,
                        1.5438233191131202e-09,
                        -2.6919887023495646,
                        3.6694810017801007,
                        7.468745072661018,
                        -2.5780408106921557,
                        -2.2998451433217575,
                        2.7443211999669757
                    ],
                    [
                        1.122124033653968,
                        -4.959746920320024e-10,
                        0.5404454636557542,
                        -1.0281208044519974,
                        -2.5780408106921557,
                        2.7549022645922916,
                        -0.594343637677295,
                        -0.2743329466103141
                    ],
                    [
                        0.594295373974575,
                        1.2627198719585253e-09,
                        1.5168929408049283,
                        -1.3067640551147188,
                        -2.2998451433217575,
                        -0.594343637677295,
                        3.3635003554981733,
                        -0.2934930055087187
                    ],
                    [
                        -0.16044806662881173,
                        1.6450294352337715e-09,
                        -1.1541464304131266,
                        1.2434395066224555,
                        2.7443211999669757,
                        -0.2743329466103141,
                        -0.2934930055087187,
                        3.312938597506393
                    ]
                ],
                "mui": [
                    0.0,
                    1.0,
                    0.0,
                    0.9234294028514414,
                    1.54382331911312,
                    -0.4959746920320023,
                    1.262719871958525,
                    1.6450294352337713
                ],
                "Ai": [
                    [
                        0.0,
                        0.0,
                        0.0,
                        0.0,
                        0.0,
                        0.0,
                        0.0,
                        0.0
                    ],
                    [
                        0.0,
                        0.0,
                        0.0,
                        0.0,
                        0.0,
                        0.0,
                        0.0,
                        0.0
                    ],
                    [
                        0.6570893725709535,
                        0.0,
                        0.0,
                        0.0,
                        0.0,
                        0.0,
                        0.0,
                        0.0
                    ],
                    [
                        -0.7113757722447178,
                        0.9234294028514414,
                        -0.5508609068574508,
                        0.0,
                        0.0,
                        0.0,
                        0.0,
                        0.0
                    ],
                    [
                        -0.5278909248090802,
                        0.8305577597561282,
                        -0.9602554833926173,
                        0.7724094090512081,
                        0.0,
                        0.0,
                        0.0,
                        0.0
                    ],
                    [
                        0.9447072942984038,
                        0.0,
                        -0.8053733950543713,
                        0.5873529359235902,
                        -0.6725858134540078,
                        0.0,
                        0.0,
                        0.0
                    ],
                    [
                        0.7470084417957482,
                        0.9088790742376761,
                        0.9859212733804968,
                        0.0,
                        -0.0,
                        -0.7134251069770665,
                        0.0,
                        0.0
                    ],
                    [
                        0.5578736310132696,
                        0.0,
                        -0.9162783539637318,
                        0.0,
                        0.6333951659715651,
                        0.6114773298277214,
                        0.7685445597953452,
                        0.0
                    ]
                ]
            },
            "est_params": {
                "mui": [
                    -0.005090892680295426,
                    0.9999997300004924,
                    -0.013148122627462037,
                    0.9175913501599487,
                    1.5408580571931016,
                    -0.4813478411466252,
                    1.2278262121024257,
                    1.6279912065959212
                ],
                "Si": [
                    [
                        1.0060748199122913,
                        1.9173238091056446e-06,
                        0.6572271289667823,
                        -1.0616837615135368,
                        -1.99162209354446,
                        1.1490668869076999,
                        0.5764099996840508,
                        -0.15976260496537087
                    ],
                    [
                        1.917323809105644e-06,
                        1.0128054646294014e-06,
                        6.552713286318548e-07,
                        -7.519042463924216e-07,
                        -1.5371053552756596e-06,
                        1.994425984422148e-06,
                        1.4738364475643528e-06,
                        8.369101992866588e-07
                    ],
                    [
                        0.6572271289667823,
                        6.552713286318545e-07,
                        1.3944818609752763,
                        -1.228354233456381,
                        -2.6309625737499043,
                        0.5683668365777802,
                        1.4435191757560584,
                        -1.1132537444234407
                    ],
                    [
                        -1.0616837615135368,
                        -7.519042463924223e-07,
                        -1.2283542334563813,
                        2.4136507543618695,
                        3.602472092717748,
                        -1.0409033786748887,
                        -1.2326182480263401,
                        1.217529954799391
                    ],
                    [
                        -1.9916220935444595,
                        -1.5371053552756606e-06,
                        -2.6309625737499047,
                        3.602472092717748,
                        7.3731164122776205,
                        -2.632535369098065,
                        -2.157571413746358,
                        2.693412004783081
                    ],
                    [
                        1.1490668869076999,
                        1.994425984422148e-06,
                        0.5683668365777804,
                        -1.0409033786748887,
                        -2.632535369098065,
                        2.7675772225118305,
                        -0.5545462167261471,
                        -0.3005343946914967
                    ],
                    [
                        0.5764099996840508,
                        1.4738364475643528e-06,
                        1.4435191757560584,
                        -1.2326182480263401,
                        -2.157571413746358,
                        -0.5545462167261471,
                        3.2386648377253073,
                        -0.20783709647754248
                    ],
                    [
                        -0.15976260496537087,
                        8.369101992866592e-07,
                        -1.1132537444234407,
                        1.217529954799391,
                        2.693412004783081,
                        -0.3005343946914966,
                        -0.20783709647754245,
                        3.256984637404827
                    ]
                ]
            },
            "est_tgt": [
                1
            ],
            "oracle_est_tgt": [
                1
            ],
            "intv_base_est_tgt": [
                1,
                2,
                3,
                4,
                5,
                6,
                7
            ]
        },
        "2": {
            "intv_type": "do",
            "inode": 2,
            "new_mui": 1.0,
            "new_vari": null,
            "true_params": {
                "Si": [
                    [
                        1.0,
                        -0.5300614029882558,
                        0.0,
                        -1.20085005708076,
                        -1.8956854191570556,
                        1.5143956073646585,
                        -0.8151611236310725,
                        -0.3433134143127393
                    ],
                    [
                        -0.5300614029882558,
                        1.280965090937878,
                        0.0,
                        1.5599536688861961,
                        2.5486529920158887,
                        -1.2986973523509648,
                        1.6948053208118945,
                        1.8270066252890702
                    ],
                    [
                        0.0,
                        0.0,
                        1e-09,
                        -5.508609068574508e-10,
                        -1.3857456309277936e-09,
                        -1.968903135647191e-10,
                        1.1263877663981548e-09,
                        -1.0487177109817784e-09
                    ],
                    [
                        -1.20085005708076,
                        1.5599536688861961,
                        -5.508609068574508e-10,
                        3.294762721944882,
                        4.474455199293235,
                        -2.2087183399134287,
                        2.09651923385256,
                        2.424862971299186
                    ],
                    [
                        -1.8956854191570556,
                        2.5486529920158887,
                        -1.3857456309277936e-09,
                        4.474455199293235,
                        7.573629946153239,
                        -4.25669950222641,
                        3.9371606572159195,
                        4.162555848619781
                    ],
                    [
                        1.5143956073646585,
                        -1.2986973523509648,
                        -1.968903135647191e-10,
                        -2.2087183399134287,
                        -4.25669950222641,
                        3.996359072647215,
                        -2.900195443516094,
                        -1.6365779669347367
                    ],
                    [
                        -0.8151611236310725,
                        1.6948053208118945,
                        1.1263877663981548e-09,
                        2.09651923385256,
                        3.9371606572159195,
                        -2.900195443516094,
                        4.0005130958718835,
                        3.34019044144361
                    ],
                    [
                        -0.3433134143127393,
                        1.8270066252890702,
                        -1.0487177109817784e-09,
                        2.424862971299186,
                        4.162555848619781,
                        -1.6365779669347367,
                        3.34019044144361,
                        5.011372119720907
                    ]
                ],
                "mui": [
                    0.0,
                    0.0,
                    1.0,
                    -0.5508609068574508,
                    -1.3857456309277936,
                    -0.1968903135647191,
                    1.1263877663981547,
                    -1.0487177109817782
                ],
                "Ai": [
                    [
                        0.0,
                        0.0,
                        0.0,
                        0.0,
                        0.0,
                        0.0,
                        0.0,
                        0.0
                    ],
                    [
                        -0.5300614029882558,
                        0.0,
                        0.0,
                        0.0,
                        0.0,
                        0.0,
                        0.0,
                        0.0
                    ],
                    [
                        0.0,
                        0.0,
                        0.0,
                        0.0,
                        0.0,
                        0.0,
                        0.0,
                        0.0
                    ],
                    [
                        -0.7113757722447178,
                        0.9234294028514414,
                        -0.5508609068574508,
                        0.0,
                        0.0,
                        0.0,
                        0.0,
                        0.0
                    ],
                    [
                        -0.5278909248090802,
                        0.8305577597561282,
                        -0.9602554833926173,
                        0.7724094090512081,
                        0.0,
                        0.0,
                        0.0,
                        0.0
                    ],
                    [
                        0.9447072942984038,
                        0.0,
                        -0.8053733950543713,
                        0.5873529359235902,
                        -0.6725858134540078,
                        0.0,
                        0.0,
                        0.0
                    ],
                    [
                        0.7470084417957482,
                        0.9088790742376761,
                        0.9859212733804968,
                        0.0,
                        -0.0,
                        -0.7134251069770665,
                        0.0,
                        0.0
                    ],
                    [
                        0.5578736310132696,
                        0.0,
                        -0.9162783539637318,
                        0.0,
                        0.6333951659715651,
                        0.6114773298277214,
                        0.7685445597953452,
                        0.0
                    ]
                ]
            },
            "est_params": {
                "mui": [
                    0.00889444831646821,
                    0.015108102922875895,
                    0.999999978599284,
                    -0.5299462710745803,
                    -1.3409834177116156,
                    -0.20718047739169257,
                    1.150952542804471,
                    -0.9981998629361873
                ],
                "Si": [
                    [
                        1.0047990457447362,
                        -0.526446201253462,
                        -2.6413945582260263e-07,
                        -1.2052020300930142,
                        -1.9056052449978242,
                        1.520866494205778,
                        -0.8043754242174892,
                        -0.33903883956202796
                    ],
                    [
                        -0.526446201253462,
                        1.2877450328884308,
                        1.4825441036524813e-07,
                        1.5907704885208622,
                        2.5820658797974754,
                        -1.300595118048433,
                        1.7004242742666034,
                        1.8505272208242616
                    ],
                    [
                        -2.6413945582260273e-07,
                        1.482544103652483e-07,
                        1.0076173521908036e-06,
                        -1.0273042969703101e-06,
                        -2.018749099490058e-06,
                        8.747560175495642e-08,
                        -6.348227191643427e-07,
                        -1.898671167624644e-06
                    ],
                    [
                        -1.2052020300930142,
                        1.590770488520862,
                        -1.02730429697031e-06,
                        3.3528765768796265,
                        4.5594678712425445,
                        -2.218591573911126,
                        2.0962454529274877,
                        2.4629135914468545
                    ],
                    [
                        -1.9056052449978242,
                        2.5820658797974754,
                        -2.0187490994900583e-06,
                        4.5594678712425445,
                        7.707420753270243,
                        -4.283112603516988,
                        3.9508989905191285,
                        4.230549877206618
                    ],
                    [
                        1.520866494205778,
                        -1.300595118048433,
                        8.747560175495713e-08,
                        -2.218591573911126,
                        -4.283112603516988,
                        4.003857195741612,
                        -2.9005829967549954,
                        -1.6471001485327723
                    ],
                    [
                        -0.8043754242174892,
                        1.7004242742666034,
                        -6.348227191643424e-07,
                        2.096245452927488,
                        3.9508989905191285,
                        -2.9005829967549954,
                        4.017826073687285,
                        3.3562396492977484
                    ],
                    [
                        -0.33903883956202796,
                        1.8505272208242616,
                        -1.898671167624644e-06,
                        2.4629135914468545,
                        4.230549877206618,
                        -1.6471001485327723,
                        3.3562396492977484,
                        5.054181241460055
                    ]
                ]
            },
            "est_tgt": [
                2
            ],
            "oracle_est_tgt": [
                2
            ],
            "intv_base_est_tgt": [
                2,
                4,
                5,
                6,
                7
            ]
        },
        "3": {
            "intv_type": "do",
            "inode": 3,
            "new_mui": 1.0,
            "new_vari": null,
            "true_params": {
                "Si": [
                    [
                        1.0,
                        -0.5300614029882558,
                        0.6570893725709535,
                        0.0,
                        -1.5991112092984687,
                        1.4910445089662212,
                        -0.15066347282818915,
                        -0.2611241249187264
                    ],
                    [
                        -0.5300614029882558,
                        1.280965090937878,
                        -0.3482977147136323,
                        0.0,
                        1.6781848908911208,
                        -1.348966510806684,
                        1.3872744741548315,
                        1.3277043846785994
                    ],
                    [
                        0.6570893725709535,
                        -0.3482977147136323,
                        1.4317664435456892,
                        0.0,
                        -2.0110144645817267,
                        0.8202303212389034,
                        1.0007268943450824,
                        -0.9484351493764195
                    ],
                    [
                        0.0,
                        0.0,
                        0.0,
                        1e-09,
                        7.724094090512082e-10,
                        6.784132521735387e-11,
                        -4.839970470065664e-11,
                        4.935264884964793e-10
                    ],
                    [
                        -1.5991112092984687,
                        1.6781848908911208,
                        -2.0110144645817267,
                        7.724094090512082e-10,
                        5.169073445977334,
                        -3.3677199449874715,
                        0.7506315776310867,
                        2.7422225957433364
                    ],
                    [
                        1.4910445089662212,
                        -1.348966510806684,
                        0.8202303212389034,
                        6.784132521735387e-11,
                        -3.3677199449874715,
                        4.01308960392579,
                        -2.1665809554367996,
                        -1.2640430991868552
                    ],
                    [
                        -0.15066347282818915,
                        1.3872744741548315,
                        1.0007268943450824,
                        -4.839970470065664e-11,
                        0.7506315776310867,
                        -2.1665809554367996,
                        4.680649037596268,
                        1.7469230592015013
                    ],
                    [
                        -0.2611241249187264,
                        1.3277043846785994,
                        -0.9484351493764195,
                        4.935264884964793e-10,
                        2.7422225957433364,
                        -1.2640430991868552,
                        1.7469230592015013,
                        4.029921384412646
                    ]
                ],
                "mui": [
                    0.0,
                    0.0,
                    0.0,
                    1.0,
                    0.7724094090512081,
                    0.06784132521735387,
                    -0.04839970470065664,
                    0.4935264884964793
                ],
                "Ai": [
                    [
                        0.0,
                        0.0,
                        0.0,
                        0.0,
                        0.0,
                        0.0,
                        0.0,
                        0.0
                    ],
                    [
                        -0.5300614029882558,
                        0.0,
                        0.0,
                        0.0,
                        0.0,
                        0.0,
                        0.0,
                        0.0
                    ],
                    [
                        0.6570893725709535,
                        0.0,
                        0.0,
                        0.0,
                        0.0,
                        0.0,
                        0.0,
                        0.0
                    ],
                    [
                        0.0,
                        0.0,
                        0.0,
                        0.0,
                        0.0,
                        0.0,
                        0.0,
                        0.0
                    ],
                    [
                        -0.5278909248090802,
                        0.8305577597561282,
                        -0.9602554833926173,
                        0.7724094090512081,
                        0.0,
                        0.0,
                        0.0,
                        0.0
                    ],
                    [
                        0.9447072942984038,
                        0.0,
                        -0.8053733950543713,
                        0.5873529359235902,
                        -0.6725858134540078,
                        0.0,
                        0.0,
                        0.0
                    ],
                    [
                        0.7470084417957482,
                        0.9088790742376761,
                        0.9859212733804968,
                        0.0,
                        -0.0,
                        -0.7134251069770665,
                        0.0,
                        0.0
                    ],
                    [
                        0.5578736310132696,
                        0.0,
                        -0.9162783539637318,
                        0.0,
                        0.6333951659715651,
                        0.6114773298277214,
                        0.7685445597953452,
                        0.0
                    ]
                ]
            },
            "est_params": {
                "mui": [
                    -0.003813528424462993,
                    0.006538991866754272,
                    -0.001326809869362652,
                    0.9999982295437818,
                    0.7827249416867427,
                    0.0468696551644252,
                    -0.01856807407182736,
                    0.503579132144507
                ],
                "Si": [
                    [
                        0.9593231524693622,
                        -0.5022350941042996,
                        0.6242949547084691,
                        -3.876446219783698e-08,
                        -1.5195764381385117,
                        1.4433029152080308,
                        -0.17689926143401194,
                        -0.25007208282279647
                    ],
                    [
                        -0.5022350941042996,
                        1.3057646153496123,
                        -0.33214339950864613,
                        -3.9314106692798557e-07,
                        1.6509123649112671,
                        -1.33267659677955,
                        1.458804844134709,
                        1.3927905920110581
                    ],
                    [
                        0.6242949547084691,
                        -0.33214339950864613,
                        1.3857149119898866,
                        -1.1844038825587024e-06,
                        -1.949657935228125,
                        0.7718476197628851,
                        0.9504400769432456,
                        -0.9338405470371074
                    ],
                    [
                        -3.876446219783711e-08,
                        -3.931410669279859e-07,
                        -1.1844038825587024e-06,
                        1.0074501778294203e-06,
                        1.0636131996823282e-06,
                        -6.108410417474813e-07,
                        -1.3245461357236424e-06,
                        1.6058346503887092e-06
                    ],
                    [
                        -1.5195764381385117,
                        1.6509123649112671,
                        -1.949657935228125,
                        1.0636131996823282e-06,
                        5.056089952867394,
