{
    "expt_args": {
        "save_dir": "all_expt_logs/expt_logs_11.05.24-all_intv_weight_error_all_comp_utigsp_large_sample",
        "exp_name": "182",
        "num_nodes": 6,
        "obs_noise_mean": 0.0,
        "obs_noise_var": 1.0,
        "max_edge_strength": 1.0,
        "graph_sparsity_method": "adj_dense_prop",
        "adj_dense_prop": 0.8,
        "num_parents": null,
        "new_noise_mean": 1.0,
        "mix_samples": 65536,
        "stage2_samples": 65536,
        "gmm_tol": 0.001,
        "intv_type": "do",
        "new_noise_var": null,
        "intv_targets": [
            0,
            1,
            2,
            3,
            4,
            5
        ]
    },
    "intv_args_dict": {
        "0": {
            "intv_type": "do",
            "inode": 0,
            "new_mui": 1.0,
            "new_vari": null,
            "true_params": {
                "Si": [
                    [
                        1e-09,
                        9.716850513336613e-10,
                        -1.812796733498987e-09,
                        1.0934383607248735e-09,
                        -5.564970410623747e-10,
                        -1.1519036545070845e-09
                    ],
                    [
                        9.716850513336613e-10,
                        1.0000000009441719,
                        -0.8513741968945255,
                        0.5845037692999515,
                        -5.407398559117241e-10,
                        -1.0416800755524116
                    ],
                    [
                        -1.812796733498987e-09,
                        -0.8513741968945255,
                        1.7248380234246943,
                        -0.4976314272176003,
                        1.0088160182397244e-09,
                        1.5092431088991403
                    ],
                    [
                        1.0934383607248735e-09,
                        0.5845037692999515,
                        -0.4976314272176003,
                        1.341644656279414,
                        -6.084952123274855e-10,
                        -1.484478354984129
                    ],
                    [
                        -5.564970410623747e-10,
                        -5.407398559117241e-10,
                        1.0088160182397244e-09,
                        -6.084952123274855e-10,
                        1.000000000309689,
                        -0.7727797459808172
                    ],
                    [
                        -1.1519036545070845e-09,
                        -1.0416800755524116,
                        1.5092431088991403,
                        -1.484478354984129,
                        -0.7727797459808172,
                        3.8363443447761885
                    ]
                ],
                "mui": [
                    1.0,
                    0.9716850513336612,
                    -1.8127967334989867,
                    1.0934383607248734,
                    -0.5564970410623746,
                    -1.1519036545070844
                ],
                "Ai": [
                    [
                        0.0,
                        0.0,
                        0.0,
                        0.0,
                        0.0,
                        0.0
                    ],
                    [
                        0.9716850513336612,
                        0.0,
                        0.0,
                        0.0,
                        0.0,
                        0.0
                    ],
                    [
                        -0.9855291549969667,
                        -0.851374195133058,
                        0.0,
                        0.0,
                        0.0,
                        0.0
                    ],
                    [
                        0.5254847866803252,
                        0.5845037682374739,
                        0.0,
                        0.0,
                        0.0,
                        0.0
                    ],
                    [
                        -0.5564970410623746,
                        0.0,
                        -0.0,
                        -0.0,
                        0.0,
                        0.0
                    ],
                    [
                        0.5037298236813299,
                        0.0,
                        0.6223835718543281,
                        -0.8756124249205399,
                        -0.7727797466218482,
                        0.0
                    ]
                ]
            },
            "est_params": {
                "mui": [
                    0.9999990490135257,
                    0.967243801723736,
                    -1.8077477864407847,
                    1.0996944657625924,
                    -0.5593293033893665,
                    -1.1673779843428995
                ],
                "Si": [
                    [
                        1.0108420655703436e-06,
                        3.173345921821357e-07,
                        -1.110493597586385e-06,
                        1.4319961535003529e-06,
                        9.782558395136087e-08,
                        -8.786685221860787e-07
                    ],
                    [
                        3.1733459218213567e-07,
                        0.9976637693601349,
                        -0.8544585652828037,
                        0.5718427577083818,
                        -0.00967154104897205,
                        -1.006656900472764
                    ],
                    [
                        -1.110493597586385e-06,
                        -0.8544585652828036,
                        1.707100066106192,
                        -0.48252506599416883,
                        0.014086847095666993,
                        1.4596323535634674
                    ],
                    [
                        1.4319961535003529e-06,
                        0.5718427577083819,
                        -0.48252506599416883,
                        1.331531276211442,
                        -0.011214472755672339,
                        -1.448959853354861
                    ],
                    [
                        9.782558395136087e-08,
                        -0.00967154104897205,
                        0.014086847095666993,
                        -0.011214472755672339,
                        1.006428166545035,
                        -0.7665298703147889
                    ],
                    [
                        -8.786685221860792e-07,
                        -1.006656900472764,
                        1.4596323535634674,
                        -1.448959853354861,
                        -0.7665298703147889,
                        3.7719492976145363
                    ]
                ]
            },
            "est_tgt": [
                0
            ],
            "oracle_est_tgt": [
                0
            ],
            "intv_base_est_tgt": [
                0,
                2,
                5
            ]
        },
        "1": {
            "intv_type": "do",
            "inode": 1,
            "new_mui": 1.0,
            "new_vari": null,
            "true_params": {
                "Si": [
                    [
                        1.0,
                        0.0,
                        -0.9855291549969667,
                        0.5254847866803252,
                        -0.5564970410623746,
                        -0.13971869790828206
                    ],
                    [
                        0.0,
                        1e-09,
                        -8.513741951330581e-10,
                        5.845037682374739e-10,
                        0.0,
                        -1.0416800744331241e-09
                    ],
                    [
                        -0.9855291549969667,
                        -8.513741951330581e-10,
                        1.9712677160738732,
                        -0.5178805782784536,
                        0.5484440586365144,
                        0.7600804230280134
                    ],
                    [
                        0.5254847866803252,
                        5.845037682374739e-10,
                        -0.5178805782784536,
                        1.2761342613741116,
                        -0.2924307289108941,
                        -0.9490324756949923
                    ],
                    [
                        -0.5564970410623746,
                        0.0,
                        0.5484440586365144,
                        -0.2924307289108941,
                        1.3096889567111782,
                        -0.6950267046548014
                    ],
                    [
                        -0.13971869790828206,
                        -1.0416800744331241e-09,
                        0.7600804230280134,
                        -0.9490324756949923,
                        -0.6950267046548014,
                        2.770768281608591
                    ]
                ],
                "mui": [
                    0.0,
                    1.0,
                    -0.851374195133058,
                    0.5845037682374739,
                    0.0,
                    -1.041680074433124
                ],
                "Ai": [
                    [
                        0.0,
                        0.0,
                        0.0,
                        0.0,
                        0.0,
                        0.0
                    ],
                    [
                        0.0,
                        0.0,
                        0.0,
                        0.0,
                        0.0,
                        0.0
                    ],
                    [
                        -0.9855291549969667,
                        -0.851374195133058,
                        0.0,
                        0.0,
                        0.0,
                        0.0
                    ],
                    [
                        0.5254847866803252,
                        0.5845037682374739,
                        0.0,
                        0.0,
                        0.0,
                        0.0
                    ],
                    [
                        -0.5564970410623746,
                        0.0,
                        -0.0,
                        -0.0,
                        0.0,
                        0.0
                    ],
                    [
                        0.5037298236813299,
                        0.0,
                        0.6223835718543281,
                        -0.8756124249205399,
                        -0.7727797466218482,
                        0.0
                    ]
                ]
            },
            "est_params": {
                "mui": [
                    0.008391913906946522,
                    1.0000011801479753,
                    -0.8658312085205275,
                    0.5862495486701228,
                    0.008536798401839626,
                    -1.0579269773581692
                ],
                "Si": [
                    [
                        0.993031077380706,
                        5.872083066089089e-08,
                        -0.9677297154833455,
                        0.5263809844763614,
                        -0.5517075290493848,
                        -0.14696827088629041
                    ],
                    [
                        5.8720830660890706e-08,
                        1.0124037248486703e-06,
                        2.3133350667978762e-07,
                        1.2519265798006388e-06,
                        -3.3396874309140985e-07,
                        -8.438189810434999e-07
                    ],
                    [
                        -0.9677297154833455,
                        2.3133350667978752e-07,
                        1.958020336830741,
                        -0.5103767455487526,
                        0.5505619099898188,
                        0.7491635017524757
                    ],
                    [
                        0.5263809844763614,
                        1.2519265798006388e-06,
                        -0.5103767455487523,
                        1.2637543694576772,
                        -0.2913533842446733,
                        -0.9459114152229205
                    ],
                    [
                        -0.5517075290493848,
                        -3.3396874309140985e-07,
                        0.5505619099898189,
                        -0.29135338424467333,
                        1.2904543858331445,
                        -0.6645210143803467
                    ],
                    [
                        -0.14696827088629044,
                        -8.438189810434997e-07,
                        0.7491635017524757,
                        -0.9459114152229205,
                        -0.6645210143803467,
                        2.7173739491986715
                    ]
                ]
            },
            "est_tgt": [
                1
            ],
            "oracle_est_tgt": [
                1
            ],
            "intv_base_est_tgt": [
                1,
                2,
                5
            ]
        },
        "2": {
            "intv_type": "do",
            "inode": 2,
            "new_mui": 1.0,
            "new_vari": null,
            "true_params": {
                "Si": [
                    [
                        1.0,
                        0.9716850513336612,
                        0.0,
                        1.0934383607248734,
                        -0.5564970410623746,
                        -0.023648748466126412
                    ],
                    [
                        0.9716850513336612,
                        1.9441718389852998,
                        0.0,
                        1.646981477908617,
                        -0.540739855911724,
                        -0.5347778972488927
                    ],
                    [
                        0.0,
                        0.0,
                        1e-09,
                        0.0,
                        0.0,
                        6.223835718543282e-10
                    ],
                    [
                        1.0934383607248734,
                        1.646981477908617,
                        0.0,
                        2.537252103788505,
                        -0.6084952123274855,
                        -1.2006191785756095
                    ],
                    [
                        -0.5564970410623746,
                        -0.540739855911724,
                        0.0,
                        -0.6084952123274855,
                        1.3096889567111782,
                        -0.7596192880756205
                    ],
                    [
                        -0.023648748466126412,
                        -0.5347778972488927,
                        6.223835718543282e-10,
                        -1.2006191785756095,
                        -0.7596192880756205,
                        2.6263828918190786
                    ]
                ],
                "mui": [
                    0.0,
                    0.0,
                    1.0,
                    0.0,
                    0.0,
                    0.6223835718543281
                ],
                "Ai": [
                    [
                        0.0,
                        0.0,
                        0.0,
                        0.0,
                        0.0,
                        0.0
                    ],
                    [
                        0.9716850513336612,
                        0.0,
                        0.0,
                        0.0,
                        0.0,
                        0.0
                    ],
                    [
                        0.0,
                        0.0,
                        0.0,
                        0.0,
                        0.0,
                        0.0
                    ],
                    [
                        0.5254847866803252,
                        0.5845037682374739,
                        0.0,
                        0.0,
                        0.0,
                        0.0
                    ],
                    [
                        -0.5564970410623746,
                        0.0,
                        -0.0,
                        -0.0,
                        0.0,
                        0.0
                    ],
                    [
                        0.5037298236813299,
                        0.0,
                        0.6223835718543281,
                        -0.8756124249205399,
                        -0.7727797466218482,
                        0.0
                    ]
                ]
            },
            "est_params": {
                "mui": [
                    0.0048727261180397195,
                    0.02431827865556976,
                    1.000000288650589,
                    0.0209314156002406,
                    -0.005695304232792997,
                    0.606003627666686
                ],
                "Si": [
                    [
                        0.9995147538033355,
                        0.9718943232831231,
                        1.6970823318484403e-07,
                        1.0823627192100815,
                        -0.5598326006543022,
                        -0.02921919792350715
                    ],
                    [
                        0.9718943232831231,
                        1.9429422697505339,
                        -1.4997195977279643e-08,
                        1.6389849740366003,
                        -0.5461284296560248,
                        -0.547758917795407
                    ],
                    [
                        1.6970823318484382e-07,
                        -1.4997195977279712e-08,
                        1.0084492879830488e-06,
                        6.009955993072642e-07,
                        -9.2723139073135e-09,
                        -1.4554449545162255e-08
                    ],
                    [
                        1.0823627192100815,
                        1.6389849740366003,
                        6.009955993072638e-07,
                        2.501671598644247,
                        -0.6281216072956589,
                        -1.1918301071928643
                    ],
                    [
                        -0.5598326006543022,
                        -0.5461284296560248,
                        -9.272313907313315e-09,
                        -0.6281216072956589,
                        1.3111715791370318,
                        -0.738863472324174
                    ],
                    [
                        -0.029219197923507138,
                        -0.547758917795407,
                        -1.4554449545162255e-08,
                        -1.1918301071928643,
                        -0.738863472324174,
                        2.616675679183714
                    ]
                ]
            },
            "est_tgt": [
                2
            ],
            "oracle_est_tgt": [
                2
            ],
            "intv_base_est_tgt": []
        },
        "3": {
            "intv_type": "do",
            "inode": 3,
            "new_mui": 1.0,
            "new_vari": null,
            "true_params": {
                "Si": [
                    [
                        1.0,
                        0.9716850513336612,
                        -1.8127967334989867,
                        0.0,
                        -0.5564970410623746,
                        -0.19447543997163785
                    ],
                    [
                        0.9716850513336612,
                        1.9441718389852998,
                        -2.6128416821805143,
                        0.0,
                        -0.540739855911724,
                        -0.7188501904234936
                    ],
                    [
                        -1.8127967334989867,
                        -2.6128416821805143,
                        5.011070017123059,
                        0.0,
                        1.0088160182397243,
                        1.4260552901702872
                    ],
                    [
                        0.0,
                        0.0,
                        0.0,
                        1e-09,
                        0.0,
                        -8.7561242492054e-10
                    ],
                    [
                        -0.5564970410623746,
                        -0.540739855911724,
                        1.0088160182397243,
                        0.0,
                        1.3096889567111782,
                        -0.6645547397183283
                    ],
                    [
                        -0.19447543997163785,
                        -0.7188501904234936,
                        1.4260552901702872,
                        -8.7561242492054e-10,
                        -0.6645547397183283,
                        2.3031447502132565
                    ]
                ],
                "mui": [
                    0.0,
                    0.0,
                    0.0,
                    1.0,
                    0.0,
                    -0.8756124249205399
                ],
                "Ai": [
                    [
                        0.0,
                        0.0,
                        0.0,
                        0.0,
                        0.0,
                        0.0
                    ],
                    [
                        0.9716850513336612,
                        0.0,
                        0.0,
                        0.0,
                        0.0,
                        0.0
                    ],
                    [
                        -0.9855291549969667,
                        -0.851374195133058,
                        0.0,
                        0.0,
                        0.0,
                        0.0
                    ],
                    [
                        0.0,
                        0.0,
                        0.0,
                        0.0,
                        0.0,
                        0.0
                    ],
                    [
                        -0.5564970410623746,
                        0.0,
                        -0.0,
                        -0.0,
                        0.0,
                        0.0
                    ],
                    [
                        0.5037298236813299,
                        0.0,
                        0.6223835718543281,
                        -0.8756124249205399,
                        -0.7727797466218482,
                        0.0
                    ]
                ]
            },
            "est_params": {
                "mui": [
                    -0.009125171227688102,
                    -0.016960861444541644,
                    0.016929037457674656,
                    1.000000412031711,
                    -0.005659237961415626,
                    -0.8557793519565362
                ],
                "Si": [
                    [
                        1.0044603136383303,
                        0.9730774840266017,
                        -1.8156222937300635,
                        -1.2868124662764115e-07,
                        -0.5607810519582189,
                        -0.19291939895460947
                    ],
                    [
                        0.9730774840266017,
                        1.9303337990177658,
                        -2.6020371847496087,
                        1.2002932582437348e-07,
                        -0.5357052142334853,
                        -0.7019924554075797
                    ],
                    [
                        -1.8156222937300635,
                        -2.6020371847496087,
                        4.994303027118512,
                        -5.715102975713892e-07,
                        1.012600859693773,
                        1.4000268970663636
                    ],
                    [
                        -1.2868124662764115e-07,
                        1.200293258243736e-07,
                        -5.715102975713883e-07,
                        1.014571587586674e-06,
                        1.0938263361342279e-06,
                        -1.0190727396047102e-06
                    ],
                    [
                        -0.5607810519582188,
                        -0.5357052142334853,
                        1.012600859693773,
                        1.0938263361342279e-06,
                        1.3068507190878984,
                        -0.6569659348135953
                    ],
                    [
                        -0.1929193989546094,
                        -0.7019924554075797,
                        1.4000268970663636,
                        -1.0190727396047098e-06,
                        -0.6569659348135956,
                        2.2627079997022252
                    ]
                ]
            },
            "est_tgt": [
                3
            ],
            "oracle_est_tgt": [
                3
            ],
            "intv_base_est_tgt": [
                2,
                3,
                5
            ]
        },
        "4": {
            "intv_type": "do",
            "inode": 4,
            "new_mui": 1.0,
            "new_vari": null,
            "true_params": {
                "Si": [
                    [
                        1.0,
                        0.9716850513336612,
                        -1.8127967334989867,
                        1.0934383607248734,
                        0.0,
                        -1.5819532968950745
                    ],
                    [
                        0.9716850513336612,
                        1.9441718389852998,
                        -2.6128416821805143,
                        1.646981477908617,
                        0.0,
                        -2.578840444934069
                    ],
                    [
                        -1.8127967334989867,
                        -2.6128416821805143,
                        5.011070017123059,
                        -2.479812913839956,
                        0.0,
                        4.377002875970317
                    ],
                    [
                        1.0934383607248734,
                        1.646981477908617,
                        -2.479812913839956,
                        2.537252103788505,
                        0.0,
                        -3.2142467734248523
                    ],
                    [
                        0.0,
                        0.0,
                        0.0,
                        0.0,
                        1e-09,
                        -7.727797466218483e-10
                    ],
                    [
                        -1.5819532968950745,
                        -2.578840444934069,
                        4.377002875970317,
                        -3.2142467734248523,
                        -7.727797466218483e-10,
                        5.741732040814763
                    ]
                ],
                "mui": [
                    0.0,
                    0.0,
                    0.0,
                    0.0,
                    1.0,
                    -0.7727797466218482
                ],
                "Ai": [
                    [
                        0.0,
                        0.0,
                        0.0,
                        0.0,
                        0.0,
                        0.0
                    ],
                    [
                        0.9716850513336612,
                        0.0,
                        0.0,
                        0.0,
                        0.0,
                        0.0
                    ],
                    [
                        -0.9855291549969667,
                        -0.851374195133058,
                        0.0,
                        0.0,
                        0.0,
                        0.0
                    ],
                    [
                        0.5254847866803252,
                        0.5845037682374739,
                        0.0,
                        0.0,
                        0.0,
                        0.0
                    ],
                    [
                        0.0,
                        0.0,
                        0.0,
                        0.0,
                        0.0,
                        0.0
                    ],
                    [
                        0.5037298236813299,
                        0.0,
                        0.6223835718543281,
                        -0.8756124249205399,
                        -0.7727797466218482,
                        0.0
                    ]
                ]
            },
            "est_params": {
                "mui": [
                    0.00035916728432257706,
                    0.0005746540490540773,
                    0.001056582730918547,
                    -0.0027437171743141275,
                    1.0000010383965645,
                    -0.7683444828914163
                ],
                "Si": [
                    [
                        0.9918621911849255,
                        0.949542618248612,
                        -1.7902787048297117,
                        1.067977180146171,
                        -1.40951080337787e-06,
                        -1.5574192062997056
                    ],
                    [
                        0.949542618248612,
                        1.8983862503391937,
                        -2.5454350563354744,
                        1.590211153132862,
                        -1.1440904367184718e-06,
                        -2.497918337409197
                    ],
                    [
                        -1.7902787048297117,
                        -2.5454350563354744,
                        4.930205453142486,
                        -2.394527106297442,
                        2.437598515344564e-06,
                        4.272086994408836
                    ],
                    [
                        1.067977180146171,
                        1.5902111531328624,
                        -2.394527106297442,
                        2.474115746004996,
                        -4.951802721395596e-07,
                        -3.13596600357865
                    ],
                    [
                        -1.40951080337787e-06,
                        -1.1440904367184718e-06,
                        2.4375985153445632e-06,
                        -4.951802721395596e-07,
                        1.0085467699852762e-06,
                        1.5739749660363918e-06
                    ],
                    [
                        -1.5574192062997056,
                        -2.497918337409197,
                        4.272086994408836,
                        -3.135966003578651,
                        1.5739749660363927e-06,
                        5.633477429626869
                    ]
                ]
            },
            "est_tgt": [
                4
            ],
            "oracle_est_tgt": [
                4
            ],
            "intv_base_est_tgt": [
                2,
                4,
                5
            ]
        },
        "5": {
            "intv_type": "do",
            "inode": 5,
            "new_mui": 1.0,
            "new_vari": null,
            "true_params": {
                "Si": [
                    [
                        1.0,
                        0.9716850513336612,
                        -1.8127967334989867,
                        1.0934383607248734,
                        -0.5564970410623746,
                        0.0
                    ],
                    [
                        0.9716850513336612,
                        1.9441718389852998,
                        -2.6128416821805143,
                        1.646981477908617,
                        -0.540739855911724,
                        0.0
                    ],
                    [
                        -1.8127967334989867,
                        -2.6128416821805143,
                        5.011070017123059,
                        -2.479812913839956,
                        1.0088160182397243,
                        0.0
                    ],
                    [
                        1.0934383607248734,
                        1.646981477908617,
                        -2.479812913839956,
                        2.537252103788505,
                        -0.6084952123274855,
                        0.0
                    ],
                    [
                        -0.5564970410623746,
                        -0.540739855911724,
                        1.0088160182397243,
                        -0.6084952123274855,
                        1.3096889567111782,
                        0.0
                    ],
                    [
                        0.0,
                        0.0,
                        0.0,
                        0.0,
                        0.0,
                        1e-09
                    ]
                ],
                "mui": [
                    0.0,
                    0.0,
                    0.0,
                    0.0,
                    0.0,
                    1.0
                ],
                "Ai": [
                    [
                        0.0,
                        0.0,
                        0.0,
                        0.0,
                        0.0,
                        0.0
                    ],
                    [
                        0.9716850513336612,
                        0.0,
                        0.0,
                        0.0,
                        0.0,
                        0.0
                    ],
                    [
                        -0.9855291549969667,
                        -0.851374195133058,
                        0.0,
                        0.0,
                        0.0,
                        0.0
                    ],
                    [
                        0.5254847866803252,
                        0.5845037682374739,
                        0.0,
                        0.0,
                        0.0,
                        0.0
                    ],
                    [
                        -0.5564970410623746,
                        0.0,
                        -0.0,
                        -0.0,
                        0.0,
                        0.0
                    ],
                    [
                        0.0,
                        0.0,
                        0.0,
                        0.0,
                        0.0,
                        0.0
                    ]
                ]
            },
            "est_params": {
                "mui": [
                    0.0014858413089714588,
                    0.0014531788089302375,
                    1.0729900632806162e-05,
                    0.018506724594522475,
                    0.006170862994533798,
                    1.0000001907175566
                ],
                "Si": [
                    [
                        1.0032092733511122,
                        0.9736664349256576,
                        -1.8251716123482769,
                        1.1003984738289267,
                        -0.5616138031797532,
                        1.4605469822004688e-06
                    ],
                    [
                        0.9736664349256576,
                        1.9269513137864527,
                        -2.6022846415194922,
                        1.6321368938408571,
                        -0.547664330369859,
                        1.271048312641889e-06
                    ],
                    [
                        -1.8251716123482769,
                        -2.6022846415194927,
                        5.009640974165597,
                        -2.477860232510698,
                        1.017463198297518,
                        -2.0652706535990917e-06
                    ],
                    [
                        1.1003984738289267,
                        1.6321368938408571,
                        -2.4778602325106975,
                        2.523095081838846,
                        -0.6176209668281079,
                        2.0909286707858943e-06
                    ],
                    [
                        -0.5616138031797533,
                        -0.547664330369859,
                        1.017463198297518,
                        -0.6176209668281079,
                        1.3021029758330842,
                        -1.5892856277543953e-06
                    ],
                    [
                        1.4605469822004688e-06,
                        1.2710483126418889e-06,
                        -2.0652706535990917e-06,
                        2.090928670785894e-06,
                        -1.589285627754395e-06,
                        1.0104379110986176e-06
                    ]
                ]
            },
            "est_tgt": [
                5
            ],
            "oracle_est_tgt": [
                5
            ],
            "intv_base_est_tgt": [
                2,
                5
            ]
        },
        "obs": {
            "intv_type": "obs",
            "true_params": {
                "Si": [
                    [
                        1.0,
                        0.9716850513336612,
                        -1.8127967334989867,
                        1.0934383607248734,
                        -0.5564970410623746,
                        -1.1519036545070844
                    ],
                    [
                        0.9716850513336612,
                        1.9441718389852998,
                        -2.6128416821805143,
                        1.646981477908617,
                        -0.540739855911724,
                        -2.1609676360942727
                    ],
                    [
                        -1.8127967334989867,
                        -2.6128416821805143,
                        5.011070017123059,
                        -2.479812913839956,
                        1.0088160182397243,
                        3.597410289006961
                    ],
                    [
                        1.0934383607248734,
                        1.646981477908617,
                        -2.479812913839956,
                        2.537252103788505,
                        -0.6084952123274855,
                        -2.7440139974218107
                    ],
                    [
                        -0.5564970410623746,
                        -0.540739855911724,
                        1.0088160182397243,
                        -0.6084952123274855,
                        1.3096889567111782,
                        -0.13174877129971985
                    ],
                    [
                        -1.1519036545070844,
                        -2.1609676360942727,
                        3.597410289006961,
                        -2.7440139974218107,
                        -0.13174877129971985,
                        5.163226372716083
                    ]
                ],
                "mui": [
                    0.0,
                    0.0,
                    0.0,
                    0.0,
                    0.0,
                    0.0
                ],
                "Ai": [
                    [
                        0.0,
                        0.0,
