{
    "expt_args": {
        "save_dir": "all_expt_logs/expt_logs_11.05.24-all_intv_weight_error_all_comp_utigsp_large_sample",
        "exp_name": "9",
        "num_nodes": 4,
        "obs_noise_mean": 0.0,
        "obs_noise_var": 1.0,
        "max_edge_strength": 1.0,
        "graph_sparsity_method": "adj_dense_prop",
        "adj_dense_prop": 0.8,
        "num_parents": null,
        "new_noise_mean": 1.0,
        "mix_samples": 524288,
        "stage2_samples": 524288,
        "gmm_tol": 0.001,
        "intv_type": "do",
        "new_noise_var": null,
        "intv_targets": [
            0,
            1,
            2,
            3
        ]
    },
    "intv_args_dict": {
        "0": {
            "intv_type": "do",
            "inode": 0,
            "new_mui": 1.0,
            "new_vari": null,
            "true_params": {
                "Si": [
                    [
                        1e-09,
                        6.908661014814335e-10,
                        1.374269387989936e-09,
                        -4.822998542685221e-10
                    ],
                    [
                        6.908661014814335e-10,
                        1.000000000477296,
                        0.6807371039689649,
                        -1.2896647765118383
                    ],
                    [
                        1.374269387989936e-09,
                        0.6807371039689649,
                        1.463403005316037,
                        -1.4211894375978151
                    ],
                    [
                        -4.822998542685221e-10,
                        -1.2896647765118383,
                        -1.4211894375978151,
                        2.9583740221559665
                    ]
                ],
                "mui": [
                    1.0,
                    0.6908661014814335,
                    1.374269387989936,
                    -0.48229985426852207
                ],
                "Ai": [
                    [
                        0.0,
                        0.0,
                        0.0,
                        0.0
                    ],
                    [
                        0.6908661014814335,
                        0.0,
                        0.0,
                        0.0
                    ],
                    [
                        0.903971199493069,
                        0.6807371030195288,
                        0.0,
                        0.0
                    ],
                    [
                        0.8997833386023464,
                        -0.919842926733274,
                        -0.543266773332833,
                        0.0
                    ]
                ]
            },
            "est_params": {
                "mui": [
                    1.0000004757361387,
                    0.6904789535784763,
                    1.3826309549830385,
                    -0.4926604824807037
                ],
                "Si": [
                    [
                        1.0116375823966737e-06,
                        -3.440417663884511e-07,
                        3.538210037824569e-07,
                        4.88669290415383e-07
                    ],
                    [
                        -3.44041766388451e-07,
                        0.9995745362645946,
                        0.6804672240167976,
                        -1.2850226068792114
                    ],
                    [
                        3.538210037824569e-07,
                        0.6804672240167976,
                        1.4632606248098217,
                        -1.4163691546753445
                    ],
                    [
                        4.88669290415383e-07,
                        -1.2850226068792114,
                        -1.4163691546753445,
                        2.9431510608045786
                    ]
                ]
            },
            "est_tgt": [
                0
            ],
            "oracle_est_tgt": [
                0
            ],
            "intv_base_est_tgt": [
                0,
                2,
                3
            ]
        },
        "1": {
            "intv_type": "do",
            "inode": 1,
            "new_mui": 1.0,
            "new_vari": null,
            "true_params": {
                "Si": [
                    [
                        1.0,
                        0.0,
                        0.903971199493069,
                        0.40868582186793606
                    ],
                    [
                        0.0,
                        1e-09,
                        6.807371030195289e-10,
                        -1.2896647761786339e-09
                    ],
                    [
                        0.903971199493069,
                        6.807371030195289e-10,
                        1.8171639299763411,
                        -0.1738265616009868
                    ],
                    [
                        0.40868582186793606,
                        -1.2896647761786339e-09,
                        -0.1738265616009868,
                        1.4621628896665735
                    ]
                ],
                "mui": [
                    0.0,
                    1.0,
                    0.6807371030195288,
                    -1.2896647761786337
                ],
                "Ai": [
                    [
                        0.0,
                        0.0,
                        0.0,
                        0.0
                    ],
                    [
                        0.0,
                        0.0,
                        0.0,
                        0.0
                    ],
                    [
                        0.903971199493069,
                        0.6807371030195288,
                        0.0,
                        0.0
                    ],
                    [
                        0.8997833386023464,
                        -0.919842926733274,
                        -0.543266773332833,
                        0.0
                    ]
                ]
            },
            "est_params": {
                "mui": [
                    0.0005381038816118789,
                    1.0000005103393326,
                    0.6882839876389961,
                    -1.294617274645461
                ],
                "Si": [
                    [
                        1.0002811141071517,
                        5.49879988104833e-07,
                        0.9035669097149208,
                        0.4026663858942623
                    ],
                    [
                        5.498799881048326e-07,
                        1.0112116242553652e-06,
                        5.068436440549836e-07,
                        7.628233658649283e-08
                    ],
                    [
                        0.9035669097149208,
                        5.068436440549835e-07,
                        1.8172954972573878,
                        -0.18000644250172063
                    ],
                    [
                        0.4026663858942623,
                        7.628233658649283e-08,
                        -0.18000644250172063,
                        1.4553236370644764
                    ]
                ]
            },
            "est_tgt": [
                1
            ],
            "oracle_est_tgt": [
                1
            ],
            "intv_base_est_tgt": [
                1,
                2,
                3
            ]
        },
        "2": {
            "intv_type": "do",
            "inode": 2,
            "new_mui": 1.0,
            "new_vari": null,
            "true_params": {
                "Si": [
                    [
                        1.0,
                        0.6908661014814335,
                        0.0,
                        0.26429504183485764
                    ],
                    [
                        0.6908661014814335,
                        1.4772959701761543,
                        0.0,
                        -0.7372504415399534
                    ],
                    [
                        0.0,
                        0.0,
                        1e-09,
                        -5.43266773332833e-10
                    ],
                    [
                        0.26429504183485764,
                        -0.7372504415399534,
                        -5.43266773332833e-10,
                        1.915962879294863
                    ]
                ],
                "mui": [
                    0.0,
                    0.0,
                    1.0,
                    -0.543266773332833
                ],
                "Ai": [
                    [
                        0.0,
                        0.0,
                        0.0,
                        0.0
                    ],
                    [
                        0.6908661014814335,
                        0.0,
                        0.0,
                        0.0
                    ],
                    [
                        0.0,
                        0.0,
                        0.0,
                        0.0
                    ],
                    [
                        0.8997833386023464,
                        -0.919842926733274,
                        -0.543266773332833,
                        0.0
                    ]
                ]
            },
            "est_params": {
                "mui": [
                    0.00040542349698001224,
                    0.00041726403414744256,
                    0.9999996171555648,
                    -0.5389864579026984
                ],
                "Si": [
                    [
                        1.0021603930288028,
                        0.6874177738774478,
                        2.6918977015416895e-07,
                        0.266798999608744
                    ],
                    [
                        0.6874177738774477,
                        1.469908385885146,
                        -1.9888200401369375e-07,
                        -0.7368720960838911
                    ],
                    [
                        2.691897701541688e-07,
                        -1.9888200401369354e-07,
                        1.0099294300878442e-06,
                        1.8777480499572977e-07
                    ],
                    [
                        0.266798999608744,
                        -0.7368720960838911,
                        1.8777480499572977e-07,
                        1.9202216636193723
                    ]
                ]
            },
            "est_tgt": [
                2
            ],
            "oracle_est_tgt": [
                2
            ],
            "intv_base_est_tgt": []
        },
        "3": {
            "intv_type": "do",
            "inode": 3,
            "new_mui": 1.0,
            "new_vari": null,
            "true_params": {
                "Si": [
                    [
                        1.0,
                        0.6908661014814335,
                        1.374269387989936,
                        0.0
                    ],
                    [
                        0.6908661014814335,
                        1.4772959701761543,
                        1.6301732374854114,
                        0.0
                    ],
                    [
                        1.374269387989936,
                        1.6301732374854114,
                        3.352019354193654,
                        0.0
                    ],
                    [
                        0.0,
                        0.0,
                        0.0,
                        1e-09
                    ]
                ],
                "mui": [
                    0.0,
                    0.0,
                    0.0,
                    1.0
                ],
                "Ai": [
                    [
                        0.0,
                        0.0,
                        0.0,
                        0.0
                    ],
                    [
                        0.6908661014814335,
                        0.0,
                        0.0,
                        0.0
                    ],
                    [
                        0.903971199493069,
                        0.6807371030195288,
                        0.0,
                        0.0
                    ],
                    [
                        0.0,
                        0.0,
                        0.0,
                        0.0
                    ]
                ]
            },
            "est_params": {
                "mui": [
                    0.0005870319090437426,
                    0.0006174688482485608,
                    0.0004970107578528752,
                    1.0000000715303232
                ],
                "Si": [
                    [
                        1.0043772152543886,
                        0.6911960820113895,
                        1.3789497212211597,
                        3.5316025299073584e-08
                    ],
                    [
                        0.6911960820113895,
                        1.4748391636602427,
                        1.6314858199363615,
                        1.1611169697620197e-07
                    ],
                    [
                        1.3789497212211597,
                        1.6314858199363615,
                        3.358299200235015,
                        5.7328663956538517e-08
                    ],
                    [
                        3.531602529907363e-08,
                        1.1611169697620201e-07,
                        5.7328663956538484e-08,
                        1.009117765850523e-06
                    ]
                ]
            },
            "est_tgt": [
                3
            ],
            "oracle_est_tgt": [
                3
            ],
            "intv_base_est_tgt": [
                2,
                3
            ]
        },
        "obs": {
            "intv_type": "obs",
            "true_params": {
                "Si": [
                    [
                        1.0,
                        0.6908661014814335,
                        1.374269387989936,
                        -0.48229985426852207
                    ],
                    [
                        0.6908661014814335,
                        1.4772959701761543,
                        1.6301732374854114,
                        -1.6228693962421912
                    ],
                    [
                        1.374269387989936,
                        1.6301732374854114,
                        3.352019354193654,
                        -2.0839993624882425
                    ],
                    [
                        -0.48229985426852207,
                        -1.6228693962421912,
                        -2.0839993624882425,
                        3.190987171350791
                    ]
                ],
                "mui": [
                    0.0,
                    0.0,
                    0.0,
                    0.0
                ],
                "Ai": [
                    [
                        0.0,
                        0.0,
                        0.0,
                        0.0
                    ],
                    [
                        0.6908661014814335,
                        0.0,
                        0.0,
                        0.0
                    ],
                    [
                        0.903971199493069,
                        0.6807371030195288,
                        0.0,
                        0.0
                    ],
                    [
                        0.8997833386023464,
                        -0.919842926733274,
                        -0.543266773332833,
                        0.0
                    ]
                ]
            },
            "est_params": {
                "mui": [
                    0.0007370319954051005,
                    -0.0011126538642023131,
                    0.003965060990875701,
                    -0.003528550623428624
                ],
                "Si": [
                    [
                        0.9935703877276403,
                        0.6871552837390346,
                        1.3656388990923365,
                        -0.47743848640854525
                    ],
                    [
                        0.6871552837390346,
                        1.482509752736271,
                        1.6360144462339967,
                        -1.6292815339502031
                    ],
                    [
                        1.3656388990923365,
                        1.6360144462339967,
                        3.3549972746037304,
                        -2.094635506237043
                    ],
                    [
                        -0.47743848640854525,
                        -1.6292815339502031,
                        -2.094635506237043,
                        3.1977302275095876
                    ]
                ]
            },
            "est_tgt": [],
            "oracle_est_tgt": [],
            "intv_base_est_tgt": [
                2,
                3
            ]
        }
    },
    "metric_dict": {
        "param_est_rel_err": 0.2697974932977173,
        "weight_precision_error": 0.0018913274478163378,
        "est_dag": {
            "amat": [
                [
                    0,
                    1,
                    1,
                    1
                ],
                [
                    0,
                    0,
                    1,
                    1
                ],
                [
                    0,
                    0,
                    0,
                    1
                ],
                [
                    0,
                    0,
                    0,
                    0
                ]
            ],
            "nodes": [
                0,
                1,
                2,
                3
            ]
        },
        "oracle_est_dag": {
            "amat": [
                [
                    0,
                    1,
                    1,
                    1
                ],
                [
                    0,
                    0,
                    1,
                    1
                ],
                [
                    0,
                    0,
                    0,
                    1
                ],
                [
                    0,
                    0,
                    0,
                    0
                ]
            ],
            "nodes": [
                0,
                1,
                2,
                3
            ]
        },
        "igsp_dag": null,
        "intv_base_est_dag": {
            "amat": [
                [
                    0,
                    1,
                    0,
                    1
                ],
                [
                    0,
                    0,
                    0,
                    1
                ],
                [
                    0,
                    0,
                    0,
                    0
                ],
                [
                    0,
                    0,
                    0,
                    0
                ]
            ],
            "nodes": [
                0,
                1,
                2,
                3
            ]
        },
        "act_dag": {
            "amat": [
                [
                    0,
                    1,
                    1,
                    1
                ],
                [
                    0,
                    0,
                    1,
                    1
                ],
                [
                    0,
                    0,
                    0,
                    1
                ],
                [
                    0,
                    0,
                    0,
                    0
                ]
            ],
            "nodes": [
                0,
                1,
                2,
                3
            ]
        },
        "shd": 0,
        "oracle_shd": 0,
        "intv_base_shd": 3,
        "avg_js": 1.0,
        "avg_oracle_js": 1.0,
        "avg_intv_base_js": 0.2333333333333333
    }
}