{
    "expt_args": {
        "save_dir": "all_expt_logs/expt_logs_11.05.24-all_intv_weight_error_all_comp_utigsp_large_sample",
        "exp_name": "186",
        "num_nodes": 6,
        "obs_noise_mean": 0.0,
        "obs_noise_var": 1.0,
        "max_edge_strength": 1.0,
        "graph_sparsity_method": "adj_dense_prop",
        "adj_dense_prop": 0.8,
        "num_parents": null,
        "new_noise_mean": 1.0,
        "mix_samples": 1048576,
        "stage2_samples": 1048576,
        "gmm_tol": 0.001,
        "intv_type": "do",
        "new_noise_var": null,
        "intv_targets": [
            0,
            1,
            2,
            3,
            4,
            5
        ]
    },
    "intv_args_dict": {
        "0": {
            "intv_type": "do",
            "inode": 0,
            "new_mui": 1.0,
            "new_vari": null,
            "true_params": {
                "Si": [
                    [
                        1e-09,
                        -6.734659914083334e-10,
                        -1.3925677486924977e-09,
                        -1.9171556575589256e-10,
                        1.5201555473246093e-09,
                        3.567807618306905e-09
                    ],
                    [
                        -6.734659914083334e-10,
                        1.0000000004535565,
                        0.9173849831666124,
                        -0.0027471482833122678,
                        -1.3965204844037347,
                        -2.750546630421751
                    ],
                    [
                        -1.3925677486924977e-09,
                        0.9173849831666124,
                        1.8415952075581172,
                        -0.5818065442700938,
                        -2.0293287292394027,
                        -4.380767131219162
                    ],
                    [
                        -1.9171556575589256e-10,
                        -0.0027471482833122678,
                        -0.5818065442700938,
                        1.3355802242887382,
                        0.4372479589772472,
                        1.8793297512387481
                    ],
                    [
                        1.5201555473246093e-09,
                        -1.3965204844037347,
                        -2.0293287292394027,
                        0.4372479589772472,
                        3.5100454810740263,
                        6.0985064540830995
                    ],
                    [
                        3.567807618306905e-09,
                        -2.750546630421751,
                        -4.380767131219162,
                        1.8793297512387481,
                        6.0985064540830995,
                        13.40163280574126
                    ]
                ],
                "mui": [
                    1.0,
                    -0.6734659914083333,
                    -1.3925677486924977,
                    -0.19171556575589255,
                    1.5201555473246091,
                    3.5678076183069045
                ],
                "Ai": [
                    [
                        0.0,
                        0.0,
                        0.0,
                        0.0,
                        0.0,
                        0.0
                    ],
                    [
                        -0.6734659914083333,
                        0.0,
                        0.0,
                        0.0,
                        0.0,
                        0.0
                    ],
                    [
                        -0.7747401621326859,
                        0.9173849822287654,
                        0.0,
                        0.0,
                        0.0,
                        0.0
                    ],
                    [
                        -0.6423620789304437,
                        0.5286814511752724,
                        -0.5792863518395573,
                        0.0,
                        0.0,
                        0.0
                    ],
                    [
                        0.0,
                        -0.710149728473505,
                        -0.7481818082948501,
                        -0.0,
                        0.0,
                        0.0
                    ],
                    [
                        0.7875366258709653,
                        -0.8511312990849944,
                        -0.7473561435787774,
                        0.7957741279246073,
                        0.8675962373811832,
                        0.0
                    ]
                ]
            },
            "est_params": {
                "mui": [
                    1.0000002500730325,
                    -0.6742797395351002,
                    -1.394902027814358,
                    -0.19375462023280562,
                    1.5247828953744447,
                    3.5757899420444508
                ],
                "Si": [
                    [
                        1.0123058677662616e-06,
                        3.9000871052314683e-07,
                        6.073381414031619e-07,
                        -3.918287174396774e-08,
                        -7.391436837480206e-07,
                        -1.4847965868888343e-06
                    ],
                    [
                        3.9000871052314694e-07,
                        1.0031226827792312,
                        0.9222145142917263,
                        -0.006477769360581867,
                        -1.401427180377662,
                        -2.762165018422596
                    ],
                    [
                        6.073381414031622e-07,
                        0.9222145142917263,
                        1.8438784785822773,
                        -0.5811528169190544,
                        -2.0324286404060485,
                        -4.385505001797884
                    ],
                    [
                        -3.918287174396793e-08,
                        -0.006477769360581864,
                        -0.5811528169190544,
                        1.3307221673578369,
                        0.43755550517938213,
                        1.8770991369044276
                    ],
                    [
                        -7.391436837480199e-07,
                        -1.401427180377662,
                        -2.032428640406049,
                        0.43755550517938213,
                        3.5189676226693365,
                        6.10736741409386
                    ],
                    [
                        -1.4847965868888351e-06,
                        -2.762165018422596,
                        -4.385505001797884,
                        1.8770991369044276,
                        6.10736741409386,
                        13.412320397706013
                    ]
                ]
            },
            "est_tgt": [
                0
            ],
            "oracle_est_tgt": [
                0
            ],
            "intv_base_est_tgt": [
                0,
                1,
                2,
                4,
                5
            ]
        },
        "1": {
            "intv_type": "do",
            "inode": 1,
            "new_mui": 1.0,
            "new_vari": null,
            "true_params": {
                "Si": [
                    [
                        1.0,
                        0.0,
                        -0.7747401621326859,
                        -0.1935656767850129,
                        0.5796464954630783,
                        1.7154080065532722
                    ],
                    [
                        0.0,
                        1e-09,
                        9.173849822287655e-10,
                        -2.7471484124261814e-12,
                        -1.3965204833799616e-09,
                        -2.7505466280189544e-09
                    ],
                    [
                        -0.7747401621326859,
                        9.173849822287655e-10,
                        1.6002223196629757,
                        -0.4293232480263336,
                        -1.1972572294507056,
                        -3.18645243643029
                    ],
                    [
                        -0.1935656767850129,
                        -2.7471484124261814e-12,
                        -0.4293232480263336,
                        1.373040348656831,
                        0.3212118440533116,
                        1.539729480376928
                    ],
                    [
                        0.5796464954630783,
                        -1.3965204833799616e-09,
                        -1.1972572294507056,
                        0.3212118440533116,
                        1.89576607991625,
                        3.251641985268429
                    ],
                    [
                        1.7154080065532722,
                        -2.7505466280189544e-09,
                        -3.18645243643029,
                        1.539729480376928,
                        3.251641985268429,
                        8.778750676618149
                    ]
                ],
                "mui": [
                    0.0,
                    1.0,
                    0.9173849822287654,
                    -0.0027471484124261814,
                    -1.3965204833799616,
                    -2.750546628018954
                ],
                "Ai": [
                    [
                        0.0,
                        0.0,
                        0.0,
                        0.0,
                        0.0,
                        0.0
                    ],
                    [
                        0.0,
                        0.0,
                        0.0,
                        0.0,
                        0.0,
                        0.0
                    ],
                    [
                        -0.7747401621326859,
                        0.9173849822287654,
                        0.0,
                        0.0,
                        0.0,
                        0.0
                    ],
                    [
                        -0.6423620789304437,
                        0.5286814511752724,
                        -0.5792863518395573,
                        0.0,
                        0.0,
                        0.0
                    ],
                    [
                        0.0,
                        -0.710149728473505,
                        -0.7481818082948501,
                        -0.0,
                        0.0,
                        0.0
                    ],
                    [
                        0.7875366258709653,
                        -0.8511312990849944,
                        -0.7473561435787774,
                        0.7957741279246073,
                        0.8675962373811832,
                        0.0
                    ]
                ]
            },
            "est_params": {
                "mui": [
                    0.0036809347293379124,
                    0.9999995927394948,
                    0.9131878756840269,
                    -0.0016479429970541327,
                    -1.3949126250924995,
                    -2.7429434928648453
                ],
                "Si": [
                    [
                        0.9976295531000418,
                        4.055239423911011e-07,
                        -0.7761923103420664,
                        -0.18841674029659844,
                        0.577860902208253,
                        1.719997068107585
                    ],
                    [
                        4.0552394239110116e-07,
                        1.0107002541714115e-06,
                        -1.1467571650840697e-08,
                        -6.373137846002424e-07,
                        1.4367719192613487e-07,
                        -8.335389957791364e-09
                    ],
                    [
                        -0.7761923103420664,
                        -1.1467571650840672e-08,
                        1.6010726085479174,
                        -0.42903970562652843,
                        -1.1932248093651538,
                        -3.187391550049264
                    ],
                    [
                        -0.18841674029659844,
                        -6.373137846002424e-07,
                        -0.4290397056265285,
                        1.3752180950509758,
                        0.3226233029951391,
                        1.5480629555818626
                    ],
                    [
                        0.577860902208253,
                        1.436771919261349e-07,
                        -1.1932248093651538,
                        0.3226233029951391,
                        1.8853266298879743,
                        3.240252042208291
                    ],
                    [
                        1.7199970681075847,
                        -8.33538995779119e-09,
                        -3.187391550049264,
                        1.5480629555818626,
                        3.240252042208291,
                        8.784819036397858
                    ]
                ]
            },
            "est_tgt": [
                1
            ],
            "oracle_est_tgt": [
                1
            ],
            "intv_base_est_tgt": []
        },
        "2": {
            "intv_type": "do",
            "inode": 2,
            "new_mui": 1.0,
            "new_vari": null,
            "true_params": {
                "Si": [
                    [
                        1.0,
                        -0.6734659914083333,
                        0.0,
                        -0.998411056585395,
                        0.4782616909347677,
                        0.981172965701942
                    ],
                    [
                        -0.6734659914083333,
                        1.4535564415836093,
                        0.0,
                        1.201077343231597,
                        -1.0322427123115143,
                        -1.7073301348164707
                    ],
                    [
                        0.0,
                        0.0,
                        1e-09,
                        -5.792863518395574e-10,
                        -7.481818082948502e-10,
                        -1.8574569567861903e-09
                    ],
                    [
                        -0.998411056585395,
                        1.201077343231597,
                        -5.792863518395574e-10,
                        2.2763287150643294,
                        -0.8529447487381858,
                        -0.737127950348087
                    ],
                    [
                        0.4782616909347677,
                        -1.0322427123115143,
                        -7.481818082948502e-10,
                        -0.8529447487381858,
                        1.7330468824265521,
                        2.080056270425448
                    ],
                    [
                        0.981172965701942,
                        -1.7073301348164707,
                        -1.8574569567861903e-09,
                        -0.737127950348087,
                        2.080056270425448,
                        4.443933405711353
                    ]
                ],
                "mui": [
                    0.0,
                    0.0,
                    1.0,
                    -0.5792863518395573,
                    -0.7481818082948501,
                    -1.8574569567861903
                ],
                "Ai": [
                    [
                        0.0,
                        0.0,
                        0.0,
                        0.0,
                        0.0,
                        0.0
                    ],
                    [
                        -0.6734659914083333,
                        0.0,
                        0.0,
                        0.0,
                        0.0,
                        0.0
                    ],
                    [
                        0.0,
                        0.0,
                        0.0,
                        0.0,
                        0.0,
                        0.0
                    ],
                    [
                        -0.6423620789304437,
                        0.5286814511752724,
                        -0.5792863518395573,
                        0.0,
                        0.0,
                        0.0
                    ],
                    [
                        0.0,
                        -0.710149728473505,
                        -0.7481818082948501,
                        -0.0,
                        0.0,
                        0.0
                    ],
                    [
                        0.7875366258709653,
                        -0.8511312990849944,
                        -0.7473561435787774,
                        0.7957741279246073,
                        0.8675962373811832,
                        0.0
                    ]
                ]
            },
            "est_params": {
                "mui": [
                    -0.004756672500875426,
                    0.003630664223403381,
                    0.9999999538515656,
                    -0.5787376579835485,
                    -0.7484675742819265,
                    -1.8605609183500982
                ],
                "Si": [
                    [
                        0.9971968224492819,
                        -0.6743901893848684,
                        -2.446454022480896e-08,
                        -1.0005752541156652,
                        0.4814566510552063,
                        0.9794779698683584
                    ],
                    [
                        -0.6743901893848684,
                        1.4526599765709691,
                        5.126708810341782e-08,
                        1.2021871492535237,
                        -1.0312909987133316,
                        -1.7043645474665088
                    ],
                    [
                        -2.4464540224808917e-08,
                        5.1267088103417866e-08,
                        1.0098376771734597e-06,
                        6.038825938325371e-08,
                        -8.083143327973485e-08,
                        -1.288501271578206e-07
                    ],
                    [
                        -1.0005752541156654,
                        1.2021871492535237,
                        6.038825938325357e-08,
                        2.2830719390032024,
                        -0.8541262679206179,
                        -0.7321096049132305
                    ],
                    [
                        0.4814566510552064,
                        -1.0312909987133316,
                        -8.083143327973495e-08,
                        -0.8541262679206177,
                        1.7343981998782945,
                        2.07897142145727
                    ],
                    [
                        0.9794779698683584,
                        -1.7043645474665088,
                        -1.2885012715782082e-07,
                        -0.7321096049132305,
                        2.07897142145727,
                        4.438746065078403
                    ]
                ]
            },
            "est_tgt": [
                2
            ],
            "oracle_est_tgt": [
                2
            ],
            "intv_base_est_tgt": [
                1,
                2,
                3,
                4,
                5
            ]
        },
        "3": {
            "intv_type": "do",
            "inode": 3,
            "new_mui": 1.0,
            "new_vari": null,
            "true_params": {
                "Si": [
                    [
                        1.0,
                        -0.6734659914083333,
                        -1.3925677486924977,
                        0.0,
                        1.5201555473246091,
                        3.7203699054558728
                    ],
                    [
                        -0.6734659914083333,
                        1.4535564415836093,
                        1.855232001705229,
                        0.0,
                        -2.420293546153807,
                        -5.253903125170343
                    ],
                    [
                        -1.3925677486924977,
                        1.855232001705229,
                        3.7808401403173635,
                        0.0,
                        -4.146248315322725,
                        -9.098647674194938
                    ],
                    [
                        0.0,
                        0.0,
                        0.0,
                        1e-09,
                        0.0,
                        7.957741279246074e-10
                    ],
                    [
                        1.5201555473246091,
                        -2.420293546153807,
                        -4.146248315322725,
                        0.0,
                        5.820918366824936,
                        11.406096785063903
                    ],
                    [
                        3.7203699054558728,
                        -5.253903125170343,
                        -9.098647674194938,
                        7.957741279246074e-10,
                        11.406096785063903,
                        25.097505846656198
                    ]
                ],
                "mui": [
                    0.0,
                    0.0,
                    0.0,
                    1.0,
                    0.0,
                    0.7957741279246073
                ],
                "Ai": [
                    [
                        0.0,
                        0.0,
                        0.0,
                        0.0,
                        0.0,
                        0.0
                    ],
                    [
                        -0.6734659914083333,
                        0.0,
                        0.0,
                        0.0,
                        0.0,
                        0.0
                    ],
                    [
                        -0.7747401621326859,
                        0.9173849822287654,
                        0.0,
                        0.0,
                        0.0,
                        0.0
                    ],
                    [
                        0.0,
                        0.0,
                        0.0,
                        0.0,
                        0.0,
                        0.0
                    ],
                    [
                        0.0,
                        -0.710149728473505,
                        -0.7481818082948501,
                        -0.0,
                        0.0,
                        0.0
                    ],
                    [
                        0.7875366258709653,
                        -0.8511312990849944,
                        -0.7473561435787774,
                        0.7957741279246073,
                        0.8675962373811832,
                        0.0
                    ]
                ]
            },
            "est_params": {
                "mui": [
                    0.0014585733597756506,
                    -0.0053413509482374095,
                    -0.004548272207541486,
                    0.9999998759840343,
                    0.008823532045306446,
                    0.8122077598633102
                ],
                "Si": [
                    [
                        0.9958955883741863,
                        -0.6693745535568157,
                        -1.3817796169939505,
                        4.209538537220784e-08,
                        1.5117926337014935,
                        3.6939546573172795
                    ],
                    [
                        -0.6693745535568156,
                        1.4493440182635966,
                        1.8444936071233045,
                        -2.2719154616671504e-07,
                        -2.4114874655453646,
                        -5.221423250814322
                    ],
                    [
                        -1.3817796169939505,
                        1.8444936071233045,
                        3.7600802319971014,
                        -4.353988416697177e-09,
                        -4.1262445810106145,
                        -9.029411207981948
                    ],
                    [
                        4.209538537220786e-08,
                        -2.2719154616671504e-07,
                        -4.353988416697154e-09,
                        1.011693146037579e-06,
                        7.464846487383334e-08,
                        1.1894375956620814e-07
                    ],
                    [
                        1.5117926337014935,
                        -2.4114874655453655,
                        -4.126244581010615,
                        7.464846487383297e-08,
                        5.805685339326181,
                        11.341516608959266
                    ],
                    [
                        3.6939546573172795,
                        -5.221423250814322,
                        -9.029411207981948,
                        1.1894375956620846e-07,
                        11.341516608959266,
                        24.897222876540233
                    ]
                ]
            },
            "est_tgt": [
                3,
                5
            ],
            "oracle_est_tgt": [
                3,
                5
            ],
            "intv_base_est_tgt": [
                1,
                2,
                3,
                4,
                5
            ]
        },
        "4": {
            "intv_type": "do",
            "inode": 4,
            "new_mui": 1.0,
            "new_vari": null,
            "true_params": {
                "Si": [
                    [
                        1.0,
                        -0.6734659914083333,
                        -1.3925677486924977,
                        -0.19171556575589255,
                        0.0,
                        2.2489263852139407
                    ],
                    [
                        -0.6734659914083333,
                        1.4535564415836093,
                        1.855232001705229,
                        0.1263667651477755,
                        0.0,
                        -3.053506148835214
                    ],
                    [
                        -1.3925677486924977,
                        1.855232001705229,
                        3.7808401403173635,
                        -0.3148296307430789,
                        0.0,
                        -5.751911511422271
                    ],
                    [
                        -0.19171556575589255,
                        0.1263667651477755,
                        -0.3148296307430789,
                        1.3723350824050853,
                        0.0,
                        1.0688208733739955
                    ],
                    [
                        0.0,
                        0.0,
                        0.0,
                        0.0,
                        1e-09,
                        8.675962373811833e-10
                    ],
                    [
                        2.2489263852139407,
                        -3.053506148835214,
                        -5.751911511422271,
                        1.0688208733739955,
                        8.675962373811833e-10,
                        10.519312957018164
                    ]
                ],
                "mui": [
                    0.0,
                    0.0,
                    0.0,
                    0.0,
                    1.0,
                    0.8675962373811832
                ],
                "Ai": [
                    [
                        0.0,
                        0.0,
                        0.0,
                        0.0,
                        0.0,
                        0.0
                    ],
                    [
                        -0.6734659914083333,
                        0.0,
                        0.0,
                        0.0,
                        0.0,
                        0.0
                    ],
                    [
                        -0.7747401621326859,
                        0.9173849822287654,
                        0.0,
                        0.0,
                        0.0,
                        0.0
                    ],
                    [
                        -0.6423620789304437,
                        0.5286814511752724,
                        -0.5792863518395573,
                        0.0,
                        0.0,
                        0.0
                    ],
                    [
                        0.0,
                        0.0,
                        0.0,
                        0.0,
                        0.0,
                        0.0
                    ],
                    [
                        0.7875366258709653,
                        -0.8511312990849944,
                        -0.7473561435787774,
                        0.7957741279246073,
                        0.8675962373811832,
                        0.0
                    ]
                ]
            },
            "est_params": {
                "mui": [
                    0.00024373406850523142,
                    -0.0009361296552530353,
                    0.0006508972264321876,
                    -0.0011548377030192341,
                    1.0000000679027874,
                    0.8646392431315347
                ],
                "Si": [
                    [
                        1.0025599038621569,
                        -0.6698842686522712,
                        -1.3897984715376586,
                        -0.19436051474719696,
                        -1.0851968374062419e-07,
                        2.2438399671603095
                    ],
                    [
                        -0.6698842686522712,
                        1.4448323627921251,
                        1.841691332536443,
                        0.12369383737937888,
                        1.0677546171115643e-08,
                        -3.0339425271290184
                    ],
                    [
                        -1.3897984715376586,
                        1.841691332536443,
                        3.762666195552517,
                        -0.31306492800313124,
                        3.06766677326485e-07,
                        -5.720648147853241
                    ],
                    [
                        -0.1943605147471969,
                        0.12369383737937888,
                        -0.31306492800313124,
                        1.3772404505822338,
                        1.7906145060033887e-07,
                        1.0686779537385322
                    ],
                    [
                        -1.08519683740624e-07,
                        1.0677546171115616e-08,
                        3.06766677326485e-07,
                        1.7906145060033874e-07,
                        1.0090505587429855e-06,
                        3.836394085454903e-08
                    ],
                    [
                        2.2438399671603095,
                        -3.033942527129019,
                        -5.720648147853241,
                        1.0686779537385322,
                        3.8363940854548994e-08,
                        10.464592198731765
                    ]
                ]
            },
            "est_tgt": [
                4
            ],
            "oracle_est_tgt": [
                4
            ],
            "intv_base_est_tgt": [
                1,
                2,
                4,
                5
            ]
        },
        "5": {
            "intv_type": "do",
            "inode": 5,
            "new_mui": 1.0,
            "new_vari": null,
            "true_params": {
                "Si": [
                    [
                        1.0,
                        -0.6734659914083333,
                        -1.3925677486924977,
                        -0.19171556575589255,
                        1.5201555473246091,
                        0.0
                    ],
                    [
                        -0.6734659914083333,
                        1.4535564415836093,
                        1.855232001705229,
                        0.1263667651477755,
                        -2.420293546153807,
                        0.0
                    ],
                    [
                        -1.3925677486924977,
                        1.855232001705229,
                        3.7808401403173635,
                        -0.3148296307430789,
                        -4.146248315322725,
                        0.0
                    ],
                    [
                        -0.19171556575589255,
                        0.1263667651477755,
                        -0.3148296307430789,
                        1.3723350824050853,
                        0.14581047847638878,
                        0.0
                    ],
                    [
                        1.5201555473246091,
                        -2.420293546153807,
                        -4.146248315322725,
                        0.14581047847638878,
                        5.820918366824936,
                        0.0
                    ],
                    [
                        0.0,
                        0.0,
                        0.0,
                        0.0,
                        0.0,
                        1e-09
                    ]
                ],
                "mui": [
                    0.0,
                    0.0,
                    0.0,
                    0.0,
                    0.0,
                    1.0
                ],
                "Ai": [
                    [
                        0.0,
                        0.0,
                        0.0,
                        0.0,
                        0.0,
                        0.0
                    ],
                    [
                        -0.6734659914083333,
                        0.0,
                        0.0,
                        0.0,
                        0.0,
                        0.0
                    ],
                    [
                        -0.7747401621326859,
                        0.9173849822287654,
                        0.0,
                        0.0,
                        0.0,
                        0.0
                    ],
                    [
                        -0.6423620789304437,
                        0.5286814511752724,
                        -0.5792863518395573,
                        0.0,
                        0.0,
                        0.0
                    ],
                    [
                        0.0,
                        -0.710149728473505,
                        -0.7481818082948501,
                        -0.0,
                        0.0,
                        0.0
                    ],
                    [
                        0.0,
                        0.0,
                        0.0,
                        0.0,
                        0.0,
                        0.0
                    ]
                ]
            },
            "est_params": {
                "mui": [
                    -0.004823088859036443,
                    0.00685628962177128,
                    0.011051831905264478,
                    0.002170642041764773,
                    -0.012166502930898182,
                    1.0000000212030276
                ],
                "Si": [
                    [
                        1.0006562230497698,
                        -0.6757107346396891,
                        -1.3982901501393235,
                        -0.19355534723417975,
                        1.5305099368304556,
                        1.2285357615484267e-07
                    ],
                    [
                        -0.6757107346396891,
                        1.4580999710529432,
                        1.8622766474823083,
                        0.1262963135086217,
                        -2.4291756109743026,
                        -2.2624925941859637e-07
                    ],
                    [
                        -1.3982901501393235,
                        1.8622766474823083,
                        3.800844403159442,
                        -0.3115276388174847,
                        -4.174407794049054,
                        -4.400259432084165e-07
                    ],
                    [
                        -0.19355534723417978,
                        0.1262963135086217,
                        -0.3115276388174847,
                        1.368578844565772,
                        0.14535748779590432,
                        5.15057809059047e-09
                    ],
                    [
                        1.5305099368304556,
                        -2.4291756109743026,
                        -4.174407794049054,
                        0.14535748779590432,
                        5.8522620932613005,
                        6.080241954445382e-07
                    ],
                    [
                        1.2285357615484257e-07,
                        -2.2624925941859647e-07,
                        -4.4002594320841627e-07,
                        5.15057809059042e-09,
                        6.08024195444538e-07,
                        1.0047028734876405e-06
                    ]
                ]
            },
            "est_tgt": [
                3,
                5
            ],
            "oracle_est_tgt": [
                3,
                5
            ],
            "intv_base_est_tgt": [
                1,
                2,
                4,
                5
            ]
        },
        "obs": {
            "intv_type": "obs",
            "true_params": {
                "Si": [
                    [
                        1.0,
                        -0.6734659914083333,
                        -1.3925677486924977,
                        -0.19171556575589255,
                        1.5201555473246091,
                        3.5678076183069045
                    ],
                    [
                        -0.6734659914083333,
                        1.4535564415836093,
                        1.855232001705229,
                        0.1263667651477755,
                        -2.420293546153807,
                        -5.153343722836218
                    ],
                    [
                        -1.3925677486924977,
                        1.855232001705229,
                        3.7808401403173635,
                        -0.3148296307430789,
                        -4.146248315322725,
                        -9.349180949044337
                    ],
                    [
                        -0.19171556575589255,
                        0.1263667651477755,
                        -0.3148296307430789,
                        1.3723350824050853,
                        0.14581047847638878,
                        1.1953254958708606
                    ],
                    [
                        1.5201555473246091,
                        -2.420293546153807,
                        -4.146248315322725,
                        0.14581047847638878,
                        5.820918366824936,
                        11.522128991415721
                    ],
                    [
