{
    "expt_args": {
        "save_dir": "all_expt_logs/expt_logs_11.05.24-all_intv_weight_error_all_comp_utigsp_large_sample",
        "exp_name": "242",
        "num_nodes": 6,
        "obs_noise_mean": 0.0,
        "obs_noise_var": 1.0,
        "max_edge_strength": 1.0,
        "graph_sparsity_method": "adj_dense_prop",
        "adj_dense_prop": 0.8,
        "num_parents": null,
        "new_noise_mean": 1.0,
        "mix_samples": 1024,
        "stage2_samples": 1024,
        "gmm_tol": 0.001,
        "intv_type": "do",
        "new_noise_var": null,
        "intv_targets": [
            0,
            1,
            2,
            3,
            4,
            5
        ]
    },
    "intv_args_dict": {
        "0": {
            "intv_type": "do",
            "inode": 0,
            "new_mui": 1.0,
            "new_vari": null,
            "true_params": {
                "Si": [
                    [
                        1e-09,
                        -5.068347021744352e-10,
                        -7.58627187180943e-10,
                        1.0757816301094781e-10,
                        -9.113321637528462e-10,
                        2.049274843167643e-09
                    ],
                    [
                        -5.068347021744352e-10,
                        1.0000000002568814,
                        3.844985844762827e-10,
                        -0.7115269677139564,
                        1.187300567261934,
                        -1.9135432852803642
                    ],
                    [
                        -7.58627187180943e-10,
                        3.844985844762827e-10,
                        1.0000000005755152,
                        -0.8268920495058515,
                        1.1546056963296907,
                        -1.666074380412127
                    ],
                    [
                        1.0757816301094781e-10,
                        -0.7115269677139564,
                        -0.8268920495058515,
                        2.190021087119219,
                        -2.4428514508936297,
                        3.746107541378435
                    ],
                    [
                        -9.113321637528462e-10,
                        1.187300567261934,
                        1.1546056963296907,
                        -2.4428514508936297,
                        4.156658612262801,
                        -5.350325315555809
                    ],
                    [
                        2.049274843167643e-09,
                        -1.9135432852803642,
                        -1.666074380412127,
                        3.746107541378435,
                        -5.350325315555809,
                        8.708311815667642
                    ]
                ],
                "mui": [
                    1.0,
                    -0.5068347021744352,
                    -0.758627187180943,
                    0.1075781630109478,
                    -0.9113321637528461,
                    2.049274843167643
                ],
                "Ai": [
                    [
                        0.0,
                        0.0,
                        0.0,
                        0.0,
                        0.0,
                        0.0
                    ],
                    [
                        -0.5068347021744352,
                        0.0,
                        0.0,
                        0.0,
                        0.0,
                        0.0
                    ],
                    [
                        -0.758627187180943,
                        0.0,
                        0.0,
                        0.0,
                        0.0,
                        0.0
                    ],
                    [
                        -0.8803511852887957,
                        -0.711526967659432,
                        -0.8268920494242398,
                        0.0,
                        0.0,
                        0.0
                    ],
                    [
                        0.0,
                        0.7295604624419787,
                        0.622648833565507,
                        -0.6433208088567556,
                        0.0,
                        0.0
                    ],
                    [
                        0.7019264786389757,
                        -0.8272505103821135,
                        -0.5178188051599337,
                        0.6807737271971552,
                        -0.5069515882629712,
                        0.0
                    ]
                ]
            },
            "est_params": {
                "mui": [
                    0.9626506615134927,
                    -0.5441410147686723,
                    -1.261095058998326,
                    0.8889689063929804,
                    -1.8161395246709935,
                    3.338409982746284
                ],
                "Si": [
                    [
                        0.22954206097628038,
                        -0.027280972590846355,
                        -0.09371677945631425,
                        -0.09500780435079818,
                        -0.013174642951893389,
                        0.12642864274159812
                    ],
                    [
                        -0.027280972590846362,
                        1.12722336604045,
                        -0.25440699417272833,
                        -0.351527064873294,
                        0.9292173346263658,
                        -1.520783808150033
                    ],
                    [
                        -0.09371677945631424,
                        -0.25440699417272833,
                        0.5858051711164345,
                        -0.13348200465183163,
                        0.2466932455136493,
                        -0.32447614215599085
                    ],
                    [
                        -0.09500780435079821,
                        -0.351527064873294,
                        -0.13348200465183166,
                        1.0113718283492055,
                        -1.122573501385479,
                        1.460590451320402
                    ],
                    [
                        -0.01317464295189338,
                        0.9292173346263655,
                        0.2466932455136493,
                        -1.122573501385479,
                        2.566800146807817,
                        -3.04773518723171
                    ],
                    [
                        0.12642864274159812,
                        -1.520783808150033,
                        -0.32447614215599085,
                        1.460590451320402,
                        -3.04773518723171,
                        4.678833658603257
                    ]
                ]
            },
            "est_tgt": [
                0,
                1,
                2,
                5
            ],
            "oracle_est_tgt": [
                0,
                1
            ],
            "intv_base_est_tgt": [
                0,
                1,
                2,
                3,
                4,
                5
            ]
        },
        "1": {
            "intv_type": "do",
            "inode": 1,
            "new_mui": 1.0,
            "new_vari": null,
            "true_params": {
                "Si": [
                    [
                        1.0,
                        0.0,
                        -0.758627187180943,
                        -0.2530483957317994,
                        -0.3095670345872102,
                        1.0794247026010995
                    ],
                    [
                        0.0,
                        1e-09,
                        0.0,
                        -7.11526967659432e-10,
                        1.1873005668000393e-09,
                        -1.9135432842417207e-09
                    ],
                    [
                        -0.758627187180943,
                        0.0,
                        1.5755152091300695,
                        -0.6349226567495747,
                        1.3894516643311703,
                        -2.4849553047653896
                    ],
                    [
                        -0.2530483957317994,
                        -7.11526967659432e-10,
                        -0.6349226567495747,
                        1.7477839524897274,
                        -1.519719638171086,
                        2.1114232026914497
                    ],
                    [
                        -0.3095670345872102,
                        1.1873005668000393e-09,
                        1.3894516643311703,
                        -1.519719638171086,
                        2.842807725821382,
                        -3.4125285942279904
                    ],
                    [
                        1.0794247026010995,
                        -1.9135432842417207e-09,
                        -2.4849553047653896,
                        2.1114232026914497,
                        -3.4125285942279904,
                        6.211821603048643
                    ]
                ],
                "mui": [
                    0.0,
                    1.0,
                    0.0,
                    -0.711526967659432,
                    1.1873005668000391,
                    -1.9135432842417206
                ],
                "Ai": [
                    [
                        0.0,
                        0.0,
                        0.0,
                        0.0,
                        0.0,
                        0.0
                    ],
                    [
                        0.0,
                        0.0,
                        0.0,
                        0.0,
                        0.0,
                        0.0
                    ],
                    [
                        -0.758627187180943,
                        0.0,
                        0.0,
                        0.0,
                        0.0,
                        0.0
                    ],
                    [
                        -0.8803511852887957,
                        -0.711526967659432,
                        -0.8268920494242398,
                        0.0,
                        0.0,
                        0.0
                    ],
                    [
                        0.0,
                        0.7295604624419787,
                        0.622648833565507,
                        -0.6433208088567556,
                        0.0,
                        0.0
                    ],
                    [
                        0.7019264786389757,
                        -0.8272505103821135,
                        -0.5178188051599337,
                        0.6807737271971552,
                        -0.5069515882629712,
                        0.0
                    ]
                ]
            },
            "est_params": {
                "mui": [
                    -0.20116890074345894,
                    0.7973615425729137,
                    0.8118704139138055,
                    -1.4760557912136736,
                    1.9738541821519362,
                    -3.400902649745
                ],
                "Si": [
                    [
                        1.0892439427031064,
                        -0.2703178294318698,
                        -0.4769141382042562,
                        -0.5118126217673001,
                        -0.14421023112830317,
                        1.0430044317487108
                    ],
                    [
                        -0.2703178294318699,
                        0.5170259047865915,
                        0.0010479710892880348,
                        -0.02556278937740026,
                        0.2552105627663635,
                        -0.7885232698500589
                    ],
                    [
                        -0.4769141382042562,
                        0.0010479710892880294,
                        0.7705721948356626,
                        -0.12206428847345883,
                        0.4497384308513002,
                        -1.0084228541652398
                    ],
                    [
                        -0.5118126217673,
                        -0.025562789377400256,
                        -0.12206428847345882,
                        1.2746384918412323,
                        -0.6497182179963576,
                        0.7267845645022528
                    ],
                    [
                        -0.14421023112830317,
                        0.2552105627663635,
                        0.44973843085130016,
                        -0.6497182179963574,
                        1.63773712794989,
                        -1.6004460704921364
                    ],
                    [
                        1.043004431748711,
                        -0.7885232698500589,
                        -1.0084228541652398,
                        0.7267845645022528,
                        -1.6004460704921366,
                        4.037342641624505
                    ]
                ]
            },
            "est_tgt": [
                1,
                2
            ],
            "oracle_est_tgt": [
                1
            ],
            "intv_base_est_tgt": []
        },
        "2": {
            "intv_type": "do",
            "inode": 2,
            "new_mui": 1.0,
            "new_vari": null,
            "true_params": {
                "Si": [
                    [
                        1.0,
                        -0.5068347021744352,
                        0.0,
                        -0.5197246265460486,
                        -0.0354168925676443,
                        0.7853455235007469
                    ],
                    [
                        -0.5068347021744352,
                        1.2568814153282484,
                        0.0,
                        -0.448112491351246,
                        1.205251076996505,
                        -2.3115836487492474
                    ],
                    [
                        0.0,
                        0.0,
                        1e-09,
                        -8.268920494242399e-10,
                        1.1546056956383292e-09,
                        -1.6660743788574916e-09
                    ],
                    [
                        -0.5197246265460486,
                        -0.448112491351246,
                        -8.268920494242399e-10,
                        1.7763843138288067,
                        -1.4697101505439063,
                        1.9602804759979158
                    ],
                    [
                        -0.0354168925676443,
                        1.205251076996505,
                        1.1546056956383292e-09,
                        -1.4697101505439063,
                        2.8247986566440666,
                        -3.454480846460253
                    ],
                    [
                        0.7853455235007469,
                        -2.3115836487492474,
                        -1.6660743788574916e-09,
                        1.9602804759979158,
                        -3.454480846460253,
                        6.549275569641203
                    ]
                ],
                "mui": [
                    0.0,
                    0.0,
                    1.0,
                    -0.8268920494242398,
                    1.1546056956383293,
                    -1.6660743788574914
                ],
                "Ai": [
                    [
                        0.0,
                        0.0,
                        0.0,
                        0.0,
                        0.0,
                        0.0
                    ],
                    [
                        -0.5068347021744352,
                        0.0,
                        0.0,
                        0.0,
                        0.0,
                        0.0
                    ],
                    [
                        0.0,
                        0.0,
                        0.0,
                        0.0,
                        0.0,
                        0.0
                    ],
                    [
                        -0.8803511852887957,
                        -0.711526967659432,
                        -0.8268920494242398,
                        0.0,
                        0.0,
                        0.0
                    ],
                    [
                        0.0,
                        0.7295604624419787,
                        0.622648833565507,
                        -0.6433208088567556,
                        0.0,
                        0.0
                    ],
                    [
                        0.7019264786389757,
                        -0.8272505103821135,
                        -0.5178188051599337,
                        0.6807737271971552,
                        -0.5069515882629712,
                        0.0
                    ]
                ]
            },
            "est_params": {
                "mui": [
                    -0.3303086300003452,
                    0.24411997320471904,
                    0.725980387156733,
                    0.19573444918793909,
                    0.5859585737645893,
                    -0.9982320794708722
                ],
                "Si": [
                    [
                        0.6541996561336391,
                        -0.1830826475853568,
                        -0.18374577546187384,
                        -0.3219505089344515,
                        0.21682475266398293,
                        0.2607458383581419
                    ],
                    [
                        -0.1830826475853568,
                        0.9300572026195802,
                        -0.1531318619246984,
                        0.22123225039170255,
                        0.2032055370263926,
                        -0.4850513159827463
                    ],
                    [
                        -0.18374577546187384,
                        -0.15313186192469846,
                        0.6306960018018731,
                        -0.008409574855009582,
                        0.06452553426752573,
                        -0.38237307499625645
                    ],
                    [
                        -0.3219505089344515,
                        0.2212322503917025,
                        -0.008409574855009577,
                        0.8078532528224408,
                        -0.39480726753900686,
                        0.3533989729234386
                    ],
                    [
                        0.21682475266398293,
                        0.2032055370263926,
                        0.06452553426752573,
                        -0.39480726753900686,
                        0.9020279027231997,
                        -0.5715016046975898
                    ],
                    [
                        0.2607458383581419,
                        -0.48505131598274637,
                        -0.38237307499625656,
                        0.3533989729234386,
                        -0.5715016046975899,
                        1.7618782943470175
                    ]
                ]
            },
            "est_tgt": [
                0,
                2,
                4,
                5
            ],
            "oracle_est_tgt": [
                2
            ],
            "intv_base_est_tgt": [
                1,
                3,
                4,
                5
            ]
        },
        "3": {
            "intv_type": "do",
            "inode": 3,
            "new_mui": 1.0,
            "new_vari": null,
            "true_params": {
                "Si": [
                    [
                        1.0,
                        -0.5068347021744352,
                        -0.758627187180943,
                        0.0,
                        -0.8421248929093192,
                        1.940953720296185
                    ],
                    [
                        -0.5068347021744352,
                        1.2568814153282484,
                        0.3844985844762827,
                        0.0,
                        1.1563785817333516,
                        -2.180845046311621
                    ],
                    [
                        -0.758627187180943,
                        0.3844985844762827,
                        1.5755152091300695,
                        0.0,
                        1.261507672328357,
                        -2.305931881542736
                    ],
                    [
                        0.0,
                        0.0,
                        0.0,
                        1e-09,
                        -6.433208088567556e-10,
                        1.0069062330097067e-09
                    ],
                    [
                        -0.8421248929093192,
                        1.1563785817333516,
                        1.261507672328357,
                        -6.433208088567556e-10,
                        2.629124373970434,
                        -3.533795705736239
                    ],
                    [
                        1.940953720296185,
                        -2.180845046311621,
                        -2.305931881542736,
                        1.0069062330097067e-09,
                        -3.533795705736239,
                        7.152030225700299
                    ]
                ],
                "mui": [
                    0.0,
                    0.0,
                    0.0,
                    1.0,
                    -0.6433208088567556,
                    1.0069062330097067
                ],
                "Ai": [
                    [
                        0.0,
                        0.0,
                        0.0,
                        0.0,
                        0.0,
                        0.0
                    ],
                    [
                        -0.5068347021744352,
                        0.0,
                        0.0,
                        0.0,
                        0.0,
                        0.0
                    ],
                    [
                        -0.758627187180943,
                        0.0,
                        0.0,
                        0.0,
                        0.0,
                        0.0
                    ],
                    [
                        0.0,
                        0.0,
                        0.0,
                        0.0,
                        0.0,
                        0.0
                    ],
                    [
                        0.0,
                        0.7295604624419787,
                        0.622648833565507,
                        -0.6433208088567556,
                        0.0,
                        0.0
                    ],
                    [
                        0.7019264786389757,
                        -0.8272505103821135,
                        -0.5178188051599337,
                        0.6807737271971552,
                        -0.5069515882629712,
                        0.0
                    ]
                ]
            },
            "est_params": {
                "mui": [
                    0.38497278289828907,
                    -1.1960228060250961,
                    0.1648939453734685,
                    1.0259663919831772,
                    -2.0213309672837547,
                    3.309057862328458
                ],
                "Si": [
                    [
                        0.5830486678910941,
                        -0.11926865717780433,
                        0.1504936879211316,
                        -0.28594705832523876,
                        0.4333265831004071,
                        -0.10917706370503061
                    ],
                    [
                        -0.1192686571778043,
                        0.4251092374689891,
                        -0.1294402652026641,
                        0.26043347117144694,
                        0.023005676291240257,
                        -0.11522987734633884
                    ],
                    [
                        0.15049368792113157,
                        -0.1294402652026641,
                        0.6721614905571776,
                        -0.2931960533629578,
                        0.37477199528673283,
                        -0.17073004994274968
                    ],
                    [
                        -0.28594705832523876,
                        0.26043347117144694,
                        -0.29319605336295773,
                        0.5929844818620577,
                        -0.3523877327812001,
                        -0.16733265717350107
                    ],
                    [
                        0.4333265831004071,
                        0.02300567629124025,
                        0.37477199528673283,
                        -0.3523877327812001,
                        0.8663900553321914,
                        -0.01238095462279476
                    ],
                    [
                        -0.10917706370503061,
                        -0.11522987734633884,
                        -0.17073004994274968,
                        -0.16733265717350107,
                        -0.01238095462279474,
                        0.6055236516886746
                    ]
                ]
            },
            "est_tgt": [
                0,
                1,
                2,
                3,
                4,
                5
            ],
            "oracle_est_tgt": [
                3,
                5
            ],
            "intv_base_est_tgt": [
                0,
                1,
                2,
                3,
                4,
                5
            ]
        },
        "4": {
            "intv_type": "do",
            "inode": 4,
            "new_mui": 1.0,
            "new_vari": null,
            "true_params": {
                "Si": [
                    [
                        1.0,
                        -0.5068347021744352,
                        -0.758627187180943,
                        0.1075781630109478,
                        0.0,
                        1.5872735553180073
                    ],
                    [
                        -0.5068347021744352,
                        1.2568814153282484,
                        0.3844985844762827,
                        -0.7660513138695586,
                        0.0,
                        -2.116124695835874
                    ],
                    [
                        -0.758627187180943,
                        0.3844985844762827,
                        1.5755152091300695,
                        -0.9085037686313281,
                        0.0,
                        -2.2848940601937624
                    ],
                    [
                        0.1075781630109478,
                        -0.7660513138695586,
                        -0.9085037686313281,
                        2.201594148264456,
                        0.0,
                        2.6784560915636164
                    ],
                    [
                        0.0,
                        0.0,
                        0.0,
                        0.0,
                        1e-09,
                        -5.069515882629712e-10
                    ],
                    [
                        1.5872735553180073,
                        -2.116124695835874,
                        -2.2848940601937624,
                        2.6784560915636164,
                        -5.069515882629712e-10,
                        6.87129822099481
                    ]
                ],
                "mui": [
                    0.0,
                    0.0,
                    0.0,
                    0.0,
                    1.0,
                    -0.5069515882629712
                ],
                "Ai": [
                    [
                        0.0,
                        0.0,
                        0.0,
                        0.0,
                        0.0,
                        0.0
                    ],
                    [
                        -0.5068347021744352,
                        0.0,
                        0.0,
                        0.0,
                        0.0,
                        0.0
                    ],
                    [
                        -0.758627187180943,
                        0.0,
                        0.0,
                        0.0,
                        0.0,
                        0.0
                    ],
                    [
                        -0.8803511852887957,
                        -0.711526967659432,
                        -0.8268920494242398,
                        0.0,
                        0.0,
                        0.0
                    ],
                    [
                        0.0,
                        0.0,
                        0.0,
                        0.0,
                        0.0,
                        0.0
                    ],
                    [
                        0.7019264786389757,
                        -0.8272505103821135,
                        -0.5178188051599337,
                        0.6807737271971552,
                        -0.5069515882629712,
                        0.0
                    ]
                ]
            },
            "est_params": {
                "mui": [
                    0.4641660728094255,
                    -0.011298979668586315,
                    -0.9283266814410783,
                    0.429222912464538,
                    0.7254171092843646,
                    0.8721387642017107
                ],
                "Si": [
                    [
                        0.9071253153361549,
                        0.008553212045786561,
                        -0.408295976945617,
                        -0.5681597869268735,
                        -0.09353954627489994,
                        0.6366073732101798
                    ],
                    [
                        0.008553212045786561,
                        0.8201341867564317,
                        -0.1309334992007226,
                        -0.6591145453140417,
                        -0.11010322177314395,
                        -0.9471831523647853
                    ],
                    [
                        -0.40829597694561703,
                        -0.1309334992007226,
                        0.6076596754825475,
                        0.07027739876310385,
                        0.02565280431109231,
                        -0.4822346625924923
                    ],
                    [
                        -0.5681597869268735,
                        -0.6591145453140417,
                        0.07027739876310385,
                        1.88776984697938,
                        -0.03863685477539935,
                        1.3681483292181966
                    ],
                    [
                        -0.09353954627489995,
                        -0.11010322177314395,
                        0.025652804311092313,
                        -0.03863685477539935,
                        0.4122214210527735,
                        -0.36595904168438603
                    ],
                    [
                        0.6366073732101798,
                        -0.9471831523647853,
                        -0.48223466259249226,
                        1.3681483292181966,
                        -0.36595904168438603,
                        3.5780470119637817
                    ]
                ]
            },
            "est_tgt": [
                2,
                3,
                4
            ],
            "oracle_est_tgt": [
                4,
                5
            ],
            "intv_base_est_tgt": [
                0,
                1,
                2,
                3,
                4
            ]
        },
        "5": {
            "intv_type": "do",
            "inode": 5,
            "new_mui": 1.0,
            "new_vari": null,
            "true_params": {
                "Si": [
                    [
                        1.0,
                        -0.5068347021744352,
                        -0.758627187180943,
                        0.1075781630109478,
                        -0.9113321637528461,
                        0.0
                    ],
                    [
                        -0.5068347021744352,
                        1.2568814153282484,
                        0.3844985844762827,
                        -0.7660513138695586,
                        1.6491953325976965,
                        0.0
                    ],
                    [
                        -0.758627187180943,
                        0.3844985844762827,
                        1.5755152091300695,
                        -0.9085037686313281,
                        1.8459670516136735,
                        0.0
                    ],
                    [
                        0.1075781630109478,
                        -0.7660513138695586,
                        -0.9085037686313281,
                        2.201594148264456,
                        -2.540890890864914,
                        0.0
                    ],
                    [
                        -0.9113321637528461,
                        1.6491953325976965,
                        1.8459670516136735,
                        -2.540890890864914,
                        4.987184924122719,
                        0.0
                    ],
                    [
                        0.0,
                        0.0,
                        0.0,
                        0.0,
                        0.0,
                        1e-09
                    ]
                ],
                "mui": [
                    0.0,
                    0.0,
                    0.0,
                    0.0,
                    0.0,
                    1.0
                ],
                "Ai": [
                    [
                        0.0,
                        0.0,
                        0.0,
                        0.0,
                        0.0,
                        0.0
                    ],
                    [
                        -0.5068347021744352,
                        0.0,
                        0.0,
                        0.0,
                        0.0,
                        0.0
                    ],
                    [
                        -0.758627187180943,
                        0.0,
                        0.0,
                        0.0,
                        0.0,
                        0.0
                    ],
                    [
                        -0.8803511852887957,
                        -0.711526967659432,
                        -0.8268920494242398,
                        0.0,
                        0.0,
                        0.0
                    ],
                    [
                        0.0,
                        0.7295604624419787,
                        0.622648833565507,
                        -0.6433208088567556,
                        0.0,
                        0.0
                    ],
                    [
                        0.0,
                        0.0,
                        0.0,
                        0.0,
                        0.0,
                        0.0
                    ]
                ]
            },
            "est_params": {
                "mui": [
                    0.016700284986129226,
                    -0.079781228954036,
                    -0.025100223748927813,
                    -0.009533530748982506,
                    0.03829828560306338,
                    0.9999920818920904
                ],
                "Si": [
                    [
                        1.229614379995217,
                        -0.6429055903560821,
                        -0.7978782749310901,
                        0.1249756604090811,
                        -1.0350448225084785,
                        -9.183752872700003e-06
                    ],
                    [
                        -0.6429055903560821,
                        1.2308714296540628,
                        0.3930732390884521,
                        -0.7247219884728844,
                        1.666378583192659,
                        4.409454948503434e-06
                    ],
                    [
                        -0.7978782749310901,
                        0.39307323908845204,
                        1.4455115388212967,
                        -0.9936207847329142,
                        1.664438055298738,
                        6.570370480784294e-06
                    ],
                    [
                        0.12497566040908108,
                        -0.7247219884728844,
                        -0.9936207847329142,
                        2.547288692054743,
                        -2.4927086545801425,
                        6.636070627111035e-07
                    ],
                    [
                        -1.0350448225084785,
                        1.6663785831926592,
                        1.6644380552987377,
                        -2.4927086545801425,
                        4.6196082171241395,
                        4.733410130739155e-06
                    ],
                    [
                        -9.183752872700003e-06,
                        4.4094549485034335e-06,
                        6.570370480784294e-06,
                        6.636070627111036e-07,
                        4.733410130739155e-06,
                        1.02834931793937e-06
                    ]
                ]
            },
            "est_tgt": [
                3,
                4,
                5
            ],
            "oracle_est_tgt": [
                3,
                4,
                5
            ],
            "intv_base_est_tgt": [
                1,
                2,
                3,
                4,
                5
            ]
        },
        "obs": {
            "intv_type": "obs",
            "true_params": {
                "Si": [
                    [
                        1.0,
                        -0.5068347021744352,
                        -0.758627187180943,
                        0.1075781630109478,
                        -0.9113321637528461,
                        2.049274843167643
                    ],
                    [
                        -0.5068347021744352,
                        1.2568814153282484,
                        0.3844985844762827,
                        -0.7660513138695586,
                        1.6491953325976965,
                        -2.952186889052155
                    ],
                    [
                        -0.758627187180943,
                        0.3844985844762827,
                        1.5755152091300695,
                        -0.9085037686313281,
                        1.8459670516136735,
                        -3.2207099888904285
                    ],
                    [
                        0.1075781630109478,
                        -0.7660513138695586,
                        -0.9085037686313281,
                        2.201594148264456,
                        -2.540890890864914,
                        3.9665647642905
                    ],
                    [
                        -0.9113321637528461,
                        1.6491953325976965,
