{
    "expt_args": {
        "save_dir": "all_expt_logs/expt_logs_11.05.24-all_intv_weight_error_all_comp_utigsp_large_sample",
        "exp_name": "180",
        "num_nodes": 6,
        "obs_noise_mean": 0.0,
        "obs_noise_var": 1.0,
        "max_edge_strength": 1.0,
        "graph_sparsity_method": "adj_dense_prop",
        "adj_dense_prop": 0.8,
        "num_parents": null,
        "new_noise_mean": 1.0,
        "mix_samples": 16384,
        "stage2_samples": 16384,
        "gmm_tol": 0.001,
        "intv_type": "do",
        "new_noise_var": null,
        "intv_targets": [
            0,
            1,
            2,
            3,
            4,
            5
        ]
    },
    "intv_args_dict": {
        "0": {
            "intv_type": "do",
            "inode": 0,
            "new_mui": 1.0,
            "new_vari": null,
            "true_params": {
                "Si": [
                    [
                        1e-09,
                        -5.335464681211782e-10,
                        4.700533766986006e-10,
                        -6.975303686999414e-10,
                        -1.1052962557008032e-10,
                        -5.825465234068227e-10
                    ],
                    [
                        -5.335464681211782e-10,
                        1.0000000002846718,
                        0.5326961511114187,
                        0.3312777498221974,
                        -0.1842086339069878,
                        -0.11827024484143242
                    ],
                    [
                        4.700533766986006e-10,
                        0.5326961511114187,
                        1.283765189897065,
                        -0.5139683752727298,
                        -1.3588556090935078,
                        0.156031214197015
                    ],
                    [
                        -6.975303686999414e-10,
                        0.3312777498221974,
                        -0.5139683752727298,
                        1.586450625085201,
                        1.506608124604916,
                        0.5082134544574853
                    ],
                    [
                        -1.1052962557008032e-10,
                        -0.1842086339069878,
                        -1.3588556090935078,
                        1.506608124604916,
                        3.1094240931180357,
                        0.23270838858285417
                    ],
                    [
                        -5.825465234068227e-10,
                        -0.11827024484143242,
                        0.156031214197015,
                        0.5082134544574853,
                        0.23270838858285417,
                        1.5500373285660867
                    ]
                ],
                "mui": [
                    1.0,
                    -0.5335464681211782,
                    0.4700533766986006,
                    -0.6975303686999413,
                    -0.11052962557008031,
                    -0.5825465234068227
                ],
                "Ai": [
                    [
                        0.0,
                        0.0,
                        0.0,
                        0.0,
                        0.0,
                        0.0
                    ],
                    [
                        -0.5335464681211782,
                        0.0,
                        0.0,
                        0.0,
                        0.0,
                        0.0
                    ],
                    [
                        0.7542715268396544,
                        0.5326961513622139,
                        0.0,
                        0.0,
                        0.0,
                        0.0
                    ],
                    [
                        0.0,
                        0.6990718181132121,
                        -0.6904387571088213,
                        0.0,
                        0.0,
                        0.0
                    ],
                    [
                        0.7421180274971473,
                        -0.0,
                        -0.7793706256270523,
                        0.6971766113895532,
                        0.0,
                        0.0
                    ],
                    [
                        -0.8108597908551058,
                        -0.723335995072981,
                        0.7013896091566969,
                        0.6986228471478475,
                        0.0,
                        0.0
                    ]
                ]
            },
            "est_params": {
                "mui": [
                    1.0000050765571225,
                    -0.511669547184761,
                    0.46682147386341205,
                    -0.703195644597152,
                    -0.1149917533925223,
                    -0.5950394025587069
                ],
                "Si": [
                    [
                        1.0226666184627508e-06,
                        5.643331247456326e-06,
                        5.8064891649649385e-06,
                        -8.191140292498024e-07,
                        -9.885795777588391e-06,
                        -6.142769640274306e-07
                    ],
                    [
                        5.643331247456327e-06,
                        0.962303945703374,
                        0.5168097115367069,
                        0.3330462447087617,
                        -0.15991896936297623,
                        -0.12323853387211686
                    ],
                    [
                        5.8064891649649385e-06,
                        0.5168097115367069,
                        1.2801595566189008,
                        -0.5204007444998435,
                        -1.3449632313188236,
                        0.17665201208700265
                    ],
                    [
                        -8.191140292498019e-07,
                        0.3330462447087617,
                        -0.5204007444998435,
                        1.5857245599791383,
                        1.4894855027341698,
                        0.48482984702620874
                    ],
                    [
                        -9.885795777588395e-06,
                        -0.15991896936297617,
                        -1.3449632313188236,
                        1.4894855027341696,
                        3.087897921034291,
                        0.18087237811586884
                    ],
                    [
                        -6.142769640274321e-07,
                        -0.12323853387211686,
                        0.17665201208700265,
                        0.4848298470262087,
                        0.18087237811586887,
                        1.5955058886210765
                    ]
                ]
            },
            "est_tgt": [
                0
            ],
            "oracle_est_tgt": [
                0
            ],
            "intv_base_est_tgt": [
                0,
                1,
                2,
                3,
                5
            ]
        },
        "1": {
            "intv_type": "do",
            "inode": 1,
            "new_mui": 1.0,
            "new_vari": null,
            "true_params": {
                "Si": [
                    [
                        1.0,
                        0.0,
                        0.7542715268396544,
                        -0.5207782955137439,
                        -0.20881349162004542,
                        -0.6456491949916305
                    ],
                    [
                        0.0,
                        1e-09,
                        5.32696151362214e-10,
                        3.3127774945003255e-10,
                        -1.842086339659605e-10,
                        -1.1827024515224807e-10
                    ],
                    [
                        0.7542715268396544,
                        5.32696151362214e-10,
                        1.5689255364847887,
                        -1.0832469970344552,
                        -1.4182304499272933,
                        -0.26796148528802194
                    ],
                    [
                        -0.5207782955137439,
                        3.3127774945003255e-10,
                        -1.0832469970344552,
                        1.7479157105059193,
                        1.676377880402463,
                        0.8836338419204637
                    ],
                    [
                        -0.20881349162004542,
                        -1.842086339659605e-10,
                        -1.4182304499272933,
                        1.676377880402463,
                        3.119094346594701,
                        0.345742251009811
                    ],
                    [
                        -0.6456491949916305,
                        -1.1827024515224807e-10,
                        -0.26796148528802194,
                        0.8836338419204637,
                        0.345742251009811,
                        1.9529123603456817
                    ]
                ],
                "mui": [
                    0.0,
                    1.0,
                    0.5326961513622139,
                    0.3312777494500325,
                    -0.1842086339659605,
                    -0.11827024515224806
                ],
                "Ai": [
                    [
                        0.0,
                        0.0,
                        0.0,
                        0.0,
                        0.0,
                        0.0
                    ],
                    [
                        0.0,
                        0.0,
                        0.0,
                        0.0,
                        0.0,
                        0.0
                    ],
                    [
                        0.7542715268396544,
                        0.5326961513622139,
                        0.0,
                        0.0,
                        0.0,
                        0.0
                    ],
                    [
                        0.0,
                        0.6990718181132121,
                        -0.6904387571088213,
                        0.0,
                        0.0,
                        0.0
                    ],
                    [
                        0.7421180274971473,
                        -0.0,
                        -0.7793706256270523,
                        0.6971766113895532,
                        0.0,
                        0.0
                    ],
                    [
                        -0.8108597908551058,
                        -0.723335995072981,
                        0.7013896091566969,
                        0.6986228471478475,
                        0.0,
                        0.0
                    ]
                ]
            },
            "est_params": {
                "mui": [
                    0.019202270357746073,
                    0.999999242351948,
                    0.5550097995507387,
                    0.2993969239250027,
                    -0.22107810124968943,
                    -0.14122033611305543
                ],
                "Si": [
                    [
                        1.0223848408283411,
                        2.6579946922248483e-06,
                        0.7959728899994342,
                        -0.5038356234567217,
                        -0.23125245667515318,
                        -0.5868315704620302
                    ],
                    [
                        2.6579946922248483e-06,
                        1.026259240681445e-06,
                        7.773781924925033e-07,
                        5.194170381478778e-07,
                        5.237478602201546e-06,
                        -2.120671532038647e-06
                    ],
                    [
                        0.7959728899994342,
                        7.773781924925033e-07,
                        1.6347913988250333,
                        -1.101627848501152,
                        -1.4561413239412344,
                        -0.23715063052870625
                    ],
                    [
                        -0.5038356234567217,
                        5.194170381478772e-07,
                        -1.101627848501152,
                        1.7173427362102425,
                        1.693059169328346,
                        0.7984412039126456
                    ],
                    [
                        -0.2312524566751532,
                        5.237478602201546e-06,
                        -1.4561413239412344,
                        1.6930591693283459,
                        3.116810791910691,
                        0.3477387908465337
                    ],
                    [
                        -0.5868315704620302,
                        -2.120671532038648e-06,
                        -0.23715063052870625,
                        0.7984412039126456,
                        0.3477387908465337,
                        1.875000836850947
                    ]
                ]
            },
            "est_tgt": [
                1
            ],
            "oracle_est_tgt": [
                1
            ],
            "intv_base_est_tgt": []
        },
        "2": {
            "intv_type": "do",
            "inode": 2,
            "new_mui": 1.0,
            "new_vari": null,
            "true_params": {
                "Si": [
                    [
                        1.0,
                        -0.5335464681211782,
                        0.0,
                        -0.372987299517355,
                        0.4820800059282974,
                        -0.6855038745578004
                    ],
                    [
                        -0.5335464681211782,
                        1.2846718336445835,
                        0.0,
                        0.8980778744247528,
                        0.23016443675522352,
                        0.13079972001179105
                    ],
                    [
                        0.0,
                        0.0,
                        1e-09,
                        -6.904387571088214e-10,
                        -1.2607283786801951e-09,
                        2.1903331888411104e-10
                    ],
                    [
                        -0.372987299517355,
                        0.8980778744247528,
                        -6.904387571088214e-10,
                        1.6278209329580666,
                        0.8580780835274865,
                        0.7900612450739602
                    ],
                    [
                        0.4820800059282974,
                        0.23016443675522352,
                        -1.2607283786801951e-09,
                        0.8580780835274865,
                        1.9559922346592309,
                        0.04208743823168012
                    ],
                    [
                        -0.6855038745578004,
                        0.13079972001179105,
                        2.1903331888411104e-10,
                        0.7900612450739602,
                        0.04208743823168012,
                        2.0131902193326776
                    ]
                ],
                "mui": [
                    0.0,
                    0.0,
                    1.0,
                    -0.6904387571088213,
                    -1.260728378680195,
                    0.21903331888411104
                ],
                "Ai": [
                    [
                        0.0,
                        0.0,
                        0.0,
                        0.0,
                        0.0,
                        0.0
                    ],
                    [
                        -0.5335464681211782,
                        0.0,
                        0.0,
                        0.0,
                        0.0,
                        0.0
                    ],
                    [
                        0.0,
                        0.0,
                        0.0,
                        0.0,
                        0.0,
                        0.0
                    ],
                    [
                        0.0,
                        0.6990718181132121,
                        -0.6904387571088213,
                        0.0,
                        0.0,
                        0.0
                    ],
                    [
                        0.7421180274971473,
                        -0.0,
                        -0.7793706256270523,
                        0.6971766113895532,
                        0.0,
                        0.0
                    ],
                    [
                        -0.8108597908551058,
                        -0.723335995072981,
                        0.7013896091566969,
                        0.6986228471478475,
                        0.0,
                        0.0
                    ]
                ]
            },
            "est_params": {
                "mui": [
                    0.009552860904441816,
                    -1.1151115433842083e-05,
                    1.0000005657086488,
                    -0.7124264287607245,
                    -1.226860219972143,
                    0.20240950766686833
                ],
                "Si": [
                    [
                        0.9995030788098245,
                        -0.5195178906894661,
                        -4.323486497765042e-07,
                        -0.3566821271335491,
                        0.508047250464119,
                        -0.6645573708600343
                    ],
                    [
                        -0.519517890689466,
                        1.226851747245883,
                        -1.016607062741274e-06,
                        0.8401821297684466,
                        0.1915085846653577,
                        0.11633397460252899
                    ],
                    [
                        -4.323486497765046e-07,
                        -1.0166070627412745e-06,
                        1.0130500696178272e-06,
                        -1.6093767696850967e-06,
                        -1.1020678173029342e-06,
                        1.1945950474688085e-06
                    ],
                    [
                        -0.3566821271335491,
                        0.8401821297684466,
                        -1.6093767696850967e-06,
                        1.5286254033490845,
                        0.8133479747617989,
                        0.7257587841455735
                    ],
                    [
                        0.508047250464119,
                        0.19150858466535775,
                        -1.1020678173029344e-06,
                        0.8133479747617989,
                        1.926475464739732,
                        0.001076744588315457
                    ],
                    [
                        -0.6645573708600343,
                        0.11633397460252899,
                        1.194595047468809e-06,
                        0.7257587841455735,
                        0.001076744588315438,
                        1.90271193890712
                    ]
                ]
            },
            "est_tgt": [
                2
            ],
            "oracle_est_tgt": [
                2
            ],
            "intv_base_est_tgt": [
                1,
                2,
                3,
                5
            ]
        },
        "3": {
            "intv_type": "do",
            "inode": 3,
            "new_mui": 1.0,
            "new_vari": null,
            "true_params": {
                "Si": [
                    [
                        1.0,
                        -0.5335464681211782,
                        0.4700533766986006,
                        0.0,
                        0.3757722332214505,
                        -0.09523587125358181
                    ],
                    [
                        -0.5335464681211782,
                        1.2846718336445835,
                        0.28190083239624186,
                        0.0,
                        -0.6156596806096042,
                        -0.29889568692396923
                    ],
                    [
                        0.4700533766986006,
                        0.28190083239624186,
                        1.504715366621871,
                        0.0,
                        -0.8238958719407882,
                        0.47033532105318937
                    ],
                    [
                        0.0,
                        0.0,
                        0.0,
                        1e-09,
                        6.971766113895533e-10,
                        6.986228471478475e-10
                    ],
                    [
                        0.3757722332214505,
                        -0.6156596806096042,
                        -0.8238958719407882,
                        6.971766113895533e-10,
                        1.9209875901585938,
                        -0.4372417898583416
                    ],
                    [
                        -0.09523587125358181,
                        -0.29889568692396923,
                        0.47033532105318937,
                        6.986228471478475e-10,
                        -0.4372417898583416,
                        1.6233132552649145
                    ]
                ],
                "mui": [
                    0.0,
                    0.0,
                    0.0,
                    1.0,
                    0.6971766113895532,
                    0.6986228471478475
                ],
                "Ai": [
                    [
                        0.0,
                        0.0,
                        0.0,
                        0.0,
                        0.0,
                        0.0
                    ],
                    [
                        -0.5335464681211782,
                        0.0,
                        0.0,
                        0.0,
                        0.0,
                        0.0
                    ],
                    [
                        0.7542715268396544,
                        0.5326961513622139,
                        0.0,
                        0.0,
                        0.0,
                        0.0
                    ],
                    [
                        0.0,
                        0.0,
                        0.0,
                        0.0,
                        0.0,
                        0.0
                    ],
                    [
                        0.7421180274971473,
                        -0.0,
                        -0.7793706256270523,
                        0.6971766113895532,
                        0.0,
                        0.0
                    ],
                    [
                        -0.8108597908551058,
                        -0.723335995072981,
                        0.7013896091566969,
                        0.6986228471478475,
                        0.0,
                        0.0
                    ]
                ]
            },
            "est_params": {
                "mui": [
                    0.006301376274671019,
                    0.015302209193176288,
                    -0.03816851157155418,
                    1.0000006219291069,
                    0.7703323111316274,
                    0.6892397976488355
                ],
                "Si": [
                    [
                        0.9376547022767864,
                        -0.5155482254338487,
                        0.43974169594896234,
                        2.4461057324655163e-07,
                        0.3793002037513798,
                        -0.06135683168434808
                    ],
                    [
                        -0.5155482254338487,
                        1.2691845739032561,
                        0.21989369254371824,
                        -9.611845563933878e-07,
                        -0.5593261350903138,
                        -0.3529348983533341
                    ],
                    [
                        0.43974169594896234,
                        0.21989369254371824,
                        1.4357490126384156,
                        -9.090744895353627e-07,
                        -0.7858185128682269,
                        0.5335565152723888
                    ],
                    [
                        2.446105732465517e-07,
                        -9.611845563933874e-07,
                        -9.090744895353627e-07,
                        1.0052627266299287e-06,
                        1.6295472247887059e-06,
                        -1.608250066337401e-06
                    ],
                    [
                        0.37930020375137974,
                        -0.5593261350903138,
                        -0.7858185128682268,
                        1.6295472247887056e-06,
                        1.9025504196945535,
                        -0.46869811417252827
                    ],
                    [
                        -0.06135683168434808,
                        -0.3529348983533341,
                        0.5335565152723888,
                        -1.6082500663374006e-06,
                        -0.46869811417252827,
                        1.6458938675251549
                    ]
                ]
            },
            "est_tgt": [
                3
            ],
            "oracle_est_tgt": [
                3
            ],
            "intv_base_est_tgt": [
                1,
                2,
                3,
                5
            ]
        },
        "4": {
            "intv_type": "do",
            "inode": 4,
            "new_mui": 1.0,
            "new_vari": null,
            "true_params": {
                "Si": [
                    [
                        1.0,
                        -0.5335464681211782,
                        0.4700533766986006,
                        -0.6975303686999413,
                        0.0,
                        -0.5825465234068227
                    ],
                    [
                        -0.5335464681211782,
                        1.2846718336445835,
                        0.28190083239624186,
                        0.7034426140771495,
                        0.0,
                        0.19254539492773348
                    ],
                    [
                        0.4700533766986006,
                        0.28190083239624186,
                        1.504715366621871,
                        -0.8418448801020805,
                        0.0,
                        -0.11779674594056438
                    ],
                    [
                        -0.6975303686999413,
                        0.7034426140771495,
                        -0.8418448801020805,
                        2.0729992398573285,
                        0.0,
                        0.9145573453079714
                    ],
                    [
                        0.0,
                        0.0,
                        0.0,
                        0.0,
                        1e-09,
                        0.0
                    ],
                    [
                        -0.5825465234068227,
                        0.19254539492773348,
                        -0.11779674594056438,
                        0.9145573453079714,
                        0.0,
                        1.889397780160102
                    ]
                ],
                "mui": [
                    0.0,
                    0.0,
                    0.0,
                    0.0,
                    1.0,
                    0.0
                ],
                "Ai": [
                    [
                        0.0,
                        0.0,
                        0.0,
                        0.0,
                        0.0,
                        0.0
                    ],
                    [
                        -0.5335464681211782,
                        0.0,
                        0.0,
                        0.0,
                        0.0,
                        0.0
                    ],
                    [
                        0.7542715268396544,
                        0.5326961513622139,
                        0.0,
                        0.0,
                        0.0,
                        0.0
                    ],
                    [
                        0.0,
                        0.6990718181132121,
                        -0.6904387571088213,
                        0.0,
                        0.0,
                        0.0
                    ],
                    [
                        0.0,
                        0.0,
                        0.0,
                        0.0,
                        0.0,
                        0.0
                    ],
                    [
                        -0.8108597908551058,
                        -0.723335995072981,
                        0.7013896091566969,
                        0.6986228471478475,
                        0.0,
                        0.0
                    ]
                ]
            },
            "est_params": {
                "mui": [
                    -0.016139762071210928,
                    0.021530162727715706,
                    -0.009015751402670993,
                    0.005154080010602834,
                    0.9999996588714877,
                    0.01973549517667443
                ],
                "Si": [
                    [
                        1.0102132111237996,
                        -0.5024761282349349,
                        0.4804791245962956,
                        -0.7196381076136816,
                        9.360733857448003e-07,
                        -0.5915790779250842
                    ],
                    [
                        -0.5024761282349349,
                        1.2549527447095148,
                        0.329416807565592,
                        0.6631082019708022,
                        1.0474988415247094e-06,
                        0.1819088315654595
                    ],
                    [
                        0.4804791245962955,
                        0.329416807565592,
                        1.6003572069749261,
                        -0.8845740783255759,
                        5.713094097471521e-07,
                        -0.12954626232143582
                    ],
                    [
                        -0.7196381076136816,
                        0.6631082019708022,
                        -0.8845740783255759,
                        2.021078259113249,
                        -1.8165822775314339e-06,
                        0.9005514012460385
                    ],
                    [
                        9.360733857448e-07,
                        1.0474988415247094e-06,
                        5.713094097471523e-07,
                        -1.8165822775314334e-06,
                        1.0098800866744818e-06,
                        -3.6676016389029444e-06
                    ],
                    [
                        -0.5915790779250842,
                        0.1819088315654595,
                        -0.12954626232143585,
                        0.9005514012460385,
                        -3.6676016389029444e-06,
                        1.8868499810079162
                    ]
                ]
            },
            "est_tgt": [
                4
            ],
            "oracle_est_tgt": [
                4
            ],
            "intv_base_est_tgt": [
                1,
                2,
                3,
                4,
                5
            ]
        },
        "5": {
            "intv_type": "do",
            "inode": 5,
            "new_mui": 1.0,
            "new_vari": null,
            "true_params": {
                "Si": [
                    [
                        1.0,
                        -0.5335464681211782,
                        0.4700533766986006,
                        -0.6975303686999413,
                        -0.11052962557008031,
                        0.0
                    ],
                    [
                        -0.5335464681211782,
                        1.2846718336445835,
                        0.28190083239624186,
                        0.7034426140771495,
                        -0.12523594262028787,
                        0.0
                    ],
                    [
                        0.4700533766986006,
                        0.28190083239624186,
                        1.504715366621871,
                        -0.8418448801020805,
                        -1.4108104327660012,
                        0.0
                    ],
                    [
                        -0.6975303686999413,
                        0.7034426140771495,
                        -0.8418448801020805,
                        2.0729992398573285,
                        1.5837058950039828,
                        0.0
                    ],
                    [
                        -0.11052962557008031,
                        -0.12523594262028787,
                        -1.4108104327660012,
                        1.5837058950039828,
                        3.1216408912344806,
                        0.0
                    ],
                    [
                        0.0,
                        0.0,
                        0.0,
                        0.0,
                        0.0,
                        1e-09
                    ]
                ],
                "mui": [
                    0.0,
                    0.0,
                    0.0,
                    0.0,
                    0.0,
                    1.0
                ],
                "Ai": [
                    [
                        0.0,
                        0.0,
                        0.0,
                        0.0,
                        0.0,
                        0.0
                    ],
                    [
                        -0.5335464681211782,
                        0.0,
                        0.0,
                        0.0,
                        0.0,
                        0.0
                    ],
                    [
                        0.7542715268396544,
                        0.5326961513622139,
                        0.0,
                        0.0,
                        0.0,
                        0.0
                    ],
                    [
                        0.0,
                        0.6990718181132121,
                        -0.6904387571088213,
                        0.0,
                        0.0,
                        0.0
                    ],
                    [
                        0.7421180274971473,
                        -0.0,
                        -0.7793706256270523,
                        0.6971766113895532,
                        0.0,
                        0.0
                    ],
                    [
                        0.0,
                        0.0,
                        0.0,
                        0.0,
                        0.0,
                        0.0
                    ]
                ]
            },
            "est_params": {
                "mui": [
                    -0.01654844649977861,
                    0.02026358223033614,
                    0.002105832238879596,
                    0.05889591583911847,
                    0.012625278397617958,
                    0.9999993752418416
                ],
                "Si": [
                    [
                        1.0088289804337487,
                        -0.5530974459486381,
                        0.46892279933056574,
                        -0.6935887216484188,
                        -0.10112925604347026,
                        -3.077202661146722e-06
                    ],
                    [
                        -0.5530974459486381,
                        1.3605774225228124,
                        0.2814707263965217,
                        0.725219080334058,
                        -0.11254675745616777,
                        -1.647354968959831e-06
                    ],
                    [
                        0.46892279933056574,
                        0.2814707263965217,
                        1.4588812903780253,
                        -0.8350332942742077,
                        -1.380008917366649,
                        -2.8741012904949933e-06
                    ],
                    [
                        -0.6935887216484188,
                        0.725219080334058,
                        -0.8350332942742076,
                        2.096054627102251,
                        1.584556005474588,
                        -7.933972783010138e-07
                    ],
                    [
                        -0.10112925604347026,
                        -0.11254675745616777,
                        -1.380008917366649,
                        1.584556005474588,
                        3.100603451597364,
                        2.4642960314263896e-06
                    ],
                    [
                        -3.077202661146722e-06,
                        -1.647354968959831e-06,
                        -2.874101290494994e-06,
                        -7.93397278301014e-07,
                        2.4642960314263896e-06,
                        1.0107796017624613e-06
                    ]
                ]
            },
            "est_tgt": [
                5
            ],
            "oracle_est_tgt": [
                5
            ],
            "intv_base_est_tgt": [
                1,
                2,
                3,
                5
            ]
        },
        "obs": {
            "intv_type": "obs",
            "true_params": {
                "Si": [
                    [
                        1.0,
                        -0.5335464681211782,
                        0.4700533766986006,
                        -0.6975303686999413,
                        -0.11052962557008031,
                        -0.5825465234068227
                    ],
                    [
                        -0.5335464681211782,
                        1.2846718336445835,
                        0.28190083239624186,
                        0.7034426140771495,
                        -0.12523594262028787,
                        0.19254539492773348
                    ],
                    [
                        0.4700533766986006,
                        0.28190083239624186,
                        1.504715366621871,
                        -0.8418448801020805,
                        -1.4108104327660012,
                        -0.11779674594056438
                    ],
                    [
                        -0.6975303686999413,
                        0.7034426140771495,
                        -0.8418448801020805,
                        2.0729992398573285,
                        1.5837058950039828,
                        0.9145573453079714
                    ],
                    [
                        -0.11052962557008031,
                        -0.12523594262028787,
                        -1.4108104327660012,
                        1.5837058950039828,
                        3.1216408912344806,
                        0.2970970376277737
                    ],
                    [
                        -0.5825465234068227,
                        0.19254539492773348,
