{
    "expt_args": {
        "save_dir": "all_expt_logs/expt_logs_11.05.24-all_intv_weight_error_all_comp_utigsp_large_sample",
        "exp_name": "216",
        "num_nodes": 6,
        "obs_noise_mean": 0.0,
        "obs_noise_var": 1.0,
        "max_edge_strength": 1.0,
        "graph_sparsity_method": "adj_dense_prop",
        "adj_dense_prop": 0.8,
        "num_parents": null,
        "new_noise_mean": 1.0,
        "mix_samples": 131072,
        "stage2_samples": 131072,
        "gmm_tol": 0.001,
        "intv_type": "do",
        "new_noise_var": null,
        "intv_targets": [
            0,
            1,
            2,
            3,
            4,
            5
        ]
    },
    "intv_args_dict": {
        "0": {
            "intv_type": "do",
            "inode": 0,
            "new_mui": 1.0,
            "new_vari": null,
            "true_params": {
                "Si": [
                    [
                        1e-09,
                        -9.721921087766413e-10,
                        7.56768252154193e-10,
                        1.1789179363770963e-10,
                        8.663091686999565e-11,
                        -1.1119982317590646e-09
                    ],
                    [
                        -9.721921087766413e-10,
                        1.0000000009451575,
                        -0.7784143134238543,
                        -0.12126388672037795,
                        -0.08910884604986924,
                        0.3035589489019269
                    ],
                    [
                        7.56768252154193e-10,
                        -0.7784143134238543,
                        1.6059288427704321,
                        -0.8418767453515483,
                        1.867340375371636,
                        -0.8274505181483244
                    ],
                    [
                        1.1789179363770963e-10,
                        -0.12126388672037795,
                        -0.8418767453515483,
                        1.8913069868697716,
                        -2.560908434574178,
                        1.1410333209565762
                    ],
                    [
                        8.663091686999565e-11,
                        -0.08910884604986924,
                        1.867340375371636,
                        -2.560908434574178,
                        5.029776635009833,
                        -2.347425093486017
                    ],
                    [
                        -1.1119982317590646e-09,
                        0.3035589489019269,
                        -0.8274505181483244,
                        1.1410333209565762,
                        -2.347425093486017,
                        2.3254482365798497
                    ]
                ],
                "mui": [
                    1.0,
                    -0.9721921087766412,
                    0.756768252154193,
                    0.11789179363770963,
                    0.08663091686999565,
                    -1.1119982317590644
                ],
                "Ai": [
                    [
                        0.0,
                        0.0,
                        0.0,
                        0.0,
                        0.0,
                        0.0
                    ],
                    [
                        -0.9721921087766412,
                        0.0,
                        0.0,
                        0.0,
                        0.0,
                        0.0
                    ],
                    [
                        0.0,
                        -0.7784143126881301,
                        0.0,
                        0.0,
                        0.0,
                        0.0
                    ],
                    [
                        -0.0,
                        -0.8500700811875856,
                        -0.9362702903868826,
                        0.0,
                        0.0,
                        0.0
                    ],
                    [
                        0.0,
                        0.5553261537054874,
                        0.9662673868003511,
                        -0.8883218830699704,
                        0.0,
                        0.0
                    ],
                    [
                        -0.816880618139093,
                        0.7644608281114922,
                        0.6725628738973692,
                        -0.0,
                        -0.7028559988070994,
                        0.0
                    ]
                ]
            },
            "est_params": {
                "mui": [
                    0.9999996076516537,
                    -0.9724770075706612,
                    0.7607499902458319,
                    0.10657596976722543,
                    0.10415921556855721,
                    -1.1113568511079297
                ],
                "Si": [
                    [
                        1.011957294050083e-06,
                        5.679793737496341e-07,
                        -7.008772247384515e-07,
                        2.848830386590079e-07,
                        -1.5058692578139703e-06,
                        1.4531087386403042e-06
                    ],
                    [
                        5.679793737496346e-07,
                        1.0093247461033705,
                        -0.7809984151274559,
                        -0.12610866660573516,
                        -0.0898657971976803,
                        0.3095480035258641
                    ],
                    [
                        -7.008772247384522e-07,
                        -0.7809984151274559,
                        1.6009801363857097,
                        -0.8348353678175009,
                        1.8678486964499526,
                        -0.8277009516642474
                    ],
                    [
                        2.8488303865900746e-07,
                        -0.12610866660573516,
                        -0.8348353678175009,
                        1.8945093980286736,
                        -2.5779328377694295,
                        1.1516698004942976
                    ],
                    [
                        -1.5058692578139703e-06,
                        -0.08986579719768029,
                        1.8678486964499526,
                        -2.5779328377694295,
                        5.079159814895782,
                        -2.3663338927685555
                    ],
                    [
                        1.4531087386403042e-06,
                        0.3095480035258641,
                        -0.8277009516642474,
                        1.1516698004942978,
                        -2.3663338927685555,
                        2.3406642039978824
                    ]
                ]
            },
            "est_tgt": [
                0
            ],
            "oracle_est_tgt": [
                0
            ],
            "intv_base_est_tgt": [
                0,
                5
            ]
        },
        "1": {
            "intv_type": "do",
            "inode": 1,
            "new_mui": 1.0,
            "new_vari": null,
            "true_params": {
                "Si": [
                    [
                        1.0,
                        0.0,
                        0.0,
                        0.0,
                        0.0,
                        -0.816880618139093
                    ],
                    [
                        0.0,
                        1e-09,
                        -7.784143126881302e-10,
                        -1.2126388660576448e-10,
                        -8.910884596564735e-11,
                        3.0355894782085105e-10
                    ],
                    [
                        0.0,
                        -7.784143126881302e-10,
                        1.0000000006059289,
                        -0.9362702902924891,
                        1.7979767742886583,
                        -0.5911558878147943
                    ],
                    [
                        0.0,
                        -1.2126388660576448e-10,
                        -0.9362702902924891,
                        1.8766020566758423,
                        -2.5717141195663342,
                        1.1778440588775738
                    ],
                    [
                        0.0,
                        -8.910884596564735e-11,
                        1.7979767742886583,
                        -2.5717141195663342,
                        5.021836248580939,
                        -2.3203753058938714
                    ],
                    [
                        -0.816880618139093,
                        3.0355894782085105e-10,
                        -0.5911558878147943,
                        1.1778440588775738,
                        -2.3203753058938714,
                        2.9005941449246624
                    ]
                ],
                "mui": [
                    0.0,
                    1.0,
                    -0.7784143126881301,
                    -0.12126388660576448,
                    -0.08910884596564735,
                    0.303558947820851
                ],
                "Ai": [
                    [
                        0.0,
                        0.0,
                        0.0,
                        0.0,
                        0.0,
                        0.0
                    ],
                    [
                        0.0,
                        0.0,
                        0.0,
                        0.0,
                        0.0,
                        0.0
                    ],
                    [
                        0.0,
                        -0.7784143126881301,
                        0.0,
                        0.0,
                        0.0,
                        0.0
                    ],
                    [
                        -0.0,
                        -0.8500700811875856,
                        -0.9362702903868826,
                        0.0,
                        0.0,
                        0.0
                    ],
                    [
                        0.0,
                        0.5553261537054874,
                        0.9662673868003511,
                        -0.8883218830699704,
                        0.0,
                        0.0
                    ],
                    [
                        -0.816880618139093,
                        0.7644608281114922,
                        0.6725628738973692,
                        -0.0,
                        -0.7028559988070994,
                        0.0
                    ]
                ]
            },
            "est_params": {
                "mui": [
                    0.0012823519081097982,
                    1.0000000512329117,
                    -0.7963384139728814,
                    -0.1118433150933983,
                    -0.11145505713670245,
                    0.3008439435770762
                ],
                "Si": [
                    [
                        0.9946463076262545,
                        4.3155826643084266e-07,
                        -0.008137197628926203,
                        -0.0024094884150094847,
                        -0.006570394503235963,
                        -0.8099606481197783
                    ],
                    [
                        4.3155826643084266e-07,
                        1.0153459460855652e-06,
                        -1.2182013590618192e-06,
                        1.2231810938905083e-06,
                        -2.0378653531324632e-06,
                        9.70002612839766e-07
                    ],
                    [
                        -0.008137197628926205,
                        -1.218201359061819e-06,
                        0.9950842491122857,
                        -0.92743255762649,
                        1.7884793588947017,
                        -0.5761905343692132
                    ],
                    [
                        -0.0024094884150094777,
                        1.2231810938905085e-06,
                        -0.92743255762649,
                        1.8550540657988566,
                        -2.538938825215905,
                        1.1568636166568305
                    ],
                    [
                        -0.006570394503235968,
                        -2.037865353132463e-06,
                        1.7884793588947017,
                        -2.538938825215905,
                        4.968161021543127,
                        -2.2734394011397567
                    ],
                    [
                        -0.8099606481197783,
                        9.700026128397658e-07,
                        -0.5761905343692132,
                        1.1568636166568305,
                        -2.273439401139757,
                        2.872865823544446
                    ]
                ]
            },
            "est_tgt": [
                1
            ],
            "oracle_est_tgt": [
                1
            ],
            "intv_base_est_tgt": [
                1,
                5
            ]
        },
        "2": {
            "intv_type": "do",
            "inode": 2,
            "new_mui": 1.0,
            "new_vari": null,
            "true_params": {
                "Si": [
                    [
                        1.0,
                        -0.9721921087766412,
                        0.0,
                        0.8264314248376895,
                        -1.2740208239697741,
                        -0.6646302239656227
                    ],
                    [
                        -0.9721921087766412,
                        1.9451574963675724,
                        0.0,
                        -1.6535201908598234,
                        2.549055000448015,
                        0.48954300289372177
                    ],
                    [
                        0.0,
                        0.0,
                        1e-09,
                        -9.362702903868827e-10,
                        1.7979767742192948e-09,
                        -5.911558875784997e-10
                    ],
                    [
                        0.8264314248376895,
                        -1.6535201908598234,
                        -9.362702903868827e-10,
                        2.405608043766124,
                        -3.0551972759358277,
                        0.2082165047261485
                    ],
                    [
                        -1.2740208239697741,
                        2.549055000448015,
                        1.7979767742192948e-09,
                        -3.0551972759358277,
                        5.12955550802942,
                        -0.6159632440724888
                    ],
                    [
                        -0.6646302239656227,
                        0.48954300289372177,
                        -5.911558875784997e-10,
                        0.2082165047261485,
                        -0.6159632440724888,
                        2.3500934583187236
                    ]
                ],
                "mui": [
                    0.0,
                    0.0,
                    1.0,
                    -0.9362702903868826,
                    1.7979767742192947,
                    -0.5911558875784997
                ],
                "Ai": [
                    [
                        0.0,
                        0.0,
                        0.0,
                        0.0,
                        0.0,
                        0.0
                    ],
                    [
                        -0.9721921087766412,
                        0.0,
                        0.0,
                        0.0,
                        0.0,
                        0.0
                    ],
                    [
                        0.0,
                        0.0,
                        0.0,
                        0.0,
                        0.0,
                        0.0
                    ],
                    [
                        -0.0,
                        -0.8500700811875856,
                        -0.9362702903868826,
                        0.0,
                        0.0,
                        0.0
                    ],
                    [
                        0.0,
                        0.5553261537054874,
                        0.9662673868003511,
                        -0.8883218830699704,
                        0.0,
                        0.0
                    ],
                    [
                        -0.816880618139093,
                        0.7644608281114922,
                        0.6725628738973692,
                        -0.0,
                        -0.7028559988070994,
                        0.0
                    ]
                ]
            },
            "est_params": {
                "mui": [
                    0.007217222260224157,
                    -0.013632750006080751,
                    1.0000001692444762,
                    -0.9186062219636553,
                    1.7793339992230996,
                    -0.5945586741647013
                ],
                "Si": [
                    [
                        1.005488595362443,
                        -0.992551863669133,
                        -5.646786227465272e-07,
                        0.8452357521600834,
                        -1.308781802662695,
                        -0.6617949331878086
                    ],
                    [
                        -0.992551863669133,
                        1.9847990069074397,
                        9.393983637066751e-07,
                        -1.689558372712834,
                        2.5980114962948737,
                        0.5045615977839014
                    ],
                    [
                        -5.646786227465273e-07,
                        9.393983637066753e-07,
                        1.0097654322574794e-06,
                        -3.8477832407470184e-07,
                        2.714224589043984e-06,
                        -1.7359818337589007e-06
                    ],
                    [
                        0.8452357521600835,
                        -1.689558372712834,
                        -3.8477832407470157e-07,
                        2.447481896472001,
                        -3.1057963554347117,
                        0.2009423431046615
                    ],
                    [
                        -1.308781802662695,
                        2.5980114962948737,
                        2.7142245890439842e-06,
                        -3.105796355434712,
                        5.200176620099314,
                        -0.5892827401722938
                    ],
                    [
                        -0.6617949331878086,
                        0.5045615977839014,
                        -1.7359818337589007e-06,
                        0.2009423431046615,
                        -0.5892827401722938,
                        2.3434089932584414
                    ]
                ]
            },
            "est_tgt": [
                2
            ],
            "oracle_est_tgt": [
                2
            ],
            "intv_base_est_tgt": [
                2,
                5
            ]
        },
        "3": {
            "intv_type": "do",
            "inode": 3,
            "new_mui": 1.0,
            "new_vari": null,
            "true_params": {
                "Si": [
                    [
                        1.0,
                        -0.9721921087766412,
                        0.756768252154193,
                        0.0,
                        0.19135677699274223,
                        -1.1856054307765702
                    ],
                    [
                        -0.9721921087766412,
                        1.9451574963675724,
                        -1.514138435605128,
                        0.0,
                        -0.38286575861693894,
                        1.5319077987005372
                    ],
                    [
                        0.756768252154193,
                        -1.514138435605128,
                        2.178627029666246,
                        0.0,
                        1.264295573145975,
                        -1.1990429115939825
                    ],
                    [
                        0.0,
                        0.0,
                        0.0,
                        1e-09,
                        -8.883218830699704e-10,
                        6.243623643873474e-10
                    ],
                    [
                        0.19135677699274223,
                        -0.38286575861693894,
                        1.264295573145975,
                        -8.883218830699704e-10,
                        2.0090322112778507,
                        -1.0107435945253265
                    ],
                    [
                        -1.1856054307765702,
                        1.5319077987005372,
                        -1.1990429115939825,
                        6.243623643873474e-10,
                        -1.0107435945253265,
                        3.0435570536669543
                    ]
                ],
                "mui": [
                    0.0,
                    0.0,
                    0.0,
                    1.0,
                    -0.8883218830699704,
                    0.6243623643873474
                ],
                "Ai": [
                    [
                        0.0,
                        0.0,
                        0.0,
                        0.0,
                        0.0,
                        0.0
                    ],
                    [
                        -0.9721921087766412,
                        0.0,
                        0.0,
                        0.0,
                        0.0,
                        0.0
                    ],
                    [
                        0.0,
                        -0.7784143126881301,
                        0.0,
                        0.0,
                        0.0,
                        0.0
                    ],
                    [
                        0.0,
                        0.0,
                        0.0,
                        0.0,
                        0.0,
                        0.0
                    ],
                    [
                        0.0,
                        0.5553261537054874,
                        0.9662673868003511,
                        -0.8883218830699704,
                        0.0,
                        0.0
                    ],
                    [
                        -0.816880618139093,
                        0.7644608281114922,
                        0.6725628738973692,
                        -0.0,
                        -0.7028559988070994,
                        0.0
                    ]
                ]
            },
            "est_params": {
                "mui": [
                    -0.006235029607130685,
                    0.0006006043333596463,
                    0.0028132278093486586,
                    1.000001307516393,
                    -0.8861804091174724,
                    0.634177556806295
                ],
                "Si": [
                    [
                        1.0006368173384537,
                        -0.9669754601080159,
                        0.7566101292898164,
                        1.2281898545711336e-06,
                        0.1853910118431791,
                        -1.1706533487645352
                    ],
                    [
                        -0.9669754601080159,
                        1.9299058657939046,
                        -1.506471946228053,
                        -1.3779894564106363e-06,
                        -0.3723955463803107,
                        1.4982439380634542
                    ],
                    [
                        0.7566101292898165,
                        -1.506471946228053,
                        2.1537056000884496,
                        3.1489209987526506e-07,
                        1.2357171075992157,
                        -1.1752508380644509
                    ],
                    [
                        1.2281898545711338e-06,
                        -1.3779894564106363e-06,
                        3.1489209987526543e-07,
                        1.0109401104826258e-06,
                        -2.558015471044104e-07,
                        -2.087965577628659e-06
                    ],
                    [
                        0.18539101184317913,
                        -0.3723955463803107,
                        1.2357171075992157,
                        -2.5580154710441005e-07,
                        1.9855330931961883,
                        -1.0075850303807141
                    ],
                    [
                        -1.1706533487645352,
                        1.4982439380634542,
                        -1.1752508380644509,
                        -2.087965577628659e-06,
                        -1.0075850303807141,
                        3.0199290547008455
                    ]
                ]
            },
            "est_tgt": [
                3
            ],
            "oracle_est_tgt": [
                3
            ],
            "intv_base_est_tgt": [
                3,
                5
            ]
        },
        "4": {
            "intv_type": "do",
            "inode": 4,
            "new_mui": 1.0,
            "new_vari": null,
            "true_params": {
                "Si": [
                    [
                        1.0,
                        -0.9721921087766412,
                        0.756768252154193,
                        0.11789179363770963,
                        0.0,
                        -1.051109172154829
                    ],
                    [
                        -0.9721921087766412,
                        1.9451574963675724,
                        -1.514138435605128,
                        -0.23587735806987004,
                        0.0,
                        1.2628083035187907
                    ],
                    [
                        0.756768252154193,
                        -1.514138435605128,
                        2.178627029666246,
                        -0.7526599788262327,
                        0.0,
                        -0.3104251837430738
                    ],
                    [
                        0.11789179363770963,
                        -0.23587735806987004,
                        -0.7526599788262327,
                        1.9052054618629894,
                        0.0,
                        -0.7828336801700466
                    ],
                    [
                        0.0,
                        0.0,
                        0.0,
                        0.0,
                        1e-09,
                        -7.028559988070994e-10
                    ],
                    [
                        -1.051109172154829,
                        1.2628083035187907,
                        -0.3104251837430738,
                        -0.7828336801700466,
                        -7.028559988070994e-10,
                        2.6152177385211965
                    ]
                ],
                "mui": [
                    0.0,
                    0.0,
                    0.0,
                    0.0,
                    1.0,
                    -0.7028559988070994
                ],
                "Ai": [
                    [
                        0.0,
                        0.0,
                        0.0,
                        0.0,
                        0.0,
                        0.0
                    ],
                    [
                        -0.9721921087766412,
                        0.0,
                        0.0,
                        0.0,
                        0.0,
                        0.0
                    ],
                    [
                        0.0,
                        -0.7784143126881301,
                        0.0,
                        0.0,
                        0.0,
                        0.0
                    ],
                    [
                        -0.0,
                        -0.8500700811875856,
                        -0.9362702903868826,
                        0.0,
                        0.0,
                        0.0
                    ],
                    [
                        0.0,
                        0.0,
                        0.0,
                        0.0,
                        0.0,
                        0.0
                    ],
                    [
                        -0.816880618139093,
                        0.7644608281114922,
                        0.6725628738973692,
                        -0.0,
                        -0.7028559988070994,
                        0.0
                    ]
                ]
            },
            "est_params": {
                "mui": [
                    -0.0034077348508670616,
                    -0.005333674906095518,
                    0.01231485244060084,
                    -0.009557342491347293,
                    0.9999999778414757,
                    -0.6954010199985702
                ],
                "Si": [
                    [
                        1.0237920303526415,
                        -0.9964706336366579,
                        0.7760587922541029,
                        0.11065247359982253,
                        7.021411562762368e-08,
                        -1.0622096570687578
                    ],
                    [
                        -0.9964706336366579,
                        1.9676871339288136,
                        -1.5344445455874007,
                        -0.22710441913766782,
                        -2.25558107522485e-07,
                        1.2844475821772041
                    ],
                    [
                        0.7760587922541029,
                        -1.5344445455874007,
                        2.1938487768290504,
                        -0.7666209768997558,
                        1.9801128812514324e-07,
                        -0.32661510360849405
                    ],
                    [
                        0.11065247359982253,
                        -0.22710441913766782,
                        -0.7666209768997558,
                        1.9131362237121599,
                        -5.642409746751236e-07,
                        -0.7819108182727892
                    ],
                    [
                        7.021411562762361e-08,
                        -2.255581075224851e-07,
                        1.980112881251432e-07,
                        -5.642409746751235e-07,
                        1.008434149445513e-06,
                        1.6985349750087333e-07
                    ],
                    [
                        -1.062209657068758,
                        1.2844475821772041,
                        -0.32661510360849405,
                        -0.7819108182727892,
                        1.6985349750087322e-07,
                        2.6093704585746145
                    ]
                ]
            },
            "est_tgt": [
                4
            ],
            "oracle_est_tgt": [
                4
            ],
            "intv_base_est_tgt": [
                4,
                5
            ]
        },
        "5": {
            "intv_type": "do",
            "inode": 5,
            "new_mui": 1.0,
            "new_vari": null,
            "true_params": {
                "Si": [
                    [
                        1.0,
                        -0.9721921087766412,
                        0.756768252154193,
                        0.11789179363770963,
                        0.08663091686999565,
                        0.0
                    ],
                    [
                        -0.9721921087766412,
                        1.9451574963675724,
                        -1.514138435605128,
                        -0.23587735806987004,
                        -0.17333073972274232,
                        0.0
                    ],
                    [
                        0.756768252154193,
                        -1.514138435605128,
                        2.178627029666246,
                        -0.7526599788262327,
                        1.9328999028482983,
                        0.0
                    ],
                    [
                        0.11789179363770963,
                        -0.23587735806987004,
                        -0.7526599788262327,
                        1.9052054618629894,
                        -2.550695360410108,
                        0.0
                    ],
                    [
                        0.08663091686999565,
                        -0.17333073972274232,
                        1.9328999028482983,
                        -2.550695360410108,
                        5.037281550760064,
                        0.0
                    ],
                    [
                        0.0,
                        0.0,
                        0.0,
                        0.0,
                        0.0,
                        1e-09
                    ]
                ],
                "mui": [
                    0.0,
                    0.0,
                    0.0,
                    0.0,
                    0.0,
                    1.0
                ],
                "Ai": [
                    [
                        0.0,
                        0.0,
                        0.0,
                        0.0,
                        0.0,
                        0.0
                    ],
                    [
                        -0.9721921087766412,
                        0.0,
                        0.0,
                        0.0,
                        0.0,
                        0.0
                    ],
                    [
                        0.0,
                        -0.7784143126881301,
                        0.0,
                        0.0,
                        0.0,
                        0.0
                    ],
                    [
                        -0.0,
                        -0.8500700811875856,
                        -0.9362702903868826,
                        0.0,
                        0.0,
                        0.0
                    ],
                    [
                        0.0,
                        0.5553261537054874,
                        0.9662673868003511,
                        -0.8883218830699704,
                        0.0,
                        0.0
                    ],
                    [
                        0.0,
                        0.0,
                        0.0,
                        0.0,
                        0.0,
                        0.0
                    ]
                ]
            },
            "est_params": {
                "mui": [
                    -0.00492483164715332,
                    0.0049240954714045646,
                    0.014243762521138159,
                    -0.02092725984816753,
                    0.03318287530522786,
                    1.000000309505343
                ],
                "Si": [
                    [
                        1.0006436914739156,
                        -0.9766047042412848,
                        0.7604198759040934,
                        0.1128459647540251,
                        0.10380427613334474,
                        -1.2469535426580475e-06
                    ],
                    [
                        -0.9766047042412848,
                        1.9548872975619676,
                        -1.509176712118166,
                        -0.23247749030572243,
                        -0.18182179593098505,
                        -9.342141586414297e-09
                    ],
                    [
                        0.7604198759040934,
                        -1.509176712118166,
                        2.158583506671923,
                        -0.7515528066190685,
                        1.9132896295914341,
                        -2.6637817141459236e-07
                    ],
                    [
                        0.1128459647540251,
                        -0.23247749030572248,
                        -0.7515528066190685,
                        1.918331403611873,
                        -2.538626038912628,
                        -3.3665792786479655e-07
                    ],
                    [
                        0.10380427613334471,
                        -0.18182179593098502,
                        1.9132896295914341,
                        -2.538626038912629,
                        4.960507450929444,
                        8.933810095281287e-07
                    ],
                    [
                        -1.2469535426580477e-06,
                        -9.342141586414065e-09,
                        -2.6637817141459247e-07,
                        -3.366579278647969e-07,
                        8.93381009528129e-07,
                        1.0094582015413893e-06
                    ]
                ]
            },
            "est_tgt": [
                5
            ],
            "oracle_est_tgt": [
                5
            ],
            "intv_base_est_tgt": []
        },
        "obs": {
            "intv_type": "obs",
            "true_params": {
                "Si": [
                    [
                        1.0,
                        -0.9721921087766412,
                        0.756768252154193,
                        0.11789179363770963,
                        0.08663091686999565,
                        -1.1119982317590644
                    ],
                    [
                        -0.9721921087766412,
                        1.9451574963675724,
                        -1.514138435605128,
                        -0.23587735806987004,
                        -0.17333073972274232,
                        1.3846348537105921
                    ],
                    [
                        0.756768252154193,
                        -1.514138435605128,
                        2.178627029666246,
                        -0.7526599788262327,
                        1.9328999028482983,
                        -1.6689754755536597
                    ],
                    [
                        0.11789179363770963,
                        -0.23587735806987004,
                        -0.7526599788262327,
                        1.9052054618629894,
                        -2.550695360410108,
                        1.009937855023634
                    ],
                    [
                        0.08663091686999565,
                        -0.17333073972274232,
                        1.9328999028482983,
                        -2.550695360410108,
                        5.037281550760064,
                        -2.4437585197647853
                    ],
                    [
                        -1.1119982317590644,
                        1.3846348537105921,
                        -1.6689754755536597,
                        1.009937855023634,
                        -2.4437585197647853,
                        3.561988302778596
                    ]
                ],
                "mui": [
                    0.0,
                    0.0,
                    0.0,
                    0.0,
                    0.0,
