{
    "expt_args": {
        "save_dir": "all_expt_logs/expt_logs_11.05.24-all_intv_weight_error_all_comp_utigsp_large_sample",
        "exp_name": "54",
        "num_nodes": 6,
        "obs_noise_mean": 0.0,
        "obs_noise_var": 1.0,
        "max_edge_strength": 1.0,
        "graph_sparsity_method": "adj_dense_prop",
        "adj_dense_prop": 0.8,
        "num_parents": null,
        "new_noise_mean": 1.0,
        "mix_samples": 1048576,
        "stage2_samples": 1048576,
        "gmm_tol": 0.001,
        "intv_type": "do",
        "new_noise_var": null,
        "intv_targets": [
            0,
            1,
            2,
            3,
            4,
            5
        ]
    },
    "intv_args_dict": {
        "0": {
            "intv_type": "do",
            "inode": 0,
            "new_mui": 1.0,
            "new_vari": null,
            "true_params": {
                "Si": [
                    [
                        1e-09,
                        0.0,
                        5.165384508825593e-10,
                        1.0621680766530903e-09,
                        1.0750323315806483e-09,
                        1.6750737648363973e-09
                    ],
                    [
                        0.0,
                        1.0,
                        0.0,
                        0.5388425797110554,
                        -0.6523672938031045,
                        -1.0469772714875418
                    ],
                    [
                        5.165384508825593e-10,
                        0.0,
                        1.000000000266812,
                        0.767585401932377,
                        -0.41267436385986656,
                        0.31028422867867334
                    ],
                    [
                        1.0621680766530903e-09,
                        0.5388425797110554,
                        0.767585401932377,
                        1.8795386752552825,
                        -0.1509715358499999,
                        0.01859290315623041
                    ],
                    [
                        1.0750323315806483e-09,
                        -0.6523672938031045,
                        -0.41267436385986656,
                        -0.1509715358499999,
                        1.8634975682510266,
                        1.399315417898362
                    ],
                    [
                        1.6750737648363973e-09,
                        -1.0469772714875418,
                        0.31028422867867334,
                        0.01859290315623041,
                        1.399315417898362,
                        2.754851352371986
                    ]
                ],
                "mui": [
                    1.0,
                    0.0,
                    0.5165384508825592,
                    1.0621680766530903,
                    1.0750323315806483,
                    1.6750737648363971
                ],
                "Ai": [
                    [
                        0.0,
                        0.0,
                        0.0,
                        0.0,
                        0.0,
                        0.0
                    ],
                    [
                        0.0,
                        0.0,
                        0.0,
                        0.0,
                        0.0,
                        0.0
                    ],
                    [
                        0.5165384508825592,
                        -0.0,
                        0.0,
                        0.0,
                        0.0,
                        0.0
                    ],
                    [
                        0.6656807025022728,
                        0.5388425797110554,
                        0.7675854013837263,
                        0.0,
                        0.0,
                        0.0
                    ],
                    [
                        0.9438281913283666,
                        -0.9311184037720999,
                        -0.8097574656549444,
                        0.5173145561705064,
                        0.0,
                        0.0
                    ],
                    [
                        0.6567437140775637,
                        -0.6124405044362116,
                        0.5851634037950078,
                        0.0,
                        0.666092201707587,
                        0.0
                    ]
                ]
            },
            "est_params": {
                "mui": [
                    1.0000000624677479,
                    0.0002942074811131382,
                    0.5131274831447127,
                    1.060176757097552,
                    1.078532532529881,
                    1.6743400048320314
                ],
                "Si": [
                    [
                        1.0137199475410385e-06,
                        5.032975752784277e-07,
                        -1.7547454211158442e-08,
                        2.898373302424004e-07,
                        -4.09115125400939e-07,
                        -4.6690375862425455e-07
                    ],
                    [
                        5.032975752784279e-07,
                        0.996540779322188,
                        -0.00016262815770546143,
                        0.536426362998765,
                        -0.6529248971674894,
                        -1.0430621965689804
                    ],
                    [
                        -1.7547454211158422e-08,
                        -0.0001626281577054608,
                        1.0014729292865814,
                        0.7686671310387835,
                        -0.4115000699207116,
                        0.31333590699499886
                    ],
                    [
                        2.898373302424005e-07,
                        0.536426362998765,
                        0.7686671310387836,
                        1.8764353450534565,
                        -0.1533670466299285,
                        0.019681393617262878
                    ],
                    [
                        -4.091151254009391e-07,
                        -0.6529248971674894,
                        -0.4115000699207116,
                        -0.1533670466299285,
                        1.8653848649559681,
                        1.3985666271124633
                    ],
                    [
                        -4.6690375862425476e-07,
                        -1.0430621965689804,
                        0.31333590699499886,
                        0.01968139361726288,
                        1.3985666271124633,
                        2.747838982138587
                    ]
                ]
            },
            "est_tgt": [
                0
            ],
            "oracle_est_tgt": [
                0
            ],
            "intv_base_est_tgt": []
        },
        "1": {
            "intv_type": "do",
            "inode": 1,
            "new_mui": 1.0,
            "new_vari": null,
            "true_params": {
                "Si": [
                    [
                        1.0,
                        0.0,
                        0.5165384508825592,
                        1.0621680766530903,
                        1.0750323315806483,
                        1.6750737648363971
                    ],
                    [
                        0.0,
                        1e-09,
                        0.0,
                        5.388425797110555e-10,
                        -6.523672938031045e-10,
                        -1.046977271487542e-09
                    ],
                    [
                        0.5165384508825592,
                        0.0,
                        1.266811971240154,
                        1.3162360542750209,
                        0.14262117078817177,
                        1.1755242354160422
                    ],
                    [
                        1.0621680766530903,
                        5.388425797110555e-10,
                        1.3162360542750209,
                        2.717388371768693,
                        1.3424167621435013,
                        2.361958713728381
                    ],
                    [
                        1.0750323315806483,
                        -6.523672938031045e-10,
                        0.14262117078817177,
                        1.3424167621435013,
                        2.593608995440654,
                        2.5170601424885777
                    ],
                    [
                        1.6750737648363971,
                        -1.046977271487542e-09,
                        1.1755242354160422,
                        2.361958713728381,
                        2.5170601424885777,
                        4.464562061293959
                    ]
                ],
                "mui": [
                    0.0,
                    1.0,
                    0.0,
                    0.5388425797110554,
                    -0.6523672938031045,
                    -1.0469772714875418
                ],
                "Ai": [
                    [
                        0.0,
                        0.0,
                        0.0,
                        0.0,
                        0.0,
                        0.0
                    ],
                    [
                        0.0,
                        0.0,
                        0.0,
                        0.0,
                        0.0,
                        0.0
                    ],
                    [
                        0.5165384508825592,
                        -0.0,
                        0.0,
                        0.0,
                        0.0,
                        0.0
                    ],
                    [
                        0.6656807025022728,
                        0.5388425797110554,
                        0.7675854013837263,
                        0.0,
                        0.0,
                        0.0
                    ],
                    [
                        0.9438281913283666,
                        -0.9311184037720999,
                        -0.8097574656549444,
                        0.5173145561705064,
                        0.0,
                        0.0
                    ],
                    [
                        0.6567437140775637,
                        -0.6124405044362116,
                        0.5851634037950078,
                        0.0,
                        0.666092201707587,
                        0.0
                    ]
                ]
            },
            "est_params": {
                "mui": [
                    0.0013827496153192057,
                    1.0000002148705218,
                    0.000625206425984593,
                    0.5368529597297618,
                    -0.6548094234139471,
                    -1.0464137211791174
                ],
                "Si": [
                    [
                        0.9978740189341088,
                        -1.652519093807052e-07,
                        0.5158182578250127,
                        1.0592157155530597,
                        1.073254769384251,
                        1.6694571188782787
                    ],
                    [
                        -1.6525190938070527e-07,
                        1.0111264133941798e-06,
                        2.975571708046955e-07,
                        3.375582023473008e-07,
                        1.0002193840107197e-08,
                        -3.9233229314569033e-07
                    ],
                    [
                        0.5158182578250127,
                        2.9755717080469557e-07,
                        1.2570392311724798,
                        1.3094639368407028,
                        0.145384046226599,
                        1.1738160451130555
                    ],
                    [
                        1.0592157155530597,
                        3.375582023473009e-07,
                        1.309463936840703,
                        2.7099740234401404,
                        1.3428087393235972,
                        2.3522782380474316
                    ],
                    [
                        1.073254769384251,
                        1.0002193840107359e-08,
                        0.145384046226599,
                        1.3428087393235972,
                        2.596175959966736,
                        2.515131340911114
                    ],
                    [
                        1.6694571188782783,
                        -3.923322931456902e-07,
                        1.1738160451130555,
                        2.3522782380474316,
                        2.515131340911114,
                        4.453348187107229
                    ]
                ]
            },
            "est_tgt": [
                1
            ],
            "oracle_est_tgt": [
                1
            ],
            "intv_base_est_tgt": [
                0,
                1,
                2,
                3,
                4,
                5
            ]
        },
        "2": {
            "intv_type": "do",
            "inode": 2,
            "new_mui": 1.0,
            "new_vari": null,
            "true_params": {
                "Si": [
                    [
                        1.0,
                        0.0,
                        0.0,
                        0.6656807025022728,
                        1.2881945084946007,
                        1.514800030468355
                    ],
                    [
                        0.0,
                        1.0,
                        0.0,
                        0.5388425797110554,
                        -0.6523672938031045,
                        -1.0469772714875418
                    ],
                    [
                        0.0,
                        0.0,
                        1e-09,
                        7.675854013837264e-10,
                        -4.126743644151621e-10,
                        3.1028422781343337e-10
                    ],
                    [
                        0.6656807025022728,
                        0.5388425797110554,
                        7.675854013837264e-10,
                        1.733482123982772,
                        1.0233175057160144,
                        0.7887964064986154
                    ],
                    [
                        1.2881945084946007,
                        -0.6523672938031045,
                        -4.126743644151621e-10,
                        1.0233175057160144,
                        3.35264252793582,
                        3.4787188431873037
                    ],
                    [
                        1.514800030468355,
                        -1.0469772714875418,
                        3.1028422781343337e-10,
                        0.7887964064986154,
                        3.4787188431873037,
                        4.9531941799395405
                    ]
                ],
                "mui": [
                    0.0,
                    0.0,
                    1.0,
                    0.7675854013837263,
                    -0.4126743644151621,
                    0.31028422781343334
                ],
                "Ai": [
                    [
                        0.0,
                        0.0,
                        0.0,
                        0.0,
                        0.0,
                        0.0
                    ],
                    [
                        0.0,
                        0.0,
                        0.0,
                        0.0,
                        0.0,
                        0.0
                    ],
                    [
                        0.0,
                        0.0,
                        0.0,
                        0.0,
                        0.0,
                        0.0
                    ],
                    [
                        0.6656807025022728,
                        0.5388425797110554,
                        0.7675854013837263,
                        0.0,
                        0.0,
                        0.0
                    ],
                    [
                        0.9438281913283666,
                        -0.9311184037720999,
                        -0.8097574656549444,
                        0.5173145561705064,
                        0.0,
                        0.0
                    ],
                    [
                        0.6567437140775637,
                        -0.6124405044362116,
                        0.5851634037950078,
                        0.0,
                        0.666092201707587,
                        0.0
                    ]
                ]
            },
            "est_params": {
                "mui": [
                    0.0007110632723211583,
                    0.0004936564149754927,
                    1.0000000092133492,
                    0.7699796495308341,
                    -0.41303058208978805,
                    0.3077211594573893
                ],
                "Si": [
                    [
                        1.001132367443518,
                        -0.0024476553147380546,
                        -1.0681201473564475e-07,
                        0.6657053676430664,
                        1.293720977497527,
                        1.5234216350710506
                    ],
                    [
                        -0.002447655314738055,
                        1.0028505455266865,
                        -4.2521593062244036e-07,
                        0.5397955540247346,
                        -0.6555154359270219,
                        -1.0463895929845615
                    ],
                    [
                        -1.0681201473564471e-07,
                        -4.2521593062244047e-07,
                        1.0125749243136363e-06,
                        -4.991450859543189e-07,
                        -8.138934925059166e-08,
                        1.7312759781277598e-07
                    ],
                    [
                        0.6657053676430664,
                        0.5397955540247346,
                        -4.991450859543189e-07,
                        1.7384627180964864,
                        1.0283897189773155,
                        0.7942702828375198
                    ],
                    [
                        1.293720977497527,
                        -0.6555154359270219,
                        -8.138934925059149e-08,
                        1.0283897189773155,
                        3.371308069358675,
                        3.4934243321312506
                    ],
                    [
                        1.5234216350710506,
                        -1.0463895929845615,
                        1.7312759781277614e-07,
                        0.7942702828375198,
                        3.493424332131251,
                        4.966621841450405
                    ]
                ]
            },
            "est_tgt": [
                2,
                5
            ],
            "oracle_est_tgt": [
                2
            ],
            "intv_base_est_tgt": [
                0,
                2,
                3,
                4,
                5
            ]
        },
        "3": {
            "intv_type": "do",
            "inode": 3,
            "new_mui": 1.0,
            "new_vari": null,
            "true_params": {
                "Si": [
                    [
                        1.0,
                        0.0,
                        0.5165384508825592,
                        0.0,
                        0.5255573244283744,
                        1.3090727475390471
                    ],
                    [
                        0.0,
                        1.0,
                        0.0,
                        0.0,
                        -0.9311184037720999,
                        -1.2326512120552235
                    ],
                    [
                        0.5165384508825592,
                        0.0,
                        1.266811971240154,
                        0.0,
                        -0.5382868994447293,
                        0.721976679754145
                    ],
                    [
                        0.0,
                        0.0,
                        0.0,
                        1e-09,
                        5.173145561705064e-10,
                        3.445791916949958e-10
                    ],
                    [
                        0.5255573244283744,
                        -0.9311184037720999,
                        -0.5382868994447293,
                        5.173145561705064e-10,
                        2.7988991365549474,
                        2.464750188029793
                    ],
                    [
                        1.3090727475390471,
                        -1.2326512120552235,
                        0.721976679754145,
                        3.445791916949958e-10,
                        2.464750188029793,
                        4.678876039111032
                    ]
                ],
                "mui": [
                    0.0,
                    0.0,
                    0.0,
                    1.0,
                    0.5173145561705064,
                    0.3445791916949958
                ],
                "Ai": [
                    [
                        0.0,
                        0.0,
                        0.0,
                        0.0,
                        0.0,
                        0.0
                    ],
                    [
                        0.0,
                        0.0,
                        0.0,
                        0.0,
                        0.0,
                        0.0
                    ],
                    [
                        0.5165384508825592,
                        -0.0,
                        0.0,
                        0.0,
                        0.0,
                        0.0
                    ],
                    [
                        0.0,
                        0.0,
                        0.0,
                        0.0,
                        0.0,
                        0.0
                    ],
                    [
                        0.9438281913283666,
                        -0.9311184037720999,
                        -0.8097574656549444,
                        0.5173145561705064,
                        0.0,
                        0.0
                    ],
                    [
                        0.6567437140775637,
                        -0.6124405044362116,
                        0.5851634037950078,
                        0.0,
                        0.666092201707587,
                        0.0
                    ]
                ]
            },
            "est_params": {
                "mui": [
                    -0.0032553788370140837,
                    -0.001931487352051201,
                    0.0014113037513549653,
                    1.0000002342654253,
                    0.5098662972996902,
                    0.34142452032159476
                ],
                "Si": [
                    [
                        0.9959323027418019,
                        0.00033038845655736687,
                        0.5140273112713096,
                        5.711064233375959e-08,
                        0.522044281836861,
                        1.2995422919510062
                    ],
                    [
                        0.00033038845655736676,
                        0.9986533684780122,
                        -0.000290622138611655,
                        4.0786707651975466e-07,
                        -0.9273680247813435,
                        -1.2303600706084499
                    ],
                    [
                        0.5140273112713096,
                        -0.0002906221386116552,
                        1.2723631954819008,
                        -1.9265015767602502e-07,
                        -0.5476081114730385,
                        0.7217186823115335
                    ],
                    [
                        5.711064233375968e-08,
                        4.0786707651975466e-07,
                        -1.9265015767602502e-07,
                        1.0106862202100675e-06,
                        1.0087696201270228e-07,
                        -1.6727090598201e-07
                    ],
                    [
                        0.522044281836861,
                        -0.9273680247813435,
                        -0.5476081114730385,
                        1.00876962012702e-07,
                        2.797636104160683,
                        2.450955870195992
                    ],
                    [
                        1.2995422919510062,
                        -1.2303600706084499,
                        0.7217186823115335,
                        -1.6727090598201e-07,
                        2.4509558701959917,
                        4.665641046806794
                    ]
                ]
            },
            "est_tgt": [
                3
            ],
            "oracle_est_tgt": [
                3
            ],
            "intv_base_est_tgt": [
                0,
                2,
                3,
                4,
                5
            ]
        },
        "4": {
            "intv_type": "do",
            "inode": 4,
            "new_mui": 1.0,
            "new_vari": null,
            "true_params": {
                "Si": [
                    [
                        1.0,
                        0.0,
                        0.5165384508825592,
                        1.0621680766530903,
                        0.0,
                        0.9590031121870025
                    ],
                    [
                        0.0,
                        1.0,
                        0.0,
                        0.5388425797110554,
                        0.0,
                        -0.6124405044362116
                    ],
                    [
                        0.5165384508825592,
                        0.0,
                        1.266811971240154,
                        1.3162360542750209,
                        0.0,
                        1.0805253857556352
                    ],
                    [
                        1.0621680766530903,
                        0.5388425797110554,
                        1.3162360542750209,
                        3.0077396971880064,
                        0.0,
                        1.1377763560231064
                    ],
                    [
                        0.0,
                        0.0,
                        0.0,
                        0.0,
                        1e-09,
                        6.66092201707587e-10
                    ],
                    [
                        0.9590031121870025,
                        -0.6124405044362116,
                        1.0805253857556352,
                        1.1377763560231064,
                        6.66092201707587e-10,
                        2.637186550243076
                    ]
                ],
                "mui": [
                    0.0,
                    0.0,
                    0.0,
                    0.0,
                    1.0,
                    0.666092201707587
                ],
                "Ai": [
                    [
                        0.0,
                        0.0,
                        0.0,
                        0.0,
                        0.0,
                        0.0
                    ],
                    [
                        0.0,
                        0.0,
                        0.0,
                        0.0,
                        0.0,
                        0.0
                    ],
                    [
                        0.5165384508825592,
                        -0.0,
                        0.0,
                        0.0,
                        0.0,
                        0.0
                    ],
                    [
                        0.6656807025022728,
                        0.5388425797110554,
                        0.7675854013837263,
                        0.0,
                        0.0,
                        0.0
                    ],
                    [
                        0.0,
                        0.0,
                        0.0,
                        0.0,
                        0.0,
                        0.0
                    ],
                    [
                        0.6567437140775637,
                        -0.6124405044362116,
                        0.5851634037950078,
                        0.0,
                        0.666092201707587,
                        0.0
                    ]
                ]
            },
            "est_params": {
                "mui": [
                    0.0009707192427152078,
                    0.0005217539407251224,
                    -0.0017664742058754925,
                    0.0014669151708631444,
                    1.000000401590072,
                    0.6658331677905267
                ],
                "Si": [
                    [
                        0.9972237561541791,
                        0.0017639027444875518,
                        0.5172005110176814,
                        1.0621473416488276,
                        5.833905719379452e-07,
                        0.9591292205412975
                    ],
                    [
                        0.001763902744487552,
                        1.0055462160411042,
                        0.0021770682120052366,
                        0.545823225556786,
                        1.4046675079778492e-07,
                        -0.6140976466618402
                    ],
                    [
                        0.5172005110176814,
                        0.0021770682120052366,
                        1.2643483896730825,
                        1.313768119319969,
                        4.325955601643006e-07,
                        1.0800505910451008
                    ],
                    [
                        1.0621473416488276,
                        0.545823225556786,
                        1.313768119319969,
                        3.008826203692661,
                        7.993542959076543e-07,
                        1.1353201196063778
                    ],
                    [
                        5.833905719379453e-07,
                        1.4046675079778497e-07,
                        4.325955601643006e-07,
                        7.99354295907654e-07,
                        1.0108122503620885e-06,
                        8.876336583886239e-07
                    ],
                    [
                        0.9591292205412977,
                        -0.6140976466618402,
                        1.0800505910451008,
                        1.135320119606378,
                        8.876336583886236e-07,
                        2.643584590670389
                    ]
                ]
            },
            "est_tgt": [
                4
            ],
            "oracle_est_tgt": [
                4
            ],
            "intv_base_est_tgt": [
                0,
                2,
                3,
                4,
                5
            ]
        },
        "5": {
            "intv_type": "do",
            "inode": 5,
            "new_mui": 1.0,
            "new_vari": null,
            "true_params": {
                "Si": [
                    [
                        1.0,
                        0.0,
                        0.5165384508825592,
                        1.0621680766530903,
                        1.0750323315806483,
                        0.0
                    ],
                    [
                        0.0,
                        1.0,
                        0.0,
                        0.5388425797110554,
                        -0.6523672938031045,
                        0.0
                    ],
                    [
                        0.5165384508825592,
                        0.0,
                        1.266811971240154,
                        1.3162360542750209,
                        0.14262117078817177,
                        0.0
                    ],
                    [
                        1.0621680766530903,
                        0.5388425797110554,
                        1.3162360542750209,
                        3.0077396971880064,
                        0.9908934869830395,
                        0.0
                    ],
                    [
                        1.0750323315806483,
                        -0.6523672938031045,
                        0.14262117078817177,
                        0.9908934869830395,
                        3.019192081039057,
                        0.0
                    ],
                    [
                        0.0,
                        0.0,
                        0.0,
                        0.0,
                        0.0,
                        1e-09
                    ]
                ],
                "mui": [
                    0.0,
                    0.0,
                    0.0,
                    0.0,
                    0.0,
                    1.0
                ],
                "Ai": [
                    [
                        0.0,
                        0.0,
                        0.0,
                        0.0,
                        0.0,
                        0.0
                    ],
                    [
                        0.0,
                        0.0,
                        0.0,
                        0.0,
                        0.0,
                        0.0
                    ],
                    [
                        0.5165384508825592,
                        -0.0,
                        0.0,
                        0.0,
                        0.0,
                        0.0
                    ],
                    [
                        0.6656807025022728,
                        0.5388425797110554,
                        0.7675854013837263,
                        0.0,
                        0.0,
                        0.0
                    ],
                    [
                        0.9438281913283666,
                        -0.9311184037720999,
                        -0.8097574656549444,
                        0.5173145561705064,
                        0.0,
                        0.0
                    ],
                    [
                        0.0,
                        0.0,
                        0.0,
                        0.0,
                        0.0,
                        0.0
                    ]
                ]
            },
            "est_params": {
                "mui": [
                    -0.00036966623125034076,
                    -0.00596566475709945,
                    0.00281583262281787,
                    0.0010827965344220516,
                    -0.00028846963982600166,
                    1.000000076724527
                ],
                "Si": [
                    [
                        0.9908070001184778,
                        -0.0022736162144046737,
                        0.5117012350642773,
                        1.052628449558293,
                        1.0678927055966916,
                        1.6319107768596006e-07
                    ],
                    [
                        -0.0022736162144046746,
                        1.0031804651889977,
                        0.00066672456174208,
                        0.5399831927969475,
                        -0.6580203352237726,
                        1.4395714267944722e-07
                    ],
                    [
                        0.5117012350642773,
                        0.0006667245617420802,
                        1.2659278661426872,
                        1.3107023115995453,
                        0.13072729463937247,
                        2.0432755483066337e-07
                    ],
                    [
                        1.0526284495582932,
                        0.5399831927969475,
                        1.3107023115995453,
                        2.9950095755711006,
                        0.9696063841409508,
                        4.3583692714172093e-07
                    ],
                    [
                        1.0678927055966916,
                        -0.6580203352237726,
                        0.1307272946393725,
                        0.9696063841409508,
                        3.0111075981446294,
                        1.1339125319784009e-07
                    ],
                    [
                        1.6319107768596009e-07,
                        1.4395714267944722e-07,
                        2.0432755483066332e-07,
                        4.3583692714172067e-07,
                        1.1339125319783995e-07,
                        1.0080811036097971e-06
                    ]
                ]
            },
            "est_tgt": [
                5
            ],
            "oracle_est_tgt": [
                5
            ],
            "intv_base_est_tgt": [
                0,
                2,
                3,
                4,
                5
            ]
        },
        "obs": {
            "intv_type": "obs",
            "true_params": {
                "Si": [
                    [
                        1.0,
                        0.0,
                        0.5165384508825592,
                        1.0621680766530903,
                        1.0750323315806483,
                        1.6750737648363971
                    ],
                    [
                        0.0,
                        1.0,
                        0.0,
                        0.5388425797110554,
                        -0.6523672938031045,
                        -1.0469772714875418
                    ],
                    [
                        0.5165384508825592,
                        0.0,
                        1.266811971240154,
                        1.3162360542750209,
                        0.14262117078817177,
                        1.1755242354160422
                    ],
                    [
                        1.0621680766530903,
                        0.5388425797110554,
                        1.3162360542750209,
                        3.0077396971880064,
                        0.9908934869830395,
                        1.7978027804253474
                    ],
                    [
                        1.0750323315806483,
                        -0.6523672938031045,
                        0.14262117078817177,
                        0.9908934869830395,
                        3.019192081039057,
                        3.20007387107925
                    ],
                    [
                        1.6750737648363971,
                        -1.0469772714875418,
                        1.1755242354160422,
                        1.7978027804253474,
                        3.20007387107925,
                        5.560723467209296
                    ]
                ],
                "mui": [
                    0.0,
                    0.0,
                    0.0,
                    0.0,
                    0.0,
                    0.0
                ],
                "Ai": [
                    [
                        0.0,
                        0.0,
