{
    "expt_args": {
        "save_dir": "all_expt_logs/expt_logs_11.05.24-all_intv_weight_error_all_comp_utigsp_large_sample",
        "exp_name": "258",
        "num_nodes": 8,
        "obs_noise_mean": 0.0,
        "obs_noise_var": 1.0,
        "max_edge_strength": 1.0,
        "graph_sparsity_method": "adj_dense_prop",
        "adj_dense_prop": 0.8,
        "num_parents": null,
        "new_noise_mean": 1.0,
        "mix_samples": 32768,
        "stage2_samples": 32768,
        "gmm_tol": 0.001,
        "intv_type": "do",
        "new_noise_var": null,
        "intv_targets": [
            0,
            1,
            2,
            3,
            4,
            5,
            6,
            7
        ]
    },
    "intv_args_dict": {
        "0": {
            "intv_type": "do",
            "inode": 0,
            "new_mui": 1.0,
            "new_vari": null,
            "true_params": {
                "Si": [
                    [
                        1e-09,
                        -9.238612598809697e-10,
                        0.0,
                        0.0,
                        0.0,
                        -1.774929085282505e-09,
                        -5.513488772385772e-11,
                        7.675477210493931e-10
                    ],
                    [
                        -9.238612598809697e-10,
                        1.0000000008535197,
                        0.0,
                        0.0,
                        0.0,
                        0.8395493261031864,
                        0.9273889699743328,
                        -0.3744490518414233
                    ],
                    [
                        0.0,
                        0.0,
                        1.0,
                        0.6515791022527597,
                        -0.8524335697018687,
                        -0.07143899102834117,
                        1.7684939674782383,
                        1.6024811493542912
                    ],
                    [
                        0.0,
                        0.0,
                        0.6515791022527597,
                        1.4245553264925124,
                        -0.5554279000764589,
                        -0.0465481536400895,
                        1.8025315745787487,
                        2.3605208851309785
                    ],
                    [
                        0.0,
                        0.0,
                        -0.8524335697018687,
                        -0.5554279000764589,
                        1.7266429907546708,
                        0.8793119181674589,
                        -2.3628452895428413,
                        -2.517643116051373
                    ],
                    [
                        -1.774929085282505e-09,
                        0.8395493261031864,
                        -0.07143899102834117,
                        -0.0465481536400895,
                        0.8793119181674589,
                        2.3797495886703053,
                        -0.04775865590418733,
                        -1.37136285715276
                    ],
                    [
                        -5.513488772385772e-11,
                        0.9273889699743328,
                        1.7684939674782383,
                        1.8025315745787487,
                        -2.3628452895428413,
                        -0.04775865590418733,
                        6.141979632442271,
                        4.853598679713131
                    ],
                    [
                        7.675477210493931e-10,
                        -0.3744490518414233,
                        1.6024811493542912,
                        2.3605208851309785,
                        -2.517643116051373,
                        -1.37136285715276,
                        4.853598679713131,
                        7.043872450879803
                    ]
                ],
                "mui": [
                    1.0,
                    -0.9238612598809697,
                    0.0,
                    0.0,
                    0.0,
                    -1.774929085282505,
                    -0.05513488772385772,
                    0.7675477210493931
                ],
                "Ai": [
                    [
                        0.0,
                        0.0,
                        0.0,
                        0.0,
                        0.0,
                        0.0,
                        0.0,
                        0.0
                    ],
                    [
                        -0.9238612598809697,
                        0.0,
                        0.0,
                        0.0,
                        0.0,
                        0.0,
                        0.0,
                        0.0
                    ],
                    [
                        0.0,
                        -0.0,
                        0.0,
                        0.0,
                        0.0,
                        0.0,
                        0.0,
                        0.0
                    ],
                    [
                        0.0,
                        -0.0,
                        0.6515791022527597,
                        0.0,
                        0.0,
                        0.0,
                        0.0,
                        0.0
                    ],
                    [
                        0.0,
                        -0.0,
                        -0.8524335697018687,
                        0.0,
                        0.0,
                        0.0,
                        0.0,
                        0.0
                    ],
                    [
                        -0.9993019886515329,
                        0.8395493244633982,
                        0.6262053641592134,
                        -0.0,
                        0.8184149240292703,
                        0.0,
                        0.0,
                        0.0
                    ],
                    [
                        0.8016438544292854,
                        0.9273889699233958,
                        0.6157206969364559,
                        0.6502178629098571,
                        -0.8553216638491463,
                        0.0,
                        0.0,
                        0.0
                    ],
                    [
                        -0.0,
                        -0.8621909594636963,
                        -0.5607609730260035,
                        0.9744084163955007,
                        -0.7017948571492348,
                        -0.0,
                        0.5259302451825247,
                        0.0
                    ]
                ]
            },
            "est_params": {
                "mui": [
                    1.0000000830856666,
                    -0.9032153036293499,
                    -0.003936739775318335,
                    -0.025771173227851458,
                    0.021083393485877438,
                    -1.7512713109013802,
                    -0.07179557462965001,
                    0.7073664042397901
                ],
                "Si": [
                    [
                        1.0137465425548343e-06,
                        -9.031906361315504e-07,
                        -2.9362789140984173e-06,
                        -6.359038548784319e-07,
                        2.0450958735468304e-06,
                        2.807038780363623e-07,
                        -5.527529818518895e-06,
                        -1.1625955265212884e-06
                    ],
                    [
                        -9.031906361315505e-07,
                        1.0034083022059308,
                        0.012145144361889874,
                        0.017432093500979583,
                        -0.013135880985686,
                        0.8646360829344347,
                        0.9338869693130601,
                        -0.38723503145852406
                    ],
                    [
                        -2.9362789140984177e-06,
                        0.01214514436188987,
                        0.9975574041359283,
                        0.6694674178555224,
                        -0.8671235794182628,
                        -0.0925546899978213,
                        1.801693104158823,
                        1.6397100864607927
                    ],
                    [
                        -6.359038548784323e-07,
                        0.01743209350097958,
                        0.6694674178555224,
                        1.4140938240805865,
                        -0.567931550086575,
                        -0.036244855171881515,
                        1.8517870247623132,
                        2.3770822017695155
                    ],
                    [
                        2.0450958735468304e-06,
                        -0.013135880985686002,
                        -0.8671235794182628,
                        -0.567931550086575,
                        1.729852632540933,
                        0.8844922830645929,
                        -2.3967560705448587,
                        -2.538824643171856
                    ],
                    [
                        2.807038780363619e-07,
                        0.8646360829344348,
                        -0.09255468999782128,
                        -0.036244855171881536,
                        0.8844922830645929,
                        2.4174252428709044,
                        -0.06677247642564299,
                        -1.4143458487868952
                    ],
                    [
                        -5.527529818518895e-06,
                        0.9338869693130601,
                        1.801693104158823,
                        1.8517870247623132,
                        -2.3967560705448587,
                        -0.06677247642564296,
                        6.2412590165046,
                        4.975971445437631
                    ],
                    [
                        -1.1625955265212892e-06,
                        -0.3872350314585241,
                        1.6397100864607927,
                        2.3770822017695155,
                        -2.538824643171856,
                        -1.4143458487868952,
                        4.975971445437631,
                        7.199668983803062
                    ]
                ]
            },
            "est_tgt": [
                0
            ],
            "oracle_est_tgt": [
                0
            ],
            "intv_base_est_tgt": [
                0,
                5,
                7
            ]
        },
        "1": {
            "intv_type": "do",
            "inode": 1,
            "new_mui": 1.0,
            "new_vari": null,
            "true_params": {
                "Si": [
                    [
                        1.0,
                        0.0,
                        0.0,
                        0.0,
                        0.0,
                        -0.9993019886515329,
                        0.8016438544292854,
                        0.42160874890905825
                    ],
                    [
                        0.0,
                        1e-09,
                        0.0,
                        0.0,
                        0.0,
                        8.395493244633983e-10,
                        9.273889699233958e-10,
                        -3.744490511323157e-10
                    ],
                    [
                        0.0,
                        0.0,
                        1.0,
                        0.6515791022527597,
                        -0.8524335697018687,
                        -0.07143899102834117,
                        1.7684939674782383,
                        1.6024811493542912
                    ],
                    [
                        0.0,
                        0.0,
                        0.6515791022527597,
                        1.4245553264925124,
                        -0.5554279000764589,
                        -0.0465481536400895,
                        1.8025315745787487,
                        2.3605208851309785
                    ],
                    [
                        0.0,
                        0.0,
                        -0.8524335697018687,
                        -0.5554279000764589,
                        1.7266429907546708,
                        0.8793119181674589,
                        -2.3628452895428413,
                        -2.517643116051373
                    ],
                    [
                        -0.9993019886515329,
                        8.395493244633983e-10,
                        -0.07143899102834117,
                        -0.0465481536400895,
                        0.8793119181674589,
                        2.6735109825407353,
                        -1.6274317363589177,
                        -1.4783088693983963
                    ],
                    [
                        0.8016438544292854,
                        9.273889699233958e-10,
                        1.7684939674782383,
                        1.8025315745787487,
                        -2.3628452895428413,
                        -1.6274317363589177,
                        5.924562201107946,
                        5.538838661763147
                    ],
                    [
                        0.42160874890905825,
                        -3.744490511323157e-10,
                        1.6024811493542912,
                        2.3605208851309785,
                        -2.517643116051373,
                        -1.4783088693983963,
                        5.538838661763147,
                        7.081414295693655
                    ]
                ],
                "mui": [
                    0.0,
                    1.0,
                    0.0,
                    0.0,
                    0.0,
                    0.8395493244633982,
                    0.9273889699233958,
                    -0.3744490511323157
                ],
                "Ai": [
                    [
                        0.0,
                        0.0,
                        0.0,
                        0.0,
                        0.0,
                        0.0,
                        0.0,
                        0.0
                    ],
                    [
                        0.0,
                        0.0,
                        0.0,
                        0.0,
                        0.0,
                        0.0,
                        0.0,
                        0.0
                    ],
                    [
                        0.0,
                        -0.0,
                        0.0,
                        0.0,
                        0.0,
                        0.0,
                        0.0,
                        0.0
                    ],
                    [
                        0.0,
                        -0.0,
                        0.6515791022527597,
                        0.0,
                        0.0,
                        0.0,
                        0.0,
                        0.0
                    ],
                    [
                        0.0,
                        -0.0,
                        -0.8524335697018687,
                        0.0,
                        0.0,
                        0.0,
                        0.0,
                        0.0
                    ],
                    [
                        -0.9993019886515329,
                        0.8395493244633982,
                        0.6262053641592134,
                        -0.0,
                        0.8184149240292703,
                        0.0,
                        0.0,
                        0.0
                    ],
                    [
                        0.8016438544292854,
                        0.9273889699233958,
                        0.6157206969364559,
                        0.6502178629098571,
                        -0.8553216638491463,
                        0.0,
                        0.0,
                        0.0
                    ],
                    [
                        -0.0,
                        -0.8621909594636963,
                        -0.5607609730260035,
                        0.9744084163955007,
                        -0.7017948571492348,
                        -0.0,
                        0.5259302451825247,
                        0.0
                    ]
                ]
            },
            "est_params": {
                "mui": [
                    0.020542257213435264,
                    1.0000000820731105,
                    -0.020944989615949667,
                    -0.0035991260155906657,
                    0.02782916858801075,
                    0.8161669815259158,
                    0.9139223749283771,
                    -0.4114997305811398
                ],
                "Si": [
                    [
                        1.0117654467698325,
                        1.311748003130276e-07,
                        0.01275587932313462,
                        0.024600597602255598,
                        0.023493332230618974,
                        -0.967855930429797,
                        0.8293058067029726,
                        0.40468371663889674
                    ],
                    [
                        1.311748003130276e-07,
                        1.0100860699427469e-06,
                        1.2258144438022801e-06,
                        1.216050635596649e-06,
                        -4.084188816782378e-07,
                        1.274359308935185e-06,
                        3.959407928122743e-06,
                        3.1830977867792647e-06
                    ],
                    [
                        0.012755879323134624,
                        1.2258144438022803e-06,
                        1.0047661635951777,
                        0.6686475636566439,
                        -0.875028937736775,
                        -0.09783318394647385,
                        1.821761870812098,
                        1.6703150428841718
                    ],
                    [
                        0.024600597602255598,
                        1.2160506355966494e-06,
                        0.6686475636566439,
                        1.4417212474996004,
                        -0.5789271046783758,
                        -0.09912193176526932,
                        1.8335141327176965,
                        2.3776056727625177
                    ],
                    [
                        0.023493332230618984,
                        -4.084188816782372e-07,
                        -0.875028937736775,
                        -0.5789271046783758,
                        1.7371315800192382,
                        0.8536727616030104,
                        -2.3499533369703705,
                        -2.5178670842771513
                    ],
                    [
                        -0.967855930429797,
                        1.2743593089351845e-06,
                        -0.09783318394647385,
                        -0.09912193176526929,
                        0.8536727616030104,
                        2.610218228380068,
                        -1.5972876285287352,
                        -1.4516440093248166
                    ],
                    [
                        0.8293058067029726,
                        3.959407928122743e-06,
                        1.821761870812098,
                        1.8335141327176965,
                        -2.3499533369703705,
                        -1.5972876285287352,
                        5.9770839066638555,
                        5.51363392779098
                    ],
                    [
                        0.40468371663889663,
                        3.1830977867792655e-06,
                        1.6703150428841718,
                        2.3776056727625177,
                        -2.5178670842771513,
                        -1.4516440093248169,
                        5.51363392779098,
                        6.984500118958052
                    ]
                ]
            },
            "est_tgt": [
                1
            ],
            "oracle_est_tgt": [
                1
            ],
            "intv_base_est_tgt": [
                0,
                1,
                5
            ]
        },
        "2": {
            "intv_type": "do",
            "inode": 2,
            "new_mui": 1.0,
            "new_vari": null,
            "true_params": {
                "Si": [
                    [
                        1.0,
                        -0.9238612598809697,
                        0.0,
                        0.0,
                        0.0,
                        -1.774929085282505,
                        -0.05513488772385772,
                        0.7675477210493931
                    ],
                    [
                        -0.9238612598809697,
                        1.8535196275088526,
                        0.0,
                        0.0,
                        0.0,
                        2.4793375453918705,
                        0.9783259567593549,
                        -1.083556655719775
                    ],
                    [
                        0.0,
                        0.0,
                        1e-09,
                        6.515791022527598e-10,
                        -8.524335697018687e-10,
                        -7.143899102834118e-11,
                        1.7684939674782384e-09,
                        1.6024811493542912e-09
                    ],
                    [
                        0.0,
                        0.0,
                        6.515791022527598e-10,
                        1.0000000004245553,
                        -5.55427900076459e-10,
                        -4.65481536400895e-11,
                        0.6502178640621707,
                        1.3163776575018822
                    ],
                    [
                        0.0,
                        0.0,
                        -8.524335697018687e-10,
                        -5.554279000764589e-10,
                        1.000000000726643,
                        0.8184149240901673,
                        -0.85532166535667,
                        -1.15163439089335
                    ],
                    [
                        -1.774929085282505,
                        2.4793375453918705,
                        -7.143899102834118e-11,
                        -4.65481536400895e-11,
                        0.8184149240901673,
                        5.525019313867678,
                        0.17644128438282664,
                        -2.6192259938859603
                    ],
                    [
                        -0.05513488772385772,
                        0.9783259567593549,
                        1.7684939674782384e-09,
                        0.6502178640621707,
                        -0.85532166535667,
                        0.17644128438282664,
                        3.0174485784042044,
                        1.977301779536009
                    ],
                    [
                        0.7675477210493931,
                        -1.083556655719775,
                        1.6024811493542912e-09,
                        1.3163776575018822,
                        -1.15163439089335,
                        -2.6192259938859603,
                        1.977301779536009,
                        5.065056122910886
                    ]
                ],
                "mui": [
                    0.0,
                    0.0,
                    1.0,
                    0.6515791022527597,
                    -0.8524335697018687,
                    -0.07143899102834117,
                    1.7684939674782383,
                    1.6024811493542912
                ],
                "Ai": [
                    [
                        0.0,
                        0.0,
                        0.0,
                        0.0,
                        0.0,
                        0.0,
                        0.0,
                        0.0
                    ],
                    [
                        -0.9238612598809697,
                        0.0,
                        0.0,
                        0.0,
                        0.0,
                        0.0,
                        0.0,
                        0.0
                    ],
                    [
                        0.0,
                        0.0,
                        0.0,
                        0.0,
                        0.0,
                        0.0,
                        0.0,
                        0.0
                    ],
                    [
                        0.0,
                        -0.0,
                        0.6515791022527597,
                        0.0,
                        0.0,
                        0.0,
                        0.0,
                        0.0
                    ],
                    [
                        0.0,
                        -0.0,
                        -0.8524335697018687,
                        0.0,
                        0.0,
                        0.0,
                        0.0,
                        0.0
                    ],
                    [
                        -0.9993019886515329,
                        0.8395493244633982,
                        0.6262053641592134,
                        -0.0,
                        0.8184149240292703,
                        0.0,
                        0.0,
                        0.0
                    ],
                    [
                        0.8016438544292854,
                        0.9273889699233958,
                        0.6157206969364559,
                        0.6502178629098571,
                        -0.8553216638491463,
                        0.0,
                        0.0,
                        0.0
                    ],
                    [
                        -0.0,
                        -0.8621909594636963,
                        -0.5607609730260035,
                        0.9744084163955007,
                        -0.7017948571492348,
                        -0.0,
                        0.5259302451825247,
                        0.0
                    ]
                ]
            },
            "est_params": {
                "mui": [
                    0.015239452709867596,
                    -0.030081501680647334,
                    0.9999979612487028,
                    0.6422634904352046,
                    -0.8211118412153146,
                    -0.07048595902814198,
                    1.7219767767009684,
                    1.5664502241682459
                ],
                "Si": [
                    [
                        1.0226117348535477,
                        -0.9408084196774362,
                        1.308755652252229e-06,
                        -0.006617776587459929,
                        -0.007803720486937124,
                        -1.8322887216691386,
                        -0.03565244922212607,
                        0.822234067545251
                    ],
                    [
                        -0.9408084196774362,
                        1.8599483026840482,
                        1.5253725298138473e-06,
                        0.01876401913980328,
                        0.01208084209368889,
                        2.521926888080267,
                        0.9523097776373255,
                        -1.118810768455282
                    ],
                    [
                        1.308755652252229e-06,
                        1.5253725298138466e-06,
                        1.0152188198848437e-06,
                        4.91036093703432e-07,
                        -1.1778505400122897e-06,
                        3.069562505021148e-08,
                        5.475095253126828e-06,
                        1.9075307258607662e-06
                    ],
                    [
                        -0.006617776587459929,
                        0.018764019139803276,
                        4.910360937034317e-07,
                        1.0009105540278789,
                        0.012191029672584541,
                        0.015701389710120424,
                        0.6369111351092241,
                        1.310821019874604
                    ],
                    [
                        -0.007803720486937121,
                        0.012080842093688883,
                        -1.1778505400122897e-06,
                        0.012191029672584537,
                        1.019772439452122,
                        0.8475717850687371,
                        -0.8704504678734474,
                        -1.1551285784185201
                    ],
                    [
                        -1.8322887216691386,
                        2.5219268880802668,
                        3.0695625050210765e-08,
                        0.015701389710120417,
                        0.8475717850687371,
                        5.651224848291446,
                        0.11143861885591871,
                        -2.7441854744464895
                    ],
                    [
                        -0.03565244922212606,
                        0.9523097776373257,
                        5.475095253126828e-06,
                        0.6369111351092241,
                        -0.8704504678734474,
                        0.11143861885591873,
                        2.9896642138677962,
                        2.0052048685398534
                    ],
                    [
                        0.822234067545251,
                        -1.118810768455282,
                        1.9075307258607662e-06,
                        1.310821019874604,
                        -1.1551285784185203,
                        -2.7441854744464895,
                        2.0052048685398534,
                        5.146815029867485
                    ]
                ]
            },
            "est_tgt": [
                2
            ],
            "oracle_est_tgt": [
                2
            ],
            "intv_base_est_tgt": [
                2,
                5
            ]
        },
        "3": {
            "intv_type": "do",
            "inode": 3,
            "new_mui": 1.0,
            "new_vari": null,
            "true_params": {
                "Si": [
                    [
                        1.0,
                        -0.9238612598809697,
                        0.0,
                        0.0,
                        0.0,
                        -1.774929085282505,
                        -0.05513488772385772,
                        0.7675477210493931
                    ],
                    [
                        -0.9238612598809697,
                        1.8535196275088526,
                        0.0,
                        0.0,
                        0.0,
                        2.4793375453918705,
                        0.9783259567593549,
                        -1.083556655719775
                    ],
                    [
                        0.0,
                        0.0,
                        1.0,
                        0.0,
                        -0.8524335697018687,
                        -0.07143899102834117,
                        1.3448255960947255,
                        0.7447569777339658
                    ],
                    [
                        0.0,
                        0.0,
                        0.0,
                        1e-09,
                        0.0,
                        0.0,
                        6.502178629098571e-10,
                        1.3163776564577391e-09
                    ],
                    [
                        0.0,
                        0.0,
                        -0.8524335697018687,
                        0.0,
                        1.7266429907546708,
                        0.8793119181674589,
                        -2.0016961473546164,
                        -1.786490238617481
                    ],
                    [
                        -1.774929085282505,
                        2.4793375453918705,
                        -0.07143899102834117,
                        0.0,
                        0.8793119181674589,
                        5.530122843301722,
                        0.08036830081507133,
                        -2.6724306808221123
                    ],
                    [
                        -0.05513488772385772,
                        0.9783259567593549,
                        1.3448255960947255,
                        6.502178629098571e-10,
                        -2.0016961473546164,
                        0.08036830081507133,
                        4.4032211903638885,
                        2.122937757520513
                    ],
                    [
                        0.7675477210493931,
                        -1.083556655719775,
                        0.7447569777339658,
                        1.3163776564577391e-09,
                        -1.786490238617481,
                        -2.6724306808221123,
                        2.122937757520513,
                        3.8868689435380523
                    ]
                ],
                "mui": [
                    0.0,
                    0.0,
                    0.0,
                    1.0,
                    0.0,
                    0.0,
                    0.6502178629098571,
                    1.316377656457739
                ],
                "Ai": [
                    [
                        0.0,
                        0.0,
                        0.0,
                        0.0,
                        0.0,
                        0.0,
                        0.0,
                        0.0
                    ],
                    [
                        -0.9238612598809697,
                        0.0,
                        0.0,
                        0.0,
                        0.0,
                        0.0,
                        0.0,
                        0.0
                    ],
                    [
                        0.0,
                        -0.0,
                        0.0,
                        0.0,
                        0.0,
                        0.0,
                        0.0,
                        0.0
                    ],
                    [
                        0.0,
                        0.0,
                        0.0,
                        0.0,
                        0.0,
                        0.0,
                        0.0,
                        0.0
                    ],
                    [
                        0.0,
                        -0.0,
                        -0.8524335697018687,
                        0.0,
                        0.0,
                        0.0,
                        0.0,
                        0.0
                    ],
                    [
                        -0.9993019886515329,
                        0.8395493244633982,
                        0.6262053641592134,
                        -0.0,
                        0.8184149240292703,
                        0.0,
                        0.0,
                        0.0
                    ],
                    [
                        0.8016438544292854,
                        0.9273889699233958,
                        0.6157206969364559,
                        0.6502178629098571,
                        -0.8553216638491463,
                        0.0,
                        0.0,
                        0.0
                    ],
                    [
                        -0.0,
                        -0.8621909594636963,
                        -0.5607609730260035,
                        0.9744084163955007,
                        -0.7017948571492348,
                        -0.0,
                        0.5259302451825247,
                        0.0
                    ]
                ]
            },
            "est_params": {
                "mui": [
                    0.0026030019759591527,
                    -0.0038316442789602663,
                    -0.003046103358258601,
                    0.999998488308194,
                    0.012150602897109116,
                    -0.02641366637973352,
                    0.6635449751228818,
                    1.3156219838192365
                ],
                "Si": [
                    [
                        1.0109419332265055,
                        -0.9410733226170434,
                        0.017606275062439565,
                        -2.601187500734767e-07,
                        -0.027848604909387405,
                        -1.7689778948922827,
                        -0.040886468409931175,
                        0.8008456263731752
                    ],
                    [
                        -0.9410733226170434,
                        1.8818980015098823,
                        0.009839295573560107,
                        -2.631864043203057e-06,
                        -0.014098197482757322,
                        2.492427911122605,
                        1.0107490705495206,
                        -1.0673401628849806
                    ],
                    [
                        0.01760627506243957,
                        0.00983929557356011,
                        0.9847927901737732,
                        1.360223977872545e-06,
                        -0.8153779089238383,
                        -0.032925843874392687,
                        1.334411146690993,
                        0.7338409666348416
                    ],
                    [
                        -2.601187500734771e-07,
                        -2.6318640432030565e-06,
                        1.3602239778725445e-06,
                        1.0137613512866004e-06,
                        -7.627857022768716e-07,
                        -1.3700350595576916e-06,
                        2.3496256938412013e-07,
                        -2.323048202105805e-06
                    ],
                    [
                        -0.02784860490938739,
                        -0.014098197482757324,
                        -0.8153779089238383,
                        -7.627857022768718e-07,
                        1.6427253388909986,
                        0.8080618423882191,
                        -1.9343173240190503,
                        -1.730096112443589
                    ],
                    [
                        -1.7689778948922827,
                        2.492427911122605,
                        -0.03292584387439269,
                        -1.370035059557692e-06,
                        0.8080618423882191,
                        5.447865761608176,
                        0.19712928118106035,
                        -2.6008233985659235
                    ],
                    [
                        -0.040886468409931175,
                        1.0107490705495206,
                        1.334411146690993,
                        2.3496256938411966e-07,
                        -1.93431732401905,
                        0.1971292811810604,
                        4.378801731847416,
                        2.1170879991927123
                    ],
                    [
                        0.8008456263731752,
                        -1.0673401628849806,
                        0.7338409666348417,
                        -2.323048202105805e-06,
