{
    "expt_args": {
        "save_dir": "all_expt_logs/expt_logs_11.05.24-all_intv_weight_error_all_comp_utigsp_large_sample",
        "exp_name": "259",
        "num_nodes": 8,
        "obs_noise_mean": 0.0,
        "obs_noise_var": 1.0,
        "max_edge_strength": 1.0,
        "graph_sparsity_method": "adj_dense_prop",
        "adj_dense_prop": 0.8,
        "num_parents": null,
        "new_noise_mean": 1.0,
        "mix_samples": 65536,
        "stage2_samples": 65536,
        "gmm_tol": 0.001,
        "intv_type": "do",
        "new_noise_var": null,
        "intv_targets": [
            0,
            1,
            2,
            3,
            4,
            5,
            6,
            7
        ]
    },
    "intv_args_dict": {
        "0": {
            "intv_type": "do",
            "inode": 0,
            "new_mui": 1.0,
            "new_vari": null,
            "true_params": {
                "Si": [
                    [
                        1e-09,
                        5.0410594288647e-10,
                        2.861453702584227e-10,
                        1.7653331557596632e-10,
                        8.281083990426073e-10,
                        -2.1864223189640653e-11,
                        -2.3898437453458097e-10,
                        3.1529206139112235e-10
                    ],
                    [
                        5.0410594288647e-10,
                        1.0000000002541227,
                        0.5676294326004042,
                        0.3501909035430368,
                        -0.1293864288402666,
                        0.16928507008582078,
                        0.2811360231536125,
                        0.5073348965063447
                    ],
                    [
                        2.861453702584227e-10,
                        0.5676294326004042,
                        1.3222031726723777,
                        -0.35593672710250246,
                        -1.1938379433177533,
                        -1.0057952928989016,
                        1.9081560999653022,
                        -0.8286136526381369
                    ],
                    [
                        1.7653331557596632e-10,
                        0.3501909035430368,
                        -0.35593672710250246,
                        1.4303428338299051,
                        1.3378951746538177,
                        0.3814447315674344,
                        -2.7209952541708073,
                        2.489177083583527
                    ],
                    [
                        8.281083990426073e-10,
                        -0.1293864288402666,
                        -1.1938379433177533,
                        1.3378951746538177,
                        2.8522191284738394,
                        1.761000255960103,
                        -3.946725089196864,
                        3.5832014671924943
                    ],
                    [
                        -2.1864223189640653e-11,
                        0.16928507008582078,
                        -1.0057952928989016,
                        0.3814447315674344,
                        1.761000255960103,
                        2.917030991177507,
                        -1.2359865734332227,
                        1.1603826319381336
                    ],
                    [
                        -2.3898437453458097e-10,
                        0.2811360231536125,
                        1.9081560999653022,
                        -2.7209952541708073,
                        -3.946725089196864,
                        -1.2359865734332227,
                        8.127544774143246,
                        -6.801313481332044
                    ],
                    [
                        3.1529206139112235e-10,
                        0.5073348965063447,
                        -0.8286136526381369,
                        2.489177083583527,
                        3.5832014671924943,
                        1.1603826319381336,
                        -6.801313481332044,
                        7.841969291505899
                    ]
                ],
                "mui": [
                    1.0,
                    0.50410594288647,
                    0.2861453702584227,
                    0.1765333155759663,
                    0.8281083990426072,
                    -0.021864223189640652,
                    -0.23898437453458093,
                    0.3152920613911223
                ],
                "Ai": [
                    [
                        0.0,
                        0.0,
                        0.0,
                        0.0,
                        0.0,
                        0.0,
                        0.0,
                        0.0
                    ],
                    [
                        0.50410594288647,
                        0.0,
                        0.0,
                        0.0,
                        0.0,
                        0.0,
                        0.0,
                        0.0
                    ],
                    [
                        -0.0,
                        0.5676294324561566,
                        0.0,
                        0.0,
                        0.0,
                        0.0,
                        0.0,
                        0.0
                    ],
                    [
                        0.0,
                        0.6650636859834403,
                        -0.5547153909319451,
                        0.0,
                        0.0,
                        0.0,
                        0.0,
                        0.0
                    ],
                    [
                        0.8933328669602842,
                        0.0,
                        -0.6978648511124832,
                        0.7617051084976627,
                        0.0,
                        0.0,
                        0.0,
                        0.0
                    ],
                    [
                        -0.7937662625257824,
                        0.9869987266797692,
                        -0.725899557300973,
                        -0.8744736303513619,
                        0.7685426730066722,
                        0.0,
                        0.0,
                        0.0
                    ],
                    [
                        0.5210057140122399,
                        -0.0,
                        0.7254737793929767,
                        -0.976772195146892,
                        -0.9463249702239388,
                        0.5254502493168962,
                        0.0,
                        0.0
                    ],
                    [
                        -0.8284557308050768,
                        0.5279989883095169,
                        0.9357389003837038,
                        -0.5711010504448042,
                        0.5731185751732262,
                        -0.0,
                        -0.9876673607266622,
                        0.0
                    ]
                ]
            },
            "est_params": {
                "mui": [
                    1.0000008338124375,
                    0.5124839151334802,
                    0.30710203818121207,
                    0.1608905558309238,
                    0.8216399143964869,
                    -0.02881556837684218,
                    -0.205118820737375,
                    0.3208359287870669
                ],
                "Si": [
                    [
                        1.0133090770868898e-06,
                        1.3222853509577592e-06,
                        1.4787765603666202e-06,
                        -1.3082159121675378e-06,
                        -4.7559917446164414e-07,
                        2.4264311653965953e-06,
                        2.83431223939615e-06,
                        4.5800595897072274e-07
                    ],
                    [
                        1.3222853509577588e-06,
                        1.0227923101739345,
                        0.5759765786954711,
                        0.35237184230004515,
                        -0.1477127271573254,
                        0.17845680553375515,
                        0.3111728884113023,
                        0.45755038351977484
                    ],
                    [
                        1.4787765603666202e-06,
                        0.5759765786954711,
                        1.334826319158873,
                        -0.3691127107919385,
                        -1.2133969877352517,
                        -1.0029918714083823,
                        1.956837687006292,
                        -0.9036011479521338
                    ],
                    [
                        -1.308215912167538e-06,
                        0.35237184230004515,
                        -0.3691127107919385,
                        1.4319594367440163,
                        1.3425180440084035,
                        0.4073418795792081,
                        -2.731504005735934,
                        2.4860681693276354
                    ],
                    [
                        -4.755991744616443e-07,
                        -0.14771272715732536,
                        -1.2133969877352517,
                        1.3425180440084032,
                        2.865880771065342,
                        1.7765888860583605,
                        -3.9855148877431708,
                        3.6249564177327764
                    ],
                    [
                        2.4264311653965953e-06,
                        0.17845680553375515,
                        -1.0029918714083823,
                        0.407341879579208,
                        1.7765888860583605,
                        2.9302282143205955,
                        -1.2598397359544549,
                        1.2147159143149409
                    ],
                    [
                        2.8343122393961507e-06,
                        0.3111728884113025,
                        1.9568376870062918,
                        -2.731504005735934,
                        -3.9855148877431708,
                        -1.2598397359544546,
                        8.22353723795174,
                        -6.888324092113275
                    ],
                    [
                        4.580059589707233e-07,
                        0.4575503835197749,
                        -0.9036011479521336,
                        2.486068169327636,
                        3.6249564177327764,
                        1.2147159143149406,
                        -6.888324092113275,
                        7.858784931911196
                    ]
                ]
            },
            "est_tgt": [
                0
            ],
            "oracle_est_tgt": [
                0
            ],
            "intv_base_est_tgt": [
                0,
                2,
                3,
                4,
                5,
                6,
                7
            ]
        },
        "1": {
            "intv_type": "do",
            "inode": 1,
            "new_mui": 1.0,
            "new_vari": null,
            "true_params": {
                "Si": [
                    [
                        1.0,
                        0.0,
                        0.0,
                        0.0,
                        0.8933328669602842,
                        -0.10720183306741171,
                        -0.38070671462651673,
                        0.05954152510870481
                    ],
                    [
                        0.0,
                        1e-09,
                        5.676294324561567e-10,
                        3.501909034540453e-10,
                        -1.29386429257721e-10,
                        1.6928507009684266e-10,
                        2.81136023274086e-10,
                        5.07334896347404e-10
                    ],
                    [
                        0.0,
                        5.676294324561567e-10,
                        1.0000000003222032,
                        -0.5547153907331664,
                        -1.1203943982210673,
                        -1.1018864810589255,
                        1.7485750188592173,
                        -1.116591871719258
                    ],
                    [
                        0.0,
                        3.501909034540453e-10,
                        -0.5547153907331664,
                        1.3077091650594144,
                        1.3832051250187734,
                        0.3221626399920815,
                        -2.819446532013997,
                        2.3115130179998697
                    ],
                    [
                        0.8933328669602842,
                        -1.29386429257721e-10,
                        -1.1203943982210673,
                        1.3832051250187734,
                        3.633521890920234,
                        1.6871365258252706,
                        -4.250447723696522,
                        3.7020341188705297
                    ],
                    [
                        -0.10720183306741171,
                        1.6928507009684266e-10,
                        -1.1018864810589255,
                        0.3221626399920815,
                        1.6871365258252706,
                        2.899865789261007,
                        -1.2427662471285223,
                        1.0681154479048844
                    ],
                    [
                        -0.38070671462651673,
                        2.81136023274086e-10,
                        1.7485750188592173,
                        -2.819446532013997,
                        -4.250447723696522,
                        -1.2427662471285223,
                        8.193444913144518,
                        -6.966611454749331
                    ],
                    [
                        0.05954152510870481,
                        5.07334896347404e-10,
                        -1.116591871719258,
                        2.3115130179998697,
                        3.7020341188705297,
                        1.0681154479048844,
                        -6.966611454749331,
                        7.588125787824318
                    ]
                ],
                "mui": [
                    0.0,
                    1.0,
                    0.5676294324561566,
                    0.3501909034540453,
                    -0.12938642925772098,
                    0.16928507009684265,
                    0.281136023274086,
                    0.507334896347404
                ],
                "Ai": [
                    [
                        0.0,
                        0.0,
                        0.0,
                        0.0,
                        0.0,
                        0.0,
                        0.0,
                        0.0
                    ],
                    [
                        0.0,
                        0.0,
                        0.0,
                        0.0,
                        0.0,
                        0.0,
                        0.0,
                        0.0
                    ],
                    [
                        -0.0,
                        0.5676294324561566,
                        0.0,
                        0.0,
                        0.0,
                        0.0,
                        0.0,
                        0.0
                    ],
                    [
                        0.0,
                        0.6650636859834403,
                        -0.5547153909319451,
                        0.0,
                        0.0,
                        0.0,
                        0.0,
                        0.0
                    ],
                    [
                        0.8933328669602842,
                        0.0,
                        -0.6978648511124832,
                        0.7617051084976627,
                        0.0,
                        0.0,
                        0.0,
                        0.0
                    ],
                    [
                        -0.7937662625257824,
                        0.9869987266797692,
                        -0.725899557300973,
                        -0.8744736303513619,
                        0.7685426730066722,
                        0.0,
                        0.0,
                        0.0
                    ],
                    [
                        0.5210057140122399,
                        -0.0,
                        0.7254737793929767,
                        -0.976772195146892,
                        -0.9463249702239388,
                        0.5254502493168962,
                        0.0,
                        0.0
                    ],
                    [
                        -0.8284557308050768,
                        0.5279989883095169,
                        0.9357389003837038,
                        -0.5711010504448042,
                        0.5731185751732262,
                        -0.0,
                        -0.9876673607266622,
                        0.0
                    ]
                ]
            },
            "est_params": {
                "mui": [
                    -0.008394162370413419,
                    1.000001333341863,
                    0.5619564788839981,
                    0.35141593748255906,
                    -0.12364555857051163,
                    0.18479449100794215,
                    0.26818893862799376,
                    0.5191758332948462
                ],
                "Si": [
                    [
                        0.978749402088592,
                        5.172007541505095e-07,
                        0.03986026093026123,
                        -0.03925641407089949,
                        0.8169196440375204,
                        -0.1450392954239796,
                        -0.27817803423376813,
                        -0.010061719157120648
                    ],
                    [
                        5.172007541505094e-07,
                        1.0133275886129336e-06,
                        7.004742320785864e-07,
                        5.5510226638531094e-08,
                        -2.33356575268137e-06,
                        -1.9041408339198633e-06,
                        -8.507492854817497e-07,
                        -1.0608779324092921e-06
                    ],
                    [
                        0.039860260930261224,
                        7.004742320785864e-07,
                        1.0027933184931217,
                        -0.5667270883523999,
                        -1.0881062466268965,
                        -1.1013273080825858,
                        1.7341470613831866,
                        -1.1122682856125212
                    ],
                    [
                        -0.03925641407089949,
                        5.5510226638531054e-08,
                        -0.5667270883523999,
                        1.2789648004923535,
                        1.3233628732409468,
                        0.33317209992127067,
                        -2.7620771153315093,
                        2.259095959706384
                    ],
                    [
                        0.8169196440375204,
                        -2.33356575268137e-06,
                        -1.0881062466268967,
                        1.3233628732409468,
                        3.4962128706054316,
                        1.6748789226476721,
                        -4.097124471127717,
                        3.608164509350271
                    ],
                    [
                        -0.1450392954239796,
                        -1.9041408339198626e-06,
                        -1.101327308082586,
                        0.33317209992127067,
                        1.6748789226476717,
                        2.933495738720911,
                        -1.2286319484651052,
                        1.0736520909918654
                    ],
                    [
                        -0.27817803423376813,
                        -8.507492854817495e-07,
                        1.7341470613831866,
                        -2.7620771153315093,
                        -4.097124471127717,
                        -1.2286319484651052,
                        8.050817298670697,
                        -6.870453099499767
                    ],
                    [
                        -0.010061719157120652,
                        -1.060877932409293e-06,
                        -1.1122682856125212,
                        2.259095959706384,
                        3.608164509350271,
                        1.0736520909918654,
                        -6.870453099499767,
                        7.547291659134085
                    ]
                ]
            },
            "est_tgt": [
                1
            ],
            "oracle_est_tgt": [
                1
            ],
            "intv_base_est_tgt": [
                1,
                2,
                3,
                4,
                5,
                6,
                7
            ]
        },
        "2": {
            "intv_type": "do",
            "inode": 2,
            "new_mui": 1.0,
            "new_vari": null,
            "true_params": {
                "Si": [
                    [
                        1.0,
                        0.50410594288647,
                        0.0,
                        0.3352625565022334,
                        1.1487040689360217,
                        0.29343549194321206,
                        -0.7393310206850167,
                        0.6347996560341782
                    ],
                    [
                        0.50410594288647,
                        1.254122801653457,
                        0.0,
                        0.8340715331435271,
                        1.08565095485839,
                        0.9426708433683644,
                        -1.0841077834850383,
                        1.461151586089145
                    ],
                    [
                        0.0,
                        0.0,
                        1e-09,
                        -5.547153909319452e-10,
                        -1.120394398147624e-09,
                        -1.1018864811550167e-09,
                        1.7485750186996364e-09,
                        -1.1165918720072363e-09
                    ],
                    [
                        0.3352625565022334,
                        0.8340715331435271,
                        -5.547153909319452e-10,
                        1.5547106885140027,
                        1.483732134848725,
                        0.33786539614718525,
                        -2.5704857764985047,
                        2.6638811812746668
                    ],
                    [
                        1.1487040689360217,
                        1.08565095485839,
                        -1.120394398147624e-09,
                        1.483732134848725,
                        3.156341446729861,
                        1.2880320412910686,
                        -3.1609148799228897,
                        3.7051015247192103
                    ],
                    [
                        0.29343549194321206,
                        0.9426708433683644,
                        -1.1018864811550167e-09,
                        0.33786539614718525,
                        1.2880320412910686,
                        2.391948937543549,
                        -0.13918267499855086,
                        0.9373369265626237
                    ],
                    [
                        -0.7393310206850167,
                        -1.0841077834850383,
                        1.7485750186996364e-09,
                        -2.5704857764985047,
                        -3.1609148799228897,
                        -0.13918267499855086,
                        6.043702457794311,
                        -6.272644350834374
                    ],
                    [
                        0.6347996560341782,
                        1.461151586089145,
                        -1.1165918720072363e-09,
                        2.6638811812746668,
                        3.7051015247192103,
                        0.9373369265626237,
                        -6.272644350834374,
                        8.042986401821175
                    ]
                ],
                "mui": [
                    0.0,
                    0.0,
                    1.0,
                    -0.5547153909319451,
                    -1.1203943981476239,
                    -1.1018864811550166,
                    1.7485750186996363,
                    -1.1165918720072363
                ],
                "Ai": [
                    [
                        0.0,
                        0.0,
                        0.0,
                        0.0,
                        0.0,
                        0.0,
                        0.0,
                        0.0
                    ],
                    [
                        0.50410594288647,
                        0.0,
                        0.0,
                        0.0,
                        0.0,
                        0.0,
                        0.0,
                        0.0
                    ],
                    [
                        0.0,
                        0.0,
                        0.0,
                        0.0,
                        0.0,
                        0.0,
                        0.0,
                        0.0
                    ],
                    [
                        0.0,
                        0.6650636859834403,
                        -0.5547153909319451,
                        0.0,
                        0.0,
                        0.0,
                        0.0,
                        0.0
                    ],
                    [
                        0.8933328669602842,
                        0.0,
                        -0.6978648511124832,
                        0.7617051084976627,
                        0.0,
                        0.0,
                        0.0,
                        0.0
                    ],
                    [
                        -0.7937662625257824,
                        0.9869987266797692,
                        -0.725899557300973,
                        -0.8744736303513619,
                        0.7685426730066722,
                        0.0,
                        0.0,
                        0.0
                    ],
                    [
                        0.5210057140122399,
                        -0.0,
                        0.7254737793929767,
                        -0.976772195146892,
                        -0.9463249702239388,
                        0.5254502493168962,
                        0.0,
                        0.0
                    ],
                    [
                        -0.8284557308050768,
                        0.5279989883095169,
                        0.9357389003837038,
                        -0.5711010504448042,
                        0.5731185751732262,
                        -0.0,
                        -0.9876673607266622,
                        0.0
                    ]
                ]
            },
            "est_params": {
                "mui": [
                    -0.024867489107213044,
                    -0.010073991673033755,
                    0.9999992833805068,
                    -0.5541309241678126,
                    -1.153751378026471,
                    -1.1104643180417306,
                    1.7510989817325064,
                    -1.1057554401126437
                ],
                "Si": [
                    [
                        0.9982066337118171,
                        0.5143529255420928,
                        -8.089960671466482e-08,
                        0.3343612234854877,
                        1.1308802914387657,
                        0.2914727607530522,
                        -0.7528912160440806,
                        0.6557451126252135
                    ],
                    [
                        0.514352925542093,
                        1.2801645564060125,
                        -6.01557637868015e-07,
                        0.8365848135988205,
                        1.0959439559994486,
                        0.9582065113407131,
                        -1.0943818913230703,
                        1.479394836434673
                    ],
                    [
                        -8.089960671466485e-08,
                        -6.01557637868015e-07,
                        1.0118451740726724e-06,
                        6.464933812208699e-07,
                        -1.0187719453233951e-06,
                        -2.4628527422699346e-06,
                        -3.443164067567942e-07,
                        -1.2151768940957048e-06
                    ],
                    [
                        0.3343612234854877,
                        0.8365848135988205,
                        6.464933812208699e-07,
                        1.5474085773030228,
                        1.4847831824530262,
                        0.34960918569370797,
                        -2.569915343307841,
                        2.6631297177012683
                    ],
                    [
                        1.1308802914387657,
                        1.0959439559994488,
                        -1.0187719453233956e-06,
                        1.4847831824530262,
                        3.1223666048798306,
                        1.276855824401735,
                        -3.2009096694857067,
                        3.743582073766733
                    ],
                    [
                        0.2914727607530521,
                        0.958206511340713,
                        -2.4628527422699346e-06,
                        0.34960918569370797,
                        1.2768558244017352,
                        2.394369765469645,
                        -0.16544384373919163,
                        0.976489263774781
                    ],
                    [
                        -0.7528912160440806,
                        -1.0943818913230703,
                        -3.44316406756795e-07,
                        -2.5699153433078417,
                        -3.2009096694857075,
                        -0.16544384373919163,
                        6.133077046612971,
                        -6.346535109008263
                    ],
                    [
                        0.6557451126252136,
                        1.479394836434673,
                        -1.215176894095706e-06,
                        2.6631297177012683,
                        3.743582073766733,
                        0.976489263774781,
                        -6.346535109008263,
                        8.116491960937537
                    ]
                ]
            },
            "est_tgt": [
                2
            ],
            "oracle_est_tgt": [
                2
            ],
            "intv_base_est_tgt": []
        },
        "3": {
            "intv_type": "do",
            "inode": 3,
            "new_mui": 1.0,
            "new_vari": null,
            "true_params": {
                "Si": [
                    [
                        1.0,
                        0.50410594288647,
                        0.2861453702584227,
                        0.0,
                        0.6936420707483637,
                        0.029166394783386562,
                        0.0875113546930095,
                        0.01657609769954746
                    ],
                    [
                        0.50410594288647,
                        1.254122801653457,
                        0.7118770141328769,
                        0.0,
                        -0.04645953926775165,
                        0.28521797022270773,
                        0.9729238602946984,
                        -0.07687483864873709
                    ],
                    [
                        0.2861453702584227,
                        0.7118770141328769,
                        1.4040823455108282,
                        0.0,
                        -0.7242366530192116,
                        -1.1003403608085516,
                        1.2748974109026756,
                        -0.2215819982245956
                    ],
                    [
                        0.0,
                        0.0,
                        0.0,
                        1e-09,
                        7.617051084976628e-10,
                        -2.89070750223731e-10,
                        -1.8494850570406463e-09,
                        1.6921223210302792e-09
                    ],
                    [
                        0.6936420707483637,
                        -0.04645953926775165,
                        -0.7242366530192116,
                        7.617051084976628e-10,
                        2.125072564315554,
                        1.5624868339259397,
                        -1.354023354954473,
                        1.2783644854319258
                    ],
                    [
                        0.029166394783386562,
                        0.28521797022270773,
                        -1.1003403608085516,
                        -2.89070750223731e-10,
                        1.5624868339259397,
                        3.25793286218472,
                        -0.5498108934503649,
                        0.5353209557338001
                    ],
                    [
                        0.0875113546930095,
                        0.9729238602946984,
                        1.2748974109026756,
                        -1.8494850570406463e-09,
                        -1.354023354954473,
                        -0.5498108934503649,
                        2.96294640068759,
                        -2.0682467544162595
                    ],
                    [
                        0.01657609769954746,
                        -0.07687483864873709,
                        -0.2215819982245956,
                        1.6921223210302792e-09,
                        1.2783644854319258,
                        0.5353209557338001,
                        -2.0682467544162595,
                        3.5137289492121466
                    ]
                ],
                "mui": [
                    0.0,
                    0.0,
                    0.0,
                    1.0,
                    0.7617051084976627,
                    -0.28907075022373097,
                    -1.8494850570406463,
                    1.6921223210302792
                ],
                "Ai": [
                    [
                        0.0,
                        0.0,
                        0.0,
                        0.0,
                        0.0,
                        0.0,
                        0.0,
                        0.0
                    ],
                    [
                        0.50410594288647,
                        0.0,
                        0.0,
                        0.0,
                        0.0,
                        0.0,
                        0.0,
                        0.0
                    ],
                    [
                        -0.0,
                        0.5676294324561566,
                        0.0,
                        0.0,
                        0.0,
                        0.0,
                        0.0,
                        0.0
                    ],
                    [
                        0.0,
                        0.0,
                        0.0,
                        0.0,
                        0.0,
                        0.0,
                        0.0,
                        0.0
                    ],
                    [
                        0.8933328669602842,
                        0.0,
                        -0.6978648511124832,
                        0.7617051084976627,
                        0.0,
                        0.0,
                        0.0,
                        0.0
                    ],
                    [
                        -0.7937662625257824,
                        0.9869987266797692,
                        -0.725899557300973,
                        -0.8744736303513619,
                        0.7685426730066722,
                        0.0,
                        0.0,
                        0.0
                    ],
                    [
                        0.5210057140122399,
                        -0.0,
                        0.7254737793929767,
                        -0.976772195146892,
                        -0.9463249702239388,
                        0.5254502493168962,
                        0.0,
                        0.0
                    ],
                    [
                        -0.8284557308050768,
                        0.5279989883095169,
                        0.9357389003837038,
                        -0.5711010504448042,
                        0.5731185751732262,
                        -0.0,
                        -0.9876673607266622,
                        0.0
                    ]
                ]
            },
            "est_params": {
                "mui": [
                    0.01081431106595875,
                    -0.007624929214156835,
                    -0.011325415494377926,
                    1.0000008715037083,
                    0.774890185731279,
                    -0.27536637715842377,
                    -1.8556343515848053,
                    1.6985100149895616
                ],
                "Si": [
                    [
                        1.0128410560652221,
                        0.5145692045770802,
                        0.28506428939660766,
                        9.502839516538239e-08,
                        0.6962361646107359,
                        0.043555124161585676,
                        0.12054286097928667,
                        -0.02284662172400104
                    ],
                    [
                        0.5145692045770802,
                        1.272914031674205,
                        0.7068597523491887,
                        5.046498965142118e-07,
                        -0.023385696739359366,
                        0.32891744588070776,
                        0.9761298499700279,
                        -0.054759788009869616
                    ],
                    [
                        0.28506428939660766,
                        0.7068597523491887,
                        1.3800277984063,
                        -1.5870450713300287e-06,
                        -0.6881480470233957,
                        -1.0343746791411963,
                        1.2588565721484055,
                        -0.21392852080532518
                    ],
                    [
                        9.502839516538275e-08,
                        5.046498965142116e-07,
                        -1.5870450713300283e-06,
                        1.0148293076078416e-06,
                        1.1514718688856055e-06,
                        2.062581754360409e-06,
                        -3.3746061062427074e-07,
                        1.0255623352886979e-06
                    ],
                    [
                        0.6962361646107359,
                        -0.023385696739359366,
                        -0.6881480470233957,
                        1.1514718688856055e-06,
                        2.0768612708796543,
