{
    "expt_args": {
        "save_dir": "all_expt_logs/expt_logs_11.05.24-all_intv_weight_error_all_comp_utigsp_large_sample",
        "exp_name": "223",
        "num_nodes": 8,
        "obs_noise_mean": 0.0,
        "obs_noise_var": 1.0,
        "max_edge_strength": 1.0,
        "graph_sparsity_method": "adj_dense_prop",
        "adj_dense_prop": 0.8,
        "num_parents": null,
        "new_noise_mean": 1.0,
        "mix_samples": 8192,
        "stage2_samples": 8192,
        "gmm_tol": 0.001,
        "intv_type": "do",
        "new_noise_var": null,
        "intv_targets": [
            0,
            1,
            2,
            3,
            4,
            5,
            6,
            7
        ]
    },
    "intv_args_dict": {
        "0": {
            "intv_type": "do",
            "inode": 0,
            "new_mui": 1.0,
            "new_vari": null,
            "true_params": {
                "Si": [
                    [
                        1e-09,
                        0.0,
                        -8.168340690779098e-10,
                        -3.5901197187316913e-10,
                        5.015091857204816e-10,
                        -2.944163505305735e-10,
                        1.6093648627608475e-09,
                        -1.3466231090713765e-10
                    ],
                    [
                        0.0,
                        1.0,
                        -0.8545694384262866,
                        0.06518549861209977,
                        -1.5488639195622758,
                        -0.958834181691239,
                        -0.022398720711171438,
                        0.5263538905169478
                    ],
                    [
                        -8.168340690779098e-10,
                        -0.8545694384262866,
                        1.730288925759437,
                        -0.751123622753372,
                        2.651215436264326,
                        1.8959420500187363,
                        -1.3894362243930642,
                        -0.20300772219449625
                    ],
                    [
                        -3.5901197187316913e-10,
                        0.06518549861209977,
                        -0.751123622753372,
                        1.487855466620623,
                        -2.0095680979163,
                        -0.9535343917352506,
                        1.171730170728384,
                        -0.08087653298061512
                    ],
                    [
                        5.015091857204816e-10,
                        -1.5488639195622758,
                        2.651215436264326,
                        -2.0095680979163,
                        6.132455174283745,
                        3.7282164749286695,
                        -1.9499657556779908,
                        -0.8125319115060179
                    ],
                    [
                        -2.944163505305735e-10,
                        -0.958834181691239,
                        1.8959420500187363,
                        -0.9535343917352506,
                        3.7282164749286695,
                        3.552313293399658,
                        -2.3312003668776318,
                        0.953699991641586
                    ],
                    [
                        1.6093648627608475e-09,
                        -0.022398720711171438,
                        -1.3894362243930642,
                        1.171730170728384,
                        -1.9499657556779908,
                        -2.3312003668776318,
                        3.767516598294977,
                        -2.095398082848071
                    ],
                    [
                        -1.3466231090713765e-10,
                        0.5263538905169478,
                        -0.20300772219449625,
                        -0.08087653298061512,
                        -0.8125319115060179,
                        0.953699991641586,
                        -2.095398082848071,
                        3.613132816778191
                    ]
                ],
                "mui": [
                    1.0,
                    0.0,
                    -0.8168340690779098,
                    -0.35901197187316913,
                    0.5015091857204815,
                    -0.2944163505305735,
                    1.6093648627608474,
                    -0.13466231090713765
                ],
                "Ai": [
                    [
                        0.0,
                        0.0,
                        0.0,
                        0.0,
                        0.0,
                        0.0,
                        0.0,
                        0.0
                    ],
                    [
                        0.0,
                        0.0,
                        0.0,
                        0.0,
                        0.0,
                        0.0,
                        0.0,
                        0.0
                    ],
                    [
                        -0.8168340690779098,
                        -0.8545694384262866,
                        0.0,
                        0.0,
                        0.0,
                        0.0,
                        0.0,
                        0.0
                    ],
                    [
                        -0.9270531584896587,
                        -0.5290975464105419,
                        -0.6954180881041456,
                        0.0,
                        0.0,
                        0.0,
                        0.0,
                        0.0
                    ],
                    [
                        0.6724553302331272,
                        -0.9356886178257678,
                        0.6423630034511658,
                        -0.9853650271764536,
                        0.0,
                        0.0,
                        0.0,
                        0.0
                    ],
                    [
                        0.0,
                        0.516086358493518,
                        0.544853566368735,
                        0.5213470838958735,
                        0.6735837734905906,
                        0.0,
                        0.0,
                        0.0
                    ],
                    [
                        0.5870774423305832,
                        -0.6085488340828458,
                        -0.8542703744941162,
                        0.7170713655885141,
                        0.6554720007537811,
                        -0.8600142263034637,
                        0.0,
                        0.0
                    ],
                    [
                        0.6160458815289414,
                        -0.5254103288175678,
                        -0.7533806699429879,
                        -0.543919257264793,
                        -0.8478373538139523,
                        0.9196849123971299,
                        -0.5377277951473689,
                        0.0
                    ]
                ]
            },
            "est_params": {
                "mui": [
                    1.0000029211248984,
                    -0.011893365481618805,
                    -0.8275753640338686,
                    -0.34371326679459624,
                    0.44965531456448804,
                    -0.35238508948356023,
                    1.6508517456107348,
                    -0.2140365590369419
                ],
                "Si": [
                    [
                        1.0100379112074357e-06,
                        -4.391837338479814e-07,
                        2.5657670592313695e-07,
                        -3.0649812213969555e-06,
                        7.1376943383173865e-06,
                        7.191614926134023e-06,
                        -5.9162741893631026e-06,
                        3.6919085643876255e-06
                    ],
                    [
                        -4.39183733847981e-07,
                        0.9837550544307486,
                        -0.8517797255913694,
                        0.06948481116356163,
                        -1.5038046506399638,
                        -0.9062841661656259,
                        -0.07595144045482914,
                        0.5571072922563729
                    ],
                    [
                        2.565767059231365e-07,
                        -0.8517797255913692,
                        1.714207190310093,
                        -0.669036213325264,
                        2.532006678272382,
                        1.8851707011049794,
                        -1.3180248326333281,
                        -0.15712957346713038
                    ],
                    [
                        -3.064981221396955e-06,
                        0.06948481116356163,
                        -0.6690362133252639,
                        1.4369429350292655,
                        -1.9282125039921831,
                        -0.9021048261798987,
                        1.04645418427658,
                        -0.1284280411010305
                    ],
                    [
                        7.137694338317386e-06,
                        -1.5038046506399636,
                        2.532006678272382,
                        -1.9282125039921834,
                        5.882866184536338,
                        3.52763418318036,
                        -1.6752968192810527,
                        -0.8688626258335963
                    ],
                    [
                        7.19161492613402e-06,
                        -0.9062841661656258,
                        1.8851707011049794,
                        -0.9021048261798987,
                        3.52763418318036,
                        3.4840322713380445,
                        -2.390001857866187,
                        0.9803514172039416
                    ],
                    [
                        -5.916274189363102e-06,
                        -0.07595144045482916,
                        -1.3180248326333281,
                        1.04645418427658,
                        -1.6752968192810527,
                        -2.390001857866187,
                        3.9589271698984003,
                        -2.405957838725085
                    ],
                    [
                        3.6919085643876255e-06,
                        0.557107292256373,
                        -0.1571295734671303,
                        -0.12842804110103048,
                        -0.8688626258335963,
                        0.9803514172039413,
                        -2.405957838725085,
                        3.6881223168383004
                    ]
                ]
            },
            "est_tgt": [
                0,
                2,
                3,
                6,
                7
            ],
            "oracle_est_tgt": [
                0,
                2,
                3,
                4,
                5,
                6
            ],
            "intv_base_est_tgt": [
                0,
                4,
                5,
                7
            ]
        },
        "1": {
            "intv_type": "do",
            "inode": 1,
            "new_mui": 1.0,
            "new_vari": null,
            "true_params": {
                "Si": [
                    [
                        1.0,
                        0.0,
                        -0.8168340690779098,
                        -0.35901197187316913,
                        0.5015091857204815,
                        -0.2944163505305735,
                        1.6093648627608474,
                        -0.13466231090713765
                    ],
                    [
                        0.0,
                        1e-09,
                        -8.545694384262867e-10,
                        6.518549861209977e-11,
                        -1.548863919562276e-09,
                        -9.588341816912391e-10,
                        -2.239872071117144e-11,
                        5.263538905169479e-10
                    ],
                    [
                        -0.8168340690779098,
                        -8.545694384262867e-10,
                        1.6672178971366645,
                        -0.4021648783270063,
                        0.9179538792065064,
                        1.3170409680127837,
                        -2.7231615347189067,
                        0.35679498924797215
                    ],
                    [
                        -0.35901197187316913,
                        6.518549861209977e-11,
                        -0.4021648783270063,
                        1.6124959132149357,
                        -2.088652432636275,
                        -0.7853333131279002,
                        0.5954089902393721,
                        -0.0668417920186464
                    ],
                    [
                        0.5015091857204815,
                        -1.548863919562276e-09,
                        0.9179538792065064,
                        -2.088652432636275,
                        3.984987198471417,
                        2.095460303479462,
                        -1.1775470649539481,
                        -0.06481574820107835
                    ],
                    [
                        -0.2944163505305735,
                        -9.588341816912391e-10,
                        1.3170409680127837,
                        -0.7853333131279002,
                        2.095460303479462,
                        2.719631293712574,
                        -2.8265003549925445,
                        1.4980328791223636
                    ],
                    [
                        1.6093648627608474,
                        -2.239872071117144e-11,
                        -2.7231615347189067,
                        0.5954089902393721,
                        -1.1775470649539481,
                        -2.8265003549925445,
                        6.357070154505168,
                        -2.3003292203663364
                    ],
                    [
                        -0.13466231090713765,
                        5.263538905169479e-10,
                        0.35679498924797215,
                        -0.0668417920186464,
                        -0.06481574820107835,
                        1.4980328791223636,
                        -2.3003292203663364,
                        3.354218336953629
                    ]
                ],
                "mui": [
                    0.0,
                    1.0,
                    -0.8545694384262866,
                    0.06518549861209977,
                    -1.5488639195622758,
                    -0.958834181691239,
                    -0.022398720711171438,
                    0.5263538905169478
                ],
                "Ai": [
                    [
                        0.0,
                        0.0,
                        0.0,
                        0.0,
                        0.0,
                        0.0,
                        0.0,
                        0.0
                    ],
                    [
                        0.0,
                        0.0,
                        0.0,
                        0.0,
                        0.0,
                        0.0,
                        0.0,
                        0.0
                    ],
                    [
                        -0.8168340690779098,
                        -0.8545694384262866,
                        0.0,
                        0.0,
                        0.0,
                        0.0,
                        0.0,
                        0.0
                    ],
                    [
                        -0.9270531584896587,
                        -0.5290975464105419,
                        -0.6954180881041456,
                        0.0,
                        0.0,
                        0.0,
                        0.0,
                        0.0
                    ],
                    [
                        0.6724553302331272,
                        -0.9356886178257678,
                        0.6423630034511658,
                        -0.9853650271764536,
                        0.0,
                        0.0,
                        0.0,
                        0.0
                    ],
                    [
                        0.0,
                        0.516086358493518,
                        0.544853566368735,
                        0.5213470838958735,
                        0.6735837734905906,
                        0.0,
                        0.0,
                        0.0
                    ],
                    [
                        0.5870774423305832,
                        -0.6085488340828458,
                        -0.8542703744941162,
                        0.7170713655885141,
                        0.6554720007537811,
                        -0.8600142263034637,
                        0.0,
                        0.0
                    ],
                    [
                        0.6160458815289414,
                        -0.5254103288175678,
                        -0.7533806699429879,
                        -0.543919257264793,
                        -0.8478373538139523,
                        0.9196849123971299,
                        -0.5377277951473689,
                        0.0
                    ]
                ]
            },
            "est_params": {
                "mui": [
                    0.056633597949936484,
                    0.999998554950211,
                    -0.9200612836635101,
                    0.009204932906206392,
                    -1.5437423362226446,
                    -1.0235474170026697,
                    0.07881143244771409,
                    0.5514179815539185
                ],
                "Si": [
                    [
                        0.9824537761908418,
                        -2.5180353151205834e-06,
                        -0.7994450328228723,
                        -0.3396014672865296,
                        0.4504134326515022,
                        -0.29141034140867134,
                        1.547577870903673,
                        -0.08542232416489653
                    ],
                    [
                        -2.5180353151205817e-06,
                        1.0054378945916461e-06,
                        1.6380249090052527e-06,
                        2.7052033183797176e-06,
                        -1.5752070619882677e-06,
                        3.1554812890003396e-06,
                        -5.056684646236007e-06,
                        3.953168930249181e-06
                    ],
                    [
                        -0.7994450328228723,
                        1.6380249090052527e-06,
                        1.7638161997889603,
                        -0.4405345365924392,
                        1.0295849412816749,
                        1.398871499675413,
                        -2.835261896357941,
                        0.3879607180881221
                    ],
                    [
                        -0.33960146728652957,
                        2.705203318379718e-06,
                        -0.4405345365924392,
                        1.6540994230754742,
                        -2.1071134474072117,
                        -0.8202815901121716,
                        0.746953482572673,
                        -0.18164027570256722
                    ],
                    [
                        0.4504134326515022,
                        -1.5752070619882673e-06,
                        1.0295849412816749,
                        -2.1071134474072117,
                        4.03546729029102,
                        2.2385578954746665,
                        -1.49032179467114,
                        0.12289874365894678
                    ],
                    [
                        -0.29141034140867134,
                        3.1554812890003396e-06,
                        1.398871499675413,
                        -0.8202815901121717,
                        2.2385578954746665,
                        2.8567290638194156,
                        -3.0329408201575982,
                        1.6259232721218158
                    ],
                    [
                        1.547577870903673,
                        -5.056684646236007e-06,
                        -2.835261896357941,
                        0.746953482572673,
                        -1.49032179467114,
                        -3.0329408201575982,
                        6.631691434528844,
                        -2.5131287595830654
                    ],
                    [
                        -0.08542232416489653,
                        3.953168930249182e-06,
                        0.3879607180881221,
                        -0.18164027570256722,
                        0.12289874365894679,
                        1.6259232721218158,
                        -2.5131287595830654,
                        3.591326831546503
                    ]
                ]
            },
            "est_tgt": [
                0,
                1
            ],
            "oracle_est_tgt": [
                1
            ],
            "intv_base_est_tgt": [
                1,
                2,
                4,
                5,
                7
            ]
        },
        "2": {
            "intv_type": "do",
            "inode": 2,
            "new_mui": 1.0,
            "new_vari": null,
            "true_params": {
                "Si": [
                    [
                        1.0,
                        0.0,
                        0.0,
                        -0.9270531584896587,
                        1.5859410909423068,
                        0.5849477237756604,
                        0.45879078386594974,
                        0.0669308885456274
                    ],
                    [
                        0.0,
                        1.0,
                        0.0,
                        -0.5290975464105419,
                        -0.4143343996279494,
                        -0.03884603281243207,
                        -1.2261259912680913,
                        0.7372601121947269
                    ],
                    [
                        0.0,
                        0.0,
                        1e-09,
                        -6.954180881041457e-10,
                        1.3276036667349048e-09,
                        1.0765516615864368e-09,
                        -1.4085774852580934e-09,
                        2.4679822632806625e-10
                    ],
                    [
                        -0.9270531584896587,
                        -0.5290975464105419,
                        -6.954180881041457e-10,
                        2.139371772766914,
                        -2.236393411399661,
                        -0.6641031043526752,
                        0.4170567906200834,
                        -0.3956902313551302
                    ],
                    [
                        1.5859410909423068,
                        -0.4143343996279494,
                        1.3276036667349048e-09,
                        -2.236393411399661,
                        4.657826377199312,
                        1.757666753161525,
                        1.1210156383387846,
                        -0.5242553709427589
                    ],
                    [
                        0.5849477237756604,
                        -0.03884603281243207,
                        1.0765516615864368e-09,
                        -0.6641031043526752,
                        1.757666753161525,
                        1.8176596802435059,
                        -0.5202718395357824,
                        1.2032064935268163
                    ],
                    [
                        0.45879078386594974,
                        -1.2261259912680913,
                        -1.4085774852580934e-09,
                        0.4170567906200834,
                        1.1210156383387846,
                        -0.5202718395357824,
                        3.496798292846994,
                        -2.609240515249203
                    ],
                    [
                        0.0669308885456274,
                        0.7372601121947269,
                        2.4679822632806625e-10,
                        -0.3956902313551302,
                        -0.5242553709427589,
                        1.2032064935268163,
                        -2.609240515249203,
                        3.8232072511148485
                    ]
                ],
                "mui": [
                    0.0,
                    0.0,
                    1.0,
                    -0.6954180881041456,
                    1.3276036667349047,
                    1.0765516615864368,
                    -1.4085774852580932,
                    0.24679822632806625
                ],
                "Ai": [
                    [
                        0.0,
                        0.0,
                        0.0,
                        0.0,
                        0.0,
                        0.0,
                        0.0,
                        0.0
                    ],
                    [
                        0.0,
                        0.0,
                        0.0,
                        0.0,
                        0.0,
                        0.0,
                        0.0,
                        0.0
                    ],
                    [
                        0.0,
                        0.0,
                        0.0,
                        0.0,
                        0.0,
                        0.0,
                        0.0,
                        0.0
                    ],
                    [
                        -0.9270531584896587,
                        -0.5290975464105419,
                        -0.6954180881041456,
                        0.0,
                        0.0,
                        0.0,
                        0.0,
                        0.0
                    ],
                    [
                        0.6724553302331272,
                        -0.9356886178257678,
                        0.6423630034511658,
                        -0.9853650271764536,
                        0.0,
                        0.0,
                        0.0,
                        0.0
                    ],
                    [
                        0.0,
                        0.516086358493518,
                        0.544853566368735,
                        0.5213470838958735,
                        0.6735837734905906,
                        0.0,
                        0.0,
                        0.0
                    ],
                    [
                        0.5870774423305832,
                        -0.6085488340828458,
                        -0.8542703744941162,
                        0.7170713655885141,
                        0.6554720007537811,
                        -0.8600142263034637,
                        0.0,
                        0.0
                    ],
                    [
                        0.6160458815289414,
                        -0.5254103288175678,
                        -0.7533806699429879,
                        -0.543919257264793,
                        -0.8478373538139523,
                        0.9196849123971299,
                        -0.5377277951473689,
                        0.0
                    ]
                ]
            },
            "est_params": {
                "mui": [
                    0.05660443320563189,
                    -0.04540277799997137,
                    0.9999988958961527,
                    -0.741022265101847,
                    1.4248708873685463,
                    1.0851671141783654,
                    -1.39050634444452,
                    0.26428645873392964
                ],
                "Si": [
                    [
                        1.0107326945548654,
                        -0.025416750576534843,
                        1.224169573281073e-06,
                        -0.8735859444283235,
                        1.5858951662306633,
                        0.6322665769834854,
                        0.5495998339715028,
                        0.0496123216213133
                    ],
                    [
                        -0.025416750576534832,
                        0.9968410196262817,
                        1.938519718011074e-06,
                        -0.5259835547598315,
                        -0.43718777408276477,
                        -0.028562599454373092,
                        -1.2988363029584564,
                        0.8623321922481691
                    ],
                    [
                        1.2241695732810726e-06,
                        1.9385197180110736e-06,
                        1.0039577537331642e-06,
                        -1.3202159292582484e-06,
                        -1.2865146721514365e-06,
                        -4.193542515796697e-07,
                        5.210111771347978e-07,
                        -7.596631021107961e-08
                    ],
                    [
                        -0.8735859444283235,
                        -0.5259835547598315,
                        -1.3202159292582482e-06,
                        2.0629695537875694,
                        -2.1251412335781037,
                        -0.6973421807215464,
                        0.44721560966822416,
                        -0.46554189639930066
                    ],
                    [
                        1.5858951662306633,
                        -0.43718777408276477,
                        -1.286514672151437e-06,
                        -2.1251412335781037,
                        4.5893147988250425,
                        1.84851805721366,
                        1.2413583144205318,
                        -0.5816867845064323
                    ],
                    [
                        0.6322665769834854,
                        -0.028562599454373092,
                        -4.193542515796693e-07,
                        -0.6973421807215465,
                        1.84851805721366,
                        1.9705910506061945,
                        -0.5190691006317383,
                        1.318658366497005
                    ],
                    [
                        0.5495998339715028,
                        -1.2988363029584562,
                        5.210111771347976e-07,
                        0.44721560966822416,
                        1.2413583144205318,
                        -0.5190691006317383,
                        3.824681362759718,
                        -2.9139836886192545
                    ],
                    [
                        0.04961232162131329,
                        0.8623321922481691,
                        -7.596631021107937e-08,
                        -0.4655418963993007,
                        -0.5816867845064324,
                        1.3186583664970046,
                        -2.9139836886192545,
                        4.1817712230417525
                    ]
                ]
            },
            "est_tgt": [
                0,
                2,
                3,
                4,
                6,
                7
            ],
            "oracle_est_tgt": [
                0,
                2,
                3,
                5,
                6,
                7
            ],
            "intv_base_est_tgt": [
                2,
                3,
                4,
                5,
                6,
                7
            ]
        },
        "3": {
            "intv_type": "do",
            "inode": 3,
            "new_mui": 1.0,
            "new_vari": null,
            "true_params": {
                "Si": [
                    [
                        1.0,
                        0.0,
                        -0.8168340690779098,
                        0.0,
                        0.14775134429900402,
                        -0.34553204763735423,
                        1.6788839342949418,
                        -0.11439939630832807
                    ],
                    [
                        0.0,
                        1.0,
                        -0.8545694384262866,
                        0.0,
                        -1.4846324089508534,
                        -0.9495531480103129,
                        -0.03502123944600921,
                        0.522674770334503
                    ],
                    [
                        -0.8168340690779098,
                        -0.8545694384262866,
                        2.3975068214985944,
                        0.0,
                        1.790396155662275,
                        2.071240311103648,
                        -2.615358254287916,
                        -0.06716839710636852
                    ],
                    [
                        0.0,
                        0.0,
                        0.0,
                        1e-09,
                        -9.853650271764536e-10,
                        -1.4237880937530046e-10,
                        1.9363998133926764e-10,
                        5.644077687183175e-11
                    ],
                    [
                        0.14775134429900402,
                        -1.4846324089508534,
                        1.790396155662275,
                        -9.853650271764536e-10,
                        3.6385940786231235,
                        2.660203126154323,
                        -0.44208558498010797,
                        -0.8784526346837309
                    ],
                    [
                        -0.34553204763735423,
                        -0.9495531480103129,
                        2.071240311103648,
                        -1.4237880937530046e-10,
                        2.660203126154323,
                        3.430340903851078,
                        -2.600857158855507,
                        1.0235754038167613
                    ],
                    [
                        1.6788839342949418,
                        -0.03502123944600921,
                        -2.615358254287916,
                        1.9363998133926764e-10,
                        -0.44208558498010797,
                        -2.600857158855507,
                        6.188169530322083,
                        -2.32167276543741
                    ],
                    [
                        -0.11439939630832807,
                        0.522674770334503,
                        -0.06716839710636852,
                        5.644077687183175e-11,
                        -0.8784526346837309,
                        1.0235754038167613,
                        -2.32167276543741,
                        3.6400891621336298
                    ]
                ],
                "mui": [
                    0.0,
                    0.0,
                    0.0,
                    1.0,
                    -0.9853650271764536,
                    -0.14237880937530045,
                    0.19363998133926763,
                    0.056440776871831744
                ],
                "Ai": [
                    [
                        0.0,
                        0.0,
                        0.0,
                        0.0,
                        0.0,
                        0.0,
                        0.0,
                        0.0
                    ],
                    [
                        0.0,
                        0.0,
                        0.0,
                        0.0,
                        0.0,
                        0.0,
                        0.0,
                        0.0
                    ],
                    [
                        -0.8168340690779098,
                        -0.8545694384262866,
                        0.0,
                        0.0,
                        0.0,
                        0.0,
                        0.0,
                        0.0
                    ],
                    [
                        0.0,
                        0.0,
                        0.0,
                        0.0,
                        0.0,
                        0.0,
                        0.0,
                        0.0
                    ],
                    [
                        0.6724553302331272,
                        -0.9356886178257678,
                        0.6423630034511658,
                        -0.9853650271764536,
                        0.0,
                        0.0,
                        0.0,
                        0.0
                    ],
                    [
                        0.0,
                        0.516086358493518,
                        0.544853566368735,
                        0.5213470838958735,
                        0.6735837734905906,
                        0.0,
                        0.0,
                        0.0
                    ],
                    [
                        0.5870774423305832,
                        -0.6085488340828458,
                        -0.8542703744941162,
                        0.7170713655885141,
                        0.6554720007537811,
                        -0.8600142263034637,
                        0.0,
                        0.0
                    ],
                    [
                        0.6160458815289414,
                        -0.5254103288175678,
                        -0.7533806699429879,
                        -0.543919257264793,
                        -0.8478373538139523,
                        0.9196849123971299,
                        -0.5377277951473689,
                        0.0
                    ]
                ]
            },
            "est_params": {
                "mui": [
                    -0.014723639022814723,
                    0.023941442709496143,
                    -0.06689676021320572,
                    0.9999965927563979,
                    -1.0487639891047642,
                    -0.1986388125945718,
                    0.2105346238159215,
                    0.05971673182055216
                ],
                "Si": [
                    [
                        1.0178286637901195,
                        -0.032902993507733784,
                        -0.8087999811326239,
                        -6.3637119144672365e-06,
                        0.17969789854647567,
                        -0.3467777599330416,
                        1.7414522842644948,
                        -0.1389993962556114
                    ],
                    [
                        -0.0329029935077338,
                        0.9985844221820107,
                        -0.8147547062004291,
                        -4.321549064713228e-06,
                        -1.4405832251852184,
                        -0.8895996046855033,
                        -0.11692842211622502,
                        0.5466988441406228
                    ],
                    [
                        -0.8087999811326239,
                        -0.8147547062004291,
                        2.4159605229700003,
                        1.3136380716390091e-05,
                        1.7158023107919602,
                        2.0107343741721873,
                        -2.6449553617244823,
                        -0.08528005150883596
                    ],
                    [
                        -6.3637119144672365e-06,
