{
    "expt_args": {
        "save_dir": "all_expt_logs/expt_logs_11.05.24-all_intv_weight_error_all_comp_utigsp_large_sample",
        "exp_name": "11",
        "num_nodes": 6,
        "obs_noise_mean": 0.0,
        "obs_noise_var": 1.0,
        "max_edge_strength": 1.0,
        "graph_sparsity_method": "adj_dense_prop",
        "adj_dense_prop": 0.8,
        "num_parents": null,
        "new_noise_mean": 1.0,
        "mix_samples": 1024,
        "stage2_samples": 1024,
        "gmm_tol": 0.001,
        "intv_type": "do",
        "new_noise_var": null,
        "intv_targets": [
            0,
            1,
            2,
            3,
            4,
            5
        ]
    },
    "intv_args_dict": {
        "0": {
            "intv_type": "do",
            "inode": 0,
            "new_mui": 1.0,
            "new_vari": null,
            "true_params": {
                "Si": [
                    [
                        1e-09,
                        -9.067152608472372e-10,
                        5.105318837658957e-10,
                        9.073466600273206e-11,
                        1.023286409827551e-09,
                        2.412874705202088e-09
                    ],
                    [
                        -9.067152608472372e-10,
                        1.0000000008221326,
                        -0.5630564591011495,
                        0.9982682059033158,
                        -1.128564230531056,
                        -2.4229787728153354
                    ],
                    [
                        5.105318837658957e-10,
                        -0.5630564591011495,
                        1.3170325758748818,
                        -1.1821444337901377,
                        1.2158667440440616,
                        2.3644698545515457
                    ],
                    [
                        9.073466600273206e-11,
                        0.9982682059033158,
                        -1.1821444337901377,
                        2.3810176255919178,
                        -1.486507643985588,
                        -3.790211714689686
                    ],
                    [
                        1.023286409827551e-09,
                        -1.128564230531056,
                        1.2158667440440616,
                        -1.486507643985588,
                        2.6105461823998737,
                        4.235693228497362
                    ],
                    [
                        2.412874705202088e-09,
                        -2.4229787728153354,
                        2.3644698545515457,
                        -3.790211714689686,
                        4.235693228497362,
                        9.283221333426642
                    ]
                ],
                "mui": [
                    1.0,
                    -0.9067152608472371,
                    0.5105318837658956,
                    0.09073466600273206,
                    1.023286409827551,
                    2.412874705202088
                ],
                "Ai": [
                    [
                        0.0,
                        0.0,
                        0.0,
                        0.0,
                        0.0,
                        0.0
                    ],
                    [
                        -0.9067152608472371,
                        0.0,
                        0.0,
                        0.0,
                        0.0,
                        0.0
                    ],
                    [
                        -0.0,
                        -0.5630564586382425,
                        0.0,
                        0.0,
                        0.0,
                        0.0
                    ],
                    [
                        0.9958796827884564,
                        0.6491376879681346,
                        -0.6200630730030647,
                        0.0,
                        0.0,
                        0.0
                    ],
                    [
                        0.0,
                        -0.8017542312771292,
                        0.580421365055452,
                        -0.0,
                        0.0,
                        0.0
                    ],
                    [
                        0.964071946266834,
                        -0.6339990641560143,
                        -0.0,
                        -0.751244434475063,
                        0.9206709244867269,
                        0.0
                    ]
                ]
            },
            "est_params": {
                "mui": [
                    0.9999970403207779,
                    -1.0307799735973835,
                    0.5582857213125213,
                    -0.04800791388194101,
                    1.0615344093165697,
                    2.535683505716577
                ],
                "Si": [
                    [
                        1.0011326847165452e-06,
                        -2.0118306980487244e-06,
                        5.705492587291038e-06,
                        -4.334728569606532e-06,
                        -1.1210043454972676e-06,
                        2.549211820758327e-06
                    ],
                    [
                        -2.011830698048725e-06,
                        1.09564640321315,
                        -0.5605444115926815,
                        1.0587930069989733,
                        -1.1592697682667814,
                        -2.5800121751453786
                    ],
                    [
                        5.705492587291037e-06,
                        -0.5605444115926815,
                        1.4044239219306573,
                        -1.3481620683627178,
                        1.1536793961899148,
                        2.588219180312801
                    ],
                    [
                        -4.334728569606532e-06,
                        1.0587930069989733,
                        -1.3481620683627178,
                        2.5617749594771047,
                        -1.5601418925133248,
                        -4.267708927922434
                    ],
                    [
                        -1.1210043454972667e-06,
                        -1.1592697682667816,
                        1.153679396189915,
                        -1.5601418925133248,
                        2.4932928726860104,
                        4.287659757610068
                    ],
                    [
                        2.5492118207583293e-06,
                        -2.5800121751453786,
                        2.588219180312801,
                        -4.267708927922434,
                        4.287659757610068,
                        10.20807344498004
                    ]
                ]
            },
            "est_tgt": [
                0
            ],
            "oracle_est_tgt": [
                0
            ],
            "intv_base_est_tgt": [
                0,
                1,
                2,
                5
            ]
        },
        "1": {
            "intv_type": "do",
            "inode": 1,
            "new_mui": 1.0,
            "new_vari": null,
            "true_params": {
                "Si": [
                    [
                        1.0,
                        0.0,
                        0.0,
                        0.9958796827884564,
                        0.0,
                        0.215922877165215
                    ],
                    [
                        0.0,
                        1e-09,
                        -5.630564586382425e-10,
                        9.982682059855864e-10,
                        -1.1285642296032266e-09,
                        -2.422978770627545e-09
                    ],
                    [
                        0.0,
                        -5.630564586382425e-10,
                        1.0000000003170326,
                        -0.6200630735651461,
                        0.5804213656908974,
                        1.000196008738782
                    ],
                    [
                        0.9958796827884564,
                        9.982682059855864e-10,
                        -0.6200630735651461,
                        2.37625455808938,
                        -0.35989785637952704,
                        -1.156395840413814
                    ],
                    [
                        0.0,
                        -1.1285642296032266e-09,
                        0.5804213656908974,
                        -0.35989785637952704,
                        1.3368889622864915,
                        1.5012060591445393
                    ],
                    [
                        0.215922877165215,
                        -2.422978770627545e-09,
                        1.000196008738782,
                        -1.156395840413814,
                        1.5012060591445393,
                        3.4590178994470397
                    ]
                ],
                "mui": [
                    0.0,
                    1.0,
                    -0.5630564586382425,
                    0.9982682059855863,
                    -1.1285642296032266,
                    -2.422978770627545
                ],
                "Ai": [
                    [
                        0.0,
                        0.0,
                        0.0,
                        0.0,
                        0.0,
                        0.0
                    ],
                    [
                        0.0,
                        0.0,
                        0.0,
                        0.0,
                        0.0,
                        0.0
                    ],
                    [
                        -0.0,
                        -0.5630564586382425,
                        0.0,
                        0.0,
                        0.0,
                        0.0
                    ],
                    [
                        0.9958796827884564,
                        0.6491376879681346,
                        -0.6200630730030647,
                        0.0,
                        0.0,
                        0.0
                    ],
                    [
                        0.0,
                        -0.8017542312771292,
                        0.580421365055452,
                        -0.0,
                        0.0,
                        0.0
                    ],
                    [
                        0.964071946266834,
                        -0.6339990641560143,
                        -0.0,
                        -0.751244434475063,
                        0.9206709244867269,
                        0.0
                    ]
                ]
            },
            "est_params": {
                "mui": [
                    0.06608820932021735,
                    1.0000018392224688,
                    -0.5554484316500553,
                    1.1234909549897685,
                    -1.1488556470788132,
                    -2.562605498113882
                ],
                "Si": [
                    [
                        0.9055229442891225,
                        1.0233780800975535e-06,
                        -0.06607357337139456,
                        0.8465085550453542,
                        -0.09397648844557517,
                        0.16635342747027612
                    ],
                    [
                        1.0233780800975535e-06,
                        1.0053031320567509e-06,
                        8.78265218085922e-07,
                        -8.445239308115517e-06,
                        -8.470705492210762e-07,
                        6.977895722991457e-06
                    ],
                    [
                        -0.06607357337139456,
                        8.782652180859224e-07,
                        1.1265702747050996,
                        -0.719823612170954,
                        0.6216565702075788,
                        1.0000790680089873
                    ],
                    [
                        0.846508555045354,
                        -8.445239308115516e-06,
                        -0.719823612170954,
                        2.0807079700636364,
                        -0.49814268821872176,
                        -0.983716095796181
                    ],
                    [
                        -0.09397648844557517,
                        -8.470705492210774e-07,
                        0.6216565702075787,
                        -0.49814268821872176,
                        1.3237556255049154,
                        1.3874962822398116
                    ],
                    [
                        0.16635342747027612,
                        6.977895722991457e-06,
                        1.0000790680089873,
                        -0.9837160957961808,
                        1.3874962822398116,
                        3.0360618523212417
                    ]
                ]
            },
            "est_tgt": [
                1,
                3,
                4
            ],
            "oracle_est_tgt": [
                1,
                3,
                4,
                5
            ],
            "intv_base_est_tgt": []
        },
        "2": {
            "intv_type": "do",
            "inode": 2,
            "new_mui": 1.0,
            "new_vari": null,
            "true_params": {
                "Si": [
                    [
                        1.0,
                        -0.9067152608472371,
                        0.0,
                        0.4072966347166568,
                        0.7269627969478183,
                        1.902242753422052
                    ],
                    [
                        -0.9067152608472371,
                        1.8221325642532733,
                        0.0,
                        0.27983561357881936,
                        -1.4609024933379073,
                        -3.5846044831349873
                    ],
                    [
                        0.0,
                        0.0,
                        1e-09,
                        -6.200630730030648e-10,
                        5.80421365055452e-10,
                        1.0001960073745082e-09
                    ],
                    [
                        0.4072966347166568,
                        0.27983561357881936,
                        -6.200630730030648e-10,
                        1.5872702869766073,
                        -0.22435938760874793,
                        -1.1837413916931103
                    ],
                    [
                        0.7269627969478183,
                        -1.4609024933379073,
                        5.80421365055452e-10,
                        -0.22435938760874793,
                        2.171284755853864,
                        3.794642736875705
                    ],
                    [
                        1.902242753422052,
                        -3.5846044831349873,
                        1.0001960073745082e-09,
                        -1.1837413916931103,
                        3.794642736875705,
                        9.489431130264027
                    ]
                ],
                "mui": [
                    0.0,
                    0.0,
                    1.0,
                    -0.6200630730030647,
                    0.580421365055452,
                    1.0001960073745082
                ],
                "Ai": [
                    [
                        0.0,
                        0.0,
                        0.0,
                        0.0,
                        0.0,
                        0.0
                    ],
                    [
                        -0.9067152608472371,
                        0.0,
                        0.0,
                        0.0,
                        0.0,
                        0.0
                    ],
                    [
                        0.0,
                        0.0,
                        0.0,
                        0.0,
                        0.0,
                        0.0
                    ],
                    [
                        0.9958796827884564,
                        0.6491376879681346,
                        -0.6200630730030647,
                        0.0,
                        0.0,
                        0.0
                    ],
                    [
                        0.0,
                        -0.8017542312771292,
                        0.580421365055452,
                        -0.0,
                        0.0,
                        0.0
                    ],
                    [
                        0.964071946266834,
                        -0.6339990641560143,
                        -0.0,
                        -0.751244434475063,
                        0.9206709244867269,
                        0.0
                    ]
                ]
            },
            "est_params": {
                "mui": [
                    0.016730008030899888,
                    0.11920306167299788,
                    1.0000055832895283,
                    -0.5170460635069866,
                    0.4854072452100223,
                    0.6141845213919598
                ],
                "Si": [
                    [
                        1.127316363069791,
                        -1.107433868684429,
                        -4.2031559500956575e-06,
                        0.493047253934425,
                        0.787272750710521,
                        2.102469452609786
                    ],
                    [
                        -1.107433868684429,
                        2.171022246313516,
                        4.902277465072608e-06,
                        0.1528853327737757,
                        -1.5374656858267304,
                        -3.8893977657014402
                    ],
                    [
                        -4.2031559500956575e-06,
                        4.90227746507261e-06,
                        1.0095761438876268e-06,
                        4.818707348092194e-06,
                        -2.7945114510098313e-06,
                        -5.377802221732006e-06
                    ],
                    [
                        0.49304725393442494,
                        0.15288533277377572,
                        4.818707348092194e-06,
                        1.49306395767009,
                        -0.08819351926418345,
                        -0.9965205406615495
                    ],
                    [
                        0.7872727507105212,
                        -1.5374656858267304,
                        -2.7945114510098317e-06,
                        -0.08819351926418345,
                        2.160964346652532,
                        3.572469503222831
                    ],
                    [
                        2.102469452609786,
                        -3.8893977657014402,
                        -5.377802221732009e-06,
                        -0.9965205406615495,
                        3.572469503222831,
                        9.682847296086472
                    ]
                ]
            },
            "est_tgt": [
                1,
                2
            ],
            "oracle_est_tgt": [
                1,
                2,
                4
            ],
            "intv_base_est_tgt": [
                1,
                2,
                4,
                5
            ]
        },
        "3": {
            "intv_type": "do",
            "inode": 3,
            "new_mui": 1.0,
            "new_vari": null,
            "true_params": {
                "Si": [
                    [
                        1.0,
                        -0.9067152608472371,
                        0.5105318837658956,
                        0.0,
                        1.023286409827551,
                        2.4810386180505937
                    ],
                    [
                        -0.9067152608472371,
                        1.8221325642532733,
                        -1.0259635087978678,
                        0.0,
                        -2.0563936336114472,
                        -3.9226309145052802
                    ],
                    [
                        0.5105318837658956,
                        -1.0259635087978678,
                        1.5776753799557928,
                        0.0,
                        1.738287081962941,
                        2.7430397460236846
                    ],
                    [
                        0.0,
                        0.0,
                        0.0,
                        1e-09,
                        0.0,
                        -7.51244434475063e-10
                    ],
                    [
                        1.023286409827551,
                        -2.0563936336114472,
                        1.738287081962941,
                        0.0,
                        3.657661257890517,
                        5.657775731718238
                    ],
                    [
                        2.4810386180505937,
                        -3.9226309145052802,
                        2.7430397460236846,
                        -7.51244434475063e-10,
                        5.657775731718238,
                        11.087793672116977
                    ]
                ],
                "mui": [
                    0.0,
                    0.0,
                    0.0,
                    1.0,
                    0.0,
                    -0.751244434475063
                ],
                "Ai": [
                    [
                        0.0,
                        0.0,
                        0.0,
                        0.0,
                        0.0,
                        0.0
                    ],
                    [
                        -0.9067152608472371,
                        0.0,
                        0.0,
                        0.0,
                        0.0,
                        0.0
                    ],
                    [
                        -0.0,
                        -0.5630564586382425,
                        0.0,
                        0.0,
                        0.0,
                        0.0
                    ],
                    [
                        0.0,
                        0.0,
                        0.0,
                        0.0,
                        0.0,
                        0.0
                    ],
                    [
                        0.0,
                        -0.8017542312771292,
                        0.580421365055452,
                        -0.0,
                        0.0,
                        0.0
                    ],
                    [
                        0.964071946266834,
                        -0.6339990641560143,
                        -0.0,
                        -0.751244434475063,
                        0.9206709244867269,
                        0.0
                    ]
                ]
            },
            "est_params": {
                "mui": [
                    0.12384416843276375,
                    0.08087784083011365,
                    0.04274184667552436,
                    1.0000008201169879,
                    0.037484547988375555,
                    -0.5574652816393995
                ],
                "Si": [
                    [
                        1.2079528617891104,
                        -1.0267817957114589,
                        0.45687636831519657,
                        -3.3105330368899782e-06,
                        1.1604657565898753,
                        2.854886800260233
                    ],
                    [
                        -1.0267817957114589,
                        1.7808621922390853,
                        -0.9007467914939168,
                        4.6213651706548295e-07,
                        -1.9404518110603475,
                        -3.858042893172981
                    ],
                    [
                        0.45687636831519646,
                        -0.9007467914939168,
                        1.5046595083157275,
                        1.8188077481951947e-06,
                        1.5563608423396722,
                        2.5562901997268446
                    ],
                    [
                        -3.310533036889979e-06,
                        4.621365170654827e-07,
                        1.8188077481951939e-06,
                        1.0010090682703745e-06,
                        -7.089175414422289e-07,
                        -4.403838685941151e-08
                    ],
                    [
                        1.1604657565898753,
                        -1.9404518110603475,
                        1.5563608423396722,
                        -7.089175414422289e-07,
                        3.452200446719361,
                        5.602626319310123
                    ],
                    [
                        2.854886800260233,
                        -3.858042893172981,
                        2.5562901997268446,
                        -4.403838685941151e-08,
                        5.602626319310123,
                        11.444709243377373
                    ]
                ]
            },
            "est_tgt": [
                3
            ],
            "oracle_est_tgt": [
                1,
                3
            ],
            "intv_base_est_tgt": [
                1,
                2,
                3,
                5
            ]
        },
        "4": {
            "intv_type": "do",
            "inode": 4,
            "new_mui": 1.0,
            "new_vari": null,
            "true_params": {
                "Si": [
                    [
                        1.0,
                        -0.9067152608472371,
                        0.5105318837658956,
                        0.09073466600273206,
                        0.0,
                        1.4707646602514526
                    ],
                    [
                        -0.9067152608472371,
                        1.8221325642532733,
                        -1.0259635087978678,
                        0.9159976996330321,
                        0.0,
                        -2.7175072605808857
                    ],
                    [
                        0.5105318837658956,
                        -1.0259635087978678,
                        1.5776753799557928,
                        -1.1358214938792164,
                        0.0,
                        1.995928947083442
                    ],
                    [
                        0.09073466600273206,
                        0.9159976996330321,
                        -1.1358214938792164,
                        2.3892504051983123,
                        0.0,
                        -2.2881780077618004
                    ],
                    [
                        0.0,
                        0.0,
                        0.0,
                        0.0,
                        1e-09,
                        9.20670924486727e-10
                    ],
                    [
                        1.4707646602514526,
                        -2.7175072605808857,
                        1.995928947083442,
                        -2.2881780077618004,
                        9.20670924486727e-10,
                        5.859801002821477
                    ]
                ],
                "mui": [
                    0.0,
                    0.0,
                    0.0,
                    0.0,
                    1.0,
                    0.9206709244867269
                ],
                "Ai": [
                    [
                        0.0,
                        0.0,
                        0.0,
                        0.0,
                        0.0,
                        0.0
                    ],
                    [
                        -0.9067152608472371,
                        0.0,
                        0.0,
                        0.0,
                        0.0,
                        0.0
                    ],
                    [
                        -0.0,
                        -0.5630564586382425,
                        0.0,
                        0.0,
                        0.0,
                        0.0
                    ],
                    [
                        0.9958796827884564,
                        0.6491376879681346,
                        -0.6200630730030647,
                        0.0,
                        0.0,
                        0.0
                    ],
                    [
                        0.0,
                        0.0,
                        0.0,
                        0.0,
                        0.0,
                        0.0
                    ],
                    [
                        0.964071946266834,
                        -0.6339990641560143,
                        -0.0,
                        -0.751244434475063,
                        0.9206709244867269,
                        0.0
                    ]
                ]
            },
            "est_params": {
                "mui": [
                    0.053472873416315805,
                    0.08945244017086533,
                    -0.08988765778060145,
                    0.2023994114850997,
                    0.9999966249061049,
                    0.9179085656019385
                ],
                "Si": [
                    [
                        0.932909703642571,
                        -0.7373266932534775,
                        0.4138179891421546,
                        0.24353600843901832,
                        -1.3311689943725817e-06,
                        1.0949765379915724
                    ],
                    [
                        -0.7373266932534775,
                        1.8010741604977865,
                        -1.017940066767154,
                        0.9233573452861055,
                        -1.7014525981047593e-06,
                        -2.3596550905882645
                    ],
                    [
                        0.4138179891421546,
                        -1.017940066767154,
                        1.5149112700520606,
                        -1.0953192014131097,
                        9.230811370279349e-07,
                        1.6625350302475495
                    ],
                    [
                        0.24353600843901832,
                        0.9233573452861054,
                        -1.0953192014131097,
                        2.429206089218938,
                        -2.4050065896981427e-06,
                        -2.0564216684445196
                    ],
                    [
                        -1.3311689943725814e-06,
                        -1.7014525981047584e-06,
                        9.230811370279353e-07,
                        -2.405006589698142e-06,
                        1.0021867378487505e-06,
                        1.0129926720005677e-06
                    ],
                    [
                        1.0949765379915724,
                        -2.359655090588264,
                        1.6625350302475492,
                        -2.0564216684445196,
                        1.0129926720005675e-06,
                        4.68492964856031
                    ]
                ]
            },
            "est_tgt": [
                1,
                2,
                4
            ],
            "oracle_est_tgt": [
                1,
                4
            ],
            "intv_base_est_tgt": [
                1,
                3,
                4,
                5
            ]
        },
        "5": {
            "intv_type": "do",
            "inode": 5,
            "new_mui": 1.0,
            "new_vari": null,
            "true_params": {
                "Si": [
                    [
                        1.0,
                        -0.9067152608472371,
                        0.5105318837658956,
                        0.09073466600273206,
                        1.023286409827551,
                        0.0
                    ],
                    [
                        -0.9067152608472371,
                        1.8221325642532733,
                        -1.0259635087978678,
                        0.9159976996330321,
                        -2.0563936336114472,
                        0.0
                    ],
                    [
                        0.5105318837658956,
                        -1.0259635087978678,
                        1.5776753799557928,
                        -1.1358214938792164,
                        1.738287081962941,
                        0.0
                    ],
                    [
                        0.09073466600273206,
                        0.9159976996330321,
                        -1.1358214938792164,
                        2.3892504051983123,
                        -1.393660093457598,
                        0.0
                    ],
                    [
                        1.023286409827551,
                        -2.0563936336114472,
                        1.738287081962941,
                        -1.393660093457598,
                        3.657661257890517,
                        0.0
                    ],
                    [
                        0.0,
                        0.0,
                        0.0,
                        0.0,
                        0.0,
                        1e-09
                    ]
                ],
                "mui": [
                    0.0,
                    0.0,
                    0.0,
                    0.0,
                    0.0,
                    1.0
                ],
                "Ai": [
                    [
                        0.0,
                        0.0,
                        0.0,
                        0.0,
                        0.0,
                        0.0
                    ],
                    [
                        -0.9067152608472371,
                        0.0,
                        0.0,
                        0.0,
                        0.0,
                        0.0
                    ],
                    [
                        -0.0,
                        -0.5630564586382425,
                        0.0,
                        0.0,
                        0.0,
                        0.0
                    ],
                    [
                        0.9958796827884564,
                        0.6491376879681346,
                        -0.6200630730030647,
                        0.0,
                        0.0,
                        0.0
                    ],
                    [
                        0.0,
                        -0.8017542312771292,
                        0.580421365055452,
                        -0.0,
                        0.0,
                        0.0
                    ],
                    [
                        0.0,
                        0.0,
                        0.0,
                        0.0,
                        0.0,
                        0.0
                    ]
                ]
            },
            "est_params": {
                "mui": [
                    -0.02170483846794627,
                    0.0002368645974214129,
                    0.14828885954194365,
                    0.019607798866650372,
                    0.05864269216496029,
                    1.0000025858116468
                ],
                "Si": [
                    [
                        0.9575117317304246,
                        -0.8685635983732032,
                        0.45829191470693825,
                        0.05854297691635571,
                        0.9537628171122564,
                        -4.679992510528227e-07
                    ],
                    [
                        -0.8685635983732032,
                        1.6772722078924378,
                        -0.8157644843884916,
                        0.7644817626769106,
                        -1.7589627663075498,
                        3.0170089800475326e-06
                    ],
                    [
                        0.45829191470693825,
                        -0.8157644843884916,
                        1.3171199249669467,
                        -0.7392618120359893,
                        1.348401893491862,
                        -1.9629922473055816e-06
                    ],
                    [
                        0.058542976916355724,
                        0.7644817626769106,
                        -0.7392618120359893,
                        1.7735310868732357,
                        -0.972437350178056,
                        2.3230770144071637e-06
                    ],
                    [
                        0.9537628171122564,
                        -1.7589627663075498,
                        1.3484018934918618,
                        -0.972437350178056,
                        3.069430562118495,
                        -5.7117085052558934e-06
                    ],
                    [
                        -4.679992510528226e-07,
                        3.0170089800475326e-06,
                        -1.9629922473055816e-06,
                        2.3230770144071637e-06,
                        -5.711708505255893e-06,
                        1.0016190289979014e-06
                    ]
                ]
            },
            "est_tgt": [
                1,
                5
            ],
            "oracle_est_tgt": [
                1,
                5
            ],
            "intv_base_est_tgt": [
                1,
                2,
                3,
                4,
                5
            ]
        },
        "obs": {
            "intv_type": "obs",
            "true_params": {
                "Si": [
                    [
                        1.0,
                        -0.9067152608472371,
                        0.5105318837658956,
                        0.09073466600273206,
                        1.023286409827551,
                        2.412874705202088
                    ],
                    [
                        -0.9067152608472371,
                        1.8221325642532733,
                        -1.0259635087978678,
                        0.9159976996330321,
                        -2.0563936336114472,
                        -4.610769088346556
                    ],
                    [
                        0.5105318837658956,
                        -1.0259635087978678,
                        1.5776753799557928,
                        -1.1358214938792164,
                        1.738287081962941,
                        3.5963193218575977
                    ],
                    [
                        0.09073466600273206,
                        0.9159976996330321,
                        -1.1358214938792164,
                        2.3892504051983123,
                        -1.393660093457598,
                        -3.571280334425665
                    ],
                    [
                        1.023286409827551,
                        -2.0563936336114472,
                        1.738287081962941,
                        -1.393660093457598,
                        3.657661257890517,
                        6.7047551204782545
                    ],
                    [
                        2.412874705202088,
                        -4.610769088346556,
                        3.5963193218575977,
