{
    "expt_args": {
        "save_dir": "expt_logs_29.04.24-9",
        "exp_name": "209",
        "num_nodes": 8,
        "obs_noise_mean": 0.5,
        "obs_noise_var": 1.0,
        "max_edge_strength": 1.0,
        "num_parents": 2,
        "new_noise_mean": 10.0,
        "mix_samples": 2048,
        "stage2_samples": 2048,
        "intv_targets": [
            0,
            1,
            2,
            3,
            4,
            5,
            6,
            7
        ]
    },
    "intv_args_dict": {
        "0": {
            "intv_type": "do",
            "inode": 0,
            "new_mui": 10.0,
            "true_params": {
                "Si": [
                    [
                        0.0,
                        0.0,
                        0.0,
                        0.0,
                        0.0,
                        0.0,
                        0.0,
                        0.0
                    ],
                    [
                        0.0,
                        1.0,
                        0.8392667121184001,
                        0.5372424240044129,
                        -0.8256724468920139,
                        0.7509809608798179,
                        -0.1934237163064666,
                        -0.12352806258996514
                    ],
                    [
                        0.0,
                        0.8392667121184001,
                        1.7043686140700296,
                        0.45088968280470304,
                        -1.6767616106602152,
                        1.5250794068276412,
                        -1.0293756958016422,
                        -0.657400177225956
                    ],
                    [
                        0.0,
                        0.5372424240044129,
                        0.45088968280470304,
                        1.2886294221501373,
                        -0.4435862668019204,
                        0.4034588318042366,
                        -0.103915426208428,
                        -0.0663645157784017
                    ],
                    [
                        0.0,
                        -0.8256724468920139,
                        -1.6767616106602152,
                        -0.4435862668019204,
                        2.6496017796701334,
                        -2.4099150915542054,
                        1.8940190815786135,
                        1.209595762730205
                    ],
                    [
                        0.0,
                        0.7509809608798179,
                        1.5250794068276412,
                        0.4034588318042366,
                        -2.4099150915542054,
                        3.1919107969589873,
                        -2.691654979448602,
                        -1.7189977068019044
                    ],
                    [
                        0.0,
                        -0.1934237163064666,
                        -1.0293756958016422,
                        -0.103915426208428,
                        1.8940190815786135,
                        -2.691654979448602,
                        3.504799334669036,
                        2.238303967297885
                    ],
                    [
                        0.0,
                        -0.12352806258996514,
                        -0.657400177225956,
                        -0.0663645157784017,
                        1.209595762730205,
                        -1.7189977068019044,
                        2.238303967297885,
                        2.429469756075081
                    ]
                ],
                "mui": [
                    10.0,
                    -7.6954249783543425,
                    -13.63162713209763,
                    -10.09852292652917,
                    7.56424897169264,
                    2.761668394125491,
                    -6.287300704933984,
                    -11.20249528901141
                ],
                "Ai": [
                    [
                        0.0,
                        0.0,
                        0.0,
                        0.0,
                        0.0,
                        0.0,
                        0.0,
                        0.0
                    ],
                    [
                        -0.8195424978354343,
                        0.0,
                        0.0,
                        0.0,
                        0.0,
                        0.0,
                        0.0,
                        0.0
                    ],
                    [
                        -0.767311311216037,
                        0.8392667121184001,
                        0.0,
                        0.0,
                        0.0,
                        0.0,
                        0.0,
                        0.0
                    ],
                    [
                        -0.6464214157413976,
                        0.5372424240044129,
                        -0.0,
                        0.0,
                        0.0,
                        0.0,
                        0.0,
                        0.0
                    ],
                    [
                        -0.6346575938625943,
                        -0.0,
                        -0.9838022108704004,
                        0.0,
                        0.0,
                        0.0,
                        0.0,
                        0.0
                    ],
                    [
                        0.9141644809081306,
                        0.0,
                        0.0,
                        -0.0,
                        -0.909538599364253,
                        0.0,
                        0.0,
                        0.0
                    ],
                    [
                        0.0,
                        0.5342554444605077,
                        0.0,
                        -0.0,
                        0.0,
                        -0.9689715168204208,
                        0.0,
                        0.0
                    ],
                    [
                        -0.7687175503869571,
                        0.0,
                        0.0,
                        0.0,
                        0.0,
                        -0.0,
                        0.638639691909566,
                        0.0
                    ]
                ]
            },
            "est_params": {
                "mui": [
                    10.0,
                    -7.728358378113533,
                    -13.636859380917233,
                    -10.228020102351323,
                    7.576386015485981,
                    2.844243874411532,
                    -6.398633988117,
                    -11.356602948936105
                ],
                "Si": [
                    [
                        1e-06,
                        0.0,
                        0.0,
                        0.0,
                        0.0,
                        0.0,
                        0.0,
                        0.0
                    ],
                    [
                        0.0,
                        1.0171803184383994,
                        0.9462559565407667,
                        0.5010836506018939,
                        -0.8565706688498113,
                        0.9314190414869543,
                        -0.4528040786191299,
                        -0.38104071426746927
                    ],
                    [
                        0.0,
                        0.9462559565407667,
                        1.9886330322809116,
                        0.33450762210842433,
                        -1.8885211055302351,
                        1.8346506796989264,
                        -1.2636595895588811,
                        -0.9502547359114919
                    ],
                    [
                        0.0,
                        0.5010836506018939,
                        0.33450762210842433,
                        1.0501690997280477,
                        -0.1862990893105948,
                        0.19580782467216926,
                        -0.045598861846182635,
                        -0.0913938539789785
                    ],
                    [
                        0.0,
                        -0.8565706688498113,
                        -1.8885211055302351,
                        -0.1862990893105948,
                        2.8012224631877833,
                        -2.697263507850173,
                        2.0962413818654277,
                        1.5423110813361491
                    ],
                    [
                        0.0,
                        0.9314190414869543,
                        1.8346506796989264,
                        0.19580782467216926,
                        -2.697263507850173,
                        3.6176254903609024,
                        -2.997556885325544,
                        -2.1509082829430985
                    ],
                    [
                        0.0,
                        -0.4528040786191299,
                        -1.2636595895588811,
                        -0.045598861846182635,
                        2.0962413818654277,
                        -2.997556885325544,
                        3.541397977310188,
                        2.437089357735585
                    ],
                    [
                        0.0,
                        -0.38104071426746927,
                        -0.9502547359114919,
                        -0.0913938539789785,
                        1.5423110813361491,
                        -2.1509082829430985,
                        2.437089357735585,
                        2.783645705175142
                    ]
                ]
            },
            "est_tgt": [
                0,
                5
            ]
        },
        "1": {
            "intv_type": "do",
            "inode": 1,
            "new_mui": 10.0,
            "true_params": {
                "Si": [
                    [
                        1.0,
                        0.0,
                        -0.767311311216037,
                        -0.6464214157413976,
                        0.12022497053760875,
                        0.8048152295967453,
                        -0.7798430337825336,
                        -1.2667562652196556
                    ],
                    [
                        0.0,
                        0.0,
                        0.0,
                        0.0,
                        0.0,
                        0.0,
                        0.0,
                        0.0
                    ],
                    [
                        -0.767311311216037,
                        0.0,
                        1.588766648320074,
                        0.49600646411065874,
                        -1.0760521906545224,
                        0.2772622558180049,
                        -0.26865922857702373,
                        0.41826922457510385
                    ],
                    [
                        -0.6464214157413976,
                        0.0,
                        0.49600646411065874,
                        1.4178606467291126,
                        -0.07771599566238886,
                        -0.5202498001261661,
                        0.5041072379537719,
                        0.818858378362575
                    ],
                    [
                        0.12022497053760875,
                        0.0,
                        -1.0760521906545224,
                        -0.07771599566238886,
                        1.9823208336542568,
                        -1.6930919167487626,
                        1.640557842688442,
                        0.9553063103673542
                    ],
                    [
                        0.8048152295967453,
                        0.0,
                        0.2772622558180049,
                        -0.5202498001261661,
                        -1.6930919167487626,
                        3.2756659471458747,
                        -3.1740270014029384,
                        -2.6457352180983427
                    ],
                    [
                        -0.7798430337825336,
                        0.0,
                        -0.26865922857702373,
                        0.5041072379537719,
                        1.640557842688442,
                        -3.1740270014029384,
                        4.075541757978377,
                        3.2022817592955244
                    ],
                    [
                        -1.2667562652196556,
                        0.0,
                        0.41826922457510385,
                        0.818858378362575,
                        0.9553063103673542,
                        -2.6457352180983427,
                        3.2022817592955244,
                        4.018882009301101
                    ]
                ],
                "mui": [
                    0.5,
                    10.0,
                    8.509011465575982,
                    5.549213532173431,
                    -8.188513089086534,
                    8.404850966377685,
                    -2.3015067449354882,
                    -1.354192333706867
                ],
                "Ai": [
                    [
                        0.0,
                        0.0,
                        0.0,
                        0.0,
                        0.0,
                        0.0,
                        0.0,
                        0.0
                    ],
                    [
                        0.0,
                        0.0,
                        0.0,
                        0.0,
                        0.0,
                        0.0,
                        0.0,
                        0.0
                    ],
                    [
                        -0.767311311216037,
                        0.8392667121184001,
                        0.0,
                        0.0,
                        0.0,
                        0.0,
                        0.0,
                        0.0
                    ],
                    [
                        -0.6464214157413976,
                        0.5372424240044129,
                        -0.0,
                        0.0,
                        0.0,
                        0.0,
                        0.0,
                        0.0
                    ],
                    [
                        -0.6346575938625943,
                        -0.0,
                        -0.9838022108704004,
                        0.0,
                        0.0,
                        0.0,
                        0.0,
                        0.0
                    ],
                    [
                        0.9141644809081306,
                        0.0,
                        0.0,
                        -0.0,
                        -0.909538599364253,
                        0.0,
                        0.0,
                        0.0
                    ],
                    [
                        0.0,
                        0.5342554444605077,
                        0.0,
                        -0.0,
                        0.0,
                        -0.9689715168204208,
                        0.0,
                        0.0
                    ],
                    [
                        -0.7687175503869571,
                        0.0,
                        0.0,
                        0.0,
                        0.0,
                        -0.0,
                        0.638639691909566,
                        0.0
                    ]
                ]
            },
            "est_params": {
                "mui": [
                    0.506675907064603,
                    10.0,
                    8.535315328799289,
                    5.47669167451593,
                    -8.171679660341638,
                    8.391206152596808,
                    -2.3331115553712753,
                    -1.4173442112990782
                ],
                "Si": [
                    [
                        0.8897197824957112,
                        0.0,
                        -0.6592358800763864,
                        -0.6239235301783916,
                        -0.019349998661381825,
                        0.7418633751181911,
                        -0.709557794917344,
                        -1.2120806096303007
                    ],
                    [
                        0.0,
                        1e-06,
                        0.0,
                        0.0,
                        0.0,
                        0.0,
                        0.0,
                        0.0
                    ],
                    [
                        -0.6592358800763864,
                        0.0,
                        1.6777768187068571,
                        0.5931195568809311,
                        -1.1837857294375271,
                        0.49516209493743274,
                        -0.3757992420777886,
                        0.2558150843978093
                    ],
                    [
                        -0.6239235301783916,
                        0.0,
                        0.5931195568809311,
                        1.473034556450075,
                        -0.1977950737075763,
                        -0.3320413744028838,
                        0.35051785808656305,
                        0.7896671571074456
                    ],
                    [
                        -0.019349998661381825,
                        0.0,
                        -1.1837857294375271,
                        -0.1977950737075763,
                        2.133434591790265,
                        -1.8753582019425938,
                        1.618128734668205,
                        1.125563952800945
                    ],
                    [
                        0.7418633751181911,
                        0.0,
                        0.49516209493743274,
                        -0.3320413744028838,
                        -1.8753582019425938,
                        3.2076304446642063,
                        -2.861370623651939,
                        -2.5543481903282297
                    ],
                    [
                        -0.709557794917344,
                        0.0,
                        -0.3757992420777886,
                        0.35051785808656305,
                        1.618128734668205,
                        -2.861370623651939,
                        3.545237665098415,
                        2.986602288559585
                    ],
                    [
                        -1.2120806096303007,
                        0.0,
                        0.2558150843978093,
                        0.7896671571074456,
                        1.125563952800945,
                        -2.5543481903282297,
                        2.986602288559585,
                        4.060977811556831
                    ]
                ]
            },
            "est_tgt": [
                1,
                2,
                5
            ]
        },
        "2": {
            "intv_type": "do",
            "inode": 2,
            "new_mui": 10.0,
            "true_params": {
                "Si": [
                    [
                        1.0,
                        -0.8195424978354343,
                        0.0,
                        -1.0867144138531377,
                        -0.6346575938625943,
                        1.4914100599058016,
                        -1.8829789093835037,
                        -1.9712626209478485
                    ],
                    [
                        -0.8195424978354343,
                        1.671649905758343,
                        0.0,
                        1.4278510691673834,
                        0.5201288697443772,
                        -1.2222739257920954,
                        2.077436683228106,
                        1.9567302247124916
                    ],
                    [
                        0.0,
                        0.0,
                        0.0,
                        0.0,
                        0.0,
                        0.0,
                        0.0,
                        0.0
                    ],
                    [
                        -1.0867144138531377,
                        1.4278510691673834,
                        0.0,
                        2.469577639426306,
                        0.689691555111832,
                        -1.6207368090652061,
                        2.333285011828033,
                        2.325504863278445
                    ],
                    [
                        -0.6346575938625943,
                        0.5201288697443772,
                        0.0,
                        0.689691555111832,
                        1.4027902614474579,
                        -1.8560733194465366,
                        2.0763638601560475,
                        1.8139208068307493
                    ],
                    [
                        1.4914100599058016,
                        -1.2222739257920954,
                        0.0,
                        -1.6207368090652061,
                        -1.8560733194465366,
                        4.051564430521713,
                        -4.5788570312148344,
                        -4.070712931586245
                    ],
                    [
                        -1.8829789093835037,
                        2.077436683228106,
                        0.0,
                        2.333285011828033,
                        2.0763638601560475,
                        -4.5788570312148344,
                        6.546663901376681,
                        5.628438351662272
                    ],
                    [
                        -1.9712626209478485,
                        1.9567302247124916,
                        0.0,
                        2.325504863278445,
                        1.8139208068307493,
                        -4.070712931586245,
                        5.628438351662272,
                        6.109888307981982
                    ]
                ],
                "mui": [
                    0.5,
                    0.09022875108228284,
                    10.0,
                    0.2252640050756376,
                    -9.655350905635302,
                    9.73899657953597,
                    -8.888605086469274,
                    -5.560974789122019
                ],
                "Ai": [
                    [
                        0.0,
                        0.0,
                        0.0,
                        0.0,
                        0.0,
                        0.0,
                        0.0,
                        0.0
                    ],
                    [
                        -0.8195424978354343,
                        0.0,
                        0.0,
                        0.0,
                        0.0,
                        0.0,
                        0.0,
                        0.0
                    ],
                    [
                        0.0,
                        0.0,
                        0.0,
                        0.0,
                        0.0,
                        0.0,
                        0.0,
                        0.0
                    ],
                    [
                        -0.6464214157413976,
                        0.5372424240044129,
                        -0.0,
                        0.0,
                        0.0,
                        0.0,
                        0.0,
                        0.0
                    ],
                    [
                        -0.6346575938625943,
                        -0.0,
                        -0.9838022108704004,
                        0.0,
                        0.0,
                        0.0,
                        0.0,
                        0.0
                    ],
                    [
                        0.9141644809081306,
                        0.0,
                        0.0,
                        -0.0,
                        -0.909538599364253,
                        0.0,
                        0.0,
                        0.0
                    ],
                    [
                        0.0,
                        0.5342554444605077,
                        0.0,
                        -0.0,
                        0.0,
                        -0.9689715168204208,
                        0.0,
                        0.0
                    ],
                    [
                        -0.7687175503869571,
                        0.0,
                        0.0,
                        0.0,
                        0.0,
                        -0.0,
                        0.638639691909566,
                        0.0
                    ]
                ]
            },
            "est_params": {
                "mui": [
                    0.5509581449801589,
                    0.03799916797916784,
                    10.0,
                    0.2176552427937735,
                    -9.684804202398146,
                    9.863232877567837,
                    -8.993927574893993,
                    -5.726216669519175
                ],
                "Si": [
                    [
                        0.8626343644847103,
                        -0.7131775372725075,
                        -6.377888553832027e-99,
                        -0.8303478739040677,
                        -0.6033532983536665,
                        1.2453033580021333,
                        -1.4458907793395297,
                        -1.7211735200705471
                    ],
                    [
                        -0.7131775372725075,
                        1.7802011336823083,
                        2.096408530230026e-97,
                        1.3290931802930965,
                        0.5622053694637041,
                        -1.1298263964345836,
                        1.9168594642750612,
                        1.8996718859051342
                    ],
                    [
                        -6.377888553832027e-99,
                        2.0964085302300261e-97,
                        1e-06,
                        1.336390498331483e-97,
                        1.2864637342126914e-98,
                        -1.9455035354064376e-98,
                        1.7747660542686754e-97,
                        1.1931932302218586e-97
                    ],
                    [
                        -0.8303478739040677,
                        1.3290931802930965,
                        1.3363904983314828e-97,
                        2.0935711400237307,
                        0.6637287652933609,
                        -1.3269079450133363,
                        1.8985199397831825,
                        2.0343466639256294
                    ],
                    [
                        -0.6033532983536664,
                        0.5622053694637041,
                        1.2864637342126913e-98,
                        0.6637287652933609,
                        1.3691205326793177,
                        -1.8031177679369035,
                        1.903510890222604,
                        1.868638562549399
                    ],
                    [
                        1.2453033580021333,
                        -1.1298263964345836,
                        -1.9455035354064376e-98,
                        -1.3269079450133363,
                        -1.8031177679369035,
                        3.7756198913459498,
                        -4.081468536497315,
                        -3.702409281640751
                    ],
                    [
                        -1.4458907793395297,
                        1.9168594642750612,
                        1.7747660542686757e-97,
                        1.8985199397831825,
                        1.903510890222604,
                        -4.081468536497315,
                        5.851453369193237,
                        4.977388606512553
                    ],
                    [
                        -1.7211735200705471,
                        1.8996718859051342,
                        1.1931932302218586e-97,
                        2.03434666392563,
                        1.868638562549399,
                        -3.7024092816407506,
                        4.977388606512553,
                        5.723226076897227
                    ]
                ]
            },
            "est_tgt": [
                1,
                2,
                5
            ]
        },
        "3": {
            "intv_type": "do",
            "inode": 3,
            "new_mui": 10.0,
            "true_params": {
                "Si": [
                    [
                        1.0,
                        -0.8195424978354343,
                        -1.455126048815683,
                        0.0,
                        0.7968986300573848,
                        0.18935441709044487,
                        -0.6213240781801196,
                        -1.1655197682519038
                    ],
                    [
                        -0.8195424978354343,
                        1.671649905758343,
                        2.031804348830211,
                        0.0,
                        -1.4787647406908788,
                        0.595796968921342,
                        0.3157777706905672,
                        0.8316649195597766
                    ],
                    [
                        -1.455126048815683,
                        2.031804348830211,
                        3.821760432011971,
                        0.0,
                        -2.8363495655222484,
                        1.2495448620610252,
                        -0.12527084488535833,
                        1.0385779979670073
                    ],
                    [
                        0.0,
                        0.0,
                        0.0,
                        0.0,
                        0.0,
                        0.0,
                        0.0,
                        0.0
                    ],
                    [
                        0.7968986300573848,
                        -1.4787647406908788,
                        -2.8363495655222484,
                        0.0,
                        3.28464920625747,
                        -2.259018815979515,
                        1.398886774855209,
                        0.2807946561054622
                    ],
                    [
                        0.18935441709044487,
                        0.595796968921342,
                        1.2495448620610252,
                        0.0,
                        -2.259018815979515,
                        3.2277658922306496,
                        -2.8093054380966564,
                        -1.939694023126634
                    ],
                    [
                        -0.6213240781801196,
                        0.3157777706905672,
                        -0.12527084488535833,
                        0.0,
                        1.398886774855209,
                        -2.8093054380966564,
                        3.8908429447954114,
                        2.962469462907706
                    ],
                    [
                        -1.1655197682519038,
                        0.8316649195597766,
                        1.0385779979670073,
                        0.0,
                        0.2807946561054622,
                        -1.939694023126634,
                        2.962469462907706,
                        3.787906086261052
                    ]
                ],
                "mui": [
                    0.5,
                    0.09022875108228284,
                    0.19207033165135856,
                    10.0,
                    -0.006288013852514762,
                    0.9628014317662646,
                    -0.3847219622228488,
                    -0.13005749061832245
                ],
                "Ai": [
                    [
                        0.0,
                        0.0,
                        0.0,
                        0.0,
                        0.0,
                        0.0,
                        0.0,
                        0.0
                    ],
                    [
                        -0.8195424978354343,
                        0.0,
                        0.0,
                        0.0,
                        0.0,
                        0.0,
                        0.0,
                        0.0
                    ],
                    [
                        -0.767311311216037,
                        0.8392667121184001,
                        0.0,
                        0.0,
                        0.0,
                        0.0,
                        0.0,
                        0.0
                    ],
                    [
                        0.0,
                        0.0,
                        0.0,
                        0.0,
                        0.0,
                        0.0,
                        0.0,
                        0.0
                    ],
                    [
                        -0.6346575938625943,
                        -0.0,
                        -0.9838022108704004,
                        0.0,
                        0.0,
                        0.0,
                        0.0,
                        0.0
                    ],
                    [
                        0.9141644809081306,
                        0.0,
                        0.0,
                        -0.0,
                        -0.909538599364253,
                        0.0,
                        0.0,
                        0.0
                    ],
                    [
                        0.0,
                        0.5342554444605077,
                        0.0,
                        -0.0,
                        0.0,
                        -0.9689715168204208,
                        0.0,
                        0.0
                    ],
                    [
                        -0.7687175503869571,
                        0.0,
                        0.0,
                        0.0,
                        0.0,
                        -0.0,
                        0.638639691909566,
                        0.0
                    ]
                ]
            },
            "est_params": {
                "mui": [
                    0.5886793513506545,
                    -0.035147021455194695,
                    0.15845461767175334,
                    10.0,
                    -0.030896992016786713,
                    0.9635924699739289,
                    -0.5584537066934614,
                    -0.3301575491180499
                ],
                "Si": [
                    [
                        0.8623108534916897,
                        -0.7131780411205451,
                        -1.2157807183336844,
                        0.0,
                        0.8110687530840685,
                        0.01667925964324035,
                        -0.2859789360881489,
                        -0.7220407409371202
                    ],
                    [
                        -0.7131780411205451,
                        1.5741621484884256,
                        1.8613083320796544,
                        0.0,
                        -1.5783282905878335,
                        0.8070519679730487,
                        -0.008000979493697487,
                        0.48118302161126925
                    ],
                    [
                        -1.2157807183336844,
                        1.8613083320796544,
                        3.596655879592982,
                        0.0,
                        -3.144804694463082,
                        1.8085707393850008,
                        -0.8692282978603927,
                        0.16896931737175708
                    ],
                    [
                        0.0,
                        0.0,
                        0.0,
                        1e-06,
                        0.0,
                        0.0,
                        0.0,
                        0.0
                    ],
                    [
                        0.8110687530840685,
                        -1.5783282905878335,
                        -3.144804694463082,
                        0.0,
                        3.775196746977138,
                        -2.7222374894577808,
                        1.8581979162271185,
                        0.606878027853123
                    ],
                    [
                        0.01667925964324035,
                        0.8070519679730487,
                        1.8085707393850008,
                        0.0,
                        -2.7222374894577808,
                        3.582668547807092,
                        -3.011950722720513,
                        -1.8580802982744125
                    ],
                    [
                        -0.2859789360881489,
                        -0.008000979493697491,
                        -0.8692282978603927,
                        0.0,
                        1.8581979162271185,
                        -3.011950722720513,
                        3.9063352233501454,
                        2.5464164650113017
                    ],
                    [
                        -0.7220407409371202,
                        0.48118302161126925,
                        0.16896931737175708,
                        0.0,
                        0.606878027853123,
                        -1.8580802982744125,
                        2.5464164650113017,
                        2.8334670026277657
                    ]
                ]
            },
            "est_tgt": [
                3
            ]
        },
        "4": {
            "intv_type": "do",
            "inode": 4,
            "new_mui": 10.0,
            "true_params": {
                "Si": [
                    [
                        1.0,
                        -0.8195424978354343,
                        -1.455126048815683,
                        -1.0867144138531377,
                        0.0,
                        0.9141644809081306,
                        -1.3236443851242485,
                        -1.6140493927005342
                    ],
                    [
                        -0.8195424978354343,
                        1.671649905758343,
                        2.031804348830211,
                        1.4278510691673834,
                        0.0,
                        -0.7491966421158825,
                        1.619038270091082,
                        1.6639788033748284
                    ],
                    [
                        -1.455126048815683,
                        2.031804348830211,
                        3.821760432011971,
                        2.0321961340258703,
                        0.0,
                        -1.330224549071488,
                        2.3744522344666366,
                        2.635000375223597
                    ],
                    [
                        -1.0867144138531377,
                        1.4278510691673834,
                        2.0321961340258703,
                        2.469577639426306,
                        0.0,
                        -0.9934357180354371,
                        1.7254481221498128,
                        1.9373160993230776
                    ],
