{
    "expt_args": {
        "save_dir": "expt_logs_29.04.24-9",
        "exp_name": "65",
        "num_nodes": 8,
        "obs_noise_mean": 0.5,
        "obs_noise_var": 1.0,
        "max_edge_strength": 1.0,
        "num_parents": 2,
        "new_noise_mean": 10.0,
        "mix_samples": 2048,
        "stage2_samples": 2048,
        "intv_targets": [
            0,
            1,
            2,
            3,
            4,
            5,
            6,
            7
        ]
    },
    "intv_args_dict": {
        "0": {
            "intv_type": "do",
            "inode": 0,
            "new_mui": 10.0,
            "true_params": {
                "Si": [
                    [
                        0.0,
                        0.0,
                        0.0,
                        0.0,
                        0.0,
                        0.0,
                        0.0,
                        0.0
                    ],
                    [
                        0.0,
                        1.0,
                        -0.9379436286341161,
                        -0.4867696758036871,
                        -0.3982969009121674,
                        -0.6764020334405083,
                        0.2885224729975875,
                        0.3148599548437018
                    ],
                    [
                        0.0,
                        -0.9379436286341161,
                        1.8797382504953326,
                        0.9755379223822593,
                        0.7982291225631958,
                        0.3671270659836557,
                        -0.5782295567281228,
                        -0.013136907894495342
                    ],
                    [
                        0.0,
                        -0.4867696758036871,
                        0.9755379223822593,
                        1.506280189678067,
                        1.2325063808948582,
                        -0.3245232199257619,
                        -0.8928158571826531,
                        0.536915125380196
                    ],
                    [
                        0.0,
                        -0.3982969009121674,
                        0.7982291225631958,
                        1.2325063808948582,
                        2.0084923039923988,
                        -0.26553953377859457,
                        -1.45493265254479,
                        1.1038391562515881
                    ],
                    [
                        0.0,
                        -0.6764020334405083,
                        0.3671270659836557,
                        -0.3245232199257619,
                        -0.26553953377859457,
                        1.7942486887706433,
                        0.19235430350817992,
                        -0.568450981394708
                    ],
                    [
                        0.0,
                        0.2885224729975875,
                        -0.5782295567281228,
                        -0.8928158571826531,
                        -1.45493265254479,
                        0.19235430350817992,
                        2.0539393251511457,
                        -1.716948681069209
                    ],
                    [
                        0.0,
                        0.3148599548437018,
                        -0.013136907894495342,
                        0.536915125380196,
                        1.1038391562515881,
                        -0.568450981394708,
                        -1.716948681069209,
                        2.75749411296134
                    ]
                ],
                "mui": [
                    10.0,
                    5.504678147252683,
                    -10.271812274027361,
                    2.753577495599501,
                    -2.6168352669035153,
                    -6.021704461383367,
                    -5.10058591048846,
                    8.369102515142977
                ],
                "Ai": [
                    [
                        0.0,
                        0.0,
                        0.0,
                        0.0,
                        0.0,
                        0.0,
                        0.0,
                        0.0
                    ],
                    [
                        0.5004678147252684,
                        0.0,
                        0.0,
                        0.0,
                        0.0,
                        0.0,
                        0.0,
                        0.0
                    ],
                    [
                        -0.5608734478130256,
                        -0.9379436286341161,
                        0.0,
                        0.0,
                        0.0,
                        0.0,
                        0.0,
                        0.0
                    ],
                    [
                        0.7584395444462708,
                        -0.0,
                        0.5189754063498968,
                        0.0,
                        0.0,
                        0.0,
                        0.0,
                        0.0
                    ],
                    [
                        -0.5369936553683511,
                        -0.0,
                        -0.0,
                        0.8182450976523021,
                        0.0,
                        0.0,
                        0.0,
                        0.0
                    ],
                    [
                        -0.0,
                        -0.92711428253244,
                        -0.0,
                        -0.515053138176675,
                        0.0,
                        0.0,
                        0.0,
                        0.0
                    ],
                    [
                        -0.7496196398305941,
                        -0.0,
                        0.0,
                        0.0,
                        -0.7243904542988462,
                        -0.0,
                        0.0,
                        0.0
                    ],
                    [
                        -0.0,
                        0.5795326216093443,
                        0.0,
                        -0.0,
                        -0.0,
                        0.0,
                        -0.9173381331992658,
                        0.0
                    ]
                ]
            },
            "est_params": {
                "mui": [
                    10.0,
                    5.528628798125296,
                    -10.30655612704644,
                    2.762751822007218,
                    -2.6057642616283534,
                    -6.035727468599391,
                    -5.074834296406113,
                    8.368493867202567
                ],
                "Si": [
                    [
                        1e-06,
                        0.0,
                        0.0,
                        0.0,
                        0.0,
                        0.0,
                        0.0,
                        0.0
                    ],
                    [
                        0.0,
                        0.836518509539545,
                        -0.8942933449306719,
                        -0.3903685972656532,
                        -0.38525498831564053,
                        -0.5781765216556737,
                        0.19755903733912508,
                        0.3505630705741553
                    ],
                    [
                        0.0,
                        -0.8942933449306719,
                        1.8728934178005088,
                        0.924776732100841,
                        0.8185396235246732,
                        0.32174831769961354,
                        -0.42419770604511925,
                        -0.22708737452605207
                    ],
                    [
                        0.0,
                        -0.3903685972656532,
                        0.924776732100841,
                        1.4650580863916163,
                        1.1974584334826839,
                        -0.3446642759842873,
                        -0.7964375053711963,
                        0.4877834769214473
                    ],
                    [
                        0.0,
                        -0.38525498831564053,
                        0.8185396235246732,
                        1.1974584334826839,
                        1.9966357329586923,
                        -0.22055748917402557,
                        -1.4501297326774079,
                        1.0801119598437183
                    ],
                    [
                        0.0,
                        -0.5781765216556737,
                        0.32174831769961354,
                        -0.3446642759842873,
                        -0.22055748917402557,
                        1.4874907263280304,
                        0.20434319201346088,
                        -0.54088900726904
                    ],
                    [
                        0.0,
                        0.19755903733912508,
                        -0.42419770604511925,
                        -0.7964375053711963,
                        -1.4501297326774079,
                        0.20434319201346088,
                        1.9454731549098314,
                        -1.6533543105728727
                    ],
                    [
                        0.0,
                        0.3505630705741553,
                        -0.22708737452605207,
                        0.4877834769214473,
                        1.0801119598437183,
                        -0.54088900726904,
                        -1.6533543105728727,
                        2.633398990664204
                    ]
                ]
            },
            "est_tgt": [
                0,
                3
            ]
        },
        "1": {
            "intv_type": "do",
            "inode": 1,
            "new_mui": 10.0,
            "true_params": {
                "Si": [
                    [
                        1.0,
                        0.0,
                        -0.5608734478130256,
                        0.4673600189566382,
                        -0.15457861101839487,
                        -0.24071524442192682,
                        -0.6376443695700944,
                        0.5849354956264532
                    ],
                    [
                        0.0,
                        0.0,
                        0.0,
                        0.0,
                        0.0,
                        0.0,
                        0.0,
                        0.0
                    ],
                    [
                        -0.5608734478130256,
                        0.0,
                        1.3145790244616706,
                        0.25684558114772615,
                        0.5113481205679502,
                        -0.13228912259694817,
                        0.05002605457706516,
                        -0.04589080751704955
                    ],
                    [
                        0.4673600189566382,
                        0.0,
                        0.25684558114772615,
                        1.4877608597151897,
                        0.9663836649883815,
                        -0.7662758996527363,
                        -1.0503813511894124,
                        0.963554867847418
                    ],
                    [
                        -0.15457861101839487,
                        0.0,
                        0.5113481205679502,
                        0.9663836649883815,
                        1.873746429700538,
                        -0.4977389393349424,
                        -1.2414488647344912,
                        1.138828384037886
                    ],
                    [
                        -0.24071524442192682,
                        0.0,
                        -0.13228912259694817,
                        -0.7662758996527363,
                        -0.4977389393349424,
                        1.3946728068252967,
                        0.5410022112123629,
                        -0.496281958490224
                    ],
                    [
                        -0.6376443695700944,
                        0.0,
                        0.05002605457706516,
                        -1.0503813511894124,
                        -1.2414488647344912,
                        0.5410022112123629,
                        2.3772844497709453,
                        -2.180773679236523
                    ],
                    [
                        0.5849354956264532,
                        0.0,
                        -0.04589080751704955,
                        0.963554867847418,
                        1.138828384037886,
                        -0.496281958490224,
                        -2.180773679236523,
                        3.0005068558409262
                    ]
                ],
                "mui": [
                    0.5,
                    10.0,
                    -9.159873010247674,
                    -3.8745290453836034,
                    -2.9388112247807627,
                    -6.775554481542899,
                    2.2540369783021887,
                    4.227612142255599
                ],
                "Ai": [
                    [
                        0.0,
                        0.0,
                        0.0,
                        0.0,
                        0.0,
                        0.0,
                        0.0,
                        0.0
                    ],
                    [
                        0.0,
                        0.0,
                        0.0,
                        0.0,
                        0.0,
                        0.0,
                        0.0,
                        0.0
                    ],
                    [
                        -0.5608734478130256,
                        -0.9379436286341161,
                        0.0,
                        0.0,
                        0.0,
                        0.0,
                        0.0,
                        0.0
                    ],
                    [
                        0.7584395444462708,
                        -0.0,
                        0.5189754063498968,
                        0.0,
                        0.0,
                        0.0,
                        0.0,
                        0.0
                    ],
                    [
                        -0.5369936553683511,
                        -0.0,
                        -0.0,
                        0.8182450976523021,
                        0.0,
                        0.0,
                        0.0,
                        0.0
                    ],
                    [
                        -0.0,
                        -0.92711428253244,
                        -0.0,
                        -0.515053138176675,
                        0.0,
                        0.0,
                        0.0,
                        0.0
                    ],
                    [
                        -0.7496196398305941,
                        -0.0,
                        0.0,
                        0.0,
                        -0.7243904542988462,
                        -0.0,
                        0.0,
                        0.0
                    ],
                    [
                        -0.0,
                        0.5795326216093443,
                        0.0,
                        -0.0,
                        -0.0,
                        0.0,
                        -0.9173381331992658,
                        0.0
                    ]
                ]
            },
            "est_params": {
                "mui": [
                    0.44929067421358504,
                    10.0,
                    -9.017409149600477,
                    -3.8540279311590555,
                    -2.982721494075508,
                    -6.9469170389254105,
                    2.3788978157891494,
                    4.126387382262383
                ],
                "Si": [
                    [
                        1.0446061664207937,
                        0.0,
                        -0.6129614472149812,
                        0.38749775044299456,
                        -0.24682145594800173,
                        -0.19154640572202458,
                        -0.5405432561605542,
                        0.4008482481497357
                    ],
                    [
                        0.0,
                        1e-06,
                        0.0,
                        0.0,
                        0.0,
                        0.0,
                        0.0,
                        0.0
                    ],
                    [
                        -0.6129614472149812,
                        0.0,
                        1.2967147911131003,
                        0.24309764389158847,
                        0.5558384288175426,
                        -0.20573841862226697,
                        0.09211718646239776,
                        -0.10973381042685182
                    ],
                    [
                        0.38749775044299456,
                        0.0,
                        0.24309764389158847,
                        1.4561926375077179,
                        1.0150698995612575,
                        -0.7517962108605015,
                        -0.9487535906166258,
                        0.7899155237174819
                    ],
                    [
                        -0.24682145594800173,
                        0.0,
                        0.5558384288175426,
                        1.0150698995612575,
                        1.940397370055778,
                        -0.5839495904701969,
                        -1.2516217863813834,
                        1.1671882012629577
                    ],
                    [
                        -0.19154640572202458,
                        0.0,
                        -0.20573841862226697,
                        -0.7517962108605015,
                        -0.5839495904701969,
                        1.4857332495195998,
                        0.5178305037162463,
                        -0.4373558946198984
                    ],
                    [
                        -0.5405432561605542,
                        0.0,
                        0.09211718646239776,
                        -0.9487535906166258,
                        -1.2516217863813834,
                        0.5178305037162463,
                        2.173045785099732,
                        -2.0090305524334315
                    ],
                    [
                        0.4008482481497357,
                        0.0,
                        -0.10973381042685182,
                        0.7899155237174819,
                        1.1671882012629577,
                        -0.4373558946198984,
                        -2.0090305524334315,
                        2.825785029735106
                    ]
                ]
            },
            "est_tgt": [
                1,
                2,
                3
            ]
        },
        "2": {
            "intv_type": "do",
            "inode": 2,
            "new_mui": 10.0,
            "true_params": {
                "Si": [
                    [
                        1.0,
                        0.5004678147252684,
                        0.0,
                        0.7584395444462708,
                        0.08359578374045533,
                        -0.8546275264639348,
                        -0.8101756275918106,
                        1.0332424224774495
                    ],
                    [
                        0.5004678147252684,
                        1.2504680335758855,
                        0.0,
                        0.3795745814102532,
                        0.0418369992088318,
                        -1.354827853105907,
                        -0.4054668258845463,
                        1.0966371988680759
                    ],
                    [
                        0.0,
                        0.0,
                        0.0,
                        0.0,
                        0.0,
                        0.0,
                        0.0,
                        0.0
                    ],
                    [
                        0.7584395444462708,
                        0.3795745814102532,
                        0.0,
                        1.5752305425798667,
                        0.8816474457900421,
                        -1.163236450019225,
                        -1.2071981719283593,
                        1.327384769699281
                    ],
                    [
                        0.08359578374045533,
                        0.0418369992088318,
                        0.0,
                        0.8816474457900421,
                        1.6765132948912065,
                        -0.49288296322441744,
                        -1.2771152686231728,
                        1.1957924422308226
                    ],
                    [
                        -0.8546275264639348,
                        -1.354827853105907,
                        0.0,
                        -1.163236450019225,
                        -0.49288296322441744,
                        2.855208837011146,
                        0.9976852922235036,
                        -1.7003817010284985
                    ],
                    [
                        -0.8101756275918106,
                        -0.4054668258845463,
                        0.0,
                        -1.2071981719283593,
                        -1.2771152686231728,
                        0.9976852922235036,
                        2.5324536717848316,
                        -2.5580975762692146
                    ],
                    [
                        1.0332424224774495,
                        1.0966371988680759,
                        0.0,
                        1.327384769699281,
                        1.1957924422308226,
                        -1.7003817010284985,
                        -2.5580975762692146,
                        3.9821774859707117
                    ]
                ],
                "mui": [
                    0.5,
                    0.7502339073626342,
                    10.0,
                    6.068973835722104,
                    5.197411261175524,
                    -3.321396590356819,
                    -3.639764924576174,
                    4.273680184348963
                ],
                "Ai": [
                    [
                        0.0,
                        0.0,
                        0.0,
                        0.0,
                        0.0,
                        0.0,
                        0.0,
                        0.0
                    ],
                    [
                        0.5004678147252684,
                        0.0,
                        0.0,
                        0.0,
                        0.0,
                        0.0,
                        0.0,
                        0.0
                    ],
                    [
                        0.0,
                        0.0,
                        0.0,
                        0.0,
                        0.0,
                        0.0,
                        0.0,
                        0.0
                    ],
                    [
                        0.7584395444462708,
                        -0.0,
                        0.5189754063498968,
                        0.0,
                        0.0,
                        0.0,
                        0.0,
                        0.0
                    ],
                    [
                        -0.5369936553683511,
                        -0.0,
                        -0.0,
                        0.8182450976523021,
                        0.0,
                        0.0,
                        0.0,
                        0.0
                    ],
                    [
                        -0.0,
                        -0.92711428253244,
                        -0.0,
                        -0.515053138176675,
                        0.0,
                        0.0,
                        0.0,
                        0.0
                    ],
                    [
                        -0.7496196398305941,
                        -0.0,
                        0.0,
                        0.0,
                        -0.7243904542988462,
                        -0.0,
                        0.0,
                        0.0
                    ],
                    [
                        -0.0,
                        0.5795326216093443,
                        0.0,
                        -0.0,
                        -0.0,
                        0.0,
                        -0.9173381331992658,
                        0.0
                    ]
                ]
            },
            "est_params": {
                "mui": [
                    0.4885064312462831,
                    0.7475350538174731,
                    10.0,
                    6.106213866314789,
                    5.246463296858229,
                    -3.3800623797612044,
                    -3.65892358268184,
                    4.30223663272959
                ],
                "Si": [
                    [
                        1.1238137426709724,
                        0.5595395578017645,
                        0.0,
                        0.633773741202443,
                        -0.04849794530675377,
                        -0.8997775880893384,
                        -0.7783320526912344,
                        0.9512435340770241
                    ],
                    [
                        0.5595395578017645,
                        1.1087348334886313,
                        0.0,
                        0.2964179018334936,
                        -0.02250129814597136,
                        -1.046129136455108,
                        -0.44562335193798397,
                        0.9165236118709827
                    ],
                    [
                        0.0,
                        0.0,
                        1e-06,
                        0.0,
                        0.0,
                        0.0,
                        0.0,
                        0.0
                    ],
                    [
                        0.633773741202443,
                        0.2964179018334936,
                        0.0,
                        1.3018541800185468,
                        0.7462733285855836,
                        -1.035505579677337,
                        -1.0875162591189758,
                        1.0936714836956225
                    ],
                    [
                        -0.04849794530675377,
                        -0.02250129814597136,
                        0.0,
                        0.7462733285855836,
                        1.6874842628906093,
                        -0.4306102509972752,
                        -1.2758360355331884,
                        1.1714898456941991
                    ],
                    [
                        -0.8997775880893384,
                        -1.046129136455108,
                        0.0,
                        -1.035505579677337,
                        -0.4306102509972752,
                        2.3881519352412734,
                        0.9769925845738782,
                        -1.3632717115474307
                    ],
                    [
                        -0.7783320526912344,
                        -0.44562335193798397,
                        0.0,
                        -1.0875162591189758,
                        -1.2758360355331884,
                        0.9769925845738782,
                        2.4270845282121263,
                        -2.515426793982302
                    ],
                    [
                        0.9512435340770241,
                        0.9165236118709827,
                        0.0,
                        1.0936714836956225,
                        1.1714898456941991,
                        -1.3632717115474307,
                        -2.515426793982302,
                        3.795157623429596
                    ]
                ]
            },
            "est_tgt": [
                1,
                2,
                3
            ]
        },
        "3": {
            "intv_type": "do",
            "inode": 3,
            "new_mui": 10.0,
            "true_params": {
                "Si": [
                    [
                        1.0,
                        0.5004678147252684,
                        -1.0302840459710303,
                        0.0,
                        -0.5369936553683511,
                        -0.4639908589795953,
                        -0.3606265618627162,
                        0.6208539217400479
                    ],
                    [
                        0.5004678147252684,
                        1.2504680335758855,
                        -1.4535676336675456,
                        0.0,
                        -0.2687480412235325,
                        -1.1593267737784583,
                        -0.18048198734732038,
                        0.8902500270861988
                    ],
                    [
                        -1.0302840459710303,
                        -1.4535676336675456,
                        2.9412234658777687,
                        0.0,
                        0.5532559959136778,
                        1.347623313800063,
                        0.37154779324054127,
                        -1.1832248204714284
                    ],
                    [
                        0.0,
                        0.0,
                        0.0,
                        0.0,
                        0.0,
                        0.0,
                        0.0,
                        0.0
                    ],
                    [
                        -0.5369936553683511,
                        -0.2687480412235325,
                        0.5532559959136778,
                        0.0,
                        1.2883621859058634,
                        0.249160147420954,
                        -0.5307362786212655,
                        0.33111637016890716
                    ],
                    [
                        -0.4639908589795953,
                        -1.1593267737784583,
                        1.347623313800063,
                        0.0,
                        0.249160147420954,
                        2.0748284100922634,
                        0.16732742820953986,
                        -0.8253635151365065
                    ],
                    [
                        -0.3606265618627162,
                        -0.18048198734732038,
                        0.37154779324054127,
                        0.0,
                        -0.5307362786212655,
                        0.16732742820953986,
                        1.6547930474002124,
                        -1.622599964213892
                    ],
                    [
                        0.6208539217400479,
                        0.8902500270861988,
                        -1.1832248204714284,
                        0.0,
                        0.33111637016890716,
                        -0.8253635151365065,
                        -1.622599964213892,
                        3.0044017541862216
                    ]
                ],
                "mui": [
                    0.5,
                    0.7502339073626342,
                    -0.4841138373025732,
                    10.0,
                    8.413954148838846,
                    -5.3460839525227675,
                    -5.969797888242329,
                    6.4111082735312275
                ],
                "Ai": [
                    [
                        0.0,
                        0.0,
                        0.0,
                        0.0,
                        0.0,
                        0.0,
                        0.0,
                        0.0
                    ],
                    [
                        0.5004678147252684,
                        0.0,
                        0.0,
                        0.0,
                        0.0,
                        0.0,
                        0.0,
                        0.0
                    ],
                    [
                        -0.5608734478130256,
                        -0.9379436286341161,
                        0.0,
                        0.0,
                        0.0,
                        0.0,
                        0.0,
                        0.0
                    ],
                    [
                        0.0,
                        0.0,
                        0.0,
                        0.0,
                        0.0,
                        0.0,
                        0.0,
                        0.0
                    ],
                    [
                        -0.5369936553683511,
                        -0.0,
                        -0.0,
                        0.8182450976523021,
                        0.0,
                        0.0,
                        0.0,
                        0.0
                    ],
                    [
                        -0.0,
                        -0.92711428253244,
                        -0.0,
                        -0.515053138176675,
                        0.0,
                        0.0,
                        0.0,
                        0.0
                    ],
                    [
                        -0.7496196398305941,
                        -0.0,
                        0.0,
                        0.0,
                        -0.7243904542988462,
                        -0.0,
                        0.0,
                        0.0
                    ],
                    [
                        -0.0,
                        0.5795326216093443,
                        0.0,
                        -0.0,
                        -0.0,
                        0.0,
                        -0.9173381331992658,
                        0.0
                    ]
                ]
            },
            "est_params": {
                "mui": [
                    0.4552598534666007,
                    0.7342562867603268,
                    -0.4001940518262817,
                    10.000000000000002,
                    8.477903504562523,
                    -5.307590865958713,
                    -5.9920721614125965,
                    6.354814106374078
                ],
                "Si": [
                    [
                        1.19716951288075,
                        0.6560716930616896,
                        -1.2454113186177034,
                        7.645347980115611e-32,
                        -0.6340158900419272,
                        -0.5807593032875901,
                        -0.4269714402078759,
                        0.7347508372358325
                    ],
                    [
                        0.6560716930616896,
                        1.3698025690305682,
                        -1.5555393742191972,
                        -1.1815537787451398e-31,
                        -0.3284589792375773,
                        -1.3310583534513158,
                        -0.23825001782908806,
                        1.0981932564398438
                    ],
                    [
                        -1.2454113186177034,
                        -1.5555393742191972,
                        3.075809069700072,
                        0.0,
                        0.5888787589352862,
                        1.4844790769283325,
                        0.4618733330541738,
                        -1.3062457771692824
                    ],
                    [
                        7.645347980115611e-32,
                        -1.2510569422007364e-31,
                        0.0,
                        1e-06,
                        2.133747118086811e-30,
                        -8.340379614671575e-31,
                        1.4456657998764064e-30,
                        -5.560253076447717e-31
                    ],
                    [
                        -0.6340158900419272,
                        -0.3284589792375773,
                        0.5888787589352862,
                        2.1406974344323708e-30,
                        1.443007238916501,
                        0.36713497598816397,
                        -0.522216493393772,
                        0.23608064544882804
                    ],
                    [
                        -0.5807593032875901,
                        -1.3310583534513158,
                        1.4844790769283325,
                        -8.340379614671575e-31,
                        0.36713497598816397,
                        2.281065433629442,
                        0.21868661141262682,
                        -1.0815159269507288
                    ],
                    [
                        -0.4269714402078759,
                        -0.23825001782908803,
                        0.4618733330541738,
                        1.4456657998764064e-30,
                        -0.522216493393772,
                        0.21868661141262682,
                        1.7438841365522277,
                        -1.8195803216268776
                    ],
                    [
                        0.7347508372358325,
                        1.0981932564398438,
                        -1.3062457771692824,
                        -5.560253076447717e-31,
                        0.23608064544882804,
                        -1.0815159269507286,
                        -1.8195803216268776,
                        3.5047399977209084
                    ]
                ]
            },
            "est_tgt": [
                2,
                3
            ]
        },
        "4": {
            "intv_type": "do",
            "inode": 4,
            "new_mui": 10.0,
            "true_params": {
                "Si": [
                    [
                        1.0,
                        0.5004678147252684,
                        -1.0302840459710303,
                        0.2237474630326396,
                        0.0,
                        -0.5792326919736259,
                        -0.7496196398305941,
                        0.9776921057105377
                    ],
                    [
                        0.5004678147252684,
                        1.2504680335758855,
                        -1.4535676336675456,
                        -0.3747912719294192,
                        0.0,
                        -0.9662893530099834,
                        -0.37516050302116016,
                        1.068836053228443
                    ],
                    [
                        -1.0302840459710303,
                        -1.4535676336675456,
                        2.9412234658777687,
                        0.7450144808932379,
                        0.0,
                        0.9639012674289344,
                        0.772321155464011,
                        -1.5508695084094994
                    ],
                    [
                        0.2237474630326396,
                        -0.3747912719294192,
                        0.7450144808932379,
                        1.5563431168916095,
                        0.0,
                        -0.4541250652604271,
