{
    "expt_args": {
        "save_dir": "expt_logs_29.04.24-9",
        "exp_name": "109",
        "num_nodes": 6,
        "obs_noise_mean": 0.5,
        "obs_noise_var": 1.0,
        "max_edge_strength": 1.0,
        "num_parents": 2,
        "new_noise_mean": 10.0,
        "mix_samples": 32768,
        "stage2_samples": 32768,
        "intv_targets": [
            0,
            1,
            2,
            3,
            4,
            5
        ]
    },
    "intv_args_dict": {
        "0": {
            "intv_type": "do",
            "inode": 0,
            "new_mui": 10.0,
            "true_params": {
                "Si": [
                    [
                        0.0,
                        0.0,
                        0.0,
                        0.0,
                        0.0,
                        0.0
                    ],
                    [
                        0.0,
                        1.0,
                        0.9153778235449624,
                        0.949923512001978,
                        -0.02994747056659431,
                        0.09713437839336414
                    ],
                    [
                        0.0,
                        0.9153778235449624,
                        1.8379165598379124,
                        0.8695389169505576,
                        -0.7830265828322329,
                        -0.6083082630890273
                    ],
                    [
                        0.0,
                        0.949923512001978,
                        0.8695389169505576,
                        1.902354678654172,
                        -0.028447806416195133,
                        0.8663923220054787
                    ],
                    [
                        0.0,
                        -0.02994747056659431,
                        -0.7830265828322329,
                        -0.028447806416195133,
                        1.5718483591004788,
                        0.5239220042967666
                    ],
                    [
                        0.0,
                        0.09713437839336414,
                        -0.6083082630890273,
                        0.8663923220054787,
                        0.5239220042967666,
                        2.0948198997570664
                    ]
                ],
                "mui": [
                    10.0,
                    5.94172227543595,
                    13.855841946314378,
                    -3.5804796312001135,
                    -6.03787738543569,
                    -11.93233894964411
                ],
                "Ai": [
                    [
                        0.0,
                        0.0,
                        0.0,
                        0.0,
                        0.0,
                        0.0
                    ],
                    [
                        0.544172227543595,
                        0.0,
                        0.0,
                        0.0,
                        0.0,
                        0.0
                    ],
                    [
                        0.7916921141717197,
                        0.9153778235449624,
                        0.0,
                        0.0,
                        0.0,
                        0.0
                    ],
                    [
                        -0.9724661322422614,
                        0.949923512001978,
                        0.0,
                        0.0,
                        0.0,
                        0.0
                    ],
                    [
                        -0.0,
                        0.6617242170912164,
                        -0.755613332404307,
                        0.0,
                        0.0,
                        0.0
                    ],
                    [
                        -0.0,
                        0.0,
                        -0.6972229189741378,
                        0.7741220921459252,
                        0.0,
                        0.0
                    ]
                ]
            },
            "est_params": {
                "mui": [
                    10.0,
                    5.935751664620828,
                    13.8582442814021,
                    -3.5929466258087124,
                    -6.055441810275934,
                    -11.947239915946067
                ],
                "Si": [
                    [
                        1e-06,
                        0.0,
                        0.0,
                        0.0,
                        0.0,
                        0.0
                    ],
                    [
                        0.0,
                        0.9906663273826484,
                        0.8981549725266168,
                        0.9191891141221858,
                        -0.04130658889684802,
                        0.08623384694201656
                    ],
                    [
                        0.0,
                        0.8981549725266168,
                        1.8334816944811019,
                        0.8286617789763462,
                        -0.8016701866221045,
                        -0.6561140143812958
                    ],
                    [
                        0.0,
                        0.9191891141221858,
                        0.8286617789763462,
                        1.871708884170178,
                        -0.058215464378430795,
                        0.8855955369806262
                    ],
                    [
                        0.0,
                        -0.04130658889684802,
                        -0.8016701866221045,
                        -0.058215464378430795,
                        1.5623085198656521,
                        0.5289238181113062
                    ],
                    [
                        0.0,
                        0.08623384694201656,
                        -0.6561140143812958,
                        0.8855955369806262,
                        0.5289238181113062,
                        2.1717910574220025
                    ]
                ]
            },
            "est_tgt": [
                0
            ]
        },
        "1": {
            "intv_type": "do",
            "inode": 1,
            "new_mui": 10.0,
            "true_params": {
                "Si": [
                    [
                        1.0,
                        0.0,
                        0.7916921141717197,
                        -0.9724661322422614,
                        -0.5982131166275042,
                        -1.304793403604048
                    ],
                    [
                        0.0,
                        0.0,
                        0.0,
                        0.0,
                        0.0,
                        0.0
                    ],
                    [
                        0.7916921141717197,
                        0.0,
                        1.6267764036416872,
                        -0.7698937681952711,
                        -1.2292139394323893,
                        -1.7302175672307407
                    ],
                    [
                        -0.9724661322422614,
                        0.0,
                        -0.7698937681952711,
                        1.9456903783582233,
                        0.5817419957833379,
                        2.04298948672397
                    ],
                    [
                        -0.5982131166275042,
                        0.0,
                        -1.2292139394323893,
                        0.5817419957833379,
                        1.9288104410123337,
                        1.3073754617596929
                    ],
                    [
                        -1.304793403604048,
                        0.0,
                        -1.7302175672307407,
                        2.04298948672397,
                        1.3073754617596929,
                        3.7878706383798373
                    ]
                ],
                "mui": [
                    0.5,
                    10.0,
                    10.049624292535485,
                    9.51300205389865,
                    -0.47638793018184855,
                    0.8573966687175112
                ],
                "Ai": [
                    [
                        0.0,
                        0.0,
                        0.0,
                        0.0,
                        0.0,
                        0.0
                    ],
                    [
                        0.0,
                        0.0,
                        0.0,
                        0.0,
                        0.0,
                        0.0
                    ],
                    [
                        0.7916921141717197,
                        0.9153778235449624,
                        0.0,
                        0.0,
                        0.0,
                        0.0
                    ],
                    [
                        -0.9724661322422614,
                        0.949923512001978,
                        0.0,
                        0.0,
                        0.0,
                        0.0
                    ],
                    [
                        -0.0,
                        0.6617242170912164,
                        -0.755613332404307,
                        0.0,
                        0.0,
                        0.0
                    ],
                    [
                        -0.0,
                        0.0,
                        -0.6972229189741378,
                        0.7741220921459252,
                        0.0,
                        0.0
                    ]
                ]
            },
            "est_params": {
                "mui": [
                    0.47404674311774114,
                    10.0,
                    9.998246506115905,
                    9.545460801423573,
                    -0.45244929914283005,
                    0.9176874660677108
                ],
                "Si": [
                    [
                        0.9985723331000378,
                        0.0,
                        0.7741476590695732,
                        -0.9890339571882086,
                        -0.5886930347001492,
                        -1.3118638188876517
                    ],
                    [
                        0.0,
                        1e-06,
                        0.0,
                        0.0,
                        0.0,
                        0.0
                    ],
                    [
                        0.7741476590695732,
                        0.0,
                        1.6260101512800176,
                        -0.7463695937417646,
                        -1.2331894784805446,
                        -1.7152249042971328
                    ],
                    [
                        -0.9890339571882086,
                        0.0,
                        -0.7463695937417646,
                        2.0102499546204267,
                        0.5665345941008494,
                        2.0671209954840535
                    ],
                    [
                        -0.5886930347001492,
                        0.0,
                        -1.2331894784805446,
                        0.5665345941008494,
                        1.9227966806616221,
                        1.2882130300612527
                    ],
                    [
                        -1.3118638188876517,
                        0.0,
                        -1.7152249042971328,
                        2.0671209954840535,
                        1.2882130300612527,
                        3.780914450140681
                    ]
                ]
            },
            "est_tgt": [
                1
            ]
        },
        "2": {
            "intv_type": "do",
            "inode": 2,
            "new_mui": 10.0,
            "true_params": {
                "Si": [
                    [
                        1.0,
                        0.544172227543595,
                        0.0,
                        -0.45554413872011024,
                        0.3600919412340686,
                        -0.3526467817308253
                    ],
                    [
                        0.544172227543595,
                        1.296123413229758,
                        0.0,
                        0.7020290432902272,
                        0.8576762508730569,
                        0.5434561917390329
                    ],
                    [
                        0.0,
                        0.0,
                        0.0,
                        0.0,
                        0.0,
                        0.0
                    ],
                    [
                        -0.45554413872011024,
                        0.7020290432902272,
                        0.0,
                        2.109875140976419,
                        0.46454961904652126,
                        1.6333009582993445
                    ],
                    [
                        0.3600919412340686,
                        0.8576762508730569,
                        0.0,
                        0.46454961904652126,
                        1.567545145626703,
                        0.35961812300188556
                    ],
                    [
                        -0.3526467817308253,
                        0.5434561917390329,
                        0.0,
                        1.6333009582993445,
                        0.35961812300188556,
                        2.2643743549426327
                    ]
                ],
                "mui": [
                    0.5,
                    0.7720861137717975,
                    10.0,
                    0.7471896866409339,
                    -6.545225244880427,
                    -5.89381314628904
                ],
                "Ai": [
                    [
                        0.0,
                        0.0,
                        0.0,
                        0.0,
                        0.0,
                        0.0
                    ],
                    [
                        0.544172227543595,
                        0.0,
                        0.0,
                        0.0,
                        0.0,
                        0.0
                    ],
                    [
                        0.0,
                        0.0,
                        0.0,
                        0.0,
                        0.0,
                        0.0
                    ],
                    [
                        -0.9724661322422614,
                        0.949923512001978,
                        0.0,
                        0.0,
                        0.0,
                        0.0
                    ],
                    [
                        -0.0,
                        0.6617242170912164,
                        -0.755613332404307,
                        0.0,
                        0.0,
                        0.0
                    ],
                    [
                        -0.0,
                        0.0,
                        -0.6972229189741378,
                        0.7741220921459252,
                        0.0,
                        0.0
                    ]
                ]
            },
            "est_params": {
                "mui": [
                    0.5031403095729369,
                    0.7673119573188748,
                    9.999999999999975,
                    0.7282936320285305,
                    -6.574565967138711,
                    -5.904516141196338
                ],
                "Si": [
                    [
                        1.008862533474493,
                        0.5677698751025223,
                        -2.95456929461143e-26,
                        -0.4530524438402506,
                        0.38157639835745566,
                        -0.353947106079912
                    ],
                    [
                        0.5677698751025223,
                        1.315212017932585,
                        -4.173851030671641e-25,
                        0.6905208332122499,
                        0.8836032608082358,
                        0.5483411571640497
                    ],
                    [
                        -2.9545698338882895e-26,
                        -4.173849520696435e-25,
                        1e-06,
                        -4.650221460051114e-25,
                        -3.349348267659177e-25,
                        -5.269063766456986e-25
                    ],
                    [
                        -0.4530524438402506,
                        0.6905208332122499,
                        -4.650220381497395e-25,
                        2.1174229896801724,
                        0.4542471687350579,
                        1.6610548527810765
                    ],
                    [
                        0.38157639835745566,
                        0.8836032608082359,
                        -3.3493471891054585e-25,
                        0.4542471687350579,
                        1.574712460213897,
                        0.3282511184335576
                    ],
                    [
                        -0.353947106079912,
                        0.5483411571640497,
                        -5.269064737155333e-25,
                        1.6610548527810765,
                        0.3282511184335576,
                        2.3019966610078844
                    ]
                ]
            },
            "est_tgt": [
                2
            ]
        },
        "3": {
            "intv_type": "do",
            "inode": 3,
            "new_mui": 10.0,
            "true_params": {
                "Si": [
                    [
                        1.0,
                        0.544172227543595,
                        1.2898153034541897,
                        0.0,
                        -0.614509698395024,
                        -0.8992887908118434
                    ],
                    [
                        0.544172227543595,
                        1.296123413229758,
                        1.6172594903454467,
                        0.0,
                        -0.3643465819893572,
                        -1.1275903825972788
                    ],
                    [
                        1.2898153034541897,
                        1.6172594903454467,
                        3.5015400768625358,
                        0.0,
                        -1.5756305959431534,
                        -2.441353993295024
                    ],
                    [
                        0.0,
                        0.0,
                        0.0,
                        0.0,
                        0.0,
                        0.0
                    ],
                    [
                        -0.614509698395024,
                        -0.3643465819893572,
                        -1.5756305959431534,
                        0.0,
                        1.949470528522022,
                        1.0985657633284456
                    ],
                    [
                        -0.8992887908118434,
                        -1.1275903825972788,
                        -2.441353993295024,
                        0.0,
                        1.0985657633284456,
                        2.702167957454324
                    ]
                ],
                "mui": [
                    0.5,
                    0.7720861137717975,
                    1.602596563499576,
                    10.0,
                    -0.20003525068296268,
                    7.1238538675181555
                ],
                "Ai": [
                    [
                        0.0,
                        0.0,
                        0.0,
                        0.0,
                        0.0,
                        0.0
                    ],
                    [
                        0.544172227543595,
                        0.0,
                        0.0,
                        0.0,
                        0.0,
                        0.0
                    ],
                    [
                        0.7916921141717197,
                        0.9153778235449624,
                        0.0,
                        0.0,
                        0.0,
                        0.0
                    ],
                    [
                        0.0,
                        0.0,
                        0.0,
                        0.0,
                        0.0,
                        0.0
                    ],
                    [
                        -0.0,
                        0.6617242170912164,
                        -0.755613332404307,
                        0.0,
                        0.0,
                        0.0
                    ],
                    [
                        -0.0,
                        0.0,
                        -0.6972229189741378,
                        0.7741220921459252,
                        0.0,
                        0.0
                    ]
                ]
            },
            "est_params": {
                "mui": [
                    0.4743791222464032,
                    0.7599485805469525,
                    1.568975782985334,
                    9.999999999999995,
                    -0.17765856381842948,
                    7.155443801933399
                ],
                "Si": [
                    [
                        0.9899600774426631,
                        0.5242095898870874,
                        1.2775383511164071,
                        1.5277150463910615e-25,
                        -0.6254601136515172,
                        -0.901685945589688
                    ],
                    [
                        0.5242095898870874,
                        1.2592402354631862,
                        1.5678900784973127,
                        1.6611674003778433e-24,
                        -0.35434172166742234,
                        -1.109363789931316
                    ],
                    [
                        1.2775383511164071,
                        1.5678900784973127,
                        3.4749841565337523,
                        1.7923012198673788e-24,
                        -1.5960660357851204,
                        -2.447641290285631
                    ],
                    [
                        1.5277151542464298e-25,
                        1.6611673895923064e-24,
                        1.7923012414384525e-24,
                        1e-06,
                        -3.043253680078429e-25,
                        -1.1169150771351538e-24
                    ],
                    [
                        -0.6254601136515172,
                        -0.35434172166742234,
                        -1.5960660357851204,
                        -3.0432535722230606e-25,
                        1.9524465971378848,
                        1.12755075118138
                    ],
                    [
                        -0.901685945589688,
                        -1.109363789931316,
                        -2.447641290285631,
                        -1.1169151202773011e-24,
                        1.12755075118138,
                        2.71899411895658
                    ]
                ]
            },
            "est_tgt": [
                3
            ]
        },
        "4": {
            "intv_type": "do",
            "inode": 4,
            "new_mui": 10.0,
            "true_params": {
                "Si": [
                    [
                        1.0,
                        0.544172227543595,
                        1.2898153034541897,
                        -0.45554413872011024,
                        0.0,
                        -1.2519355725426686
                    ],
                    [
                        0.544172227543595,
                        1.296123413229758,
                        1.6172594903454467,
                        0.7020290432902272,
                        0.0,
                        -0.5841341908582458
                    ],
                    [
                        1.2898153034541897,
                        1.6172594903454467,
                        3.5015400768625358,
                        0.28197111543050113,
                        0.0,
                        -2.2230739234932444
                    ],
                    [
                        -0.45554413872011024,
                        0.7020290432902272,
                        0.28197111543050113,
                        2.109875140976419,
                        0.0,
                        1.4367042341324967
                    ],
                    [
                        0.0,
                        0.0,
                        0.0,
                        0.0,
                        0.0,
                        0.0
                    ],
                    [
                        -1.2519355725426686,
                        -0.5841341908582458,
                        -2.2230739234932444,
                        1.4367042341324967,
                        0.0,
                        3.662162577554806
                    ]
                ],
                "mui": [
                    0.5,
                    0.7720861137717975,
                    1.602596563499576,
                    0.7471896866409339,
                    10.0,
                    -0.0389510104887586
                ],
                "Ai": [
                    [
                        0.0,
                        0.0,
                        0.0,
                        0.0,
                        0.0,
                        0.0
                    ],
                    [
                        0.544172227543595,
                        0.0,
                        0.0,
                        0.0,
                        0.0,
                        0.0
                    ],
                    [
                        0.7916921141717197,
                        0.9153778235449624,
                        0.0,
                        0.0,
                        0.0,
                        0.0
                    ],
                    [
                        -0.9724661322422614,
                        0.949923512001978,
                        0.0,
                        0.0,
                        0.0,
                        0.0
                    ],
                    [
                        0.0,
                        0.0,
                        0.0,
                        0.0,
                        0.0,
                        0.0
                    ],
                    [
                        -0.0,
                        0.0,
                        -0.6972229189741378,
                        0.7741220921459252,
                        0.0,
                        0.0
                    ]
                ]
            },
            "est_params": {
                "mui": [
                    0.49813500263135785,
                    0.7872098649004405,
                    1.6169409225893454,
                    0.7632559030119002,
                    10.0,
                    -0.030646786106727022
                ],
                "Si": [
                    [
                        0.9963433259207916,
                        0.531097492824353,
                        1.2735847784305172,
                        -0.47379057572397426,
                        0.0,
                        -1.264298049986088
                    ],
                    [
                        0.531097492824353,
                        1.287391555656029,
                        1.5997769608892658,
                        0.7122804776616214,
                        0.0,
                        -0.5720746759955719
                    ],
                    [
                        1.2735847784305172,
                        1.5997769608892658,
                        3.4872059719316635,
                        0.29079336244463916,
                        0.0,
                        -2.210552490977416
                    ],
                    [
                        -0.47379057572397426,
                        0.7122804776616214,
                        0.29079336244463916,
                        2.140025884075285,
                        0.0,
                        1.457299996473169
                    ],
                    [
                        0.0,
                        0.0,
                        0.0,
                        0.0,
                        1e-06,
                        0.0
                    ],
                    [
                        -1.264298049986088,
                        -0.5720746759955719,
                        -2.210552490977416,
                        1.457299996473169,
                        0.0,
                        3.690617136080201
                    ]
                ]
            },
            "est_tgt": [
                4
            ]
        },
        "5": {
            "intv_type": "do",
            "inode": 5,
            "new_mui": 10.0,
            "true_params": {
                "Si": [
                    [
                        1.0,
                        0.544172227543595,
                        1.2898153034541897,
                        -0.45554413872011024,
                        -0.614509698395024,
                        0.0
                    ],
                    [
                        0.544172227543595,
                        1.296123413229758,
                        1.6172594903454467,
                        0.7020290432902272,
                        -0.3643465819893572,
                        0.0
                    ],
                    [
                        1.2898153034541897,
                        1.6172594903454467,
                        3.5015400768625358,
                        0.28197111543050113,
                        -1.5756305959431534,
                        0.0
                    ],
                    [
                        -0.45554413872011024,
                        0.7020290432902272,
                        0.28197111543050113,
                        2.109875140976419,
                        0.25148848487432074,
                        0.0
                    ],
                    [
                        -0.614509698395024,
                        -0.3643465819893572,
                        -1.5756305959431534,
                        0.25148848487432074,
                        1.949470528522022,
                        0.0
                    ],
                    [
                        0.0,
                        0.0,
                        0.0,
                        0.0,
                        0.0,
                        0.0
                    ]
                ],
                "mui": [
                    0.5,
                    0.7720861137717975,
                    1.602596563499576,
                    0.7471896866409339,
                    -0.20003525068296268,
                    10.0
                ],
                "Ai": [
                    [
                        0.0,
                        0.0,
                        0.0,
                        0.0,
                        0.0,
                        0.0
                    ],
                    [
                        0.544172227543595,
                        0.0,
                        0.0,
                        0.0,
                        0.0,
                        0.0
                    ],
                    [
                        0.7916921141717197,
                        0.9153778235449624,
                        0.0,
                        0.0,
                        0.0,
                        0.0
                    ],
                    [
                        -0.9724661322422614,
                        0.949923512001978,
                        0.0,
                        0.0,
                        0.0,
                        0.0
                    ],
                    [
                        -0.0,
                        0.6617242170912164,
                        -0.755613332404307,
                        0.0,
                        0.0,
                        0.0
                    ],
                    [
                        0.0,
                        0.0,
                        0.0,
                        0.0,
                        0.0,
                        0.0
                    ]
                ]
            },
            "est_params": {
                "mui": [
                    0.4939449110401681,
                    0.7488403307305342,
                    1.5857489743398674,
                    0.7178471322034831,
                    -0.1981308682623865,
                    9.999999999999995
                ],
                "Si": [
                    [
                        1.016099242764754,
                        0.5517648360439834,
                        1.2789752268107206,
                        -0.4660723402080798,
                        -0.5864558279129827,
                        -1.6245591705838627e-25
                    ],
                    [
                        0.5517648360439834,
                        1.278838501752605,
                        1.6046212112799128,
                        0.6921219093952297,
                        -0.37565604003431463,
                        4.499175165192276e-26
                    ],
                    [
                        1.2789752268107206,
                        1.6046212112799128,
                        3.450710601302008,
                        0.2886805863456116,
                        -1.5238252687379965,
                        -7.11360467774826e-25
                    ],
                    [
                        -0.4660723402080798,
                        0.6921219093952297,
                        0.28868058634561167,
                        2.1260426005016093,
                        0.2200432708726858,
                        3.54026041272359e-24
                    ],
                    [
                        -0.5864558279129827,
                        -0.37565604003431463,
                        -1.5238252687379965,
                        0.2200432708726858,
                        1.8787500647431978,
                        6.06664653647599e-25
                    ],
                    [
                        -1.6245593054030733e-25,
                        4.499175165192276e-26,
                        -7.113604569892891e-25,
                        3.540260396545285e-24,
                        6.066646644331359e-25,
                        1e-06
                    ]
                ]
            },
            "est_tgt": [
                5
            ]
        },
        "obs": {
            "intv_type": "obs",
            "true_params": {
                "Si": [
                    [
                        1.0,
                        0.544172227543595,
                        1.2898153034541897,
                        -0.45554413872011024,
                        -0.614509698395024,
                        -1.2519355725426686
                    ],
                    [
                        0.544172227543595,
                        1.296123413229758,
                        1.6172594903454467,
                        0.7020290432902272,
                        -0.3643465819893572,
                        -0.5841341908582458
                    ],
                    [
                        1.2898153034541897,
                        1.6172594903454467,
                        3.5015400768625358,
                        0.28197111543050113,
                        -1.5756305959431534,
                        -2.2230739234932444
                    ],
                    [
                        -0.45554413872011024,
                        0.7020290432902272,
                        0.28197111543050113,
                        2.109875140976419,
                        0.25148848487432074,
                        1.4367042341324967
                    ],
                    [
                        -0.614509698395024,
                        -0.3643465819893572,
                        -1.5756305959431534,
                        0.25148848487432074,
                        1.949470528522022,
                        1.2932485553899637
                    ],
                    [
                        -1.2519355725426686,
                        -0.5841341908582458,
                        -2.2230739234932444,
                        1.4367042341324967,
                        1.2932485553899637,
                        3.662162577554806
                    ]
                ],
                "mui": [
                    0.5,
                    0.7720861137717975,
                    1.602596563499576,
                    0.7471896866409339,
                    -0.20003525068296268,
                    -0.0389510104887586
                ],
                "Ai": [
                    [
                        0.0,
                        0.0,
                        0.0,
                        0.0,
                        0.0,
                        0.0
                    ],
                    [
                        0.544172227543595,
                        0.0,
                        0.0,
                        0.0,
                        0.0,
                        0.0
                    ],
                    [
                        0.7916921141717197,
                        0.9153778235449624,
                        0.0,
                        0.0,
                        0.0,
                        0.0
                    ],
                    [
                        -0.9724661322422614,
                        0.949923512001978,
                        0.0,
                        0.0,
                        0.0,
                        0.0
                    ],
                    [
                        -0.0,
                        0.6617242170912164,
                        -0.755613332404307,
                        0.0,
                        0.0,
                        0.0
                    ],
                    [
                        -0.0,
                        0.0,
                        -0.6972229189741378,
                        0.7741220921459252,
                        0.0,
                        0.0
                    ]
                ]
            },
            "est_params": {
                "mui": [
                    0.4957190156594236,
                    0.8070096893833054,
                    1.631643618592127,
                    0.7615739909245762,
                    -0.1763269516420348,
                    -0.048965218771184114
                ],
                "Si": [
                    [
                        0.9951628273856797,
                        0.5349189383726569,
                        1.2748133128569594,
                        -0.4797687512587622,
                        -0.6196916195847588,
                        -1.2452361281660353
                    ],
                    [
                        0.5349189383726569,
                        1.2853745407384958,
                        1.6018017304646264,
                        0.6574815151632839,
                        -0.3784902432038398,
                        -0.6104966160514375
                    ],
                    [
