{
    "expt_args": {
        "save_dir": "expt_logs_29.04.24-9",
        "exp_name": "107",
        "num_nodes": 6,
        "obs_noise_mean": 0.5,
        "obs_noise_var": 1.0,
        "max_edge_strength": 1.0,
        "num_parents": 2,
        "new_noise_mean": 10.0,
        "mix_samples": 8192,
        "stage2_samples": 8192,
        "intv_targets": [
            0,
            1,
            2,
            3,
            4,
            5
        ]
    },
    "intv_args_dict": {
        "0": {
            "intv_type": "do",
            "inode": 0,
            "new_mui": 10.0,
            "true_params": {
                "Si": [
                    [
                        0.0,
                        0.0,
                        0.0,
                        0.0,
                        0.0,
                        0.0
                    ],
                    [
                        0.0,
                        1.0,
                        0.9925700208370875,
                        -0.8410686343996974,
                        -0.7135764943135909,
                        0.8314204843537736
                    ],
                    [
                        0.0,
                        0.9925700208370875,
                        1.9851952462645364,
                        -1.6821840472114493,
                        -1.427192676203104,
                        0.8252430474794064
                    ],
                    [
                        0.0,
                        -0.8410686343996974,
                        -1.6821840472114493,
                        2.425423103353339,
                        1.2093524587686624,
                        -0.6992816913873633
                    ],
                    [
                        0.0,
                        -0.7135764943135909,
                        -1.427192676203104,
                        1.2093524587686624,
                        2.026034562011214,
                        -0.5932821145256736
                    ],
                    [
                        0.0,
                        0.8314204843537736,
                        0.8252430474794064,
                        -0.6992816913873633,
                        -0.5932821145256736,
                        1.6912600218030636
                    ]
                ],
                "mui": [
                    10.0,
                    -7.734105507113652,
                    2.2963873826775236,
                    -10.930244599000064,
                    5.344021173456572,
                    -15.623778178109053
                ],
                "Ai": [
                    [
                        0.0,
                        0.0,
                        0.0,
                        0.0,
                        0.0,
                        0.0
                    ],
                    [
                        -0.8234105507113652,
                        0.0,
                        0.0,
                        0.0,
                        0.0,
                        0.0
                    ],
                    [
                        0.9473028647029553,
                        0.9925700208370875,
                        0.0,
                        0.0,
                        0.0,
                        0.0
                    ],
                    [
                        -0.9484367371746705,
                        -0.0,
                        -0.8473645352399211,
                        0.0,
                        0.0,
                        0.0
                    ],
                    [
                        0.6494935490549315,
                        -0.0,
                        -0.7189180403734072,
                        0.0,
                        0.0,
                        0.0
                    ],
                    [
                        -0.9693484431341434,
                        0.8314204843537736,
                        0.0,
                        -0.0,
                        0.0,
                        0.0
                    ]
                ]
            },
            "est_params": {
                "mui": [
                    10.0,
                    -7.761678840089929,
                    2.301286832950034,
                    -10.928323720135149,
                    5.286583510097183,
                    -15.667748231423268
                ],
                "Si": [
                    [
                        1e-06,
                        0.0,
                        0.0,
                        0.0,
                        0.0,
                        0.0
                    ],
                    [
                        0.0,
                        1.0468748106358947,
                        1.0971421688498715,
                        -0.9221802374104502,
                        -0.8112773299946152,
                        0.8726669807415464
                    ],
                    [
                        0.0,
                        1.0971421688498715,
                        2.1387496825545296,
                        -1.7991557470951414,
                        -1.5511202406811007,
                        0.9515020374851324
                    ],
                    [
                        0.0,
                        -0.9221802374104502,
                        -1.7991557470951414,
                        2.5871204235950165,
                        1.30828857043451,
                        -0.8712195775542416
                    ],
                    [
                        0.0,
                        -0.8112773299946152,
                        -1.5511202406811007,
                        1.30828857043451,
                        2.090849404848982,
                        -0.7029770876098992
                    ],
                    [
                        0.0,
                        0.8726669807415464,
                        0.9515020374851324,
                        -0.8712195775542416,
                        -0.7029770876098992,
                        1.7904439624474981
                    ]
                ]
            },
            "est_tgt": [
                0
            ]
        },
        "1": {
            "intv_type": "do",
            "inode": 1,
            "new_mui": 10.0,
            "true_params": {
                "Si": [
                    [
                        1.0,
                        0.0,
                        0.9473028647029553,
                        -1.751147588855136,
                        -0.03153957007743206,
                        -0.9693484431341434
                    ],
                    [
                        0.0,
                        0.0,
                        0.0,
                        0.0,
                        0.0,
                        0.0
                    ],
                    [
                        0.9473028647029553,
                        0.0,
                        1.8973827174744256,
                        -2.5062316626800643,
                        -0.7487955654592582,
                        -0.9182665570763238
                    ],
                    [
                        -1.751147588855136,
                        0.0,
                        -2.5062316626800643,
                        4.784544533535524,
                        0.6644160932512297,
                        1.697472188954835
                    ],
                    [
                        -0.03153957007743206,
                        0.0,
                        -0.7487955654592582,
                        0.6644160932512297,
                        1.5178378932550092,
                        0.03057283315167898
                    ],
                    [
                        -0.9693484431341434,
                        0.0,
                        -0.9182665570763238,
                        1.697472188954835,
                        0.03057283315167898,
                        1.9396364042065875
                    ]
                ],
                "mui": [
                    0.5,
                    10.0,
                    10.899351640722353,
                    -9.209942406044501,
                    -7.0109937483613285,
                    8.329530621970665
                ],
                "Ai": [
                    [
                        0.0,
                        0.0,
                        0.0,
                        0.0,
                        0.0,
                        0.0
                    ],
                    [
                        0.0,
                        0.0,
                        0.0,
                        0.0,
                        0.0,
                        0.0
                    ],
                    [
                        0.9473028647029553,
                        0.9925700208370875,
                        0.0,
                        0.0,
                        0.0,
                        0.0
                    ],
                    [
                        -0.9484367371746705,
                        -0.0,
                        -0.8473645352399211,
                        0.0,
                        0.0,
                        0.0
                    ],
                    [
                        0.6494935490549315,
                        -0.0,
                        -0.7189180403734072,
                        0.0,
                        0.0,
                        0.0
                    ],
                    [
                        -0.9693484431341434,
                        0.8314204843537736,
                        0.0,
                        -0.0,
                        0.0,
                        0.0
                    ]
                ]
            },
            "est_params": {
                "mui": [
                    0.4593282916201542,
                    10.0,
                    10.894132928925004,
                    -9.166714172137434,
                    -7.0383405471673335,
                    8.368520303354877
                ],
                "Si": [
                    [
                        1.0336721902653316,
                        0.0,
                        1.0284531853603744,
                        -1.8262829458474357,
                        -0.0750690101080006,
                        -0.9967941307003261
                    ],
                    [
                        0.0,
                        1e-06,
                        0.0,
                        0.0,
                        0.0,
                        0.0
                    ],
                    [
                        1.0284531853603744,
                        0.0,
                        2.0807412600748063,
                        -2.692679882802247,
                        -0.8556154933687936,
                        -0.9713645412763895
                    ],
                    [
                        -1.8262829458474357,
                        0.0,
                        -2.692679882802247,
                        4.98693138221058,
                        0.7741696465890727,
                        1.7549811877123114
                    ],
                    [
                        -0.0750690101080006,
                        0.0,
                        -0.8556154933687936,
                        0.7741696465890727,
                        1.65051423461396,
                        0.07190183110480754
                    ],
                    [
                        -0.9967941307003261,
                        0.0,
                        -0.9713645412763895,
                        1.7549811877123114,
                        0.07190183110480754,
                        1.8951097763508533
                    ]
                ]
            },
            "est_tgt": [
                1,
                5
            ]
        },
        "2": {
            "intv_type": "do",
            "inode": 2,
            "new_mui": 10.0,
            "true_params": {
                "Si": [
                    [
                        1.0,
                        -0.8234105507113652,
                        0.0,
                        -0.9484367371746705,
                        0.6494935490549315,
                        -1.653948842028594
                    ],
                    [
                        -0.8234105507113652,
                        1.6780049350227937,
                        0.0,
                        0.7809528160718857,
                        -0.5347998409108002,
                        2.193299411216963
                    ],
                    [
                        0.0,
                        0.0,
                        0.0,
                        0.0,
                        0.0,
                        0.0
                    ],
                    [
                        -0.9484367371746705,
                        0.7809528160718857,
                        0.0,
                        1.8995322444225349,
                        -0.616003542481656,
                        1.568665843187424
                    ],
                    [
                        0.6494935490549315,
                        -0.5347998409108002,
                        0.0,
                        -0.616003542481656,
                        1.4218418702639708,
                        -1.0742291033644458
                    ],
                    [
                        -1.653948842028594,
                        2.193299411216963,
                        0.0,
                        1.568665843187424,
                        -1.0742291033644458,
                        4.4268067938507905
                    ]
                ],
                "mui": [
                    0.5,
                    0.08829472464431742,
                    10.0,
                    -8.447863720986545,
                    -6.364433629206607,
                    0.08873582116258982
                ],
                "Ai": [
                    [
                        0.0,
                        0.0,
                        0.0,
                        0.0,
                        0.0,
                        0.0
                    ],
                    [
                        -0.8234105507113652,
                        0.0,
                        0.0,
                        0.0,
                        0.0,
                        0.0
                    ],
                    [
                        0.0,
                        0.0,
                        0.0,
                        0.0,
                        0.0,
                        0.0
                    ],
                    [
                        -0.9484367371746705,
                        -0.0,
                        -0.8473645352399211,
                        0.0,
                        0.0,
                        0.0
                    ],
                    [
                        0.6494935490549315,
                        -0.0,
                        -0.7189180403734072,
                        0.0,
                        0.0,
                        0.0
                    ],
                    [
                        -0.9693484431341434,
                        0.8314204843537736,
                        0.0,
                        -0.0,
                        0.0,
                        0.0
                    ]
                ]
            },
            "est_params": {
                "mui": [
                    0.4405627792896384,
                    0.1341180909397762,
                    9.999999999999998,
                    -8.396681669218607,
                    -6.477658749939619,
                    0.15891208805663715
                ],
                "Si": [
                    [
                        0.9234943206478392,
                        -0.7524986972907715,
                        5.282392681510521e-21,
                        -0.8646025061086179,
                        0.6222924791191625,
                        -1.508711825422136
                    ],
                    [
                        -0.7524986972907715,
                        1.675324195793466,
                        -2.79483481476632e-20,
                        0.7164659993006512,
                        -0.5204686136580545,
                        2.1031224543048856
                    ],
                    [
                        5.282392681510521e-21,
                        -2.794834814763893e-20,
                        1e-06,
                        -7.0383406524089e-21,
                        8.631177303152857e-22,
                        -3.035228883247542e-20
                    ],
                    [
                        -0.8646025061086179,
                        0.7164659993006512,
                        -7.0383406524089e-21,
                        1.7969214117678491,
                        -0.5772886548931186,
                        1.3932690217898998
                    ],
                    [
                        0.6222924791191625,
                        -0.5204686136580545,
                        8.631177303152857e-22,
                        -0.5772886548931186,
                        1.453922942993365,
                        -1.0769103772957522
                    ],
                    [
                        -1.508711825422136,
                        2.1031224543048856,
                        -3.0352288832464627e-20,
                        1.3932690217898998,
                        -1.0769103772957522,
                        4.16395010382148
                    ]
                ]
            },
            "est_tgt": [
                2
            ]
        },
        "3": {
            "intv_type": "do",
            "inode": 3,
            "new_mui": 10.0,
            "true_params": {
                "Si": [
                    [
                        1.0,
                        -0.8234105507113652,
                        0.130010237225898,
                        0.0,
                        0.5560268440800071,
                        -1.653948842028594
                    ],
                    [
                        -0.8234105507113652,
                        1.6780049350227937,
                        0.8855182198047955,
                        0.0,
                        -1.171414864207812,
                        2.193299411216963
                    ],
                    [
                        0.130010237225898,
                        0.8855182198047955,
                        2.0020979080480705,
                        0.0,
                        -1.3549034943002949,
                        0.6102127661677696
                    ],
                    [
                        0.0,
                        0.0,
                        0.0,
                        0.0,
                        0.0,
                        0.0
                    ],
                    [
                        0.5560268440800071,
                        -1.171414864207812,
                        -1.3549034943002949,
                        0.0,
                        2.3352004133487867,
                        -1.512922069428615
                    ],
                    [
                        -1.653948842028594,
                        2.193299411216963,
                        0.6102127661677696,
                        0.0,
                        -1.512922069428615,
                        4.4268067938507905
                    ]
                ],
                "mui": [
                    0.5,
                    0.08829472464431742,
                    1.0612901290314927,
                    10.0,
                    0.06176615469650448,
                    0.08873582116258982
                ],
                "Ai": [
                    [
                        0.0,
                        0.0,
                        0.0,
                        0.0,
                        0.0,
                        0.0
                    ],
                    [
                        -0.8234105507113652,
                        0.0,
                        0.0,
                        0.0,
                        0.0,
                        0.0
                    ],
                    [
                        0.9473028647029553,
                        0.9925700208370875,
                        0.0,
                        0.0,
                        0.0,
                        0.0
                    ],
                    [
                        0.0,
                        0.0,
                        0.0,
                        0.0,
                        0.0,
                        0.0
                    ],
                    [
                        0.6494935490549315,
                        -0.0,
                        -0.7189180403734072,
                        0.0,
                        0.0,
                        0.0
                    ],
                    [
                        -0.9693484431341434,
                        0.8314204843537736,
                        0.0,
                        -0.0,
                        0.0,
                        0.0
                    ]
                ]
            },
            "est_params": {
                "mui": [
                    0.5076455527999464,
                    0.0785945835175074,
                    1.1036595684255623,
                    10.0,
                    -0.00042160696031070074,
                    0.02833029336277744
                ],
                "Si": [
                    [
                        0.9989577861369179,
                        -0.83662459188181,
                        0.11177834249279969,
                        0.0,
                        0.5602490086622952,
                        -1.6585536473960751
                    ],
                    [
                        -0.83662459188181,
                        1.749132410231998,
                        0.9835257328963345,
                        0.0,
                        -1.1673771269366016,
                        2.222977587614005
                    ],
                    [
                        0.11177834249279966,
                        0.9835257328963345,
                        2.095355048297994,
                        0.0,
                        -1.3766047889245598,
                        0.6283578254866227
                    ],
                    [
                        0.0,
                        0.0,
                        0.0,
                        1e-06,
                        0.0,
                        0.0
                    ],
                    [
                        0.5602490086622952,
                        -1.1673771269366016,
                        -1.3766047889245598,
                        0.0,
                        2.345829840933356,
                        -1.4714653862267737
                    ],
                    [
                        -1.6585536473960751,
                        2.222977587614005,
                        0.6283578254866227,
                        0.0,
                        -1.4714653862267737,
                        4.395792716338423
                    ]
                ]
            },
            "est_tgt": [
                3
            ]
        },
        "4": {
            "intv_type": "do",
            "inode": 4,
            "new_mui": 10.0,
            "true_params": {
                "Si": [
                    [
                        1.0,
                        -0.8234105507113652,
                        0.130010237225898,
                        -1.0586028014180253,
                        0.0,
                        -1.653948842028594
                    ],
                    [
                        -0.8234105507113652,
                        1.6780049350227937,
                        0.8855182198047955,
                        0.030596081300512834,
                        0.0,
                        2.193299411216963
                    ],
                    [
                        0.130010237225898,
                        0.8855182198047955,
                        2.0020979080480705,
                        -1.819813248551807,
                        0.0,
                        0.6102127661677696
                    ],
                    [
                        -1.0586028014180253,
                        0.030596081300512834,
                        -1.819813248551807,
                        3.5460629945234303,
                        0.0,
                        1.0515931861862051
                    ],
                    [
                        0.0,
                        0.0,
                        0.0,
                        0.0,
                        0.0,
                        0.0
                    ],
                    [
                        -1.653948842028594,
                        2.193299411216963,
                        0.6102127661677696,
                        1.0515931861862051,
                        0.0,
                        4.4268067938507905
                    ]
                ],
                "mui": [
                    0.5,
                    0.08829472464431742,
                    1.0612901290314927,
                    -0.8735179855288219,
                    10.0,
                    0.08873582116258982
                ],
                "Ai": [
                    [
                        0.0,
                        0.0,
                        0.0,
                        0.0,
                        0.0,
                        0.0
                    ],
                    [
                        -0.8234105507113652,
                        0.0,
                        0.0,
                        0.0,
                        0.0,
                        0.0
                    ],
                    [
                        0.9473028647029553,
                        0.9925700208370875,
                        0.0,
                        0.0,
                        0.0,
                        0.0
                    ],
                    [
                        -0.9484367371746705,
                        -0.0,
                        -0.8473645352399211,
                        0.0,
                        0.0,
                        0.0
                    ],
                    [
                        0.0,
                        0.0,
                        0.0,
                        0.0,
                        0.0,
                        0.0
                    ],
                    [
                        -0.9693484431341434,
                        0.8314204843537736,
                        0.0,
                        -0.0,
                        0.0,
                        0.0
                    ]
                ]
            },
            "est_params": {
                "mui": [
                    0.48370091440696544,
                    0.058417931642632086,
                    1.0269335363738323,
                    -0.8473403930700157,
                    10.0,
                    0.07699663653010302
                ],
                "Si": [
                    [
                        0.9032279730886023,
                        -0.7290092766969857,
                        0.15729229262291727,
                        -0.9897112011522191,
                        4.885041423592835e-26,
                        -1.4559094007540578
                    ],
                    [
                        -0.7290092766969857,
                        1.5506550208474543,
                        0.8777366706574822,
                        -0.07390794557933125,
                        -5.450705911267354e-26,
                        1.98647761920605
                    ],
                    [
                        0.15729229262291733,
                        0.8777366706574822,
                        2.054578688189173,
                        -1.9142130225921457,
                        -4.1360417007556126e-27,
                        0.5573863573064646
                    ],
                    [
                        -0.9897112011522191,
                        -0.07390794557933125,
                        -1.9142130225921457,
                        3.518620720416881,
                        -4.6515173380726726e-26,
                        0.8625142064878355
                    ],
                    [
                        4.885041423592835e-26,
                        -5.450705911267354e-26,
                        -4.1360417007556126e-27,
                        -4.651517338072673e-26,
                        1e-06,
                        -9.682680347179442e-26
                    ],
                    [
                        -1.4559094007540578,
                        1.98647761920605,
                        0.5573863573064646,
                        0.8625142064878354,
                        -9.68268034717944e-26,
                        4.040383279922163
                    ]
                ]
            },
            "est_tgt": [
                4
            ]
        },
        "5": {
            "intv_type": "do",
            "inode": 5,
            "new_mui": 10.0,
            "true_params": {
                "Si": [
                    [
                        1.0,
                        -0.8234105507113652,
                        0.130010237225898,
                        -1.0586028014180253,
                        0.5560268440800071,
                        0.0
                    ],
                    [
                        -0.8234105507113652,
                        1.6780049350227937,
                        0.8855182198047955,
                        0.030596081300512834,
                        -1.171414864207812,
                        0.0
                    ],
                    [
                        0.130010237225898,
                        0.8855182198047955,
                        2.0020979080480705,
                        -1.819813248551807,
                        -1.3549034943002949,
                        0.0
                    ],
                    [
                        -1.0586028014180253,
                        0.030596081300512834,
                        -1.819813248551807,
                        3.5460629945234303,
                        0.6207408839619433,
                        0.0
                    ],
                    [
                        0.5560268440800071,
                        -1.171414864207812,
                        -1.3549034943002949,
                        0.6207408839619433,
                        2.3352004133487867,
                        0.0
                    ],
                    [
                        0.0,
                        0.0,
                        0.0,
                        0.0,
                        0.0,
                        0.0
                    ]
                ],
                "mui": [
                    0.5,
                    0.08829472464431742,
                    1.0612901290314927,
                    -0.8735179855288219,
                    0.06176615469650448,
                    10.0
                ],
                "Ai": [
                    [
                        0.0,
                        0.0,
                        0.0,
                        0.0,
                        0.0,
                        0.0
                    ],
                    [
                        -0.8234105507113652,
                        0.0,
                        0.0,
                        0.0,
                        0.0,
                        0.0
                    ],
                    [
                        0.9473028647029553,
                        0.9925700208370875,
                        0.0,
                        0.0,
                        0.0,
                        0.0
                    ],
                    [
                        -0.9484367371746705,
                        -0.0,
                        -0.8473645352399211,
                        0.0,
                        0.0,
                        0.0
                    ],
                    [
                        0.6494935490549315,
                        -0.0,
                        -0.7189180403734072,
                        0.0,
                        0.0,
                        0.0
                    ],
                    [
                        0.0,
                        0.0,
                        0.0,
                        0.0,
                        0.0,
                        0.0
                    ]
                ]
            },
            "est_params": {
                "mui": [
                    0.5424069986030526,
                    0.07605930611250455,
                    1.0702238336209176,
                    -0.8761624731455483,
                    0.07697017606399184,
                    10.0
                ],
                "Si": [
                    [
                        1.0272262429342285,
                        -0.8512191790185921,
                        0.15754609352065338,
                        -1.128927675553202,
                        0.5302942663504681,
                        -2.9137195069606625e-27
                    ],
                    [
                        -0.8512191790185921,
                        1.6729990958520846,
                        0.8531791140753731,
                        0.08296311777481101,
                        -1.129563809578869,
                        5.1279133706148154e-26
                    ],
                    [
                        0.15754609352065338,
                        0.8531791140753731,
                        1.9998130568751522,
                        -1.8210737708984701,
                        -1.436964143546189,
                        5.1091957151161204e-26
                    ],
                    [
                        -1.128927675553202,
                        0.08296311777481101,
                        -1.8210737708984701,
                        3.5715167824863023,
                        0.6135606561279972,
                        -3.6091299506047785e-26
                    ],
                    [
                        0.5302942663504681,
                        -1.129563809578869,
                        -1.436964143546189,
                        0.6135606561279972,
                        2.418984242783042,
                        -4.175585365458536e-26
                    ],
                    [
                        -2.9137195069606625e-27,
                        5.127913370614816e-26,
                        5.10919571511612e-26,
                        -3.609129950604778e-26,
                        -4.175585365458536e-26,
                        1e-06
                    ]
                ]
            },
            "est_tgt": [
                1,
                5
            ]
        },
        "obs": {
            "intv_type": "obs",
            "true_params": {
                "Si": [
                    [
                        1.0,
                        -0.8234105507113652,
                        0.130010237225898,
                        -1.0586028014180253,
                        0.5560268440800071,
                        -1.653948842028594
                    ],
                    [
                        -0.8234105507113652,
                        1.6780049350227937,
                        0.8855182198047955,
                        0.030596081300512834,
                        -1.171414864207812,
                        2.193299411216963
                    ],
                    [
                        0.130010237225898,
                        0.8855182198047955,
                        2.0020979080480705,
                        -1.819813248551807,
                        -1.3549034943002949,
                        0.6102127661677696
                    ],
                    [
                        -1.0586028014180253,
                        0.030596081300512834,
                        -1.819813248551807,
                        3.5460629945234303,
                        0.6207408839619433,
                        1.0515931861862051
                    ],
                    [
                        0.5560268440800071,
                        -1.171414864207812,
                        -1.3549034943002949,
                        0.6207408839619433,
                        2.3352004133487867,
                        -1.512922069428615
                    ],
                    [
                        -1.653948842028594,
                        2.193299411216963,
                        0.6102127661677696,
                        1.0515931861862051,
                        -1.512922069428615,
                        4.4268067938507905
                    ]
                ],
                "mui": [
                    0.5,
                    0.08829472464431742,
                    1.0612901290314927,
                    -0.8735179855288219,
                    0.06176615469650448,
                    0.08873582116258982
                ],
                "Ai": [
                    [
                        0.0,
                        0.0,
                        0.0,
                        0.0,
                        0.0,
                        0.0
                    ],
                    [
                        -0.8234105507113652,
                        0.0,
                        0.0,
                        0.0,
                        0.0,
                        0.0
                    ],
                    [
                        0.9473028647029553,
                        0.9925700208370875,
                        0.0,
                        0.0,
                        0.0,
                        0.0
                    ],
                    [
                        -0.9484367371746705,
                        -0.0,
                        -0.8473645352399211,
                        0.0,
                        0.0,
                        0.0
                    ],
                    [
                        0.6494935490549315,
                        -0.0,
                        -0.7189180403734072,
                        0.0,
                        0.0,
                        0.0
                    ],
                    [
                        -0.9693484431341434,
                        0.8314204843537736,
                        0.0,
                        -0.0,
                        0.0,
                        0.0
                    ]
                ]
            },
            "est_params": {
                "mui": [
                    0.5401249279356813,
                    0.008026696710047436,
                    1.0222252043164217,
                    -0.909811080316375,
                    0.1573157798059529,
                    -0.03254075227427419
                ],
                "Si": [
                    [
                        1.0055320946203148,
                        -0.8838421112991838,
                        0.07404550021130754,
                        -1.0193710719799738,
                        0.6559387785533074,
                        -1.6863442563718598
                    ],
                    [
                        -0.8838421112991838,
                        1.7974858679684078,
                        0.9290777615947272,
                        0.060955526102695806,
                        -1.242620638795175,
                        2.298080372969566
                    ],
