{
    "expt_args": {
        "save_dir": "expt_logs_29.04.24-9",
        "exp_name": "86",
        "num_nodes": 6,
        "obs_noise_mean": 0.5,
        "obs_noise_var": 1.0,
        "max_edge_strength": 1.0,
        "num_parents": 2,
        "new_noise_mean": 10.0,
        "mix_samples": 65536,
        "stage2_samples": 65536,
        "intv_targets": [
            0,
            1,
            2,
            3,
            4,
            5
        ]
    },
    "intv_args_dict": {
        "0": {
            "intv_type": "do",
            "inode": 0,
            "new_mui": 10.0,
            "true_params": {
                "Si": [
                    [
                        0.0,
                        0.0,
                        0.0,
                        0.0,
                        0.0,
                        0.0
                    ],
                    [
                        0.0,
                        1.0,
                        -0.8661593427497571,
                        0.6012918932721611,
                        0.30658420682152715,
                        -0.24368412831122258
                    ],
                    [
                        0.0,
                        -0.8661593427497571,
                        1.7502320070326913,
                        -0.5208145910773723,
                        0.24831745863049143,
                        -0.1973716261452921
                    ],
                    [
                        0.0,
                        0.6012918932721611,
                        -0.5208145910773723,
                        1.36155194091482,
                        0.1843465981670599,
                        -0.14652529087263128
                    ],
                    [
                        0.0,
                        0.30658420682152715,
                        0.24831745863049143,
                        0.1843465981670599,
                        1.3580544374870591,
                        -1.0794303960701757
                    ],
                    [
                        0.0,
                        -0.24368412831122258,
                        -0.1973716261452921,
                        -0.14652529087263128,
                        -1.0794303960701757,
                        1.8579700104778156
                    ]
                ],
                "mui": [
                    10.0,
                    -8.844140073677673,
                    -1.6088373594571974,
                    -13.897325297423873,
                    -6.974658055132282,
                    -2.7818967067516853
                ],
                "Ai": [
                    [
                        0.0,
                        0.0,
                        0.0,
                        0.0,
                        0.0,
                        0.0
                    ],
                    [
                        -0.9344140073677674,
                        0.0,
                        0.0,
                        0.0,
                        0.0,
                        0.0
                    ],
                    [
                        -0.976927191286064,
                        -0.8661593427497571,
                        0.0,
                        0.0,
                        0.0,
                        0.0
                    ],
                    [
                        -0.9079415568158034,
                        0.6012918932721611,
                        0.0,
                        0.0,
                        0.0,
                        0.0
                    ],
                    [
                        0.0,
                        0.7516759783904436,
                        0.513868233708481,
                        0.0,
                        0.0,
                        0.0
                    ],
                    [
                        -0.8825605190806634,
                        -0.0,
                        -0.0,
                        0.0,
                        -0.794835881592163,
                        0.0
                    ]
                ]
            },
            "est_params": {
                "mui": [
                    10.0,
                    -8.866529378917226,
                    -1.5939720250715332,
                    -13.905289385005313,
                    -6.986012610142261,
                    -2.773079157216561
                ],
                "Si": [
                    [
                        1e-06,
                        0.0,
                        0.0,
                        0.0,
                        0.0,
                        0.0
                    ],
                    [
                        0.0,
                        0.9886944920761028,
                        -0.8394098333155641,
                        0.5816887117434105,
                        0.30921260779280635,
                        -0.23757573737451623
                    ],
                    [
                        0.0,
                        -0.8394098333155641,
                        1.675008903312516,
                        -0.48379659869413344,
                        0.2197746453517717,
                        -0.16880337252929997
                    ],
                    [
                        0.0,
                        0.5816887117434105,
                        -0.48379659869413344,
                        1.3239792102692838,
                        0.17853742220490304,
                        -0.11946092959379061
                    ],
                    [
                        0.0,
                        0.30921260779280635,
                        0.2197746453517717,
                        0.17853742220490304,
                        1.3344095365029165,
                        -1.046434257760819
                    ],
                    [
                        0.0,
                        -0.23757573737451623,
                        -0.16880337252929997,
                        -0.11946092959379061,
                        -1.046434257760819,
                        1.8406674775209848
                    ]
                ]
            },
            "est_tgt": [
                0
            ]
        },
        "1": {
            "intv_type": "do",
            "inode": 1,
            "new_mui": 10.0,
            "true_params": {
                "Si": [
                    [
                        1.0,
                        0.0,
                        -0.976927191286064,
                        -0.9079415568158034,
                        -0.502011850247957,
                        -0.4835434875191155
                    ],
                    [
                        0.0,
                        0.0,
                        0.0,
                        0.0,
                        0.0,
                        0.0
                    ],
                    [
                        -0.976927191286064,
                        0.0,
                        1.9543867370740777,
                        0.886992794951959,
                        1.0042972605635379,
                        0.06394587056482931
                    ],
                    [
                        -0.9079415568158034,
                        0.0,
                        0.886992794951959,
                        1.8243578705931047,
                        0.455797420854112,
                        0.43902922684624873
                    ],
                    [
                        -0.502011850247957,
                        0.0,
                        1.0042972605635379,
                        0.455797420854112,
                        1.5160764594040512,
                        -0.761976130032063
                    ],
                    [
                        -0.4835434875191155,
                        0.0,
                        0.06394587056482931,
                        0.43902922684624873,
                        -0.761976130032063,
                        2.032402360409164
                    ]
                ],
                "mui": [
                    0.5,
                    10.0,
                    -8.650057023140603,
                    6.058948154313709,
                    3.5717702599455334,
                    -2.780251422948809
                ],
                "Ai": [
                    [
                        0.0,
                        0.0,
                        0.0,
                        0.0,
                        0.0,
                        0.0
                    ],
                    [
                        0.0,
                        0.0,
                        0.0,
                        0.0,
                        0.0,
                        0.0
                    ],
                    [
                        -0.976927191286064,
                        -0.8661593427497571,
                        0.0,
                        0.0,
                        0.0,
                        0.0
                    ],
                    [
                        -0.9079415568158034,
                        0.6012918932721611,
                        0.0,
                        0.0,
                        0.0,
                        0.0
                    ],
                    [
                        0.0,
                        0.7516759783904436,
                        0.513868233708481,
                        0.0,
                        0.0,
                        0.0
                    ],
                    [
                        -0.8825605190806634,
                        -0.0,
                        -0.0,
                        0.0,
                        -0.794835881592163,
                        0.0
                    ]
                ]
            },
            "est_params": {
                "mui": [
                    0.4980973723035137,
                    10.0,
                    -8.651578229111774,
                    6.070308047464667,
                    3.5881602036570546,
                    -2.7833125037005546
                ],
                "Si": [
                    [
                        0.9940204552229047,
                        0.0,
                        -0.9785387986889432,
                        -0.9134956135429483,
                        -0.49511804325002307,
                        -0.4764674002928369
                    ],
                    [
                        0.0,
                        1e-06,
                        0.0,
                        0.0,
                        0.0,
                        0.0
                    ],
                    [
                        -0.9785387986889432,
                        0.0,
                        1.9360033028669539,
                        0.9025765504359117,
                        0.9844550090253947,
                        0.07555476071823511
                    ],
                    [
                        -0.9134956135429483,
                        0.0,
                        0.9025765504359117,
                        1.8124059262563867,
                        0.46403195350565013,
                        0.42710702945814877
                    ],
                    [
                        -0.49511804325002307,
                        0.0,
                        0.9844550090253947,
                        0.46403195350565013,
                        1.4926415560069026,
                        -0.7619782065656161
                    ],
                    [
                        -0.4764674002928369,
                        0.0,
                        0.07555476071823511,
                        0.42710702945814877,
                        -0.7619782065656161,
                        2.002461337973225
                    ]
                ]
            },
            "est_tgt": [
                1
            ]
        },
        "2": {
            "intv_type": "do",
            "inode": 2,
            "new_mui": 10.0,
            "true_params": {
                "Si": [
                    [
                        1.0,
                        -0.9344140073677674,
                        0.0,
                        -1.4697971244059953,
                        -0.7023765632099017,
                        -0.32428642425204757
                    ],
                    [
                        -0.9344140073677674,
                        1.87312953716509,
                        0.0,
                        1.974690914305988,
                        1.407986477500608,
                        -0.2944412617353002
                    ],
                    [
                        0.0,
                        0.0,
                        0.0,
                        0.0,
                        0.0,
                        0.0
                    ],
                    [
                        -1.4697971244059953,
                        1.974690914305988,
                        0.0,
                        3.521855527826953,
                        1.4843277250296734,
                        0.11738797716337154
                    ],
                    [
                        -0.7023765632099017,
                        1.407986477500608,
                        0.0,
                        1.4843277250296734,
                        2.0583496130357837,
                        -1.0161603050855614
                    ],
                    [
                        -0.32428642425204757,
                        -0.2944412617353002,
                        0.0,
                        0.11738797716337154,
                        -1.0161603050855614,
                        2.093883066850343
                    ]
                ],
                "mui": [
                    0.5,
                    0.03279299631611632,
                    10.0,
                    0.06574738443308292,
                    5.663332044675081,
                    -4.442699778018797
                ],
                "Ai": [
                    [
                        0.0,
                        0.0,
                        0.0,
                        0.0,
                        0.0,
                        0.0
                    ],
                    [
                        -0.9344140073677674,
                        0.0,
                        0.0,
                        0.0,
                        0.0,
                        0.0
                    ],
                    [
                        0.0,
                        0.0,
                        0.0,
                        0.0,
                        0.0,
                        0.0
                    ],
                    [
                        -0.9079415568158034,
                        0.6012918932721611,
                        0.0,
                        0.0,
                        0.0,
                        0.0
                    ],
                    [
                        0.0,
                        0.7516759783904436,
                        0.513868233708481,
                        0.0,
                        0.0,
                        0.0
                    ],
                    [
                        -0.8825605190806634,
                        -0.0,
                        -0.0,
                        0.0,
                        -0.794835881592163,
                        0.0
                    ]
                ]
            },
            "est_params": {
                "mui": [
                    0.5014477576773142,
                    0.03086458864531011,
                    10.0,
                    0.0673877360174774,
                    5.667402318683008,
                    -4.42866705227286
                ],
                "Si": [
                    [
                        1.0090960823610295,
                        -0.9474889992239793,
                        0.0,
                        -1.479383698857761,
                        -0.707202160698593,
                        -0.33471998823826626
                    ],
                    [
                        -0.9474889992239793,
                        1.8864241331064184,
                        0.0,
                        1.9634120026143538,
                        1.4181998213777898,
                        -0.28139914033709046
                    ],
                    [
                        0.0,
                        0.0,
                        1e-06,
                        0.0,
                        0.0,
                        0.0
                    ],
                    [
                        -1.479383698857761,
                        1.9634120026143538,
                        0.0,
                        3.502048960626867,
                        1.4504668727229937,
                        0.16658671755023688
                    ],
                    [
                        -0.707202160698593,
                        1.4181998213777898,
                        0.0,
                        1.4504668727229937,
                        2.0683533717475022,
                        -0.9984393752041602
                    ],
                    [
                        -0.33471998823826626,
                        -0.28139914033709046,
                        0.0,
                        0.16658671755023688,
                        -0.9984393752041602,
                        2.0828064869108176
                    ]
                ]
            },
            "est_tgt": [
                2
            ]
        },
        "3": {
            "intv_type": "do",
            "inode": 3,
            "new_mui": 10.0,
            "true_params": {
                "Si": [
                    [
                        1.0,
                        -0.9344140073677674,
                        -0.16757576880823188,
                        0.0,
                        -0.7884884275397286,
                        -0.25584162465190485
                    ],
                    [
                        -0.9344140073677674,
                        1.87312953716509,
                        -0.7095741970799226,
                        0.0,
                        1.0433588381620345,
                        -0.004622130568755989
                    ],
                    [
                        -0.16757576880823188,
                        -0.7095741970799226,
                        1.7783136453243613,
                        0.0,
                        0.3804490130718553,
                        -0.15449876920110206
                    ],
                    [
                        0.0,
                        0.0,
                        0.0,
                        0.0,
                        0.0,
                        0.0
                    ],
                    [
                        -0.7884884275397286,
                        1.0433588381620345,
                        0.3804490130718553,
                        0.0,
                        1.9797684378511329,
                        -0.8777022357491856
                    ],
                    [
                        -0.25584162465190485,
                        -0.004622130568755989,
                        -0.15449876920110206,
                        0.0,
                        -0.8777022357491856,
                        1.9234249473823417
                    ]
                ],
                "mui": [
                    0.5,
                    0.03279299631611632,
                    -0.016867555778994514,
                    10.0,
                    0.5159820064951398,
                    -0.3514012725585893
                ],
                "Ai": [
                    [
                        0.0,
                        0.0,
                        0.0,
                        0.0,
                        0.0,
                        0.0
                    ],
                    [
                        -0.9344140073677674,
                        0.0,
                        0.0,
                        0.0,
                        0.0,
                        0.0
                    ],
                    [
                        -0.976927191286064,
                        -0.8661593427497571,
                        0.0,
                        0.0,
                        0.0,
                        0.0
                    ],
                    [
                        0.0,
                        0.0,
                        0.0,
                        0.0,
                        0.0,
                        0.0
                    ],
                    [
                        0.0,
                        0.7516759783904436,
                        0.513868233708481,
                        0.0,
                        0.0,
                        0.0
                    ],
                    [
                        -0.8825605190806634,
                        -0.0,
                        -0.0,
                        0.0,
                        -0.794835881592163,
                        0.0
                    ]
                ]
            },
            "est_params": {
                "mui": [
                    0.49546123218200366,
                    0.03714468028626273,
                    -0.029074177513564444,
                    9.999999999999986,
                    0.5024347726027142,
                    -0.32825047573673005
                ],
                "Si": [
                    [
                        1.0048280589074063,
                        -0.9193083047137655,
                        -0.17416483035004185,
                        -1.84465197571229e-23,
                        -0.765706851471762,
                        -0.27256811332488823
                    ],
                    [
                        -0.9193083047137655,
                        1.8341171081948886,
                        -0.7080283594876247,
                        7.798579712826612e-23,
                        1.0099724001349715,
                        0.009356122447826895
                    ],
                    [
                        -0.17416483035004182,
                        -0.7080283594876247,
                        1.788560226630496,
                        -4.882289461015506e-23,
                        0.35788197916517117,
                        -0.12756456995985907
                    ],
                    [
                        -1.84465197571229e-23,
                        7.798579708512397e-23,
                        -4.8822894665430933e-23,
                        1e-06,
                        2.968607356895973e-23,
                        -1.2375748712980081e-23
                    ],
                    [
                        -0.7657068514717621,
                        1.0099724001349715,
                        0.35788197916517117,
                        2.968607356895973e-23,
                        1.9495148431635716,
                        -0.8715179471490545
                    ],
                    [
                        -0.27256811332488823,
                        0.009356122447826897,
                        -0.12756456995985907,
                        -1.2375748712980081e-23,
                        -0.8715179471490545,
                        1.9356547918808726
                    ]
                ]
            },
            "est_tgt": [
                3
            ]
        },
        "4": {
            "intv_type": "do",
            "inode": 4,
            "new_mui": 10.0,
            "true_params": {
                "Si": [
                    [
                        1.0,
                        -0.9344140073677674,
                        -0.16757576880823188,
                        -1.4697971244059953,
                        0.0,
                        -0.8825605190806634
                    ],
                    [
                        -0.9344140073677674,
                        1.87312953716509,
                        -0.7095741970799226,
                        1.974690914305988,
                        0.0,
                        0.8246769113787396
                    ],
                    [
                        -0.16757576880823188,
                        -0.7095741970799226,
                        1.7783136453243613,
                        -0.2745122079629091,
                        0.0,
                        0.14789575750473435
                    ],
                    [
                        -1.4697971244059953,
                        1.974690914305988,
                        -0.2745122079629091,
                        3.521855527826953,
                        0.0,
                        1.2971849130590216
                    ],
                    [
                        0.0,
                        0.0,
                        0.0,
                        0.0,
                        0.0,
                        0.0
                    ],
                    [
                        -0.8825605190806634,
                        0.8246769113787396,
                        0.14789575750473435,
                        1.2971849130590216,
                        0.0,
                        1.77891306983993
                    ]
                ],
                "mui": [
                    0.5,
                    0.03279299631611632,
                    -0.016867555778994514,
                    0.06574738443308292,
                    10.0,
                    -7.889639075461961
                ],
                "Ai": [
                    [
                        0.0,
                        0.0,
                        0.0,
                        0.0,
                        0.0,
                        0.0
                    ],
                    [
                        -0.9344140073677674,
                        0.0,
                        0.0,
                        0.0,
                        0.0,
                        0.0
                    ],
                    [
                        -0.976927191286064,
                        -0.8661593427497571,
                        0.0,
                        0.0,
                        0.0,
                        0.0
                    ],
                    [
                        -0.9079415568158034,
                        0.6012918932721611,
                        0.0,
                        0.0,
                        0.0,
                        0.0
                    ],
                    [
                        0.0,
                        0.0,
                        0.0,
                        0.0,
                        0.0,
                        0.0
                    ],
                    [
                        -0.8825605190806634,
                        -0.0,
                        -0.0,
                        0.0,
                        -0.794835881592163,
                        0.0
                    ]
                ]
            },
            "est_params": {
                "mui": [
                    0.49383799539797385,
                    0.03988968822760528,
                    -0.012158805757507832,
                    0.06935304590656372,
                    9.999999999999998,
                    -7.8869845500354225
                ],
                "Si": [
                    [
                        0.9960787287582612,
                        -0.9388213643674675,
                        -0.16358123156083051,
                        -1.453667274463797,
                        1.8942099070036988e-31,
                        -0.8685633473620864
                    ],
                    [
                        -0.9388213643674675,
                        1.868978333976368,
                        -0.6949038267201736,
                        1.9747137529747243,
                        1.1729271310272015e-31,
                        0.8224709187949792
                    ],
                    [
                        -0.16358123156083051,
                        -0.6949038267201736,
                        1.7682586281974324,
                        -0.30401546211979924,
                        3.286218255033107e-32,
                        0.1590829024236108
                    ],
                    [
                        -1.453667274463797,
                        1.9747137529747243,
                        -0.30401546211979924,
                        3.5016630444599444,
                        1.4830113150918637e-32,
                        1.2662828315193908
                    ],
                    [
                        1.8942099070036988e-31,
                        1.1729271310272015e-31,
                        2.7469414131815207e-32,
                        4.044576313886901e-33,
                        1e-06,
                        -8.164651385633024e-30
                    ],
                    [
                        -0.8685633473620864,
                        0.8224709187949792,
                        0.1590829024236108,
                        1.266282831519391,
                        -8.168695961946912e-30,
                        1.7979219953069854
                    ]
                ]
            },
            "est_tgt": [
                4
            ]
        },
        "5": {
            "intv_type": "do",
            "inode": 5,
            "new_mui": 10.0,
            "true_params": {
                "Si": [
                    [
                        1.0,
                        -0.9344140073677674,
                        -0.16757576880823188,
                        -1.4697971244059953,
                        -0.7884884275397286,
                        0.0
                    ],
                    [
                        -0.9344140073677674,
                        1.87312953716509,
                        -0.7095741970799226,
                        1.974690914305988,
                        1.0433588381620345,
                        0.0
                    ],
                    [
                        -0.16757576880823188,
                        -0.7095741970799226,
                        1.7783136453243613,
                        -0.2745122079629091,
                        0.3804490130718553,
                        0.0
                    ],
                    [
                        -1.4697971244059953,
                        1.974690914305988,
                        -0.2745122079629091,
                        3.521855527826953,
                        1.3432646215923578,
                        0.0
                    ],
                    [
                        -0.7884884275397286,
                        1.0433588381620345,
                        0.3804490130718553,
                        1.3432646215923578,
                        1.9797684378511329,
                        0.0
                    ],
                    [
                        0.0,
                        0.0,
                        0.0,
                        0.0,
                        0.0,
                        0.0
                    ]
                ],
                "mui": [
                    0.5,
                    0.03279299631611632,
                    -0.016867555778994514,
                    0.06574738443308292,
                    0.5159820064951398,
                    10.0
                ],
                "Ai": [
                    [
                        0.0,
                        0.0,
                        0.0,
                        0.0,
                        0.0,
                        0.0
                    ],
                    [
                        -0.9344140073677674,
                        0.0,
                        0.0,
                        0.0,
                        0.0,
                        0.0
                    ],
                    [
                        -0.976927191286064,
                        -0.8661593427497571,
                        0.0,
                        0.0,
                        0.0,
                        0.0
                    ],
                    [
                        -0.9079415568158034,
                        0.6012918932721611,
                        0.0,
                        0.0,
                        0.0,
                        0.0
                    ],
                    [
                        0.0,
                        0.7516759783904436,
                        0.513868233708481,
                        0.0,
                        0.0,
                        0.0
                    ],
                    [
                        0.0,
                        0.0,
                        0.0,
                        0.0,
                        0.0,
                        0.0
                    ]
                ]
            },
            "est_params": {
                "mui": [
                    0.49349179100690577,
                    0.02621488260825909,
                    0.01531362686699155,
                    0.06734356321304484,
                    0.5205078500323058,
                    10.0
                ],
                "Si": [
                    [
                        0.996661159532027,
                        -0.9384226478149238,
                        -0.15382853337907576,
                        -1.4641579241750533,
                        -0.7739836148085797,
                        0.0
                    ],
                    [
                        -0.9384226478149238,
                        1.9010772039538575,
                        -0.7266513136566457,
                        2.0031848908858936,
                        1.058281556946179,
                        0.0
                    ],
                    [
                        -0.15382853337907576,
                        -0.7266513136566457,
                        1.7514206919214548,
                        -0.30326306692970734,
                        0.3285624026370766,
                        0.0
                    ],
                    [
                        -1.4641579241750533,
                        2.0031848908858936,
                        -0.30326306692970734,
                        3.520056710963424,
                        1.3469639568600151,
                        0.0
                    ],
                    [
                        -0.7739836148085797,
                        1.058281556946179,
                        0.3285624026370766,
                        1.3469639568600151,
                        1.9666406330751889,
                        0.0
                    ],
                    [
                        0.0,
                        0.0,
                        0.0,
                        0.0,
                        0.0,
                        1e-06
                    ]
                ]
            },
            "est_tgt": [
                5
            ]
        },
        "obs": {
            "intv_type": "obs",
            "true_params": {
                "Si": [
                    [
                        1.0,
                        -0.9344140073677674,
                        -0.16757576880823188,
                        -1.4697971244059953,
                        -0.7884884275397286,
                        -0.25584162465190485
                    ],
                    [
                        -0.9344140073677674,
                        1.87312953716509,
                        -0.7095741970799226,
                        1.974690914305988,
                        1.0433588381620345,
                        -0.004622130568755989
                    ],
                    [
                        -0.16757576880823188,
                        -0.7095741970799226,
                        1.7783136453243613,
                        -0.2745122079629091,
                        0.3804490130718553,
                        -0.15449876920110206
                    ],
                    [
                        -1.4697971244059953,
                        1.974690914305988,
                        -0.2745122079629091,
                        3.521855527826953,
                        1.3432646215923578,
                        0.2295099933440965
                    ],
                    [
                        -0.7884884275397286,
                        1.0433588381620345,
                        0.3804490130718553,
                        1.3432646215923578,
                        1.9797684378511329,
                        -0.8777022357491856
                    ],
                    [
                        -0.25584162465190485,
                        -0.004622130568755989,
                        -0.15449876920110206,
                        0.2295099933440965,
                        -0.8777022357491856,
                        1.9234249473823417
                    ]
                ],
                "mui": [
                    0.5,
                    0.03279299631611632,
                    -0.016867555778994514,
                    0.06574738443308292,
                    0.5159820064951398,
                    -0.3514012725585893
                ],
                "Ai": [
                    [
                        0.0,
                        0.0,
                        0.0,
                        0.0,
                        0.0,
                        0.0
                    ],
                    [
                        -0.9344140073677674,
                        0.0,
                        0.0,
                        0.0,
                        0.0,
                        0.0
                    ],
                    [
                        -0.976927191286064,
                        -0.8661593427497571,
                        0.0,
                        0.0,
                        0.0,
                        0.0
                    ],
                    [
                        -0.9079415568158034,
                        0.6012918932721611,
                        0.0,
                        0.0,
                        0.0,
                        0.0
                    ],
                    [
                        0.0,
                        0.7516759783904436,
                        0.513868233708481,
                        0.0,
                        0.0,
                        0.0
                    ],
                    [
                        -0.8825605190806634,
                        -0.0,
                        -0.0,
                        0.0,
                        -0.794835881592163,
                        0.0
                    ]
                ]
            },
            "est_params": {
                "mui": [
                    0.5006826584660612,
                    0.026061644539583182,
                    -0.010511744906212749,
                    0.06505015880247444,
                    0.5329262437827126,
                    -0.3842468929803444
                ],
                "Si": [
                    [
                        1.0257230561987414,
                        -0.9487208463188991,
                        -0.1832221951793558,
                        -1.5013869641074644,
                        -0.8023219620452061,
                        -0.2596217983957305
                    ],
                    [
                        -0.9487208463188991,
                        1.8697684672807184,
                        -0.6893868627812791,
                        1.9901793250552955,
                        1.0425661133935649,
                        0.013742602461185522
                    ],
                    [
                        -0.1832221951793558,
