{
    "expt_args": {
        "save_dir": "expt_logs_29.04.24-10",
        "exp_name": "162",
        "num_nodes": 8,
        "obs_noise_mean": 0.0,
        "obs_noise_var": 1.0,
        "max_edge_strength": 1.0,
        "num_parents": 2,
        "new_noise_mean": 10.0,
        "mix_samples": 4096,
        "stage2_samples": 4096,
        "intv_targets": [
            0,
            1,
            2,
            3,
            4,
            5,
            6,
            7
        ]
    },
    "intv_args_dict": {
        "0": {
            "intv_type": "do",
            "inode": 0,
            "new_mui": 10.0,
            "true_params": {
                "Si": [
                    [
                        0.0,
                        0.0,
                        0.0,
                        0.0,
                        0.0,
                        0.0,
                        0.0,
                        0.0
                    ],
                    [
                        0.0,
                        1.0,
                        -0.9456603371060384,
                        0.5698749570513493,
                        -0.49209406822535945,
                        1.1083686003410291,
                        0.018650854696508457,
                        0.4592653390676309
                    ],
                    [
                        0.0,
                        -0.9456603371060384,
                        1.894273473175506,
                        -0.5389081439934681,
                        0.9857246869409428,
                        -1.8857203700240155,
                        0.3505971030023445,
                        -1.4219903756111023
                    ],
                    [
                        0.0,
                        0.5698749570513493,
                        -0.5389081439934681,
                        1.3247574666742772,
                        -0.28043208599515046,
                        1.1866695452089746,
                        0.6544112767639813,
                        -0.5713462171683474
                    ],
                    [
                        0.0,
                        -0.49209406822535945,
                        0.9857246869409428,
                        -0.28043208599515046,
                        1.5129423877830945,
                        -0.9812739014309483,
                        0.8900790734061502,
                        -0.7399623326206076
                    ],
                    [
                        0.0,
                        1.1083686003410291,
                        -1.8857203700240155,
                        1.1866695452089746,
                        -0.9812739014309483,
                        3.238088677015333,
                        0.06956997759908257,
                        0.8739120234643087
                    ],
                    [
                        0.0,
                        0.018650854696508457,
                        0.3505971030023445,
                        0.6544112767639813,
                        0.8900790734061502,
                        0.06956997759908257,
                        2.051152883772963,
                        -0.891448647223494
                    ],
                    [
                        0.0,
                        0.4592653390676309,
                        -1.4219903756111023,
                        -0.5713462171683474,
                        -0.7399623326206076,
                        0.8739120234643087,
                        -0.891448647223494,
                        2.880444800172844
                    ]
                ],
                "mui": [
                    10.0,
                    -6.233231914369418,
                    11.582588020490888,
                    3.7785872043647215,
                    15.012393566103997,
                    -7.604086139420189,
                    13.055937384813143,
                    -14.587734056575437
                ],
                "Ai": [
                    [
                        0.0,
                        0.0,
                        0.0,
                        0.0,
                        0.0,
                        0.0,
                        0.0,
                        0.0
                    ],
                    [
                        -0.6233231914369418,
                        0.0,
                        0.0,
                        0.0,
                        0.0,
                        0.0,
                        0.0,
                        0.0
                    ],
                    [
                        0.568806782708819,
                        -0.9456603371060384,
                        0.0,
                        0.0,
                        0.0,
                        0.0,
                        0.0,
                        0.0
                    ],
                    [
                        0.7330749973857094,
                        0.5698749570513493,
                        0.0,
                        0.0,
                        0.0,
                        0.0,
                        0.0,
                        0.0
                    ],
                    [
                        0.89851524564427,
                        0.0,
                        0.5203708444950675,
                        -0.0,
                        0.0,
                        0.0,
                        0.0,
                        0.0
                    ],
                    [
                        -0.0,
                        0.0,
                        -0.8375801457877701,
                        0.5550380366925667,
                        0.0,
                        0.0,
                        0.0,
                        0.0
                    ],
                    [
                        0.0,
                        -0.0,
                        0.0,
                        0.6437826217448376,
                        0.707638562839296,
                        -0.0,
                        0.0,
                        0.0
                    ],
                    [
                        0.0,
                        0.0,
                        -0.9876813602472876,
                        -0.8330700325446869,
                        0.0,
                        0.0,
                        0.0,
                        0.0
                    ]
                ]
            },
            "est_params": {
                "mui": [
                    10.0,
                    -6.2564679098025,
                    11.532605973870215,
                    3.663075731868175,
                    15.0125078823074,
                    -7.603495674817404,
                    12.956992703756926,
                    -14.445202957530116
                ],
                "Si": [
                    [
                        1e-06,
                        0.0,
                        0.0,
                        0.0,
                        0.0,
                        0.0,
                        0.0,
                        0.0
                    ],
                    [
                        0.0,
                        1.0983120491025262,
                        -1.0098478378595406,
                        0.7293883570920536,
                        -0.5616645009497083,
                        1.1750468449114264,
                        0.08377681870585607,
                        0.42048955021264217
                    ],
                    [
                        0.0,
                        -1.0098478378595406,
                        1.9483657576082907,
                        -0.6066561002298151,
                        1.0780767343035422,
                        -1.8596992345332573,
                        0.39079274682024007,
                        -1.5044440898348768
                    ],
                    [
                        0.0,
                        0.7293883570920536,
                        -0.6066561002298151,
                        1.455885186522432,
                        -0.2770181585909258,
                        1.2584418174621936,
                        0.7351594828471759,
                        -0.552560222728021
                    ],
                    [
                        0.0,
                        -0.5616645009497083,
                        1.0780767343035422,
                        -0.2770181585909258,
                        1.6742480159544013,
                        -1.053532856851663,
                        1.049528471215998,
                        -0.9355542841152557
                    ],
                    [
                        0.0,
                        1.1750468449114264,
                        -1.8596992345332573,
                        1.2584418174621936,
                        -1.053532856851663,
                        3.0729452377213216,
                        0.016905285308617478,
                        0.8917636169087341
                    ],
                    [
                        0.0,
                        0.08377681870585607,
                        0.39079274682024007,
                        0.7351594828471759,
                        1.049528471215998,
                        0.016905285308617478,
                        2.1881100158051043,
                        -1.0725922730920139
                    ],
                    [
                        0.0,
                        0.42048955021264217,
                        -1.5044440898348768,
                        -0.552560222728021,
                        -0.9355542841152557,
                        0.8917636169087341,
                        -1.0725922730920139,
                        2.950037219746302
                    ]
                ]
            },
            "est_tgt": [
                0
            ]
        },
        "1": {
            "intv_type": "do",
            "inode": 1,
            "new_mui": 10.0,
            "true_params": {
                "Si": [
                    [
                        1.0,
                        0.0,
                        0.568806782708819,
                        0.7330749973857094,
                        1.1945057115169806,
                        -0.06953676068895248,
                        1.3172192487537688,
                        -1.172502668793539
                    ],
                    [
                        0.0,
                        0.0,
                        0.0,
                        0.0,
                        0.0,
                        0.0,
                        0.0,
                        0.0
                    ],
                    [
                        0.568806782708819,
                        0.0,
                        1.3235411560555577,
                        0.41697803074724127,
                        1.1998137951903498,
                        -0.8771331269152463,
                        1.1174777195477192,
                        -1.6546088310012443
                    ],
                    [
                        0.7330749973857094,
                        0.0,
                        0.41697803074724127,
                        1.5373989517920577,
                        0.8756622713475255,
                        0.5040623760323022,
                        1.6094031190814126,
                        -1.6926024234052477
                    ],
                    [
                        1.1945057115169806,
                        0.0,
                        1.1998137951903498,
                        0.8756622713475255,
                        2.697629710647198,
                        -0.5189143455992269,
                        2.4726829643261183,
                        -1.914521718166703
                    ],
                    [
                        -0.06953676068895248,
                        0.0,
                        -0.8771331269152463,
                        0.5040623760323022,
                        -0.5189143455992269,
                        2.014443083880514,
                        -0.04269720379152304,
                        0.446408779903825
                    ],
                    [
                        1.3172192487537688,
                        0.0,
                        1.1174777195477192,
                        1.6094031190814126,
                        2.4726829643261183,
                        -0.04269720379152304,
                        3.7858715786794956,
                        -2.4444574228796014
                    ],
                    [
                        -1.172502668793539,
                        0.0,
                        -1.6546088310012443,
                        -1.6926024234052477,
                        -1.914521718166703,
                        0.446408779903825,
                        -2.4444574228796014,
                        4.044282656831909
                    ]
                ],
                "mui": [
                    0.0,
                    10.0,
                    -9.456603371060384,
                    5.698749570513493,
                    -4.920940682253595,
                    11.08368600341029,
                    0.18650854696508457,
                    4.592653390676309
                ],
                "Ai": [
                    [
                        0.0,
                        0.0,
                        0.0,
                        0.0,
                        0.0,
                        0.0,
                        0.0,
                        0.0
                    ],
                    [
                        0.0,
                        0.0,
                        0.0,
                        0.0,
                        0.0,
                        0.0,
                        0.0,
                        0.0
                    ],
                    [
                        0.568806782708819,
                        -0.9456603371060384,
                        0.0,
                        0.0,
                        0.0,
                        0.0,
                        0.0,
                        0.0
                    ],
                    [
                        0.7330749973857094,
                        0.5698749570513493,
                        0.0,
                        0.0,
                        0.0,
                        0.0,
                        0.0,
                        0.0
                    ],
                    [
                        0.89851524564427,
                        0.0,
                        0.5203708444950675,
                        -0.0,
                        0.0,
                        0.0,
                        0.0,
                        0.0
                    ],
                    [
                        -0.0,
                        0.0,
                        -0.8375801457877701,
                        0.5550380366925667,
                        0.0,
                        0.0,
                        0.0,
                        0.0
                    ],
                    [
                        0.0,
                        -0.0,
                        0.0,
                        0.6437826217448376,
                        0.707638562839296,
                        -0.0,
                        0.0,
                        0.0
                    ],
                    [
                        0.0,
                        0.0,
                        -0.9876813602472876,
                        -0.8330700325446869,
                        0.0,
                        0.0,
                        0.0,
                        0.0
                    ]
                ]
            },
            "est_params": {
                "mui": [
                    -0.025721960645784046,
                    10.0,
                    -9.46386575875307,
                    5.672200321077826,
                    -4.863761209334561,
                    11.114481676933616,
                    0.22791951250544745,
                    4.6816742795630715
                ],
                "Si": [
                    [
                        1.035489212461629,
                        0.0,
                        0.6314385070845142,
                        0.6907467609553882,
                        1.2115057344811297,
                        -0.1286030531078618,
                        1.1900847142025222,
                        -1.2306313053266458
                    ],
                    [
                        0.0,
                        1e-06,
                        0.0,
                        0.0,
                        0.0,
                        0.0,
                        0.0,
                        0.0
                    ],
                    [
                        0.6314385070845142,
                        0.0,
                        1.41691277980309,
                        0.4062072198011832,
                        1.292256768558503,
                        -0.9671390270021882,
                        1.1156523605857518,
                        -1.7730384330026738
                    ],
                    [
                        0.6907467609553882,
                        0.0,
                        0.4062072198011832,
                        1.415186498149444,
                        0.8106171346978808,
                        0.44778226704176227,
                        1.3888280600953224,
                        -1.6097041399791858
                    ],
                    [
                        1.2115057344811297,
                        0.0,
                        1.292256768558503,
                        0.8106171346978808,
                        2.708642882640186,
                        -0.6520593601126655,
                        2.2824340188450636,
                        -1.9933576829724429
                    ],
                    [
                        -0.1286030531078618,
                        0.0,
                        -0.9671390270021882,
                        0.44778226704176227,
                        -0.6520593601126655,
                        2.093163306444065,
                        -0.17662154073437566,
                        0.5752773335981541
                    ],
                    [
                        1.1900847142025222,
                        0.0,
                        1.1156523605857518,
                        1.3888280600953224,
                        2.2824340188450636,
                        -0.17662154073437566,
                        3.414331712016029,
                        -2.381727529827091
                    ],
                    [
                        -1.2306313053266458,
                        0.0,
                        -1.7730384330026738,
                        -1.6097041399791858,
                        -1.9933576829724429,
                        0.5752773335981541,
                        -2.381727529827091,
                        4.166669720978222
                    ]
                ]
            },
            "est_tgt": [
                1,
                2,
                4
            ]
        },
        "2": {
            "intv_type": "do",
            "inode": 2,
            "new_mui": 10.0,
            "true_params": {
                "Si": [
                    [
                        1.0,
                        -0.6233231914369418,
                        0.0,
                        0.3778587204364722,
                        0.89851524564427,
                        0.20972596233822494,
                        0.87908291480865,
                        -0.31478277653130565
                    ],
                    [
                        -0.6233231914369418,
                        1.3885318009831344,
                        0.0,
                        0.33434685351660826,
                        -0.5600653904697341,
                        0.1855752211501954,
                        -0.1810771740789726,
                        -0.2785343441402945
                    ],
                    [
                        0.0,
                        0.0,
                        0.0,
                        0.0,
                        0.0,
                        0.0,
                        0.0,
                        0.0
                    ],
                    [
                        0.3778587204364722,
                        0.33434685351660826,
                        0.0,
                        1.4675346792841653,
                        0.3395118210118063,
                        0.8145375671681385,
                        1.1850249804187762,
                        -1.222559163031716
                    ],
                    [
                        0.89851524564427,
                        -0.5600653904697341,
                        0.0,
                        0.3395118210118063,
                        1.807329646655183,
                        0.1884419745683111,
                        1.497507963980271,
                        -0.28283712377961145
                    ],
                    [
                        0.20972596233822494,
                        0.1855752211501954,
                        0.0,
                        0.8145375671681385,
                        0.1884419745683111,
                        1.4520993320933433,
                        0.6577339385632848,
                        -0.6785668375896313
                    ],
                    [
                        0.87908291480865,
                        -0.1810771740789726,
                        0.0,
                        1.1850249804187762,
                        1.497507963980271,
                        0.6577339385632848,
                        2.822592872198524,
                        -0.9872087990037369
                    ],
                    [
                        -0.31478277653130565,
                        -0.2785343441402945,
                        0.0,
                        -1.222559163031716,
                        -0.28283712377961145,
                        -0.6785668375896313,
                        -0.9872087990037369,
                        2.018477401734637
                    ]
                ],
                "mui": [
                    0.0,
                    0.0,
                    10.0,
                    0.0,
                    5.203708444950675,
                    -8.375801457877701,
                    3.6823447654196038,
                    -9.876813602472875
                ],
                "Ai": [
                    [
                        0.0,
                        0.0,
                        0.0,
                        0.0,
                        0.0,
                        0.0,
                        0.0,
                        0.0
                    ],
                    [
                        -0.6233231914369418,
                        0.0,
                        0.0,
                        0.0,
                        0.0,
                        0.0,
                        0.0,
                        0.0
                    ],
                    [
                        0.0,
                        0.0,
                        0.0,
                        0.0,
                        0.0,
                        0.0,
                        0.0,
                        0.0
                    ],
                    [
                        0.7330749973857094,
                        0.5698749570513493,
                        0.0,
                        0.0,
                        0.0,
                        0.0,
                        0.0,
                        0.0
                    ],
                    [
                        0.89851524564427,
                        0.0,
                        0.5203708444950675,
                        -0.0,
                        0.0,
                        0.0,
                        0.0,
                        0.0
                    ],
                    [
                        -0.0,
                        0.0,
                        -0.8375801457877701,
                        0.5550380366925667,
                        0.0,
                        0.0,
                        0.0,
                        0.0
                    ],
                    [
                        0.0,
                        -0.0,
                        0.0,
                        0.6437826217448376,
                        0.707638562839296,
                        -0.0,
                        0.0,
                        0.0
                    ],
                    [
                        0.0,
                        0.0,
                        -0.9876813602472876,
                        -0.8330700325446869,
                        0.0,
                        0.0,
                        0.0,
                        0.0
                    ]
                ]
            },
            "est_params": {
                "mui": [
                    0.030424618917812202,
                    0.02649496944189431,
                    9.999999999999998,
                    -0.005040443056654715,
                    5.2638216853452615,
                    -8.265672141864059,
                    3.719867204245499,
                    -9.848465449197864
                ],
                "Si": [
                    [
                        1.066954746850217,
                        -0.6765224560087344,
                        -5.894784786269548e-32,
                        0.48646280461016583,
                        0.9392157318171293,
                        0.35365242086600784,
                        1.0086685473979216,
                        -0.3856072444517526
                    ],
                    [
                        -0.6765224560087344,
                        1.417536314503844,
                        -4.507776601264949e-32,
                        0.1750013982137111,
                        -0.5240542631011099,
                        0.08042907920072095,
                        -0.2636243076787345,
                        -0.11316830834302208
                    ],
                    [
                        -5.894784786269548e-32,
                        -5.201280693767249e-32,
                        1e-06,
                        1.3349953780669272e-31,
                        6.910768281785418e-30,
                        4.091674145763569e-31,
                        2.0891810786631785e-30,
                        -1.0645287819910303e-30
                    ],
                    [
                        0.48646280461016583,
                        0.1750013982137111,
                        1.1962945595664672e-31,
                        1.4377881556078598,
                        0.4838212971101474,
                        0.9252053508335194,
                        1.2790429038610502,
                        -1.1513883191646088
                    ],
                    [
                        0.9392157318171293,
                        -0.5240542631011099,
                        6.910768281785418e-30,
                        0.4838212971101473,
                        1.706174248602669,
                        0.28207035358002325,
                        1.5632546081036267,
                        -0.4050085096668469
                    ],
                    [
                        0.35365242086600784,
                        0.08042907920072097,
                        4.091674145763569e-31,
                        0.9252053508335195,
                        0.28207035358002325,
                        1.678639679031634,
                        0.7712449451466571,
                        -0.7552277908023749
                    ],
                    [
                        1.0086685473979216,
                        -0.2636243076787345,
                        2.0909148388944342e-30,
                        1.2790429038610502,
                        1.5632546081036267,
                        0.7712449451466571,
                        2.9301003049974725,
                        -1.0757815815596627
                    ],
                    [
                        -0.3856072444517526,
                        -0.11316830834302208,
                        -1.0645287819910303e-30,
                        -1.1513883191646088,
                        -0.4050085096668469,
                        -0.7552277908023749,
                        -1.0757815815596627,
                        1.8701605178271061
                    ]
                ]
            },
            "est_tgt": [
                1,
                2,
                4
            ]
        },
        "3": {
            "intv_type": "do",
            "inode": 3,
            "new_mui": 10.0,
            "true_params": {
                "Si": [
                    [
                        1.0,
                        -0.6233231914369418,
                        1.158258802049089,
                        0.0,
                        1.5012393566103996,
                        -0.9701345762802438,
                        1.0623348607895726,
                        -1.143990629126238
                    ],
                    [
                        -0.6233231914369418,
                        1.3885318009831344,
                        -1.6676299101092056,
                        0.0,
                        -1.427851375098495,
                        1.3967737032293144,
                        -1.0104026950228115,
                        1.647086978005722
                    ],
                    [
                        1.158258802049089,
                        -1.6676299101092056,
                        3.235836925699697,
                        0.0,
                        2.724548385717449,
                        -2.7102727639730015,
                        1.92799550405522,
                        -3.195975816313478
                    ],
                    [
                        0.0,
                        0.0,
                        0.0,
                        0.0,
                        0.0,
                        0.0,
                        0.0,
                        0.0
                    ],
                    [
                        1.5012393566103996,
                        -1.427851375098495,
                        2.724548385717449,
                        0.0,
                        3.7666619936191013,
                        -2.282027634115055,
                        2.6654352798660184,
                        -2.690985655664962
                    ],
                    [
                        -0.9701345762802438,
                        1.3967737032293144,
                        -2.7102727639730015,
                        0.0,
                        -2.282027634115055,
                        3.2700706567731292,
                        -1.6148507553647364,
                        2.6768858901620303
                    ],
                    [
                        1.0623348607895726,
                        -1.0104026950228115,
                        1.92799550405522,
                        0.0,
                        2.6654352798660184,
                        -1.6148507553647364,
                        2.8861647907855463,
                        -1.9042452219959147
                    ],
                    [
                        -1.143990629126238,
                        1.647086978005722,
                        -3.195975816313478,
                        0.0,
                        -2.690985655664962,
                        2.6768858901620303,
                        -1.9042452219959147,
                        4.156605741573931
                    ]
                ],
                "mui": [
                    0.0,
                    0.0,
                    0.0,
                    10.0,
                    0.0,
                    5.550380366925667,
                    6.437826217448376,
                    -8.33070032544687
                ],
                "Ai": [
                    [
                        0.0,
                        0.0,
                        0.0,
                        0.0,
                        0.0,
                        0.0,
                        0.0,
                        0.0
                    ],
                    [
                        -0.6233231914369418,
                        0.0,
                        0.0,
                        0.0,
                        0.0,
                        0.0,
                        0.0,
                        0.0
                    ],
                    [
                        0.568806782708819,
                        -0.9456603371060384,
                        0.0,
                        0.0,
                        0.0,
                        0.0,
                        0.0,
                        0.0
                    ],
                    [
                        0.0,
                        0.0,
                        0.0,
                        0.0,
                        0.0,
                        0.0,
                        0.0,
                        0.0
                    ],
                    [
                        0.89851524564427,
                        0.0,
                        0.5203708444950675,
                        -0.0,
                        0.0,
                        0.0,
                        0.0,
                        0.0
                    ],
                    [
                        -0.0,
                        0.0,
                        -0.8375801457877701,
                        0.5550380366925667,
                        0.0,
                        0.0,
                        0.0,
                        0.0
                    ],
                    [
                        0.0,
                        -0.0,
                        0.0,
                        0.6437826217448376,
                        0.707638562839296,
                        -0.0,
                        0.0,
                        0.0
                    ],
                    [
                        0.0,
                        0.0,
                        -0.9876813602472876,
                        -0.8330700325446869,
                        0.0,
                        0.0,
                        0.0,
                        0.0
                    ]
                ]
            },
            "est_params": {
                "mui": [
                    0.04808685423934314,
                    -0.0555897783703066,
                    0.06389216165762264,
                    10.0,
                    0.1283910829975435,
                    5.582528850902678,
                    6.5302286982840405,
                    -8.439088438461862
                ],
                "Si": [
                    [
                        1.0606853682638788,
                        -0.6134299170495885,
                        1.1513753387908174,
                        0.0,
                        1.5077163839235697,
                        -0.9910852575381763,
                        1.079863536107843,
                        -1.1221149128066972
                    ],
                    [
                        -0.6134299170495885,
                        1.3469795032339196,
                        -1.6018674382863487,
                        0.0,
                        -1.4723477932981652,
                        1.4215443503395309,
                        -0.9249246690421493,
                        1.5087335979570047
                    ],
                    [
                        1.1513753387908174,
                        -1.6018674382863487,
                        3.1796071645946835,
                        0.0,
                        2.7212991783492324,
                        -2.707650137170855,
                        1.888389577536643,
                        -3.0653956284389294
                    ],
                    [
                        0.0,
                        0.0,
                        0.0,
                        1e-06,
                        0.0,
                        0.0,
                        0.0,
                        0.0
                    ],
                    [
                        1.5077163839235697,
                        -1.4723477932981652,
                        2.7212991783492324,
                        0.0,
                        3.888155757837184,
                        -2.4196546097438616,
                        2.691866032107048,
                        -2.6459021018240927
                    ],
                    [
                        -0.9910852575381763,
                        1.4215443503395309,
                        -2.707650137170855,
                        0.0,
                        -2.4196546097438616,
                        3.275643478994826,
                        -1.7029567590843864,
                        2.5311480735868583
                    ],
                    [
                        1.079863536107843,
                        -0.9249246690421493,
                        1.888389577536643,
                        0.0,
                        2.691866032107048,
                        -1.7029567590843864,
                        2.7963819295498045,
                        -1.785077522313688
                    ],
                    [
                        -1.1221149128066972,
                        1.5087335979570047,
                        -3.0653956284389294,
                        0.0,
                        -2.6459021018240927,
                        2.5311480735868583,
                        -1.785077522313688,
                        3.9495496949585633
                    ]
                ]
            },
            "est_tgt": [
                3
            ]
        },
        "4": {
            "intv_type": "do",
            "inode": 4,
            "new_mui": 10.0,
            "true_params": {
                "Si": [
                    [
                        1.0,
                        -0.6233231914369418,
                        1.158258802049089,
                        0.3778587204364722,
                        0.0,
                        -0.7604086139420189,
                        0.2432588776917417,
                        -1.4587734056575437
                    ],
                    [
                        -0.6233231914369418,
                        1.3885318009831344,
                        -1.6676299101092056,
                        0.33434685351660826,
                        0.0,
                        1.5823489243795097,
                        0.2152466939290592,
                        1.3685526338654275
                    ],
                    [
                        1.158258802049089,
                        -1.6676299101092056,
                        3.235836925699697,
                        -0.10124995511691826,
                        0.0,
                        -2.7664703402763067,
                        -0.06518296155671673,
                        -3.1116275129090782
                    ],
                    [
                        0.3778587204364722,
                        0.33434685351660826,
                        -0.10124995511691826,
                        1.4675346792841653,
                        0.0,
                        0.8993425193359721,
                        0.9447733233310293,
                        -1.1225564696368615
                    ],
                    [
                        0.0,
                        0.0,
