{
    "expt_args": {
        "save_dir": "expt_logs_29.04.24-10",
        "exp_name": "33",
        "num_nodes": 6,
        "obs_noise_mean": 0.0,
        "obs_noise_var": 1.0,
        "max_edge_strength": 1.0,
        "num_parents": 2,
        "new_noise_mean": 10.0,
        "mix_samples": 2048,
        "stage2_samples": 2048,
        "intv_targets": [
            0,
            1,
            2,
            3,
            4,
            5
        ]
    },
    "intv_args_dict": {
        "0": {
            "intv_type": "do",
            "inode": 0,
            "new_mui": 10.0,
            "true_params": {
                "Si": [
                    [
                        0.0,
                        0.0,
                        0.0,
                        0.0,
                        0.0,
                        0.0
                    ],
                    [
                        0.0,
                        1.0,
                        -0.8974324123853594,
                        -0.6631727364879711,
                        1.4829480467062621,
                        -0.4524485787467175
                    ],
                    [
                        0.0,
                        -0.8974324123853594,
                        1.8053849347998057,
                        1.3341194847676496,
                        -2.058742041828588,
                        0.260345490759641
                    ],
                    [
                        0.0,
                        -0.6631727364879711,
                        1.3341194847676496,
                        1.985869974501623,
                        -2.506361083100091,
                        -0.004775820895665278
                    ],
                    [
                        0.0,
                        1.4829480467062621,
                        -2.058742041828588,
                        -2.506361083100091,
                        4.6992307311458,
                        -1.0735945854055196
                    ],
                    [
                        0.0,
                        -0.4524485787467175,
                        0.260345490759641,
                        -0.004775820895665278,
                        -1.0735945854055196,
                        1.7588753454126
                    ]
                ],
                "mui": [
                    10.0,
                    7.726992189538126,
                    -0.3472638218376667,
                    -9.447004550454729,
                    15.716644482338825,
                    -2.6437974707129595
                ],
                "Ai": [
                    [
                        0.0,
                        0.0,
                        0.0,
                        0.0,
                        0.0,
                        0.0
                    ],
                    [
                        0.7726992189538125,
                        0.0,
                        0.0,
                        0.0,
                        0.0,
                        0.0
                    ],
                    [
                        0.6587189419302364,
                        -0.8974324123853594,
                        0.0,
                        0.0,
                        0.0,
                        0.0
                    ],
                    [
                        -0.9190388123598433,
                        -0.0,
                        0.7389667760330494,
                        0.0,
                        0.0,
                        0.0
                    ],
                    [
                        0.0,
                        0.8297102255368942,
                        -0.0,
                        -0.985019113766322,
                        0.0,
                        0.0
                    ],
                    [
                        0.0,
                        -0.0,
                        0.0,
                        -0.8895301071150005,
                        -0.7028976479558883,
                        0.0
                    ]
                ]
            },
            "est_params": {
                "mui": [
                    10.0,
                    7.734840489559435,
                    -0.396485587839311,
                    -9.50036893899687,
                    15.861827336348501,
                    -2.6614933705906814
                ],
                "Si": [
                    [
                        1e-06,
                        0.0,
                        0.0,
                        0.0,
                        0.0,
                        0.0
                    ],
                    [
                        0.0,
                        1.043069140227136,
                        -0.9804613138771955,
                        -0.7854789516895812,
                        1.7566934082690506,
                        -0.5038037502667049
                    ],
                    [
                        0.0,
                        -0.9804613138771955,
                        1.8770335185011695,
                        1.393392953568213,
                        -2.137188035036256,
                        0.20917375997883744
                    ],
                    [
                        0.0,
                        -0.7854789516895812,
                        1.393392953568213,
                        1.9169635686971978,
                        -2.467423638725457,
                        -0.004161574724502131
                    ],
                    [
                        0.0,
                        1.7566934082690506,
                        -2.137188035036256,
                        -2.467423638725457,
                        5.092187762406235,
                        -1.4358365512375988
                    ],
                    [
                        0.0,
                        -0.5038037502667049,
                        0.20917375997883744,
                        -0.004161574724502131,
                        -1.4358365512375988,
                        2.203295194506142
                    ]
                ]
            },
            "est_tgt": [
                0,
                2
            ]
        },
        "1": {
            "intv_type": "do",
            "inode": 1,
            "new_mui": 10.0,
            "true_params": {
                "Si": [
                    [
                        1.0,
                        0.0,
                        0.6587189419302364,
                        -0.43226739952975507,
                        0.42579165079487197,
                        0.08522691634305529
                    ],
                    [
                        0.0,
                        0.0,
                        0.0,
                        0.0,
                        0.0,
                        0.0
                    ],
                    [
                        0.6587189419302364,
                        0.0,
                        1.4339106444576901,
                        0.4542240519838744,
                        -0.4474193731365037,
                        -0.08955594458787884
                    ],
                    [
                        -0.43226739952975507,
                        0.0,
                        0.4542240519838744,
                        1.732927000776896,
                        -1.7069662185269885,
                        -0.34166820048077173
                    ],
                    [
                        0.42579165079487197,
                        0.0,
                        -0.4474193731365037,
                        -1.7069662185269885,
                        2.681394351802504,
                        -0.3663479399161845
                    ],
                    [
                        0.08522691634305529,
                        0.0,
                        -0.08955594458787884,
                        -0.34166820048077173,
                        -0.3663479399161845,
                        1.5614292562720213
                    ]
                ],
                "mui": [
                    0.0,
                    10.0,
                    -8.974324123853595,
                    -6.631727364879712,
                    14.829480467062622,
                    -4.524485787467175
                ],
                "Ai": [
                    [
                        0.0,
                        0.0,
                        0.0,
                        0.0,
                        0.0,
                        0.0
                    ],
                    [
                        0.0,
                        0.0,
                        0.0,
                        0.0,
                        0.0,
                        0.0
                    ],
                    [
                        0.6587189419302364,
                        -0.8974324123853594,
                        0.0,
                        0.0,
                        0.0,
                        0.0
                    ],
                    [
                        -0.9190388123598433,
                        -0.0,
                        0.7389667760330494,
                        0.0,
                        0.0,
                        0.0
                    ],
                    [
                        0.0,
                        0.8297102255368942,
                        -0.0,
                        -0.985019113766322,
                        0.0,
                        0.0
                    ],
                    [
                        0.0,
                        -0.0,
                        0.0,
                        -0.8895301071150005,
                        -0.7028976479558883,
                        0.0
                    ]
                ]
            },
            "est_params": {
                "mui": [
                    0.18350300536279748,
                    10.0,
                    -8.856068524939587,
                    -6.757776418034187,
                    15.020646009439886,
                    -4.51323682979451
                ],
                "Si": [
                    [
                        0.8403352417558747,
                        3.4894167170398605e-36,
                        0.5163160686806931,
                        -0.35784960723893033,
                        0.3029775663574974,
                        0.08600670754075189
                    ],
                    [
                        3.4894167170398605e-36,
                        1e-06,
                        2.364365271847746e-36,
                        -2.1417485140266118e-36,
                        1.6866411917854206e-36,
                        8.203983245038464e-37
                    ],
                    [
                        0.5163160686806931,
                        2.3643652718477457e-36,
                        1.4138565066129851,
                        0.6779515497652421,
                        -0.7862250648731752,
                        -0.06990402622950087
                    ],
                    [
                        -0.35784960723893033,
                        -2.1417485140266118e-36,
                        0.6779515497652421,
                        1.782270443879804,
                        -1.781268640017076,
                        -0.3727854462788485
                    ],
                    [
                        0.3029775663574974,
                        1.6866411917854206e-36,
                        -0.7862250648731752,
                        -1.781268640017076,
                        2.6389532899625703,
                        -0.2558333413747404
                    ],
                    [
                        0.08600670754075189,
                        8.203983245038464e-37,
                        -0.06990402622950087,
                        -0.3727854462788485,
                        -0.2558333413747404,
                        1.5018612686326251
                    ]
                ]
            },
            "est_tgt": [
                1,
                2
            ]
        },
        "2": {
            "intv_type": "do",
            "inode": 2,
            "new_mui": 10.0,
            "true_params": {
                "Si": [
                    [
                        1.0,
                        0.7726992189538125,
                        0.0,
                        -0.9190388123598433,
                        1.5463872396978957,
                        -0.269439260411355
                    ],
                    [
                        0.7726992189538125,
                        1.597064082971832,
                        0.0,
                        -0.7101405724986904,
                        2.0246024378516,
                        -0.7913968720901794
                    ],
                    [
                        0.0,
                        0.0,
                        0.0,
                        0.0,
                        0.0,
                        0.0
                    ],
                    [
                        -0.9190388123598433,
                        -0.7101405724986904,
                        0.0,
                        1.8446323386237913,
                        -2.4062090059866925,
                        0.050462649034507034
                    ],
                    [
                        1.5463872396978957,
                        2.0246024378516,
                        0.0,
                        -2.4062090059866925,
                        5.049995207945951,
                        -1.4092343990172949
                    ],
                    [
                        -0.269439260411355,
                        -0.7913968720901794,
                        0.0,
                        0.050462649034507034,
                        -1.4092343990172949,
                        1.9456594988868146
                    ]
                ],
                "mui": [
                    0.0,
                    0.0,
                    10.0,
                    7.389667760330494,
                    -7.278963988308305,
                    -1.45696528745353
                ],
                "Ai": [
                    [
                        0.0,
                        0.0,
                        0.0,
                        0.0,
                        0.0,
                        0.0
                    ],
                    [
                        0.7726992189538125,
                        0.0,
                        0.0,
                        0.0,
                        0.0,
                        0.0
                    ],
                    [
                        0.0,
                        0.0,
                        0.0,
                        0.0,
                        0.0,
                        0.0
                    ],
                    [
                        -0.9190388123598433,
                        -0.0,
                        0.7389667760330494,
                        0.0,
                        0.0,
                        0.0
                    ],
                    [
                        0.0,
                        0.8297102255368942,
                        -0.0,
                        -0.985019113766322,
                        0.0,
                        0.0
                    ],
                    [
                        0.0,
                        -0.0,
                        0.0,
                        -0.8895301071150005,
                        -0.7028976479558883,
                        0.0
                    ]
                ]
            },
            "est_params": {
                "mui": [
                    -0.027792413795873747,
                    -0.017139419540015494,
                    10.0,
                    7.381585128478644,
                    -7.326033049138011,
                    -1.4489552434593154
                ],
                "Si": [
                    [
                        0.9881140871912689,
                        0.7781149317700131,
                        0.0,
                        -0.9156614159167232,
                        1.5863448902363892,
                        -0.2772797626619163
                    ],
                    [
                        0.7781149317700131,
                        1.6817384914257285,
                        0.0,
                        -0.875240963533688,
                        2.2195745504032285,
                        -0.7672211756473581
                    ],
                    [
                        0.0,
                        0.0,
                        1e-06,
                        0.0,
                        0.0,
                        0.0
                    ],
                    [
                        -0.9156614159167232,
                        -0.875240963533688,
                        0.0,
                        1.7311909322600108,
                        -2.493891507621435,
                        0.18169542987383103
                    ],
                    [
                        1.5863448902363892,
                        2.2195745504032285,
                        0.0,
                        -2.493891507621435,
                        5.544478587100691,
                        -1.5848205543629914
                    ],
                    [
                        -0.2772797626619163,
                        -0.7672211756473581,
                        0.0,
                        0.18169542987383103,
                        -1.5848205543629914,
                        1.9975756888764313
                    ]
                ]
            },
            "est_tgt": [
                1,
                2
            ]
        },
        "3": {
            "intv_type": "do",
            "inode": 3,
            "new_mui": 10.0,
            "true_params": {
                "Si": [
                    [
                        1.0,
                        0.7726992189538125,
                        -0.03472638218376667,
                        0.0,
                        0.6411164432303498,
                        -0.45063924001245764
                    ],
                    [
                        0.7726992189538125,
                        1.597064082971832,
                        -0.9242654607758475,
                        0.0,
                        1.3251004004794318,
                        -0.9314099548023982
                    ],
                    [
                        -0.03472638218376667,
                        -0.9242654607758475,
                        1.8065908564193789,
                        0.0,
                        -0.7668725039162899,
                        0.5390328792848029
                    ],
                    [
                        0.0,
                        0.0,
                        0.0,
                        0.0,
                        0.0,
                        0.0
                    ],
                    [
                        0.6411164432303498,
                        1.3251004004794318,
                        -0.7668725039162899,
                        0.0,
                        2.099449352140818,
                        -1.4756980116222946
                    ],
                    [
                        -0.45063924001245764,
                        -0.9314099548023982,
                        0.5390328792848029,
                        0.0,
                        -1.4756980116222946,
                        2.037264661462492
                    ]
                ],
                "mui": [
                    0.0,
                    0.0,
                    0.0,
                    10.0,
                    -9.85019113766322,
                    -1.9716248885705923
                ],
                "Ai": [
                    [
                        0.0,
                        0.0,
                        0.0,
                        0.0,
                        0.0,
                        0.0
                    ],
                    [
                        0.7726992189538125,
                        0.0,
                        0.0,
                        0.0,
                        0.0,
                        0.0
                    ],
                    [
                        0.6587189419302364,
                        -0.8974324123853594,
                        0.0,
                        0.0,
                        0.0,
                        0.0
                    ],
                    [
                        0.0,
                        0.0,
                        0.0,
                        0.0,
                        0.0,
                        0.0
                    ],
                    [
                        0.0,
                        0.8297102255368942,
                        -0.0,
                        -0.985019113766322,
                        0.0,
                        0.0
                    ],
                    [
                        0.0,
                        -0.0,
                        0.0,
                        -0.8895301071150005,
                        -0.7028976479558883,
                        0.0
                    ]
                ]
            },
            "est_params": {
                "mui": [
                    -0.030144586062882003,
                    0.00903006397065065,
                    -0.01712484880496658,
                    10.0,
                    -9.838897035601212,
                    -1.967298527906526
                ],
                "Si": [
                    [
                        1.102585303919388,
                        0.8079836364976605,
                        0.014027263147844724,
                        -5.32499617542471e-220,
                        0.6999618978200576,
                        -0.6172396318270919
                    ],
                    [
                        0.8079836364976605,
                        1.4407666858891055,
                        -0.5953600068771713,
                        -3.1973365837074905e-220,
                        1.1900675276826547,
                        -0.8588283242608096
                    ],
                    [
                        0.014027263147844726,
                        -0.5953600068771713,
                        1.4234503724086618,
                        3.851411188095867e-219,
                        -0.5308853147430053,
                        0.28016049948884775
                    ],
                    [
                        -5.32499617542471e-220,
                        -3.1973365837074905e-220,
                        3.851411188095867e-219,
                        1e-06,
                        -1.2003182103592383e-220,
                        3.8868633987856583e-221
                    ],
                    [
                        0.6999618978200576,
                        1.1900675276826547,
                        -0.5308853147430053,
                        -1.2003182103592383e-220,
                        2.0887170441403358,
                        -1.4585439202427153
                    ],
                    [
                        -0.6172396318270919,
                        -0.8588283242608096,
                        0.28016049948884775,
                        3.8868633987856583e-221,
                        -1.4585439202427153,
                        1.9820766400280208
                    ]
                ]
            },
            "est_tgt": [
                3
            ]
        },
        "4": {
            "intv_type": "do",
            "inode": 4,
            "new_mui": 10.0,
            "true_params": {
                "Si": [
                    [
                        1.0,
                        0.7726992189538125,
                        -0.03472638218376667,
                        -0.9447004550454728,
                        0.0,
                        0.8403394969681891
                    ],
                    [
                        0.7726992189538125,
                        1.597064082971832,
                        -0.9242654607758475,
                        -1.3931420402469192,
                        0.0,
                        1.2392417882872524
                    ],
                    [
                        -0.03472638218376667,
                        -0.9242654607758475,
                        1.8065908564193789,
                        1.366925513818737,
                        0.0,
                        -1.215921398725408
                    ],
                    [
                        -0.9447004550454728,
                        -1.3931420402469192,
                        1.366925513818737,
                        2.8783289242647463,
                        0.0,
                        -2.560360236313424
                    ],
                    [
                        0.0,
                        0.0,
                        0.0,
                        0.0,
                        0.0,
                        0.0
                    ],
                    [
                        0.8403394969681891,
                        1.2392417882872524,
                        -1.215921398725408,
                        -2.560360236313424,
                        0.0,
                        3.2775175152608678
                    ]
                ],
                "mui": [
                    0.0,
                    0.0,
                    0.0,
                    0.0,
                    10.0,
                    -7.0289764795588825
                ],
                "Ai": [
                    [
                        0.0,
                        0.0,
                        0.0,
                        0.0,
                        0.0,
                        0.0
                    ],
                    [
                        0.7726992189538125,
                        0.0,
                        0.0,
                        0.0,
                        0.0,
                        0.0
                    ],
                    [
                        0.6587189419302364,
                        -0.8974324123853594,
                        0.0,
                        0.0,
                        0.0,
                        0.0
                    ],
                    [
                        -0.9190388123598433,
                        -0.0,
                        0.7389667760330494,
                        0.0,
                        0.0,
                        0.0
                    ],
                    [
                        0.0,
                        0.0,
                        0.0,
                        0.0,
                        0.0,
                        0.0
                    ],
                    [
                        0.0,
                        -0.0,
                        0.0,
                        -0.8895301071150005,
                        -0.7028976479558883,
                        0.0
                    ]
                ]
            },
            "est_params": {
                "mui": [
                    -0.01631311336221046,
                    0.011199354257016698,
                    -0.05419171089057022,
                    -0.12245303619324273,
                    9.999999999999996,
                    -6.903366044195075
                ],
                "Si": [
                    [
                        0.8874351091372323,
                        0.6550880393719267,
                        -0.024174196529813046,
                        -0.8581952202671284,
                        3.241894172148628e-32,
                        0.8202080610186583
                    ],
                    [
                        0.6550880393719267,
                        1.3198207980344256,
                        -0.837722730533669,
                        -1.2500599441206617,
                        8.645051125729675e-32,
                        1.2061223017956
                    ],
                    [
                        -0.024174196529813046,
                        -0.837722730533669,
                        1.660472146693085,
                        1.2341837841673489,
                        0.0,
                        -1.1000463121961541
                    ],
                    [
                        -0.8581952202671284,
                        -1.2500599441206617,
                        1.2341837841673489,
                        2.706905622489492,
                        -1.9451365032891767e-31,
                        -2.4459568956369733
                    ],
                    [
                        3.241894172148628e-32,
                        8.645051125729675e-32,
                        -1.0806313907162093e-32,
                        -1.9451365032891767e-31,
                        1e-06,
                        -3.2418941721486278e-31
                    ],
                    [
                        0.8202080610186583,
                        1.2061223017956,
                        -1.1000463121961541,
                        -2.4459568956369733,
                        -2.3773890595756604e-31,
                        3.2001628990414717
                    ]
                ]
            },
            "est_tgt": [
                4
            ]
        },
        "5": {
            "intv_type": "do",
            "inode": 5,
            "new_mui": 10.0,
            "true_params": {
                "Si": [
                    [
                        1.0,
                        0.7726992189538125,
                        -0.03472638218376667,
                        -0.9447004550454728,
                        1.5716644482338826,
                        0.0
                    ],
                    [
                        0.7726992189538125,
                        1.597064082971832,
                        -0.9242654607758475,
                        -1.3931420402469192,
                        2.697371938314058,
                        0.0
                    ],
                    [
                        -0.03472638218376667,
                        -0.9242654607758475,
                        1.8065908564193789,
                        1.366925513818737,
                        -2.1133202621225964,
                        0.0
                    ],
                    [
                        -0.9447004550454728,
                        -1.3931420402469192,
                        1.366925513818737,
                        2.8783289242647463,
                        -3.9911132025254323,
                        0.0
                    ],
                    [
                        1.5716644482338826,
                        2.697371938314058,
                        -2.1133202621225964,
                        -3.9911132025254323,
                        7.169359868988115,
                        0.0
                    ],
                    [
                        0.0,
                        0.0,
                        0.0,
                        0.0,
                        0.0,
                        0.0
                    ]
                ],
                "mui": [
                    0.0,
                    0.0,
                    0.0,
                    0.0,
                    0.0,
                    10.0
                ],
                "Ai": [
                    [
                        0.0,
                        0.0,
                        0.0,
                        0.0,
                        0.0,
                        0.0
                    ],
                    [
                        0.7726992189538125,
                        0.0,
                        0.0,
                        0.0,
                        0.0,
                        0.0
                    ],
                    [
                        0.6587189419302364,
                        -0.8974324123853594,
                        0.0,
                        0.0,
                        0.0,
                        0.0
                    ],
                    [
                        -0.9190388123598433,
                        -0.0,
                        0.7389667760330494,
                        0.0,
                        0.0,
                        0.0
                    ],
                    [
                        0.0,
                        0.8297102255368942,
                        -0.0,
                        -0.985019113766322,
                        0.0,
                        0.0
                    ],
                    [
                        0.0,
                        0.0,
                        0.0,
                        0.0,
                        0.0,
                        0.0
                    ]
                ]
            },
            "est_params": {
                "mui": [
                    0.08575151349163074,
                    0.025999384641079256,
                    0.0354641428200442,
                    -0.048227192445670045,
                    0.07648488845795208,
                    10.0
                ],
                "Si": [
                    [
                        0.9159130811524764,
                        0.7142233207284562,
                        -0.04655309320344697,
                        -0.8579455259010683,
                        1.4637869884699601,
                        0.0
                    ],
                    [
                        0.7142233207284562,
                        1.3353161197346561,
                        -0.8306696512277187,
                        -1.2868302955275228,
                        2.4555669201735015,
                        0.0
                    ],
                    [
                        -0.04655309320344697,
                        -0.8306696512277187,
                        1.739004933454838,
                        1.3786776006879953,
                        -2.05656885057323,
                        0.0
                    ],
                    [
                        -0.8579455259010683,
                        -1.2868302955275228,
                        1.3786776006879953,
                        2.770638222455115,
                        -3.897124143495879,
                        0.0
                    ],
                    [
                        1.4637869884699601,
                        2.4555669201735015,
                        -2.05656885057323,
                        -3.897124143495879,
                        7.1412952167126775,
                        0.0
                    ],
                    [
                        0.0,
                        0.0,
                        0.0,
                        0.0,
                        0.0,
                        1e-06
                    ]
                ]
            },
            "est_tgt": [
                5
            ]
        },
        "obs": {
            "intv_type": "obs",
            "true_params": {
                "Si": [
                    [
                        1.0,
                        0.7726992189538125,
                        -0.03472638218376667,
                        -0.9447004550454728,
                        1.5716644482338826,
                        -0.26437974707129597
                    ],
                    [
                        0.7726992189538125,
                        1.597064082971832,
                        -0.9242654607758475,
                        -1.3931420402469192,
                        2.697371938314058,
                        -0.6567346028159144
                    ],
                    [
                        -0.03472638218376667,
                        -0.9242654607758475,
                        1.8065908564193789,
                        1.366925513818737,
                        -2.1133202621225964,
                        0.26952644289808636
                    ],
                    [
                        -0.9447004550454728,
                        -1.3931420402469192,
                        1.366925513818737,
                        2.8783289242647463,
                        -3.9911132025254323,
                        0.24498384646739502
                    ],
                    [
                        1.5716644482338826,
                        2.697371938314058,
                        -2.1133202621225964,
                        -3.9911132025254323,
                        7.169359868988115,
                        -1.4891108347105413
                    ],
                    [
                        -0.26437974707129597,
                        -0.6567346028159144,
                        0.26952644289808636,
                        0.24498384646739502,
                        -1.4891108347105413,
                        1.8287719960740825
                    ]
                ],
                "mui": [
                    0.0,
                    0.0,
                    0.0,
                    0.0,
                    0.0,
                    0.0
                ],
                "Ai": [
                    [
                        0.0,
                        0.0,
                        0.0,
                        0.0,
                        0.0,
                        0.0
                    ],
                    [
                        0.7726992189538125,
                        0.0,
                        0.0,
                        0.0,
                        0.0,
                        0.0
                    ],
                    [
                        0.6587189419302364,
                        -0.8974324123853594,
                        0.0,
                        0.0,
                        0.0,
                        0.0
                    ],
                    [
                        -0.9190388123598433,
                        -0.0,
                        0.7389667760330494,
                        0.0,
                        0.0,
                        0.0
                    ],
                    [
                        0.0,
                        0.8297102255368942,
                        -0.0,
                        -0.985019113766322,
                        0.0,
                        0.0
                    ],
                    [
                        0.0,
                        -0.0,
                        0.0,
                        -0.8895301071150005,
                        -0.7028976479558883,
                        0.0
                    ]
                ]
            },
            "est_params": {
                "mui": [
                    0.09077201807253475,
                    -0.040506144054829114,
                    0.13856114157290653,
                    0.10930238249450946,
                    -0.16263262102222928,
                    0.031189310423613434
                ],
                "Si": [
                    [
                        1.0873280645425465,
                        0.8265959348476865,
                        -0.04694415391754056,
                        -1.0494433786134723,
                        1.7456449702920125,
                        -0.23337004369602077
                    ],
                    [
                        0.8265959348476865,
                        1.485044984257716,
                        -0.7947156975499797,
                        -1.4358798600530644,
                        2.732656181691104,
                        -0.6266003744834263
                    ],
                    [
                        -0.04694415391754056,
                        -0.7947156975499797,
