{
    "expt_args": {
        "save_dir": "expt_logs_29.04.24-10",
        "exp_name": "190",
        "num_nodes": 8,
        "obs_noise_mean": 0.0,
        "obs_noise_var": 1.0,
        "max_edge_strength": 1.0,
        "num_parents": 2,
        "new_noise_mean": 10.0,
        "mix_samples": 65536,
        "stage2_samples": 65536,
        "intv_targets": [
            0,
            1,
            2,
            3,
            4,
            5,
            6,
            7
        ]
    },
    "intv_args_dict": {
        "0": {
            "intv_type": "do",
            "inode": 0,
            "new_mui": 10.0,
            "true_params": {
                "Si": [
                    [
                        0.0,
                        0.0,
                        0.0,
                        0.0,
                        0.0,
                        0.0,
                        0.0,
                        0.0
                    ],
                    [
                        0.0,
                        1.0,
                        0.9608315825776836,
                        -0.6154833636434711,
                        -0.024925778221958836,
                        -0.023606961172774117,
                        0.0005900243972242966,
                        -0.5018307132323084
                    ],
                    [
                        0.0,
                        0.9608315825776836,
                        1.923197330078736,
                        -1.2319494728633165,
                        0.5644961372666714,
                        0.5346287797303538,
                        -0.013362330762968517,
                        -1.0044627022466273
                    ],
                    [
                        0.0,
                        -0.6154833636434711,
                        -1.2319494728633165,
                        1.7891543316702028,
                        -0.36160133329146366,
                        -0.3424690919986889,
                        0.008559556568742946,
                        0.6434323078500392
                    ],
                    [
                        0.0,
                        -0.024925778221958836,
                        0.5644961372666714,
                        -0.36160133329146366,
                        1.3468895329405295,
                        1.2756259252973567,
                        -0.031882562611459234,
                        -0.29482950427320426
                    ],
                    [
                        0.0,
                        -0.023606961172774117,
                        0.5346287797303538,
                        -0.3424690919986889,
                        1.2756259252973567,
                        2.208132858333369,
                        -0.6168823739789938,
                        -0.2792301447115583
                    ],
                    [
                        0.0,
                        0.0005900243972242966,
                        -0.013362330762968517,
                        0.008559556568742946,
                        -0.031882562611459234,
                        -0.6168823739789938,
                        1.3449559961697195,
                        0.006978983724948856
                    ],
                    [
                        0.0,
                        -0.5018307132323084,
                        -1.0044627022466273,
                        0.6434323078500392,
                        -0.29482950427320426,
                        -0.2792301447115583,
                        0.006978983724948856,
                        1.5246187192675076
                    ]
                ],
                "mui": [
                    10.0,
                    6.571109918551487,
                    -0.9356655625846688,
                    -5.394564265001881,
                    -4.429665004492827,
                    -10.139364323773076,
                    3.59216367937485,
                    5.968924967489188
                ],
                "Ai": [
                    [
                        0.0,
                        0.0,
                        0.0,
                        0.0,
                        0.0,
                        0.0,
                        0.0,
                        0.0
                    ],
                    [
                        0.6571109918551488,
                        0.0,
                        0.0,
                        0.0,
                        0.0,
                        0.0,
                        0.0,
                        0.0
                    ],
                    [
                        -0.7249395504918409,
                        0.9608315825776836,
                        0.0,
                        0.0,
                        0.0,
                        0.0,
                        0.0,
                        0.0
                    ],
                    [
                        -0.5993926940154591,
                        0.0,
                        -0.6405736185235241,
                        0.0,
                        0.0,
                        0.0,
                        0.0,
                        0.0
                    ],
                    [
                        -0.0,
                        -0.5903229070555311,
                        0.5884456122026565,
                        0.0,
                        0.0,
                        0.0,
                        0.0,
                        0.0
                    ],
                    [
                        -0.5944071850323452,
                        -0.0,
                        -0.0,
                        -0.0,
                        0.9470902357615105,
                        0.0,
                        0.0,
                        0.0
                    ],
                    [
                        -0.0,
                        -0.0,
                        -0.0,
                        -0.0,
                        0.5319740019302583,
                        -0.5866867102386257,
                        0.0,
                        0.0
                    ],
                    [
                        0.548023816208767,
                        -0.0,
                        -0.5222879038655406,
                        0.0,
                        -0.0,
                        0.0,
                        0.0,
                        0.0
                    ]
                ]
            },
            "est_params": {
                "mui": [
                    10.0,
                    6.583913789115748,
                    -0.9158818953156419,
                    -5.422814600690579,
                    -4.419835309500488,
                    -10.104394827174401,
                    3.5639991245689595,
                    5.9451087464657135
                ],
                "Si": [
                    [
                        1e-06,
                        0.0,
                        0.0,
                        0.0,
                        0.0,
                        0.0,
                        0.0,
                        0.0
                    ],
                    [
                        0.0,
                        0.9827709871651729,
                        0.9401952967200061,
                        -0.5818012317378712,
                        -0.014047185604992015,
                        -0.01371346160907018,
                        -0.016211679612527966,
                        -0.4957531667207643
                    ],
                    [
                        0.0,
                        0.9401952967200061,
                        1.894270196811769,
                        -1.1907405082684284,
                        0.5639676851200448,
                        0.535235326437781,
                        -0.03357832473402183,
                        -1.001176968580005
                    ],
                    [
                        0.0,
                        -0.5818012317378712,
                        -1.1907405082684284,
                        1.7519175259476918,
                        -0.3763153206669114,
                        -0.3651336329338219,
                        0.018056625716174512,
                        0.6556809788746983
                    ],
                    [
                        0.0,
                        -0.014047185604992015,
                        0.5639676851200448,
                        -0.3763153206669114,
                        1.312824922618697,
                        1.2241992077047918,
                        -0.01869516029212273,
                        -0.28584804243681783
                    ],
                    [
                        0.0,
                        -0.01371346160907018,
                        0.535235326437781,
                        -0.3651336329338219,
                        1.2241992077047918,
                        2.1367892584702686,
                        -0.5902094124529182,
                        -0.28336978348603453
                    ],
                    [
                        0.0,
                        -0.016211679612527966,
                        -0.03357832473402183,
                        0.018056625716174512,
                        -0.01869516029212273,
                        -0.5902094124529182,
                        1.330569677260516,
                        0.025037359191216097
                    ],
                    [
                        0.0,
                        -0.4957531667207643,
                        -1.001176968580005,
                        0.6556809788746983,
                        -0.28584804243681783,
                        -0.28336978348603453,
                        0.025037359191216097,
                        1.5429212678529647
                    ]
                ]
            },
            "est_tgt": [
                0
            ]
        },
        "1": {
            "intv_type": "do",
            "inode": 1,
            "new_mui": 10.0,
            "true_params": {
                "Si": [
                    [
                        1.0,
                        0.0,
                        -0.7249395504918409,
                        -0.1350155429460836,
                        -0.42658749759908987,
                        -0.9984240387063801,
                        0.3588286564206062,
                        0.9266509744643777
                    ],
                    [
                        0.0,
                        0.0,
                        0.0,
                        0.0,
                        0.0,
                        0.0,
                        0.0,
                        0.0
                    ],
                    [
                        -0.7249395504918409,
                        0.0,
                        1.5255373518673123,
                        -0.5426955115107784,
                        0.89769576095758,
                        1.2811081674138918,
                        -0.27405832972745847,
                        -1.194053844756573
                    ],
                    [
                        -0.1350155429460836,
                        0.0,
                        -0.5426955115107784,
                        1.4285637575853471,
                        -0.31934679251059384,
                        -0.22219602019034526,
                        -0.03952473910186356,
                        0.20945156805139042
                    ],
                    [
                        -0.42658749759908987,
                        0.0,
                        0.89769576095758,
                        -0.31934679251059384,
                        1.5282451316284127,
                        1.7009527156332014,
                        -0.18493967440349846,
                        -0.7026357456807173
                    ],
                    [
                        -0.9984240387063801,
                        0.0,
                        1.2811081674138918,
                        -0.22219602019034526,
                        1.7009527156332014,
                        3.204426130784315,
                        -0.9751316016430032,
                        -1.2162674512700657
                    ],
                    [
                        0.3588286564206062,
                        0.0,
                        -0.27405832972745847,
                        -0.03952473910186356,
                        -0.18493967440349846,
                        -0.9751316016430032,
                        1.4737136527095476,
                        0.3397840002269305
                    ],
                    [
                        0.9266509744643777,
                        0.0,
                        -1.194053844756573,
                        0.20945156805139042,
                        -0.7026357456807173,
                        -1.2162674512700657,
                        0.3397840002269305,
                        2.131466683000041
                    ]
                ],
                "mui": [
                    0.0,
                    10.0,
                    9.608315825776836,
                    -6.154833636434711,
                    -0.24925778221958836,
                    -0.23606961172774116,
                    0.005900243972242966,
                    -5.018307132323084
                ],
                "Ai": [
                    [
                        0.0,
                        0.0,
                        0.0,
                        0.0,
                        0.0,
                        0.0,
                        0.0,
                        0.0
                    ],
                    [
                        0.0,
                        0.0,
                        0.0,
                        0.0,
                        0.0,
                        0.0,
                        0.0,
                        0.0
                    ],
                    [
                        -0.7249395504918409,
                        0.9608315825776836,
                        0.0,
                        0.0,
                        0.0,
                        0.0,
                        0.0,
                        0.0
                    ],
                    [
                        -0.5993926940154591,
                        0.0,
                        -0.6405736185235241,
                        0.0,
                        0.0,
                        0.0,
                        0.0,
                        0.0
                    ],
                    [
                        -0.0,
                        -0.5903229070555311,
                        0.5884456122026565,
                        0.0,
                        0.0,
                        0.0,
                        0.0,
                        0.0
                    ],
                    [
                        -0.5944071850323452,
                        -0.0,
                        -0.0,
                        -0.0,
                        0.9470902357615105,
                        0.0,
                        0.0,
                        0.0
                    ],
                    [
                        -0.0,
                        -0.0,
                        -0.0,
                        -0.0,
                        0.5319740019302583,
                        -0.5866867102386257,
                        0.0,
                        0.0
                    ],
                    [
                        0.548023816208767,
                        -0.0,
                        -0.5222879038655406,
                        0.0,
                        -0.0,
                        0.0,
                        0.0,
                        0.0
                    ]
                ]
            },
            "est_params": {
                "mui": [
                    0.020742492482591524,
                    10.0,
                    9.588554735986362,
                    -6.17473397375393,
                    -0.26735956088560253,
                    -0.26683997648388136,
                    0.00412636443786164,
                    -4.98909336991818
                ],
                "Si": [
                    [
                        0.9972071061167866,
                        0.0,
                        -0.7116236081425287,
                        -0.14563126255309045,
                        -0.4112222049857841,
                        -0.9868770042181266,
                        0.3526218286363965,
                        0.9094540206645217
                    ],
                    [
                        0.0,
                        1e-06,
                        0.0,
                        0.0,
                        0.0,
                        0.0,
                        0.0,
                        0.0
                    ],
                    [
                        -0.7116236081425287,
                        0.0,
                        1.5007221672930728,
                        -0.551827210498046,
                        0.8751897442782889,
                        1.2503992881338006,
                        -0.2595944211860071,
                        -1.1658310054902705
                    ],
                    [
                        -0.14563126255309045,
                        0.0,
                        -0.551827210498046,
                        1.4371749261761353,
                        -0.2966637778258305,
                        -0.20918775776275883,
                        -0.04300131465129616,
                        0.21224722258082035
                    ],
                    [
                        -0.4112222049857841,
                        0.0,
                        0.8751897442782889,
                        -0.2966637778258305,
                        1.5364541525704936,
                        1.7065052479220162,
                        -0.17329010913797013,
                        -0.6668024083809294
                    ],
                    [
                        -0.9868770042181266,
                        0.0,
                        1.2503992881338006,
                        -0.20918775776275883,
                        1.7065052479220162,
                        3.196921488920282,
                        -0.9501861394037155,
                        -1.1390854338453418
                    ],
                    [
                        0.3526218286363965,
                        0.0,
                        -0.2595944211860071,
                        -0.04300131465129616,
                        -0.17329010913797013,
                        -0.9501861394037155,
                        1.4597422686326686,
                        0.3201811196319089
                    ],
                    [
                        0.9094540206645217,
                        0.0,
                        -1.1658310054902705,
                        0.21224722258082035,
                        -0.6668024083809294,
                        -1.1390854338453418,
                        0.3201811196319089,
                        2.0951075942047055
                    ]
                ]
            },
            "est_tgt": [
                1
            ]
        },
        "2": {
            "intv_type": "do",
            "inode": 2,
            "new_mui": 10.0,
            "true_params": {
                "Si": [
                    [
                        1.0,
                        0.6571109918551488,
                        0.0,
                        -0.5993926940154591,
                        -0.3879076709700749,
                        -0.961790752585092,
                        0.357913056466683,
                        0.548023816208767
                    ],
                    [
                        0.6571109918551488,
                        1.4317948556168574,
                        0.0,
                        -0.39386752767522804,
                        -0.8452213014748977,
                        -1.191092336606943,
                        0.2491622862920625,
                        0.3601124734291866
                    ],
                    [
                        0.0,
                        0.0,
                        0.0,
                        0.0,
                        0.0,
                        0.0,
                        0.0,
                        0.0
                    ],
                    [
                        -0.5993926940154591,
                        -0.39386752767522804,
                        0.0,
                        1.3592716016391098,
                        0.2325090239320155,
                        0.5764903502711342,
                        -0.21453047113887225,
                        -0.32848147158200564
                    ],
                    [
                        -0.3879076709700749,
                        -0.8452213014748977,
                        0.0,
                        0.2325090239320155,
                        1.498953495791921,
                        1.6502193264788865,
                        -0.17075745796031958,
                        -0.21258264218167516
                    ],
                    [
                        -0.961790752585092,
                        -1.191092336606943,
                        0.0,
                        0.5764903502711342,
                        1.6502193264788865,
                        3.134601944807335,
                        -0.9611555237369849,
                        -0.5270842386259841
                    ],
                    [
                        0.357913056466683,
                        0.2491622862920625,
                        0.0,
                        -0.21453047113887225,
                        -0.17075745796031958,
                        -0.9611555237369849,
                        1.473058643978346,
                        0.1961448790758155
                    ],
                    [
                        0.548023816208767,
                        0.3601124734291866,
                        0.0,
                        -0.32848147158200564,
                        -0.21258264218167516,
                        -0.5270842386259841,
                        0.1961448790758155,
                        1.3003301031320205
                    ]
                ],
                "mui": [
                    0.0,
                    0.0,
                    10.0,
                    -6.4057361852352415,
                    5.884456122026565,
                    5.573110935938404,
                    -0.13929244838312982,
                    -5.222879038655406
                ],
                "Ai": [
                    [
                        0.0,
                        0.0,
                        0.0,
                        0.0,
                        0.0,
                        0.0,
                        0.0,
                        0.0
                    ],
                    [
                        0.6571109918551488,
                        0.0,
                        0.0,
                        0.0,
                        0.0,
                        0.0,
                        0.0,
                        0.0
                    ],
                    [
                        0.0,
                        0.0,
                        0.0,
                        0.0,
                        0.0,
                        0.0,
                        0.0,
                        0.0
                    ],
                    [
                        -0.5993926940154591,
                        0.0,
                        -0.6405736185235241,
                        0.0,
                        0.0,
                        0.0,
                        0.0,
                        0.0
                    ],
                    [
                        -0.0,
                        -0.5903229070555311,
                        0.5884456122026565,
                        0.0,
                        0.0,
                        0.0,
                        0.0,
                        0.0
                    ],
                    [
                        -0.5944071850323452,
                        -0.0,
                        -0.0,
                        -0.0,
                        0.9470902357615105,
                        0.0,
                        0.0,
                        0.0
                    ],
                    [
                        -0.0,
                        -0.0,
                        -0.0,
                        -0.0,
                        0.5319740019302583,
                        -0.5866867102386257,
                        0.0,
                        0.0
                    ],
                    [
                        0.548023816208767,
                        -0.0,
                        -0.5222879038655406,
                        0.0,
                        -0.0,
                        0.0,
                        0.0,
                        0.0
                    ]
                ]
            },
            "est_params": {
                "mui": [
                    -0.0021738016367136366,
                    -0.010000410530228298,
                    10.0,
                    -6.413900045687292,
                    5.899436619393827,
                    5.613067451935779,
                    -0.159855514746781,
                    -5.2201520757908115
                ],
                "Si": [
                    [
                        1.033143068257391,
                        0.6855409870004776,
                        6.684602622213898e-25,
                        -0.6131383469020332,
                        -0.3939959562933479,
                        -0.9896222361899777,
                        0.3749260369767475,
                        0.5560220334624058
                    ],
                    [
                        0.6855409870004776,
                        1.47945594351924,
                        4.719478229298789e-24,
                        -0.410137955265707,
                        -0.8914075011160707,
                        -1.2692052294527632,
                        0.27738515835218563,
                        0.3519468832942877
                    ],
                    [
                        6.684602622213899e-25,
                        4.7194782292987906e-24,
                        1e-06,
                        -9.42303702689413e-25,
                        -2.1511518764263562e-24,
                        -2.2343867435794103e-24,
                        2.1558496939170864e-25,
                        4.593725781819107e-25
                    ],
                    [
                        -0.6131383469020332,
                        -0.410137955265707,
                        -9.42303702689413e-25,
                        1.3345499125475686,
                        0.2519931398252042,
                        0.5875572148746667,
                        -0.229709145055434,
                        -0.3270891604323057
                    ],
                    [
                        -0.3939959562933479,
                        -0.8914075011160707,
                        -2.151151876426356e-24,
                        0.2519931398252042,
                        1.5389139994687007,
                        1.711743947154884,
                        -0.17835252938875287,
                        -0.1868793778190068
                    ],
                    [
                        -0.9896222361899777,
                        -1.2692052294527632,
                        -2.23438674357941e-24,
                        0.5875572148746667,
                        1.711743947154884,
                        3.2276149004969867,
                        -0.9615668975474057,
                        -0.5079493829863115
                    ],
                    [
                        0.3749260369767475,
                        0.27738515835218563,
                        2.1558496939170864e-25,
                        -0.229709145055434,
                        -0.17835252938875287,
                        -0.9615668975474057,
                        1.4359791324970017,
                        0.19094747430640052
                    ],
                    [
                        0.5560220334624058,
                        0.3519468832942877,
                        4.593725781819107e-25,
                        -0.3270891604323057,
                        -0.1868793778190068,
                        -0.5079493829863115,
                        0.19094747430640052,
                        1.2879547392928499
                    ]
                ]
            },
            "est_tgt": [
                2
            ]
        },
        "3": {
            "intv_type": "do",
            "inode": 3,
            "new_mui": 10.0,
            "true_params": {
                "Si": [
                    [
                        1.0,
                        0.6571109918551488,
                        -0.09356655625846688,
                        0.0,
                        -0.4429665004492827,
                        -1.0139364323773077,
                        0.359216367937485,
                        0.5968924967489188
                    ],
                    [
                        0.6571109918551488,
                        1.4317948556168574,
                        0.8993479699902119,
                        0.0,
                        -0.3160039346907912,
                        -0.6898757359302978,
                        0.23663504822322914,
                        -0.10960609266273025
                    ],
                    [
                        -0.09356655625846688,
                        0.8993479699902119,
                        1.931952030528805,
                        0.0,
                        0.6059429872515754,
                        0.6294993199728944,
                        -0.04697296926255335,
                        -1.0603118776239415
                    ],
                    [
                        0.0,
                        0.0,
                        0.0,
                        0.0,
                        0.0,
                        0.0,
                        0.0,
                        0.0
                    ],
                    [
                        -0.4429665004492827,
                        -0.3160039346907912,
                        0.6059429872515754,
                        0.0,
                        1.5431088534608137,
                        1.7247657984255635,
                        -0.19100338002082887,
                        -0.5592328847025076
                    ],
                    [
                        -1.0139364323773077,
                        -0.6898757359302978,
                        0.6294993199728944,
                        0.0,
                        1.7247657984255635,
                        3.2361999472353915,
                        -0.9811049365370617,
                        -0.8844411933779407
                    ],
                    [
                        0.359216367937485,
                        0.23663504822322914,
                        -0.04697296926255335,
                        0.0,
                        -0.19100338002082887,
                        -0.9811049365370617,
                        1.473992395163918,
                        0.22139253845623252
                    ],
                    [
                        0.5968924967489188,
                        -0.10960609266273025,
                        -1.0603118776239415,
                        0.0,
                        -0.5592328847025076,
                        -0.8844411933779407,
                        0.22139253845623252,
                        1.8808993719426654
                    ]
                ],
                "mui": [
                    0.0,
                    0.0,
                    0.0,
                    10.0,
                    0.0,
                    0.0,
                    0.0,
                    0.0
                ],
                "Ai": [
                    [
                        0.0,
                        0.0,
                        0.0,
                        0.0,
                        0.0,
                        0.0,
                        0.0,
                        0.0
                    ],
                    [
                        0.6571109918551488,
                        0.0,
                        0.0,
                        0.0,
                        0.0,
                        0.0,
                        0.0,
                        0.0
                    ],
                    [
                        -0.7249395504918409,
                        0.9608315825776836,
                        0.0,
                        0.0,
                        0.0,
                        0.0,
                        0.0,
                        0.0
                    ],
                    [
                        0.0,
                        0.0,
                        0.0,
                        0.0,
                        0.0,
                        0.0,
                        0.0,
                        0.0
                    ],
                    [
                        -0.0,
                        -0.5903229070555311,
                        0.5884456122026565,
                        0.0,
                        0.0,
                        0.0,
                        0.0,
                        0.0
                    ],
                    [
                        -0.5944071850323452,
                        -0.0,
                        -0.0,
                        -0.0,
                        0.9470902357615105,
                        0.0,
                        0.0,
                        0.0
                    ],
                    [
                        -0.0,
                        -0.0,
                        -0.0,
                        -0.0,
                        0.5319740019302583,
                        -0.5866867102386257,
                        0.0,
                        0.0
                    ],
                    [
                        0.548023816208767,
                        -0.0,
                        -0.5222879038655406,
                        0.0,
                        -0.0,
                        0.0,
                        0.0,
                        0.0
                    ]
                ]
            },
            "est_params": {
                "mui": [
                    0.020164155122680136,
                    0.023111150614391007,
                    -0.014757497872952843,
                    9.999999999999998,
                    -0.01094667341435526,
                    0.0006794308635119958,
                    0.0020850040191913192,
                    0.02574994733234798
                ],
                "Si": [
                    [
                        0.96844147989078,
                        0.6208384556322051,
                        -0.10189724981212772,
                        -5.200566330258017e-33,
                        -0.44386019575081787,
                        -0.9818668799946197,
                        0.35284664777241936,
                        0.586448263619468
                    ],
                    [
                        0.6208384556322051,
                        1.3950319364909998,
                        0.8969052870633254,
                        -7.800849495387026e-33,
                        -0.3244742050427284,
                        -0.6581103004363529,
                        0.23579663744060042,
                        -0.12612546822178197
                    ],
                    [
                        -0.10189724981212772,
                        0.8969052870633254,
                        1.9076188997167873,
                        1.863536268342456e-32,
                        0.5732294607657404,
                        0.605938578303953,
                        -0.032190934569323384,
                        -1.0544724277291644
                    ],
                    [
                        -5.200566330258017e-33,
                        -1.1267893715559037e-32,
                        2.2102406903596573e-32,
                        1e-06,
                        -3.597058378428462e-32,
                        1.9935504265989066e-32,
                        -1.6035079518295552e-32,
                        4.3338052752150145e-32
                    ],
                    [
                        -0.44386019575081787,
                        -0.3244742050427284,
                        0.5732294607657404,
                        -3.597058378428462e-32,
                        1.544587096221777,
                        1.6975838055708588,
                        -0.16794104927823905,
                        -0.5613781461528959
                    ],
                    [
                        -0.9818668799946197,
                        -0.6581103004363529,
                        0.605938578303953,
                        2.340254848616108e-32,
                        1.6975838055708588,
                        3.1483993216901416,
                        -0.9381053962129557,
                        -0.8671130467491945
                    ],
                    [
                        0.35284664777241936,
                        0.23579663744060042,
                        -0.032190934569323384,
                        -1.4301557408209546e-32,
                        -0.16794104927823905,
                        -0.9381053962129557,
                        1.4809142451937336,
                        0.20069196333272743
                    ],
                    [
                        0.586448263619468,
                        -0.12612546822178197,
                        -1.0544724277291644,
                        4.3338052752150145e-32,
                        -0.5613781461528959,
                        -0.8671130467491945,
                        0.20069196333272743,
                        1.850831089820491
                    ]
                ]
            },
            "est_tgt": [
                3
            ]
        },
        "4": {
            "intv_type": "do",
            "inode": 4,
            "new_mui": 10.0,
            "true_params": {
                "Si": [
                    [
                        1.0,
                        0.6571109918551488,
                        -0.09356655625846688,
                        -0.5394564265001881,
                        0.0,
                        -0.5944071850323452,
                        0.3487307959288287,
                        0.5968924967489188
                    ],
                    [
                        0.6571109918551488,
                        1.4317948556168574,
                        0.8993479699902119,
                        -0.969966111123644,
                        0.0,
                        -0.39059149492243134,
                        0.2291548392032281,
                        -0.10960609266273025
                    ],
                    [
                        -0.09356655625846688,
                        0.8993479699902119,
                        1.931952030528805,
                        -1.181474392784195,
                        0.0,
                        0.055616633318765867,
                        -0.032629539636334685,
                        -1.0603118776239415
                    ],
                    [
                        -0.5394564265001881,
