{
    "expt_args": {
        "save_dir": "expt_logs_29.04.24-10",
        "exp_name": "203",
        "num_nodes": 6,
        "obs_noise_mean": 0.0,
        "obs_noise_var": 1.0,
        "max_edge_strength": 1.0,
        "num_parents": 2,
        "new_noise_mean": 10.0,
        "mix_samples": 8192,
        "stage2_samples": 8192,
        "intv_targets": [
            0,
            1,
            2,
            3,
            4,
            5
        ]
    },
    "intv_args_dict": {
        "0": {
            "intv_type": "do",
            "inode": 0,
            "new_mui": 10.0,
            "true_params": {
                "Si": [
                    [
                        0.0,
                        0.0,
                        0.0,
                        0.0,
                        0.0,
                        0.0
                    ],
                    [
                        0.0,
                        1.0,
                        -0.5842754591262899,
                        0.5614414971278402,
                        -0.6746779893820001,
                        -0.335617114063461
                    ],
                    [
                        0.0,
                        -0.5842754591262899,
                        1.3413778121372368,
                        -1.2889556720156803,
                        0.3941977920085702,
                        0.7705087440288183
                    ],
                    [
                        0.0,
                        0.5614414971278402,
                        -1.2889556720156803,
                        2.238582231932292,
                        -0.3787922204378312,
                        -0.7403966331985321
                    ],
                    [
                        0.0,
                        -0.6746779893820001,
                        0.3941977920085702,
                        -0.3787922204378312,
                        1.455190389356538,
                        0.22643347971852526
                    ],
                    [
                        0.0,
                        -0.335617114063461,
                        0.7705087440288183,
                        -0.7403966331985321,
                        0.22643347971852526,
                        1.442592474135935
                    ]
                ],
                "mui": [
                    10.0,
                    9.882509184276893,
                    1.7644953971095834,
                    5.811418440764826,
                    -13.826228681236682,
                    8.471002479550833
                ],
                "Ai": [
                    [
                        0.0,
                        0.0,
                        0.0,
                        0.0,
                        0.0,
                        0.0
                    ],
                    [
                        0.9882509184276893,
                        0.0,
                        0.0,
                        0.0,
                        0.0,
                        0.0
                    ],
                    [
                        0.7538602988072741,
                        -0.5842754591262899,
                        0.0,
                        0.0,
                        0.0,
                        0.0
                    ],
                    [
                        0.7506955917060332,
                        0.0,
                        -0.9609191835087598,
                        0.0,
                        0.0,
                        0.0
                    ],
                    [
                        -0.7158717254739597,
                        -0.6746779893820001,
                        -0.0,
                        0.0,
                        0.0,
                        0.0
                    ],
                    [
                        0.7457448266882494,
                        0.0,
                        0.5744159006187493,
                        0.0,
                        -0.0,
                        0.0
                    ]
                ]
            },
            "est_params": {
                "mui": [
                    10.0,
                    9.87613885028417,
                    1.745231413099663,
                    5.857881637731308,
                    -13.81001254779472,
                    8.384857354507083
                ],
                "Si": [
                    [
                        1e-06,
                        0.0,
                        0.0,
                        0.0,
                        0.0,
                        0.0
                    ],
                    [
                        0.0,
                        1.0549735264067823,
                        -0.5732539114960238,
                        0.5707704749152942,
                        -0.7228525045278976,
                        -0.24325238105018512
                    ],
                    [
                        0.0,
                        -0.5732539114960238,
                        1.3042797925093588,
                        -1.1979730546358727,
                        0.4268494613040897,
                        0.7553480549336746
                    ],
                    [
                        0.0,
                        0.5707704749152942,
                        -1.1979730546358727,
                        2.139222896781327,
                        -0.43833208999856516,
                        -0.6991982843255771
                    ],
                    [
                        0.0,
                        -0.7228525045278976,
                        0.4268494613040897,
                        -0.43833208999856516,
                        1.4691599013918892,
                        0.20516028849585838
                    ],
                    [
                        0.0,
                        -0.24325238105018512,
                        0.7553480549336746,
                        -0.6991982843255771,
                        0.20516028849585838,
                        1.457332571048496
                    ]
                ]
            },
            "est_tgt": [
                0
            ]
        },
        "1": {
            "intv_type": "do",
            "inode": 1,
            "new_mui": 10.0,
            "true_params": {
                "Si": [
                    [
                        1.0,
                        0.0,
                        0.7538602988072741,
                        0.026296768896477585,
                        -0.7158717254739597,
                        1.178774169168349
                    ],
                    [
                        0.0,
                        0.0,
                        0.0,
                        0.0,
                        0.0,
                        0.0
                    ],
                    [
                        0.7538602988072741,
                        0.0,
                        1.5683053501177926,
                        -0.9410950934507955,
                        -0.5396672728734782,
                        1.4630469480142971
                    ],
                    [
                        0.026296768896477585,
                        0.0,
                        -0.9410950934507955,
                        1.9240571972895364,
                        -0.018825113324311363,
                        -0.52096930630926
                    ],
                    [
                        -0.7158717254739597,
                        0.0,
                        -0.5396672728734782,
                        -0.018825113324311363,
                        1.5124723273330645,
                        -0.8438510984266794
                    ],
                    [
                        1.178774169168349,
                        0.0,
                        1.4630469480142971,
                        -0.52096930630926,
                        -0.8438510984266794,
                        2.7194621687821803
                    ]
                ],
                "mui": [
                    0.0,
                    10.0,
                    -5.842754591262898,
                    5.614414971278402,
                    -6.746779893820001,
                    -3.35617114063461
                ],
                "Ai": [
                    [
                        0.0,
                        0.0,
                        0.0,
                        0.0,
                        0.0,
                        0.0
                    ],
                    [
                        0.0,
                        0.0,
                        0.0,
                        0.0,
                        0.0,
                        0.0
                    ],
                    [
                        0.7538602988072741,
                        -0.5842754591262899,
                        0.0,
                        0.0,
                        0.0,
                        0.0
                    ],
                    [
                        0.7506955917060332,
                        0.0,
                        -0.9609191835087598,
                        0.0,
                        0.0,
                        0.0
                    ],
                    [
                        -0.7158717254739597,
                        -0.6746779893820001,
                        -0.0,
                        0.0,
                        0.0,
                        0.0
                    ],
                    [
                        0.7457448266882494,
                        0.0,
                        0.5744159006187493,
                        0.0,
                        -0.0,
                        0.0
                    ]
                ]
            },
            "est_params": {
                "mui": [
                    0.017636508337108104,
                    10.0,
                    -5.837248443168823,
                    5.631839416987661,
                    -6.733156834412117,
                    -3.3520930451120132
                ],
                "Si": [
                    [
                        0.970833442185182,
                        -5.796940906826921e-29,
                        0.7126490354563462,
                        0.07122679867426444,
                        -0.728277388846243,
                        1.1888732989570725
                    ],
                    [
                        -5.796940906826923e-29,
                        1e-06,
                        -4.8713452399954276e-29,
                        -1.8337738347057495e-29,
                        -3.98616197294528e-30,
                        -7.827844468899415e-29
                    ],
                    [
                        0.7126490354563462,
                        -4.871345239995427e-29,
                        1.4203479267252834,
                        -0.81348086513387,
                        -0.5580948587278889,
                        1.3841177832449136
                    ],
                    [
                        0.07122679867426444,
                        -1.8337738347057495e-29,
                        -0.81348086513387,
                        1.8391378136746719,
                        -0.03709060011544593,
                        -0.3871871364414333
                    ],
                    [
                        -0.728277388846243,
                        -3.986161972945275e-30,
                        -0.5580948587278889,
                        -0.03709060011544593,
                        1.5977085924966432,
                        -0.9619358730654259
                    ],
                    [
                        1.1888732989570725,
                        -7.827844468899418e-29,
                        1.3841177832449136,
                        -0.3871871364414333,
                        -0.9619358730654259,
                        2.6726700488254256
                    ]
                ]
            },
            "est_tgt": [
                1
            ]
        },
        "2": {
            "intv_type": "do",
            "inode": 2,
            "new_mui": 10.0,
            "true_params": {
                "Si": [
                    [
                        1.0,
                        0.9882509184276893,
                        0.0,
                        0.7506955917060332,
                        -1.382622868123668,
                        0.7457448266882494
                    ],
                    [
                        0.9882509184276893,
                        1.9766398777731715,
                        0.0,
                        0.7418756079631049,
                        -2.041056308644341,
                        0.7369830098873604
                    ],
                    [
                        0.0,
                        0.0,
                        0.0,
                        0.0,
                        0.0,
                        0.0
                    ],
                    [
                        0.7506955917060332,
                        0.7418756079631049,
                        0.0,
                        1.5635438714068712,
                        -1.0379288920923897,
                        0.5598273539324485
                    ],
                    [
                        -1.382622868123668,
                        -2.041056308644341,
                        0.0,
                        -1.0379288920923897,
                        3.3668363848150564,
                        -1.0310838511640952
                    ],
                    [
                        0.7457448266882494,
                        0.7369830098873604,
                        0.0,
                        0.5598273539324485,
                        -1.0310838511640952,
                        1.5561353465322871
                    ]
                ],
                "mui": [
                    0.0,
                    0.0,
                    10.0,
                    -9.609191835087598,
                    0.0,
                    5.744159006187493
                ],
                "Ai": [
                    [
                        0.0,
                        0.0,
                        0.0,
                        0.0,
                        0.0,
                        0.0
                    ],
                    [
                        0.9882509184276893,
                        0.0,
                        0.0,
                        0.0,
                        0.0,
                        0.0
                    ],
                    [
                        0.0,
                        0.0,
                        0.0,
                        0.0,
                        0.0,
                        0.0
                    ],
                    [
                        0.7506955917060332,
                        0.0,
                        -0.9609191835087598,
                        0.0,
                        0.0,
                        0.0
                    ],
                    [
                        -0.7158717254739597,
                        -0.6746779893820001,
                        -0.0,
                        0.0,
                        0.0,
                        0.0
                    ],
                    [
                        0.7457448266882494,
                        0.0,
                        0.5744159006187493,
                        0.0,
                        -0.0,
                        0.0
                    ]
                ]
            },
            "est_params": {
                "mui": [
                    -0.009050101949891264,
                    -0.031086619627779696,
                    10.0,
                    -9.591880993947818,
                    0.048995498218396126,
                    5.719859166985093
                ],
                "Si": [
                    [
                        0.976727694197344,
                        0.9834878714129291,
                        0.0,
                        0.768116693571495,
                        -1.3633296036544889,
                        0.7351499699178076
                    ],
                    [
                        0.9834878714129291,
                        1.9576207673822035,
                        0.0,
                        0.777375018120375,
                        -2.040656644589102,
                        0.7210976067701508
                    ],
                    [
                        0.0,
                        0.0,
                        1e-06,
                        0.0,
                        0.0,
                        0.0
                    ],
                    [
                        0.768116693571495,
                        0.777375018120375,
                        0.0,
                        1.5930914049588816,
                        -1.0625643889485996,
                        0.5724991863447357
                    ],
                    [
                        -1.3633296036544889,
                        -2.040656644589102,
                        0.0,
                        -1.0625643889485996,
                        3.3285725345959656,
                        -1.0228099297693314
                    ],
                    [
                        0.7351499699178076,
                        0.7210976067701508,
                        0.0,
                        0.5724991863447357,
                        -1.0228099297693314,
                        1.5351668651321377
                    ]
                ]
            },
            "est_tgt": [
                2
            ]
        },
        "3": {
            "intv_type": "do",
            "inode": 3,
            "new_mui": 10.0,
            "true_params": {
                "Si": [
                    [
                        1.0,
                        0.9882509184276893,
                        0.17644953971095834,
                        0.0,
                        -1.382622868123668,
                        0.8471002479550833
                    ],
                    [
                        0.9882509184276893,
                        1.9766398777731715,
                        -0.40989903945079226,
                        0.0,
                        -2.041056308644341,
                        0.5015304839784733
                    ],
                    [
                        0.17644953971095834,
                        -0.40989903945079226,
                        1.372512252201446,
                        0.0,
                        0.15023462333430393,
                        0.9199791928695314
                    ],
                    [
                        0.0,
                        0.0,
                        0.0,
                        0.0,
                        0.0,
                        0.0
                    ],
                    [
                        -1.382622868123668,
                        -2.041056308644341,
                        0.15023462333430393,
                        0.0,
                        3.3668363848150564,
                        -0.9447866946974024
                    ],
                    [
                        0.8471002479550833,
                        0.5015304839784733,
                        0.9199791928695314,
                        0.0,
                        -0.9447866946974024,
                        2.1601713042214987
                    ]
                ],
                "mui": [
                    0.0,
                    0.0,
                    0.0,
                    10.0,
                    0.0,
                    0.0
                ],
                "Ai": [
                    [
                        0.0,
                        0.0,
                        0.0,
                        0.0,
                        0.0,
                        0.0
                    ],
                    [
                        0.9882509184276893,
                        0.0,
                        0.0,
                        0.0,
                        0.0,
                        0.0
                    ],
                    [
                        0.7538602988072741,
                        -0.5842754591262899,
                        0.0,
                        0.0,
                        0.0,
                        0.0
                    ],
                    [
                        0.0,
                        0.0,
                        0.0,
                        0.0,
                        0.0,
                        0.0
                    ],
                    [
                        -0.7158717254739597,
                        -0.6746779893820001,
                        -0.0,
                        0.0,
                        0.0,
                        0.0
                    ],
                    [
                        0.7457448266882494,
                        0.0,
                        0.5744159006187493,
                        0.0,
                        -0.0,
                        0.0
                    ]
                ]
            },
            "est_params": {
                "mui": [
                    0.0009182024680381241,
                    -0.009826558715766189,
                    0.03965689076936182,
                    10.000000000000002,
                    0.0034338623697685597,
                    0.03178750924448514
                ],
                "Si": [
                    [
                        0.9764255620915568,
                        0.9586721569437651,
                        0.15059979891375969,
                        -2.9666563957030236e-32,
                        -1.2849909634167793,
                        0.8061434522300315
                    ],
                    [
                        0.9586721569437651,
                        1.9434496162783712,
                        -0.4171935756735354,
                        4.921952656507289e-32,
                        -1.9335906380176295,
                        0.4572062011943042
                    ],
                    [
                        0.15059979891375969,
                        -0.4171935756735354,
                        1.2711791362782952,
                        -5.326496710466792e-32,
                        0.14999276520839536,
                        0.8394347665029634
                    ],
                    [
                        -2.9666563957030236e-32,
                        4.787104638520788e-32,
                        -4.7196806295275373e-32,
                        1e-06,
                        5.731040764426296e-32,
                        7.686337025230561e-32
                    ],
                    [
                        -1.2849909634167793,
                        -1.9335906380176295,
                        0.14999276520839536,
                        3.573472476642278e-32,
                        3.163297412604453,
                        -0.8559352480485034
                    ],
                    [
                        0.8061434522300315,
                        0.4572062011943042,
                        0.8394347665029634,
                        6.472704863352052e-32,
                        -0.8559352480485034,
                        2.069824972922031
                    ]
                ]
            },
            "est_tgt": [
                3
            ]
        },
        "4": {
            "intv_type": "do",
            "inode": 4,
            "new_mui": 10.0,
            "true_params": {
                "Si": [
                    [
                        1.0,
                        0.9882509184276893,
                        0.17644953971095834,
                        0.5811418440764826,
                        0.0,
                        0.8471002479550833
                    ],
                    [
                        0.9882509184276893,
                        1.9766398777731715,
                        -0.40989903945079226,
                        1.1357554582731852,
                        0.0,
                        0.5015304839784733
                    ],
                    [
                        0.17644953971095834,
                        -0.40989903945079226,
                        1.372512252201446,
                        -1.1864134611216073,
                        0.0,
                        0.9199791928695314
                    ],
                    [
                        0.5811418440764826,
                        1.1357554582731852,
                        -1.1864134611216073,
                        2.576308074868907,
                        0.0,
                        -0.24811123298426932
                    ],
                    [
                        0.0,
                        0.0,
                        0.0,
                        0.0,
                        0.0,
                        0.0
                    ],
                    [
                        0.8471002479550833,
                        0.5015304839784733,
                        0.9199791928695314,
                        -0.24811123298426932,
                        0.0,
                        2.1601713042214987
                    ]
                ],
                "mui": [
                    0.0,
                    0.0,
                    0.0,
                    0.0,
                    10.0,
                    0.0
                ],
                "Ai": [
                    [
                        0.0,
                        0.0,
                        0.0,
                        0.0,
                        0.0,
                        0.0
                    ],
                    [
                        0.9882509184276893,
                        0.0,
                        0.0,
                        0.0,
                        0.0,
                        0.0
                    ],
                    [
                        0.7538602988072741,
                        -0.5842754591262899,
                        0.0,
                        0.0,
                        0.0,
                        0.0
                    ],
                    [
                        0.7506955917060332,
                        0.0,
                        -0.9609191835087598,
                        0.0,
                        0.0,
                        0.0
                    ],
                    [
                        0.0,
                        0.0,
                        0.0,
                        0.0,
                        0.0,
                        0.0
                    ],
                    [
                        0.7457448266882494,
                        0.0,
                        0.5744159006187493,
                        0.0,
                        -0.0,
                        0.0
                    ]
                ]
            },
            "est_params": {
                "mui": [
                    -0.007970291607915556,
                    0.04811343339567373,
                    -0.0010598087223851183,
                    -0.09282636665817147,
                    9.999999999999996,
                    0.013001688506589079
                ],
                "Si": [
                    [
                        1.0041685508718858,
                        0.9925157364643357,
                        0.20639958468030628,
                        0.5536334527420173,
                        -3.7757445196514674e-32,
                        0.8785973002518209
                    ],
                    [
                        0.9925157364643357,
                        2.0202610488762716,
                        -0.4459843917146105,
                        1.2044881676271004,
                        3.7757445196514674e-32,
                        0.4811267622046383
                    ],
                    [
                        0.20639958468030625,
                        -0.4459843917146105,
                        1.5200024563104533,
                        -1.2767067433671055,
                        9.304513280569687e-32,
                        1.0088044494996415
                    ],
                    [
                        0.5536334527420173,
                        1.2044881676271004,
                        -1.2767067433671055,
                        2.5832108816904444,
                        -5.393920742359239e-33,
                        -0.2540487640719564
                    ],
                    [
                        -4.315136593887391e-32,
                        2.6969603711796195e-32,
                        1.0113601391923572e-31,
                        -2.6969603711796195e-32,
                        1e-06,
                        -1.6181762227077716e-31
                    ],
                    [
                        0.8785973002518209,
                        0.4811267622046383,
                        1.0088044494996415,
                        -0.2540487640719563,
                        -1.510297807860587e-31,
                        2.321222369400167
                    ]
                ]
            },
            "est_tgt": [
                4
            ]
        },
        "5": {
            "intv_type": "do",
            "inode": 5,
            "new_mui": 10.0,
            "true_params": {
                "Si": [
                    [
                        1.0,
                        0.9882509184276893,
                        0.17644953971095834,
                        0.5811418440764826,
                        -1.382622868123668,
                        0.0
                    ],
                    [
                        0.9882509184276893,
                        1.9766398777731715,
                        -0.40989903945079226,
                        1.1357554582731852,
                        -2.041056308644341,
                        0.0
                    ],
                    [
                        0.17644953971095834,
                        -0.40989903945079226,
                        1.372512252201446,
                        -1.1864134611216073,
                        0.15023462333430393,
                        0.0
                    ],
                    [
                        0.5811418440764826,
                        1.1357554582731852,
                        -1.1864134611216073,
                        2.576308074868907,
                        -1.182292223681535,
                        0.0
                    ],
                    [
                        -1.382622868123668,
                        -2.041056308644341,
                        0.15023462333430393,
                        -1.182292223681535,
                        3.3668363848150564,
                        0.0
                    ],
                    [
                        0.0,
                        0.0,
                        0.0,
                        0.0,
                        0.0,
                        0.0
                    ]
                ],
                "mui": [
                    0.0,
                    0.0,
                    0.0,
                    0.0,
                    0.0,
                    10.0
                ],
                "Ai": [
                    [
                        0.0,
                        0.0,
                        0.0,
                        0.0,
                        0.0,
                        0.0
                    ],
                    [
                        0.9882509184276893,
                        0.0,
                        0.0,
                        0.0,
                        0.0,
                        0.0
                    ],
                    [
                        0.7538602988072741,
                        -0.5842754591262899,
                        0.0,
                        0.0,
                        0.0,
                        0.0
                    ],
                    [
                        0.7506955917060332,
                        0.0,
                        -0.9609191835087598,
                        0.0,
                        0.0,
                        0.0
                    ],
                    [
                        -0.7158717254739597,
                        -0.6746779893820001,
                        -0.0,
                        0.0,
                        0.0,
                        0.0
                    ],
                    [
                        0.0,
                        0.0,
                        0.0,
                        0.0,
                        0.0,
                        0.0
                    ]
                ]
            },
            "est_params": {
                "mui": [
                    -0.002610299187234031,
                    -0.02043073317981214,
                    0.003675461483114369,
                    0.01186258066085085,
                    0.012135850245716777,
                    10.0
                ],
                "Si": [
                    [
                        0.9948553634526726,
                        0.9845648776523691,
                        0.18523248058200203,
                        0.541893729479431,
                        -1.3912543012030805,
                        -4.1564752012416824e-33
                    ],
                    [
                        0.9845648776523691,
                        1.9799216313959451,
                        -0.37986596788287125,
                        1.1011187789148664,
                        -2.0268576904510445,
                        -4.6093140523403495e-33
                    ],
                    [
                        0.18523248058200203,
                        -0.37986596788287125,
                        1.356769281627439,
                        -1.1602809368720297,
                        0.05113598069505385,
                        -2.5747476105672836e-34
                    ],
                    [
                        0.541893729479431,
                        1.1011187789148664,
                        -1.1602809368720297,
                        2.5292546861414698,
                        -1.0422233940542591,
                        -2.998914923910132e-33
                    ],
                    [
                        -1.3912543012030805,
                        -2.0268576904510445,
                        0.051135980695053845,
                        -1.0422233940542591,
                        3.34247661214711,
                        6.082445028699588e-33
                    ],
                    [
                        -4.156475201241682e-33,
                        -4.6093140523403495e-33,
                        -2.574747610567284e-34,
                        -2.998914923910132e-33,
                        6.082445028699588e-33,
                        1e-06
                    ]
                ]
            },
            "est_tgt": [
                5
            ]
        },
        "obs": {
            "intv_type": "obs",
            "true_params": {
                "Si": [
                    [
                        1.0,
                        0.9882509184276893,
                        0.17644953971095834,
                        0.5811418440764826,
                        -1.382622868123668,
                        0.8471002479550833
                    ],
                    [
                        0.9882509184276893,
                        1.9766398777731715,
                        -0.40989903945079226,
                        1.1357554582731852,
                        -2.041056308644341,
                        0.5015304839784733
                    ],
                    [
                        0.17644953971095834,
                        -0.40989903945079226,
                        1.372512252201446,
                        -1.1864134611216073,
                        0.15023462333430393,
                        0.9199791928695314
                    ],
                    [
                        0.5811418440764826,
                        1.1357554582731852,
                        -1.1864134611216073,
                        2.576308074868907,
                        -1.182292223681535,
                        -0.24811123298426932
                    ],
                    [
                        -1.382622868123668,
                        -2.041056308644341,
                        0.15023462333430393,
                        -1.182292223681535,
                        3.3668363848150564,
                        -0.9447866946974024
                    ],
                    [
                        0.8471002479550833,
                        0.5015304839784733,
                        0.9199791928695314,
                        -0.24811123298426932,
                        -0.9447866946974024,
                        2.1601713042214987
                    ]
                ],
                "mui": [
                    0.0,
                    0.0,
                    0.0,
                    0.0,
                    0.0,
                    0.0
                ],
                "Ai": [
                    [
                        0.0,
                        0.0,
                        0.0,
                        0.0,
                        0.0,
                        0.0
                    ],
                    [
                        0.9882509184276893,
                        0.0,
                        0.0,
                        0.0,
                        0.0,
                        0.0
                    ],
                    [
                        0.7538602988072741,
                        -0.5842754591262899,
                        0.0,
                        0.0,
                        0.0,
                        0.0
                    ],
                    [
                        0.7506955917060332,
                        0.0,
                        -0.9609191835087598,
                        0.0,
                        0.0,
                        0.0
                    ],
                    [
                        -0.7158717254739597,
                        -0.6746779893820001,
                        -0.0,
                        0.0,
                        0.0,
                        0.0
                    ],
                    [
                        0.7457448266882494,
                        0.0,
                        0.5744159006187493,
                        0.0,
                        -0.0,
                        0.0
                    ]
                ]
            },
            "est_params": {
                "mui": [
                    0.011643646147350315,
                    0.05210986506431409,
                    0.005491178762458262,
                    -0.004258661394802449,
                    -0.009847470605735657,
                    -0.007751028179057243
                ],
                "Si": [
                    [
                        1.0351800997172385,
                        0.9846115117912347,
                        0.18945593559571558,
                        0.6602317050575547,
                        -1.40376428709768,
                        0.9307005474412071
                    ],
                    [
                        0.9846115117912347,
                        1.8792765838382806,
                        -0.39261641326588187,
                        1.171058500089198,
                        -2.0112453104806804,
                        0.5471295789910612
                    ],
                    [
                        0.18945593559571558,
