{
    "expt_args": {
        "save_dir": "expt_logs_29.04.24-10",
        "exp_name": "239",
        "num_nodes": 8,
        "obs_noise_mean": 0.0,
        "obs_noise_var": 1.0,
        "max_edge_strength": 1.0,
        "num_parents": 2,
        "new_noise_mean": 10.0,
        "mix_samples": 131072,
        "stage2_samples": 131072,
        "intv_targets": [
            0,
            1,
            2,
            3,
            4,
            5,
            6,
            7
        ]
    },
    "intv_args_dict": {
        "0": {
            "intv_type": "do",
            "inode": 0,
            "new_mui": 10.0,
            "true_params": {
                "Si": [
                    [
                        0.0,
                        0.0,
                        0.0,
                        0.0,
                        0.0,
                        0.0,
                        0.0,
                        0.0
                    ],
                    [
                        0.0,
                        1.0,
                        0.9837836888255885,
                        1.557829194196061,
                        -1.6577770879019913,
                        -2.0770875980058348,
                        1.5722115399337404,
                        2.5220255443609507
                    ],
                    [
                        0.0,
                        0.9837836888255885,
                        1.9678303463992823,
                        2.504758720779815,
                        -2.974535702558256,
                        -3.832821270546355,
                        2.8210061483148507,
                        4.272393142082457
                    ],
                    [
                        0.0,
                        1.557829194196061,
                        2.504758720779815,
                        4.37198863507696,
                        -4.447378895870432,
                        -5.501987356696749,
                        4.217829087862658,
                        6.93373104894454
                    ],
                    [
                        0.0,
                        -1.6577770879019913,
                        -2.974535702558256,
                        -4.447378895870432,
                        5.865595954654687,
                        7.084554346763937,
                        -5.562845400504154,
                        -7.996689968044156
                    ],
                    [
                        0.0,
                        -2.0770875980058348,
                        -3.832821270546355,
                        -5.501987356696749,
                        7.084554346763937,
                        9.682350973285539,
                        -6.718887708459217,
                        -9.77202669486695
                    ],
                    [
                        0.0,
                        1.5722115399337404,
                        2.8210061483148507,
                        4.217829087862658,
                        -5.562845400504154,
                        -6.718887708459217,
                        6.275721203632069,
                        8.325440091160582
                    ],
                    [
                        0.0,
                        2.5220255443609507,
                        4.272393142082457,
                        6.93373104894454,
                        -7.996689968044156,
                        -9.77202669486695,
                        8.325440091160582,
                        13.20974658578915
                    ]
                ],
                "mui": [
                    10.0,
                    -5.896480761169656,
                    -14.608738177293523,
                    -17.74865499398186,
                    21.60968047521488,
                    28.008465615465372,
                    -25.72919615874914,
                    -34.529973528706044
                ],
                "Ai": [
                    [
                        0.0,
                        0.0,
                        0.0,
                        0.0,
                        0.0,
                        0.0,
                        0.0,
                        0.0
                    ],
                    [
                        -0.5896480761169656,
                        0.0,
                        0.0,
                        0.0,
                        0.0,
                        0.0,
                        0.0,
                        0.0
                    ],
                    [
                        -0.8807876582980925,
                        0.9837836888255885,
                        0.0,
                        0.0,
                        0.0,
                        0.0,
                        0.0,
                        0.0
                    ],
                    [
                        0.0,
                        0.6014027888989204,
                        0.9721917695534203,
                        0.0,
                        0.0,
                        0.0,
                        0.0,
                        0.0
                    ],
                    [
                        -0.0,
                        0.0,
                        -0.8006064279711672,
                        -0.5585680035635057,
                        0.0,
                        0.0,
                        0.0,
                        0.0
                    ],
                    [
                        0.0,
                        0.0,
                        -0.522713116934933,
                        0.0,
                        0.9427389068381562,
                        0.0,
                        0.0,
                        0.0
                    ],
                    [
                        -0.5234891305971315,
                        -0.0,
                        0.0,
                        0.0,
                        -0.9483853718375739,
                        0.0,
                        0.0,
                        0.0
                    ],
                    [
                        -0.0,
                        0.0,
                        0.0,
                        0.8705938404834835,
                        0.0,
                        0.0,
                        0.7414963023472292,
                        0.0
                    ]
                ]
            },
            "est_params": {
                "mui": [
                    10.0,
                    -5.90894572079644,
                    -14.62534541008235,
                    -17.770650408052028,
                    21.62724461887906,
                    28.033165881866005,
                    -25.746656915181394,
                    -34.55233228813798
                ],
                "Si": [
                    [
                        1e-06,
                        0.0,
                        0.0,
                        0.0,
                        0.0,
                        0.0,
                        0.0,
                        0.0
                    ],
                    [
                        0.0,
                        0.9965668446529494,
                        0.9981103298632823,
                        1.5634080608426526,
                        -1.6734073985662359,
                        -2.103519631731897,
                        1.5843022378899405,
                        2.5364489744598138
                    ],
                    [
                        0.0,
                        0.9981103298632823,
                        1.9958328122984283,
                        2.5316730375903567,
                        -2.9976979773502057,
                        -3.862998135223759,
                        2.839493058514494,
                        4.3264453547245525
                    ],
                    [
                        0.0,
                        1.5634080608426526,
                        2.5316730375903567,
                        4.36961241443678,
                        -4.442061073237068,
                        -5.510104482907421,
                        4.210622811616427,
                        6.953647726097449
                    ],
                    [
                        0.0,
                        -1.6734073985662359,
                        -2.9976979773502057,
                        -4.442061073237068,
                        5.848527479246641,
                        7.076477472427532,
                        -5.536401224136758,
                        -7.995017528244207
                    ],
                    [
                        0.0,
                        -2.103519631731897,
                        -3.862998135223759,
                        -5.510104482907421,
                        7.076477472427532,
                        9.696510881296533,
                        -6.7025790047700475,
                        -9.786898949747464
                    ],
                    [
                        0.0,
                        1.5843022378899405,
                        2.839493058514494,
                        4.210622811616427,
                        -5.536401224136758,
                        -6.7025790047700475,
                        6.241406200673343,
                        8.322711776377497
                    ],
                    [
                        0.0,
                        2.5364489744598138,
                        4.3264453547245525,
                        6.953647726097449,
                        -7.995017528244207,
                        -9.786898949747464,
                        8.322711776377497,
                        13.288180193774892
                    ]
                ]
            },
            "est_tgt": [
                0
            ]
        },
        "1": {
            "intv_type": "do",
            "inode": 1,
            "new_mui": 10.0,
            "true_params": {
                "Si": [
                    [
                        1.0,
                        0.0,
                        -0.8807876582980925,
                        -0.8562945121216359,
                        1.183462977009293,
                        1.5760958554559876,
                        -1.6458681061040918,
                        -1.965889842720327
                    ],
                    [
                        0.0,
                        0.0,
                        0.0,
                        0.0,
                        0.0,
                        0.0,
                        0.0,
                        0.0
                    ],
                    [
                        -0.8807876582980925,
                        0.0,
                        1.7757868990102375,
                        1.7264054076985436,
                        -2.3860212279739974,
                        -3.177622149146702,
                        2.723950394987616,
                        3.522797059780321
                    ],
                    [
                        -0.8562945121216359,
                        0.0,
                        1.7264054076985436,
                        2.678397128277041,
                        -2.8782382033795715,
                        -3.6158418892253055,
                        3.177939878434895,
                        4.68822671118792
                    ],
                    [
                        1.183462977009293,
                        0.0,
                        -2.3860212279739974,
                        -2.8782382033795715,
                        4.517955699433578,
                        5.506457210374434,
                        -4.904293100881488,
                        -6.142291651237153
                    ],
                    [
                        1.5760958554559876,
                        0.0,
                        -3.177622149146702,
                        -3.6158418892253055,
                        5.506457210374434,
                        7.852136229081432,
                        -6.047312518079045,
                        -7.6319895482154365
                    ],
                    [
                        -1.6458681061040918,
                        0.0,
                        2.723950394987616,
                        3.177939878434895,
                        -4.904293100881488,
                        -6.047312518079045,
                        6.512753900021917,
                        7.595877818555998
                    ],
                    [
                        -1.965889842720327,
                        0.0,
                        3.522797059780321,
                        4.68822671118792,
                        -6.142291651237153,
                        -7.6319895482154365,
                        7.595877818555998,
                        10.713856613090952
                    ]
                ],
                "mui": [
                    0.0,
                    10.0,
                    9.837836888255886,
                    15.57829194196061,
                    -16.577770879019912,
                    -20.77087598005835,
                    15.722115399337405,
                    25.220255443609506
                ],
                "Ai": [
                    [
                        0.0,
                        0.0,
                        0.0,
                        0.0,
                        0.0,
                        0.0,
                        0.0,
                        0.0
                    ],
                    [
                        0.0,
                        0.0,
                        0.0,
                        0.0,
                        0.0,
                        0.0,
                        0.0,
                        0.0
                    ],
                    [
                        -0.8807876582980925,
                        0.9837836888255885,
                        0.0,
                        0.0,
                        0.0,
                        0.0,
                        0.0,
                        0.0
                    ],
                    [
                        0.0,
                        0.6014027888989204,
                        0.9721917695534203,
                        0.0,
                        0.0,
                        0.0,
                        0.0,
                        0.0
                    ],
                    [
                        -0.0,
                        0.0,
                        -0.8006064279711672,
                        -0.5585680035635057,
                        0.0,
                        0.0,
                        0.0,
                        0.0
                    ],
                    [
                        0.0,
                        0.0,
                        -0.522713116934933,
                        0.0,
                        0.9427389068381562,
                        0.0,
                        0.0,
                        0.0
                    ],
                    [
                        -0.5234891305971315,
                        -0.0,
                        0.0,
                        0.0,
                        -0.9483853718375739,
                        0.0,
                        0.0,
                        0.0
                    ],
                    [
                        -0.0,
                        0.0,
                        0.0,
                        0.8705938404834835,
                        0.0,
                        0.0,
                        0.7414963023472292,
                        0.0
                    ]
                ]
            },
            "est_params": {
                "mui": [
                    -0.002165230486906647,
                    10.0,
                    9.823614566908432,
                    15.570894094180238,
                    -16.56277677323842,
                    -20.755559735694344,
                    15.68412573320544,
                    25.19545717177047
                ],
                "Si": [
                    [
                        0.9867816425639196,
                        0.0,
                        -0.8747137586162589,
                        -0.8586355701331018,
                        1.1915298894386146,
                        1.5877510742552514,
                        -1.6423412925872074,
                        -1.968645930005867
                    ],
                    [
                        0.0,
                        1e-06,
                        0.0,
                        0.0,
                        0.0,
                        0.0,
                        0.0,
                        0.0
                    ],
                    [
                        -0.8747137586162589,
                        0.0,
                        1.778340904094348,
                        1.7395037346207984,
                        -2.418068616794423,
                        -3.212939004558409,
                        2.751385897322431,
                        3.560399841057825
                    ],
                    [
                        -0.8586355701331018,
                        0.0,
                        1.7395037346207984,
                        2.693395459411763,
                        -2.9284299626484414,
                        -3.672538553718603,
                        3.2291690904346364,
                        4.758745667036777
                    ],
                    [
                        1.1915298894386146,
                        0.0,
                        -2.418068616794423,
                        -2.9284299626484414,
                        4.616260916638123,
                        5.611548963442924,
                        -4.998910226796395,
                        -6.277507028739831
                    ],
                    [
                        1.5877510742552514,
                        0.0,
                        -3.212939004558409,
                        -3.672538553718603,
                        5.611548963442924,
                        7.977957484712281,
                        -6.146277243451964,
                        -7.782942958470223
                    ],
                    [
                        -1.6423412925872074,
                        0.0,
                        2.751385897322431,
                        3.2291690904346364,
                        -4.998910226796395,
                        -6.146277243451964,
                        6.606125111843791,
                        7.735449542481611
                    ],
                    [
                        -1.968645930005867,
                        0.0,
                        3.560399841057825,
                        4.758745667036777,
                        -6.277507028739831,
                        -7.782942958470223,
                        7.735449542481611,
                        10.902824300331535
                    ]
                ]
            },
            "est_tgt": [
                1
            ]
        },
        "2": {
            "intv_type": "do",
            "inode": 2,
            "new_mui": 10.0,
            "true_params": {
                "Si": [
                    [
                        1.0,
                        -0.5896480761169656,
                        0.0,
                        -0.354615997445626,
                        0.19807714972488455,
                        0.18673503560125546,
                        -0.711342601891493,
                        -0.8361844121176679
                    ],
                    [
                        -0.5896480761169656,
                        1.3476848536684387,
                        0.0,
                        0.8105014295530326,
                        -0.45272016539080473,
                        -0.42679691382411655,
                        0.7380275411172679,
                        1.2528622450408
                    ],
                    [
                        0.0,
                        0.0,
                        0.0,
                        0.0,
                        0.0,
                        0.0,
                        0.0,
                        0.0
                    ],
                    [
                        -0.354615997445626,
                        0.8105014295530326,
                        0.0,
                        1.4874378201397556,
                        -0.8308351736203161,
                        -0.7832606433415066,
                        0.9735895452682841,
                        2.016867252136204
                    ],
                    [
                        0.19807714972488455,
                        -0.45272016539080473,
                        0.0,
                        -0.8308351736203161,
                        1.4640779442194387,
                        1.3802432406592886,
                        -1.4922013404283807,
                        -1.829781760896096
                    ],
                    [
                        0.18673503560125546,
                        -0.42679691382411655,
                        0.0,
                        -0.7832606433415066,
                        1.3802432406592886,
                        2.301209003869892,
                        -1.406756260457883,
                        -1.725006457019582
                    ],
                    [
                        -0.711342601891493,
                        0.7380275411172679,
                        0.0,
                        0.9735895452682841,
                        -1.4922013404283807,
                        -1.406756260457883,
                        2.787562043319575,
                        2.9145680089546353
                    ],
                    [
                        -0.8361844121176679,
                        1.2528622450408,
                        0.0,
                        2.016867252136204,
                        -1.829781760896096,
                        -1.725006457019582,
                        2.9145680089546353,
                        4.917013608362016
                    ]
                ],
                "mui": [
                    0.0,
                    0.0,
                    10.0,
                    9.721917695534204,
                    -13.43641643771493,
                    -17.894163713662937,
                    12.742900799446764,
                    17.912655487386786
                ],
                "Ai": [
                    [
                        0.0,
                        0.0,
                        0.0,
                        0.0,
                        0.0,
                        0.0,
                        0.0,
                        0.0
                    ],
                    [
                        -0.5896480761169656,
                        0.0,
                        0.0,
                        0.0,
                        0.0,
                        0.0,
                        0.0,
                        0.0
                    ],
                    [
                        0.0,
                        0.0,
                        0.0,
                        0.0,
                        0.0,
                        0.0,
                        0.0,
                        0.0
                    ],
                    [
                        0.0,
                        0.6014027888989204,
                        0.9721917695534203,
                        0.0,
                        0.0,
                        0.0,
                        0.0,
                        0.0
                    ],
                    [
                        -0.0,
                        0.0,
                        -0.8006064279711672,
                        -0.5585680035635057,
                        0.0,
                        0.0,
                        0.0,
                        0.0
                    ],
                    [
                        0.0,
                        0.0,
                        -0.522713116934933,
                        0.0,
                        0.9427389068381562,
                        0.0,
                        0.0,
                        0.0
                    ],
                    [
                        -0.5234891305971315,
                        -0.0,
                        0.0,
                        0.0,
                        -0.9483853718375739,
                        0.0,
                        0.0,
                        0.0
                    ],
                    [
                        -0.0,
                        0.0,
                        0.0,
                        0.8705938404834835,
                        0.0,
                        0.0,
                        0.7414963023472292,
                        0.0
                    ]
                ]
            },
            "est_params": {
                "mui": [
                    -0.007634370803571955,
                    0.008718605748155394,
                    9.999999999999972,
                    9.728884651584895,
                    -13.451911940117993,
                    -17.903667930342102,
                    12.76564024169619,
                    17.92951791171999
                ],
                "Si": [
                    [
                        1.0130316620093225,
                        -0.6053686767910749,
                        2.4419995421851192e-26,
                        -0.3656193840199624,
                        0.19752820414049738,
                        0.1814476520508572,
                        -0.7008217688105001,
                        -0.8338344853570575
                    ],
                    [
                        -0.6053686767910749,
                        1.373021305503298,
                        -1.934077840222113e-25,
                        0.8128218756961605,
                        -0.45697496635815804,
                        -0.43382223002680337,
                        0.7473480677515796,
                        1.2698880347436703
                    ],
                    [
                        2.4420078625199164e-26,
                        -1.9340777015498664e-25,
                        1e-06,
                        -1.2050901122464761e-25,
                        8.109377561813502e-26,
                        3.00052905652616e-26,
                        -1.0224556433253629e-25,
                        -1.8797000148114052e-25
                    ],
                    [
                        -0.3656193840199624,
                        0.8128218756961605,
                        -1.2050906669354627e-25,
                        1.4783088204848787,
                        -0.8378854229888485,
                        -0.8074092438369911,
                        0.99692584887989,
                        2.030098626490066
                    ],
                    [
                        0.19752820414049738,
                        -0.45697496635815804,
                        8.109384148745216e-26,
                        -0.8378854229888485,
                        1.466281840402282,
                        1.405868952049427,
                        -1.5091015131733863,
                        -1.843085935377364
                    ],
                    [
                        0.1814476520508572,
                        -0.43382223002680337,
                        3.0005342567354083e-26,
                        -0.8074092438369911,
                        1.405868952049427,
                        2.3640305766518335,
                        -1.454343706364422,
                        -1.7628290867599556
                    ],
                    [
                        -0.7008217688105001,
                        0.7473480677515796,
                        -1.0224548112918831e-25,
                        0.99692584887989,
                        -1.5091015131733863,
                        -1.454343706364422,
                        2.806810799382334,
                        2.9499806266255035
                    ],
                    [
                        -0.8338344853570575,
                        1.2698880347436703,
                        -1.879699737466912e-25,
                        2.030098626490066,
                        -1.8430859353773643,
                        -1.7628290867599556,
                        2.9499806266255035,
                        4.950508128761147
                    ]
                ]
            },
            "est_tgt": [
                2
            ]
        },
        "3": {
            "intv_type": "do",
            "inode": 3,
            "new_mui": 10.0,
            "true_params": {
                "Si": [
                    [
                        1.0,
                        -0.5896480761169656,
                        -1.4608738177293523,
                        0.0,
                        1.1695849689288988,
                        1.866231161776314,
                        -1.6327064062504024,
                        -1.2106457630533063
                    ],
                    [
                        -0.5896480761169656,
                        1.3476848536684387,
                        1.8451851248993476,
                        0.0,
                        -1.4772670717911989,
                        -2.3571796123265507,
                        1.7096928399088416,
                        1.2677309189419392
                    ],
                    [
                        -1.4608738177293523,
                        1.8451851248993476,
                        4.101982657726415,
                        0.0,
                        -3.2840736832020205,
                        -5.240184174711045,
                        3.87931900594079,
                        2.8765006985304242
                    ],
                    [
                        0.0,
                        0.0,
                        0.0,
                        0.0,
                        0.0,
                        0.0,
                        0.0,
                        0.0
                    ],
                    [
                        1.1695849689288988,
                        -1.4772670717911989,
                        -3.2840736832020205,
                        0.0,
                        3.6292505007024842,
                        5.138064040864605,
                        -4.054193104144488,
                        -3.0061691957247736
                    ],
                    [
                        1.866231161776314,
                        -2.3571796123265507,
                        -5.240184174711045,
                        0.0,
                        5.138064040864605,
                        8.582965880425458,
                        -5.849816504292203,
                        -4.337617307342462
                    ],
                    [
                        -1.6327064062504024,
                        1.7096928399088416,
                        3.87931900594079,
                        0.0,
                        -4.054193104144488,
                        -5.849816504292203,
                        5.6996414917037885,
                        4.226263090803204
                    ],
                    [
                        -1.2106457630533063,
                        1.2677309189419392,
                        2.8765006985304242,
                        0.0,
                        -3.0061691957247736,
                        -4.337617307342462,
                        4.226263090803204,
                        4.133758454577149
                    ]
                ],
                "mui": [
                    0.0,
                    0.0,
                    0.0,
                    10.0,
                    -5.585680035635057,
                    -5.265837890742306,
                    5.297377237561466,
                    12.633924038625041
                ],
                "Ai": [
                    [
                        0.0,
                        0.0,
                        0.0,
                        0.0,
                        0.0,
                        0.0,
                        0.0,
                        0.0
                    ],
                    [
                        -0.5896480761169656,
                        0.0,
                        0.0,
                        0.0,
                        0.0,
                        0.0,
                        0.0,
                        0.0
                    ],
                    [
                        -0.8807876582980925,
                        0.9837836888255885,
                        0.0,
                        0.0,
                        0.0,
                        0.0,
                        0.0,
                        0.0
                    ],
                    [
                        0.0,
                        0.0,
                        0.0,
                        0.0,
                        0.0,
                        0.0,
                        0.0,
                        0.0
                    ],
                    [
                        -0.0,
                        0.0,
                        -0.8006064279711672,
                        -0.5585680035635057,
                        0.0,
                        0.0,
                        0.0,
                        0.0
                    ],
                    [
                        0.0,
                        0.0,
                        -0.522713116934933,
                        0.0,
                        0.9427389068381562,
                        0.0,
                        0.0,
                        0.0
                    ],
                    [
                        -0.5234891305971315,
                        -0.0,
                        0.0,
                        0.0,
                        -0.9483853718375739,
                        0.0,
                        0.0,
                        0.0
                    ],
                    [
                        -0.0,
                        0.0,
                        0.0,
                        0.8705938404834835,
                        0.0,
                        0.0,
                        0.7414963023472292,
                        0.0
                    ]
                ]
            },
            "est_params": {
                "mui": [
                    -0.0017119904606049969,
                    -0.0013357295524879912,
                    -0.003591619363080419,
                    9.999999999999968,
                    -5.577074555890083,
                    -5.256645505936943,
                    5.294280406382942,
                    12.619349426607934
                ],
                "Si": [
                    [
                        0.9790603809742852,
                        -0.5773957701981386,
                        -1.4424340723489397,
                        8.733785123735149e-16,
                        1.1728596801001483,
                        1.850755961397641,
                        -1.62666336683429,
                        -1.2013050705335178
                    ],
                    [
                        -0.5773957701981386,
                        1.338670630259904,
                        1.828444626382113,
                        -1.0338477302845418e-15,
                        -1.4758743840318014,
                        -2.338397173533213,
                        1.6975018100758095,
                        1.2428577549346482
                    ],
                    [
                        -1.4424340723489397,
                        1.828444626382113,
                        4.080808829673392,
                        -4.585873622481338e-15,
                        -3.290397082952962,
                        -5.226785150857461,
                        3.872371751113223,
                        2.8530253242076453
                    ],
                    [
                        8.733785123735147e-16,
                        -1.0338477302845418e-15,
                        -4.585873622481338e-15,
                        1.0000000000003295e-06,
                        3.485998786909144e-15,
                        6.381522475380386e-15,
                        -3.8209947927787914e-15,
                        -2.7833934434248718e-15
                    ],
                    [
                        1.1728596801001483,
                        -1.4758743840318014,
                        -3.2903970829529614,
                        3.485998786909144e-15,
                        3.660288032111356,
                        5.173686985606395,
                        -4.08152035592614,
                        -3.0127042446555867
                    ],
                    [
                        1.850755961397641,
                        -2.338397173533213,
                        -5.226785150857461,
                        6.3815224753803855e-15,
                        5.173686985606395,
                        8.594759507413375,
                        -5.868265280979571,
                        -4.324763738236233
                    ],
                    [
                        -1.62666336683429,
                        1.6975018100758095,
                        3.872371751113223,
                        -3.8209947927787914e-15,
                        -4.08152035592614,
                        -5.868265280979571,
                        5.7284239301787805,
                        4.222654297585879
                    ],
                    [
                        -1.2013050705335178,
                        1.2428577549346482,
                        2.8530253242076453,
                        -2.7833934434248718e-15,
                        -3.0127042446555867,
                        -4.324763738236233,
                        4.222654297585879,
                        4.118480555243217
                    ]
                ]
            },
            "est_tgt": [
                3
            ]
        },
        "4": {
            "intv_type": "do",
            "inode": 4,
            "new_mui": 10.0,
            "true_params": {
                "Si": [
                    [
                        1.0,
                        -0.5896480761169656,
                        -1.4608738177293523,
                        -1.7748654993981858,
                        0.0,
                        0.763617906713945,
                        -0.5234891305971315,
                        -1.9333522261194411
                    ],
                    [
                        -0.5896480761169656,
                        1.3476848536684387,
                        1.8451851248993476,
                        2.6043752212825786,
                        0.0,
                        -0.9645024679581118,
                        0.3086743587247415,
                        2.4962339215802203
                    ],
                    [
                        -1.4608738177293523,
                        1.8451851248993476,
                        4.101982657726415,
                        5.097613258841757,
                        0.0,
                        -2.144160140633215,
                        0.7647515647552511,
                        5.0050111617948465
                    ],
                    [
                        -1.7748654993981858,
                        2.6043752212825786,
                        5.097613258841757,
                        7.522136176030931,
                        0.0,
                        -2.6645893154580165,
                        0.9291227972068,
