{
    "expt_args": {
        "save_dir": "expt_logs_29.04.24-10",
        "exp_name": "138",
        "num_nodes": 8,
        "obs_noise_mean": 0.0,
        "obs_noise_var": 1.0,
        "max_edge_strength": 1.0,
        "num_parents": 2,
        "new_noise_mean": 10.0,
        "mix_samples": 4096,
        "stage2_samples": 4096,
        "intv_targets": [
            0,
            1,
            2,
            3,
            4,
            5,
            6,
            7
        ]
    },
    "intv_args_dict": {
        "0": {
            "intv_type": "do",
            "inode": 0,
            "new_mui": 10.0,
            "true_params": {
                "Si": [
                    [
                        0.0,
                        0.0,
                        0.0,
                        0.0,
                        0.0,
                        0.0,
                        0.0,
                        0.0
                    ],
                    [
                        0.0,
                        1.0,
                        0.5943745495970367,
                        -0.9594680964140203,
                        1.2172130412634647,
                        1.0382968427572175,
                        0.2433933758722583,
                        0.9273784765824019
                    ],
                    [
                        0.0,
                        0.5943745495970367,
                        1.3532811052086804,
                        -0.5702834176588095,
                        1.549717766995466,
                        1.3219272305577245,
                        -0.35673851263422596,
                        0.5512101643246512
                    ],
                    [
                        0.0,
                        -0.9594680964140203,
                        -0.5702834176588095,
                        1.9205790280363437,
                        -1.1678770796313769,
                        -0.9962126952329547,
                        -0.2335281790279378,
                        -1.8563448433911138
                    ],
                    [
                        0.0,
                        1.2172130412634647,
                        1.549717766995466,
                        -1.1678770796313769,
                        3.1642756865882795,
                        2.6991638633675326,
                        -0.7248721161789672,
                        1.1288171758831442
                    ],
                    [
                        0.0,
                        1.0382968427572175,
                        1.3219272305577245,
                        -0.9962126952329547,
                        2.6991638633675326,
                        3.302418083287917,
                        -0.6183243229551119,
                        0.962894144276506
                    ],
                    [
                        0.0,
                        0.2433933758722583,
                        -0.35673851263422596,
                        -0.2335281790279378,
                        -0.7248721161789672,
                        -0.6183243229551119,
                        1.678919313851942,
                        0.22571777812666283
                    ],
                    [
                        0.0,
                        0.9273784765824019,
                        0.5512101643246512,
                        -1.8563448433911138,
                        1.1288171758831442,
                        0.962894144276506,
                        0.22571777812666283,
                        2.794258985066648
                    ]
                ],
                "mui": [
                    10.0,
                    -8.262194338596963,
                    1.7553236740744822,
                    15.521679550375392,
                    -4.549019151279453,
                    3.9236426320362474,
                    -5.353412457553417,
                    -6.886152870852367
                ],
                "Ai": [
                    [
                        0.0,
                        0.0,
                        0.0,
                        0.0,
                        0.0,
                        0.0,
                        0.0,
                        0.0
                    ],
                    [
                        -0.8262194338596962,
                        0.0,
                        0.0,
                        0.0,
                        0.0,
                        0.0,
                        0.0,
                        0.0
                    ],
                    [
                        0.6666161712761238,
                        0.5943745495970367,
                        0.0,
                        0.0,
                        0.0,
                        0.0,
                        0.0,
                        0.0
                    ],
                    [
                        0.7594367676119067,
                        -0.9594680964140203,
                        0.0,
                        0.0,
                        0.0,
                        0.0,
                        0.0,
                        0.0
                    ],
                    [
                        0.0,
                        0.7261186099949849,
                        0.8262373138308547,
                        -0.0,
                        0.0,
                        0.0,
                        0.0,
                        0.0
                    ],
                    [
                        0.7804008732544723,
                        -0.0,
                        -0.0,
                        0.0,
                        0.8530115990866047,
                        0.0,
                        0.0,
                        0.0
                    ],
                    [
                        -0.0,
                        0.982063863825529,
                        0.0,
                        -0.0,
                        -0.606853905530401,
                        -0.0,
                        0.0,
                        0.0
                    ],
                    [
                        0.8116400720274013,
                        -0.0,
                        0.0,
                        -0.9665547818092626,
                        0.0,
                        -0.0,
                        0.0,
                        0.0
                    ]
                ]
            },
            "est_params": {
                "mui": [
                    10.0,
                    -8.245428893634458,
                    1.8082357682304253,
                    15.533814028792316,
                    -4.49578679598396,
                    3.942217779917807,
                    -5.354539062324213,
                    -6.958881118766298
                ],
                "Si": [
                    [
                        1e-06,
                        0.0,
                        0.0,
                        0.0,
                        0.0,
                        0.0,
                        0.0,
                        0.0
                    ],
                    [
                        0.0,
                        1.0740619359358083,
                        0.6496109511902237,
                        -1.0309450044764028,
                        1.2833439536000015,
                        0.9864945053714195,
                        0.20216835990958046,
                        0.9625126156629271
                    ],
                    [
                        0.0,
                        0.6496109511902237,
                        1.4192113037454048,
                        -0.4637044476071221,
                        1.5599604667933993,
                        1.2351152872397764,
                        -0.4259738702001967,
                        0.5462589581661881
                    ],
                    [
                        0.0,
                        -1.0309450044764028,
                        -0.4637044476071221,
                        2.074699424873279,
                        -1.117758797620944,
                        -0.8690511113540236,
                        -0.23449355719086235,
                        -1.9560357446906493
                    ],
                    [
                        0.0,
                        1.2833439536000015,
                        1.5599604667933993,
                        -1.117758797620944,
                        3.1113729876419534,
                        2.4777316200152084,
                        -0.7120923432275327,
                        1.1246403633152986
                    ],
                    [
                        0.0,
                        0.9864945053714195,
                        1.2351152872397764,
                        -0.8690511113540236,
                        2.4777316200152084,
                        2.98511856604032,
                        -0.5691718771290862,
                        0.8475130457534983
                    ],
                    [
                        0.0,
                        0.20216835990958046,
                        -0.4259738702001967,
                        -0.23449355719086235,
                        -0.7120923432275327,
                        -0.5691718771290862,
                        1.634033297691829,
                        0.11630583447168821
                    ],
                    [
                        0.0,
                        0.9625126156629271,
                        0.5462589581661881,
                        -1.9560357446906493,
                        1.1246403633152986,
                        0.8475130457534983,
                        0.11630583447168821,
                        2.739631135931515
                    ]
                ]
            },
            "est_tgt": [
                0
            ]
        },
        "1": {
            "intv_type": "do",
            "inode": 1,
            "new_mui": 10.0,
            "true_params": {
                "Si": [
                    [
                        1.0,
                        0.0,
                        0.6666161712761238,
                        0.7594367676119067,
                        0.5507831547113935,
                        1.2502252928048028,
                        -0.3342449085369642,
                        0.07760283281034316
                    ],
                    [
                        0.0,
                        0.0,
                        0.0,
                        0.0,
                        0.0,
                        0.0,
                        0.0,
                        0.0
                    ],
                    [
                        0.6666161712761238,
                        0.0,
                        1.4443771198068385,
                        0.5062528303517646,
                        1.1933982716279488,
                        1.5382104102179865,
                        -0.724218401990651,
                        0.05173130328821212
                    ],
                    [
                        0.7594367676119067,
                        0.0,
                        0.5062528303517646,
                        1.5767442040008213,
                        0.4182849786691094,
                        0.949467055154329,
                        -0.2538378729300495,
                        -0.9076203373022483
                    ],
                    [
                        0.5507831547113935,
                        0.0,
                        1.1933982716279488,
                        0.4182849786691094,
                        1.986030182280261,
                        2.1239384365317715,
                        -1.2052301726180308,
                        0.04274233306982164
                    ],
                    [
                        1.2502252928048028,
                        0.0,
                        1.5382104102179865,
                        0.949467055154329,
                        2.1239384365317715,
                        3.7874210323771655,
                        -1.288920335315439,
                        0.09702102437279343
                    ],
                    [
                        -0.3342449085369642,
                        0.0,
                        -0.724218401990651,
                        -0.2538378729300495,
                        -1.2052301726180308,
                        -1.288920335315439,
                        1.7313986373163313,
                        -0.025938351754902476
                    ],
                    [
                        0.07760283281034316,
                        0.0,
                        0.05173130328821212,
                        -0.9076203373022483,
                        0.04274233306982164,
                        0.09702102437279343,
                        -0.025938351754902476,
                        1.9402503458985412
                    ]
                ],
                "mui": [
                    0.0,
                    10.0,
                    5.943745495970367,
                    -9.594680964140203,
                    12.172130412634647,
                    10.382968427572175,
                    2.433933758722583,
                    9.273784765824018
                ],
                "Ai": [
                    [
                        0.0,
                        0.0,
                        0.0,
                        0.0,
                        0.0,
                        0.0,
                        0.0,
                        0.0
                    ],
                    [
                        0.0,
                        0.0,
                        0.0,
                        0.0,
                        0.0,
                        0.0,
                        0.0,
                        0.0
                    ],
                    [
                        0.6666161712761238,
                        0.5943745495970367,
                        0.0,
                        0.0,
                        0.0,
                        0.0,
                        0.0,
                        0.0
                    ],
                    [
                        0.7594367676119067,
                        -0.9594680964140203,
                        0.0,
                        0.0,
                        0.0,
                        0.0,
                        0.0,
                        0.0
                    ],
                    [
                        0.0,
                        0.7261186099949849,
                        0.8262373138308547,
                        -0.0,
                        0.0,
                        0.0,
                        0.0,
                        0.0
                    ],
                    [
                        0.7804008732544723,
                        -0.0,
                        -0.0,
                        0.0,
                        0.8530115990866047,
                        0.0,
                        0.0,
                        0.0
                    ],
                    [
                        -0.0,
                        0.982063863825529,
                        0.0,
                        -0.0,
                        -0.606853905530401,
                        -0.0,
                        0.0,
                        0.0
                    ],
                    [
                        0.8116400720274013,
                        -0.0,
                        0.0,
                        -0.9665547818092626,
                        0.0,
                        -0.0,
                        0.0,
                        0.0
                    ]
                ]
            },
            "est_params": {
                "mui": [
                    0.028032159913559743,
                    10.0,
                    6.001092518630436,
                    -9.552566210059181,
                    12.239488982353803,
                    10.423845006989067,
                    2.384532880581513,
                    9.296658283051489
                ],
                "Si": [
                    [
                        0.9287927119580098,
                        0.0,
                        0.5736736187197546,
                        0.7061780743626128,
                        0.3927369742138726,
                        1.1306995867589746,
                        -0.19127849891058116,
                        0.09905191804370098
                    ],
                    [
                        0.0,
                        1e-06,
                        0.0,
                        0.0,
                        0.0,
                        0.0,
                        0.0,
                        0.0
                    ],
                    [
                        0.5736736187197546,
                        0.0,
                        1.3331789962299163,
                        0.4017071046628028,
                        0.9673182108880605,
                        1.247113845250375,
                        -0.5222960712092563,
                        0.18215666646559467
                    ],
                    [
                        0.7061780743626128,
                        0.0,
                        0.4017071046628028,
                        1.5519392993869467,
                        0.26126717150760986,
                        0.7967446025969791,
                        -0.12289498520541807,
                        -0.9018573480804831
                    ],
                    [
                        0.3927369742138726,
                        0.0,
                        0.9673182108880605,
                        0.26126717150760986,
                        1.6313074483243164,
                        1.7235747562141288,
                        -0.8596822932834047,
                        0.2234661454629398
                    ],
                    [
                        1.1306995867589746,
                        0.0,
                        1.247113845250375,
                        0.7967446025969791,
                        1.7235747562141288,
                        3.44923635610204,
                        -0.9596793240995461,
                        0.270673116875755
                    ],
                    [
                        -0.19127849891058116,
                        0.0,
                        -0.5222960712092563,
                        -0.12289498520541807,
                        -0.8596822932834047,
                        -0.9596793240995461,
                        1.468633325948731,
                        -0.12116715181017336
                    ],
                    [
                        0.09905191804370098,
                        0.0,
                        0.18215666646559467,
                        -0.9018573480804831,
                        0.2234661454629398,
                        0.270673116875755,
                        -0.12116715181017336,
                        2.0805977398483364
                    ]
                ]
            },
            "est_tgt": [
                1,
                3
            ]
        },
        "2": {
            "intv_type": "do",
            "inode": 2,
            "new_mui": 10.0,
            "true_params": {
                "Si": [
                    [
                        1.0,
                        -0.8262194338596962,
                        0.0,
                        1.5521679550375391,
                        -0.599933306865046,
                        0.2686508038202047,
                        -0.4473283792551727,
                        -0.6886152870852367
                    ],
                    [
                        -0.8262194338596962,
                        1.682638552887437,
                        0.0,
                        -2.241899425480298,
                        1.2217951671465985,
                        0.3974230816000829,
                        0.9110073497293505,
                        1.4963258092250982
                    ],
                    [
                        0.0,
                        0.0,
                        0.0,
                        0.0,
                        0.0,
                        0.0,
                        0.0,
                        0.0
                    ],
                    [
                        1.5521679550375391,
                        -2.241899425480298,
                        0.0,
                        4.32980438868176,
                        -1.6278848945783093,
                        -0.17729146950426866,
                        -1.2138001060666233,
                        -2.925191425353794
                    ],
                    [
                        -0.599933306865046,
                        1.2217951671465985,
                        0.0,
                        -1.6278848945783093,
                        1.8871682084670784,
                        1.1415878946779805,
                        0.0546454849502902,
                        1.0865100166941495
                    ],
                    [
                        0.2686508038202047,
                        0.3974230816000829,
                        0.0,
                        -0.17729146950426866,
                        1.1415878946779805,
                        2.183443037438978,
                        -0.3024822253019346,
                        0.3894096753861921
                    ],
                    [
                        -0.4473283792551727,
                        0.9110073497293505,
                        0.0,
                        -1.2138001060666233,
                        0.0546454849502902,
                        -0.3024822253019346,
                        1.8615055718869746,
                        0.8101346587207157
                    ],
                    [
                        -0.6886152870852367,
                        1.4963258092250982,
                        0.0,
                        -2.925191425353794,
                        1.0865100166941495,
                        0.3894096753861921,
                        0.8101346587207157,
                        3.2684499986741304
                    ]
                ],
                "mui": [
                    0.0,
                    0.0,
                    10.0,
                    0.0,
                    8.262373138308547,
                    7.047900122958782,
                    -5.014053407932018,
                    0.0
                ],
                "Ai": [
                    [
                        0.0,
                        0.0,
                        0.0,
                        0.0,
                        0.0,
                        0.0,
                        0.0,
                        0.0
                    ],
                    [
                        -0.8262194338596962,
                        0.0,
                        0.0,
                        0.0,
                        0.0,
                        0.0,
                        0.0,
                        0.0
                    ],
                    [
                        0.0,
                        0.0,
                        0.0,
                        0.0,
                        0.0,
                        0.0,
                        0.0,
                        0.0
                    ],
                    [
                        0.7594367676119067,
                        -0.9594680964140203,
                        0.0,
                        0.0,
                        0.0,
                        0.0,
                        0.0,
                        0.0
                    ],
                    [
                        0.0,
                        0.7261186099949849,
                        0.8262373138308547,
                        -0.0,
                        0.0,
                        0.0,
                        0.0,
                        0.0
                    ],
                    [
                        0.7804008732544723,
                        -0.0,
                        -0.0,
                        0.0,
                        0.8530115990866047,
                        0.0,
                        0.0,
                        0.0
                    ],
                    [
                        -0.0,
                        0.982063863825529,
                        0.0,
                        -0.0,
                        -0.606853905530401,
                        -0.0,
                        0.0,
                        0.0
                    ],
                    [
                        0.8116400720274013,
                        -0.0,
                        0.0,
                        -0.9665547818092626,
                        0.0,
                        -0.0,
                        0.0,
                        0.0
                    ]
                ]
            },
            "est_params": {
                "mui": [
                    -0.06904745527844552,
                    0.044443118969137066,
                    10.0,
                    -0.14762661712331795,
                    8.312667216140069,
                    6.910047250868374,
                    -5.041755535625679,
                    0.0768305947885168
                ],
                "Si": [
                    [
                        1.0271699579808358,
                        -0.834892024279587,
                        0.0,
                        1.6133496496971829,
                        -0.6139740966441206,
                        0.24477137096454302,
                        -0.46495122980873377,
                        -0.8503669788180298
                    ],
                    [
                        -0.834892024279587,
                        1.7476291313522032,
                        0.0,
                        -2.3437829441694698,
                        1.2731726175902187,
                        0.4405009950196291,
                        0.9705364188379989,
                        1.716749869129226
                    ],
                    [
                        0.0,
                        0.0,
                        1e-06,
                        0.0,
                        0.0,
                        0.0,
                        0.0,
                        0.0
                    ],
                    [
                        1.6133496496971829,
                        -2.3437829441694698,
                        0.0,
                        4.506654789979266,
                        -1.7154121658533479,
                        -0.2865786186092554,
                        -1.2602943043386994,
                        -3.1824243853000223
                    ],
                    [
                        -0.6139740966441206,
                        1.2731726175902187,
                        0.0,
                        -1.7154121658533479,
                        1.9783202137730136,
                        1.1563980240564926,
                        0.24425538799830174,
                        1.2400986491709007
                    ],
                    [
                        0.24477137096454302,
                        0.4405009950196291,
                        0.0,
                        -0.2865786186092554,
                        1.1563980240564926,
                        2.073274249761579,
                        -0.12892499254214748,
                        0.4304305755425126
                    ],
                    [
                        -0.46495122980873377,
                        0.9705364188379989,
                        0.0,
                        -1.2602943043386994,
                        0.24425538799830174,
                        -0.12892499254214748,
                        1.7508870570226662,
                        0.8788141999565211
                    ],
                    [
                        -0.8503669788180298,
                        1.716749869129226,
                        0.0,
                        -3.1824243853000223,
                        1.2400986491709007,
                        0.4304305755425126,
                        0.8788141999565211,
                        3.313339826758685
                    ]
                ]
            },
            "est_tgt": [
                2,
                4
            ]
        },
        "3": {
            "intv_type": "do",
            "inode": 3,
            "new_mui": 10.0,
            "true_params": {
                "Si": [
                    [
                        1.0,
                        -0.8262194338596962,
                        0.1755323674074482,
                        0.0,
                        -0.4549019151279453,
                        0.3923642632036247,
                        -0.5353412457553417,
                        0.8116400720274013
                    ],
                    [
                        -0.8262194338596962,
                        1.682638552887437,
                        0.4493462963736027,
                        0.0,
                        1.5930618440421673,
                        0.7141178633463419,
                        0.6857027168619811,
                        -0.6705928008083225
                    ],
                    [
                        0.1755323674074482,
                        0.4493462963736027,
                        1.3840927172163435,
                        0.0,
                        1.4698677568948755,
                        1.3907998585639358,
                        -0.4507082288725136,
                        0.14246910332572152
                    ],
                    [
                        0.0,
                        0.0,
                        0.0,
                        0.0,
                        0.0,
                        0.0,
                        0.0,
                        0.0
                    ],
                    [
                        -0.4549019151279453,
                        1.5930618440421673,
                        1.4698677568948755,
                        0.0,
                        3.371211438975352,
                        2.5206766086084382,
                        -0.48134435823788224,
                        -0.3692166231598483
                    ],
                    [
                        0.3923642632036247,
                        0.7141178633463419,
                        1.3907998585639358,
                        0.0,
                        2.5206766086084382,
                        3.45636779832724,
                        -0.8283730964084172,
                        0.3184585588475682
                    ],
                    [
                        -0.5353412457553417,
                        0.6857027168619811,
                        -0.4507082288725136,
                        0.0,
                        -0.48134435823788224,
                        -0.8283730964084172,
                        1.965509563258823,
                        -0.4345044072641043
                    ],
                    [
                        0.8116400720274013,
                        -0.6705928008083225,
                        0.14246910332572152,
                        0.0,
                        -0.3692166231598483,
                        0.3184585588475682,
                        -0.4345044072641043,
                        1.6587596065206451
                    ]
                ],
                "mui": [
                    0.0,
                    0.0,
                    0.0,
                    10.0,
                    0.0,
                    0.0,
                    0.0,
                    -9.665547818092627
                ],
                "Ai": [
                    [
                        0.0,
                        0.0,
                        0.0,
                        0.0,
                        0.0,
                        0.0,
                        0.0,
                        0.0
                    ],
                    [
                        -0.8262194338596962,
                        0.0,
                        0.0,
                        0.0,
                        0.0,
                        0.0,
                        0.0,
                        0.0
                    ],
                    [
                        0.6666161712761238,
                        0.5943745495970367,
                        0.0,
                        0.0,
                        0.0,
                        0.0,
                        0.0,
                        0.0
                    ],
                    [
                        0.0,
                        0.0,
                        0.0,
                        0.0,
                        0.0,
                        0.0,
                        0.0,
                        0.0
                    ],
                    [
                        0.0,
                        0.7261186099949849,
                        0.8262373138308547,
                        -0.0,
                        0.0,
                        0.0,
                        0.0,
                        0.0
                    ],
                    [
                        0.7804008732544723,
                        -0.0,
                        -0.0,
                        0.0,
                        0.8530115990866047,
                        0.0,
                        0.0,
                        0.0
                    ],
                    [
                        -0.0,
                        0.982063863825529,
                        0.0,
                        -0.0,
                        -0.606853905530401,
                        -0.0,
                        0.0,
                        0.0
                    ],
                    [
                        0.8116400720274013,
                        -0.0,
                        0.0,
                        -0.9665547818092626,
                        0.0,
                        -0.0,
                        0.0,
                        0.0
                    ]
                ]
            },
            "est_params": {
                "mui": [
                    -0.09237579689931077,
                    0.1172010926560351,
                    0.022728637417129025,
                    10.0,
                    0.0833366920556836,
                    0.04427583640940858,
                    0.1326597212436174,
                    -9.71365546984613
                ],
                "Si": [
                    [
                        0.9806662298076619,
                        -0.8163631268461686,
                        0.1470766298946906,
                        3.004809026258115e-169,
                        -0.4606309528640103,
                        0.4192245616238851,
                        -0.49857225191888876,
                        0.8116174435865794
                    ],
                    [
                        -0.8163631268461685,
                        1.588930801314377,
                        0.44195318695930114,
                        -1.8167897838752136e-169,
                        1.5399791874901494,
                        0.7369818902245939,
                        0.5302901010759574,
                        -0.6332355983807049
                    ],
                    [
                        0.1470766298946906,
                        0.44195318695930114,
                        1.303740001934596,
                        1.1340318872638429e-169,
                        1.4519533452413407,
                        1.429823228538815,
                        -0.5071385337928497,
                        0.11087684152029462
                    ],
                    [
                        3.004809026258115e-169,
                        -1.816789783875214e-169,
                        1.1340318872638432e-169,
                        1e-06,
                        4.68457926377779e-171,
                        1.9167069506054407e-169,
                        -1.989116942458271e-169,
                        2.6891110617964537e-169
                    ],
                    [
                        -0.4606309528640103,
                        1.5399791874901494,
                        1.4519533452413407,
                        4.684579263777789e-171,
                        3.3584133339722766,
                        2.510171968666062,
                        -0.6304649695796525,
                        -0.39784076269641055
                    ],
                    [
                        0.4192245616238851,
                        0.7369818902245939,
                        1.429823228538815,
                        1.9167069506054405e-169,
                        2.510171968666062,
                        3.5346324909425104,
                        -0.9166718717336044,
                        0.4243814634019954
                    ],
                    [
                        -0.49857225191888876,
                        0.5302901010759574,
                        -0.5071385337928497,
                        -1.989116942458271e-169,
                        -0.6304649695796525,
                        -0.9166718717336044,
                        1.9848325346046602,
                        -0.3760824741480251
                    ],
                    [
                        0.8116174435865794,
                        -0.6332355983807049,
                        0.11087684152029462,
                        2.689111061796453e-169,
                        -0.39784076269641055,
                        0.4243814634019954,
                        -0.3760824741480251,
                        1.801789032964625
                    ]
                ]
            },
            "est_tgt": [
                1,
                3
            ]
        },
        "4": {
            "intv_type": "do",
            "inode": 4,
            "new_mui": 10.0,
            "true_params": {
                "Si": [
                    [
                        1.0,
                        -0.8262194338596962,
                        0.1755323674074482,
                        1.5521679550375391,
                        0.0,
                        0.7804008732544723,
                        -0.8114002495839944,
                        -0.6886152870852367
                    ],
                    [
                        -0.8262194338596962,
                        1.682638552887437,
                        0.4493462963736027,
                        -2.241899425480298,
                        0.0,
                        -0.6447823676839226,
                        1.652458518670433,
                        1.4963258092250982
                    ],
                    [
                        0.1755323674074482,
                        0.4493462963736027,
                        1.3840927172163435,
                        -0.2978277018970927,
                        0.0,
                        0.13698561280919744,
                        0.44128676001235156,
                        0.43033589274962003
                    ],
                    [
                        1.5521679550375391,
                        -2.241899425480298,
                        -0.2978277018970927,
                        4.32980438868176,
                        0.0,
                        1.211313227548904,
                        -2.2016884120954154,
                        -2.925191425353794
                    ],
                    [
                        0.0,
                        0.0,
                        0.0,
                        0.0,
