{
    "expt_args": {
        "save_dir": "expt_logs_29.04.24-10",
        "exp_name": "15",
        "num_nodes": 6,
        "obs_noise_mean": 0.0,
        "obs_noise_var": 1.0,
        "max_edge_strength": 1.0,
        "num_parents": 2,
        "new_noise_mean": 10.0,
        "mix_samples": 131072,
        "stage2_samples": 131072,
        "intv_targets": [
            0,
            1,
            2,
            3,
            4,
            5
        ]
    },
    "intv_args_dict": {
        "0": {
            "intv_type": "do",
            "inode": 0,
            "new_mui": 10.0,
            "true_params": {
                "Si": [
                    [
                        0.0,
                        0.0,
                        0.0,
                        0.0,
                        0.0,
                        0.0
                    ],
                    [
                        0.0,
                        1.0,
                        -0.8974324123853594,
                        -0.6631727364879711,
                        1.4829480467062621,
                        -0.4524485787467175
                    ],
                    [
                        0.0,
                        -0.8974324123853594,
                        1.8053849347998057,
                        1.3341194847676496,
                        -2.058742041828588,
                        0.260345490759641
                    ],
                    [
                        0.0,
                        -0.6631727364879711,
                        1.3341194847676496,
                        1.985869974501623,
                        -2.506361083100091,
                        -0.004775820895665278
                    ],
                    [
                        0.0,
                        1.4829480467062621,
                        -2.058742041828588,
                        -2.506361083100091,
                        4.6992307311458,
                        -1.0735945854055196
                    ],
                    [
                        0.0,
                        -0.4524485787467175,
                        0.260345490759641,
                        -0.004775820895665278,
                        -1.0735945854055196,
                        1.7588753454126
                    ]
                ],
                "mui": [
                    10.0,
                    7.726992189538126,
                    -0.3472638218376667,
                    -9.447004550454729,
                    15.716644482338825,
                    -2.6437974707129595
                ],
                "Ai": [
                    [
                        0.0,
                        0.0,
                        0.0,
                        0.0,
                        0.0,
                        0.0
                    ],
                    [
                        0.7726992189538125,
                        0.0,
                        0.0,
                        0.0,
                        0.0,
                        0.0
                    ],
                    [
                        0.6587189419302364,
                        -0.8974324123853594,
                        0.0,
                        0.0,
                        0.0,
                        0.0
                    ],
                    [
                        -0.9190388123598433,
                        -0.0,
                        0.7389667760330494,
                        0.0,
                        0.0,
                        0.0
                    ],
                    [
                        0.0,
                        0.8297102255368942,
                        -0.0,
                        -0.985019113766322,
                        0.0,
                        0.0
                    ],
                    [
                        0.0,
                        -0.0,
                        0.0,
                        -0.8895301071150005,
                        -0.7028976479558883,
                        0.0
                    ]
                ]
            },
            "est_params": {
                "mui": [
                    10.0,
                    7.736249522411358,
                    -0.3570633038360176,
                    -9.468870263287226,
                    15.747549124811089,
                    -2.6440888109098895
                ],
                "Si": [
                    [
                        1e-06,
                        0.0,
                        0.0,
                        0.0,
                        0.0,
                        0.0
                    ],
                    [
                        0.0,
                        0.9740105032425119,
                        -0.8570156734803349,
                        -0.6336886525803966,
                        1.4460902921962229,
                        -0.44718779654226487
                    ],
                    [
                        0.0,
                        -0.8570156734803349,
                        1.7426306231479736,
                        1.2922097123725647,
                        -1.9887196438476444,
                        0.24042017577831615
                    ],
                    [
                        0.0,
                        -0.6336886525803966,
                        1.2922097123725647,
                        1.949633422055784,
                        -2.4486070233396355,
                        -0.029780682213394798
                    ],
                    [
                        0.0,
                        1.4460902921962229,
                        -1.9887196438476444,
                        -2.4486070233396355,
                        4.626454725042134,
                        -1.0572247162573993
                    ],
                    [
                        0.0,
                        -0.44718779654226487,
                        0.24042017577831615,
                        -0.029780682213394798,
                        -1.0572247162573993,
                        1.7767749998201703
                    ]
                ]
            },
            "est_tgt": [
                0
            ]
        },
        "1": {
            "intv_type": "do",
            "inode": 1,
            "new_mui": 10.0,
            "true_params": {
                "Si": [
                    [
                        1.0,
                        0.0,
                        0.6587189419302364,
                        -0.43226739952975507,
                        0.42579165079487197,
                        0.08522691634305529
                    ],
                    [
                        0.0,
                        0.0,
                        0.0,
                        0.0,
                        0.0,
                        0.0
                    ],
                    [
                        0.6587189419302364,
                        0.0,
                        1.4339106444576901,
                        0.4542240519838744,
                        -0.4474193731365037,
                        -0.08955594458787884
                    ],
                    [
                        -0.43226739952975507,
                        0.0,
                        0.4542240519838744,
                        1.732927000776896,
                        -1.7069662185269885,
                        -0.34166820048077173
                    ],
                    [
                        0.42579165079487197,
                        0.0,
                        -0.4474193731365037,
                        -1.7069662185269885,
                        2.681394351802504,
                        -0.3663479399161845
                    ],
                    [
                        0.08522691634305529,
                        0.0,
                        -0.08955594458787884,
                        -0.34166820048077173,
                        -0.3663479399161845,
                        1.5614292562720213
                    ]
                ],
                "mui": [
                    0.0,
                    10.0,
                    -8.974324123853595,
                    -6.631727364879712,
                    14.829480467062622,
                    -4.524485787467175
                ],
                "Ai": [
                    [
                        0.0,
                        0.0,
                        0.0,
                        0.0,
                        0.0,
                        0.0
                    ],
                    [
                        0.0,
                        0.0,
                        0.0,
                        0.0,
                        0.0,
                        0.0
                    ],
                    [
                        0.6587189419302364,
                        -0.8974324123853594,
                        0.0,
                        0.0,
                        0.0,
                        0.0
                    ],
                    [
                        -0.9190388123598433,
                        -0.0,
                        0.7389667760330494,
                        0.0,
                        0.0,
                        0.0
                    ],
                    [
                        0.0,
                        0.8297102255368942,
                        -0.0,
                        -0.985019113766322,
                        0.0,
                        0.0
                    ],
                    [
                        0.0,
                        -0.0,
                        0.0,
                        -0.8895301071150005,
                        -0.7028976479558883,
                        0.0
                    ]
                ]
            },
            "est_params": {
                "mui": [
                    -0.0028626758393194133,
                    10.0,
                    -8.99398279195297,
                    -6.643256187408912,
                    14.83842985026116,
                    -4.525011134574979
                ],
                "Si": [
                    [
                        0.9978948561411737,
                        -7.493140271436038e-28,
                        0.6651864987968307,
                        -0.4349278250906246,
                        0.42948578254255393,
                        0.08604014545665072
                    ],
                    [
                        -7.4931402714360356e-28,
                        1e-06,
                        -4.571322246106841e-28,
                        5.501554302418743e-28,
                        -4.354879596312963e-28,
                        -2.7268550826505514e-28
                    ],
                    [
                        0.6651864987968307,
                        -4.571322246106841e-28,
                        1.4473469313881506,
                        0.45195297459770056,
                        -0.45083817838566875,
                        -0.07167559974039965
                    ],
                    [
                        -0.4349278250906246,
                        5.501554302418744e-28,
                        0.45195297459770056,
                        1.717575731559066,
                        -1.6898684072230439,
                        -0.3338321807080901
                    ],
                    [
                        0.42948578254255393,
                        -4.354879596312963e-28,
                        -0.45083817838566875,
                        -1.6898684072230439,
                        2.666097102974691,
                        -0.3828775387099927
                    ],
                    [
                        0.08604014545665072,
                        -2.7268550826505514e-28,
                        -0.07167559974039965,
                        -0.3338321807080901,
                        -0.3828775387099927,
                        1.564542497193875
                    ]
                ]
            },
            "est_tgt": [
                1
            ]
        },
        "2": {
            "intv_type": "do",
            "inode": 2,
            "new_mui": 10.0,
            "true_params": {
                "Si": [
                    [
                        1.0,
                        0.7726992189538125,
                        0.0,
                        -0.9190388123598433,
                        1.5463872396978957,
                        -0.269439260411355
                    ],
                    [
                        0.7726992189538125,
                        1.597064082971832,
                        0.0,
                        -0.7101405724986904,
                        2.0246024378516,
                        -0.7913968720901794
                    ],
                    [
                        0.0,
                        0.0,
                        0.0,
                        0.0,
                        0.0,
                        0.0
                    ],
                    [
                        -0.9190388123598433,
                        -0.7101405724986904,
                        0.0,
                        1.8446323386237913,
                        -2.4062090059866925,
                        0.050462649034507034
                    ],
                    [
                        1.5463872396978957,
                        2.0246024378516,
                        0.0,
                        -2.4062090059866925,
                        5.049995207945951,
                        -1.4092343990172949
                    ],
                    [
                        -0.269439260411355,
                        -0.7913968720901794,
                        0.0,
                        0.050462649034507034,
                        -1.4092343990172949,
                        1.9456594988868146
                    ]
                ],
                "mui": [
                    0.0,
                    0.0,
                    10.0,
                    7.389667760330494,
                    -7.278963988308305,
                    -1.45696528745353
                ],
                "Ai": [
                    [
                        0.0,
                        0.0,
                        0.0,
                        0.0,
                        0.0,
                        0.0
                    ],
                    [
                        0.7726992189538125,
                        0.0,
                        0.0,
                        0.0,
                        0.0,
                        0.0
                    ],
                    [
                        0.0,
                        0.0,
                        0.0,
                        0.0,
                        0.0,
                        0.0
                    ],
                    [
                        -0.9190388123598433,
                        -0.0,
                        0.7389667760330494,
                        0.0,
                        0.0,
                        0.0
                    ],
                    [
                        0.0,
                        0.8297102255368942,
                        -0.0,
                        -0.985019113766322,
                        0.0,
                        0.0
                    ],
                    [
                        0.0,
                        -0.0,
                        0.0,
                        -0.8895301071150005,
                        -0.7028976479558883,
                        0.0
                    ]
                ]
            },
            "est_params": {
                "mui": [
                    0.003372217719123727,
                    0.00883121892282418,
                    10.0,
                    7.377574056219798,
                    -7.26305881377117,
                    -1.4584830803645106
                ],
                "Si": [
                    [
                        1.0123219578544642,
                        0.7801219092682274,
                        0.0,
                        -0.9215406665222482,
                        1.565381190184338,
                        -0.27932994126205996
                    ],
                    [
                        0.7801219092682274,
                        1.5958472915082194,
                        0.0,
                        -0.7191638904280456,
                        2.042483250554443,
                        -0.8018860233470674
                    ],
                    [
                        0.0,
                        0.0,
                        1e-06,
                        0.0,
                        0.0,
                        0.0
                    ],
                    [
                        -0.9215406665222482,
                        -0.7191638904280456,
                        0.0,
                        1.8486307171417677,
                        -2.4298050963929465,
                        0.06377091351466038
                    ],
                    [
                        1.565381190184338,
                        2.042483250554443,
                        0.0,
                        -2.4298050963929465,
                        5.082845467878517,
                        -1.4036823801096925
                    ],
                    [
                        -0.27932994126205996,
                        -0.8018860233470674,
                        0.0,
                        0.06377091351466038,
                        -1.4036823801096925,
                        1.930001853403548
                    ]
                ]
            },
            "est_tgt": [
                2
            ]
        },
        "3": {
            "intv_type": "do",
            "inode": 3,
            "new_mui": 10.0,
            "true_params": {
                "Si": [
                    [
                        1.0,
                        0.7726992189538125,
                        -0.03472638218376667,
                        0.0,
                        0.6411164432303498,
                        -0.45063924001245764
                    ],
                    [
                        0.7726992189538125,
                        1.597064082971832,
                        -0.9242654607758475,
                        0.0,
                        1.3251004004794318,
                        -0.9314099548023982
                    ],
                    [
                        -0.03472638218376667,
                        -0.9242654607758475,
                        1.8065908564193789,
                        0.0,
                        -0.7668725039162899,
                        0.5390328792848029
                    ],
                    [
                        0.0,
                        0.0,
                        0.0,
                        0.0,
                        0.0,
                        0.0
                    ],
                    [
                        0.6411164432303498,
                        1.3251004004794318,
                        -0.7668725039162899,
                        0.0,
                        2.099449352140818,
                        -1.4756980116222946
                    ],
                    [
                        -0.45063924001245764,
                        -0.9314099548023982,
                        0.5390328792848029,
                        0.0,
                        -1.4756980116222946,
                        2.037264661462492
                    ]
                ],
                "mui": [
                    0.0,
                    0.0,
                    0.0,
                    10.0,
                    -9.85019113766322,
                    -1.9716248885705923
                ],
                "Ai": [
                    [
                        0.0,
                        0.0,
                        0.0,
                        0.0,
                        0.0,
                        0.0
                    ],
                    [
                        0.7726992189538125,
                        0.0,
                        0.0,
                        0.0,
                        0.0,
                        0.0
                    ],
                    [
                        0.6587189419302364,
                        -0.8974324123853594,
                        0.0,
                        0.0,
                        0.0,
                        0.0
                    ],
                    [
                        0.0,
                        0.0,
                        0.0,
                        0.0,
                        0.0,
                        0.0
                    ],
                    [
                        0.0,
                        0.8297102255368942,
                        -0.0,
                        -0.985019113766322,
                        0.0,
                        0.0
                    ],
                    [
                        0.0,
                        -0.0,
                        0.0,
                        -0.8895301071150005,
                        -0.7028976479558883,
                        0.0
                    ]
                ]
            },
            "est_params": {
                "mui": [
                    -0.01541704605111306,
                    -0.01633353345722233,
                    0.008710991262356709,
                    9.999999999999991,
                    -9.86279586248384,
                    -1.9747784669911932
                ],
                "Si": [
                    [
                        1.0122770339787754,
                        0.7860318661067164,
                        -0.036178123975192135,
                        2.5813025312148307e-28,
                        0.6503555729750905,
                        -0.4552940790642954
                    ],
                    [
                        0.7860318661067164,
                        1.6196716746811914,
                        -0.9303405852791856,
                        -2.729859819224358e-28,
                        1.3352414347598422,
                        -0.9308362825596304
                    ],
                    [
                        -0.03617812397519214,
                        -0.9303405852791856,
                        1.8065248245636751,
                        1.3286802595796446e-26,
                        -0.7719255970678072,
                        0.5377065843005695
                    ],
                    [
                        2.581369940820062e-28,
                        -2.72992722882959e-28,
                        1.3286772935570146e-26,
                        1e-06,
                        -1.3855319702111046e-28,
                        2.4501345620188876e-27
                    ],
                    [
                        0.6503555729750904,
                        1.3352414347598422,
                        -0.7719255970678072,
                        -1.385626343658429e-28,
                        2.082031923366652,
                        -1.4519831756356951
                    ],
                    [
                        -0.4552940790642954,
                        -0.9308362825596304,
                        0.5377065843005695,
                        2.4501345620188876e-27,
                        -1.4519831756356951,
                        2.0200618001227686
                    ]
                ]
            },
            "est_tgt": [
                3
            ]
        },
        "4": {
            "intv_type": "do",
            "inode": 4,
            "new_mui": 10.0,
            "true_params": {
                "Si": [
                    [
                        1.0,
                        0.7726992189538125,
                        -0.03472638218376667,
                        -0.9447004550454728,
                        0.0,
                        0.8403394969681891
                    ],
                    [
                        0.7726992189538125,
                        1.597064082971832,
                        -0.9242654607758475,
                        -1.3931420402469192,
                        0.0,
                        1.2392417882872524
                    ],
                    [
                        -0.03472638218376667,
                        -0.9242654607758475,
                        1.8065908564193789,
                        1.366925513818737,
                        0.0,
                        -1.215921398725408
                    ],
                    [
                        -0.9447004550454728,
                        -1.3931420402469192,
                        1.366925513818737,
                        2.8783289242647463,
                        0.0,
                        -2.560360236313424
                    ],
                    [
                        0.0,
                        0.0,
                        0.0,
                        0.0,
                        0.0,
                        0.0
                    ],
                    [
                        0.8403394969681891,
                        1.2392417882872524,
                        -1.215921398725408,
                        -2.560360236313424,
                        0.0,
                        3.2775175152608678
                    ]
                ],
                "mui": [
                    0.0,
                    0.0,
                    0.0,
                    0.0,
                    10.0,
                    -7.0289764795588825
                ],
                "Ai": [
                    [
                        0.0,
                        0.0,
                        0.0,
                        0.0,
                        0.0,
                        0.0
                    ],
                    [
                        0.7726992189538125,
                        0.0,
                        0.0,
                        0.0,
                        0.0,
                        0.0
                    ],
                    [
                        0.6587189419302364,
                        -0.8974324123853594,
                        0.0,
                        0.0,
                        0.0,
                        0.0
                    ],
                    [
                        -0.9190388123598433,
                        -0.0,
                        0.7389667760330494,
                        0.0,
                        0.0,
                        0.0
                    ],
                    [
                        0.0,
                        0.0,
                        0.0,
                        0.0,
                        0.0,
                        0.0
                    ],
                    [
                        0.0,
                        -0.0,
                        0.0,
                        -0.8895301071150005,
                        -0.7028976479558883,
                        0.0
                    ]
                ]
            },
            "est_params": {
                "mui": [
                    0.007158531418482258,
                    0.0052951828029191616,
                    -0.004134336710709402,
                    -0.015818520239077413,
                    9.999999999999945,
                    -7.001849802514761
                ],
                "Si": [
                    [
                        1.0021137349748785,
                        0.7860906309904283,
                        -0.049924495875753434,
                        -0.9614182099556154,
                        -1.693869200549593e-28,
                        0.854212510464531
                    ],
                    [
                        0.7860906309904283,
                        1.614250073941144,
                        -0.9266162392454165,
                        -1.4064247352001444,
                        -1.078621501034465e-28,
                        1.2552742789239568
                    ],
                    [
                        -0.049924495875753434,
                        -0.9266162392454165,
                        1.7904724113600454,
                        1.3716545465121215,
                        -4.523186220824486e-29,
                        -1.2347572704413727
                    ],
                    [
                        -0.9614182099556154,
                        -1.4064247352001444,
                        1.3716545465121213,
                        2.893732896597103,
                        1.0554460699954268e-28,
                        -2.5782921724759365
                    ],
                    [
                        -1.6960263087324004e-28,
                        -1.079511308159873e-28,
                        -4.514288149570405e-29,
                        1.0542596604948827e-28,
                        1e-06,
                        -2.4204641280760156e-27
                    ],
                    [
                        0.8542125104645311,
                        1.2552742789239566,
                        -1.2347572704413727,
                        -2.5782921724759365,
                        -2.4205180557805857e-27,
                        3.289155875202416
                    ]
                ]
            },
            "est_tgt": [
                4
            ]
        },
        "5": {
            "intv_type": "do",
            "inode": 5,
            "new_mui": 10.0,
            "true_params": {
                "Si": [
                    [
                        1.0,
                        0.7726992189538125,
                        -0.03472638218376667,
                        -0.9447004550454728,
                        1.5716644482338826,
                        0.0
                    ],
                    [
                        0.7726992189538125,
                        1.597064082971832,
                        -0.9242654607758475,
                        -1.3931420402469192,
                        2.697371938314058,
                        0.0
                    ],
                    [
                        -0.03472638218376667,
                        -0.9242654607758475,
                        1.8065908564193789,
                        1.366925513818737,
                        -2.1133202621225964,
                        0.0
                    ],
                    [
                        -0.9447004550454728,
                        -1.3931420402469192,
                        1.366925513818737,
                        2.8783289242647463,
                        -3.9911132025254323,
                        0.0
                    ],
                    [
                        1.5716644482338826,
                        2.697371938314058,
                        -2.1133202621225964,
                        -3.9911132025254323,
                        7.169359868988115,
                        0.0
                    ],
                    [
                        0.0,
                        0.0,
                        0.0,
                        0.0,
                        0.0,
                        0.0
                    ]
                ],
                "mui": [
                    0.0,
                    0.0,
                    0.0,
                    0.0,
                    0.0,
                    10.0
                ],
                "Ai": [
                    [
                        0.0,
                        0.0,
                        0.0,
                        0.0,
                        0.0,
                        0.0
                    ],
                    [
                        0.7726992189538125,
                        0.0,
                        0.0,
                        0.0,
                        0.0,
                        0.0
                    ],
                    [
                        0.6587189419302364,
                        -0.8974324123853594,
                        0.0,
                        0.0,
                        0.0,
                        0.0
                    ],
                    [
                        -0.9190388123598433,
                        -0.0,
                        0.7389667760330494,
                        0.0,
                        0.0,
                        0.0
                    ],
                    [
                        0.0,
                        0.8297102255368942,
                        -0.0,
                        -0.985019113766322,
                        0.0,
                        0.0
                    ],
                    [
                        0.0,
                        0.0,
                        0.0,
                        0.0,
                        0.0,
                        0.0
                    ]
                ]
            },
            "est_params": {
                "mui": [
                    0.012481436858533118,
                    0.016393099514528744,
                    -0.013424644054213059,
                    -0.02173456849318335,
                    0.03343415402721712,
                    10.0
                ],
                "Si": [
                    [
                        1.0117422292048832,
                        0.7823369010139937,
                        -0.034232511778543466,
                        -0.9583210052506136,
                        1.580971038604122,
                        0.0
                    ],
                    [
                        0.7823369010139937,
                        1.6003610398623396,
                        -0.9238740070999815,
                        -1.413205178765742,
                        2.7088079631269775,
                        0.0
                    ],
                    [
                        -0.034232511778543466,
                        -0.9238740070999815,
                        1.8072446664876376,
                        1.3838521582103043,
                        -2.1409851973762724,
                        0.0
                    ],
                    [
                        -0.9583210052506136,
                        -1.413205178765742,
                        1.3838521582103043,
                        2.9105077596739535,
                        -4.0401468315642655,
                        0.0
                    ],
                    [
                        1.580971038604122,
                        2.7088079631269775,
                        -2.1409851973762724,
                        -4.0401468315642655,
                        7.217832840251487,
                        0.0
                    ],
                    [
                        0.0,
                        0.0,
                        0.0,
                        0.0,
                        0.0,
                        1e-06
                    ]
                ]
            },
            "est_tgt": [
                5
            ]
        },
        "obs": {
            "intv_type": "obs",
            "true_params": {
                "Si": [
                    [
                        1.0,
                        0.7726992189538125,
                        -0.03472638218376667,
                        -0.9447004550454728,
                        1.5716644482338826,
                        -0.26437974707129597
                    ],
                    [
                        0.7726992189538125,
                        1.597064082971832,
                        -0.9242654607758475,
                        -1.3931420402469192,
                        2.697371938314058,
                        -0.6567346028159144
                    ],
                    [
                        -0.03472638218376667,
                        -0.9242654607758475,
                        1.8065908564193789,
                        1.366925513818737,
                        -2.1133202621225964,
                        0.26952644289808636
                    ],
                    [
                        -0.9447004550454728,
                        -1.3931420402469192,
                        1.366925513818737,
                        2.8783289242647463,
                        -3.9911132025254323,
                        0.24498384646739502
                    ],
                    [
                        1.5716644482338826,
                        2.697371938314058,
                        -2.1133202621225964,
                        -3.9911132025254323,
                        7.169359868988115,
                        -1.4891108347105413
                    ],
                    [
                        -0.26437974707129597,
                        -0.6567346028159144,
                        0.26952644289808636,
                        0.24498384646739502,
                        -1.4891108347105413,
                        1.8287719960740825
                    ]
                ],
                "mui": [
                    0.0,
                    0.0,
                    0.0,
                    0.0,
                    0.0,
                    0.0
                ],
                "Ai": [
                    [
                        0.0,
                        0.0,
                        0.0,
                        0.0,
                        0.0,
                        0.0
                    ],
                    [
                        0.7726992189538125,
                        0.0,
                        0.0,
                        0.0,
                        0.0,
                        0.0
                    ],
                    [
                        0.6587189419302364,
                        -0.8974324123853594,
                        0.0,
                        0.0,
                        0.0,
                        0.0
                    ],
                    [
                        -0.9190388123598433,
                        -0.0,
                        0.7389667760330494,
                        0.0,
                        0.0,
                        0.0
                    ],
                    [
                        0.0,
                        0.8297102255368942,
                        -0.0,
                        -0.985019113766322,
                        0.0,
                        0.0
                    ],
                    [
                        0.0,
                        -0.0,
                        0.0,
                        -0.8895301071150005,
                        -0.7028976479558883,
                        0.0
                    ]
                ]
            },
            "est_params": {
                "mui": [
                    -0.003104764271724182,
                    -0.0003244101785955873,
                    0.024212848394774965,
                    0.013965961566065593,
                    -0.016295947642608218,
                    -0.010226455719314794
                ],
                "Si": [
                    [
                        0.9984003580610425,
                        0.7672248898953877,
                        -0.02109253392817883,
                        -0.9293192059338162,
                        1.5450985343740444,
                        -0.2539740875756117
                    ],
                    [
                        0.7672248898953877,
                        1.5973526648874699,
                        -0.9053610807767115,
                        -1.3767351909700207,
                        2.673019471051441,
                        -0.634607042548347
                    ],
                    [
                        -0.02109253392817883,
                        -0.9053610807767115,
