{
    "expt_args": {
        "save_dir": "expt_logs_29.04.24-10",
        "exp_name": "133",
        "num_nodes": 6,
        "obs_noise_mean": 0.0,
        "obs_noise_var": 1.0,
        "max_edge_strength": 1.0,
        "num_parents": 2,
        "new_noise_mean": 10.0,
        "mix_samples": 32768,
        "stage2_samples": 32768,
        "intv_targets": [
            0,
            1,
            2,
            3,
            4,
            5
        ]
    },
    "intv_args_dict": {
        "0": {
            "intv_type": "do",
            "inode": 0,
            "new_mui": 10.0,
            "true_params": {
                "Si": [
                    [
                        0.0,
                        0.0,
                        0.0,
                        0.0,
                        0.0,
                        0.0
                    ],
                    [
                        0.0,
                        1.0,
                        -0.7398149548014418,
                        -1.6213914598102621,
                        -1.7423891844570436,
                        -0.852095500455884
                    ],
                    [
                        0.0,
                        -0.7398149548014418,
                        1.5473261673478593,
                        2.084184274567942,
                        2.715341635517437,
                        0.49921390899105134
                    ],
                    [
                        0.0,
                        -1.6213914598102621,
                        2.084184274567942,
                        4.411524071502491,
                        4.797585278591576,
                        2.2471571786881634
                    ],
                    [
                        0.0,
                        -1.7423891844570436,
                        2.715341635517437,
                        4.797585278591576,
                        6.575350545305814,
                        1.9952333847747734
                    ],
                    [
                        0.0,
                        -0.852095500455884,
                        0.49921390899105134,
                        2.2471571786881634,
                        1.9952333847747734,
                        2.7068623264701444
                    ]
                ],
                "mui": [
                    10.0,
                    9.092059294528303,
                    -16.225479971630136,
                    -23.145155665928712,
                    -29.39034701417052,
                    -6.501227629696831
                ],
                "Ai": [
                    [
                        0.0,
                        0.0,
                        0.0,
                        0.0,
                        0.0,
                        0.0
                    ],
                    [
                        0.9092059294528303,
                        0.0,
                        0.0,
                        0.0,
                        0.0,
                        0.0
                    ],
                    [
                        -0.9499038535596652,
                        -0.7398149548014418,
                        0.0,
                        0.0,
                        0.0,
                        0.0
                    ],
                    [
                        -0.0,
                        -0.9669107383914056,
                        0.8846546250129695,
                        0.0,
                        0.0,
                        0.0
                    ],
                    [
                        -0.0,
                        0.0,
                        0.7975623490907999,
                        0.7107109293322358,
                        0.0,
                        0.0
                    ],
                    [
                        -0.0,
                        0.0,
                        -0.999578177641901,
                        0.9816249957026331,
                        0.0,
                        0.0
                    ]
                ]
            },
            "est_params": {
                "mui": [
                    10.0,
                    9.110799132482075,
                    -16.240686859671765,
                    -23.200625695507146,
                    -29.43042330349544,
                    -6.530341977834619
                ],
                "Si": [
                    [
                        1e-06,
                        0.0,
                        0.0,
                        0.0,
                        0.0,
                        0.0
                    ],
                    [
                        0.0,
                        1.0065280858635688,
                        -0.7401734389769291,
                        -1.6311965193783475,
                        -1.7488727861857278,
                        -0.8788107006929304
                    ],
                    [
                        0.0,
                        -0.7401734389769291,
                        1.5630770652168304,
                        2.106374798237695,
                        2.7474238380743548,
                        0.5009501075541165
                    ],
                    [
                        0.0,
                        -1.6311965193783475,
                        2.106374798237695,
                        4.478923552713254,
                        4.855798985484852,
                        2.302271574349486
                    ],
                    [
                        0.0,
                        -1.7488727861857278,
                        2.7474238380743548,
                        4.855798985484852,
                        6.646804979178264,
                        2.008483879310699
                    ],
                    [
                        0.0,
                        -0.8788107006929304,
                        0.5009501075541165,
                        2.302271574349486,
                        2.008483879310699,
                        2.8107868333688644
                    ]
                ]
            },
            "est_tgt": [
                0,
                3
            ]
        },
        "1": {
            "intv_type": "do",
            "inode": 1,
            "new_mui": 10.0,
            "true_params": {
                "Si": [
                    [
                        1.0,
                        0.0,
                        -0.9499038535596652,
                        -0.8403368373692004,
                        -1.3548441234942261,
                        0.12460751850488382
                    ],
                    [
                        0.0,
                        0.0,
                        0.0,
                        0.0,
                        0.0,
                        0.0
                    ],
                    [
                        -0.9499038535596652,
                        0.0,
                        1.9023173310075019,
                        1.6828938251181147,
                        2.7132677136516605,
                        -0.24954424717552678
                    ],
                    [
                        -0.8403368373692004,
                        0.0,
                        1.6828938251181147,
                        2.488779805796508,
                        3.111015761112543,
                        0.7608645232934237
                    ],
                    [
                        -1.3548441234942261,
                        0.0,
                        2.7132677136516605,
                        3.111015761112543,
                        5.375033074159771,
                        0.3417276364663893
                    ],
                    [
                        0.12460751850488382,
                        0.0,
                        -0.24954424717552678,
                        0.7608645232934237,
                        0.3417276364663893,
                        1.9963226182409262
                    ]
                ],
                "mui": [
                    0.0,
                    10.0,
                    -7.398149548014418,
                    -16.213914598102622,
                    -17.423891844570434,
                    -8.52095500455884
                ],
                "Ai": [
                    [
                        0.0,
                        0.0,
                        0.0,
                        0.0,
                        0.0,
                        0.0
                    ],
                    [
                        0.0,
                        0.0,
                        0.0,
                        0.0,
                        0.0,
                        0.0
                    ],
                    [
                        -0.9499038535596652,
                        -0.7398149548014418,
                        0.0,
                        0.0,
                        0.0,
                        0.0
                    ],
                    [
                        -0.0,
                        -0.9669107383914056,
                        0.8846546250129695,
                        0.0,
                        0.0,
                        0.0
                    ],
                    [
                        -0.0,
                        0.0,
                        0.7975623490907999,
                        0.7107109293322358,
                        0.0,
                        0.0
                    ],
                    [
                        -0.0,
                        0.0,
                        -0.999578177641901,
                        0.9816249957026331,
                        0.0,
                        0.0
                    ]
                ]
            },
            "est_params": {
                "mui": [
                    -0.006199185952502814,
                    10.0,
                    -7.410715463131531,
                    -16.217369241373373,
                    -17.44536356235553,
                    -8.515147497756178
                ],
                "Si": [
                    [
                        0.9432836038861171,
                        6.384540027228383e-30,
                        -0.9106247081255924,
                        -0.8120748019612904,
                        -1.294187561120638,
                        0.10947282052373739
                    ],
                    [
                        6.384540027228383e-30,
                        1e-06,
                        -9.573683869414834e-30,
                        -8.956164599117294e-30,
                        -1.28597823741685e-29,
                        -9.231948437740973e-31
                    ],
                    [
                        -0.9106247081255924,
                        -9.57368386941483e-30,
                        1.8715622861864327,
                        1.6543874311988507,
                        2.6432459823790544,
                        -0.23741920975804554
                    ],
                    [
                        -0.8120748019612904,
                        -8.956164599117304e-30,
                        1.6543874311988507,
                        2.4440314302004937,
                        3.023996623288907,
                        0.7758892301461469
                    ],
                    [
                        -1.294187561120638,
                        -1.28597823741685e-29,
                        2.6432459823790544,
                        3.023996623288907,
                        5.21727839442018,
                        0.3710542799438177
                    ],
                    [
                        0.10947282052373739,
                        -9.231948437740975e-31,
                        -0.23741920975804554,
                        0.7758892301461469,
                        0.3710542799438177,
                        2.0274258353090486
                    ]
                ]
            },
            "est_tgt": [
                1,
                2,
                3
            ]
        },
        "2": {
            "intv_type": "do",
            "inode": 2,
            "new_mui": 10.0,
            "true_params": {
                "Si": [
                    [
                        1.0,
                        0.9092059294528303,
                        0.0,
                        -0.8791209765970804,
                        -0.6248008862727737,
                        -0.8629671248742037
                    ],
                    [
                        0.9092059294528303,
                        1.826655422152185,
                        0.0,
                        -1.766212743019834,
                        -1.2552666999900635,
                        -1.7337585762767804
                    ],
                    [
                        0.0,
                        0.0,
                        0.0,
                        0.0,
                        0.0,
                        0.0
                    ],
                    [
                        -0.8791209765970804,
                        -1.766212743019834,
                        0.0,
                        2.7077700675096175,
                        1.9244417810977712,
                        2.658014780882847
                    ],
                    [
                        -0.6248008862727737,
                        -1.2552666999900635,
                        0.0,
                        1.9244417810977712,
                        2.3677218066897803,
                        1.8890801551000673
                    ],
                    [
                        -0.8629671248742037,
                        -1.7337585762767804,
                        0.0,
                        2.658014780882847,
                        1.8890801551000673,
                        3.6091737478616595
                    ]
                ],
                "mui": [
                    0.0,
                    0.0,
                    10.0,
                    8.846546250129695,
                    14.262960597718282,
                    -1.3117908516523036
                ],
                "Ai": [
                    [
                        0.0,
                        0.0,
                        0.0,
                        0.0,
                        0.0,
                        0.0
                    ],
                    [
                        0.9092059294528303,
                        0.0,
                        0.0,
                        0.0,
                        0.0,
                        0.0
                    ],
                    [
                        0.0,
                        0.0,
                        0.0,
                        0.0,
                        0.0,
                        0.0
                    ],
                    [
                        -0.0,
                        -0.9669107383914056,
                        0.8846546250129695,
                        0.0,
                        0.0,
                        0.0
                    ],
                    [
                        -0.0,
                        0.0,
                        0.7975623490907999,
                        0.7107109293322358,
                        0.0,
                        0.0
                    ],
                    [
                        -0.0,
                        0.0,
                        -0.999578177641901,
                        0.9816249957026331,
                        0.0,
                        0.0
                    ]
                ]
            },
            "est_params": {
                "mui": [
                    0.013639224537692882,
                    0.02567427080991999,
                    9.999999999999991,
                    8.82135757947341,
                    14.226963137244045,
                    -1.3446261627661853
                ],
                "Si": [
                    [
                        0.9891561795497286,
                        0.8962300477851467,
                        3.0738780229408775e-31,
                        -0.8755102518355843,
                        -0.6137533785337024,
                        -0.8545674276483687
                    ],
                    [
                        0.8962300477851467,
                        1.806581449724609,
                        3.8153836863695982e-31,
                        -1.7457403730385734,
                        -1.248195655297112,
                        -1.7058920239717397
                    ],
                    [
                        3.0738780229408775e-31,
                        3.977166740208592e-31,
                        1e-06,
                        4.951640001165463e-29,
                        1.0278347048814327e-28,
                        -9.329489438048629e-30
                    ],
                    [
                        -0.8755102518355843,
                        -1.7457403730385734,
                        4.955954215934503e-29,
                        2.6559881752730887,
                        1.8659385889559128,
                        2.596102338325051
                    ],
                    [
                        -0.6137533785337024,
                        -1.248195655297112,
                        1.0272954280353026e-28,
                        1.8659385889559128,
                        2.2962795412199353,
                        1.8442073607326628
                    ],
                    [
                        -0.8545674276483687,
                        -1.7058920239717397,
                        -9.340274974971228e-30,
                        2.596102338325051,
                        1.8442073607326628,
                        3.532325317488965
                    ]
                ]
            },
            "est_tgt": [
                1,
                2,
                3
            ]
        },
        "3": {
            "intv_type": "do",
            "inode": 3,
            "new_mui": 10.0,
            "true_params": {
                "Si": [
                    [
                        1.0,
                        0.9092059294528303,
                        -1.6225479971630137,
                        0.0,
                        -1.2940831921299059,
                        1.6218635701407216
                    ],
                    [
                        0.9092059294528303,
                        1.826655422152185,
                        -2.215045214643868,
                        0.0,
                        -1.7666366647336986,
                        2.214110859048131
                    ],
                    [
                        -1.6225479971630137,
                        -2.215045214643868,
                        4.179988170445567,
                        0.0,
                        3.333801184392321,
                        -4.178224957978683
                    ],
                    [
                        0.0,
                        0.0,
                        0.0,
                        0.0,
                        0.0,
                        0.0
                    ],
                    [
                        -1.2940831921299059,
                        -1.7666366647336986,
                        3.333801184392321,
                        0.0,
                        3.6589143040256307,
                        -3.332394912515287
                    ],
                    [
                        1.6218635701407216,
                        2.214110859048131,
                        -4.178224957978683,
                        0.0,
                        -3.332394912515287,
                        5.176462489274241
                    ]
                ],
                "mui": [
                    0.0,
                    0.0,
                    0.0,
                    10.0,
                    7.107109293322358,
                    9.816249957026331
                ],
                "Ai": [
                    [
                        0.0,
                        0.0,
                        0.0,
                        0.0,
                        0.0,
                        0.0
                    ],
                    [
                        0.9092059294528303,
                        0.0,
                        0.0,
                        0.0,
                        0.0,
                        0.0
                    ],
                    [
                        -0.9499038535596652,
                        -0.7398149548014418,
                        0.0,
                        0.0,
                        0.0,
                        0.0
                    ],
                    [
                        0.0,
                        0.0,
                        0.0,
                        0.0,
                        0.0,
                        0.0
                    ],
                    [
                        -0.0,
                        0.0,
                        0.7975623490907999,
                        0.7107109293322358,
                        0.0,
                        0.0
                    ],
                    [
                        -0.0,
                        0.0,
                        -0.999578177641901,
                        0.9816249957026331,
                        0.0,
                        0.0
                    ]
                ]
            },
            "est_params": {
                "mui": [
                    0.012985951364720142,
                    0.01805650201876475,
                    -0.005938779920072576,
                    10.000000046740107,
                    7.075567745991259,
                    9.817309306064704
                ],
                "Si": [
                    [
                        0.9924827610170344,
                        0.9040609695294167,
                        -1.6273839598036215,
                        -1.3276478693936947e-07,
                        -1.2915460089529684,
                        1.6397979229701412
                    ],
                    [
                        0.9040609695294168,
                        1.825210064931943,
                        -2.2280788426265326,
                        -1.3734081392792732e-07,
                        -1.7670723410508418,
                        2.235386653695493
                    ],
                    [
                        -1.6273839598036215,
                        -2.2280788426265326,
                        4.234081820201655,
                        2.3966538060628585e-07,
                        3.359568073601699,
                        -4.257494857191332
                    ],
                    [
                        -1.3276478693936947e-07,
                        -1.3734081392792732e-07,
                        2.3966538060628585e-07,
                        1.0000107941503508e-06,
                        1.3668832652798632e-07,
                        -1.2705937194257085e-07
                    ],
                    [
                        -1.2915460089529684,
                        -1.7670723410508418,
                        3.359568073601699,
                        1.3668832652798632e-07,
                        3.653683473589522,
                        -3.3602832606500677
                    ],
                    [
                        1.6397979229701412,
                        2.235386653695493,
                        -4.257494857191332,
                        -1.2705937194257082e-07,
                        -3.3602832606500677,
                        5.288233512960178
                    ]
                ]
            },
            "est_tgt": [
                1,
                3
            ]
        },
        "4": {
            "intv_type": "do",
            "inode": 4,
            "new_mui": 10.0,
            "true_params": {
                "Si": [
                    [
                        1.0,
                        0.9092059294528303,
                        -1.6225479971630137,
                        -2.3145155665928714,
                        0.0,
                        -0.6501227629696831
                    ],
                    [
                        0.9092059294528303,
                        1.826655422152185,
                        -2.215045214643868,
                        -3.7257627367673782,
                        0.0,
                        -1.4431909714201767
                    ],
                    [
                        -1.6225479971630137,
                        -2.215045214643868,
                        4.179988170445567,
                        5.839596871545823,
                        0.0,
                        1.5540692959575955
                    ],
                    [
                        -2.3145155665928714,
                        -3.7257627367673782,
                        5.839596871545823,
                        9.768506379503211,
                        0.0,
                        3.7518764337778627
                    ],
                    [
                        0.0,
                        0.0,
                        0.0,
                        0.0,
                        0.0,
                        0.0
                    ],
                    [
                        -0.6501227629696831,
                        -1.4431909714201767,
                        1.5540692959575955,
                        3.7518764337778627,
                        0.0,
                        3.129521933401479
                    ]
                ],
                "mui": [
                    0.0,
                    0.0,
                    0.0,
                    0.0,
                    10.0,
                    0.0
                ],
                "Ai": [
                    [
                        0.0,
                        0.0,
                        0.0,
                        0.0,
                        0.0,
                        0.0
                    ],
                    [
                        0.9092059294528303,
                        0.0,
                        0.0,
                        0.0,
                        0.0,
                        0.0
                    ],
                    [
                        -0.9499038535596652,
                        -0.7398149548014418,
                        0.0,
                        0.0,
                        0.0,
                        0.0
                    ],
                    [
                        -0.0,
                        -0.9669107383914056,
                        0.8846546250129695,
                        0.0,
                        0.0,
                        0.0
                    ],
                    [
                        0.0,
                        0.0,
                        0.0,
                        0.0,
                        0.0,
                        0.0
                    ],
                    [
                        -0.0,
                        0.0,
                        -0.999578177641901,
                        0.9816249957026331,
                        0.0,
                        0.0
                    ]
                ]
            },
            "est_params": {
                "mui": [
                    0.0049363786509417735,
                    -0.010078628786254873,
                    0.0011100647732902582,
                    0.012384277436446873,
                    9.999999999999993,
                    0.024706659502643773
                ],
                "Si": [
                    [
                        0.9931438580852529,
                        0.907354637560068,
                        -1.616188791744076,
                        -2.2969779103232058,
                        -6.714022093769252e-17,
                        -0.653072231656299
                    ],
                    [
                        0.907354637560068,
                        1.8518443502694484,
                        -2.223089003698499,
                        -3.7523724923773636,
                        -4.215321067957265e-17,
                        -1.4568146716648473
                    ],
                    [
                        -1.616188791744076,
                        -2.2230890036984996,
                        4.165471586944487,
                        5.79601711792056,
                        4.86962035446251e-17,
                        1.526795478017392
                    ],
                    [
                        -2.2969779103232058,
                        -3.7523724923773636,
                        5.7960171179205595,
                        9.70077066831646,
                        3.348357336088856e-16,
                        3.699873301925215
                    ],
                    [
                        -6.714022093769253e-17,
                        -4.2153210679572614e-17,
                        4.869620354462514e-17,
                        3.3483573360888527e-16,
                        1.0000000000001628e-06,
                        2.9293674543667655e-16
                    ],
                    [
                        -0.653072231656299,
                        -1.4568146716648471,
                        1.526795478017392,
                        3.699873301925215,
                        2.9293674543667645e-16,
                        3.0652289551043705
                    ]
                ]
            },
            "est_tgt": [
                4
            ]
        },
        "5": {
            "intv_type": "do",
            "inode": 5,
            "new_mui": 10.0,
            "true_params": {
                "Si": [
                    [
                        1.0,
                        0.9092059294528303,
                        -1.6225479971630137,
                        -2.3145155665928714,
                        -2.939034701417052,
                        0.0
                    ],
                    [
                        0.9092059294528303,
                        1.826655422152185,
                        -2.215045214643868,
                        -3.7257627367673782,
                        -4.414576961853056,
                        0.0
                    ],
                    [
                        -1.6225479971630137,
                        -2.215045214643868,
                        4.179988170445567,
                        5.839596871545823,
                        7.48406650389427,
                        0.0
                    ],
                    [
                        -2.3145155665928714,
                        -3.7257627367673782,
                        5.839596871545823,
                        9.768506379503211,
                        11.600026845777975,
                        0.0
                    ],
                    [
                        -2.939034701417052,
                        -4.414576961853056,
                        7.48406650389427,
                        11.600026845777975,
                        15.213275521439435,
                        0.0
                    ],
                    [
                        0.0,
                        0.0,
                        0.0,
                        0.0,
                        0.0,
                        0.0
                    ]
                ],
                "mui": [
                    0.0,
                    0.0,
                    0.0,
                    0.0,
                    0.0,
                    10.0
                ],
                "Ai": [
                    [
                        0.0,
                        0.0,
                        0.0,
                        0.0,
                        0.0,
                        0.0
                    ],
                    [
                        0.9092059294528303,
                        0.0,
                        0.0,
                        0.0,
                        0.0,
                        0.0
                    ],
                    [
                        -0.9499038535596652,
                        -0.7398149548014418,
                        0.0,
                        0.0,
                        0.0,
                        0.0
                    ],
                    [
                        -0.0,
                        -0.9669107383914056,
                        0.8846546250129695,
                        0.0,
                        0.0,
                        0.0
                    ],
                    [
                        -0.0,
                        0.0,
                        0.7975623490907999,
                        0.7107109293322358,
                        0.0,
                        0.0
                    ],
                    [
                        0.0,
                        0.0,
                        0.0,
                        0.0,
                        0.0,
                        0.0
                    ]
                ]
            },
            "est_params": {
                "mui": [
                    -0.012932763803060774,
                    -0.003009398493553031,
                    0.007572913314664387,
                    0.004048199694733993,
                    0.018847722433821674,
                    9.999999999999993
                ],
                "Si": [
                    [
                        0.9947780744051146,
                        0.890850587147994,
                        -1.5932398650338497,
                        -2.279386404444719,
                        -2.886671073723792,
                        1.4438581715809562e-24
                    ],
                    [
                        0.890850587147994,
                        1.782851730804694,
                        -2.144210086042495,
                        -3.6387049601949846,
                        -4.30830402957934,
                        3.0395219011889445e-24
                    ],
                    [
                        -1.5932398650338497,
                        -2.144210086042495,
                        4.104661288991333,
                        5.720874160150903,
                        7.310407209482954,
                        -3.7595127147839565e-24
                    ],
                    [
                        -2.279386404444719,
                        -3.6387049601949846,
                        5.720874160150903,
                        9.610528384000856,
                        11.379052511005083,
                        -4.982806238489943e-23
                    ],
                    [
                        -2.886671073723792,
                        -4.30830402957934,
                        7.310407209482954,
                        11.379052511005083,
                        14.892493294343847,
                        -3.79261759995556e-23
                    ],
                    [
                        1.4438581661881878e-24,
                        3.0395219011889445e-24,
                        -3.759512725569493e-24,
                        -4.982806242804158e-23,
                        -3.7926175977984524e-23,
                        1e-06
                    ]
                ]
            },
            "est_tgt": [
                5
            ]
        },
        "obs": {
            "intv_type": "obs",
            "true_params": {
                "Si": [
                    [
                        1.0,
                        0.9092059294528303,
                        -1.6225479971630137,
                        -2.3145155665928714,
                        -2.939034701417052,
                        -0.6501227629696831
                    ],
                    [
                        0.9092059294528303,
                        1.826655422152185,
                        -2.215045214643868,
                        -3.7257627367673782,
                        -4.414576961853056,
                        -1.4431909714201767
                    ],
                    [
                        -1.6225479971630137,
                        -2.215045214643868,
                        4.179988170445567,
                        5.839596871545823,
                        7.48406650389427,
                        1.5540692959575955
                    ],
                    [
                        -2.3145155665928714,
                        -3.7257627367673782,
                        5.839596871545823,
                        9.768506379503211,
                        11.600026845777975,
                        3.7518764337778627
                    ],
                    [
                        -2.939034701417052,
                        -4.414576961853056,
                        7.48406650389427,
                        11.600026845777975,
                        15.213275521439435,
                        3.9059667453238047
                    ],
                    [
                        -0.6501227629696831,
                        -1.4431909714201767,
                        1.5540692959575955,
                        3.7518764337778627,
                        3.9059667453238047,
                        3.129521933401479
                    ]
                ],
                "mui": [
                    0.0,
                    0.0,
                    0.0,
                    0.0,
                    0.0,
                    0.0
                ],
                "Ai": [
                    [
                        0.0,
                        0.0,
                        0.0,
                        0.0,
                        0.0,
                        0.0
                    ],
                    [
                        0.9092059294528303,
                        0.0,
                        0.0,
                        0.0,
                        0.0,
                        0.0
                    ],
                    [
                        -0.9499038535596652,
                        -0.7398149548014418,
                        0.0,
                        0.0,
                        0.0,
                        0.0
                    ],
                    [
                        -0.0,
                        -0.9669107383914056,
                        0.8846546250129695,
                        0.0,
                        0.0,
                        0.0
                    ],
                    [
                        -0.0,
                        0.0,
                        0.7975623490907999,
                        0.7107109293322358,
                        0.0,
                        0.0
                    ],
                    [
                        -0.0,
                        0.0,
                        -0.999578177641901,
                        0.9816249957026331,
                        0.0,
                        0.0
                    ]
                ]
            },
            "est_params": {
                "mui": [
                    -0.01157961629445376,
                    -0.010598436680078155,
                    0.03672295218308393,
                    0.04859115111878477,
                    0.08648628307407523,
                    0.01506611363161414
                ],
                "Si": [
                    [
                        1.0283654035904863,
                        0.9206517690956578,
                        -1.6301334776501255,
                        -2.335602609634845,
                        -2.9553301292106093,
                        -0.6678761692238573
                    ],
                    [
                        0.9206517690956578,
