{
    "expt_args": {
        "save_dir": "all_expt_logs/expt_logs_sim_compsel_backward_cameraready_all",
        "exp_name": "178",
        "num_nodes": 6,
        "num_tgt_prior": 7,
        "obs_noise_mean": 0.0,
        "obs_noise_var": 1.0,
        "obs_noise_gamma_shape": null,
        "noise_type": "gaussian",
        "max_edge_strength": 1.0,
        "graph_sparsity_method": "adj_dense_prop",
        "adj_dense_prop": 0.8,
        "num_parents": null,
        "new_noise_mean": 1.0,
        "mix_samples": 4096,
        "stage2_samples": 4096,
        "gmm_tol": 0.001,
        "intv_type": "do",
        "new_noise_var": null,
        "dtype": "simulation",
        "cutoff_drop_ratio": 0.07,
        "intv_targets": [
            0,
            1,
            2,
            3,
            4,
            5
        ]
    },
    "intv_args_dict": {
        "0": {
            "intv_type": "do",
            "inode": 0,
            "new_mui": 1.0,
            "new_vari": null,
            "noise_type": "gaussian",
            "obs_noise_gamma_shape": null,
            "true_params": {
                "Si": [
                    [
                        1e-09,
                        6.343488685976746e-10,
                        -4.766567901699133e-10,
                        -9.043801222000094e-10,
                        -9.024735604298625e-10,
                        5.099769575725647e-10
                    ],
                    [
                        6.343488685976746e-10,
                        1.0000000004023986,
                        0.7914828543356284,
                        1.062172075340502,
                        0.9697986552491493,
                        -1.2694861031777684
                    ],
                    [
                        -4.766567901699133e-10,
                        0.7914828543356284,
                        1.6264451094131114,
                        1.5219778054867426,
                        2.096235219226288,
                        -1.2611462168448733
                    ],
                    [
                        -9.043801222000094e-10,
                        1.062172075340502,
                        1.5219778054867426,
                        2.5923612484513865,
                        2.781263636307367,
                        -1.5357850160388546
                    ],
                    [
                        -9.024735604298625e-10,
                        0.9697986552491493,
                        2.096235219226288,
                        2.781263636307367,
                        4.421509819652114,
                        -0.8870737239707392
                    ],
                    [
                        5.099769575725647e-10,
                        -1.2694861031777684,
                        -1.2611462168448733,
                        -1.5357850160388546,
                        -0.8870737239707392,
                        3.161136320673946
                    ]
                ],
                "mui": [
                    1.0,
                    0.6343488685976746,
                    -0.47665679016991325,
                    -0.9043801222000094,
                    -0.9024735604298625,
                    0.5099769575725647
                ],
                "Ai": [
                    [
                        0.0,
                        0.0,
                        0.0,
                        0.0,
                        0.0,
                        0.0
                    ],
                    [
                        0.6343488685976746,
                        0.0,
                        0.0,
                        0.0,
                        0.0,
                        0.0
                    ],
                    [
                        -0.9787330435239832,
                        0.7914828546379951,
                        0.0,
                        0.0,
                        0.0,
                        0.0
                    ],
                    [
                        -0.9113698556302396,
                        0.5229452401433594,
                        0.6812868182943319,
                        0.0,
                        0.0,
                        0.0
                    ],
                    [
                        0.5537312649968555,
                        -0.524208356125325,
                        0.7523048517355309,
                        0.8459746219217075,
                        0.0,
                        0.0
                    ],
                    [
                        0.6676782166850845,
                        -0.6953646220911749,
                        -0.7709022689698377,
                        -0.6010462729711052,
                        0.6954526184529094,
                        0.0
                    ]
                ]
            },
            "est_params": {
                "mui": [
                    1.0000045115715261,
                    0.6098774746195956,
                    -0.5149919811412481,
                    -0.9721992270514657,
                    -1.0038688676870944,
                    0.5011250583507338
                ],
                "Si": [
                    [
                        1.0131328459289016e-06,
                        -3.274664389531475e-06,
                        1.4094877002028978e-05,
                        1.2498117649192856e-05,
                        1.767623473591613e-05,
                        -7.426009659075435e-06
                    ],
                    [
                        -3.274664389531475e-06,
                        0.9531138695807533,
                        0.7464787017804082,
                        1.0065661009082731,
                        0.9050808278532686,
                        -1.1512671122253268
                    ],
                    [
                        1.4094877002028981e-05,
                        0.7464787017804081,
                        1.6752521748341822,
                        1.5705800099874394,
                        2.205135401116105,
                        -1.233758429270084
                    ],
                    [
                        1.2498117649192856e-05,
                        1.0065661009082731,
                        1.5705800099874394,
                        2.596691178713664,
                        2.8801298291792907,
                        -1.419207973012102
                    ],
                    [
                        1.767623473591613e-05,
                        0.9050808278532686,
                        2.2051354011161046,
                        2.8801298291792907,
                        4.5310280204819025,
                        -0.9138311556890013
                    ],
                    [
                        -7.426009659075437e-06,
                        -1.151267112225327,
                        -1.233758429270084,
                        -1.419207973012102,
                        -0.9138311556890013,
                        2.8590266520650336
                    ]
                ]
            },
            "est_tgt": [
                0
            ],
            "oracle_est_tgt": [
                0,
                1,
                2,
                3,
                5
            ]
        },
        "1": {
            "intv_type": "do",
            "inode": 1,
            "new_mui": 1.0,
            "new_vari": null,
            "noise_type": "gaussian",
            "obs_noise_gamma_shape": null,
            "true_params": {
                "Si": [
                    [
                        1.0,
                        0.0,
                        -0.9787330435239832,
                        -1.578167776812222,
                        -1.5176642405178606,
                        1.315274031029067
                    ],
                    [
                        0.0,
                        1e-09,
                        7.914828546379951e-10,
                        1.0621720759141945e-09,
                        9.697986558216325e-10,
                        -1.2694861035012718e-09
                    ],
                    [
                        -0.9787330435239832,
                        7.914828546379951e-10,
                        1.9579183711121644,
                        2.2258917705259273,
                        2.8140443521994607,
                        -1.5436718879412505
                    ],
                    [
                        -1.578167776812222,
                        1.0621720759141945e-09,
                        2.2258917705259273,
                        3.9547652616782547,
                        4.146299385453904,
                        -2.2630954204738782
                    ],
                    [
                        -1.5176642405178606,
                        9.697986558216325e-10,
                        2.8140443521994607,
                        4.146299385453904,
                        5.784305133891373,
                        -1.6520721713564637
                    ],
                    [
                        1.315274031029067,
                        -1.2694861035012718e-09,
                        -1.5436718879412505,
                        -2.2630954204738782,
                        -1.6520721713564637,
                        3.2794871317420737
                    ]
                ],
                "mui": [
                    0.0,
                    1.0,
                    0.7914828546379951,
                    1.0621720759141944,
                    0.9697986558216324,
                    -1.2694861035012717
                ],
                "Ai": [
                    [
                        0.0,
                        0.0,
                        0.0,
                        0.0,
                        0.0,
                        0.0
                    ],
                    [
                        0.0,
                        0.0,
                        0.0,
                        0.0,
                        0.0,
                        0.0
                    ],
                    [
                        -0.9787330435239832,
                        0.7914828546379951,
                        0.0,
                        0.0,
                        0.0,
                        0.0
                    ],
                    [
                        -0.9113698556302396,
                        0.5229452401433594,
                        0.6812868182943319,
                        0.0,
                        0.0,
                        0.0
                    ],
                    [
                        0.5537312649968555,
                        -0.524208356125325,
                        0.7523048517355309,
                        0.8459746219217075,
                        0.0,
                        0.0
                    ],
                    [
                        0.6676782166850845,
                        -0.6953646220911749,
                        -0.7709022689698377,
                        -0.6010462729711052,
                        0.6954526184529094,
                        0.0
                    ]
                ]
            },
            "est_params": {
                "mui": [
                    0.0019828467329891576,
                    0.9999992273133231,
                    0.7749992437197132,
                    1.0454815520493979,
                    0.8888627317648602,
                    -1.3121115101898158
                ],
                "Si": [
                    [
                        0.9778154596811032,
                        -7.15404946461353e-06,
                        -0.912013526538705,
                        -1.580904672464988,
                        -1.4984816193325945,
                        1.243803933345112
                    ],
                    [
                        -7.154049464613528e-06,
                        1.0186094801783997e-06,
                        4.899267229916915e-06,
                        1.1968687745708295e-05,
                        -1.2153604498403296e-06,
                        -2.362807760949003e-05
                    ],
                    [
                        -0.912013526538705,
                        4.899267229916915e-06,
                        1.8798127860276643,
                        2.1253728959685563,
                        2.731024096676258,
                        -1.4630424808259535
                    ],
                    [
                        -1.580904672464988,
                        1.1968687745708295e-05,
                        2.1253728959685563,
                        4.047885456529023,
                        4.0949255962784115,
                        -2.320949893998729
                    ],
                    [
                        -1.4984816193325945,
                        -1.2153604498403298e-06,
                        2.731024096676258,
                        4.0949255962784115,
                        5.652143956487618,
                        -1.6924131133447036
                    ],
                    [
                        1.2438039333451123,
                        -2.3628077609490027e-05,
                        -1.4630424808259532,
                        -2.320949893998729,
                        -1.6924131133447036,
                        3.266009619190476
                    ]
                ]
            },
            "est_tgt": [
                1,
                3,
                4,
                5
            ],
            "oracle_est_tgt": [
                1,
                5
            ]
        },
        "2": {
            "intv_type": "do",
            "inode": 2,
            "new_mui": 1.0,
            "new_vari": null,
            "noise_type": "gaussian",
            "obs_noise_gamma_shape": null,
            "true_params": {
                "Si": [
                    [
                        1.0,
                        0.6343488685976746,
                        0.0,
                        -0.5796401342067603,
                        -0.2691605560069031,
                        0.38777658426890094
                    ],
                    [
                        0.6343488685976746,
                        1.40239848709115,
                        0.0,
                        0.15525117681549677,
                        -0.25255164848339,
                        -0.8205882190875813
                    ],
                    [
                        0.0,
                        0.0,
                        1e-09,
                        6.81286818294332e-10,
                        1.3286562102623214e-09,
                        -2.563697314793377e-10
                    ],
                    [
                        -0.5796401342067603,
                        0.15525117681549677,
                        6.81286818294332e-10,
                        1.6094544098359786,
                        0.959208757431522,
                        -0.7952416000971075
                    ],
                    [
                        -0.2691605560069031,
                        -0.25255164848339,
                        1.3286562102623214e-09,
                        0.959208757431522,
                        1.7948133362349366,
                        0.6675816262085642
                    ],
                    [
                        0.38777658426890094,
                        -0.8205882190875813,
                        -2.563697314793377e-10,
                        -0.7952416000971075,
                        0.6675816262085642,
                        2.7717663851405776
                    ]
                ],
                "mui": [
                    0.0,
                    0.0,
                    1.0,
                    0.6812868182943319,
                    1.3286562102623214,
                    -0.2563697314793377
                ],
                "Ai": [
                    [
                        0.0,
                        0.0,
                        0.0,
                        0.0,
                        0.0,
                        0.0
                    ],
                    [
                        0.6343488685976746,
                        0.0,
                        0.0,
                        0.0,
                        0.0,
                        0.0
                    ],
                    [
                        0.0,
                        0.0,
                        0.0,
                        0.0,
                        0.0,
                        0.0
                    ],
                    [
                        -0.9113698556302396,
                        0.5229452401433594,
                        0.6812868182943319,
                        0.0,
                        0.0,
                        0.0
                    ],
                    [
                        0.5537312649968555,
                        -0.524208356125325,
                        0.7523048517355309,
                        0.8459746219217075,
                        0.0,
                        0.0
                    ],
                    [
                        0.6676782166850845,
                        -0.6953646220911749,
                        -0.7709022689698377,
                        -0.6010462729711052,
                        0.6954526184529094,
                        0.0
                    ]
                ]
            },
            "est_params": {
                "mui": [
                    -0.000338116816099296,
                    -0.07229240402494241,
                    1.0000020285816138,
                    0.601341770276172,
                    1.3506443948461748,
                    -0.1309371706176301
                ],
                "Si": [
                    [
                        1.103680584077672,
                        0.7816401540555714,
                        5.300433524515135e-06,
                        -0.5395262573865206,
                        -0.23575860548518257,
                        0.37189344638367683
                    ],
                    [
                        0.7816401540555713,
                        1.550096716086533,
                        -3.8057609576236706e-06,
                        0.09045497791855502,
                        -0.2724462739329532,
                        -0.7885934771455412
                    ],
                    [
                        5.300433524515135e-06,
                        -3.8057609576236714e-06,
                        1.023859958950207e-06,
                        -8.906600067028575e-06,
                        -8.12346189493753e-07,
                        5.708711284601529e-06
                    ],
                    [
                        -0.5395262573865205,
                        0.09045497791855499,
                        -8.906600067028575e-06,
                        1.4576491828364535,
                        0.8462175836066741,
                        -0.7493896025181226
                    ],
                    [
                        -0.2357586054851826,
                        -0.2724462739329531,
                        -8.123461894937544e-07,
                        0.8462175836066741,
                        1.625352233726523,
                        0.6349155436041004
                    ],
                    [
                        0.3718934463836769,
                        -0.7885934771455412,
                        5.708711284601529e-06,
                        -0.7493896025181226,
                        0.6349155436041004,
                        2.690865073497881
                    ]
                ]
            },
            "est_tgt": [
                1,
                2,
                3,
                4,
                5
            ],
            "oracle_est_tgt": [
                0,
                2,
                3,
                5
            ]
        },
        "3": {
            "intv_type": "do",
            "inode": 3,
            "new_mui": 1.0,
            "new_vari": null,
            "noise_type": "gaussian",
            "obs_noise_gamma_shape": null,
            "true_params": {
                "Si": [
                    [
                        1.0,
                        0.6343488685976746,
                        -0.47665679016991325,
                        0.0,
                        -0.1373909284782019,
                        0.4984813754987223
                    ],
                    [
                        0.6343488685976746,
                        1.40239848709115,
                        0.4891161590843114,
                        0.0,
                        -0.01592574455140483,
                        -0.9397737302328707
                    ],
                    [
                        -0.47665679016991325,
                        0.4891161590843114,
                        1.8536468048009942,
                        0.0,
                        0.874168939557806,
                        -1.4794048784559306
                    ],
                    [
                        0.0,
                        0.0,
                        0.0,
                        1e-09,
                        8.459746219217075e-10,
                        -1.2711007010943744e-11
                    ],
                    [
                        -0.1373909284782019,
                        -0.01592574455140483,
                        0.874168939557806,
                        8.459746219217075e-10,
                        1.589912290927551,
                        0.3511511155859642
                    ],
                    [
                        0.4984813754987223,
                        -0.9397737302328707,
                        -1.4794048784559306,
                        -1.2711007010943744e-11,
                        0.3511511155859642,
                        3.3709961009595917
                    ]
                ],
                "mui": [
                    0.0,
                    0.0,
                    0.0,
                    1.0,
                    0.8459746219217075,
                    -0.012711007010943742
                ],
                "Ai": [
                    [
                        0.0,
                        0.0,
                        0.0,
                        0.0,
                        0.0,
                        0.0
                    ],
                    [
                        0.6343488685976746,
                        0.0,
                        0.0,
                        0.0,
                        0.0,
                        0.0
                    ],
                    [
                        -0.9787330435239832,
                        0.7914828546379951,
                        0.0,
                        0.0,
                        0.0,
                        0.0
                    ],
                    [
                        0.0,
                        0.0,
                        0.0,
                        0.0,
                        0.0,
                        0.0
                    ],
                    [
                        0.5537312649968555,
                        -0.524208356125325,
                        0.7523048517355309,
                        0.8459746219217075,
                        0.0,
                        0.0
                    ],
                    [
                        0.6676782166850845,
                        -0.6953646220911749,
                        -0.7709022689698377,
                        -0.6010462729711052,
                        0.6954526184529094,
                        0.0
                    ]
                ]
            },
            "est_params": {
                "mui": [
                    -0.04195240938303309,
                    -0.10426971787731835,
                    -0.022512286082049363,
                    1.0000050319574234,
                    0.8491618108023734,
                    0.12042266875208618
                ],
                "Si": [
                    [
                        0.9314303349481124,
                        0.5595202549414696,
                        -0.4806627184755973,
                        -9.408661990311352e-06,
                        -0.11192090036533936,
                        0.5120990218577339
                    ],
                    [
                        0.5595202549414696,
                        1.3723269146574495,
                        0.5382070772687624,
                        -2.2467052568768803e-06,
                        0.024929172808512274,
                        -1.070488974441305
                    ],
                    [
                        -0.4806627184755973,
                        0.5382070772687623,
                        2.0161165889650765,
                        6.936685526808471e-06,
                        0.9972548065165843,
                        -1.6913832756090024
                    ],
                    [
                        -9.408661990311352e-06,
                        -2.2467052568768803e-06,
                        6.936685526808471e-06,
                        1.0210581211317118e-06,
                        -1.1551155366868969e-05,
                        -2.3210204459558543e-05
                    ],
                    [
                        -0.11192090036533937,
                        0.024929172808512274,
                        0.9972548065165843,
                        -1.1551155366868969e-05,
                        1.6450882401663653,
                        0.21185176375602707
                    ],
                    [
                        0.5120990218577339,
                        -1.070488974441305,
                        -1.6913832756090024,
                        -2.321020445955854e-05,
                        0.21185176375602707,
                        3.7600641812297204
                    ]
                ]
            },
            "est_tgt": [
                1,
                2,
                3,
                5
            ],
            "oracle_est_tgt": [
                0,
                3,
                4
            ]
        },
        "4": {
            "intv_type": "do",
            "inode": 4,
            "new_mui": 1.0,
            "new_vari": null,
            "noise_type": "gaussian",
            "obs_noise_gamma_shape": null,
            "true_params": {
                "Si": [
                    [
                        1.0,
                        0.6343488685976746,
                        -0.47665679016991325,
                        -0.9043801222000094,
                        0.0,
                        1.1376045582580325
                    ],
                    [
                        0.6343488685976746,
                        1.40239848709115,
                        0.4891161590843114,
                        0.4884795686143917,
                        0.0,
                        -1.2222969536219974
                    ],
                    [
                        -0.47665679016991325,
                        0.4891161590843114,
                        1.8536468048009942,
                        1.953056731196994,
                        0.0,
                        -3.2612254256286928
                    ],
                    [
                        -0.9043801222000094,
                        0.4884795686143917,
                        1.953056731196994,
                        3.410264653063987,
                        0.0,
                        -4.498849042900534
                    ],
                    [
                        0.0,
                        0.0,
                        0.0,
                        0.0,
                        1e-09,
                        6.954526184529094e-10
                    ],
                    [
                        1.1376045582580325,
                        -1.2222969536219974,
                        -3.2612254256286928,
                        -4.498849042900534,
                        6.954526184529094e-10,
                        7.827598372607029
                    ]
                ],
                "mui": [
                    0.0,
                    0.0,
                    0.0,
                    0.0,
                    1.0,
                    0.6954526184529094
                ],
                "Ai": [
                    [
                        0.0,
                        0.0,
                        0.0,
                        0.0,
                        0.0,
                        0.0
                    ],
                    [
                        0.6343488685976746,
                        0.0,
                        0.0,
                        0.0,
                        0.0,
                        0.0
                    ],
                    [
                        -0.9787330435239832,
                        0.7914828546379951,
                        0.0,
                        0.0,
                        0.0,
                        0.0
                    ],
                    [
                        -0.9113698556302396,
                        0.5229452401433594,
                        0.6812868182943319,
                        0.0,
                        0.0,
                        0.0
                    ],
                    [
                        0.0,
                        0.0,
                        0.0,
                        0.0,
                        0.0,
                        0.0
                    ],
                    [
                        0.6676782166850845,
                        -0.6953646220911749,
                        -0.7709022689698377,
                        -0.6010462729711052,
                        0.6954526184529094,
                        0.0
                    ]
                ]
            },
            "est_params": {
                "mui": [
                    -0.02230258077331085,
                    -0.04909594391416446,
                    -0.03617392895710451,
                    -0.026362457430125802,
                    1.0000019173569408,
                    0.7602429331611538
                ],
                "Si": [
                    [
                        1.001560090616363,
                        0.6763481773192414,
                        -0.4329385664202043,
                        -0.899859494113068,
                        3.929555614038454e-09,
                        1.0279700423288824
                    ],
                    [
                        0.6763481773192414,
                        1.5056288231573147,
                        0.49575003610875185,
                        0.4379079074410072,
                        -1.5428946190668785e-06,
                        -1.2811834850382104
                    ],
                    [
                        -0.43293856642020423,
                        0.49575003610875185,
                        1.8336759023455196,
                        1.922201822725208,
                        -3.390484868428266e-06,
                        -3.18489507002032
                    ],
                    [
                        -0.899859494113068,
                        0.43790790744100727,
                        1.922201822725208,
                        3.40377636453751,
                        -6.289580607177379e-06,
                        -4.480621074820725
                    ],
                    [
                        3.929555614038361e-09,
                        -1.542894619066879e-06,
                        -3.3904848684282668e-06,
                        -6.289580607177381e-06,
                        1.0019819951333409e-06,
                        6.972711499713599e-06
                    ],
                    [
                        1.0279700423288824,
                        -1.28118348503821,
                        -3.1848950700203202,
                        -4.480621074820725,
                        6.972711499713599e-06,
                        7.780543928455963
                    ]
                ]
            },
            "est_tgt": [
                1,
                2,
                4
            ],
            "oracle_est_tgt": [
                0,
                2,
                3,
                4,
                5
            ]
        },
        "5": {
            "intv_type": "do",
            "inode": 5,
            "new_mui": 1.0,
            "new_vari": null,
            "noise_type": "gaussian",
            "obs_noise_gamma_shape": null,
            "true_params": {
                "Si": [
                    [
                        1.0,
                        0.6343488685976746,
                        -0.47665679016991325,
                        -0.9043801222000094,
                        -0.9024735604298625,
                        0.0
                    ],
                    [
                        0.6343488685976746,
                        1.40239848709115,
                        0.4891161590843114,
                        0.4884795686143917,
                        0.397315573823634,
                        0.0
                    ],
                    [
                        -0.47665679016991325,
                        0.4891161590843114,
                        1.8536468048009942,
                        1.953056731196994,
                        2.526405369323829,
                        0.0
                    ],
                    [
                        -0.9043801222000094,
                        0.4884795686143917,
                        1.953056731196994,
                        3.410264653063987,
                        3.5974427843550245,
                        0.0
                    ],
                    [
                        -0.9024735604298625,
                        0.397315573823634,
                        2.526405369323829,
                        3.5974427843550245,
                        5.235968346112608,
                        0.0
                    ],
                    [
                        0.0,
                        0.0,
                        0.0,
                        0.0,
                        0.0,
                        1e-09
                    ]
                ],
                "mui": [
                    0.0,
                    0.0,
                    0.0,
                    0.0,
                    0.0,
                    1.0
                ],
                "Ai": [
                    [
                        0.0,
                        0.0,
                        0.0,
                        0.0,
                        0.0,
                        0.0
                    ],
                    [
                        0.6343488685976746,
                        0.0,
                        0.0,
                        0.0,
                        0.0,
                        0.0
                    ],
                    [
                        -0.9787330435239832,
                        0.7914828546379951,
                        0.0,
                        0.0,
                        0.0,
                        0.0
                    ],
                    [
                        -0.9113698556302396,
                        0.5229452401433594,
                        0.6812868182943319,
                        0.0,
                        0.0,
                        0.0
                    ],
                    [
                        0.5537312649968555,
                        -0.524208356125325,
                        0.7523048517355309,
                        0.8459746219217075,
                        0.0,
                        0.0
                    ],
                    [
                        0.0,
                        0.0,
                        0.0,
                        0.0,
                        0.0,
                        0.0
                    ]
                ]
            },
            "est_params": {
                "mui": [
                    -0.020874864254563745,
                    -0.039936359834108086,
                    -0.0413597830819579,
                    -0.0569720390254355,
                    -0.08938151921020646,
                    1.0000066724701642
                ],
                "Si": [
                    [
                        1.021552366079588,
                        0.6342961553069595,
                        -0.4895038896672761,
                        -0.9345761871056014,
                        -0.9867276073840833,
                        4.228497990154651e-06
                    ],
                    [
                        0.6342961553069593,
                        1.4263005353214642,
                        0.5267072460892553,
                        0.4618230710741371,
                        0.37719311186744686,
                        6.207374318082386e-06
                    ],
                    [
                        -0.4895038896672761,
                        0.5267072460892553,
                        1.9140857725958407,
                        2.0476680332474517,
                        2.743308546930209,
                        -8.412940335280906e-06
                    ],
                    [
                        -0.9345761871056014,
                        0.4618230710741371,
                        2.0476680332474517,
                        3.4701730550591194,
                        3.881163721351934,
                        -1.1944550715330783e-05
                    ],
                    [
                        -0.9867276073840835,
                        0.37719311186744686,
                        2.743308546930209,
                        3.881163721351934,
                        5.820322538752707,
                        -1.8765776667451564e-05
                    ],
                    [
                        4.228497990154651e-06,
                        6.207374318082385e-06,
                        -8.412940335280906e-06,
                        -1.1944550715330783e-05,
                        -1.8765776667451564e-05,
                        1.0180691452747299e-06
                    ]
                ]
            },
            "est_tgt": [
                1,
                2,
                5
            ],
            "oracle_est_tgt": [
                0,
                2,
                3,
                4,
                5
            ]
        },
        "obs": {
            "intv_type": "obs",
            "noise_type": "gaussian",
            "obs_noise_gamma_shape": null,
            "true_params": {
                "Si": [
                    [
                        1.0,
                        0.6343488685976746,
                        -0.47665679016991325,
                        -0.9043801222000094,
                        -0.9024735604298625,
                        0.5099769575725647
                    ],
                    [
                        0.6343488685976746,
                        1.40239848709115,
                        0.4891161590843114,
                        0.4884795686143917,
                        0.397315573823634,
                        -0.945982797454231
                    ],
                    [
                        -0.47665679016991325,
                        0.4891161590843114,
                        1.8536468048009942,
                        1.953056731196994,
                        2.526405369323829,
                        -1.5042301962589462
                    ],
