{
    "expt_args": {
        "save_dir": "all_expt_logs/expt_logs_sim_compsel_backward_cameraready_all",
        "exp_name": "147",
        "num_nodes": 6,
        "num_tgt_prior": 7,
        "obs_noise_mean": 0.0,
        "obs_noise_var": 1.0,
        "obs_noise_gamma_shape": null,
        "noise_type": "gaussian",
        "max_edge_strength": 1.0,
        "graph_sparsity_method": "adj_dense_prop",
        "adj_dense_prop": 0.8,
        "num_parents": null,
        "new_noise_mean": 1.0,
        "mix_samples": 16384,
        "stage2_samples": 16384,
        "gmm_tol": 0.001,
        "intv_type": "do",
        "new_noise_var": null,
        "dtype": "simulation",
        "cutoff_drop_ratio": 0.07,
        "intv_targets": [
            0,
            1,
            2,
            3,
            4,
            5
        ]
    },
    "intv_args_dict": {
        "0": {
            "intv_type": "do",
            "inode": 0,
            "new_mui": 1.0,
            "new_vari": null,
            "noise_type": "gaussian",
            "obs_noise_gamma_shape": null,
            "true_params": {
                "Si": [
                    [
                        1e-09,
                        -5.300988591174473e-10,
                        6.857295871698325e-10,
                        -4.809017941846185e-10,
                        -1.0091704391072587e-09,
                        -1.5190634275924518e-09
                    ],
                    [
                        -5.300988591174473e-10,
                        1.0000000002810048,
                        -3.6350447182180636e-10,
                        0.8895616795588508,
                        -0.5248772290691822,
                        0.6452972170403256
                    ],
                    [
                        6.857295871698325e-10,
                        -3.6350447182180636e-10,
                        1.000000000470225,
                        -0.8689587406314452,
                        -0.09151019111769773,
                        -0.5350642678684449
                    ],
                    [
                        -4.809017941846185e-10,
                        0.8895616795588508,
                        -0.8689587406314452,
                        2.5464092738639628,
                        -0.9774323776856717,
                        1.0389804473369764
                    ],
                    [
                        -1.0091704391072587e-09,
                        -0.5248772290691822,
                        -0.09151019111769773,
                        -0.9774323776856717,
                        1.632017763794361,
                        -0.2897379806484406
                    ],
                    [
                        -1.5190634275924518e-09,
                        0.6452972170403256,
                        -0.5350642678684449,
                        1.0389804473369764,
                        -0.2897379806484406,
                        1.7027022692231644
                    ]
                ],
                "mui": [
                    1.0,
                    -0.5300988591174474,
                    0.6857295871698325,
                    -0.4809017941846185,
                    -1.0091704391072587,
                    -1.5190634275924517
                ],
                "Ai": [
                    [
                        0.0,
                        0.0,
                        0.0,
                        0.0,
                        0.0,
                        0.0
                    ],
                    [
                        -0.5300988591174474,
                        0.0,
                        0.0,
                        0.0,
                        0.0,
                        0.0
                    ],
                    [
                        0.6857295871698325,
                        -0.0,
                        0.0,
                        0.0,
                        0.0,
                        0.0
                    ],
                    [
                        0.5865245553836793,
                        0.8895616793039253,
                        -0.8689587403016766,
                        0.0,
                        0.0,
                        0.0
                    ],
                    [
                        -0.8785828969155824,
                        -0.0,
                        -0.6042308559637246,
                        -0.590040288172996,
                        0.0,
                        0.0
                    ],
                    [
                        -0.8100827106741197,
                        0.6452972162350719,
                        -0.5350642668267781,
                        0.0,
                        -0.0,
                        0.0
                    ]
                ]
            },
            "est_params": {
                "mui": [
                    0.8222074677323881,
                    -0.4474785750074997,
                    0.776140842494676,
                    -0.5962775100209609,
                    -0.8373600818069399,
                    -1.3597594567337417
                ],
                "Si": [
                    [
                        0.2926623410148183,
                        -0.1466401786673224,
                        0.06203989244156849,
                        -0.014462399736647393,
                        -0.28502495430532004,
                        -0.3594250571958588
                    ],
                    [
                        -0.1466401786673224,
                        1.07237067231901,
                        -0.022734825110230745,
                        0.8967554385896824,
                        -0.40960907169953437,
                        0.8270509161884259
                    ],
                    [
                        0.0620398924415685,
                        -0.02273482511023074,
                        0.7275746230724208,
                        -0.5942252553580318,
                        -0.1138137126466665,
                        -0.4331597266365791
                    ],
                    [
                        -0.014462399736647395,
                        0.8967554385896824,
                        -0.5942252553580318,
                        2.3084328603999373,
                        -1.0321072314298423,
                        0.9044173616339323
                    ],
                    [
                        -0.28502495430532004,
                        -0.40960907169953426,
                        -0.11381371264666651,
                        -1.0321072314298423,
                        1.9460004813939087,
                        0.03088945990242204
                    ],
                    [
                        -0.35942505719585877,
                        0.8270509161884259,
                        -0.4331597266365791,
                        0.9044173616339323,
                        0.030889459902422017,
                        2.080654430796256
                    ]
                ]
            },
            "est_tgt": [
                0,
                2
            ],
            "oracle_est_tgt": [
                0
            ]
        },
        "1": {
            "intv_type": "do",
            "inode": 1,
            "new_mui": 1.0,
            "new_vari": null,
            "noise_type": "gaussian",
            "obs_noise_gamma_shape": null,
            "true_params": {
                "Si": [
                    [
                        1.0,
                        0.0,
                        0.6857295871698325,
                        -0.009346162871007091,
                        -1.2874072596971409,
                        -1.1769921094745754
                    ],
                    [
                        0.0,
                        1e-09,
                        0.0,
                        8.895616793039254e-10,
                        -5.248772296041423e-10,
                        6.452972162350719e-10
                    ],
                    [
                        0.6857295871698325,
                        0.0,
                        1.4702250667201089,
                        -0.8753676807088343,
                        -0.9743234391372455,
                        -1.342162580158929
                    ],
                    [
                        -0.009346162871007091,
                        8.895616793039254e-10,
                        -0.8753676807088343,
                        1.755176643898408,
                        -0.4984893909123951,
                        0.47594913180930853
                    ],
                    [
                        -1.2874072596971409,
                        -5.248772296041423e-10,
                        -0.9743234391372455,
                        -0.4984893909123951,
                        3.013939109215414,
                        1.564232018952414
                    ],
                    [
                        -1.1769921094745754,
                        6.452972162350719e-10,
                        -1.342162580158929,
                        0.47594913180930853,
                        1.564232018952414,
                        2.671604195816697
                    ]
                ],
                "mui": [
                    0.0,
                    1.0,
                    0.0,
                    0.8895616793039253,
                    -0.5248772296041423,
                    0.6452972162350719
                ],
                "Ai": [
                    [
                        0.0,
                        0.0,
                        0.0,
                        0.0,
                        0.0,
                        0.0
                    ],
                    [
                        0.0,
                        0.0,
                        0.0,
                        0.0,
                        0.0,
                        0.0
                    ],
                    [
                        0.6857295871698325,
                        -0.0,
                        0.0,
                        0.0,
                        0.0,
                        0.0
                    ],
                    [
                        0.5865245553836793,
                        0.8895616793039253,
                        -0.8689587403016766,
                        0.0,
                        0.0,
                        0.0
                    ],
                    [
                        -0.8785828969155824,
                        -0.0,
                        -0.6042308559637246,
                        -0.590040288172996,
                        0.0,
                        0.0
                    ],
                    [
                        -0.8100827106741197,
                        0.6452972162350719,
                        -0.5350642668267781,
                        0.0,
                        -0.0,
                        0.0
                    ]
                ]
            },
            "est_params": {
                "mui": [
                    -0.009758966423863296,
                    1.0000015289561839,
                    -0.0018246566854055583,
                    0.8385438066934486,
                    -0.4894886044425854,
                    0.6645684948618322
                ],
                "Si": [
                    [
                        1.0423432473252705,
                        3.5362471548195377e-06,
                        0.7511426253548599,
                        -0.06370823527480052,
                        -1.37635998911756,
                        -1.2550718861587482
                    ],
                    [
                        3.5362471548195377e-06,
                        1.019375500785338e-06,
                        2.5409072347567416e-07,
                        4.654461087461113e-06,
                        -3.320844445070692e-06,
                        -4.471382476303289e-06
                    ],
                    [
                        0.7511426253548599,
                        2.5409072347567416e-07,
                        1.5417625158097403,
                        -0.8861755639581838,
                        -1.0897547637624176,
                        -1.4267359594591025
                    ],
                    [
                        -0.06370823527480053,
                        4.654461087461113e-06,
                        -0.8861755639581838,
                        1.65387883388833,
                        -0.38209041882222466,
                        0.5236000729548651
                    ],
                    [
                        -1.37635998911756,
                        -3.320844445070692e-06,
                        -1.0897547637624176,
                        -0.3820904188222247,
                        3.160919147028399,
                        1.7266288048117855
                    ],
                    [
                        -1.2550718861587482,
                        -4.471382476303289e-06,
                        -1.4267359594591027,
                        0.5236000729548651,
                        1.7266288048117853,
                        2.764883707898616
                    ]
                ]
            },
            "est_tgt": [
                1
            ],
            "oracle_est_tgt": [
                1,
                5
            ]
        },
        "2": {
            "intv_type": "do",
            "inode": 2,
            "new_mui": 1.0,
            "new_vari": null,
            "noise_type": "gaussian",
            "obs_noise_gamma_shape": null,
            "true_params": {
                "Si": [
                    [
                        1.0,
                        -0.5300988591174474,
                        0.0,
                        0.11496892407006792,
                        -0.9464191940048247,
                        -1.152154028791996
                    ],
                    [
                        -0.5300988591174474,
                        1.2810048004376193,
                        0.0,
                        0.8286167838204218,
                        -0.0231814946153307,
                        1.2560527524252796
                    ],
                    [
                        0.0,
                        0.0,
                        1e-09,
                        -8.689587403016767e-10,
                        -9.151019042567971e-11,
                        -5.350642668267781e-10
                    ],
                    [
                        0.11496892407006792,
                        0.8286167838204218,
                        -8.689587403016767e-10,
                        1.804537835542938,
                        -1.1657597543425258,
                        0.4415697667359576
                    ],
                    [
                        -0.9464191940048247,
                        -0.0231814946153307,
                        -9.151019042567971e-11,
                        -1.1657597543425258,
                        2.5193529386133076,
                        0.7517188722189665
                    ],
                    [
                        -1.152154028791996,
                        1.2560527524252796,
                        -5.350642668267781e-10,
                        0.4415697667359576,
                        0.7517188722189665,
                        2.7438674036286548
                    ]
                ],
                "mui": [
                    0.0,
                    0.0,
                    1.0,
                    -0.8689587403016766,
                    -0.0915101904256797,
                    -0.5350642668267781
                ],
                "Ai": [
                    [
                        0.0,
                        0.0,
                        0.0,
                        0.0,
                        0.0,
                        0.0
                    ],
                    [
                        -0.5300988591174474,
                        0.0,
                        0.0,
                        0.0,
                        0.0,
                        0.0
                    ],
                    [
                        0.0,
                        0.0,
                        0.0,
                        0.0,
                        0.0,
                        0.0
                    ],
                    [
                        0.5865245553836793,
                        0.8895616793039253,
                        -0.8689587403016766,
                        0.0,
                        0.0,
                        0.0
                    ],
                    [
                        -0.8785828969155824,
                        -0.0,
                        -0.6042308559637246,
                        -0.590040288172996,
                        0.0,
                        0.0
                    ],
                    [
                        -0.8100827106741197,
                        0.6452972162350719,
                        -0.5350642668267781,
                        0.0,
                        -0.0,
                        0.0
                    ]
                ]
            },
            "est_params": {
                "mui": [
                    -0.3412155555027029,
                    0.27268266349025355,
                    0.015044135438650765,
                    0.04935609740925611,
                    0.42985291705906403,
                    0.5559432402948
                ],
                "Si": [
                    [
                        0.8107190311580221,
                        -0.38061495945659096,
                        -0.34691205465871844,
                        0.48898857037024995,
                        -0.5691023738565633,
                        -0.6577767895889703
                    ],
                    [
                        -0.38061495945659096,
                        0.755053419952351,
                        0.30915748409758886,
                        -0.049457168679306385,
                        0.10169175852799056,
                        0.48069453049380007
                    ],
                    [
                        -0.34691205465871844,
                        0.30915748409758886,
                        1.1058035836361473,
                        -0.9163096878840065,
                        0.31640653368330257,
                        0.019376284106936544
                    ],
                    [
                        0.48898857037024995,
                        -0.049457168679306364,
                        -0.9163096878840065,
                        1.8011515733607188,
                        -1.0848657850687864,
                        -0.23623669586773477
                    ],
                    [
                        -0.5691023738565633,
                        0.10169175852799056,
                        0.31640653368330257,
                        -1.0848657850687864,
                        1.5654969420270588,
                        0.5347586553925785
                    ],
                    [
                        -0.6577767895889702,
                        0.48069453049380007,
                        0.01937628410693654,
                        -0.23623669586773477,
                        0.5347586553925785,
                        1.4323024238518682
                    ]
                ]
            },
            "est_tgt": [
                0,
                1,
                2,
                3,
                4,
                5
            ],
            "oracle_est_tgt": [
                2
            ]
        },
        "3": {
            "intv_type": "do",
            "inode": 3,
            "new_mui": 1.0,
            "new_vari": null,
            "noise_type": "gaussian",
            "obs_noise_gamma_shape": null,
            "true_params": {
                "Si": [
                    [
                        1.0,
                        -0.5300988591174474,
                        0.6857295871698325,
                        0.0,
                        -1.2929218723308618,
                        -1.5190634275924517
                    ],
                    [
                        -0.5300988591174474,
                        1.2810048004376193,
                        -0.36350447182180634,
                        0.0,
                        0.6853764094505838,
                        1.4505510061288698
                    ],
                    [
                        0.6857295871698325,
                        -0.36350447182180634,
                        1.4702250667201089,
                        0.0,
                        -1.4908256377200133,
                        -1.5767310039145408
                    ],
                    [
                        0.0,
                        0.0,
                        0.0,
                        1e-09,
                        -5.900402881729961e-10,
                        0.0
                    ],
                    [
                        -1.2929218723308618,
                        0.6853764094505838,
                        -1.4908256377200133,
                        -5.900402881729961e-10,
                        3.036741895598344,
                        2.287332670932516
                    ],
                    [
                        -1.5190634275924517,
                        1.4505510061288698,
                        -1.5767310039145408,
                        0.0,
                        2.287332670932516,
                        4.010255963964539
                    ]
                ],
                "mui": [
                    0.0,
                    0.0,
                    0.0,
                    1.0,
                    -0.590040288172996,
                    0.0
                ],
                "Ai": [
                    [
                        0.0,
                        0.0,
                        0.0,
                        0.0,
                        0.0,
                        0.0
                    ],
                    [
                        -0.5300988591174474,
                        0.0,
                        0.0,
                        0.0,
                        0.0,
                        0.0
                    ],
                    [
                        0.6857295871698325,
                        -0.0,
                        0.0,
                        0.0,
                        0.0,
                        0.0
                    ],
                    [
                        0.0,
                        0.0,
                        0.0,
                        0.0,
                        0.0,
                        0.0
                    ],
                    [
                        -0.8785828969155824,
                        -0.0,
                        -0.6042308559637246,
                        -0.590040288172996,
                        0.0,
                        0.0
                    ],
                    [
                        -0.8100827106741197,
                        0.6452972162350719,
                        -0.5350642668267781,
                        0.0,
                        -0.0,
                        0.0
                    ]
                ]
            },
            "est_params": {
                "mui": [
                    -0.0338317541404736,
                    -0.005880587446240703,
                    -0.0680399707892385,
                    1.000003269230327,
                    -0.524139175137317,
                    0.10031227084519244
                ],
                "Si": [
                    [
                        1.0060500062786402,
                        -0.5167436408653701,
                        0.6755178326386206,
                        -3.3697361692629435e-06,
                        -1.272221034893851,
                        -1.5020858869340195
                    ],
                    [
                        -0.5167436408653701,
                        1.2494278715919458,
                        -0.3252926535926869,
                        -2.2261685874876887e-07,
                        0.6177459084477643,
                        1.3711378218377466
                    ],
                    [
                        0.6755178326386208,
                        -0.3252926535926869,
                        1.475034068395397,
                        -1.9174476260060375e-06,
                        -1.4857516463340519,
                        -1.5244072084535423
                    ],
                    [
                        -3.3697361692629435e-06,
                        -2.2261685874876916e-07,
                        -1.9174476260060375e-06,
                        1.0237729131229076e-06,
                        2.0129263881648803e-06,
                        -5.976156383056453e-07
                    ],
                    [
                        -1.272221034893851,
                        0.6177459084477643,
                        -1.4857516463340519,
                        2.012926388164881e-06,
                        3.0325786171777893,
                        2.188579115032562
                    ],
                    [
                        -1.5020858869340192,
                        1.3711378218377466,
                        -1.5244072084535423,
                        -5.976156383056457e-07,
                        2.188579115032562,
                        3.860616663453746
                    ]
                ]
            },
            "est_tgt": [
                3,
                4
            ],
            "oracle_est_tgt": [
                3,
                4
            ]
        },
        "4": {
            "intv_type": "do",
            "inode": 4,
            "new_mui": 1.0,
            "new_vari": null,
            "noise_type": "gaussian",
            "obs_noise_gamma_shape": null,
            "true_params": {
                "Si": [
                    [
                        1.0,
                        -0.5300988591174474,
                        0.6857295871698325,
                        -0.4809017941846185,
                        0.0,
                        -1.5190634275924517
                    ],
                    [
                        -0.5300988591174474,
                        1.2810048004376193,
                        -0.36350447182180634,
                        1.144487171748725,
                        0.0,
                        1.4505510061288698
                    ],
                    [
                        0.6857295871698325,
                        -0.36350447182180634,
                        1.4702250667201089,
                        -1.1987273290971268,
                        0.0,
                        -1.5767310039145408
                    ],
                    [
                        -0.4809017941846185,
                        1.144487171748725,
                        -1.1987273290971268,
                        2.777675809282681,
                        0.0,
                        1.7695007744159024
                    ],
                    [
                        0.0,
                        0.0,
                        0.0,
                        0.0,
                        1e-09,
                        0.0
                    ],
                    [
                        -1.5190634275924517,
                        1.4505510061288698,
                        -1.5767310039145408,
                        1.7695007744159024,
                        0.0,
                        4.010255963964539
                    ]
                ],
                "mui": [
                    0.0,
                    0.0,
                    0.0,
                    0.0,
                    1.0,
                    0.0
                ],
                "Ai": [
                    [
                        0.0,
                        0.0,
                        0.0,
                        0.0,
                        0.0,
                        0.0
                    ],
                    [
                        -0.5300988591174474,
                        0.0,
                        0.0,
                        0.0,
                        0.0,
                        0.0
                    ],
                    [
                        0.6857295871698325,
                        -0.0,
                        0.0,
                        0.0,
                        0.0,
                        0.0
                    ],
                    [
                        0.5865245553836793,
                        0.8895616793039253,
                        -0.8689587403016766,
                        0.0,
                        0.0,
                        0.0
                    ],
                    [
                        0.0,
                        0.0,
                        0.0,
                        0.0,
                        0.0,
                        0.0
                    ],
                    [
                        -0.8100827106741197,
                        0.6452972162350719,
                        -0.5350642668267781,
                        0.0,
                        -0.0,
                        0.0
                    ]
                ]
            },
            "est_params": {
                "mui": [
                    0.040737754688278796,
                    -0.011329752338279257,
                    0.05643841654338216,
                    -0.05313690974159187,
                    0.9999951090523217,
                    -0.08519892225836861
                ],
                "Si": [
                    [
                        1.0188742535836481,
                        -0.5040875979091654,
                        0.7062327142860154,
                        -0.42043400908458356,
                        1.8197396963018782e-06,
                        -1.5231922684398682
                    ],
                    [
                        -0.5040875979091654,
                        1.2634054167668307,
                        -0.3430242088013249,
                        1.0840168363116922,
                        8.376614207514979e-07,
                        1.4058372561277264
                    ],
                    [
                        0.7062327142860154,
                        -0.3430242088013249,
                        1.4813258845515491,
                        -1.1358316562300543,
                        -2.0971634356187004e-07,
                        -1.5916774920399341
                    ],
                    [
                        -0.4204340090845836,
                        1.0840168363116922,
                        -1.1358316562300543,
                        2.718966159639372,
                        5.642148561739075e-06,
                        1.65859766086584
                    ],
                    [
                        1.8197396963018782e-06,
                        8.376614207514981e-07,
                        -2.0971634356187014e-07,
                        5.642148561739075e-06,
                        1.0140489495342977e-06,
                        9.79292173224969e-07
                    ],
                    [
                        -1.5231922684398684,
                        1.4058372561277264,
                        -1.5916774920399341,
                        1.65859766086584,
                        9.79292173224969e-07,
                        4.011974005582673
                    ]
                ]
            },
            "est_tgt": [
                3,
                4
            ],
            "oracle_est_tgt": [
                3,
                4
            ]
        },
        "5": {
            "intv_type": "do",
            "inode": 5,
            "new_mui": 1.0,
            "new_vari": null,
            "noise_type": "gaussian",
            "obs_noise_gamma_shape": null,
            "true_params": {
                "Si": [
                    [
                        1.0,
                        -0.5300988591174474,
                        0.6857295871698325,
                        -0.4809017941846185,
                        -1.0091704391072587,
                        0.0
                    ],
                    [
                        -0.5300988591174474,
                        1.2810048004376193,
                        -0.36350447182180634,
                        1.144487171748725,
                        0.010082868821668867,
                        0.0
                    ],
                    [
                        0.6857295871698325,
                        -0.36350447182180634,
                        1.4702250667201089,
                        -1.1987273290971268,
                        -0.7835282190186987,
                        0.0
                    ],
                    [
                        -0.4809017941846185,
                        1.144487171748725,
                        -1.1987273290971268,
                        2.777675809282681,
                        -0.49212050336622365,
                        0.0
                    ],
                    [
                        -1.0091704391072587,
                        0.010082868821668867,
                        -0.7835282190186987,
                        -0.49212050336622365,
                        2.650442737943873,
                        0.0
                    ],
                    [
                        0.0,
                        0.0,
                        0.0,
                        0.0,
                        0.0,
                        1e-09
                    ]
                ],
                "mui": [
                    0.0,
                    0.0,
                    0.0,
                    0.0,
                    0.0,
                    1.0
                ],
                "Ai": [
                    [
                        0.0,
                        0.0,
                        0.0,
                        0.0,
                        0.0,
                        0.0
                    ],
                    [
                        -0.5300988591174474,
                        0.0,
                        0.0,
                        0.0,
                        0.0,
                        0.0
                    ],
                    [
                        0.6857295871698325,
                        -0.0,
                        0.0,
                        0.0,
                        0.0,
                        0.0
                    ],
                    [
                        0.5865245553836793,
                        0.8895616793039253,
                        -0.8689587403016766,
                        0.0,
                        0.0,
                        0.0
                    ],
                    [
                        -0.8785828969155824,
                        -0.0,
                        -0.6042308559637246,
                        -0.590040288172996,
                        0.0,
                        0.0
                    ],
                    [
                        0.0,
                        0.0,
                        0.0,
                        0.0,
                        0.0,
                        0.0
                    ]
                ]
            },
            "est_params": {
                "mui": [
                    0.009560461966817766,
                    0.012629148679840723,
                    0.03307116410678699,
                    -0.0019434884410646015,
                    -0.005752993353331239,
                    0.9999989079020636
                ],
                "Si": [
                    [
                        0.9838470263500237,
                        -0.5213142381924882,
                        0.681047525563424,
                        -0.4747214920841054,
                        -1.0251713499107267,
                        1.2999430086853898e-07
                    ],
                    [
                        -0.5213142381924882,
                        1.304612216644463,
                        -0.35997485943708857,
                        1.172964657586035,
                        0.00880864892660519,
                        -9.322933603290289e-07
                    ],
                    [
                        0.681047525563424,
                        -0.35997485943708857,
                        1.4594350664083988,
                        -1.205869543709616,
                        -0.8167942994347319,
                        1.1418456141416043e-06
                    ],
                    [
                        -0.4747214920841054,
                        1.172964657586035,
                        -1.205869543709616,
                        2.8701168281804494,
                        -0.4964766949932758,
                        -2.9571390620956094e-08
                    ],
                    [
                        -1.025171349910727,
                        0.008808648926605194,
                        -0.8167942994347319,
                        -0.4964766949932758,
                        2.712271749780638,
                        -1.415092663786034e-07
                    ],
                    [
                        1.2999430086853916e-07,
                        -9.322933603290288e-07,
                        1.1418456141416043e-06,
                        -2.9571390620956094e-08,
                        -1.415092663786036e-07,
                        1.0133019588230848e-06
                    ]
                ]
            },
            "est_tgt": [
                5
            ],
            "oracle_est_tgt": [
                1,
                5
            ]
        },
        "obs": {
            "intv_type": "obs",
            "noise_type": "gaussian",
            "obs_noise_gamma_shape": null,
            "true_params": {
                "Si": [
                    [
                        1.0,
                        -0.5300988591174474,
                        0.6857295871698325,
                        -0.4809017941846185,
                        -1.0091704391072587,
                        -1.5190634275924517
                    ],
                    [
                        -0.5300988591174474,
                        1.2810048004376193,
                        -0.36350447182180634,
                        1.144487171748725,
                        0.010082868821668867,
                        1.4505510061288698
                    ],
                    [
                        0.6857295871698325,
                        -0.36350447182180634,
                        1.4702250667201089,
                        -1.1987273290971268,
                        -0.7835282190186987,
                        -1.5767310039145408
                    ],
                    [
                        -0.4809017941846185,
                        1.144487171748725,
                        -1.1987273290971268,
                        2.777675809282681,
                        -0.49212050336622365,
                        1.7695007744159024
                    ],
                    [
                        -1.0091704391072587,
                        0.010082868821668867,
                        -0.7835282190186987,
                        -0.49212050336622365,
                        2.650442737943873,
                        1.2432559240738175
                    ],
                    [
                        -1.5190634275924517,
                        1.4505510061288698,
