{
    "expt_args": {
        "save_dir": "all_expt_logs/expt_logs_sim_compsel_backward_cameraready_all",
        "exp_name": "294",
        "num_nodes": 8,
        "num_tgt_prior": 9,
        "obs_noise_mean": 0.0,
        "obs_noise_var": 1.0,
        "obs_noise_gamma_shape": null,
        "noise_type": "gaussian",
        "max_edge_strength": 1.0,
        "graph_sparsity_method": "adj_dense_prop",
        "adj_dense_prop": 0.8,
        "num_parents": null,
        "new_noise_mean": 1.0,
        "mix_samples": 262144,
        "stage2_samples": 262144,
        "gmm_tol": 0.001,
        "intv_type": "do",
        "new_noise_var": null,
        "dtype": "simulation",
        "cutoff_drop_ratio": 0.07,
        "intv_targets": [
            0,
            1,
            2,
            3,
            4,
            5,
            6,
            7
        ]
    },
    "intv_args_dict": {
        "0": {
            "intv_type": "do",
            "inode": 0,
            "new_mui": 1.0,
            "new_vari": null,
            "noise_type": "gaussian",
            "obs_noise_gamma_shape": null,
            "true_params": {
                "Si": [
                    [
                        1e-09,
                        -6.629237311572593e-10,
                        3.8827637703500716e-10,
                        -1.1713145531319061e-09,
                        1.8272899851791494e-09,
                        1.1528776792952766e-10,
                        1.4426810493356112e-09,
                        -1.7310894497614528e-09
                    ],
                    [
                        -6.629237311572593e-10,
                        1.0000000004394678,
                        -0.5857029382970376,
                        0.6176728638431548,
                        -1.8319622972713914,
                        0.1345648212306901,
                        -1.9422808370271827,
                        1.7348190323811323
                    ],
                    [
                        3.8827637703500716e-10,
                        -0.5857029382970376,
                        1.343047931779025,
                        -0.36177281110029424,
                        1.9525808851250899,
                        -1.1523632658751692,
                        1.1826877799019893,
                        -2.749034256473694
                    ],
                    [
                        -1.1713145531319061e-09,
                        0.6176728638431548,
                        -0.36177281110029424,
                        1.3815197671409458,
                        -1.9359677652973675,
                        -0.18530252346157483,
                        -1.4032750541756547,
                        0.7374915703449216
                    ],
                    [
                        1.8272899851791494e-09,
                        -1.8319622972713914,
                        1.9525808851250899,
                        -1.9359677652973675,
                        5.776856020798492,
                        -1.5699089594667641,
                        4.255685660283034,
                        -5.3693686050916085
                    ],
                    [
                        1.1528776792952766e-10,
                        0.1345648212306901,
                        -1.1523632658751692,
                        -0.18530252346157483,
                        -1.5699089594667641,
                        2.596716116307001,
                        0.15885579192760058,
                        3.291195218658805
                    ],
                    [
                        1.4426810493356112e-09,
                        -1.9422808370271827,
                        1.1826877799019893,
                        -1.4032750541756547,
                        4.255685660283034,
                        0.15885579192760058,
                        5.561261214113358,
                        -3.4518900157082233
                    ],
                    [
                        -1.7310894497614528e-09,
                        1.7348190323811323,
                        -2.749034256473694,
                        0.7374915703449216,
                        -5.3693686050916085,
                        3.291195218658805,
                        -3.4518900157082233,
                        8.303308918483488
                    ]
                ],
                "mui": [
                    1.0,
                    -0.6629237311572592,
                    0.3882763770350071,
                    -1.171314553131906,
                    1.8272899851791493,
                    0.11528776792952766,
                    1.442681049335611,
                    -1.7310894497614526
                ],
                "Ai": [
                    [
                        0.0,
                        0.0,
                        0.0,
                        0.0,
                        0.0,
                        0.0,
                        0.0,
                        0.0
                    ],
                    [
                        -0.6629237311572592,
                        0.0,
                        0.0,
                        0.0,
                        0.0,
                        0.0,
                        0.0,
                        0.0
                    ],
                    [
                        -0.0,
                        -0.5857029380396399,
                        0.0,
                        0.0,
                        0.0,
                        0.0,
                        0.0,
                        0.0
                    ],
                    [
                        -0.7618445541131672,
                        0.6176728630666626,
                        -0.0,
                        0.0,
                        0.0,
                        0.0,
                        0.0,
                        0.0
                    ],
                    [
                        -0.0,
                        -0.819915886798587,
                        0.8795951852353878,
                        -0.804414366719456,
                        0.0,
                        0.0,
                        0.0,
                        0.0
                    ],
                    [
                        -0.0,
                        -0.816289661342481,
                        -0.5501680474939903,
                        -0.7470653809153273,
                        -0.5950239564914437,
                        0.0,
                        0.0,
                        0.0
                    ],
                    [
                        -0.0,
                        -0.8071189154427725,
                        0.0,
                        0.7227589847853415,
                        0.9153342410029259,
                        0.7079657581911712,
                        0.0,
                        0.0
                    ],
                    [
                        -0.8355378276259104,
                        0.6087096628108146,
                        -0.6068243577854509,
                        -0.6751496697761844,
                        -0.6078598327667191,
                        0.5509307193724846,
                        -0.0,
                        0.0
                    ]
                ]
            },
            "est_params": {
                "mui": [
                    1.0000006327806565,
                    -0.6662255494590028,
                    0.3866362761853115,
                    -1.1762427296699478,
                    1.8410695327622006,
                    0.11586970424523156,
                    1.4530042013669648,
                    -1.738989702143881
                ],
                "Si": [
                    [
                        1.0188936754433175e-06,
                        1.0400777984205634e-06,
                        -8.600630955938885e-07,
                        -3.2234718490238966e-08,
                        -1.204188165593536e-06,
                        9.959598460324241e-07,
                        1.2455260485416076e-08,
                        4.1205537326986695e-06
                    ],
                    [
                        1.0400777984205634e-06,
                        0.9913638539655806,
                        -0.5800763363017994,
                        0.6210786930167342,
                        -1.8186847773053707,
                        0.119570872976481,
                        -1.93036583101222,
                        1.7076781084225754
                    ],
                    [
                        -8.600630955938887e-07,
                        -0.5800763363017994,
                        1.3419082583722748,
                        -0.3618332365744352,
                        1.932217862542873,
                        -1.1386675282985255,
                        1.1596684354901905,
                        -2.7284583684484955
                    ],
                    [
                        -3.223471849023904e-08,
                        0.6210786930167342,
                        -0.3618332365744352,
                        1.3974817277335256,
                        -1.944307665223605,
                        -0.19743723551936074,
                        -1.4148107085473554,
                        0.7248034681595219
                    ],
                    [
                        -1.2041881655935355e-06,
                        -1.8186847773053707,
                        1.9322178625428734,
                        -1.944307665223605,
                        5.723174611642665,
                        -1.5253448476756741,
                        4.221899760733077,
                        -5.283788826016507
                    ],
                    [
                        9.959598460324245e-07,
                        0.11957087297648102,
                        -1.1386675282985255,
                        -0.19743723551936074,
                        -1.5253448476756744,
                        2.5906068441508685,
                        0.20055028755658993,
                        3.2568033388044566
                    ],
                    [
                        1.2455260485416091e-08,
                        -1.93036583101222,
                        1.1596684354901905,
                        -1.4148107085473554,
                        4.221899760733077,
                        0.2005502875565899,
                        5.552065306140876,
                        -3.3773182738566656
                    ],
                    [
                        4.12055373269867e-06,
                        1.7076781084225754,
                        -2.7284583684484955,
                        0.7248034681595219,
                        -5.283788826016507,
                        3.2568033388044566,
                        -3.377318273856666,
                        8.227035725065848
                    ]
                ]
            },
            "est_tgt": [
                0,
                1,
                2,
                3,
                4,
                6
            ],
            "oracle_est_tgt": [
                0
            ]
        },
        "1": {
            "intv_type": "do",
            "inode": 1,
            "new_mui": 1.0,
            "new_vari": null,
            "noise_type": "gaussian",
            "obs_noise_gamma_shape": null,
            "true_params": {
                "Si": [
                    [
                        1.0,
                        0.0,
                        0.0,
                        -0.7618445541131672,
                        0.6128387045356097,
                        0.20449398135295155,
                        0.1550969905323184,
                        -0.5810367446934847
                    ],
                    [
                        0.0,
                        1e-09,
                        -5.8570293803964e-10,
                        6.176728630666626e-10,
                        -1.8319622960600377e-09,
                        1.3456482130711713e-10,
                        -1.9422808360707954e-09,
                        1.7348190312335521e-09
                    ],
                    [
                        0.0,
                        -5.8570293803964e-10,
                        1.000000000343048,
                        -3.617728106455005e-10,
                        0.8795951863083735,
                        -1.07354825480239,
                        0.04508818829467689,
                        -1.732945653257068
                    ],
                    [
                        -0.7618445541131672,
                        6.176728630666626e-10,
                        -3.617728106455005e-10,
                        1.5804071250134104,
                        -1.271302197451232,
                        -0.4242121877309061,
                        -0.32174068638654446,
                        0.1086006111486339
                    ],
                    [
                        0.6128387045356097,
                        -1.8319622960600377e-09,
                        0.8795951863083735,
                        -1.271302197451232,
                        2.79634144440691,
                        -1.1980694542955792,
                        0.7925498399185571,
                        -2.547327355304803
                    ],
                    [
                        0.20449398135295155,
                        1.3456482130711713e-10,
                        -1.07354825480239,
                        -0.4242121877309061,
                        -1.1980694542955792,
                        2.620426213587982,
                        0.4519348662238338,
                        2.9389310889189657
                    ],
                    [
                        0.1550969905323184,
                        -1.9422808360707954e-09,
                        0.04508818829467689,
                        -0.32174068638654446,
                        0.7925498399185571,
                        0.4519348662238338,
                        1.8128614461087986,
                        -0.17250130865514296
                    ],
                    [
                        -0.5810367446934847,
                        1.7348190312335521e-09,
                        -1.732945653257068,
                        0.1086006111486339,
                        -2.547327355304803,
                        2.9389310889189657,
                        -0.17250130865514296,
                        5.631315546050295
                    ]
                ],
                "mui": [
                    0.0,
                    1.0,
                    -0.5857029380396399,
                    0.6176728630666626,
                    -1.8319622960600375,
                    0.1345648213071171,
                    -1.9422808360707953,
                    1.734819031233552
                ],
                "Ai": [
                    [
                        0.0,
                        0.0,
                        0.0,
                        0.0,
                        0.0,
                        0.0,
                        0.0,
                        0.0
                    ],
                    [
                        0.0,
                        0.0,
                        0.0,
                        0.0,
                        0.0,
                        0.0,
                        0.0,
                        0.0
                    ],
                    [
                        -0.0,
                        -0.5857029380396399,
                        0.0,
                        0.0,
                        0.0,
                        0.0,
                        0.0,
                        0.0
                    ],
                    [
                        -0.7618445541131672,
                        0.6176728630666626,
                        -0.0,
                        0.0,
                        0.0,
                        0.0,
                        0.0,
                        0.0
                    ],
                    [
                        -0.0,
                        -0.819915886798587,
                        0.8795951852353878,
                        -0.804414366719456,
                        0.0,
                        0.0,
                        0.0,
                        0.0
                    ],
                    [
                        -0.0,
                        -0.816289661342481,
                        -0.5501680474939903,
                        -0.7470653809153273,
                        -0.5950239564914437,
                        0.0,
                        0.0,
                        0.0
                    ],
                    [
                        -0.0,
                        -0.8071189154427725,
                        0.0,
                        0.7227589847853415,
                        0.9153342410029259,
                        0.7079657581911712,
                        0.0,
                        0.0
                    ],
                    [
                        -0.8355378276259104,
                        0.6087096628108146,
                        -0.6068243577854509,
                        -0.6751496697761844,
                        -0.6078598327667191,
                        0.5509307193724846,
                        -0.0,
                        0.0
                    ]
                ]
            },
            "est_params": {
                "mui": [
                    0.007403046574369336,
                    0.9999993430369534,
                    -0.5878960924562605,
                    0.6190355861243657,
                    -1.839277114067,
                    0.1422385688222844,
                    -1.9548668475460373,
                    1.7390294269380548
                ],
                "Si": [
                    [
                        0.9960876983215537,
                        -6.657582466130963e-07,
                        -0.009672227076524226,
                        -0.7599060633416587,
                        0.6093992659748562,
                        0.20604621617825758,
                        0.15507627268754406,
                        -0.5772793926543438
                    ],
                    [
                        -6.657582466130963e-07,
                        1.0160871692100828e-06,
                        1.1570549557155671e-07,
                        3.944022831394998e-07,
                        -6.869526227035469e-07,
                        -7.635931487381243e-07,
                        -4.984314999656744e-07,
                        6.337388434340273e-10
                    ],
                    [
                        -0.009672227076524228,
                        1.15705495571557e-07,
                        0.988200259537799,
                        0.005036365881579653,
                        0.8725922163842006,
                        -1.0673332486551397,
                        0.040988788890573634,
                        -1.7134614218186994
                    ],
                    [
                        -0.7599060633416587,
                        3.944022831394998e-07,
                        0.005036365881579651,
                        1.5723375636976242,
                        -1.2765061931148924,
                        -0.41414178894258485,
                        -0.31980303162679224,
                        0.12163648518186058
                    ],
                    [
                        0.6093992659748562,
                        -6.869526227035468e-07,
                        0.8725922163842006,
                        -1.2765061931148924,
                        2.8306742670423852,
                        -1.2098313059003356,
                        0.7965213607008657,
                        -2.5714107579170187
                    ],
                    [
                        0.2060462161782576,
                        -7.635931487381243e-07,
                        -1.0673332486551395,
                        -0.41414178894258485,
                        -1.2098313059003356,
                        2.616646486189557,
                        0.4528837690593435,
                        2.933862870540157
                    ],
                    [
                        0.15507627268754406,
                        -4.984314999656744e-07,
                        0.040988788890573634,
                        -0.31980303162679224,
                        0.7965213607008657,
                        0.4528837690593436,
                        1.8039245388991638,
                        -0.17955224165447634
                    ],
                    [
                        -0.5772793926543438,
                        6.337388434342651e-10,
                        -1.7134614218186994,
                        0.12163648518186058,
                        -2.5714107579170187,
                        2.9338628705401564,
                        -0.1795522416544763,
                        5.618119933521854
                    ]
                ]
            },
            "est_tgt": [
                0,
                1,
                3,
                4,
                5,
                6
            ],
            "oracle_est_tgt": [
                1
            ]
        },
        "2": {
            "intv_type": "do",
            "inode": 2,
            "new_mui": 1.0,
            "new_vari": null,
            "noise_type": "gaussian",
            "obs_noise_gamma_shape": null,
            "true_params": {
                "Si": [
                    [
                        1.0,
                        -0.6629237311572592,
                        0.0,
                        -1.171314553131906,
                        1.485763953398517,
                        0.5321211948458523,
                        1.425174371379185,
                        -1.058227590310758
                    ],
                    [
                        -0.6629237311572592,
                        1.439467873331462,
                        0.0,
                        1.3941650769876635,
                        -2.3017289953880544,
                        -0.8469713135268798,
                        -2.8606544642064047,
                        1.4213518538353536
                    ],
                    [
                        0.0,
                        0.0,
                        1e-09,
                        0.0,
                        8.795951852353879e-10,
                        -1.0735482547235751e-09,
                        4.50881871570773e-11,
                        -1.7329456522409795e-09
                    ],
                    [
                        -1.171314553131906,
                        1.3941650769876635,
                        0.0,
                        2.753497548147565,
                        -3.3580510818986586,
                        -1.1969643923543414,
                        -3.05629085423815,
                        1.3500763260668516
                    ],
                    [
                        1.485763953398517,
                        -2.3017289953880544,
                        8.795951852353879e-10,
                        -3.3580510818986586,
                        5.588488705654399,
                        1.0622766318490797,
                        5.298097968409786,
                        -3.187086569230928
                    ],
                    [
                        0.5321211948458523,
                        -0.8469713135268798,
                        -1.0735482547235751e-09,
                        -1.1969643923543414,
                        1.0622766318490797,
                        1.95350454262132,
                        2.173842298138251,
                        0.278493472216758
                    ],
                    [
                        1.425174371379185,
                        -2.8606544642064047,
                        4.50881871570773e-11,
                        -3.05629085423815,
                        5.298097968409786,
                        2.173842298138251,
                        7.488463047051911,
                        -2.8915057955677455
                    ],
                    [
                        -1.058227590310758,
                        1.4213518538353536,
                        -1.7329456522409795e-09,
                        1.3500763260668516,
                        -3.187086569230928,
                        0.278493472216758,
                        -2.8915057955677455,
                        3.9286087229352997
                    ]
                ],
                "mui": [
                    0.0,
                    0.0,
                    1.0,
                    0.0,
                    0.8795951852353878,
                    -1.073548254723575,
                    0.0450881871570773,
                    -1.7329456522409794
                ],
                "Ai": [
                    [
                        0.0,
                        0.0,
                        0.0,
                        0.0,
                        0.0,
                        0.0,
                        0.0,
                        0.0
                    ],
                    [
                        -0.6629237311572592,
                        0.0,
                        0.0,
                        0.0,
                        0.0,
                        0.0,
                        0.0,
                        0.0
                    ],
                    [
                        0.0,
                        0.0,
                        0.0,
                        0.0,
                        0.0,
                        0.0,
                        0.0,
                        0.0
                    ],
                    [
                        -0.7618445541131672,
                        0.6176728630666626,
                        -0.0,
                        0.0,
                        0.0,
                        0.0,
                        0.0,
                        0.0
                    ],
                    [
                        -0.0,
                        -0.819915886798587,
                        0.8795951852353878,
                        -0.804414366719456,
                        0.0,
                        0.0,
                        0.0,
                        0.0
                    ],
                    [
                        -0.0,
                        -0.816289661342481,
                        -0.5501680474939903,
                        -0.7470653809153273,
                        -0.5950239564914437,
                        0.0,
                        0.0,
                        0.0
                    ],
                    [
                        -0.0,
                        -0.8071189154427725,
                        0.0,
                        0.7227589847853415,
                        0.9153342410029259,
                        0.7079657581911712,
                        0.0,
                        0.0
                    ],
                    [
                        -0.8355378276259104,
                        0.6087096628108146,
                        -0.6068243577854509,
                        -0.6751496697761844,
                        -0.6078598327667191,
                        0.5509307193724846,
                        -0.0,
                        0.0
                    ]
                ]
            },
            "est_params": {
                "mui": [
                    0.004589949478486973,
                    -0.00019238198409115404,
                    0.9999992510244559,
                    -0.008557074358876223,
                    0.8867745523563744,
                    -1.0696763416292163,
                    0.04482008690272213,
                    -1.7411569214603762
                ],
                "Si": [
                    [
                        0.9854102894540201,
                        -0.645903436383418,
                        -2.1014158999415124e-07,
                        -1.13881023930432,
                        1.4449298125112235,
                        0.5128707585731952,
                        1.3849763893734977,
                        -1.0447519035332706
                    ],
                    [
                        -0.6459034363834182,
                        1.42163765965755,
                        4.95024000853233e-07,
                        1.3707840410974304,
                        -2.269632046164927,
                        -0.8298811054651166,
                        -2.8272080385066696,
                        1.396989962658743
                    ],
                    [
                        -2.1014158999415113e-07,
                        4.95024000853233e-07,
                        1.0173133703272948e-06,
                        3.352240434733998e-07,
                        -1.4297760356901182e-06,
                        -1.050230956323163e-06,
                        -1.585409424336209e-06,
                        7.564567748641471e-07
                    ],
                    [
                        -1.13881023930432,
                        1.3707840410974304,
                        3.3522404347339936e-07,
                        2.7150291881404036,
                        -3.3230128802501073,
                        -1.1587676410734233,
                        -3.0170555104518457,
                        1.3245491921485884
                    ],
                    [
                        1.4449298125112235,
                        -2.269632046164927,
                        -1.4297760356901187e-06,
                        -3.3230128802501073,
                        5.549887768332118,
                        1.0206320519253738,
                        5.237641757755077,
                        -3.139147135063394
                    ],
                    [
                        0.5128707585731952,
                        -0.8298811054651165,
                        -1.0502309563231634e-06,
                        -1.1587676410734233,
                        1.0206320519253738,
                        1.9382519348535598,
                        2.144934402202426,
                        0.2897193003778602
                    ],
                    [
                        1.3849763893734977,
                        -2.8272080385066696,
                        -1.585409424336209e-06,
                        -3.0170555104518457,
                        5.237641757755077,
                        2.144934402202426,
                        7.4258955567977765,
                        -2.837834004489773
                    ],
                    [
                        -1.0447519035332706,
                        1.396989962658743,
                        7.564567748641471e-07,
                        1.3245491921485884,
                        -3.139147135063394,
                        0.2897193003778602,
                        -2.837834004489773,
                        3.8880704266224955
                    ]
                ]
            },
            "est_tgt": [
                1,
                2,
                4,
                5,
                6
            ],
            "oracle_est_tgt": [
                2
            ]
        },
        "3": {
            "intv_type": "do",
            "inode": 3,
            "new_mui": 1.0,
            "new_vari": null,
            "noise_type": "gaussian",
            "obs_noise_gamma_shape": null,
            "true_params": {
                "Si": [
                    [
                        1.0,
                        -0.6629237311572592,
                        0.3882763770350071,
                        0.0,
                        0.8850677306922646,
                        -0.19911597111855206,
                        1.2042237929613921,
                        -2.122377699598177
                    ],
                    [
                        -0.6629237311572592,
                        1.439467873331462,
                        -0.8431005626239096,
                        0.0,
                        -1.9218297734338792,
                        0.432359003036442,
                        -2.6148429763454555,
                        3.348132796733857
                    ],
                    [
                        0.3882763770350071,
                        -0.8431005626239096,
                        1.4938064765916972,
                        0.0,
                        2.005216529947666,
                        -1.3267821930899086,
                        1.576609400914927,
                        -3.693956868234876
                    ],
                    [
                        0.0,
                        0.0,
                        0.0,
                        1e-09,
                        -8.04414366719456e-10,
                        -2.684195617713575e-10,
                        -2.035808875904621e-10,
                        -3.340590696072907e-10
                    ],
                    [
                        0.8850677306922646,
                        -1.9218297734338792,
                        2.005216529947666,
                        -8.04414366719456e-10,
                        4.339517568704428,
                        -2.1165532005634327,
                        4.0248069904982735,
                        -6.930050755811753
                    ],
                    [
                        -0.19911597111855206,
                        0.432359003036442,
                        -1.3267821930899086,
                        -2.684195617713575e-10,
                        -2.1165532005634327,
                        2.6364228441794886,
                        -0.4198216493946819,
                        3.9737277899799395
                    ],
                    [
                        1.2042237929613921,
                        -2.6148429763454555,
                        1.576609400914927,
                        -2.035808875904621e-10,
                        4.0248069904982735,
                        -0.4198216493946819,
                        6.49731352648619,
                        -6.232390852903881
                    ],
                    [
                        -2.122377699598177,
                        3.348132796733857,
                        -3.693956868234876,
                        -3.340590696072907e-10,
                        -6.930050755811753,
                        3.9737277899799395,
                        -6.232390852903881,
                        13.454698846165646
                    ]
                ],
                "mui": [
                    0.0,
                    0.0,
                    0.0,
                    1.0,
                    -0.804414366719456,
                    -0.26841956177135745,
                    -0.20358088759046208,
                    -0.3340590696072907
                ],
                "Ai": [
                    [
                        0.0,
                        0.0,
                        0.0,
                        0.0,
                        0.0,
                        0.0,
                        0.0,
                        0.0
                    ],
                    [
                        -0.6629237311572592,
                        0.0,
                        0.0,
                        0.0,
                        0.0,
                        0.0,
                        0.0,
                        0.0
                    ],
                    [
                        -0.0,
                        -0.5857029380396399,
                        0.0,
                        0.0,
                        0.0,
                        0.0,
                        0.0,
                        0.0
                    ],
                    [
                        0.0,
                        0.0,
                        0.0,
                        0.0,
                        0.0,
                        0.0,
                        0.0,
                        0.0
                    ],
                    [
                        -0.0,
                        -0.819915886798587,
                        0.8795951852353878,
                        -0.804414366719456,
                        0.0,
                        0.0,
                        0.0,
                        0.0
                    ],
                    [
                        -0.0,
                        -0.816289661342481,
                        -0.5501680474939903,
                        -0.7470653809153273,
                        -0.5950239564914437,
                        0.0,
                        0.0,
                        0.0
                    ],
                    [
                        -0.0,
                        -0.8071189154427725,
                        0.0,
                        0.7227589847853415,
                        0.9153342410029259,
                        0.7079657581911712,
                        0.0,
                        0.0
                    ],
                    [
                        -0.8355378276259104,
                        0.6087096628108146,
                        -0.6068243577854509,
                        -0.6751496697761844,
                        -0.6078598327667191,
                        0.5509307193724846,
                        -0.0,
                        0.0
                    ]
                ]
            },
            "est_params": {
                "mui": [
                    0.006255897992590657,
                    -0.014651243666651076,
                    0.005396966082576952,
                    0.9999992906194389,
                    -0.7832362554004889,
                    -0.27362595130866996,
                    -0.17751850012143422,
                    -0.3667074626099847
                ],
                "Si": [
                    [
                        0.9974550147137023,
                        -0.6544687958311232,
                        0.38680742340830393,
                        -3.1552299284354196e-07,
                        0.8795087228596837,
                        -0.21109996176411863,
                        1.1824220821249611,
                        -2.1168242731501876
                    ],
                    [
                        -0.6544687958311232,
                        1.433459712108586,
                        -0.8413803099030558,
                        7.219987868285693e-07,
                        -1.9263639652302298,
                        0.44973670137335997,
                        -2.6053515207823805,
                        3.342274927437047
                    ],
                    [
                        0.38680742340830393,
                        -0.8413803099030558,
                        1.5007870276215234,
                        -7.472569624307138e-07,
                        2.0244348629599873,
                        -1.3468782142398636,
                        1.5908170261837409,
                        -3.7226253598214076
                    ],
                    [
                        -3.1552299284354196e-07,
                        7.219987868285695e-07,
                        -7.472569624307139e-07,
                        1.0180561200052022e-06,
                        -2.0930033473627987e-06,
                        1.5913502442496008e-06,
                        -1.2239009263972254e-06,
                        3.2687372051943876e-06
                    ],
