{
    "expt_args": {
        "save_dir": "all_expt_logs/expt_logs_sim_compsel_backward_cameraready_all",
        "exp_name": "268",
        "num_nodes": 4,
        "num_tgt_prior": 5,
        "obs_noise_mean": 0.0,
        "obs_noise_var": 1.0,
        "obs_noise_gamma_shape": null,
        "noise_type": "gaussian",
        "max_edge_strength": 1.0,
        "graph_sparsity_method": "adj_dense_prop",
        "adj_dense_prop": 0.8,
        "num_parents": null,
        "new_noise_mean": 1.0,
        "mix_samples": 16384,
        "stage2_samples": 16384,
        "gmm_tol": 0.001,
        "intv_type": "do",
        "new_noise_var": null,
        "dtype": "simulation",
        "cutoff_drop_ratio": 0.07,
        "intv_targets": [
            0,
            1,
            2,
            3
        ]
    },
    "intv_args_dict": {
        "0": {
            "intv_type": "do",
            "inode": 0,
            "new_mui": 1.0,
            "new_vari": null,
            "noise_type": "gaussian",
            "obs_noise_gamma_shape": null,
            "true_params": {
                "Si": [
                    [
                        1e-09,
                        -6.853556577217311e-10,
                        1.551342065784275e-09,
                        -1.325557720332318e-09
                    ],
                    [
                        -6.853556577217311e-10,
                        1.0000000004697123,
                        -0.9318325304606443,
                        -0.08518701063013526
                    ],
                    [
                        1.551342065784275e-09,
                        -0.9318325304606443,
                        1.8683118652498618,
                        -0.6124683227101178
                    ],
                    [
                        -1.325557720332318e-09,
                        -0.08518701063013526,
                        -0.6124683227101178,
                        1.485910966827163
                    ]
                ],
                "mui": [
                    1.0,
                    -0.685355657721731,
                    1.551342065784275,
                    -1.325557720332318
                ],
                "Ai": [
                    [
                        0.0,
                        0.0,
                        0.0,
                        0.0
                    ],
                    [
                        -0.685355657721731,
                        0.0,
                        0.0,
                        0.0
                    ],
                    [
                        0.9127053697125997,
                        -0.9318325293974232,
                        0.0,
                        0.0
                    ],
                    [
                        -0.7524874174157017,
                        -0.7298738086283045,
                        -0.6918483490875582,
                        0.0
                    ]
                ]
            },
            "est_params": {
                "mui": [
                    1.0000019298618252,
                    -0.6953506076967887,
                    1.5371827521872323,
                    -1.2813699092140536
                ],
                "Si": [
                    [
                        1.0173715361910208e-06,
                        -1.1464679885747217e-06,
                        2.3856012463266574e-08,
                        1.9933406823884836e-06
                    ],
                    [
                        -1.146467988574722e-06,
                        1.0630354733837606,
                        -0.9694644727877342,
                        -0.07521545938270553
                    ],
                    [
                        2.3856012463266574e-08,
                        -0.9694644727877342,
                        1.8883498991157845,
                        -0.635448444016688
                    ],
                    [
                        1.9933406823884836e-06,
                        -0.07521545938270556,
                        -0.635448444016688,
                        1.4714753182333138
                    ]
                ]
            },
            "est_tgt": [
                0
            ],
            "oracle_est_tgt": [
                0
            ]
        },
        "1": {
            "intv_type": "do",
            "inode": 1,
            "new_mui": 1.0,
            "new_vari": null,
            "noise_type": "gaussian",
            "obs_noise_gamma_shape": null,
            "true_params": {
                "Si": [
                    [
                        1.0,
                        0.0,
                        0.9127053697125997,
                        -1.3839411206547134
                    ],
                    [
                        0.0,
                        1e-09,
                        -9.318325293974233e-10,
                        -8.518701153861375e-11
                    ],
                    [
                        0.9127053697125997,
                        -9.318325293974233e-10,
                        1.8330310927705251,
                        -1.954978841195808
                    ],
                    [
                        -1.3839411206547134,
                        -8.518701153861375e-11,
                        -1.954978841195808,
                        3.3939471635814606
                    ]
                ],
                "mui": [
                    0.0,
                    1.0,
                    -0.9318325293974232,
                    -0.08518701153861374
                ],
                "Ai": [
                    [
                        0.0,
                        0.0,
                        0.0,
                        0.0
                    ],
                    [
                        0.0,
                        0.0,
                        0.0,
                        0.0
                    ],
                    [
                        0.9127053697125997,
                        -0.9318325293974232,
                        0.0,
                        0.0
                    ],
                    [
                        -0.7524874174157017,
                        -0.7298738086283045,
                        -0.6918483490875582,
                        0.0
                    ]
                ]
            },
            "est_params": {
                "mui": [
                    -0.019570088482326733,
                    0.9999986237735894,
                    -0.9377672504098638,
                    -0.07427767825462661
                ],
                "Si": [
                    [
                        1.0115549075715988,
                        2.666159371065535e-07,
                        0.9278070648043724,
                        -1.4164699459862575
                    ],
                    [
                        2.666159371065537e-07,
                        1.0106593104785384e-06,
                        1.3700892330220098e-06,
                        -1.3419882105425661e-06
                    ],
                    [
                        0.9278070648043724,
                        1.3700892330220102e-06,
                        1.8559128077283462,
                        -1.9943582513634661
                    ],
                    [
                        -1.4164699459862575,
                        -1.3419882105425661e-06,
                        -1.9943582513634661,
                        3.4715987858054596
                    ]
                ]
            },
            "est_tgt": [
                1
            ],
            "oracle_est_tgt": [
                1
            ]
        },
        "2": {
            "intv_type": "do",
            "inode": 2,
            "new_mui": 1.0,
            "new_vari": null,
            "noise_type": "gaussian",
            "obs_noise_gamma_shape": null,
            "true_params": {
                "Si": [
                    [
                        1.0,
                        -0.685355657721731,
                        0.0,
                        -0.25226427324938516
                    ],
                    [
                        -0.685355657721731,
                        1.4697123775711864,
                        0.0,
                        -0.5569830617157777
                    ],
                    [
                        0.0,
                        0.0,
                        1e-09,
                        -6.918483490875583e-10
                    ],
                    [
                        -0.25226427324938516,
                        -0.5569830617157777,
                        -6.918483490875583e-10,
                        1.5963530405582815
                    ]
                ],
                "mui": [
                    0.0,
                    0.0,
                    1.0,
                    -0.6918483490875582
                ],
                "Ai": [
                    [
                        0.0,
                        0.0,
                        0.0,
                        0.0
                    ],
                    [
                        -0.685355657721731,
                        0.0,
                        0.0,
                        0.0
                    ],
                    [
                        0.0,
                        0.0,
                        0.0,
                        0.0
                    ],
                    [
                        -0.7524874174157017,
                        -0.7298738086283045,
                        -0.6918483490875582,
                        0.0
                    ]
                ]
            },
            "est_params": {
                "mui": [
                    -0.0006875649937513692,
                    0.02964612538810019,
                    1.000002777782574,
                    -0.68732990956876
                ],
                "Si": [
                    [
                        1.0043053442303107,
                        -0.6789853604307616,
                        2.755907365509712e-06,
                        -0.2524954309666504
                    ],
                    [
                        -0.6789853604307616,
                        1.4498124109831148,
                        -2.1547249008343385e-06,
                        -0.5529723678119809
                    ],
                    [
                        2.7559073655097115e-06,
                        -2.1547249008343385e-06,
                        1.0128735643438311e-06,
                        2.8493584884827215e-06
                    ],
                    [
                        -0.2524954309666504,
                        -0.5529723678119809,
                        2.8493584884827215e-06,
                        1.6001682137850308
                    ]
                ]
            },
            "est_tgt": [
                2
            ],
            "oracle_est_tgt": [
                2
            ]
        },
        "3": {
            "intv_type": "do",
            "inode": 3,
            "new_mui": 1.0,
            "new_vari": null,
            "noise_type": "gaussian",
            "obs_noise_gamma_shape": null,
            "true_params": {
                "Si": [
                    [
                        1.0,
                        -0.685355657721731,
                        1.551342065784275,
                        0.0
                    ],
                    [
                        -0.685355657721731,
                        1.4697123775711864,
                        -1.9950535912443939,
                        0.0
                    ],
                    [
                        1.551342065784275,
                        -1.9950535912443939,
                        4.274974067915021,
                        0.0
                    ],
                    [
                        0.0,
                        0.0,
                        0.0,
                        1e-09
                    ]
                ],
                "mui": [
                    0.0,
                    0.0,
                    0.0,
                    1.0
                ],
                "Ai": [
                    [
                        0.0,
                        0.0,
                        0.0,
                        0.0
                    ],
                    [
                        -0.685355657721731,
                        0.0,
                        0.0,
                        0.0
                    ],
                    [
                        0.9127053697125997,
                        -0.9318325293974232,
                        0.0,
                        0.0
                    ],
                    [
                        0.0,
                        0.0,
                        0.0,
                        0.0
                    ]
                ]
            },
            "est_params": {
                "mui": [
                    0.025164803574646996,
                    -0.014299484343791077,
                    0.04976158221099364,
                    1.0000009555327052
                ],
                "Si": [
                    [
                        1.0024642317806634,
                        -0.6718762902609341,
                        1.5191283231925201,
                        1.0731241080265565e-06
                    ],
                    [
                        -0.6718762902609341,
                        1.4699266722848594,
                        -1.9648287577787762,
                        4.869039423290648e-07
                    ],
                    [
                        1.5191283231925201,
                        -1.9648287577787762,
                        4.176687995151563,
                        -1.553546787794539e-07
                    ],
                    [
                        1.0731241080265563e-06,
                        4.869039423290647e-07,
                        -1.553546787794543e-07,
                        1.0055102828600192e-06
                    ]
                ]
            },
            "est_tgt": [
                3
            ],
            "oracle_est_tgt": [
                3
            ]
        },
        "obs": {
            "intv_type": "obs",
            "noise_type": "gaussian",
            "obs_noise_gamma_shape": null,
            "true_params": {
                "Si": [
                    [
                        1.0,
                        -0.685355657721731,
                        1.551342065784275,
                        -1.325557720332318
                    ],
                    [
                        -0.685355657721731,
                        1.4697123775711864,
                        -1.9950535912443939,
                        0.8232914717278603
                    ],
                    [
                        1.551342065784275,
                        -1.9950535912443939,
                        4.274974067915021,
                        -2.6688617728303563
                    ],
                    [
                        -1.325557720332318,
                        0.8232914717278603,
                        -2.6688617728303563,
                        3.243014235002671
                    ]
                ],
                "mui": [
                    0.0,
                    0.0,
                    0.0,
                    0.0
                ],
                "Ai": [
                    [
                        0.0,
                        0.0,
                        0.0,
                        0.0
                    ],
                    [
                        -0.685355657721731,
                        0.0,
                        0.0,
                        0.0
                    ],
                    [
                        0.9127053697125997,
                        -0.9318325293974232,
                        0.0,
                        0.0
                    ],
                    [
                        -0.7524874174157017,
                        -0.7298738086283045,
                        -0.6918483490875582,
                        0.0
                    ]
                ]
            },
            "est_params": {
                "mui": [
                    -0.02108288419945845,
                    -0.009155830167571257,
                    0.016514946468645545,
                    0.013199332242526276
                ],
                "Si": [
                    [
                        1.0542146558268533,
                        -0.7269531749690405,
                        1.634430549343709,
                        -1.343843343627119
                    ],
                    [
                        -0.7269531749690405,
                        1.5095467130193276,
                        -2.0756486985593865,
                        0.8386410309298705
                    ],
                    [
                        1.634430549343709,
                        -2.0756486985593865,
                        4.45866240682829,
                        -2.734657336487292
                    ],
                    [
                        -1.343843343627119,
                        0.8386410309298705,
                        -2.734657336487292,
                        3.236608486755178
                    ]
                ]
            },
            "est_tgt": [
                0,
                1,
                2,
                3
            ],
            "oracle_est_tgt": [
                0,
                1,
                2,
                3
            ]
        }
    },
    "metric_dict": {
        "param_est_rel_err": 2.0092260753348343,
        "est_num_comp": 5,
        "weight_precision_error": 0.002258514812069623,
        "gm_score_dict": {
            "1": -6.021396990851736,
            "2": -5.934248881977176,
            "3": -3.7659599757178626,
            "4": -2.549735321814409,
            "5": -1.3719062887351494
        },
        "est_dag": {
            "amat": [
                [
                    0,
                    1,
                    1,
                    1
                ],
                [
                    0,
                    0,
                    1,
                    1
                ],
                [
                    0,
                    0,
                    0,
                    1
                ],
                [
                    0,
                    0,
                    0,
                    0
                ]
            ],
            "nodes": [
                0,
                1,
                2,
                3
            ]
        },
        "oracle_est_dag": {
            "amat": [
                [
                    0,
                    1,
                    1,
                    1
                ],
                [
                    0,
                    0,
                    1,
                    1
                ],
                [
                    0,
                    0,
                    0,
                    1
                ],
                [
                    0,
                    0,
                    0,
                    0
                ]
            ],
            "nodes": [
                0,
                1,
                2,
                3
            ]
        },
        "igsp_dag": null,
        "intv_base_est_dag": null,
        "act_dag": {
            "amat": [
                [
                    0,
                    1,
                    1,
                    1
                ],
                [
                    0,
                    0,
                    1,
                    1
                ],
                [
                    0,
                    0,
                    0,
                    1
                ],
                [
                    0,
                    0,
                    0,
                    0
                ]
            ],
            "nodes": [
                0,
                1,
                2,
                3
            ]
        },
        "shd": 0,
        "oracle_shd": 0,
        "intv_base_shd": null,
        "igsp_shd": null,
        "avg_js": 0.8,
        "avg_oracle_js": 0.8
    }
}