{
    "expt_args": {
        "save_dir": "all_expt_logs/expt_logs_sim_compsel_backward_cameraready_all",
        "exp_name": "257",
        "num_nodes": 8,
        "num_tgt_prior": 9,
        "obs_noise_mean": 0.0,
        "obs_noise_var": 1.0,
        "obs_noise_gamma_shape": null,
        "noise_type": "gaussian",
        "max_edge_strength": 1.0,
        "graph_sparsity_method": "adj_dense_prop",
        "adj_dense_prop": 0.8,
        "num_parents": null,
        "new_noise_mean": 1.0,
        "mix_samples": 16384,
        "stage2_samples": 16384,
        "gmm_tol": 0.001,
        "intv_type": "do",
        "new_noise_var": null,
        "dtype": "simulation",
        "cutoff_drop_ratio": 0.07,
        "intv_targets": [
            0,
            1,
            2,
            3,
            4,
            5,
            6,
            7
        ]
    },
    "intv_args_dict": {
        "0": {
            "intv_type": "do",
            "inode": 0,
            "new_mui": 1.0,
            "new_vari": null,
            "noise_type": "gaussian",
            "obs_noise_gamma_shape": null,
            "true_params": {
                "Si": [
                    [
                        1e-09,
                        0.0,
                        0.0,
                        0.0,
                        5.27150943583433e-10,
                        -6.665692317954461e-10,
                        -1.438026012763727e-09,
                        6.60485441273801e-10
                    ],
                    [
                        0.0,
                        1.0,
                        -0.8083972231044924,
                        0.43601078613569527,
                        -0.6474937938447612,
                        0.8663493059634629,
                        0.08952707570314011,
                        -1.976344956625987
                    ],
                    [
                        0.0,
                        -0.8083972231044924,
                        1.6535060703230544,
                        0.2389419829289669,
                        -0.7672410463954945,
                        -2.1562486422183005,
                        -0.015817878099896474,
                        1.0861202042153515
                    ],
                    [
                        0.0,
                        0.43601078613569527,
                        0.2389419829289669,
                        1.5398734312527065,
                        -1.859613464174208,
                        -0.9521876857713745,
                        -0.5680665820680072,
                        -1.8781771820402016
                    ],
                    [
                        5.27150943583433e-10,
                        -0.6474937938447612,
                        -0.7672410463954945,
                        -1.859613464174208,
                        3.7476485371984123,
                        2.2758455915393183,
                        0.10619585801290704,
                        3.268864821272936
                    ],
                    [
                        -6.665692317954461e-10,
                        0.8663493059634629,
                        -2.1562486422183005,
                        -0.9521876857713745,
                        2.2758455915393183,
                        4.4218814769689665,
                        0.8126319075528059,
                        -0.7537944405861758
                    ],
                    [
                        -1.438026012763727e-09,
                        0.08952707570314011,
                        -0.015817878099896474,
                        -0.5680665820680072,
                        0.10619585801290704,
                        0.8126319075528059,
                        1.9657866643864623,
                        -1.1475033265895414
                    ],
                    [
                        6.60485441273801e-10,
                        -1.976344956625987,
                        1.0861202042153515,
                        -1.8781771820402016,
                        3.268864821272936,
                        -0.7537944405861758,
                        -1.1475033265895414,
                        7.1983184776815055
                    ]
                ],
                "mui": [
                    1.0,
                    0.0,
                    0.0,
                    0.0,
                    0.527150943583433,
                    -0.666569231795446,
                    -1.4380260127637268,
                    0.6604854412738009
                ],
                "Ai": [
                    [
                        0.0,
                        0.0,
                        0.0,
                        0.0,
                        0.0,
                        0.0,
                        0.0,
                        0.0
                    ],
                    [
                        0.0,
                        0.0,
                        0.0,
                        0.0,
                        0.0,
                        0.0,
                        0.0,
                        0.0
                    ],
                    [
                        0.0,
                        -0.8083972231044924,
                        0.0,
                        0.0,
                        0.0,
                        0.0,
                        0.0,
                        0.0
                    ],
                    [
                        0.0,
                        0.914106517084557,
                        0.5914118916846697,
                        0.0,
                        0.0,
                        0.0,
                        0.0,
                        0.0
                    ],
                    [
                        0.527150943583433,
                        -0.9468063116500496,
                        -0.8092759637578613,
                        -0.8139796888220221,
                        0.0,
                        0.0,
                        0.0,
                        0.0
                    ],
                    [
                        -0.9702339786388774,
                        0.663432566790666,
                        -0.7124033110578698,
                        -0.0,
                        0.5760489486734076,
                        0.0,
                        0.0,
                        0.0
                    ],
                    [
                        -0.627661770490719,
                        -0.0,
                        0.6903591756679133,
                        -0.8719105247823344,
                        -0.6764057013801867,
                        0.6807940074325061,
                        0.0,
                        0.0
                    ],
                    [
                        -0.7780163228927716,
                        -0.6630856749011418,
                        0.6823472249870322,
                        -0.8120441025409405,
                        0.5174035042057616,
                        -0.0,
                        -0.8106612873230883,
                        0.0
                    ]
                ]
            },
            "est_params": {
                "mui": [
                    0.9999975796745378,
                    0.0314751247840966,
                    0.0064645983138009655,
                    0.027511272422180457,
                    0.4842176412663749,
                    -0.6854656481734552,
                    -1.4403008000989717,
                    0.5668756678875493
                ],
                "Si": [
                    [
                        1.0250128314712963e-06,
                        1.7302976924215686e-06,
                        -3.843768985018653e-06,
                        -4.315788143548952e-06,
                        4.807635654486437e-06,
                        7.1293587981149065e-06,
                        6.512676716132455e-06,
                        -6.495553945918671e-06
                    ],
                    [
                        1.730297692421569e-06,
                        0.96726435060964,
                        -0.7658823770553017,
                        0.4565644013263767,
                        -0.66375314845277,
                        0.8066405660407218,
                        0.030687700409741163,
                        -1.8876852754775364
                    ],
                    [
                        -3.843768985018653e-06,
                        -0.7658823770553017,
                        1.6026945197822489,
                        0.22646606788447035,
                        -0.7376045311332825,
                        -2.1311973724642526,
                        -0.032411411842098344,
                        1.0375453972762922
                    ],
                    [
                        -4.315788143548952e-06,
                        0.4565644013263767,
                        0.22646606788447035,
                        1.5879144837728087,
                        -1.8871476645522296,
                        -0.9704081549709165,
                        -0.6235840064671383,
                        -1.9039165743838589
                    ],
                    [
                        4.807635654486439e-06,
                        -0.66375314845277,
                        -0.7376045311332827,
                        -1.8871476645522296,
                        3.694841961138487,
                        2.2865251787440504,
                        0.22556211240010965,
                        3.2150697851329286
                    ],
                    [
                        7.1293587981149065e-06,
                        0.8066405660407218,
                        -2.1311973724642526,
                        -0.9704081549709165,
                        2.2865251787440504,
                        4.461527448931174,
                        0.8181784578312656,
                        -0.6828074506613383
                    ],
                    [
                        6.512676716132455e-06,
                        0.030687700409741163,
                        -0.032411411842098364,
                        -0.6235840064671383,
                        0.22556211240010973,
                        0.8181784578312656,
                        1.8932859692269943,
                        -0.9804523846674638
                    ],
                    [
                        -6.495553945918672e-06,
                        -1.8876852754775364,
                        1.0375453972762922,
                        -1.9039165743838589,
                        3.2150697851329286,
                        -0.6828074506613383,
                        -0.9804523846674638,
                        6.972367529340633
                    ]
                ]
            },
            "est_tgt": [
                0
            ],
            "oracle_est_tgt": [
                0
            ]
        },
        "1": {
            "intv_type": "do",
            "inode": 1,
            "new_mui": 1.0,
            "new_vari": null,
            "noise_type": "gaussian",
            "obs_noise_gamma_shape": null,
            "true_params": {
                "Si": [
                    [
                        1.0,
                        0.0,
                        0.0,
                        0.0,
                        0.527150943583433,
                        -0.666569231795446,
                        -1.4380260127637268,
                        0.6604854412738009
                    ],
                    [
                        0.0,
                        1e-09,
                        -8.083972231044924e-10,
                        4.360107861356953e-10,
                        -6.474937938447613e-10,
                        8.66349305963463e-10,
                        8.952707570314012e-11,
                        -1.976344956625987e-09
                    ],
                    [
                        0.0,
                        -8.083972231044924e-10,
                        1.0000000006535061,
                        0.5914118913321997,
                        -1.29067323079356,
                        -1.4558942697392874,
                        0.05655556121881422,
                        -0.511551569019993
                    ],
                    [
                        0.0,
                        4.360107861356953e-10,
                        0.5914118913321997,
                        1.3497680258161449,
                        -1.577299186384284,
                        -1.3299253273548803,
                        -0.6071013526867284,
                        -1.016469464688096
                    ],
                    [
                        0.527150943583433,
                        -6.474937938447613e-10,
                        -1.29067323079356,
                        -1.577299186384284,
                        3.6062884415931937,
                        2.48541879073815,
                        -0.5938926849140714,
                        2.3373692518833153
                    ],
                    [
                        -0.666569231795446,
                        8.66349305963463e-10,
                        -1.4558942697392874,
                        -1.3299253273548803,
                        2.48541879073815,
                        4.115634898108211,
                        1.6936140814012555,
                        0.5181513664572387
                    ],
                    [
                        -1.4380260127637268,
                        8.952707570314012e-11,
                        0.05655556121881422,
                        -0.6071013526867284,
                        -0.5938926849140714,
                        1.6936140814012555,
                        4.025690378427745,
                        -1.920362186872763
                    ],
                    [
                        0.6604854412738009,
                        -1.976344956625987e-09,
                        -0.511551569019993,
                        -1.016469464688096,
                        2.3373692518833153,
                        0.5181513664572387,
                        -1.920362186872763,
                        3.7286201117048767
                    ]
                ],
                "mui": [
                    0.0,
                    1.0,
                    -0.8083972231044924,
                    0.43601078613569527,
                    -0.6474937938447612,
                    0.8663493059634629,
                    0.08952707570314011,
                    -1.976344956625987
                ],
                "Ai": [
                    [
                        0.0,
                        0.0,
                        0.0,
                        0.0,
                        0.0,
                        0.0,
                        0.0,
                        0.0
                    ],
                    [
                        0.0,
                        0.0,
                        0.0,
                        0.0,
                        0.0,
                        0.0,
                        0.0,
                        0.0
                    ],
                    [
                        0.0,
                        -0.8083972231044924,
                        0.0,
                        0.0,
                        0.0,
                        0.0,
                        0.0,
                        0.0
                    ],
                    [
                        0.0,
                        0.914106517084557,
                        0.5914118916846697,
                        0.0,
                        0.0,
                        0.0,
                        0.0,
                        0.0
                    ],
                    [
                        0.527150943583433,
                        -0.9468063116500496,
                        -0.8092759637578613,
                        -0.8139796888220221,
                        0.0,
                        0.0,
                        0.0,
                        0.0
                    ],
                    [
                        -0.9702339786388774,
                        0.663432566790666,
                        -0.7124033110578698,
                        -0.0,
                        0.5760489486734076,
                        0.0,
                        0.0,
                        0.0
                    ],
                    [
                        -0.627661770490719,
                        -0.0,
                        0.6903591756679133,
                        -0.8719105247823344,
                        -0.6764057013801867,
                        0.6807940074325061,
                        0.0,
                        0.0
                    ],
                    [
                        -0.7780163228927716,
                        -0.6630856749011418,
                        0.6823472249870322,
                        -0.8120441025409405,
                        0.5174035042057616,
                        -0.0,
                        -0.8106612873230883,
                        0.0
                    ]
                ]
            },
            "est_params": {
                "mui": [
                    0.04667826302395853,
                    1.000001867438241,
                    -0.83628054356013,
                    0.40830223873575366,
                    -0.5832096227735357,
                    0.8998427180299902,
                    0.025181687252825345,
                    -1.9387037746791789
                ],
                "Si": [
                    [
                        1.0056610530718748,
                        3.3042631781932035e-06,
                        0.021558384611206672,
                        0.08536264602891712,
                        0.45158086700655475,
                        -0.7483417936879931,
                        -1.5393935938607695,
                        0.6651100632542019
                    ],
                    [
                        3.304263178193204e-06,
                        1.03297114960568e-06,
                        5.057126265404521e-06,
                        6.313255438447459e-07,
                        -1.8447307708179078e-06,
                        -2.7476850599525738e-06,
                        4.187628833543437e-07,
                        2.256787586549488e-06
                    ],
                    [
                        0.021558384611206665,
                        5.057126265404523e-06,
                        0.9843841314057544,
                        0.6107078382332365,
                        -1.2736804226840566,
                        -1.4042136291608678,
                        0.06191683731163167,
                        -0.5348721980958223
                    ],
                    [
                        0.08536264602891712,
                        6.313255438447454e-07,
                        0.6107078382332365,
                        1.360820464175648,
                        -1.5456674425297845,
                        -1.3620929707293892,
                        -0.7219970417319647,
                        -1.0041564656704904
                    ],
                    [
                        0.4515808670065547,
                        -1.8447307708179083e-06,
                        -1.2736804226840566,
                        -1.5456674425297845,
                        3.496894808822376,
                        2.393070510623971,
                        -0.5450818665800201,
                        2.34723830256336
                    ],
                    [
                        -0.7483417936879933,
                        -2.7476850599525738e-06,
                        -1.4042136291608678,
                        -1.362092970729389,
                        2.393070510623971,
                        4.073361100744285,
                        1.8723424829838133,
                        0.47963683056023976
                    ],
                    [
                        -1.5393935938607695,
                        4.187628833543437e-07,
                        0.06191683731163169,
                        -0.7219970417319647,
                        -0.5450818665800201,
                        1.8723424829838127,
                        4.302911382689583,
                        -1.9131490277820595
                    ],
                    [
                        0.6651100632542019,
                        2.256787586549488e-06,
                        -0.5348721980958224,
                        -1.0041564656704904,
                        2.34723830256336,
                        0.4796368305602398,
                        -1.9131490277820595,
                        3.7870822462970093
                    ]
                ]
            },
            "est_tgt": [
                1,
                2,
                3,
                6
            ],
            "oracle_est_tgt": [
                1,
                2,
                4,
                5
            ]
        },
        "2": {
            "intv_type": "do",
            "inode": 2,
            "new_mui": 1.0,
            "new_vari": null,
            "noise_type": "gaussian",
            "obs_noise_gamma_shape": null,
            "true_params": {
                "Si": [
                    [
                        1.0,
                        0.0,
                        0.0,
                        0.0,
                        0.527150943583433,
                        -0.666569231795446,
                        -1.4380260127637268,
                        0.6604854412738009
                    ],
                    [
                        0.0,
                        1.0,
                        0.0,
                        0.914106517084557,
                        -1.6908704499767198,
                        -0.3105915782613551,
                        0.13524643440205225,
                        -2.389881825788049
                    ],
                    [
                        0.0,
                        0.0,
                        1e-09,
                        5.914118916846697e-10,
                        -1.2906732313169923e-09,
                        -1.455894269038933e-09,
                        5.6555561291187667e-11,
                        -5.115515706176648e-10
                    ],
                    [
                        0.0,
                        0.914106517084557,
                        5.914118916846697e-10,
                        1.8355907249262275,
                        -2.3596153874547587,
                        -0.7528059306887493,
                        -0.5169193370814601,
                        -2.8985383340704645
                    ],
                    [
                        0.527150943583433,
                        -1.6908704499767198,
                        -1.2906732313169923e-09,
                        -2.3596153874547587,
                        4.799493931406012,
                        1.1315051541955767,
                        -0.7495821352835995,
                        5.718103890790929
                    ],
                    [
                        -0.666569231795446,
                        -0.3105915782613551,
                        -1.455894269038933e-09,
                        -0.7528059306887493,
                        1.1315051541955767,
                        2.0924739053437484,
                        1.7339465952923208,
                        0.5156635370637247
                    ],
                    [
                        -1.4380260127637268,
                        0.13524643440205225,
                        5.6555561291187667e-11,
                        -0.5169193370814601,
                        -0.7495821352835995,
                        1.7339465952923208,
                        4.040783444928436,
                        -2.214654096099187
                    ],
                    [
                        0.6604854412738009,
                        -2.389881825788049,
                        -5.115515706176648e-10,
                        -2.8985383340704645,
                        5.718103890790929,
                        0.5156635370637247,
                        -2.214654096099187,
                        9.178470239891242
                    ]
                ],
                "mui": [
                    0.0,
                    0.0,
                    1.0,
                    0.5914118916846697,
                    -1.2906732313169922,
                    -1.455894269038933,
                    0.05655556129118766,
                    -0.5115515706176648
                ],
                "Ai": [
                    [
                        0.0,
                        0.0,
                        0.0,
                        0.0,
                        0.0,
                        0.0,
                        0.0,
                        0.0
                    ],
                    [
                        0.0,
                        0.0,
                        0.0,
                        0.0,
                        0.0,
                        0.0,
                        0.0,
                        0.0
                    ],
                    [
                        0.0,
                        0.0,
                        0.0,
                        0.0,
                        0.0,
                        0.0,
                        0.0,
                        0.0
                    ],
                    [
                        0.0,
                        0.914106517084557,
                        0.5914118916846697,
                        0.0,
                        0.0,
                        0.0,
                        0.0,
                        0.0
                    ],
                    [
                        0.527150943583433,
                        -0.9468063116500496,
                        -0.8092759637578613,
                        -0.8139796888220221,
                        0.0,
                        0.0,
                        0.0,
                        0.0
                    ],
                    [
                        -0.9702339786388774,
                        0.663432566790666,
                        -0.7124033110578698,
                        -0.0,
                        0.5760489486734076,
                        0.0,
                        0.0,
                        0.0
                    ],
                    [
                        -0.627661770490719,
                        -0.0,
                        0.6903591756679133,
                        -0.8719105247823344,
                        -0.6764057013801867,
                        0.6807940074325061,
                        0.0,
                        0.0
                    ],
                    [
                        -0.7780163228927716,
                        -0.6630856749011418,
                        0.6823472249870322,
                        -0.8120441025409405,
                        0.5174035042057616,
                        -0.0,
                        -0.8106612873230883,
                        0.0
                    ]
                ]
            },
            "est_params": {
                "mui": [
                    -0.02434812569087829,
                    -0.0025521253681700918,
                    0.9999978281685643,
                    0.5471904555645594,
                    -1.2287844512081394,
                    -1.3825699806758995,
                    0.13370893501083672,
                    -0.47589328865349834
                ],
                "Si": [
                    [
                        1.0274615406898506,
                        0.04985052516380403,
                        -2.018256734852439e-06,
                        0.08573571576800297,
                        0.4205016252629323,
                        -0.7166269098649412,
                        -1.4562357814340556,
                        0.5112160594479228
                    ],
                    [
                        0.04985052516380403,
                        0.9796687430683719,
                        -1.3365027376763382e-07,
                        0.8993077670655237,
                        -1.6203158849940114,
                        -0.3376095312416751,
                        0.08459498819103303,
                        -2.307161569222705
                    ],
                    [
                        -2.018256734852439e-06,
                        -1.33650273767634e-07,
                        1.0106766045309217e-06,
                        1.5332937590836954e-06,
                        -3.949464897414982e-06,
                        -3.4729609973231917e-06,
                        5.251382067919808e-06,
                        -9.299365287364468e-06
                    ],
                    [
                        0.08573571576800298,
                        0.8993077670655237,
                        1.5332937590836952e-06,
                        1.7983038251771706,
                        -2.2508457517188316,
                        -0.8106241006347846,
                        -0.616992634682817,
                        -2.7962477749618797
                    ],
                    [
                        0.4205016252629323,
                        -1.620315884994011,
                        -3.949464897414981e-06,
                        -2.2508457517188316,
                        4.494778288602987,
                        1.1316049357918032,
                        -0.5938732763496765,
                        5.373857246864251
                    ],
                    [
                        -0.7166269098649412,
                        -0.3376095312416751,
                        -3.4729609973231917e-06,
                        -0.8106241006347847,
                        1.131604935791803,
                        2.1207571813765655,
                        1.7988387297996906,
                        0.600679518509863
                    ],
                    [
                        -1.4562357814340556,
                        0.08459498819103303,
                        5.251382067919809e-06,
                        -0.616992634682817,
                        -0.5938732763496765,
                        1.7988387297996904,
                        4.003688845113581,
                        -1.9574517209444233
                    ],
                    [
                        0.5112160594479228,
                        -2.307161569222705,
                        -9.299365287364468e-06,
                        -2.7962477749618797,
                        5.373857246864251,
                        0.600679518509863,
                        -1.9574517209444233,
                        8.75336956232023
                    ]
                ]
            },
            "est_tgt": [
                1,
                2,
                3,
                6
            ],
            "oracle_est_tgt": [
                1,
                2,
                4
            ]
        },
        "3": {
            "intv_type": "do",
            "inode": 3,
            "new_mui": 1.0,
            "new_vari": null,
            "noise_type": "gaussian",
            "obs_noise_gamma_shape": null,
            "true_params": {
                "Si": [
                    [
                        1.0,
                        0.0,
                        0.0,
                        0.0,
                        0.527150943583433,
                        -0.666569231795446,
                        -1.4380260127637268,
                        0.6604854412738009
                    ],
                    [
                        0.0,
                        1.0,
                        -0.8083972231044924,
                        0.0,
                        -0.29258986982298274,
                        1.0707913382762753,
                        0.3688133418688263,
                        -1.6650629992165467
                    ],
                    [
                        0.0,
                        -0.8083972231044924,
                        1.6535060703230544,
                        0.0,
                        -0.5727471254844572,
                        -2.044210623554129,
                        0.13723616635139707,
                        1.2567084798234556
                    ],
                    [
                        0.0,
                        0.0,
                        0.0,
                        1e-09,
                        -8.139796888220221e-10,
                        -4.688921439874333e-10,
                        -6.405489842142728e-10,
                        -7.139317817531314e-10
                    ],
                    [
                        0.527150943583433,
                        -0.29258986982298274,
                        -0.5727471254844572,
                        -8.139796888220221e-10,
                        2.018424535422712,
                        0.865164874511068,
                        -1.5025485288286755,
                        1.6554655537802048
                    ],
                    [
                        -0.666569231795446,
                        1.0707913382762753,
                        -2.044210623554129,
                        -4.688921439874333e-10,
                        0.865164874511068,
                        4.3118056969638925,
                        1.357389489576979,
                        -2.239029873666216
                    ],
                    [
                        -1.4380260127637268,
                        0.3688133418688263,
                        0.13723616635139707,
                        -6.405489842142728e-10,
                        -1.5025485288286755,
                        1.357389489576979,
                        3.937771222171669,
                        -3.0017269774378237
                    ],
                    [
                        0.6604854412738009,
                        -1.6650629992165467,
                        1.2567084798234556,
                        -7.139317817531314e-10,
                        1.6554655537802048,
                        -2.239029873666216,
                        -3.0017269774378237,
                        5.73765004698932
                    ]
                ],
                "mui": [
                    0.0,
                    0.0,
                    0.0,
                    1.0,
                    -0.8139796888220221,
                    -0.4688921439874333,
                    -0.6405489842142728,
                    -0.7139317817531313
                ],
                "Ai": [
                    [
                        0.0,
                        0.0,
                        0.0,
                        0.0,
                        0.0,
                        0.0,
                        0.0,
                        0.0
                    ],
                    [
                        0.0,
                        0.0,
                        0.0,
                        0.0,
                        0.0,
                        0.0,
                        0.0,
                        0.0
                    ],
                    [
                        0.0,
                        -0.8083972231044924,
                        0.0,
                        0.0,
                        0.0,
                        0.0,
                        0.0,
                        0.0
                    ],
                    [
                        0.0,
                        0.0,
                        0.0,
                        0.0,
                        0.0,
                        0.0,
                        0.0,
                        0.0
                    ],
                    [
                        0.527150943583433,
                        -0.9468063116500496,
                        -0.8092759637578613,
                        -0.8139796888220221,
                        0.0,
                        0.0,
                        0.0,
                        0.0
                    ],
                    [
                        -0.9702339786388774,
                        0.663432566790666,
                        -0.7124033110578698,
                        -0.0,
                        0.5760489486734076,
                        0.0,
                        0.0,
                        0.0
                    ],
                    [
                        -0.627661770490719,
                        -0.0,
                        0.6903591756679133,
                        -0.8719105247823344,
                        -0.6764057013801867,
                        0.6807940074325061,
                        0.0,
                        0.0
                    ],
                    [
                        -0.7780163228927716,
                        -0.6630856749011418,
                        0.6823472249870322,
                        -0.8120441025409405,
                        0.5174035042057616,
                        -0.0,
                        -0.8106612873230883,
                        0.0
                    ]
                ]
            },
            "est_params": {
                "mui": [
                    -0.019126845545745723,
                    -0.013066105505773834,
                    -0.002600522928335615,
                    0.9999999073956203,
                    -0.823214365508228,
                    -0.45562700245975435,
                    -0.6098354076924737,
                    -0.7126328644788651
                ],
                "Si": [
                    [
                        1.0037113886256945,
                        0.04753136843102491,
                        -0.05351274614861143,
                        -7.915840677106294e-07,
                        0.5146908845511304,
                        -0.6005654237401545,
                        -1.4124146039843999,
                        0.5647555279810724
                    ],
                    [
                        0.047531368431024915,
                        0.9915573483925079,
                        -0.8009299690995816,
                        -2.825145604718714e-06,
                        -0.24430154619130062,
                        1.0240963332031225,
                        0.2533134023509538,
                        -1.55260492865449
                    ],
                    [
                        -0.05351274614861143,
                        -0.8009299690995815,
                        1.6892725068232068,
                        4.0934802980931475e-06,
                        -0.6383905293694296,
                        -2.0634663245489944,
                        0.2668442018668678,
                        1.1293544393319637
                    ],
                    [
                        -7.915840677106294e-07,
                        -2.825145604718714e-06,
                        4.0934802980931475e-06,
                        1.0118416788370663e-06,
                        -4.4235001453733044e-06,
                        -5.750100130068126e-06,
                        -2.021314389058734e-06,
                        6.292452102372149e-06
                    ],
                    [
                        0.5146908845511304,
                        -0.24430154619130062,
                        -0.6383905293694296,
                        -4.423500145373304e-06,
                        1.958813322950439,
                        0.9557023421780708,
