{
    "expt_args": {
        "save_dir": "all_expt_logs/expt_logs_sim_compsel_backward_cameraready_all",
        "exp_name": "259",
        "num_nodes": 8,
        "num_tgt_prior": 9,
        "obs_noise_mean": 0.0,
        "obs_noise_var": 1.0,
        "obs_noise_gamma_shape": null,
        "noise_type": "gaussian",
        "max_edge_strength": 1.0,
        "graph_sparsity_method": "adj_dense_prop",
        "adj_dense_prop": 0.8,
        "num_parents": null,
        "new_noise_mean": 1.0,
        "mix_samples": 65536,
        "stage2_samples": 65536,
        "gmm_tol": 0.001,
        "intv_type": "do",
        "new_noise_var": null,
        "dtype": "simulation",
        "cutoff_drop_ratio": 0.07,
        "intv_targets": [
            0,
            1,
            2,
            3,
            4,
            5,
            6,
            7
        ]
    },
    "intv_args_dict": {
        "0": {
            "intv_type": "do",
            "inode": 0,
            "new_mui": 1.0,
            "new_vari": null,
            "noise_type": "gaussian",
            "obs_noise_gamma_shape": null,
            "true_params": {
                "Si": [
                    [
                        1e-09,
                        -9.062572289017033e-10,
                        2.1684395033513715e-10,
                        -1.6637787513842057e-09,
                        7.287475094078662e-10,
                        -2.6157623887504595e-09,
                        4.883251520384491e-13,
                        1.0077118958881148e-09
                    ],
                    [
                        -9.062572289017033e-10,
                        1.0000000008213021,
                        0.594134262934222,
                        1.358400067587535,
                        -1.4821326938243375,
                        0.4370749190719834,
                        2.0128514804798407,
                        -0.9677894788780144
                    ],
                    [
                        2.1684395033513715e-10,
                        0.594134262934222,
                        1.3529955226729267,
                        1.4439665055573223,
                        -1.210303507395161,
                        -0.09365473647868111,
                        2.9956863124339166,
                        -0.8774608024583623
                    ],
                    [
                        -1.6637787513842057e-09,
                        1.358400067587535,
                        1.4439665055573223,
                        3.250885325560519,
                        -2.7410204745021365,
                        0.732921054948296,
                        4.291148393684711,
                        -2.4820770888359593
                    ],
                    [
                        7.287475094078662e-10,
                        -1.4821326938243375,
                        -1.210303507395161,
                        -2.7410204745021365,
                        3.573440169360679,
                        0.12646681279779026,
                        -4.593676209325327,
                        3.2640733815578757
                    ],
                    [
                        -2.6157623887504595e-09,
                        0.4370749190719834,
                        -0.09365473647868111,
                        0.732921054948296,
                        0.12646681279779026,
                        2.164827122150692,
                        -1.2377756057232938,
                        0.8933883337183244
                    ],
                    [
                        4.883251520384491e-13,
                        2.0128514804798407,
                        2.9956863124339166,
                        4.291148393684711,
                        -4.593676209325327,
                        -1.2377756057232938,
                        10.009691375881099,
                        -4.379645150464144
                    ],
                    [
                        1.0077118958881148e-09,
                        -0.9677894788780144,
                        -0.8774608024583623,
                        -2.4820770888359593,
                        3.2640733815578757,
                        0.8933883337183244,
                        -4.379645150464144,
                        4.758011655695229
                    ]
                ],
                "mui": [
                    1.0,
                    -0.9062572289017032,
                    0.21684395033513715,
                    -1.6637787513842057,
                    0.7287475094078661,
                    -2.6157623887504595,
                    0.0004883251520384491,
                    1.0077118958881146
                ],
                "Ai": [
                    [
                        0.0,
                        0.0,
                        0.0,
                        0.0,
                        0.0,
                        0.0,
                        0.0,
                        0.0
                    ],
                    [
                        -0.9062572289017032,
                        0.0,
                        0.0,
                        0.0,
                        0.0,
                        0.0,
                        0.0,
                        0.0
                    ],
                    [
                        0.7552824212355554,
                        0.5941342631307384,
                        0.0,
                        0.0,
                        0.0,
                        0.0,
                        0.0,
                        0.0
                    ],
                    [
                        -0.9137540794198027,
                        0.9799992313614811,
                        0.6368944836210799,
                        0.0,
                        0.0,
                        0.0,
                        0.0,
                        0.0
                    ],
                    [
                        -0.8384627635206011,
                        -0.7788944862540871,
                        0.0,
                        -0.5176959457454453,
                        0.0,
                        0.0,
                        0.0,
                        0.0
                    ],
                    [
                        -0.9103512758815856,
                        0.949256315827822,
                        -0.5853159159633536,
                        0.8023789604808835,
                        0.8463323138478978,
                        0.0,
                        0.0,
                        0.0
                    ],
                    [
                        -0.6991329126645971,
                        0.8168030208988267,
                        0.9819678582012019,
                        0.7567950083279518,
                        0.0,
                        -0.9504152805781894,
                        0.0,
                        0.0
                    ],
                    [
                        0.9760009359854137,
                        0.6208140054397765,
                        0.6271620037860927,
                        -0.7637551423688114,
                        0.7788215251758319,
                        0.527552493329918,
                        -0.0,
                        0.0
                    ]
                ]
            },
            "est_params": {
                "mui": [
                    0.9999976477934701,
                    -0.9143431692257714,
                    0.21515220231738535,
                    -1.6646884343765858,
                    0.743641935334933,
                    -2.631139809803229,
                    -0.008927174691399737,
                    0.982332943774173
                ],
                "Si": [
                    [
                        1.0140923179113627e-06,
                        -1.4093260555835767e-06,
                        3.877680557334202e-07,
                        -1.2797330758590174e-06,
                        -1.0824182646442166e-06,
                        -4.344214494043705e-06,
                        3.31588837624239e-06,
                        -2.2454542454308317e-06
                    ],
                    [
                        -1.4093260555835767e-06,
                        1.000667923374784,
                        0.5919704680370698,
                        1.3623598682281743,
                        -1.4935912898650798,
                        0.449104682643731,
                        2.0176301377442423,
                        -0.9888959532910836
                    ],
                    [
                        3.8776805573342044e-07,
                        0.5919704680370699,
                        1.371118036274068,
                        1.458633611790203,
                        -1.2272908695981155,
                        -0.09063094197904688,
                        3.0270407679044333,
                        -0.9268961291340193
                    ],
                    [
                        -1.2797330758590176e-06,
                        1.3623598682281743,
                        1.458633611790203,
                        3.261833311429408,
                        -2.7555544672642296,
                        0.7584487304359101,
                        4.30895107411721,
                        -2.5006117367482936
                    ],
                    [
                        -1.0824182646442164e-06,
                        -1.4935912898650805,
                        -1.2272908695981155,
                        -2.7555544672642296,
                        3.6199472328242446,
                        0.10981790362564639,
                        -4.637846169615394,
                        3.3034354214301027
                    ],
                    [
                        -4.344214494043707e-06,
                        0.449104682643731,
                        -0.09063094197904689,
                        0.7584487304359101,
                        0.10981790362564636,
                        2.181013401782541,
                        -1.2192620955104354,
                        0.8681174663653626
                    ],
                    [
                        3.315888376242391e-06,
                        2.0176301377442423,
                        3.0270407679044333,
                        4.30895107411721,
                        -4.637846169615394,
                        -1.2192620955104354,
                        10.05882372947577,
                        -4.454803428755227
                    ],
                    [
                        -2.2454542454308317e-06,
                        -0.9888959532910836,
                        -0.9268961291340193,
                        -2.5006117367482936,
                        3.3034354214301023,
                        0.8681174663653626,
                        -4.454803428755228,
                        4.752214983723373
                    ]
                ]
            },
            "est_tgt": [
                0
            ],
            "oracle_est_tgt": [
                0,
                1,
                3,
                5,
                6
            ]
        },
        "1": {
            "intv_type": "do",
            "inode": 1,
            "new_mui": 1.0,
            "new_vari": null,
            "noise_type": "gaussian",
            "obs_noise_gamma_shape": null,
            "true_params": {
                "Si": [
                    [
                        1.0,
                        0.0,
                        0.7552824212355554,
                        -0.4327188717589046,
                        -0.6144459579634729,
                        -2.219660085918179,
                        1.824649530042791,
                        0.13064568542753752
                    ],
                    [
                        0.0,
                        1e-09,
                        5.941342631307384e-10,
                        1.3584000660797236e-09,
                        -1.482132693163905e-09,
                        4.3707491670142987e-10,
                        2.0128514804802835e-09,
                        -9.677894779647682e-10
                    ],
                    [
                        0.7552824212355554,
                        5.941342631307384e-10,
                        1.5704515361804385,
                        0.3100695272517687,
                        -0.79379792376791,
                        -2.029806163231324,
                        3.1779079974399833,
                        -0.2037895252819067
                    ],
                    [
                        -0.4327188717589046,
                        1.3584000660797236e-09,
                        0.3100695272517687,
                        1.5928802070885122,
                        -0.46180896528345067,
                        1.0996872635277446,
                        0.7673305263311627,
                        -1.2239646512537654
                    ],
                    [
                        -0.6144459579634729,
                        -1.482132693163905e-09,
                        -0.79379792376791,
                        -0.46180896528345067,
                        1.754266686138683,
                        2.1381310053065774,
                        -2.731511755040543,
                        1.749406243529971
                    ],
                    [
                        -2.219660085918179,
                        4.3707491670142987e-10,
                        -2.029806163231324,
                        1.0996872635277446,
                        2.1381310053065774,
                        6.9006835297082505,
                        -6.1676442306308665,
                        1.0263958280563068
                    ],
                    [
                        1.824649530042791,
                        2.0128514804802835e-09,
                        3.1779079974399833,
                        0.7673305263311627,
                        -2.731511755040543,
                        -6.1676442306308665,
                        9.287466204946378,
                        -2.193246080380554
                    ],
                    [
                        0.13064568542753752,
                        -9.677894779647682e-10,
                        -0.2037895252819067,
                        -1.2239646512537654,
                        1.749406243529971,
                        1.0263958280563068,
                        -2.193246080380554,
                        3.838463477077876
                    ]
                ],
                "mui": [
                    0.0,
                    1.0,
                    0.5941342631307384,
                    1.3584000660797235,
                    -1.482132693163905,
                    0.43707491670142984,
                    2.0128514804802835,
                    -0.9677894779647682
                ],
                "Ai": [
                    [
                        0.0,
                        0.0,
                        0.0,
                        0.0,
                        0.0,
                        0.0,
                        0.0,
                        0.0
                    ],
                    [
                        0.0,
                        0.0,
                        0.0,
                        0.0,
                        0.0,
                        0.0,
                        0.0,
                        0.0
                    ],
                    [
                        0.7552824212355554,
                        0.5941342631307384,
                        0.0,
                        0.0,
                        0.0,
                        0.0,
                        0.0,
                        0.0
                    ],
                    [
                        -0.9137540794198027,
                        0.9799992313614811,
                        0.6368944836210799,
                        0.0,
                        0.0,
                        0.0,
                        0.0,
                        0.0
                    ],
                    [
                        -0.8384627635206011,
                        -0.7788944862540871,
                        0.0,
                        -0.5176959457454453,
                        0.0,
                        0.0,
                        0.0,
                        0.0
                    ],
                    [
                        -0.9103512758815856,
                        0.949256315827822,
                        -0.5853159159633536,
                        0.8023789604808835,
                        0.8463323138478978,
                        0.0,
                        0.0,
                        0.0
                    ],
                    [
                        -0.6991329126645971,
                        0.8168030208988267,
                        0.9819678582012019,
                        0.7567950083279518,
                        0.0,
                        -0.9504152805781894,
                        0.0,
                        0.0
                    ],
                    [
                        0.9760009359854137,
                        0.6208140054397765,
                        0.6271620037860927,
                        -0.7637551423688114,
                        0.7788215251758319,
                        0.527552493329918,
                        -0.0,
                        0.0
                    ]
                ]
            },
            "est_params": {
                "mui": [
                    0.009793154074498265,
                    0.9999979704855467,
                    0.5940536664046802,
                    1.3601951729517139,
                    -1.5008195797307673,
                    0.419412887288185,
                    2.0266860953180124,
                    -0.9826587663799465
                ],
                "Si": [
                    [
                        0.9910883944810402,
                        1.5144510528635996e-06,
                        0.7537336980166589,
                        -0.43575954894693697,
                        -0.6208875856512825,
                        -2.2080455350032837,
                        1.8233224511107913,
                        0.11695622655482307
                    ],
                    [
                        1.5144510528635992e-06,
                        1.0193665331308947e-06,
                        1.227922218401164e-06,
                        -1.7515414854855025e-06,
                        8.614441946915204e-07,
                        -4.647683643862757e-06,
                        2.984971892019114e-06,
                        2.3410648811489286e-06
                    ],
                    [
                        0.7537336980166589,
                        1.2279222184011642e-06,
                        1.5762981889622498,
                        0.31702068623756013,
                        -0.7859220669371816,
                        -2.0188784941938724,
                        3.201890699162617,
                        -0.20388757878489513
                    ],
                    [
                        -0.43575954894693697,
                        -1.7515414854855029e-06,
                        0.31702068623756013,
                        1.5725126249592545,
                        -0.4234746330851543,
                        1.1074234012084112,
                        0.7671650657262338,
                        -1.1713738853080948
                    ],
                    [
                        -0.6208875856512825,
                        8.614441946915208e-07,
                        -0.7859220669371817,
                        -0.4234746330851544,
                        1.7820985876355542,
                        2.186212314164264,
                        -2.7397218890164323,
                        1.7711456358519695
                    ],
                    [
                        -2.2080455350032837,
                        -4.647683643862757e-06,
                        -2.018878494193873,
                        1.107423401208411,
                        2.186212314164264,
                        6.889195344471054,
                        -6.155777495372185,
                        1.0872235976496456
                    ],
                    [
                        1.8233224511107915,
                        2.9849718920191128e-06,
                        3.201890699162617,
                        0.7671650657262338,
                        -2.7397218890164323,
                        -6.155777495372185,
                        9.3247569310199,
                        -2.1841871248724525
                    ],
                    [
                        0.11695622655482306,
                        2.3410648811489295e-06,
                        -0.20388757878489513,
                        -1.1713738853080948,
                        1.7711456358519695,
                        1.0872235976496456,
                        -2.184187124872453,
                        3.8445506729560397
                    ]
                ]
            },
            "est_tgt": [
                1,
                5,
                6
            ],
            "oracle_est_tgt": [
                0,
                1,
                3,
                5,
                6
            ]
        },
        "2": {
            "intv_type": "do",
            "inode": 2,
            "new_mui": 1.0,
            "new_vari": null,
            "noise_type": "gaussian",
            "obs_noise_gamma_shape": null,
            "true_params": {
                "Si": [
                    [
                        1.0,
                        -0.9062572289017032,
                        0.0,
                        -1.801885467159258,
                        0.8002447962448291,
                        -2.539143632175378,
                        -0.389783574465429,
                        1.0732993659032217
                    ],
                    [
                        -0.9062572289017032,
                        1.8213021649365941,
                        0.0,
                        2.6129709616274814,
                        -2.0114637466514256,
                        2.9481211647372536,
                        1.2967833430584883,
                        -1.7607706122316693
                    ],
                    [
                        0.0,
                        0.0,
                        1e-09,
                        6.3689448362108e-10,
                        -3.29717692038272e-10,
                        -3.5333591947880173e-10,
                        1.7997822812870417e-09,
                        -3.0246391432059906e-10
                    ],
                    [
                        -1.801885467159258,
                        2.6129709616274814,
                        6.3689448362108e-10,
                        5.207189730634465,
                        -3.2201558186885046,
                        5.573545480159518,
                        2.037632414766337,
                        -3.6810797186318336
                    ],
                    [
                        0.8002447962448291,
                        -2.0114637466514256,
                        -3.29717692038272e-10,
                        -3.2201558186885046,
                        3.562804170218008,
                        -2.206367517871855,
                        -2.5424795863253498,
                        3.6025192628388103
                    ],
                    [
                        -2.539143632175378,
                        2.9481211647372536,
                        -3.5333591947880173e-10,
                        5.573545480159518,
                        -2.206367517871855,
                        8.714810782820773,
                        0.118575218955832,
                        -2.025642032713953
                    ],
                    [
                        -0.389783574465429,
                        1.2967833430584883,
                        1.7997822812870417e-09,
                        2.037632414766337,
                        -2.5424795863253498,
                        0.118575218955832,
                        3.7611014198624817,
                        -3.049203282767726
                    ],
                    [
                        1.0732993659032217,
                        -1.7607706122316693,
                        -3.0246391432059906e-10,
                        -3.6810797186318336,
                        3.6025192628388103,
                        -2.025642032713953,
                        -3.049203282767726,
                        5.502960735466118
                    ]
                ],
                "mui": [
                    0.0,
                    0.0,
                    1.0,
                    0.6368944836210799,
                    -0.329717692038272,
                    -0.3533359194788017,
                    1.7997822812870417,
                    -0.30246391432059905
                ],
                "Ai": [
                    [
                        0.0,
                        0.0,
                        0.0,
                        0.0,
                        0.0,
                        0.0,
                        0.0,
                        0.0
                    ],
                    [
                        -0.9062572289017032,
                        0.0,
                        0.0,
                        0.0,
                        0.0,
                        0.0,
                        0.0,
                        0.0
                    ],
                    [
                        0.0,
                        0.0,
                        0.0,
                        0.0,
                        0.0,
                        0.0,
                        0.0,
                        0.0
                    ],
                    [
                        -0.9137540794198027,
                        0.9799992313614811,
                        0.6368944836210799,
                        0.0,
                        0.0,
                        0.0,
                        0.0,
                        0.0
                    ],
                    [
                        -0.8384627635206011,
                        -0.7788944862540871,
                        0.0,
                        -0.5176959457454453,
                        0.0,
                        0.0,
                        0.0,
                        0.0
                    ],
                    [
                        -0.9103512758815856,
                        0.949256315827822,
                        -0.5853159159633536,
                        0.8023789604808835,
                        0.8463323138478978,
                        0.0,
                        0.0,
                        0.0
                    ],
                    [
                        -0.6991329126645971,
                        0.8168030208988267,
                        0.9819678582012019,
                        0.7567950083279518,
                        0.0,
                        -0.9504152805781894,
                        0.0,
                        0.0
                    ],
                    [
                        0.9760009359854137,
                        0.6208140054397765,
                        0.6271620037860927,
                        -0.7637551423688114,
                        0.7788215251758319,
                        0.527552493329918,
                        -0.0,
                        0.0
                    ]
                ]
            },
            "est_params": {
                "mui": [
                    -0.009189470920744965,
                    0.025273232387991004,
                    0.9999988624300522,
                    0.6718482472905996,
                    -0.3718776671168443,
                    -0.30914968903627543,
                    1.798477361944434,
                    -0.33085060587365145
                ],
                "Si": [
                    [
                        1.0304382025762628,
                        -0.9338811608309288,
                        2.3326702813095835e-07,
                        -1.8567019867763006,
                        0.828591949601972,
                        -2.6073537230554398,
                        -0.3898895629694751,
                        1.12593332883088
                    ],
                    [
                        -0.9338811608309289,
                        1.8463535682759276,
                        -9.031166817591092e-07,
                        2.661058737808634,
                        -2.0441637677085356,
                        3.020952123885535,
                        1.2819240151421016,
                        -1.8192112504576423
                    ],
                    [
                        2.332670281309583e-07,
                        -9.031166817591091e-07,
                        1.0095587793949263e-06,
                        -2.9455993231183385e-06,
                        9.294262670244193e-07,
                        -3.4447719418952365e-06,
                        6.484878145187876e-07,
                        1.7069626628686128e-07
                    ],
                    [
                        -1.8567019867763006,
                        2.6610587378086334,
                        -2.945599323118338e-06,
                        5.296962628587059,
                        -3.2776708296823354,
                        5.691609182958459,
                        2.0235214283524208,
                        -3.7990471189501873
                    ],
                    [
                        0.828591949601972,
                        -2.044163767708535,
                        9.294262670244193e-07,
                        -3.2776708296823354,
                        3.597862886640005,
                        -2.315822702013614,
                        -2.506745059627632,
                        3.6383262242375523
                    ],
                    [
                        -2.6073537230554398,
                        3.020952123885535,
                        -3.4447719418952357e-06,
                        5.691609182958459,
                        -2.315822702013614,
                        8.804655852014909,
                        0.1664625077571714,
                        -2.244631487496396
                    ],
                    [
                        -0.38988956296947513,
                        1.2819240151421014,
                        6.484878145187874e-07,
                        2.0235214283524208,
                        -2.506745059627632,
                        0.16646250775717145,
                        3.6750057048780342,
                        -2.9861565397475394
                    ],
                    [
                        1.12593332883088,
                        -1.8192112504576425,
                        1.706962662868605e-07,
                        -3.7990471189501878,
                        3.6383262242375523,
                        -2.244631487496396,
                        -2.9861565397475394,
                        5.526006425209625
                    ]
                ]
            },
            "est_tgt": [
                1,
                2,
                3,
                5,
                6,
                7
            ],
            "oracle_est_tgt": [
                0,
                2,
                3,
                5,
                6,
                7
            ]
        },
        "3": {
            "intv_type": "do",
            "inode": 3,
            "new_mui": 1.0,
            "new_vari": null,
            "noise_type": "gaussian",
            "obs_noise_gamma_shape": null,
            "true_params": {
                "Si": [
                    [
                        1.0,
                        -0.9062572289017032,
                        0.21684395033513715,
                        0.0,
                        -0.13258400480115637,
                        -2.0097540171552537,
                        0.6836681626393284,
                        -0.6141299774099578
                    ],
                    [
                        -0.9062572289017032,
                        1.8213021649365941,
                        0.3976178655959184,
                        0.0,
                        -0.658739273466301,
                        1.763650608964637,
                        0.835486841855915,
                        0.9129307562749778
                    ],
                    [
                        0.21684395033513715,
                        0.3976178655959184,
                        1.4000168214228528,
                        0.0,
                        -0.4915179409995026,
                        -1.055402541150975,
                        2.55101495303978,
                        0.3969389988112323
                    ],
                    [
                        0.0,
                        0.0,
                        0.0,
                        1e-09,
                        -5.176959457454454e-10,
                        3.642361528484651e-10,
                        4.1061940292175763e-10,
                        -9.74794197815519e-10
                    ],
                    [
                        -0.13258400480115637,
                        -0.658739273466301,
                        -0.4915179409995026,
                        -5.176959457454454e-10,
                        1.6242551393141405,
                        1.1577384858787392,
                        -2.0283535551777496,
                        1.0291546336622597
                    ],
                    [
                        -2.0097540171552537,
                        1.763650608964637,
                        -1.055402541150975,
                        3.642361528484651e-10,
                        1.1577384858787392,
                        6.101314010159299,
                        -3.989513114494165,
                        2.5919038960914333
                    ],
                    [
                        0.6836681626393284,
                        0.835486841855915,
                        2.55101495303978,
                        4.1061940292175763e-10,
                        -2.0283535551777496,
                        -3.989513114494165,
                        7.501162178575851,
                        -0.8985606514158468
                    ],
                    [
                        -0.6141299774099578,
                        0.9129307562749778,
                        0.3969389988112323,
                        -9.74794197815519e-10,
                        1.0291546336622597,
                        2.5919038960914333,
                        -0.8985606514158468,
                        3.3852069696283955
                    ]
                ],
                "mui": [
                    0.0,
                    0.0,
                    0.0,
                    1.0,
                    -0.5176959457454453,
                    0.36423615284846506,
                    0.4106194029217576,
                    -0.9747941978155189
                ],
                "Ai": [
                    [
                        0.0,
                        0.0,
                        0.0,
                        0.0,
                        0.0,
                        0.0,
                        0.0,
                        0.0
                    ],
                    [
                        -0.9062572289017032,
                        0.0,
                        0.0,
                        0.0,
                        0.0,
                        0.0,
                        0.0,
                        0.0
                    ],
                    [
                        0.7552824212355554,
                        0.5941342631307384,
                        0.0,
                        0.0,
                        0.0,
                        0.0,
                        0.0,
                        0.0
                    ],
                    [
                        0.0,
                        0.0,
                        0.0,
                        0.0,
                        0.0,
                        0.0,
                        0.0,
                        0.0
                    ],
                    [
                        -0.8384627635206011,
                        -0.7788944862540871,
                        0.0,
                        -0.5176959457454453,
                        0.0,
                        0.0,
                        0.0,
                        0.0
                    ],
                    [
                        -0.9103512758815856,
                        0.949256315827822,
                        -0.5853159159633536,
                        0.8023789604808835,
                        0.8463323138478978,
                        0.0,
                        0.0,
                        0.0
                    ],
                    [
                        -0.6991329126645971,
                        0.8168030208988267,
                        0.9819678582012019,
                        0.7567950083279518,
                        0.0,
                        -0.9504152805781894,
                        0.0,
                        0.0
                    ],
                    [
                        0.9760009359854137,
                        0.6208140054397765,
                        0.6271620037860927,
                        -0.7637551423688114,
                        0.7788215251758319,
                        0.527552493329918,
                        -0.0,
                        0.0
                    ]
                ]
            },
            "est_params": {
                "mui": [
                    0.008134039474434642,
                    0.0029625417943412134,
                    -0.017097810472128255,
                    1.0000001703346366,
                    -0.5012883143845003,
                    0.3839040195273495,
                    0.38020923729242206,
                    -0.9487063806862654
                ],
                "Si": [
                    [
                        0.9981224324881409,
                        -0.9025828564881027,
                        0.2124709914823732,
                        1.3024826751174434e-06,
                        -0.12755164990451798,
                        -2.0110574856164245,
                        0.6773058158933656,
                        -0.6013719413076358
                    ],
                    [
                        -0.9025828564881027,
                        1.8251748937558945,
                        0.40078231116591834,
                        -5.207511308917111e-07,
                        -0.6776038212853603,
                        1.769321273170831,
                        0.8462022260104343,
                        0.9105994974329548
                    ],
                    [
                        0.2124709914823732,
                        0.4007823111659185,
                        1.3843185329703984,
                        1.825163780122955e-06,
                        -0.4943404559798255,
                        -1.0479965651800986,
                        2.5195101247976353,
                        0.36960282421453683
                    ],
                    [
                        1.3024826751174434e-06,
