{
    "expt_args": {
        "save_dir": "all_expt_logs/expt_logs_sim_compsel_backward_cameraready_all",
        "exp_name": "311",
        "num_nodes": 6,
        "num_tgt_prior": 7,
        "obs_noise_mean": 0.0,
        "obs_noise_var": 1.0,
        "obs_noise_gamma_shape": null,
        "noise_type": "gaussian",
        "max_edge_strength": 1.0,
        "graph_sparsity_method": "adj_dense_prop",
        "adj_dense_prop": 0.8,
        "num_parents": null,
        "new_noise_mean": 1.0,
        "mix_samples": 8192,
        "stage2_samples": 8192,
        "gmm_tol": 0.001,
        "intv_type": "do",
        "new_noise_var": null,
        "dtype": "simulation",
        "cutoff_drop_ratio": 0.07,
        "intv_targets": [
            0,
            1,
            2,
            3,
            4,
            5
        ]
    },
    "intv_args_dict": {
        "0": {
            "intv_type": "do",
            "inode": 0,
            "new_mui": 1.0,
            "new_vari": null,
            "noise_type": "gaussian",
            "obs_noise_gamma_shape": null,
            "true_params": {
                "Si": [
                    [
                        1e-09,
                        8.665023482057384e-10,
                        7.424726179302138e-10,
                        7.555590274667723e-11,
                        1.8669191164080677e-09,
                        2.8513307711937687e-09
                    ],
                    [
                        8.665023482057384e-10,
                        1.0000000007508263,
                        6.433542669149923e-10,
                        -0.5167477699811013,
                        1.1102365386057333,
                        1.2011228876373463
                    ],
                    [
                        7.424726179302138e-10,
                        6.433542669149922e-10,
                        1.0000000005512655,
                        5.609818891240607e-11,
                        0.5112015429988599,
                        1.0591217183674964
                    ],
                    [
                        7.555590274667723e-11,
                        -0.5167477699811013,
                        5.609818891240608e-11,
                        1.2670282578538121,
                        -1.3914314559581054,
                        -1.0414926854047974
                    ],
                    [
                        1.8669191164080677e-09,
                        1.1102365386057333,
                        0.5112015429988599,
                        -1.3914314559581054,
                        3.162616880011768,
                        2.73368432999146
                    ],
                    [
                        2.8513307711937687e-09,
                        1.2011228876373463,
                        1.0591217183674964,
                        -1.0414926854047974,
                        2.73368432999146,
                        4.006354683243014
                    ]
                ],
                "mui": [
                    1.0,
                    0.8665023482057383,
                    0.7424726179302138,
                    0.07555590274667723,
                    1.8669191164080676,
                    2.8513307711937683
                ],
                "Ai": [
                    [
                        0.0,
                        0.0,
                        0.0,
                        0.0,
                        0.0,
                        0.0
                    ],
                    [
                        0.8665023482057383,
                        0.0,
                        0.0,
                        0.0,
                        0.0,
                        0.0
                    ],
                    [
                        0.7424726179302138,
                        0.0,
                        0.0,
                        0.0,
                        0.0,
                        0.0
                    ],
                    [
                        0.5233190589221096,
                        -0.5167477700465707,
                        -0.0,
                        0.0,
                        0.0,
                        0.0
                    ],
                    [
                        0.9532714460850118,
                        0.6876819631473775,
                        0.5112015416127236,
                        -0.8177192013863637,
                        0.0,
                        0.0
                    ],
                    [
                        0.7538335811358641,
                        0.6297723370161752,
                        0.7960468927464779,
                        -0.0,
                        0.5146205597777398,
                        0.0
                    ]
                ]
            },
            "est_params": {
                "mui": [
                    1.0000015595394232,
                    0.897278245233635,
                    0.7461174712691865,
                    0.08484311443309189,
                    1.8723917720147862,
                    2.878898768753893
                ],
                "Si": [
                    [
                        1.0059825573343518e-06,
                        -1.5189956709048712e-07,
                        -2.4724349836095895e-06,
                        -1.9415457096386235e-06,
                        6.556492257071461e-08,
                        -2.6135406374882243e-06
                    ],
                    [
                        -1.5189956709048712e-07,
                        1.1071147005742326,
                        0.0028461690141809966,
                        -0.5384007808169963,
                        1.188537953341143,
                        1.3350913448346533
                    ],
                    [
                        -2.4724349836095895e-06,
                        0.0028461690141809944,
                        1.0009416929070074,
                        0.02606332340392427,
                        0.5383985211898257,
                        1.0211875762288618
                    ],
                    [
                        -1.9415457096386244e-06,
                        -0.5384007808169963,
                        0.02606332340392426,
                        1.2403094569182014,
                        -1.4242053920342173,
                        -1.1021413115909
                    ],
                    [
                        6.556492257071537e-08,
                        1.188537953341143,
                        0.5383985211898257,
                        -1.4242053920342173,
                        3.2584523883931205,
                        2.8775622573721247
                    ],
                    [
                        -2.613540637488224e-06,
                        1.3350913448346533,
                        1.0211875762288618,
                        -1.1021413115909,
                        2.8775622573721247,
                        4.14195994238276
                    ]
                ]
            },
            "est_tgt": [
                0,
                1,
                2,
                5
            ],
            "oracle_est_tgt": [
                0
            ]
        },
        "1": {
            "intv_type": "do",
            "inode": 1,
            "new_mui": 1.0,
            "new_vari": null,
            "noise_type": "gaussian",
            "obs_noise_gamma_shape": null,
            "true_params": {
                "Si": [
                    [
                        1.0,
                        0.0,
                        0.7424726179302138,
                        0.5233190589221096,
                        0.9048965500441208,
                        1.8105549707132047
                    ],
                    [
                        0.0,
                        1e-09,
                        0.0,
                        -5.167477700465707e-10,
                        1.1102365369880437e-09,
                        1.2011228851666616e-09
                    ],
                    [
                        0.7424726179302138,
                        0.0,
                        1.5512655883761453,
                        0.3885500716906745,
                        1.1830624520800006,
                        2.403409205262456
                    ],
                    [
                        0.5233190589221096,
                        -5.167477700465707e-10,
                        0.3885500716906745,
                        1.2738628376981507,
                        -0.3441695909691229,
                        0.5266828096212475
                    ],
                    [
                        0.9048965500441208,
                        1.1102365369880437e-09,
                        1.1830624520800006,
                        -0.3441695909691229,
                        2.748829475977555,
                        3.038518760140879
                    ],
                    [
                        1.8105549707132047,
                        1.2011228851666616e-09,
                        2.403409205262456,
                        0.5266828096212475,
                        3.038518760140879,
                        5.841767793258832
                    ]
                ],
                "mui": [
                    0.0,
                    1.0,
                    0.0,
                    -0.5167477700465707,
                    1.1102365369880436,
                    1.2011228851666615
                ],
                "Ai": [
                    [
                        0.0,
                        0.0,
                        0.0,
                        0.0,
                        0.0,
                        0.0
                    ],
                    [
                        0.0,
                        0.0,
                        0.0,
                        0.0,
                        0.0,
                        0.0
                    ],
                    [
                        0.7424726179302138,
                        0.0,
                        0.0,
                        0.0,
                        0.0,
                        0.0
                    ],
                    [
                        0.5233190589221096,
                        -0.5167477700465707,
                        -0.0,
                        0.0,
                        0.0,
                        0.0
                    ],
                    [
                        0.9532714460850118,
                        0.6876819631473775,
                        0.5112015416127236,
                        -0.8177192013863637,
                        0.0,
                        0.0
                    ],
                    [
                        0.7538335811358641,
                        0.6297723370161752,
                        0.7960468927464779,
                        -0.0,
                        0.5146205597777398,
                        0.0
                    ]
                ]
            },
            "est_params": {
                "mui": [
                    0.02537723857341644,
                    0.9999980847474779,
                    0.06167918203158215,
                    -0.5249681539578424,
                    1.1518482918562176,
                    1.2897772144290724
                ],
                "Si": [
                    [
                        0.9941175858418313,
                        -2.833990030771683e-06,
                        0.7104077799754139,
                        0.5377184151656269,
                        0.9026688529805208,
                        1.7711409476835278
                    ],
                    [
                        -2.833990030771682e-06,
                        1.0095338453677534e-06,
                        -1.1196691357507533e-06,
                        -1.847574314410992e-06,
                        1.4875730677922015e-06,
                        -3.42119000849962e-06
                    ],
                    [
                        0.7104077799754139,
                        -1.119669135750753e-06,
                        1.4959567144143373,
                        0.4040269206486547,
                        1.1384530480142523,
                        2.3208085558726976
                    ],
                    [
                        0.5377184151656269,
                        -1.847574314410992e-06,
                        0.4040269206486547,
                        1.2673256707178429,
                        -0.23633329741292125,
                        0.6311578774440876
                    ],
                    [
                        0.9026688529805208,
                        1.4875730677922015e-06,
                        1.138453048014252,
                        -0.23633329741292125,
                        2.6176430243439723,
                        2.8866829059040695
                    ],
                    [
                        1.7711409476835278,
                        -3.4211900084996212e-06,
                        2.3208085558726976,
                        0.6311578774440876,
                        2.8866829059040695,
                        5.612315160017231
                    ]
                ]
            },
            "est_tgt": [
                0,
                1,
                5
            ],
            "oracle_est_tgt": [
                1,
                2,
                5
            ]
        },
        "2": {
            "intv_type": "do",
            "inode": 2,
            "new_mui": 1.0,
            "new_vari": null,
            "noise_type": "gaussian",
            "obs_noise_gamma_shape": null,
            "true_params": {
                "Si": [
                    [
                        1.0,
                        0.8665023482057383,
                        0.0,
                        0.07555590274667723,
                        1.4873659695169077,
                        2.0649618978225472
                    ],
                    [
                        0.8665023482057383,
                        1.7508263194460585,
                        0.0,
                        -0.4512784028957705,
                        2.3990426422157487,
                        2.990417218585277
                    ],
                    [
                        0.0,
                        0.0,
                        1e-09,
                        0.0,
                        5.112015416127236e-10,
                        1.0591217162504614e-09
                    ],
                    [
                        0.07555590274667723,
                        -0.4512784028957705,
                        0.0,
                        1.2727369522879688,
                        -1.2790521775576253,
                        -0.8854726252927579
                    ],
                    [
                        1.4873659695169077,
                        2.3990426422157487,
                        5.112015416127236e-10,
                        -1.2790521775576253,
                        5.113547387917453,
                        5.263613726277238
                    ],
                    [
                        2.0649618978225472,
                        2.990417218585277,
                        1.0591217162504614e-09,
                        -0.8854726252927579,
                        5.263613726277238,
                        7.14868350586024
                    ]
                ],
                "mui": [
                    0.0,
                    0.0,
                    1.0,
                    0.0,
                    0.5112015416127236,
                    1.0591217162504614
                ],
                "Ai": [
                    [
                        0.0,
                        0.0,
                        0.0,
                        0.0,
                        0.0,
                        0.0
                    ],
                    [
                        0.8665023482057383,
                        0.0,
                        0.0,
                        0.0,
                        0.0,
                        0.0
                    ],
                    [
                        0.0,
                        0.0,
                        0.0,
                        0.0,
                        0.0,
                        0.0
                    ],
                    [
                        0.5233190589221096,
                        -0.5167477700465707,
                        -0.0,
                        0.0,
                        0.0,
                        0.0
                    ],
                    [
                        0.9532714460850118,
                        0.6876819631473775,
                        0.5112015416127236,
                        -0.8177192013863637,
                        0.0,
                        0.0
                    ],
                    [
                        0.7538335811358641,
                        0.6297723370161752,
                        0.7960468927464779,
                        -0.0,
                        0.5146205597777398,
                        0.0
                    ]
                ]
            },
            "est_params": {
                "mui": [
                    -0.012910053660048795,
                    -0.03436417439675117,
                    0.9999952267522277,
                    0.04784072453245924,
                    0.4055509604982553,
                    0.969355873240684
                ],
                "Si": [
                    [
                        0.9934353546490454,
                        0.8839040995228413,
                        1.4811865167358608e-06,
                        0.02046708922178233,
                        1.5239655881746632,
                        2.1100924494810336
                    ],
                    [
                        0.8839040995228413,
                        1.7382613977853951,
                        2.562524087066339e-06,
                        -0.48504992978046374,
                        2.4196120877606773,
                        3.0569318806555423
                    ],
                    [
                        1.481186516735861e-06,
                        2.5625240870663386e-06,
                        1.0117027571869011e-06,
                        -1.908881636620089e-06,
                        -1.9607600057501095e-06,
                        9.995887703252417e-07
                    ],
                    [
                        0.02046708922178233,
                        -0.4850499297804638,
                        -1.908881636620089e-06,
                        1.2479596435477118,
                        -1.3347533364191657,
                        -1.0394718174457804
                    ],
                    [
                        1.5239655881746632,
                        2.4196120877606773,
                        -1.96076000575011e-06,
                        -1.3347533364191657,
                        5.157427089055237,
                        5.43482002389584
                    ],
                    [
                        2.1100924494810336,
                        3.0569318806555423,
                        9.995887703252408e-07,
                        -1.0394718174457804,
                        5.434820023895842,
                        7.452194526750534
                    ]
                ]
            },
            "est_tgt": [
                0,
                1,
                2,
                5
            ],
            "oracle_est_tgt": [
                2,
                5
            ]
        },
        "3": {
            "intv_type": "do",
            "inode": 3,
            "new_mui": 1.0,
            "new_vari": null,
            "noise_type": "gaussian",
            "obs_noise_gamma_shape": null,
            "true_params": {
                "Si": [
                    [
                        1.0,
                        0.8665023482057383,
                        0.7424726179302138,
                        0.0,
                        1.9287026288621063,
                        2.8831258369579005
                    ],
                    [
                        0.8665023482057383,
                        1.7508263194460585,
                        0.6433542669149922,
                        0.0,
                        2.3589073200469732,
                        3.481902921736789
                    ],
                    [
                        0.7424726179302138,
                        0.6433542669149922,
                        1.5512655883761453,
                        0.0,
                        1.9432104316728571,
                        3.1997637042388325
                    ],
                    [
                        0.0,
                        0.0,
                        0.0,
                        1e-09,
                        -8.177192013863637e-10,
                        -4.2081511315845685e-10
                    ],
                    [
                        1.9287026288621063,
                        2.3589073200469732,
                        1.9432104316728571,
                        -8.177192013863637e-10,
                        5.454127329833721,
                        7.29318807107564
                    ],
                    [
                        2.8831258369579005,
                        3.481902921736789,
                        3.1997637042388325,
                        -4.2081511315845685e-10,
                        7.29318807107564,
                        11.666589696808499
                    ]
                ],
                "mui": [
                    0.0,
                    0.0,
                    0.0,
                    1.0,
                    -0.8177192013863637,
                    -0.4208151131584568
                ],
                "Ai": [
                    [
                        0.0,
                        0.0,
                        0.0,
                        0.0,
                        0.0,
                        0.0
                    ],
                    [
                        0.8665023482057383,
                        0.0,
                        0.0,
                        0.0,
                        0.0,
                        0.0
                    ],
                    [
                        0.7424726179302138,
                        0.0,
                        0.0,
                        0.0,
                        0.0,
                        0.0
                    ],
                    [
                        0.0,
                        0.0,
                        0.0,
                        0.0,
                        0.0,
                        0.0
                    ],
                    [
                        0.9532714460850118,
                        0.6876819631473775,
                        0.5112015416127236,
                        -0.8177192013863637,
                        0.0,
                        0.0
                    ],
                    [
                        0.7538335811358641,
                        0.6297723370161752,
                        0.7960468927464779,
                        -0.0,
                        0.5146205597777398,
                        0.0
                    ]
                ]
            },
            "est_params": {
                "mui": [
                    -0.004990561804412924,
                    -0.009851785395307367,
                    -0.0727866812238996,
                    0.9999970154726752,
                    -0.8546265002175263,
                    -0.4720920970413948
                ],
                "Si": [
                    [
                        0.986678121332386,
                        0.819455845611839,
                        0.7382495153535958,
                        2.548636928345915e-07,
                        1.9405212862545012,
                        2.8904498118245576
                    ],
                    [
                        0.819455845611839,
                        1.6895506414423986,
                        0.6073588180522502,
                        6.34697365483261e-07,
                        2.3119432692135673,
                        3.3883153948247577
                    ],
                    [
                        0.7382495153535958,
                        0.6073588180522501,
                        1.5028102404946344,
                        -1.0846661297214406e-06,
                        1.9295824940336537,
                        3.2132884294305404
                    ],
                    [
                        2.548636928345912e-07,
                        6.346973654832602e-07,
                        -1.0846661297214404e-06,
                        1.0075171211178433e-06,
                        2.286773557533622e-06,
                        1.7009697489887907e-06
                    ],
                    [
                        1.9405212862545012,
                        2.311943269213567,
                        1.9295824940336537,
                        2.286773557533622e-06,
                        5.594670440738123,
                        7.490643610237564
                    ],
                    [
                        2.890449811824558,
                        3.3883153948247577,
                        3.2132884294305404,
                        1.7009697489887907e-06,
                        7.490643610237564,
                        11.863997098521176
                    ]
                ]
            },
            "est_tgt": [
                0,
                3,
                4,
                5
            ],
            "oracle_est_tgt": [
                1,
                3,
                4,
                5
            ]
        },
        "4": {
            "intv_type": "do",
            "inode": 4,
            "new_mui": 1.0,
            "new_vari": null,
            "noise_type": "gaussian",
            "obs_noise_gamma_shape": null,
            "true_params": {
                "Si": [
                    [
                        1.0,
                        0.8665023482057383,
                        0.7424726179302138,
                        0.07555590274667723,
                        0.0,
                        1.890575810448085
                    ],
                    [
                        0.8665023482057383,
                        1.7508263194460585,
                        0.6433542669149922,
                        -0.4512784028957705,
                        0.0,
                        2.267960716230408
                    ],
                    [
                        0.7424726179302138,
                        0.6433542669149922,
                        1.5512655883761453,
                        0.056098188912406075,
                        0.0,
                        2.199747664125403
                    ],
                    [
                        0.07555590274667723,
                        -0.4512784028957705,
                        0.056098188912406075,
                        1.2727369522879688,
                        0.0,
                        -0.18258928872068994
                    ],
                    [
                        0.0,
                        0.0,
                        0.0,
                        0.0,
                        1e-09,
                        5.146205597777398e-10
                    ],
                    [
                        1.890575810448085,
                        2.267960716230408,
                        2.199747664125403,
                        -0.18258928872068994,
                        5.146205597777398e-10,
                        5.604580747238405
                    ]
                ],
                "mui": [
                    0.0,
                    0.0,
                    0.0,
                    0.0,
                    1.0,
                    0.5146205597777398
                ],
                "Ai": [
                    [
                        0.0,
                        0.0,
                        0.0,
                        0.0,
                        0.0,
                        0.0
                    ],
                    [
                        0.8665023482057383,
                        0.0,
                        0.0,
                        0.0,
                        0.0,
                        0.0
                    ],
                    [
                        0.7424726179302138,
                        0.0,
                        0.0,
                        0.0,
                        0.0,
                        0.0
                    ],
                    [
                        0.5233190589221096,
                        -0.5167477700465707,
                        -0.0,
                        0.0,
                        0.0,
                        0.0
                    ],
                    [
                        0.0,
                        0.0,
                        0.0,
                        0.0,
                        0.0,
                        0.0
                    ],
                    [
                        0.7538335811358641,
                        0.6297723370161752,
                        0.7960468927464779,
                        -0.0,
                        0.5146205597777398,
                        0.0
                    ]
                ]
            },
            "est_params": {
                "mui": [
                    -0.022009525654612054,
                    -0.026741964837264622,
                    -0.01884399324645807,
                    0.056205684691462796,
                    1.0000012167921726,
                    0.4104802218986401
                ],
                "Si": [
                    [
                        1.0162449929734148,
                        0.8985324833067607,
                        0.7337637014447349,
                        0.050750464015319574,
                        -1.914686813277895e-06,
                        1.925741453857305
                    ],
                    [
                        0.8985324833067607,
                        1.8399460719069682,
                        0.6231920745614979,
                        -0.4717141333687843,
                        -1.7063979597394426e-06,
                        2.3784907320882773
                    ],
                    [
                        0.7337637014447349,
                        0.623192074561498,
                        1.505456796457572,
                        0.03781788374953447,
                        8.339816006671724e-07,
                        2.149392939971265
                    ],
                    [
                        0.050750464015319574,
                        -0.4717141333687843,
                        0.037817883749534466,
                        1.329212146504896,
                        5.166688939183348e-06,
                        -0.2455762717989645
                    ],
                    [
                        -1.9146868132778946e-06,
                        -1.7063979597394432e-06,
                        8.339816006671727e-07,
                        5.166688939183347e-06,
                        1.0187386678932497e-06,
                        -2.6629543950210615e-06
                    ],
                    [
                        1.925741453857305,
                        2.3784907320882773,
                        2.1493929399712655,
                        -0.2455762717989645,
                        -2.662954395021063e-06,
                        5.622133953068137
                    ]
                ]
            },
            "est_tgt": [
                0,
                3,
                4,
                5
            ],
            "oracle_est_tgt": [
                1,
                2,
                3,
                4,
                5
            ]
        },
        "5": {
            "intv_type": "do",
            "inode": 5,
            "new_mui": 1.0,
            "new_vari": null,
            "noise_type": "gaussian",
            "obs_noise_gamma_shape": null,
            "true_params": {
                "Si": [
                    [
                        1.0,
                        0.8665023482057383,
                        0.7424726179302138,
                        0.07555590274667723,
                        1.8669191164080676,
                        0.0
                    ],
                    [
                        0.8665023482057383,
                        1.7508263194460585,
                        0.6433542669149922,
                        -0.4512784028957705,
                        2.727926335265816,
                        0.0
                    ],
                    [
                        0.7424726179302138,
                        0.6433542669149922,
                        1.5512655883761453,
                        0.056098188912406075,
                        1.8973378654361832,
                        0.0
                    ],
                    [
                        0.07555590274667723,
                        -0.4512784028957705,
                        0.056098188912406075,
                        1.2727369522879688,
                        -1.2503746969039216,
                        0.0
                    ],
                    [
                        1.8669191164080676,
                        2.727926335265816,
                        1.8973378654361832,
                        -1.2503746969039216,
                        6.648003863736262,
                        0.0
                    ],
                    [
                        0.0,
                        0.0,
                        0.0,
                        0.0,
                        0.0,
                        1e-09
                    ]
                ],
                "mui": [
                    0.0,
                    0.0,
                    0.0,
                    0.0,
                    0.0,
                    1.0
                ],
                "Ai": [
                    [
                        0.0,
                        0.0,
                        0.0,
                        0.0,
                        0.0,
                        0.0
                    ],
                    [
                        0.8665023482057383,
                        0.0,
                        0.0,
                        0.0,
                        0.0,
                        0.0
                    ],
                    [
                        0.7424726179302138,
                        0.0,
                        0.0,
                        0.0,
                        0.0,
                        0.0
                    ],
                    [
                        0.5233190589221096,
                        -0.5167477700465707,
                        -0.0,
                        0.0,
                        0.0,
                        0.0
                    ],
                    [
                        0.9532714460850118,
                        0.6876819631473775,
                        0.5112015416127236,
                        -0.8177192013863637,
                        0.0,
                        0.0
                    ],
                    [
                        0.0,
                        0.0,
                        0.0,
                        0.0,
                        0.0,
                        0.0
                    ]
                ]
            },
            "est_params": {
                "mui": [
                    0.012354198291669376,
                    0.054411959075051954,
                    -0.009790854801403058,
                    -0.033849246757722835,
                    0.14396304840118135,
                    1.0000002487638533
                ],
                "Si": [
                    [
                        0.9793943226502831,
                        0.8379594243578101,
                        0.7241207755182143,
                        0.10369923007156744,
                        1.799783139534122,
                        1.6608503823843462e-08
                    ],
                    [
                        0.8379594243578101,
                        1.7060212163615038,
                        0.5962132552037182,
                        -0.45402372116723577,
                        2.634057065584295,
                        -1.4432888115672232e-06
                    ],
                    [
                        0.7241207755182144,
                        0.596213255203718,
                        1.477129218652838,
                        0.16251106605481658,
                        1.7006392069657807,
                        -1.017047001446096e-06
                    ],
                    [
                        0.10369923007156744,
                        -0.45402372116723577,
                        0.1625110660548166,
                        1.2739589766852424,
                        -1.150787641191949,
                        6.537484551967254e-08
                    ],
                    [
                        1.799783139534122,
                        2.634057065584295,
                        1.7006392069657805,
                        -1.150787641191949,
                        6.232811519058231,
                        -1.1461827984122327e-06
                    ],
                    [
                        1.660850382384318e-08,
                        -1.4432888115672232e-06,
                        -1.017047001446096e-06,
                        6.53748455196726e-08,
                        -1.1461827984122327e-06,
                        1.0039070271525716e-06
                    ]
                ]
            },
            "est_tgt": [
                0,
                4,
                5
            ],
            "oracle_est_tgt": [
                1,
                2,
                4,
                5
            ]
        },
        "obs": {
            "intv_type": "obs",
            "noise_type": "gaussian",
            "obs_noise_gamma_shape": null,
            "true_params": {
                "Si": [
                    [
                        1.0,
                        0.8665023482057383,
                        0.7424726179302138,
                        0.07555590274667723,
                        1.8669191164080676,
                        2.8513307711937683
                    ],
                    [
                        0.8665023482057383,
                        1.7508263194460585,
                        0.6433542669149922,
                        -0.4512784028957705,
                        2.727926335265816,
                        3.6718076939173407
                    ],
                    [
                        0.7424726179302138,
                        0.6433542669149922,
                        1.5512655883761453,
                        0.056098188912406075,
                        1.8973378654361832,
                        3.176156738523674
                    ],
                    [
                        0.07555590274667723,
                        -0.4512784028957705,
                        0.056098188912406075,
                        1.2727369522879688,
                        -1.2503746969039216,
                        -0.8260578151733078
                    ],
                    [
                        1.8669191164080676,
                        2.727926335265816,
