{
    "expt_args": {
        "save_dir": "all_expt_logs/expt_logs_sim_compsel_n48_middleout_oracle_corr-half2",
        "exp_name": "40",
        "num_nodes": 8,
        "num_tgt_prior": 9,
        "obs_noise_mean": 0.0,
        "obs_noise_var": 1.0,
        "obs_noise_gamma_shape": 2.0,
        "noise_type": "gaussian",
        "max_edge_strength": 1.0,
        "graph_sparsity_method": "adj_dense_prop",
        "adj_dense_prop": 0.8,
        "num_parents": null,
        "new_noise_mean": 1.0,
        "mix_samples": 131072,
        "stage2_samples": 131072,
        "gmm_tol": 0.001,
        "intv_type": "do",
        "new_noise_var": null,
        "dtype": "simulation",
        "cutoff_drop_ratio": 0.07,
        "intv_targets": [
            6,
            1,
            7,
            0
        ]
    },
    "intv_args_dict": {
        "6": {
            "intv_type": "do",
            "inode": 6,
            "new_mui": 1.0,
            "new_vari": null,
            "noise_type": "gaussian",
            "obs_noise_gamma_shape": 2.0,
            "true_params": {
                "Si": [
                    [
                        1.0,
                        0.5399527196783416,
                        0.0,
                        -0.45234125227771455,
                        -1.1681160666709087,
                        -2.46343584864059,
                        0.0,
                        -1.6293865479203578
                    ],
                    [
                        0.5399527196783416,
                        1.2915489394880377,
                        0.0,
                        0.5588771098494161,
                        -0.04910372658851403,
                        -0.9307394396747067,
                        0.0,
                        -0.40054179853172067
                    ],
                    [
                        0.0,
                        0.0,
                        1.0,
                        0.579855667153261,
                        -0.4836222910590163,
                        0.6012945986960232,
                        0.0,
                        -1.0095461358112774
                    ],
                    [
                        -0.45234125227771455,
                        0.5588771098494161,
                        0.579855667153261,
                        2.1858469364203383,
                        1.4392748509935789,
                        3.1258127269557208,
                        0.0,
                        0.949224172236559
                    ],
                    [
                        -1.1681160666709087,
                        -0.04910372658851403,
                        -0.4836222910590163,
                        1.4392748509935789,
                        3.461145063240327,
                        4.688754261296547,
                        0.0,
                        4.224974292248021
                    ],
                    [
                        -2.46343584864059,
                        -0.9307394396747067,
                        0.6012945986960232,
                        3.1258127269557208,
                        4.688754261296547,
                        10.196680053637804,
                        0.0,
                        5.914461467641669
                    ],
                    [
                        0.0,
                        0.0,
                        0.0,
                        0.0,
                        0.0,
                        0.0,
                        1e-09,
                        9.681233092492656e-10
                    ],
                    [
                        -1.6293865479203578,
                        -0.40054179853172067,
                        -1.0095461358112774,
                        0.949224172236559,
                        4.224974292248021,
                        5.914461467641669,
                        9.681233092492656e-10,
                        7.054302838645029
                    ]
                ],
                "mui": [
                    0.0,
                    0.0,
                    0.0,
                    0.0,
                    0.0,
                    0.0,
                    1.0,
                    0.9681233092492655
                ],
                "Ai": [
                    [
                        0.0,
                        0.0,
                        0.0,
                        0.0,
                        0.0,
                        0.0,
                        0.0,
                        0.0
                    ],
                    [
                        0.5399527196783416,
                        0.0,
                        0.0,
                        0.0,
                        0.0,
                        0.0,
                        0.0,
                        0.0
                    ],
                    [
                        0.0,
                        0.0,
                        0.0,
                        0.0,
                        0.0,
                        0.0,
                        0.0,
                        0.0
                    ],
                    [
                        -0.8859880800951366,
                        0.8031199992394749,
                        0.579855667153261,
                        0.0,
                        0.0,
                        0.0,
                        0.0,
                        0.0
                    ],
                    [
                        -0.8405281565961489,
                        -0.0,
                        -0.9035568099454796,
                        0.7242052508481751,
                        0.0,
                        0.0,
                        0.0,
                        0.0
                    ],
                    [
                        -0.7354587474665232,
                        -0.6784432537691529,
                        0.6342480166241586,
                        0.6919206269424885,
                        0.8977409079516423,
                        0.0,
                        0.0,
                        0.0
                    ],
                    [
                        0.0,
                        0.0,
                        0.0,
                        0.0,
                        0.0,
                        0.0,
                        0.0,
                        0.0
                    ],
                    [
                        0.0,
                        0.5785966030844683,
                        -0.5168602063372633,
                        -0.936122310813801,
                        0.6857906906497435,
                        0.6349525896738677,
                        0.9681233092492655,
                        0.0
                    ]
                ]
            },
            "est_params": {
                "mui": [
                    -0.012576647495810944,
                    -0.018033532356262174,
                    0.000838022573582364,
                    -0.007020531608677615,
                    0.01956186492007977,
                    0.042983847630861306,
                    0.9999994521098182,
                    1.003464988869839
                ],
                "Si": [
                    [
                        1.0038217657249064,
                        0.5389857490997807,
                        -0.0014900448993030143,
                        -0.45119037174942345,
                        -1.1753763127990748,
                        -2.4864107599733223,
                        -1.1426684202958708e-08,
                        -1.6448260935531744
                    ],
                    [
                        0.5389857490997807,
                        1.287155058530526,
                        -0.0059035284008137736,
                        0.5603209292489809,
                        -0.04470364469467705,
                        -0.9246847981355215,
                        -1.5820366374386137e-08,
                        -0.392989575017851
                    ],
                    [
                        -0.0014900448993030143,
                        -0.0059035284008137736,
                        1.0003768246414255,
                        0.575126387245887,
                        -0.4820063158898272,
                        0.6083399140307202,
                        -1.2442425274995272e-07,
                        -0.9978299048786913
                    ],
                    [
                        -0.4511903717494234,
                        0.560320929248981,
                        0.575126387245887,
                        2.199109783791023,
                        1.4623624839387097,
                        3.167965362827437,
                        -2.0165092287032478e-07,
                        0.983186795442085
                    ],
                    [
                        -1.1753763127990748,
                        -0.04470364469467703,
                        -0.4820063158898271,
                        1.4623624839387097,
                        3.4857018339820924,
                        4.762169279944873,
                        1.1858758504226155e-07,
                        4.260363255680857
                    ],
                    [
                        -2.4864107599733223,
                        -0.9246847981355215,
                        0.6083399140307202,
                        3.167965362827437,
                        4.762169279944873,
                        10.366904919143888,
                        1.7514744911366257e-07,
                        6.018446860700902
                    ],
                    [
                        -1.1426684202958665e-08,
                        -1.5820366374386203e-08,
                        -1.2442425274995256e-07,
                        -2.0165092287032473e-07,
                        1.1858758504226151e-07,
                        1.751474491136627e-07,
                        1.0039152799239265e-06,
                        5.919287629760004e-07
                    ],
                    [
                        -1.6448260935531744,
                        -0.3929895750178509,
                        -0.9978299048786913,
                        0.983186795442085,
                        4.260363255680857,
                        6.018446860700902,
                        5.919287629760004e-07,
                        7.100428934040364
                    ]
                ]
            },
            "est_tgt": [
                1,
                6
            ],
            "oracle_est_tgt": [
                0,
                1,
                3,
                4,
                5,
                6,
                7
            ]
        },
        "1": {
            "intv_type": "do",
            "inode": 1,
            "new_mui": 1.0,
            "new_vari": null,
            "noise_type": "gaussian",
            "obs_noise_gamma_shape": 2.0,
            "true_params": {
                "Si": [
                    [
                        1.0,
                        0.0,
                        0.0,
                        -0.8859880800951366,
                        -1.4821653763899403,
                        -2.6790926660443146,
                        3.8841715119452473,
                        1.8721981433156
                    ],
                    [
                        0.0,
                        1e-09,
                        0.0,
                        8.031199992394749e-10,
                        5.816237205104102e-10,
                        3.993994465519032e-10,
                        9.447642904643367e-11,
                        5.707147325596678e-10
                    ],
                    [
                        0.0,
                        0.0,
                        1.0,
                        0.579855667153261,
                        -0.4836222910590163,
                        0.6012945986960232,
                        0.05683214187568436,
                        -0.9545256145468661
                    ],
                    [
                        -0.8859880800951366,
                        8.031199992394749e-10,
                        0.579855667153261,
                        2.1212074734454216,
                        1.7569549812942833,
                        4.06437755497114,
                        -4.958463822125661,
                        -3.30022794132869
                    ],
                    [
                        -1.4821653763899403,
                        5.816237205104102e-10,
                        -0.4836222910590163,
                        1.7569549812942833,
                        3.95517796907266,
                        5.549733465196473,
                        -8.423288265420192,
                        -3.313299483102319
                    ],
                    [
                        -2.6790926660443146,
                        3.993994465519032e-10,
                        0.6012945986960232,
                        4.06437755497114,
                        5.549733465196473,
                        11.146181468776208,
                        -14.466682626407941,
                        -7.237820082443246
                    ],
                    [
                        3.8841715119452473,
                        9.447642904643367e-11,
                        0.05683214187568436,
                        -4.958463822125661,
                        -8.423288265420192,
                        -14.466682626407941,
                        21.218548222806668,
                        10.192255186949758
                    ],
                    [
                        1.8721981433156,
                        5.707147325596678e-10,
                        -0.9545256145468661,
                        -3.30022794132869,
                        -3.313299483102319,
                        -7.237820082443246,
                        10.192255186949758,
                        7.582230587583745
                    ]
                ],
                "mui": [
                    0.0,
                    1.0,
                    0.0,
                    0.8031199992394749,
                    0.5816237205104101,
                    0.3993994465519032,
                    0.09447642904643366,
                    0.5707147325596678
                ],
                "Ai": [
                    [
                        0.0,
                        0.0,
                        0.0,
                        0.0,
                        0.0,
                        0.0,
                        0.0,
                        0.0
                    ],
                    [
                        0.0,
                        0.0,
                        0.0,
                        0.0,
                        0.0,
                        0.0,
                        0.0,
                        0.0
                    ],
                    [
                        0.0,
                        0.0,
                        0.0,
                        0.0,
                        0.0,
                        0.0,
                        0.0,
                        0.0
                    ],
                    [
                        -0.8859880800951366,
                        0.8031199992394749,
                        0.579855667153261,
                        0.0,
                        0.0,
                        0.0,
                        0.0,
                        0.0
                    ],
                    [
                        -0.8405281565961489,
                        -0.0,
                        -0.9035568099454796,
                        0.7242052508481751,
                        0.0,
                        0.0,
                        0.0,
                        0.0
                    ],
                    [
                        -0.7354587474665232,
                        -0.6784432537691529,
                        0.6342480166241586,
                        0.6919206269424885,
                        0.8977409079516423,
                        0.0,
                        0.0,
                        0.0
                    ],
                    [
                        0.7559070257895248,
                        0.8961657443242375,
                        -0.0,
                        0.0,
                        -0.9297540946456451,
                        -0.6532865326750222,
                        0.0,
                        0.0
                    ],
                    [
                        0.0,
                        0.5785966030844683,
                        -0.5168602063372633,
                        -0.936122310813801,
                        0.6857906906497435,
                        0.6349525896738677,
                        0.9681233092492655,
                        0.0
                    ]
                ]
            },
            "est_params": {
                "mui": [
                    -0.008330630008315146,
                    0.9999997650238905,
                    0.004758242056683357,
                    0.814390708725975,
                    0.6058273195695488,
                    0.4431126820402697,
                    0.034685187236472584,
                    0.5323411957133872
                ],
                "Si": [
                    [
                        0.9961928956265487,
                        2.796339447140574e-07,
                        -0.0023018333874449746,
                        -0.8927842599861858,
                        -1.480995347682184,
                        -2.6762670250745657,
                        3.8702250106813088,
                        1.8837401369284223
                    ],
                    [
                        2.796339447140574e-07,
                        1.006256049726584e-06,
                        -3.5601582295194255e-07,
                        -2.924255868974187e-07,
                        8.190685022928812e-08,
                        1.7258014483377584e-07,
                        2.4879273853842472e-08,
                        8.631863954110172e-07
                    ],
                    [
                        -0.002301833387444973,
                        -3.5601582295194276e-07,
                        1.0097155532607873,
                        0.5779799553953499,
                        -0.4984671166252,
                        0.6050273164698273,
                        0.0553186328376572,
                        -0.9544540285538922
                    ],
                    [
                        -0.8927842599861858,
                        -2.9242558689741876e-07,
                        0.5779799553953499,
                        2.127142327235381,
                        1.7665818972050709,
                        4.070601854304984,
                        -4.973985728436563,
                        -3.3224550490001294
                    ],
                    [
                        -1.480995347682184,
                        8.190685022928781e-08,
                        -0.4984671166252,
                        1.766581897205071,
                        3.9809597593026913,
                        5.5437591930304055,
                        -8.419762395766499,
                        -3.3367277384218075
                    ],
                    [
                        -2.6762670250745657,
                        1.7258014483377574e-07,
                        0.6050273164698274,
                        4.070601854304984,
                        5.5437591930304055,
                        11.128443230415321,
                        -14.423489441892773,
                        -7.273274227646107
                    ],
                    [
                        3.8702250106813088,
                        2.4879273853843133e-08,
                        0.055318632837657186,
                        -4.973985728436563,
                        -8.419762395766499,
                        -14.423489441892773,
                        21.129867255838718,
                        10.236850751296766
                    ],
                    [
                        1.8837401369284217,
                        8.631863954110174e-07,
                        -0.9544540285538922,
                        -3.3224550490001294,
                        -3.3367277384218075,
                        -7.273274227646107,
                        10.236850751296766,
                        7.6538476584758035
                    ]
                ]
            },
            "est_tgt": [
                0,
                1,
                3,
                4,
                5,
                6
            ],
            "oracle_est_tgt": [
                0,
                1
            ]
        },
        "7": {
            "intv_type": "do",
            "inode": 7,
            "new_mui": 1.0,
            "new_vari": null,
            "noise_type": "gaussian",
            "obs_noise_gamma_shape": 2.0,
            "true_params": {
                "Si": [
                    [
                        1.0,
                        0.5399527196783416,
                        0.0,
                        -0.45234125227771455,
                        -1.1681160666709087,
                        -2.46343584864059,
                        3.9351843167543663,
                        0.0
                    ],
                    [
                        0.5399527196783416,
                        1.2915489394880377,
                        0.0,
                        0.5588771098494161,
                        -0.04910372658851403,
                        -0.9307394396747067,
                        2.21928990331351,
                        0.0
                    ],
                    [
                        0.0,
                        0.0,
                        1.0,
                        0.579855667153261,
                        -0.4836222910590163,
                        0.6012945986960232,
                        0.05683214187568436,
                        0.0
                    ],
                    [
                        -0.45234125227771455,
                        0.5588771098494161,
                        0.579855667153261,
                        2.1858469364203383,
                        1.4392748509935789,
                        3.1258127269557208,
                        -3.2213044537333153,
                        0.0
                    ],
                    [
                        -1.1681160666709087,
                        -0.04910372658851403,
                        -0.4836222910590163,
                        1.4392748509935789,
                        3.461145063240327,
                        4.688754261296547,
                        -7.208106028059364,
                        0.0
                    ],
                    [
                        -2.46343584864059,
                        -0.9307394396747067,
                        0.6012945986960232,
                        3.1258127269557208,
                        4.688754261296547,
                        10.196680053637804,
                        -13.716967498562491,
                        0.0
                    ],
                    [
                        3.9351843167543663,
                        2.21928990331351,
                        0.05683214187568436,
                        -3.2213044537333153,
                        -7.208106028059364,
                        -13.716967498562491,
                        21.626361291065606,
                        0.0
                    ],
                    [
                        0.0,
                        0.0,
                        0.0,
                        0.0,
                        0.0,
                        0.0,
                        0.0,
                        1e-09
                    ]
                ],
                "mui": [
                    0.0,
                    0.0,
                    0.0,
                    0.0,
                    0.0,
                    0.0,
                    0.0,
                    1.0
                ],
                "Ai": [
                    [
                        0.0,
                        0.0,
                        0.0,
                        0.0,
                        0.0,
                        0.0,
                        0.0,
                        0.0
                    ],
                    [
                        0.5399527196783416,
                        0.0,
                        0.0,
                        0.0,
                        0.0,
                        0.0,
                        0.0,
                        0.0
                    ],
                    [
                        0.0,
                        0.0,
                        0.0,
                        0.0,
                        0.0,
                        0.0,
                        0.0,
                        0.0
                    ],
                    [
                        -0.8859880800951366,
                        0.8031199992394749,
                        0.579855667153261,
                        0.0,
                        0.0,
                        0.0,
                        0.0,
                        0.0
                    ],
                    [
                        -0.8405281565961489,
                        -0.0,
                        -0.9035568099454796,
                        0.7242052508481751,
                        0.0,
                        0.0,
                        0.0,
                        0.0
                    ],
                    [
                        -0.7354587474665232,
                        -0.6784432537691529,
                        0.6342480166241586,
                        0.6919206269424885,
                        0.8977409079516423,
                        0.0,
                        0.0,
                        0.0
                    ],
                    [
                        0.7559070257895248,
                        0.8961657443242375,
                        -0.0,
                        0.0,
                        -0.9297540946456451,
                        -0.6532865326750222,
                        0.0,
                        0.0
                    ],
                    [
                        0.0,
                        0.0,
                        0.0,
                        0.0,
                        0.0,
                        0.0,
                        0.0,
                        0.0
                    ]
                ]
            },
            "est_params": {
                "mui": [
                    0.00023654674614423884,
                    0.0005644988798128606,
                    -0.011836980333302619,
                    -0.009505570897117633,
                    -0.0032446729697652218,
                    -0.02276422352207449,
                    0.029519760257720164,
                    1.0000007134158517
                ],
                "Si": [
                    [
                        0.9828219563425008,
                        0.5374550314262951,
                        -0.0016618653788865497,
                        -0.4399918257191251,
                        -1.142800760908674,
                        -2.415513644643212,
                        3.862515736039364,
                        -2.2261514004819016e-07
                    ],
                    [
                        0.5374550314262952,
                        1.294907323909916,
                        0.0013909784842196793,
                        0.5682851361180176,
                        -0.03573678322470648,
                        -0.9129487175705434,
                        2.181615915111881,
                        4.835047072239094e-07
                    ],
                    [
                        -0.0016618653788865487,
                        0.0013909784842196793,
                        1.0020885916366924,
                        0.5877376271978213,
                        -0.4828641606620043,
                        0.607160184278014,
                        0.06074437925333973,
                        2.538024771087867e-07
                    ],
                    [
                        -0.43999182571912526,
                        0.5682851361180176,
                        0.5877376271978213,
                        2.202686828134396,
                        1.4448905500238682,
                        3.128982992619416,
                        -3.22614650536798,
                        1.046184619940067e-06
                    ],
                    [
                        -1.1428007609086746,
                        -0.03573678322470648,
                        -0.4828641606620044,
                        1.4448905500238685,
                        3.452270568511728,
                        4.653904369584213,
                        -7.161676832280767,
                        1.4841350911876338e-07
                    ],
                    [
                        -2.415513644643212,
                        -0.9129487175705434,
                        0.607160184278014,
                        3.128982992619416,
                        4.653904369584211,
                        10.130610844486059,
                        -13.596444672653647,
                        6.195115043922662e-08
                    ],
                    [
                        3.862515736039365,
                        2.1816159151118804,
                        0.06074437925333971,
                        -3.22614650536798,
                        -7.161676832280767,
                        -13.596444672653647,
                        21.416328916012738,
                        -4.894682490385758e-07
                    ],
                    [
                        -2.226151400481901e-07,
                        4.835047072239094e-07,
                        2.538024771087868e-07,
                        1.046184619940067e-06,
                        1.4841350911876324e-07,
                        6.195115043922686e-08,
                        -4.894682490385757e-07,
                        1.006915063614046e-06
                    ]
                ]
            },
            "est_tgt": [
                7
            ],
            "oracle_est_tgt": [
                3,
                4,
                7
            ]
        },
        "0": {
            "intv_type": "do",
            "inode": 0,
            "new_mui": 1.0,
            "new_vari": null,
            "noise_type": "gaussian",
            "obs_noise_gamma_shape": 2.0,
            "true_params": {
                "Si": [
                    [
                        1e-09,
                        5.399527196783416e-10,
                        0.0,
                        -4.5234125227771455e-10,
                        -1.1681160666709088e-09,
                        -2.46343584864059e-09,
                        3.9351843167543665e-09,
                        2.180357115321689e-09
                    ],
                    [
                        5.399527196783416e-10,
                        1.000000000291549,
                        0.0,
                        0.803119998995232,
                        0.5816237198796826,
                        0.3993994452217643,
                        0.09447643117124714,
                        0.5707147337369575
                    ],
                    [
                        0.0,
                        0.0,
                        1.0,
                        0.579855667153261,
                        -0.4836222910590163,
                        0.6012945986960232,
                        0.05683214187568436,
                        -0.9545256145468661
                    ],
                    [
                        -4.5234125227771455e-10,
                        0.803119998995232,
                        0.579855667153261,
                        1.9812343281127802,
                        0.9108877671183289,
                        2.0114990713901357,
                        -1.4412582537290688,
                        -1.183130288640163
                    ],
                    [
                        -1.1681160666709088e-09,
                        0.5816237198796826,
                        -0.4836222910590163,
                        0.9108877671183289,
                        2.096649919390107,
                        1.811175270163968,
                        -2.6113540069439583,
                        -0.2064509941157989
                    ],
                    [
                        -2.46343584864059e-09,
                        0.3993994452217643,
                        0.6012945986960232,
                        2.0114990713901357,
                        1.811175270163968,
                        4.128163879338737,
                        -4.022893391355632,
                        -1.9940846245804043
                    ],
                    [
                        3.9351843167543665e-09,
                        0.09447643117124714,
                        0.05683214187568436,
                        -1.4412582537290688,
                        -2.6113540069439583,
                        -4.022893391355632,
                        6.140685699721751,
                        2.974235592429136
                    ],
                    [
                        2.180357115321689e-09,
                        0.5707147337369575,
                        -0.9545256145468661,
                        -1.183130288640163,
                        -0.2064509941157989,
                        -1.9940846245804043,
                        2.974235592429136,
                        4.40282001013826
                    ]
                ],
                "mui": [
                    1.0,
                    0.5399527196783416,
                    0.0,
                    -0.45234125227771455,
                    -1.1681160666709087,
                    -2.46343584864059,
                    3.9351843167543663,
                    2.180357115321689
                ],
                "Ai": [
                    [
                        0.0,
                        0.0,
                        0.0,
                        0.0,
                        0.0,
                        0.0,
                        0.0,
                        0.0
                    ],
                    [
                        0.5399527196783416,
                        0.0,
                        0.0,
                        0.0,
                        0.0,
                        0.0,
                        0.0,
                        0.0
                    ],
                    [
                        0.0,
                        0.0,
                        0.0,
                        0.0,
                        0.0,
                        0.0,
                        0.0,
                        0.0
                    ],
                    [
                        -0.8859880800951366,
                        0.8031199992394749,
                        0.579855667153261,
                        0.0,
                        0.0,
                        0.0,
                        0.0,
                        0.0
                    ],
                    [
                        -0.8405281565961489,
                        -0.0,
                        -0.9035568099454796,
                        0.7242052508481751,
                        0.0,
                        0.0,
                        0.0,
                        0.0
                    ],
                    [
                        -0.7354587474665232,
                        -0.6784432537691529,
                        0.6342480166241586,
                        0.6919206269424885,
                        0.8977409079516423,
                        0.0,
                        0.0,
                        0.0
                    ],
                    [
                        0.7559070257895248,
                        0.8961657443242375,
                        -0.0,
                        0.0,
                        -0.9297540946456451,
                        -0.6532865326750222,
                        0.0,
                        0.0
                    ],
                    [
                        0.0,
                        0.5785966030844683,
                        -0.5168602063372633,
                        -0.936122310813801,
                        0.6857906906497435,
                        0.6349525896738677,
                        0.9681233092492655,
                        0.0
                    ]
                ]
            },
            "est_params": {
                "mui": [
                    0.9999998205064817,
                    0.5457372165407374,
                    -0.0035475010627153323,
                    -0.4514665132849546,
                    -1.154459784380074,
                    -2.4554720042824267,
                    3.9150444916432416,
                    2.188690888714266
                ],
                "Si": [
                    [
                        1.0124734232812563e-06,
                        7.429462107418242e-08,
                        6.920172142055496e-07,
                        7.205025587540597e-07,
                        -8.987616170366452e-07,
                        -2.310865968002427e-07,
                        7.065337462238385e-07,
                        -1.5641962305016742e-06
                    ],
                    [
                        7.42946210741825e-08,
                        1.006021725734537,
                        0.006687407932363434,
                        0.806271734966801,
                        0.5703164861491268,
                        0.4058234785736615,
                        0.10976144269839117,
                        0.5797362099915957
                    ],
                    [
                        6.920172142055496e-07,
                        0.006687407932363434,
                        1.0100295835030804,
                        0.5865028768544026,
                        -0.4877217446725981,
                        0.5968940916133822,
                        0.06770478644620778,
                        -0.9470256739184479
                    ],
                    [
                        7.205025587540594e-07,
                        0.806271734966801,
                        0.5865028768544026,
                        1.9836923735846845,
                        0.8926443131034445,
                        2.0105481456421384,
                        -1.4190780075988356,
                        -1.1684427484884874
                    ],
                    [
                        -8.987616170366449e-07,
                        0.5703164861491269,
                        -0.4877217446725981,
                        0.8926443131034445,
                        2.074073523738319,
                        1.7848580309574273,
                        -2.5806565968114006,
                        -0.2030363561289127
                    ],
                    [
                        -2.3108659680024322e-07,
                        0.40582347857366147,
                        0.5968940916133822,
                        2.0105481456421384,
                        1.7848580309574273,
                        4.111872260203139,
                        -3.993672942712089,
                        -1.9819981409971907
                    ],
                    [
