{
    "expt_args": {
        "save_dir": "all_expt_logs/expt_logs_sim_compsel_n48_middleout_oracle_corr-half2",
        "exp_name": "17",
        "num_nodes": 8,
        "num_tgt_prior": 9,
        "obs_noise_mean": 0.0,
        "obs_noise_var": 1.0,
        "obs_noise_gamma_shape": 2.0,
        "noise_type": "gaussian",
        "max_edge_strength": 1.0,
        "graph_sparsity_method": "adj_dense_prop",
        "adj_dense_prop": 0.8,
        "num_parents": null,
        "new_noise_mean": 1.0,
        "mix_samples": 65536,
        "stage2_samples": 65536,
        "gmm_tol": 0.001,
        "intv_type": "do",
        "new_noise_var": null,
        "dtype": "simulation",
        "cutoff_drop_ratio": 0.07,
        "intv_targets": [
            5,
            7,
            1,
            3
        ]
    },
    "intv_args_dict": {
        "5": {
            "intv_type": "do",
            "inode": 5,
            "new_mui": 1.0,
            "new_vari": null,
            "noise_type": "gaussian",
            "obs_noise_gamma_shape": 2.0,
            "true_params": {
                "Si": [
                    [
                        1.0,
                        0.5399527196783416,
                        0.0,
                        -0.45234125227771455,
                        -1.1681160666709087,
                        0.0,
                        2.3258548527286047,
                        2.186492720526507
                    ],
                    [
                        0.5399527196783416,
                        1.2915489394880377,
                        0.0,
                        0.5588771098494161,
                        -0.04910372658851403,
                        0.0,
                        1.6112503619445282,
                        1.7503226514361523
                    ],
                    [
                        0.0,
                        0.0,
                        1.0,
                        0.579855667153261,
                        -0.4836222910590163,
                        0.0,
                        0.4496498053740283,
                        -0.956023240828234
                    ],
                    [
                        -0.45234125227771455,
                        0.5588771098494161,
                        0.579855667153261,
                        2.1858469364203383,
                        1.4392748509935789,
                        0.0,
                        -1.1792530955489564,
                        -2.1771811228848064
                    ],
                    [
                        -1.1681160666709087,
                        -0.04910372658851403,
                        -0.4836222910590163,
                        1.4392748509935789,
                        3.461145063240327,
                        0.0,
                        -4.145006014131709,
                        -2.765039307565901
                    ],
                    [
                        0.0,
                        0.0,
                        0.0,
                        0.0,
                        0.0,
                        1e-09,
                        -6.532865326750223e-10,
                        2.4906697725467497e-12
                    ],
                    [
                        2.3258548527286047,
                        1.6112503619445282,
                        0.4496498053740283,
                        -1.1792530955489564,
                        -4.145006014131709,
                        -6.532865326750223e-10,
                        8.055913718445492,
                        6.760294338328683
                    ],
                    [
                        2.186492720526507,
                        1.7503226514361523,
                        -0.956023240828234,
                        -2.1771811228848064,
                        -2.765039307565901,
                        2.4906697725467497e-12,
                        6.760294338328683,
                        9.193529243669682
                    ]
                ],
                "mui": [
                    0.0,
                    0.0,
                    0.0,
                    0.0,
                    0.0,
                    1.0,
                    -0.6532865326750222,
                    0.0024906697725467497
                ],
                "Ai": [
                    [
                        0.0,
                        0.0,
                        0.0,
                        0.0,
                        0.0,
                        0.0,
                        0.0,
                        0.0
                    ],
                    [
                        0.5399527196783416,
                        0.0,
                        0.0,
                        0.0,
                        0.0,
                        0.0,
                        0.0,
                        0.0
                    ],
                    [
                        0.0,
                        0.0,
                        0.0,
                        0.0,
                        0.0,
                        0.0,
                        0.0,
                        0.0
                    ],
                    [
                        -0.8859880800951366,
                        0.8031199992394749,
                        0.579855667153261,
                        0.0,
                        0.0,
                        0.0,
                        0.0,
                        0.0
                    ],
                    [
                        -0.8405281565961489,
                        -0.0,
                        -0.9035568099454796,
                        0.7242052508481751,
                        0.0,
                        0.0,
                        0.0,
                        0.0
                    ],
                    [
                        0.0,
                        0.0,
                        0.0,
                        0.0,
                        0.0,
                        0.0,
                        0.0,
                        0.0
                    ],
                    [
                        0.7559070257895248,
                        0.8961657443242375,
                        -0.0,
                        0.0,
                        -0.9297540946456451,
                        -0.6532865326750222,
                        0.0,
                        0.0
                    ],
                    [
                        0.0,
                        0.5785966030844683,
                        -0.5168602063372633,
                        -0.936122310813801,
                        0.6857906906497435,
                        0.6349525896738677,
                        0.9681233092492655,
                        0.0
                    ]
                ]
            },
            "est_params": {
                "mui": [
                    -0.02180933175898977,
                    -0.020763042993486577,
                    0.00010025166510615475,
                    0.005003831266762851,
                    0.05250280564159033,
                    0.9999997502140495,
                    -0.7428062832962377,
                    -0.05602602492136266
                ],
                "Si": [
                    [
                        0.9979782186901381,
                        0.539316536304319,
                        0.007022754773831409,
                        -0.43463090580766883,
                        -1.1693318435218987,
                        3.6557246892928447e-07,
                        2.3259016318568824,
                        2.173638148888454
                    ],
                    [
                        0.539316536304319,
                        1.2949909255435326,
                        -0.0033699566064540496,
                        0.5783466382562396,
                        -0.04177325152334182,
                        -3.1658355288685923e-07,
                        1.5937811174778396,
                        1.7176723034167882
                    ],
                    [
                        0.007022754773831407,
                        -0.0033699566064540496,
                        0.9944584183585963,
                        0.5626139793651683,
                        -0.48380145934769087,
                        8.325177144380409e-07,
                        0.44915561344603394,
                        -0.9377264806095352
                    ],
                    [
                        -0.43463090580766883,
                        0.5783466382562397,
                        0.5626139793651683,
                        2.2020893982384213,
                        1.469263350193977,
                        5.411906318992014e-07,
                        -1.1891646028854126,
                        -2.1826163065318585
                    ],
                    [
                        -1.1693318435218987,
                        -0.0417732515233418,
                        -0.48380145934769087,
                        1.469263350193977,
                        3.484862157246292,
                        1.1754147469196585e-06,
                        -4.182398247191999,
                        -2.8263301510939436
                    ],
                    [
                        3.655724689292846e-07,
                        -3.1658355288685923e-07,
                        8.325177144380412e-07,
                        5.41190631899201e-07,
                        1.1754147469196585e-06,
                        1.006298586843007e-06,
                        -1.0886236280048368e-06,
                        -2.3904670028555018e-06
                    ],
                    [
                        2.3259016318568824,
                        1.5937811174778396,
                        0.44915561344603394,
                        -1.1891646028854126,
                        -4.182398247191999,
                        -1.0886236280048363e-06,
                        8.097939668029934,
                        6.7829041702436825
                    ],
                    [
                        2.173638148888454,
                        1.7176723034167882,
                        -0.9377264806095349,
                        -2.1826163065318585,
                        -2.8263301510939436,
                        -2.390467002855502e-06,
                        6.782904170243684,
                        9.15636912867208
                    ]
                ]
            },
            "est_tgt": [
                1,
                4,
                5
            ],
            "oracle_est_tgt": [
                0,
                3,
                4,
                5,
                6
            ]
        },
        "7": {
            "intv_type": "do",
            "inode": 7,
            "new_mui": 1.0,
            "new_vari": null,
            "noise_type": "gaussian",
            "obs_noise_gamma_shape": 2.0,
            "true_params": {
                "Si": [
                    [
                        1.0,
                        0.5399527196783416,
                        0.0,
                        -0.45234125227771455,
                        -1.1681160666709087,
                        -2.46343584864059,
                        3.9351843167543663,
                        0.0
                    ],
                    [
                        0.5399527196783416,
                        1.2915489394880377,
                        0.0,
                        0.5588771098494161,
                        -0.04910372658851403,
                        -0.9307394396747067,
                        2.21928990331351,
                        0.0
                    ],
                    [
                        0.0,
                        0.0,
                        1.0,
                        0.579855667153261,
                        -0.4836222910590163,
                        0.6012945986960232,
                        0.05683214187568436,
                        0.0
                    ],
                    [
                        -0.45234125227771455,
                        0.5588771098494161,
                        0.579855667153261,
                        2.1858469364203383,
                        1.4392748509935789,
                        3.1258127269557208,
                        -3.2213044537333153,
                        0.0
                    ],
                    [
                        -1.1681160666709087,
                        -0.04910372658851403,
                        -0.4836222910590163,
                        1.4392748509935789,
                        3.461145063240327,
                        4.688754261296547,
                        -7.208106028059364,
                        0.0
                    ],
                    [
                        -2.46343584864059,
                        -0.9307394396747067,
                        0.6012945986960232,
                        3.1258127269557208,
                        4.688754261296547,
                        10.196680053637804,
                        -13.716967498562491,
                        0.0
                    ],
                    [
                        3.9351843167543663,
                        2.21928990331351,
                        0.05683214187568436,
                        -3.2213044537333153,
                        -7.208106028059364,
                        -13.716967498562491,
                        21.626361291065606,
                        0.0
                    ],
                    [
                        0.0,
                        0.0,
                        0.0,
                        0.0,
                        0.0,
                        0.0,
                        0.0,
                        1e-09
                    ]
                ],
                "mui": [
                    0.0,
                    0.0,
                    0.0,
                    0.0,
                    0.0,
                    0.0,
                    0.0,
                    1.0
                ],
                "Ai": [
                    [
                        0.0,
                        0.0,
                        0.0,
                        0.0,
                        0.0,
                        0.0,
                        0.0,
                        0.0
                    ],
                    [
                        0.5399527196783416,
                        0.0,
                        0.0,
                        0.0,
                        0.0,
                        0.0,
                        0.0,
                        0.0
                    ],
                    [
                        0.0,
                        0.0,
                        0.0,
                        0.0,
                        0.0,
                        0.0,
                        0.0,
                        0.0
                    ],
                    [
                        -0.8859880800951366,
                        0.8031199992394749,
                        0.579855667153261,
                        0.0,
                        0.0,
                        0.0,
                        0.0,
                        0.0
                    ],
                    [
                        -0.8405281565961489,
                        -0.0,
                        -0.9035568099454796,
                        0.7242052508481751,
                        0.0,
                        0.0,
                        0.0,
                        0.0
                    ],
                    [
                        -0.7354587474665232,
                        -0.6784432537691529,
                        0.6342480166241586,
                        0.6919206269424885,
                        0.8977409079516423,
                        0.0,
                        0.0,
                        0.0
                    ],
                    [
                        0.7559070257895248,
                        0.8961657443242375,
                        -0.0,
                        0.0,
                        -0.9297540946456451,
                        -0.6532865326750222,
                        0.0,
                        0.0
                    ],
                    [
                        0.0,
                        0.0,
                        0.0,
                        0.0,
                        0.0,
                        0.0,
                        0.0,
                        0.0
                    ]
                ]
            },
            "est_params": {
                "mui": [
                    -0.003758918249343402,
                    -0.015386023234195724,
                    0.0007849973435031507,
                    -0.01919805544601859,
                    -0.012382594326579156,
                    0.009494182708164642,
                    -0.01527482209826813,
                    0.9999997174111319
                ],
                "Si": [
                    [
                        1.0094517831284289,
                        0.5383590911936085,
                        -0.010336941997858264,
                        -0.46753321875850273,
                        -1.180317277159902,
                        -2.5182501780222672,
                        3.9880524313536374,
                        6.522641083487807e-08
                    ],
                    [
                        0.5383590911936085,
                        1.2787893800268753,
                        -0.0086229258120257,
                        0.5416025882737386,
                        -0.04803981719784264,
                        -0.9380319155648834,
                        2.21112028319176,
                        3.3228202203399745e-07
                    ],
                    [
                        -0.010336941997858265,
                        -0.008622925812025697,
                        1.0062825312947707,
                        0.5874564528128634,
                        -0.47993030241616397,
                        0.6280564267338165,
                        0.0063710685990896205,
                        3.122384302700395e-07
                    ],
                    [
                        -0.46753321875850273,
                        0.5416025882737387,
                        0.5874564528128635,
                        2.1938662883152182,
                        1.4524953692712785,
                        3.179661495639535,
                        -3.2994759172023773,
                        8.164215132451098e-07
                    ],
                    [
                        -1.180317277159902,
                        -0.04803981719784262,
                        -0.47993030241616397,
                        1.4524953692712785,
                        3.481715985297274,
                        4.765465947383796,
                        -7.2699041193418,
                        4.547942038402565e-07
                    ],
                    [
                        -2.5182501780222672,
                        -0.9380319155648834,
                        0.6280564267338165,
                        3.179661495639535,
                        4.765465947383796,
                        10.420568392657085,
                        -13.988423588232891,
                        1.6913685130126691e-06
                    ],
                    [
                        3.9880524313536374,
                        2.21112028319176,
                        0.0063710685990896266,
                        -3.2994759172023773,
                        -7.2699041193418,
                        -13.988423588232891,
                        21.88909676363068,
                        -1.5001423482874304e-06
                    ],
                    [
                        6.522641083487809e-08,
                        3.3228202203399724e-07,
                        3.122384302700395e-07,
                        8.164215132451092e-07,
                        4.5479420384025654e-07,
                        1.6913685130126687e-06,
                        -1.500142348287431e-06,
                        1.006540848490615e-06
                    ]
                ]
            },
            "est_tgt": [
                7
            ],
            "oracle_est_tgt": [
                7
            ]
        },
        "1": {
            "intv_type": "do",
            "inode": 1,
            "new_mui": 1.0,
            "new_vari": null,
            "noise_type": "gaussian",
            "obs_noise_gamma_shape": 2.0,
            "true_params": {
                "Si": [
                    [
                        1.0,
                        0.0,
                        0.0,
                        -0.8859880800951366,
                        -1.4821653763899403,
                        -2.6790926660443146,
                        3.8841715119452473,
                        1.8721981433156
                    ],
                    [
                        0.0,
                        1e-09,
                        0.0,
                        8.031199992394749e-10,
                        5.816237205104102e-10,
                        3.993994465519032e-10,
                        9.447642904643367e-11,
                        5.707147325596678e-10
                    ],
                    [
                        0.0,
                        0.0,
                        1.0,
                        0.579855667153261,
                        -0.4836222910590163,
                        0.6012945986960232,
                        0.05683214187568436,
                        -0.9545256145468661
                    ],
                    [
                        -0.8859880800951366,
                        8.031199992394749e-10,
                        0.579855667153261,
                        2.1212074734454216,
                        1.7569549812942833,
                        4.06437755497114,
                        -4.958463822125661,
                        -3.30022794132869
                    ],
                    [
                        -1.4821653763899403,
                        5.816237205104102e-10,
                        -0.4836222910590163,
                        1.7569549812942833,
                        3.95517796907266,
                        5.549733465196473,
                        -8.423288265420192,
                        -3.313299483102319
                    ],
                    [
                        -2.6790926660443146,
                        3.993994465519032e-10,
                        0.6012945986960232,
                        4.06437755497114,
                        5.549733465196473,
                        11.146181468776208,
                        -14.466682626407941,
                        -7.237820082443246
                    ],
                    [
                        3.8841715119452473,
                        9.447642904643367e-11,
                        0.05683214187568436,
                        -4.958463822125661,
                        -8.423288265420192,
                        -14.466682626407941,
                        21.218548222806668,
                        10.192255186949758
                    ],
                    [
                        1.8721981433156,
                        5.707147325596678e-10,
                        -0.9545256145468661,
                        -3.30022794132869,
                        -3.313299483102319,
                        -7.237820082443246,
                        10.192255186949758,
                        7.582230587583745
                    ]
                ],
                "mui": [
                    0.0,
                    1.0,
                    0.0,
                    0.8031199992394749,
                    0.5816237205104101,
                    0.3993994465519032,
                    0.09447642904643366,
                    0.5707147325596678
                ],
                "Ai": [
                    [
                        0.0,
                        0.0,
                        0.0,
                        0.0,
                        0.0,
                        0.0,
                        0.0,
                        0.0
                    ],
                    [
                        0.0,
                        0.0,
                        0.0,
                        0.0,
                        0.0,
                        0.0,
                        0.0,
                        0.0
                    ],
                    [
                        0.0,
                        0.0,
                        0.0,
                        0.0,
                        0.0,
                        0.0,
                        0.0,
                        0.0
                    ],
                    [
                        -0.8859880800951366,
                        0.8031199992394749,
                        0.579855667153261,
                        0.0,
                        0.0,
                        0.0,
                        0.0,
                        0.0
                    ],
                    [
                        -0.8405281565961489,
                        -0.0,
                        -0.9035568099454796,
                        0.7242052508481751,
                        0.0,
                        0.0,
                        0.0,
                        0.0
                    ],
                    [
                        -0.7354587474665232,
                        -0.6784432537691529,
                        0.6342480166241586,
                        0.6919206269424885,
                        0.8977409079516423,
                        0.0,
                        0.0,
                        0.0
                    ],
                    [
                        0.7559070257895248,
                        0.8961657443242375,
                        -0.0,
                        0.0,
                        -0.9297540946456451,
                        -0.6532865326750222,
                        0.0,
                        0.0
                    ],
                    [
                        0.0,
                        0.5785966030844683,
                        -0.5168602063372633,
                        -0.936122310813801,
                        0.6857906906497435,
                        0.6349525896738677,
                        0.9681233092492655,
                        0.0
                    ]
                ]
            },
            "est_params": {
                "mui": [
                    -0.0037521697149401384,
                    1.0000007490358633,
                    0.008533905411742999,
                    0.8067893692586429,
                    0.5890999483722206,
                    0.4226550557286109,
                    0.07366269589697386,
                    0.5487179120088637
                ],
                "Si": [
                    [
                        0.9943419290438059,
                        7.057393601820098e-07,
                        -0.00862164362925136,
                        -0.8883833023517542,
                        -1.4811789740029626,
                        -2.6814189150869736,
                        3.87195727016598,
                        1.8767734968295704
                    ],
                    [
                        7.057393601820098e-07,
                        1.0138401474935487e-06,
                        1.3452858260401236e-06,
                        1.5173370676353024e-06,
                        -2.6861330310831508e-06,
                        -5.097756648788748e-07,
                        5.039132120517917e-06,
                        1.521568858970782e-06
                    ],
                    [
                        -0.00862164362925136,
                        1.345285826040124e-06,
                        1.000162830039387,
                        0.5746726648650902,
                        -0.48461354022469405,
                        0.6114414118159323,
                        0.037432034212281896,
                        -0.9557872921690218
                    ],
                    [
                        -0.8883833023517542,
                        1.5173370676353024e-06,
                        0.5746726648650902,
                        2.1188503308780233,
                        1.7778470354384444,
                        4.071611582774108,
                        -4.970840481228031,
                        -3.315259222111748
                    ],
                    [
                        -1.4811789740029626,
                        -2.6861330310831508e-06,
                        -0.48461354022469405,
                        1.7778470354384444,
                        3.9897558435004226,
                        5.574962274110796,
                        -8.441755086053536,
                        -3.351970187055764
                    ],
                    [
                        -2.6814189150869736,
                        -5.097756648788743e-07,
                        0.6114414118159325,
                        4.071611582774109,
                        5.574962274110796,
                        11.190060703777629,
                        -14.473509687932209,
                        -7.272204309252549
                    ],
                    [
                        3.87195727016598,
                        5.039132120517917e-06,
                        0.03743203421228191,
                        -4.970840481228031,
                        -8.441755086053536,
                        -14.473509687932205,
                        21.174151921793914,
                        10.248652945253276
                    ],
                    [
                        1.8767734968295706,
                        1.521568858970782e-06,
                        -0.9557872921690218,
                        -3.315259222111748,
                        -3.3519701870557643,
                        -7.272204309252549,
                        10.248652945253276,
                        7.687692219514106
                    ]
                ]
            },
            "est_tgt": [
                1,
                3,
                4,
                5
            ],
            "oracle_est_tgt": [
                0,
                1,
                6
            ]
        },
        "3": {
            "intv_type": "do",
            "inode": 3,
            "new_mui": 1.0,
            "new_vari": null,
            "noise_type": "gaussian",
            "obs_noise_gamma_shape": 2.0,
            "true_params": {
                "Si": [
                    [
                        1.0,
                        0.5399527196783416,
                        0.0,
                        0.0,
                        -0.8405281565961489,
                        -1.8563625379481472,
                        3.234015297784137,
                        1.6882118158192778
                    ],
                    [
                        0.5399527196783416,
                        1.2915489394880377,
                        0.0,
                        0.0,
                        -0.45384546412031357,
                        -1.6807912548432435,
                        3.0855989407157542,
                        2.3560603323556597
                    ],
                    [
                        0.0,
                        0.0,
                        1.0,
                        0.0,
                        -0.9035568099454796,
                        -0.17691189432218568,
                        0.9556598018224771,
                        -0.3236451906581602
                    ],
                    [
                        0.0,
                        0.0,
                        0.0,
                        1e-09,
                        7.242052508481751e-10,
                        1.342069306382276e-09,
                        -1.5500886011160165e-09,
                        -1.0879956161952255e-09
                    ],
                    [
                        -0.8405281565961489,
                        -0.45384546412031357,
                        -0.9035568099454796,
                        7.242052508481751e-10,
                        2.522902491354245,
                        2.6179158377944463,
                        -5.098009979342575,
                        -1.3386476943607024
                    ],
                    [
                        -1.8563625379481472,
                        -1.6807912548432435,
                        -0.17691189432218568,
                        1.342069306382276e-09,
                        2.6179158377944463,
                        5.7436036788458145,
                        -9.095741932837498,
                        -4.24460283328833
                    ],
                    [
                        3.234015297784137,
                        3.0855989407157542,
                        0.9556598018224771,
                        -1.5500886011160165e-09,
                        -5.098009979342575,
                        -9.095741932837498,
                        16.891844318746777,
                        8.373230085927593
                    ],
                    [
                        1.6882118158192778,
                        2.3560603323556597,
                        -0.3236451906581602,
                        -1.0879956161952255e-09,
                        -1.3386476943607024,
                        -4.24460283328833,
                        8.373230085927593,
                        7.023653357913143
                    ]
                ],
                "mui": [
                    0.0,
                    0.0,
                    0.0,
                    1.0,
                    0.7242052508481751,
                    1.342069306382276,
                    -1.5500886011160164,
                    -1.0879956161952253
                ],
                "Ai": [
                    [
                        0.0,
                        0.0,
                        0.0,
                        0.0,
                        0.0,
                        0.0,
                        0.0,
                        0.0
                    ],
                    [
                        0.5399527196783416,
                        0.0,
                        0.0,
                        0.0,
                        0.0,
                        0.0,
                        0.0,
                        0.0
                    ],
                    [
                        0.0,
                        0.0,
                        0.0,
                        0.0,
                        0.0,
                        0.0,
                        0.0,
                        0.0
                    ],
                    [
                        0.0,
                        0.0,
                        0.0,
                        0.0,
                        0.0,
                        0.0,
                        0.0,
                        0.0
                    ],
                    [
                        -0.8405281565961489,
                        -0.0,
                        -0.9035568099454796,
                        0.7242052508481751,
                        0.0,
                        0.0,
                        0.0,
                        0.0
                    ],
                    [
                        -0.7354587474665232,
                        -0.6784432537691529,
                        0.6342480166241586,
                        0.6919206269424885,
                        0.8977409079516423,
                        0.0,
                        0.0,
                        0.0
                    ],
                    [
                        0.7559070257895248,
                        0.8961657443242375,
                        -0.0,
                        0.0,
                        -0.9297540946456451,
                        -0.6532865326750222,
                        0.0,
                        0.0
                    ],
                    [
                        0.0,
                        0.5785966030844683,
                        -0.5168602063372633,
                        -0.936122310813801,
                        0.6857906906497435,
                        0.6349525896738677,
                        0.9681233092492655,
                        0.0
                    ]
                ]
            },
            "est_params": {
                "mui": [
                    -0.01339702353969846,
                    -0.008544530512621185,
                    0.0016362755439323492,
                    0.9999995405296921,
                    0.7512215000332534,
                    1.387479355168161,
                    -1.6316393913817926,
                    -1.135912763348973
                ],
                "Si": [
                    [
                        0.9986813771895118,
                        0.5397885401430547,
                        0.0051424956590850526,
                        1.9692352074812745e-07,
                        -0.8325269835637324,
                        -1.833817249611513,
                        3.2037954425860784,
                        1.6953991400786768
                    ],
                    [
                        0.5397885401430547,
                        1.2779836058957414,
                        -0.00803556194375503,
                        5.758100346356699e-07,
                        -0.43792041232157475,
                        -1.6529015770784439,
                        3.0440993132126066,
                        2.351019278429872
                    ],
                    [
                        0.0051424956590850526,
                        -0.008035561943755034,
                        1.0199559131776528,
                        3.636767902541751e-09,
                        -0.9351688254429168,
                        -0.17775966888804165,
                        0.9669786832784711,
                        -0.33228416377678316
                    ],
                    [
                        1.9692352074812732e-07,
                        5.758100346356702e-07,
                        3.6367679025415523e-09,
                        1.010146451025863e-06,
                        1.6253734740446142e-08,
                        -4.1000578791018044e-07,
                        1.875753922284987e-07,
                        -8.240648618108275e-08
                    ],
                    [
                        -0.8325269835637324,
                        -0.43792041232157475,
                        -0.9351688254429168,
                        1.6253734740446208e-08,
                        2.5525746918633616,
                        2.583472614080267,
                        -5.0620319673909195,
                        -1.3176361320169432
                    ],
                    [
                        -1.833817249611513,
                        -1.6529015770784439,
                        -0.17775966888804165,
                        -4.1000578791018044e-07,
                        2.583472614080267,
                        5.643198582266386,
                        -8.948585560400355,
                        -4.229097756935414
                    ],
                    [
                        3.2037954425860784,
                        3.0440993132126066,
                        0.9669786832784714,
                        1.875753922284987e-07,
                        -5.0620319673909195,
