{
    "expt_args": {
        "save_dir": "all_expt_logs/expt_logs_sim_compsel_n48_middleout_oracle_corr-half2",
        "exp_name": "60",
        "num_nodes": 8,
        "num_tgt_prior": 9,
        "obs_noise_mean": 0.0,
        "obs_noise_var": 1.0,
        "obs_noise_gamma_shape": 2.0,
        "noise_type": "gaussian",
        "max_edge_strength": 1.0,
        "graph_sparsity_method": "adj_dense_prop",
        "adj_dense_prop": 0.8,
        "num_parents": null,
        "new_noise_mean": 1.0,
        "mix_samples": 32768,
        "stage2_samples": 32768,
        "gmm_tol": 0.001,
        "intv_type": "do",
        "new_noise_var": null,
        "dtype": "simulation",
        "cutoff_drop_ratio": 0.07,
        "intv_targets": [
            2,
            0,
            1,
            3
        ]
    },
    "intv_args_dict": {
        "2": {
            "intv_type": "do",
            "inode": 2,
            "new_mui": 1.0,
            "new_vari": null,
            "noise_type": "gaussian",
            "obs_noise_gamma_shape": 2.0,
            "true_params": {
                "Si": [
                    [
                        1.0,
                        0.5399527196783416,
                        0.0,
                        -0.45234125227771455,
                        -1.1681160666709087,
                        -2.46343584864059,
                        3.9351843167543663,
                        2.180357115321689
                    ],
                    [
                        0.5399527196783416,
                        1.2915489394880377,
                        0.0,
                        0.5588771098494161,
                        -0.04910372658851403,
                        -0.9307394396747067,
                        2.21928990331351,
                        1.7480044868476372
                    ],
                    [
                        0.0,
                        0.0,
                        1e-09,
                        5.79855667153261e-10,
                        -4.836222910590163e-10,
                        6.012945986960232e-10,
                        5.6832141875684365e-11,
                        -9.545256145468661e-10
                    ],
                    [
                        -0.45234125227771455,
                        0.5588771098494161,
                        5.79855667153261e-10,
                        1.8496143420268178,
                        1.7197059769453622,
                        2.77714864662185,
                        -3.2542588932434344,
                        -1.6159086691266729
                    ],
                    [
                        -1.1681160666709087,
                        -0.04910372658851403,
                        -4.836222910590163e-10,
                        1.7197059769453622,
                        3.2272545430650452,
                        4.97955373242853,
                        -7.18062073742714,
                        -3.21499103317643
                    ],
                    [
                        -2.46343584864059,
                        -0.9307394396747067,
                        6.012945986960232e-10,
                        2.77714864662185,
                        4.97955373242853,
                        9.835124859578347,
                        -13.751140358470492,
                        -6.791303404161185
                    ],
                    [
                        3.9351843167543663,
                        2.21928990331351,
                        5.6832141875684365e-11,
                        -3.2542588932434344,
                        -7.18062073742714,
                        -13.751140358470492,
                        21.62313139871866,
                        11.608590444082383
                    ],
                    [
                        2.180357115321689,
                        1.7480044868476372,
                        -9.545256145468661e-10,
                        -1.6159086691266729,
                        -3.21499103317643,
                        -6.791303404161185,
                        11.608590444082383,
                        8.245658007803266
                    ]
                ],
                "mui": [
                    0.0,
                    0.0,
                    1.0,
                    0.579855667153261,
                    -0.4836222910590163,
                    0.6012945986960232,
                    0.05683214187568436,
                    -0.9545256145468661
                ],
                "Ai": [
                    [
                        0.0,
                        0.0,
                        0.0,
                        0.0,
                        0.0,
                        0.0,
                        0.0,
                        0.0
                    ],
                    [
                        0.5399527196783416,
                        0.0,
                        0.0,
                        0.0,
                        0.0,
                        0.0,
                        0.0,
                        0.0
                    ],
                    [
                        0.0,
                        0.0,
                        0.0,
                        0.0,
                        0.0,
                        0.0,
                        0.0,
                        0.0
                    ],
                    [
                        -0.8859880800951366,
                        0.8031199992394749,
                        0.579855667153261,
                        0.0,
                        0.0,
                        0.0,
                        0.0,
                        0.0
                    ],
                    [
                        -0.8405281565961489,
                        -0.0,
                        -0.9035568099454796,
                        0.7242052508481751,
                        0.0,
                        0.0,
                        0.0,
                        0.0
                    ],
                    [
                        -0.7354587474665232,
                        -0.6784432537691529,
                        0.6342480166241586,
                        0.6919206269424885,
                        0.8977409079516423,
                        0.0,
                        0.0,
                        0.0
                    ],
                    [
                        0.7559070257895248,
                        0.8961657443242375,
                        -0.0,
                        0.0,
                        -0.9297540946456451,
                        -0.6532865326750222,
                        0.0,
                        0.0
                    ],
                    [
                        0.0,
                        0.5785966030844683,
                        -0.5168602063372633,
                        -0.936122310813801,
                        0.6857906906497435,
                        0.6349525896738677,
                        0.9681233092492655,
                        0.0
                    ]
                ]
            },
            "est_params": {
                "mui": [
                    -0.038539601365498694,
                    -0.038934075507745476,
                    0.9999996137471707,
                    0.5877237331669201,
                    -0.4407545841356486,
                    0.7029797697917582,
                    -0.11332071119808022,
                    -1.048386934152356
                ],
                "Si": [
                    [
                        0.996309283181983,
                        0.5458474473132041,
                        -5.982334092634194e-07,
                        -0.42079103472132173,
                        -1.1588162914614277,
                        -2.455219480719291,
                        3.917924822431769,
                        2.162156925822289
                    ],
                    [
                        0.5458474473132041,
                        1.304560052704063,
                        -5.420776188410102e-07,
                        0.5876108997468258,
                        -0.06544316935413046,
                        -0.9472089486334524,
                        2.2413577715533086,
                        1.7369900628493966
                    ],
                    [
                        -5.982334092634196e-07,
                        -5.4207761884101e-07,
                        1.0091988327975364e-06,
                        -7.26984760358128e-07,
                        -1.575905864004869e-08,
                        -7.422777639645553e-07,
                        6.080558460076879e-07,
                        -2.6942497981002517e-07
                    ],
                    [
                        -0.42079103472132173,
                        0.5876108997468258,
                        -7.269847603581283e-07,
                        1.8690157098056388,
                        1.7048824455252796,
                        2.757972466336001,
                        -3.1807366683810927,
                        -1.5952675482504062
                    ],
                    [
                        -1.1588162914614277,
                        -0.06544316935413046,
                        -1.5759058640048556e-08,
                        1.7048824455252796,
                        3.196969670944214,
                        4.977706095094752,
                        -7.1736913571611,
                        -3.250462058807927
                    ],
                    [
                        -2.4552194807192915,
                        -0.9472089486334524,
                        -7.422777639645553e-07,
                        2.7579724663360006,
                        4.977706095094752,
                        9.872370905561946,
                        -13.759515518143068,
                        -6.832765637499137
                    ],
                    [
                        3.917924822431769,
                        2.2413577715533086,
                        6.080558460076875e-07,
                        -3.1807366683810927,
                        -7.1736913571611,
                        -13.759515518143068,
                        21.59925361068209,
                        11.611067380587112
                    ],
                    [
                        2.162156925822289,
                        1.7369900628493966,
                        -2.6942497981002544e-07,
                        -1.5952675482504062,
                        -3.250462058807927,
                        -6.832765637499137,
                        11.611067380587112,
                        8.212387317304406
                    ]
                ]
            },
            "est_tgt": [
                2
            ],
            "oracle_est_tgt": [
                2
            ]
        },
        "0": {
            "intv_type": "do",
            "inode": 0,
            "new_mui": 1.0,
            "new_vari": null,
            "noise_type": "gaussian",
            "obs_noise_gamma_shape": 2.0,
            "true_params": {
                "Si": [
                    [
                        1e-09,
                        5.399527196783416e-10,
                        0.0,
                        -4.5234125227771455e-10,
                        -1.1681160666709088e-09,
                        -2.46343584864059e-09,
                        3.9351843167543665e-09,
                        2.180357115321689e-09
                    ],
                    [
                        5.399527196783416e-10,
                        1.000000000291549,
                        0.0,
                        0.803119998995232,
                        0.5816237198796826,
                        0.3993994452217643,
                        0.09447643117124714,
                        0.5707147337369575
                    ],
                    [
                        0.0,
                        0.0,
                        1.0,
                        0.579855667153261,
                        -0.4836222910590163,
                        0.6012945986960232,
                        0.05683214187568436,
                        -0.9545256145468661
                    ],
                    [
                        -4.5234125227771455e-10,
                        0.803119998995232,
                        0.579855667153261,
                        1.9812343281127802,
                        0.9108877671183289,
                        2.0114990713901357,
                        -1.4412582537290688,
                        -1.183130288640163
                    ],
                    [
                        -1.1681160666709088e-09,
                        0.5816237198796826,
                        -0.4836222910590163,
                        0.9108877671183289,
                        2.096649919390107,
                        1.811175270163968,
                        -2.6113540069439583,
                        -0.2064509941157989
                    ],
                    [
                        -2.46343584864059e-09,
                        0.3993994452217643,
                        0.6012945986960232,
                        2.0114990713901357,
                        1.811175270163968,
                        4.128163879338737,
                        -4.022893391355632,
                        -1.9940846245804043
                    ],
                    [
                        3.9351843167543665e-09,
                        0.09447643117124714,
                        0.05683214187568436,
                        -1.4412582537290688,
                        -2.6113540069439583,
                        -4.022893391355632,
                        6.140685699721751,
                        2.974235592429136
                    ],
                    [
                        2.180357115321689e-09,
                        0.5707147337369575,
                        -0.9545256145468661,
                        -1.183130288640163,
                        -0.2064509941157989,
                        -1.9940846245804043,
                        2.974235592429136,
                        4.40282001013826
                    ]
                ],
                "mui": [
                    1.0,
                    0.5399527196783416,
                    0.0,
                    -0.45234125227771455,
                    -1.1681160666709087,
                    -2.46343584864059,
                    3.9351843167543663,
                    2.180357115321689
                ],
                "Ai": [
                    [
                        0.0,
                        0.0,
                        0.0,
                        0.0,
                        0.0,
                        0.0,
                        0.0,
                        0.0
                    ],
                    [
                        0.5399527196783416,
                        0.0,
                        0.0,
                        0.0,
                        0.0,
                        0.0,
                        0.0,
                        0.0
                    ],
                    [
                        0.0,
                        0.0,
                        0.0,
                        0.0,
                        0.0,
                        0.0,
                        0.0,
                        0.0
                    ],
                    [
                        -0.8859880800951366,
                        0.8031199992394749,
                        0.579855667153261,
                        0.0,
                        0.0,
                        0.0,
                        0.0,
                        0.0
                    ],
                    [
                        -0.8405281565961489,
                        -0.0,
                        -0.9035568099454796,
                        0.7242052508481751,
                        0.0,
                        0.0,
                        0.0,
                        0.0
                    ],
                    [
                        -0.7354587474665232,
                        -0.6784432537691529,
                        0.6342480166241586,
                        0.6919206269424885,
                        0.8977409079516423,
                        0.0,
                        0.0,
                        0.0
                    ],
                    [
                        0.7559070257895248,
                        0.8961657443242375,
                        -0.0,
                        0.0,
                        -0.9297540946456451,
                        -0.6532865326750222,
                        0.0,
                        0.0
                    ],
                    [
                        0.0,
                        0.5785966030844683,
                        -0.5168602063372633,
                        -0.936122310813801,
                        0.6857906906497435,
                        0.6349525896738677,
                        0.9681233092492655,
                        0.0
                    ]
                ]
            },
            "est_params": {
                "mui": [
                    0.9999985687727807,
                    0.5401259524352551,
                    -0.0011410516148289836,
                    -0.4535606885357114,
                    -1.1106089681406504,
                    -2.42231981255037,
                    3.843867160273885,
                    2.1702282784684543
                ],
                "Si": [
                    [
                        1.0149042533260174e-06,
                        1.672624392832673e-06,
                        -4.036982410932275e-07,
                        2.3026712927545772e-06,
                        3.6059542277928704e-07,
                        1.8076743894538913e-06,
                        4.347695802077588e-07,
                        1.4698314375320922e-06
                    ],
                    [
                        1.672624392832673e-06,
                        1.0008047565533724,
                        -0.014523638855391674,
                        0.8078715028198907,
                        0.6101058454842948,
                        0.4273142847801822,
                        0.04065353853129072,
                        0.5344609781368933
                    ],
                    [
                        -4.036982410932274e-07,
                        -0.014523638855391674,
                        1.0055115024734569,
                        0.5470337551961874,
                        -0.5016864885558026,
                        0.5844668569251701,
                        0.0643577516407878,
                        -0.941267464195128
                    ],
                    [
                        2.3026712927545785e-06,
                        0.8078715028198907,
                        0.5470337551961874,
                        1.9866124842820954,
                        0.9714198352907631,
                        2.0736851887034087,
                        -1.5548939845129193,
                        -1.2111611523114194
                    ],
                    [
                        3.605954227792873e-07,
                        0.6101058454842948,
                        -0.5016864885558026,
                        0.9714198352907634,
                        2.1721996044546614,
                        1.9204289211279384,
                        -2.746376112904047,
                        -0.2572750364285452
                    ],
                    [
                        1.8076743894538909e-06,
                        0.4273142847801822,
                        0.5844668569251701,
                        2.0736851887034087,
                        1.9204289211279384,
                        4.3288738351725975,
                        -4.27356838423061,
                        -2.069992708645386
                    ],
                    [
                        4.347695802077587e-07,
                        0.04065353853129072,
                        0.06435775164078782,
                        -1.5548939845129193,
                        -2.746376112904047,
                        -4.27356838423061,
                        6.452373695429234,
                        3.0667158235056897
                    ],
                    [
                        1.4698314375320918e-06,
                        0.5344609781368933,
                        -0.9412674641951277,
                        -1.2111611523114194,
                        -0.2572750364285452,
                        -2.069992708645386,
                        3.0667158235056897,
                        4.363307591417101
                    ]
                ]
            },
            "est_tgt": [
                0,
                1,
                4,
                5,
                6
            ],
            "oracle_est_tgt": [
                0,
                1,
                4,
                5,
                6
            ]
        },
        "1": {
            "intv_type": "do",
            "inode": 1,
            "new_mui": 1.0,
            "new_vari": null,
            "noise_type": "gaussian",
            "obs_noise_gamma_shape": 2.0,
            "true_params": {
                "Si": [
                    [
                        1.0,
                        0.0,
                        0.0,
                        -0.8859880800951366,
                        -1.4821653763899403,
                        -2.6790926660443146,
                        3.8841715119452473,
                        1.8721981433156
                    ],
                    [
                        0.0,
                        1e-09,
                        0.0,
                        8.031199992394749e-10,
                        5.816237205104102e-10,
                        3.993994465519032e-10,
                        9.447642904643367e-11,
                        5.707147325596678e-10
                    ],
                    [
                        0.0,
                        0.0,
                        1.0,
                        0.579855667153261,
                        -0.4836222910590163,
                        0.6012945986960232,
                        0.05683214187568436,
                        -0.9545256145468661
                    ],
                    [
                        -0.8859880800951366,
                        8.031199992394749e-10,
                        0.579855667153261,
                        2.1212074734454216,
                        1.7569549812942833,
                        4.06437755497114,
                        -4.958463822125661,
                        -3.30022794132869
                    ],
                    [
                        -1.4821653763899403,
                        5.816237205104102e-10,
                        -0.4836222910590163,
                        1.7569549812942833,
                        3.95517796907266,
                        5.549733465196473,
                        -8.423288265420192,
                        -3.313299483102319
                    ],
                    [
                        -2.6790926660443146,
                        3.993994465519032e-10,
                        0.6012945986960232,
                        4.06437755497114,
                        5.549733465196473,
                        11.146181468776208,
                        -14.466682626407941,
                        -7.237820082443246
                    ],
                    [
                        3.8841715119452473,
                        9.447642904643367e-11,
                        0.05683214187568436,
                        -4.958463822125661,
                        -8.423288265420192,
                        -14.466682626407941,
                        21.218548222806668,
                        10.192255186949758
                    ],
                    [
                        1.8721981433156,
                        5.707147325596678e-10,
                        -0.9545256145468661,
                        -3.30022794132869,
                        -3.313299483102319,
                        -7.237820082443246,
                        10.192255186949758,
                        7.582230587583745
                    ]
                ],
                "mui": [
                    0.0,
                    1.0,
                    0.0,
                    0.8031199992394749,
                    0.5816237205104101,
                    0.3993994465519032,
                    0.09447642904643366,
                    0.5707147325596678
                ],
                "Ai": [
                    [
                        0.0,
                        0.0,
                        0.0,
                        0.0,
                        0.0,
                        0.0,
                        0.0,
                        0.0
                    ],
                    [
                        0.0,
                        0.0,
                        0.0,
                        0.0,
                        0.0,
                        0.0,
                        0.0,
                        0.0
                    ],
                    [
                        0.0,
                        0.0,
                        0.0,
                        0.0,
                        0.0,
                        0.0,
                        0.0,
                        0.0
                    ],
                    [
                        -0.8859880800951366,
                        0.8031199992394749,
                        0.579855667153261,
                        0.0,
                        0.0,
                        0.0,
                        0.0,
                        0.0
                    ],
                    [
                        -0.8405281565961489,
                        -0.0,
                        -0.9035568099454796,
                        0.7242052508481751,
                        0.0,
                        0.0,
                        0.0,
                        0.0
                    ],
                    [
                        -0.7354587474665232,
                        -0.6784432537691529,
                        0.6342480166241586,
                        0.6919206269424885,
                        0.8977409079516423,
                        0.0,
                        0.0,
                        0.0
                    ],
                    [
                        0.7559070257895248,
                        0.8961657443242375,
                        -0.0,
                        0.0,
                        -0.9297540946456451,
                        -0.6532865326750222,
                        0.0,
                        0.0
                    ],
                    [
                        0.0,
                        0.5785966030844683,
                        -0.5168602063372633,
                        -0.936122310813801,
                        0.6857906906497435,
                        0.6349525896738677,
                        0.9681233092492655,
                        0.0
                    ]
                ]
            },
            "est_params": {
                "mui": [
                    -0.021716655573674675,
                    1.0000001914589036,
                    0.004370002502615915,
                    0.8121733402374777,
                    0.6027617550422525,
                    0.458947812327487,
                    0.015523034726464692,
                    0.5109544961387225
                ],
                "Si": [
                    [
                        1.0026127470592279,
                        -4.3303642262800464e-07,
                        0.0027963350939852524,
                        -0.9051127957494112,
                        -1.5114325888695916,
                        -2.7358004407481404,
                        3.9435666811309193,
                        1.8842621155764483
                    ],
                    [
                        -4.330364226280049e-07,
                        1.010361886919943e-06,
                        1.254893329089049e-06,
                        -8.716974194485769e-07,
                        -8.55751045821176e-07,
                        4.5119024100776023e-07,
                        1.0973045749738428e-07,
                        3.6786959720204424e-07
                    ],
                    [
                        0.0027963350939852524,
                        1.254893329089049e-06,
                        1.0066192682708772,
                        0.5837917844048505,
                        -0.4761145071150432,
                        0.6222732370758906,
                        0.031210387418526286,
                        -0.9791361264464115
                    ],
                    [
                        -0.9051127957494112,
                        -8.71697419448577e-07,
                        0.5837917844048505,
                        2.1527195902727754,
                        1.8284410799528827,
                        4.1766372297747605,
                        -5.114206870553154,
                        -3.3592436747151053
                    ],
                    [
                        -1.5114325888695919,
                        -8.557510458211763e-07,
                        -0.47611450711504316,
                        1.828441079952883,
                        4.033981033876207,
                        5.713703985051117,
                        -8.604960483415434,
                        -3.3992409184560355
                    ],
                    [
                        -2.7358004407481404,
                        4.511902410077603e-07,
                        0.6222732370758907,
                        4.1766372297747605,
                        5.713703985051117,
                        11.44087321711526,
                        -14.846586474145687,
                        -7.43087478969494
                    ],
                    [
                        3.9435666811309193,
                        1.0973045749738425e-07,
                        0.03121038741852628,
                        -5.114206870553154,
                        -8.604960483415436,
                        -14.846586474145687,
                        21.658585472729513,
                        10.401538526136209
                    ],
                    [
                        1.884262115576448,
                        3.678695972020449e-07,
                        -0.9791361264464115,
                        -3.3592436747151053,
                        -3.3992409184560355,
                        -7.43087478969494,
                        10.401538526136209,
                        7.6872038277524055
                    ]
                ]
            },
            "est_tgt": [
                0,
                1,
                6
            ],
            "oracle_est_tgt": [
                0,
                1,
                6
            ]
        },
        "3": {
            "intv_type": "do",
            "inode": 3,
            "new_mui": 1.0,
            "new_vari": null,
            "noise_type": "gaussian",
            "obs_noise_gamma_shape": 2.0,
            "true_params": {
                "Si": [
                    [
                        1.0,
                        0.5399527196783416,
                        0.0,
                        0.0,
                        -0.8405281565961489,
                        -1.8563625379481472,
                        3.234015297784137,
                        1.6882118158192778
                    ],
                    [
                        0.5399527196783416,
                        1.2915489394880377,
                        0.0,
                        0.0,
                        -0.45384546412031357,
                        -1.6807912548432435,
                        3.0855989407157542,
                        2.3560603323556597
                    ],
                    [
                        0.0,
                        0.0,
                        1.0,
                        0.0,
                        -0.9035568099454796,
                        -0.17691189432218568,
                        0.9556598018224771,
                        -0.3236451906581602
                    ],
                    [
                        0.0,
                        0.0,
                        0.0,
                        1e-09,
                        7.242052508481751e-10,
                        1.342069306382276e-09,
                        -1.5500886011160165e-09,
                        -1.0879956161952255e-09
                    ],
                    [
                        -0.8405281565961489,
                        -0.45384546412031357,
                        -0.9035568099454796,
                        7.242052508481751e-10,
                        2.522902491354245,
                        2.6179158377944463,
                        -5.098009979342575,
                        -1.3386476943607024
                    ],
                    [
                        -1.8563625379481472,
                        -1.6807912548432435,
                        -0.17691189432218568,
                        1.342069306382276e-09,
                        2.6179158377944463,
                        5.7436036788458145,
                        -9.095741932837498,
                        -4.24460283328833
                    ],
                    [
                        3.234015297784137,
                        3.0855989407157542,
                        0.9556598018224771,
                        -1.5500886011160165e-09,
                        -5.098009979342575,
                        -9.095741932837498,
                        16.891844318746777,
                        8.373230085927593
                    ],
                    [
                        1.6882118158192778,
                        2.3560603323556597,
                        -0.3236451906581602,
                        -1.0879956161952255e-09,
                        -1.3386476943607024,
                        -4.24460283328833,
                        8.373230085927593,
                        7.023653357913143
                    ]
                ],
                "mui": [
                    0.0,
                    0.0,
                    0.0,
                    1.0,
                    0.7242052508481751,
                    1.342069306382276,
                    -1.5500886011160164,
                    -1.0879956161952253
                ],
                "Ai": [
                    [
                        0.0,
                        0.0,
                        0.0,
                        0.0,
                        0.0,
                        0.0,
                        0.0,
                        0.0
                    ],
                    [
                        0.5399527196783416,
                        0.0,
                        0.0,
                        0.0,
                        0.0,
                        0.0,
                        0.0,
                        0.0
                    ],
                    [
                        0.0,
                        0.0,
                        0.0,
                        0.0,
                        0.0,
                        0.0,
                        0.0,
                        0.0
                    ],
                    [
                        0.0,
                        0.0,
                        0.0,
                        0.0,
                        0.0,
                        0.0,
                        0.0,
                        0.0
                    ],
                    [
                        -0.8405281565961489,
                        -0.0,
                        -0.9035568099454796,
                        0.7242052508481751,
                        0.0,
                        0.0,
                        0.0,
                        0.0
                    ],
                    [
                        -0.7354587474665232,
                        -0.6784432537691529,
                        0.6342480166241586,
                        0.6919206269424885,
                        0.8977409079516423,
                        0.0,
                        0.0,
                        0.0
                    ],
                    [
                        0.7559070257895248,
                        0.8961657443242375,
                        -0.0,
                        0.0,
                        -0.9297540946456451,
                        -0.6532865326750222,
                        0.0,
                        0.0
                    ],
                    [
                        0.0,
                        0.5785966030844683,
                        -0.5168602063372633,
                        -0.936122310813801,
                        0.6857906906497435,
                        0.6349525896738677,
                        0.9681233092492655,
                        0.0
                    ]
                ]
            },
            "est_params": {
                "mui": [
                    0.015399338577307008,
                    -0.02375428103583081,
                    -0.0020013719802739176,
                    1.0000013455142842,
                    0.7117358036387809,
                    1.3575265281478448,
                    -1.5615384017341454,
                    -1.107516647903829
                ],
                "Si": [
                    [
                        1.0175483594990027,
                        0.5543274094317713,
                        -0.022924302961711183,
                        3.677557712819652e-07,
                        -0.8284324721308911,
                        -1.9089879810021444,
                        3.291807164409064,
                        1.7469972337990551
                    ],
                    [
                        0.5543274094317712,
                        1.299428394787612,
                        -0.025330775665558625,
                        5.887599184642427e-07,
                        -0.44825705298207896,
                        -1.7265238085631753,
                        3.129196147237985,
                        2.398582018005502
                    ],
                    [
                        -0.02292430296171117,
                        -0.025330775665558622,
                        1.0091058967051014,
                        1.0000285695412385e-06,
                        -0.9158351711675935,
                        -0.1556804119072228,
                        0.8924084776532777,
                        -0.36980412970599447
                    ],
                    [
                        3.6775577128196484e-07,
                        5.887599184642429e-07,
                        1.0000285695412385e-06,
                        1.008400179237281e-06,
                        -2.9943817568440077e-06,
                        -4.426735324272628e-06,
                        8.846309682207781e-06,
                        4.906438438609347e-06
                    ],
                    [
                        -0.8284324721308911,
                        -0.44825705298207896,
                        -0.9158351711675935,
                        -2.9943817568440077e-06,
                        2.5473934201656503,
                        2.675648512935412,
                        -5.1300521263918455,
