{
    "expt_args": {
        "save_dir": "all_expt_logs/expt_logs_sim_compsel_n48",
        "exp_name": "218",
        "num_nodes": 8,
        "num_tgt_prior": 9,
        "obs_noise_mean": 0.0,
        "obs_noise_var": 1.0,
        "obs_noise_gamma_shape": 2.0,
        "noise_type": "gaussian",
        "max_edge_strength": 1.0,
        "graph_sparsity_method": "adj_dense_prop",
        "adj_dense_prop": 0.8,
        "num_parents": null,
        "new_noise_mean": 1.0,
        "mix_samples": 524288,
        "stage2_samples": 524288,
        "gmm_tol": 0.001,
        "intv_type": "do",
        "new_noise_var": null,
        "dtype": "simulation",
        "cutoff_drop_ratio": 0.07,
        "intv_targets": [
            4,
            0,
            3,
            7
        ]
    },
    "intv_args_dict": {
        "4": {
            "intv_type": "do",
            "inode": 4,
            "new_mui": 1.0,
            "new_vari": null,
            "noise_type": "gaussian",
            "obs_noise_gamma_shape": 2.0,
            "true_params": {
                "Si": [
                    [
                        1.0,
                        0.0,
                        0.7681463022136139,
                        -0.25258852502202295,
                        0.0,
                        -1.511091139143151,
                        1.2365246119769107,
                        -1.402569685151732
                    ],
                    [
                        0.0,
                        1.0,
                        0.0,
                        -0.9215240726742231,
                        0.0,
                        -1.3323365564075014,
                        0.8277864380187951,
                        -0.6312253873905336
                    ],
                    [
                        0.7681463022136139,
                        0.0,
                        1.5900487416044486,
                        0.39458795962471105,
                        0.0,
                        -1.5436507863178626,
                        1.5110659381083988,
                        -0.6960401083114103
                    ],
                    [
                        -0.25258852502202295,
                        -0.9215240726742231,
                        0.39458795962471105,
                        2.259472726834564,
                        0.0,
                        1.8871117087774145,
                        -0.3730778665812837,
                        1.236890056688009
                    ],
                    [
                        0.0,
                        0.0,
                        0.0,
                        0.0,
                        1e-09,
                        7.159050039115925e-10,
                        -3.6103890856958333e-10,
                        6.031750019850492e-10
                    ],
                    [
                        -1.511091139143151,
                        -1.3323365564075014,
                        -1.5436507863178626,
                        1.8871117087774145,
                        7.159050039115925e-10,
                        5.4581817106586525,
                        -3.5036132406257803,
                        3.6953966499378366
                    ],
                    [
                        1.2365246119769107,
                        0.8277864380187951,
                        1.5110659381083988,
                        -0.3730778665812837,
                        -3.6103890856958333e-10,
                        -3.5036132406257803,
                        3.921719885882015,
                        -2.994688402167152
                    ],
                    [
                        -1.402569685151732,
                        -0.6312253873905336,
                        -0.6960401083114103,
                        1.236890056688009,
                        6.031750019850492e-10,
                        3.6953966499378366,
                        -2.994688402167152,
                        4.53525014477751
                    ]
                ],
                "mui": [
                    0.0,
                    0.0,
                    0.0,
                    0.0,
                    1.0,
                    0.7159050039115924,
                    -0.3610389085695833,
                    0.6031750019850491
                ],
                "Ai": [
                    [
                        0.0,
                        0.0,
                        0.0,
                        0.0,
                        0.0,
                        0.0,
                        0.0,
                        0.0
                    ],
                    [
                        0.0,
                        0.0,
                        0.0,
                        0.0,
                        0.0,
                        0.0,
                        0.0,
                        0.0
                    ],
                    [
                        0.7681463022136139,
                        -0.0,
                        0.0,
                        0.0,
                        0.0,
                        0.0,
                        0.0,
                        0.0
                    ],
                    [
                        -0.7047293484387279,
                        -0.9215240726742231,
                        0.5886129011019688,
                        0.0,
                        0.0,
                        0.0,
                        0.0,
                        0.0
                    ],
                    [
                        0.0,
                        0.0,
                        0.0,
                        0.0,
                        0.0,
                        0.0,
                        0.0,
                        0.0
                    ],
                    [
                        -0.8624561028033784,
                        -0.8687786226255316,
                        -0.6790040133598901,
                        0.5030339928470287,
                        0.7159050039115924,
                        0.0,
                        0.0,
                        0.0
                    ],
                    [
                        0.632437139653139,
                        0.7322093731295205,
                        -0.0,
                        0.6254152160649262,
                        0.0,
                        -0.5043111957549165,
                        0.0,
                        0.0
                    ],
                    [
                        -0.5636987899332216,
                        0.5778876040110011,
                        0.9084138709000398,
                        0.0,
                        -0.0,
                        0.5624394964724773,
                        -0.5554020558541533,
                        0.0
                    ]
                ]
            },
            "oracle_est_tgt": [
                4,
                5
            ]
        },
        "0": {
            "intv_type": "do",
            "inode": 0,
            "new_mui": 1.0,
            "new_vari": null,
            "noise_type": "gaussian",
            "obs_noise_gamma_shape": 2.0,
            "true_params": {
                "Si": [
                    [
                        1e-09,
                        0.0,
                        7.681463022136139e-10,
                        -2.5258852502202296e-10,
                        1.1918852985775236e-09,
                        -6.578144898028396e-10,
                        8.062076446383497e-10,
                        -6.836542678162835e-10
                    ],
                    [
                        0.0,
                        1.0,
                        0.0,
                        -0.9215240726742231,
                        -0.0545327947380325,
                        -1.3713768570377427,
                        0.8474748987122637,
                        -0.6641182059648969
                    ],
                    [
                        7.681463022136139e-10,
                        0.0,
                        1.0000000005900487,
                        0.5886129009079439,
                        0.1856810500366079,
                        -0.24998172378526629,
                        0.49419604712477183,
                        0.4933367755818438
                    ],
                    [
                        -2.5258852502202296e-10,
                        -0.9215240726742231,
                        0.5886129009079439,
                        2.1956717639255636,
                        -0.4501394819824417,
                        1.1831703195396799,
                        0.10177192827807968,
                        0.6111041660908949
                    ],
                    [
                        1.1918852985775236e-09,
                        -0.0545327947380325,
                        0.1856810500366079,
                        -0.4501394819824417,
                        1.4091695485363895,
                        0.7036948172900648,
                        -0.6763346788338358,
                        0.9085848444301763
                    ],
                    [
                        -6.578144898028396e-10,
                        -1.3713768570377427,
                        -0.24998172378526629,
                        1.1831703195396799,
                        0.7036948172900648,
                        3.4601150222226873,
                        -2.00913701250212,
                        2.0423956269752246
                    ],
                    [
                        8.062076446383497e-10,
                        0.8474748987122637,
                        0.49419604712477183,
                        0.10177192827807968,
                        -0.6763346788338358,
                        -2.00913701250212,
                        2.69740906656277,
                        -1.6894847683305547
                    ],
                    [
                        -6.836542678162835e-10,
                        -0.6641182059648969,
                        0.4933367755818438,
                        0.6111041660908949,
                        0.9085848444301763,
                        2.0423956269752246,
                        -1.6894847683305547,
                        3.151435573222486
                    ]
                ],
                "mui": [
                    1.0,
                    0.0,
                    0.7681463022136139,
                    -0.25258852502202295,
                    1.1918852985775235,
                    -0.6578144898028395,
                    0.8062076446383497,
                    -0.6836542678162835
                ],
                "Ai": [
                    [
                        0.0,
                        0.0,
                        0.0,
                        0.0,
                        0.0,
                        0.0,
                        0.0,
                        0.0
                    ],
                    [
                        0.0,
                        0.0,
                        0.0,
                        0.0,
                        0.0,
                        0.0,
                        0.0,
                        0.0
                    ],
                    [
                        0.7681463022136139,
                        -0.0,
                        0.0,
                        0.0,
                        0.0,
                        0.0,
                        0.0,
                        0.0
                    ],
                    [
                        -0.7047293484387279,
                        -0.9215240726742231,
                        0.5886129011019688,
                        0.0,
                        0.0,
                        0.0,
                        0.0,
                        0.0
                    ],
                    [
                        0.6195907468706768,
                        -0.6163740657965131,
                        0.5445506981328949,
                        -0.6096870257854919,
                        0.0,
                        0.0,
                        0.0,
                        0.0
                    ],
                    [
                        -0.8624561028033784,
                        -0.8687786226255316,
                        -0.6790040133598901,
                        0.5030339928470287,
                        0.7159050039115924,
                        0.0,
                        0.0,
                        0.0
                    ],
                    [
                        0.632437139653139,
                        0.7322093731295205,
                        -0.0,
                        0.6254152160649262,
                        0.0,
                        -0.5043111957549165,
                        0.0,
                        0.0
                    ],
                    [
                        -0.5636987899332216,
                        0.5778876040110011,
                        0.9084138709000398,
                        0.0,
                        -0.0,
                        0.5624394964724773,
                        -0.5554020558541533,
                        0.0
                    ]
                ]
            },
            "est_params": {
                "mui": [
                    0.9999996713129025,
                    0.00493491400256979,
                    0.7699311542302987,
                    -0.25837119249714124,
                    1.1919103933212323,
                    -0.670246141432325,
                    0.8119566376912669,
                    -0.6863559692094533
                ],
                "Si": [
                    [
                        1.0235367112284783e-06,
                        3.932883659597829e-07,
                        -4.945054632176834e-07,
                        -1.2668464453003574e-06,
                        5.721915191497756e-07,
                        4.662780754995583e-08,
                        -3.637838026149121e-07,
                        1.1540839738526553e-07
                    ],
                    [
                        3.93288365959783e-07,
                        1.0079414414676484,
                        -0.009356358252724652,
                        -0.9291947638297557,
                        -0.061087755853314184,
                        -1.3779945303347128,
                        0.8534855250458455,
                        -0.6730427525082705
                    ],
                    [
                        -4.945054632176834e-07,
                        -0.009356358252724652,
                        0.9989084606362698,
                        0.5980897176081313,
                        0.18513279716894102,
                        -0.2373717117348077,
                        0.4833925063963345,
                        0.49788453997318616
                    ],
                    [
                        -1.2668464453003572e-06,
                        -0.9291947638297557,
                        0.5980897176081313,
                        2.210914917383531,
                        -0.44376518129003756,
                        1.1944681434875588,
                        0.10103448954779373,
                        0.6186400450019153
                    ],
                    [
                        5.721915191497756e-07,
                        -0.061087755853314184,
                        0.18513279716894102,
                        -0.44376518129003745,
                        1.4106372445015398,
                        0.711938660559722,
                        -0.6855903864356867,
                        0.9126246925661488
                    ],
                    [
                        4.662780754995556e-08,
                        -1.3779945303347128,
                        -0.2373717117348077,
                        1.1944681434875588,
                        0.711938660559722,
                        3.4612233228205938,
                        -2.013601324504316,
                        2.04435130381876
                    ],
                    [
                        -3.6378380261491185e-07,
                        0.8534855250458455,
                        0.4833925063963345,
                        0.10103448954779375,
                        -0.6855903864356865,
                        -2.013601324504316,
                        2.7031358024485477,
                        -1.6934830647749828
                    ],
                    [
                        1.1540839738526559e-07,
                        -0.6730427525082705,
                        0.49788453997318616,
                        0.6186400450019153,
                        0.9126246925661488,
                        2.04435130381876,
                        -1.6934830647749826,
                        3.1431157526192006
                    ]
                ]
            },
            "est_tgt": [
                0
            ],
            "oracle_est_tgt": [
                0
            ]
        },
        "3": {
            "intv_type": "do",
            "inode": 3,
            "new_mui": 1.0,
            "new_vari": null,
            "noise_type": "gaussian",
            "obs_noise_gamma_shape": 2.0,
            "true_params": {
                "Si": [
                    [
                        1.0,
                        0.0,
                        0.7681463022136139,
                        0.0,
                        1.0378853520093019,
                        -0.6410032078639776,
                        0.9557022338937587,
                        -0.7572285410790595
                    ],
                    [
                        0.0,
                        1.0,
                        0.0,
                        0.0,
                        -0.6163740657965131,
                        -1.3100439006105884,
                        1.3928791791378812,
                        -0.9325407874548828
                    ],
                    [
                        0.7681463022136139,
                        0.0,
                        1.5900487416044486,
                        0.0,
                        1.3417984934005152,
                        -0.7815416875107786,
                        0.8799444731679895,
                        0.08312630860032777
                    ],
                    [
                        0.0,
                        0.0,
                        0.0,
                        1e-09,
                        -6.09687025785492e-10,
                        6.655600026721892e-11,
                        5.918502799855005e-10,
                        -2.912811389842866e-10
                    ],
                    [
                        1.0378853520093019,
                        -0.6163740657965131,
                        1.3417984934005152,
                        -6.09687025785492e-10,
                        2.7536584561107382,
                        0.7006333614013889,
                        -0.148254873672933,
                        0.7540636509098391
                    ],
                    [
                        -0.6410032078639776,
                        -1.3100439006105884,
                        -0.7815416875107786,
                        6.655600026721892e-11,
                        0.7006333614013889,
                        3.7232321358862888,
                        -3.242288309008532,
                        2.789177692374998
                    ],
                    [
                        0.9557022338937587,
                        1.3928791791378812,
                        0.8799444731679895,
                        5.918502799855005e-10,
                        -0.148254873672933,
                        -3.242288309008532,
                        4.259423072234024,
                        -3.123730151234707
                    ],
                    [
                        -0.7572285410790595,
                        -0.9325407874548828,
                        0.08312630860032777,
                        -2.912811389842866e-10,
                        0.7540636509098391,
                        2.789177692374998,
                        -3.123730151234707,
                        4.267127987574606
                    ]
                ],
                "mui": [
                    0.0,
                    0.0,
                    0.0,
                    1.0,
                    -0.6096870257854919,
                    0.06655600026721892,
                    0.5918502799855005,
                    -0.2912811389842866
                ],
                "Ai": [
                    [
                        0.0,
                        0.0,
                        0.0,
                        0.0,
                        0.0,
                        0.0,
                        0.0,
                        0.0
                    ],
                    [
                        0.0,
                        0.0,
                        0.0,
                        0.0,
                        0.0,
                        0.0,
                        0.0,
                        0.0
                    ],
                    [
                        0.7681463022136139,
                        -0.0,
                        0.0,
                        0.0,
                        0.0,
                        0.0,
                        0.0,
                        0.0
                    ],
                    [
                        0.0,
                        0.0,
                        0.0,
                        0.0,
                        0.0,
                        0.0,
                        0.0,
                        0.0
                    ],
                    [
                        0.6195907468706768,
                        -0.6163740657965131,
                        0.5445506981328949,
                        -0.6096870257854919,
                        0.0,
                        0.0,
                        0.0,
                        0.0
                    ],
                    [
                        -0.8624561028033784,
                        -0.8687786226255316,
                        -0.6790040133598901,
                        0.5030339928470287,
                        0.7159050039115924,
                        0.0,
                        0.0,
                        0.0
                    ],
                    [
                        0.632437139653139,
                        0.7322093731295205,
                        -0.0,
                        0.6254152160649262,
                        0.0,
                        -0.5043111957549165,
                        0.0,
                        0.0
                    ],
                    [
                        -0.5636987899332216,
                        0.5778876040110011,
                        0.9084138709000398,
                        0.0,
                        -0.0,
                        0.5624394964724773,
                        -0.5554020558541533,
                        0.0
                    ]
                ]
            },
            "oracle_est_tgt": [
                3
            ]
        },
        "7": {
            "intv_type": "do",
            "inode": 7,
            "new_mui": 1.0,
            "new_vari": null,
            "noise_type": "gaussian",
            "obs_noise_gamma_shape": 2.0,
            "true_params": {
                "Si": [
                    [
                        1.0,
                        0.0,
                        0.7681463022136139,
                        -0.25258852502202295,
                        1.1918852985775235,
                        -0.6578144898028395,
                        0.8062076446383497,
                        0.0
                    ],
                    [
                        0.0,
                        1.0,
                        0.0,
                        -0.9215240726742231,
                        -0.0545327947380325,
                        -1.3713768570377427,
                        0.8474748987122637,
                        0.0
                    ],
                    [
                        0.7681463022136139,
                        0.0,
                        1.5900487416044486,
                        0.39458795962471105,
                        1.1012233338861595,
                        -0.7552794911645547,
                        1.113481467550782,
                        0.0
                    ],
                    [
                        -0.25258852502202295,
                        -0.9215240726742231,
                        0.39458795962471105,
                        2.259472726834564,
                        -0.7511960312445152,
                        1.3493267110909373,
                        -0.10186687133896144,
                        0.0
                    ],
                    [
                        1.1918852985775235,
                        -0.0545327947380325,
                        1.1012233338861595,
                        -0.7511960312445152,
                        2.8297601120810314,
                        -0.08034460151317446,
                        0.2845723594505185,
                        0.0
                    ],
                    [
                        -0.6578144898028395,
                        -1.3713768570377427,
                        -0.7552794911645547,
                        1.3493267110909373,
                        -0.08034460151317446,
                        3.8928349247845375,
                        -2.5394720824047097,
                        0.0
                    ],
                    [
                        0.8062076446383497,
                        0.8474748987122637,
                        1.113481467550782,
                        -0.10186687133896144,
                        0.2845723594505185,
                        -2.5394720824047097,
                        3.347379832186115,
                        0.0
                    ],
                    [
                        0.0,
                        0.0,
                        0.0,
                        0.0,
                        0.0,
                        0.0,
                        0.0,
                        1e-09
                    ]
                ],
                "mui": [
                    0.0,
                    0.0,
                    0.0,
                    0.0,
                    0.0,
                    0.0,
                    0.0,
                    1.0
                ],
                "Ai": [
                    [
                        0.0,
                        0.0,
                        0.0,
                        0.0,
                        0.0,
                        0.0,
                        0.0,
                        0.0
                    ],
                    [
                        0.0,
                        0.0,
                        0.0,
                        0.0,
                        0.0,
                        0.0,
                        0.0,
                        0.0
                    ],
                    [
                        0.7681463022136139,
                        -0.0,
                        0.0,
                        0.0,
                        0.0,
                        0.0,
                        0.0,
                        0.0
                    ],
                    [
                        -0.7047293484387279,
                        -0.9215240726742231,
                        0.5886129011019688,
                        0.0,
                        0.0,
                        0.0,
                        0.0,
                        0.0
                    ],
                    [
                        0.6195907468706768,
                        -0.6163740657965131,
                        0.5445506981328949,
                        -0.6096870257854919,
                        0.0,
                        0.0,
                        0.0,
                        0.0
                    ],
                    [
                        -0.8624561028033784,
                        -0.8687786226255316,
                        -0.6790040133598901,
                        0.5030339928470287,
                        0.7159050039115924,
                        0.0,
                        0.0,
                        0.0
                    ],
                    [
                        0.632437139653139,
                        0.7322093731295205,
                        -0.0,
                        0.6254152160649262,
                        0.0,
                        -0.5043111957549165,
                        0.0,
                        0.0
                    ],
                    [
                        0.0,
                        0.0,
                        0.0,
                        0.0,
                        0.0,
                        0.0,
                        0.0,
                        0.0
                    ]
                ]
            },
            "est_params": {
                "mui": [
                    -0.0016779194340536881,
                    0.002194053984105951,
                    -0.004737864124401013,
                    -0.004564476385503249,
                    0.0013415754273483488,
                    -0.002366726391892224,
                    -0.004993888255404701,
                    0.9999997172966846
                ],
                "Si": [
                    [
                        1.0008070675896668,
                        0.0035329518554026353,
                        0.7743503172915951,
                        -0.2517648852247256,
                        1.1923026844096014,
                        -0.6643296709362935,
                        0.8122155826219005,
                        -4.195767901293376e-07
                    ],
                    [
                        0.0035329518554026353,
                        1.0044876887270529,
                        0.010655958328839355,
                        -0.9237646880148888,
                        -0.04753415602802633,
                        -1.3782961108145109,
                        0.855371239929882,
                        -6.580229014229511e-07
                    ],
                    [
                        0.7743503172915951,
                        0.010655958328839353,
                        1.6001555868905994,
                        0.38625043251137453,
                        1.1169941207112186,
                        -0.7668767271013063,
                        1.1280397784988943,
                        -4.3193510129206935e-07
                    ],
                    [
                        -0.2517648852247256,
                        -0.9237646880148888,
                        0.38625043251137453,
                        2.259869437188171,
                        -0.7418817159257054,
                        1.3638202718445684,
                        -0.10725950131190168,
                        9.213522066891265e-07
                    ],
                    [
                        1.1923026844096014,
                        -0.04753415602802633,
                        1.1169941207112186,
                        -0.7418817159257054,
                        2.8286647679690784,
                        -0.10187234312145291,
                        0.3010293244400276,
                        -1.0079633162359061e-06
                    ],
                    [
                        -0.6643296709362934,
                        -1.3782961108145109,
                        -0.7668767271013059,
                        1.3638202718445684,
                        -0.1018723431214529,
                        3.894397801494501,
                        -2.5367775300151774,
                        1.383416697769111e-06
                    ],
                    [
                        0.8122155826219005,
                        0.855371239929882,
                        1.128039778498894,
                        -0.10725950131190168,
                        0.30102932444002767,
                        -2.5367775300151774,
                        3.3549363908361025,
                        -1.0762144751820728e-06
                    ],
                    [
                        -4.195767901293375e-07,
                        -6.58022901422951e-07,
                        -4.3193510129206946e-07,
                        9.213522066891266e-07,
                        -1.0079633162359057e-06,
                        1.3834166977691115e-06,
                        -1.0762144751820723e-06,
                        1.017015449292699e-06
                    ]
                ]
            },
            "est_tgt": [
                7
            ],
            "oracle_est_tgt": [
                7
            ]
        },
        "obs": {
            "intv_type": "obs",
            "noise_type": "gaussian",
            "obs_noise_gamma_shape": 2.0,
            "true_params": {
                "Si": [
                    [
                        1.0,
                        0.0,
                        0.7681463022136139,
                        -0.25258852502202295,
                        1.1918852985775235,
                        -0.6578144898028395,
                        0.8062076446383497,
                        -0.6836542678162835
                    ],
                    [
                        0.0,
                        1.0,
                        0.0,
                        -0.9215240726742231,
                        -0.0545327947380325,
                        -1.3713768570377427,
                        0.8474748987122637,
                        -0.6641182059648969
                    ],
                    [
                        0.7681463022136139,
                        0.0,
                        1.5900487416044486,
                        0.39458795962471105,
                        1.1012233338861595,
                        -0.7552794911645547,
                        1.113481467550782,
                        -0.031809721708643546
                    ],
                    [
                        -0.25258852502202295,
                        -0.9215240726742231,
                        0.39458795962471105,
                        2.259472726834564,
                        -0.7511960312445152,
                        1.3493267110909373,
                        -0.10186687133896144,
                        0.7837873890509377
                    ],
                    [
                        1.1918852985775235,
                        -0.0545327947380325,
                        1.1012233338861595,
                        -0.7511960312445152,
                        2.8297601120810314,
                        -0.08034460151317446,
                        0.2845723594505185,
                        0.09374737412500445
                    ],
                    [
                        -0.6578144898028395,
                        -1.3713768570377427,
                        -0.7552794911645547,
                        1.3493267110909373,
                        -0.08034460151317446,
                        3.8928349247845375,
                        -2.5394720824047097,
                        2.492113309910609
                    ],
                    [
                        0.8062076446383497,
                        0.8474748987122637,
                        1.113481467550782,
                        -0.10186687133896144,
                        0.2845723594505185,
                        -2.5394720824047097,
                        3.347379832186115,
                        -2.240652064782509
                    ],
                    [
                        -0.6836542678162835,
                        -0.6641182059648969,
                        -0.031809721708643546,
                        0.7837873890509377,
                        0.09374737412500445,
                        2.492113309910609,
                        -2.240652064782509,
                        3.6188187306585213
                    ]
                ],
                "mui": [
                    0.0,
                    0.0,
                    0.0,
                    0.0,
                    0.0,
                    0.0,
                    0.0,
                    0.0
                ],
                "Ai": [
                    [
                        0.0,
                        0.0,
                        0.0,
                        0.0,
                        0.0,
                        0.0,
                        0.0,
                        0.0
                    ],
                    [
                        0.0,
                        0.0,
                        0.0,
                        0.0,
                        0.0,
                        0.0,
                        0.0,
                        0.0
                    ],
                    [
                        0.7681463022136139,
                        -0.0,
                        0.0,
                        0.0,
                        0.0,
                        0.0,
                        0.0,
                        0.0
                    ],
                    [
                        -0.7047293484387279,
                        -0.9215240726742231,
                        0.5886129011019688,
                        0.0,
                        0.0,
                        0.0,
                        0.0,
                        0.0
                    ],
                    [
                        0.6195907468706768,
                        -0.6163740657965131,
                        0.5445506981328949,
                        -0.6096870257854919,
                        0.0,
                        0.0,
                        0.0,
                        0.0
                    ],
                    [
                        -0.8624561028033784,
                        -0.8687786226255316,
                        -0.6790040133598901,
                        0.5030339928470287,
                        0.7159050039115924,
                        0.0,
                        0.0,
                        0.0
                    ],
                    [
                        0.632437139653139,
                        0.7322093731295205,
                        -0.0,
                        0.6254152160649262,
                        0.0,
                        -0.5043111957549165,
                        0.0,
                        0.0
                    ],
                    [
                        -0.5636987899332216,
                        0.5778876040110011,
                        0.9084138709000398,
                        0.0,
                        -0.0,
                        0.5624394964724773,
                        -0.5554020558541533,
                        0.0
                    ]
                ]
            },
            "est_params": {
                "mui": [
                    -0.0004596712857627486,
                    -0.0005264815956207692,
                    -0.0035558019024262023,
                    0.32786149737037174,
                    0.13302940576145322,
                    0.26032325470573886,
                    0.07428529425271654,
                    0.09851692194306548
                ],
                "Si": [
                    [
                        0.998117541835899,
                        -0.0016952221901981347,
                        0.7686844541539453,
