{
    "expt_args": {
        "save_dir": "all_expt_logs/expt_logs_sim_compsel_n48",
        "exp_name": "208",
        "num_nodes": 4,
        "num_tgt_prior": 5,
        "obs_noise_mean": 0.0,
        "obs_noise_var": 1.0,
        "obs_noise_gamma_shape": 2.0,
        "noise_type": "gaussian",
        "max_edge_strength": 1.0,
        "graph_sparsity_method": "adj_dense_prop",
        "adj_dense_prop": 0.8,
        "num_parents": null,
        "new_noise_mean": 1.0,
        "mix_samples": 1048576,
        "stage2_samples": 1048576,
        "gmm_tol": 0.001,
        "intv_type": "do",
        "new_noise_var": null,
        "dtype": "simulation",
        "cutoff_drop_ratio": 0.07,
        "intv_targets": [
            2,
            1
        ]
    },
    "intv_args_dict": {
        "2": {
            "intv_type": "do",
            "inode": 2,
            "new_mui": 1.0,
            "new_vari": null,
            "noise_type": "gaussian",
            "obs_noise_gamma_shape": 2.0,
            "true_params": {
                "Si": [
                    [
                        1.0,
                        -0.9687869827512614,
                        0.0,
                        1.3832937291309642
                    ],
                    [
                        -0.9687869827512614,
                        1.938548217948293,
                        0.0,
                        -2.040126053097521
                    ],
                    [
                        0.0,
                        0.0,
                        1e-09,
                        6.361213109793501e-10
                    ],
                    [
                        1.3832937291309642,
                        -2.040126053097521,
                        6.361213109793501e-10,
                        3.403514274532009
                    ]
                ],
                "mui": [
                    0.0,
                    0.0,
                    1.0,
                    0.6361213109793501
                ],
                "Ai": [
                    [
                        0.0,
                        0.0,
                        0.0,
                        0.0
                    ],
                    [
                        -0.9687869827512614,
                        0.0,
                        0.0,
                        0.0
                    ],
                    [
                        0.0,
                        0.0,
                        0.0,
                        0.0
                    ],
                    [
                        0.7051340300932922,
                        -0.7000090949939933,
                        0.6361213109793501,
                        0.0
                    ]
                ]
            },
            "est_params": {
                "mui": [
                    -0.0015635173161849011,
                    0.0055806521882323335,
                    0.999999674197,
                    0.6296266815584659
                ],
                "Si": [
                    [
                        0.9987373784280855,
                        -0.967819348442133,
                        9.222980189545171e-08,
                        1.381921993995884
                    ],
                    [
                        -0.9678193484421331,
                        1.9370655396587706,
                        -5.515009391369295e-07,
                        -2.0383295522821965
                    ],
                    [
                        9.22298018954516e-08,
                        -5.515009391369299e-07,
                        1.0098871590970312e-06,
                        5.98609445349847e-07
                    ],
                    [
                        1.3819219939958838,
                        -2.0383295522821965,
                        5.98609445349847e-07,
                        3.4049924181882574
                    ]
                ]
            },
            "est_tgt": [
                2
            ],
            "oracle_est_tgt": [
                2
            ]
        },
        "1": {
            "intv_type": "do",
            "inode": 1,
            "new_mui": 1.0,
            "new_vari": null,
            "noise_type": "gaussian",
            "obs_noise_gamma_shape": 2.0,
            "true_params": {
                "Si": [
                    [
                        1.0,
                        0.0,
                        -0.5120394759865032,
                        0.37941480735557837
                    ],
                    [
                        0.0,
                        1e-09,
                        5.425992280229831e-10,
                        -3.548501627276301e-10
                    ],
                    [
                        -0.5120394759865032,
                        5.425992280229831e-10,
                        1.2621844252629468,
                        0.44184595164693824
                    ],
                    [
                        0.37941480735557837,
                        -3.548501627276301e-10,
                        0.44184595164693824,
                        1.5486059184486765
                    ]
                ],
                "mui": [
                    0.0,
                    1.0,
                    0.542599228022983,
                    -0.3548501627276301
                ],
                "Ai": [
                    [
                        0.0,
                        0.0,
                        0.0,
                        0.0
                    ],
                    [
                        0.0,
                        0.0,
                        0.0,
                        0.0
                    ],
                    [
                        -0.5120394759865032,
                        0.542599228022983,
                        0.0,
                        0.0
                    ],
                    [
                        0.7051340300932922,
                        -0.7000090949939933,
                        0.6361213109793501,
                        0.0
                    ]
                ]
            },
            "est_params": {
                "mui": [
                    -3.365974193418844e-05,
                    0.9999997155105655,
                    0.5412196425347408,
                    -0.35423222477014793
                ],
                "Si": [
                    [
                        1.0044357788123113,
                        1.5984920515438673e-07,
                        -0.5155940979309697,
                        0.3805641781342574
                    ],
                    [
                        1.5984920515438673e-07,
                        1.0105451233371784e-06,
                        -2.639300794841425e-07,
                        4.6010879594139064e-08
                    ],
                    [
                        -0.5155940979309697,
                        -2.639300794841425e-07,
                        1.2619235976770111,
                        0.4364690774262672
                    ],
                    [
                        0.3805641781342574,
                        4.6010879594138964e-08,
                        0.4364690774262671,
                        1.5452653812453077
                    ]
                ]
            },
            "est_tgt": [
                1
            ],
            "oracle_est_tgt": [
                1
            ]
        },
        "obs": {
            "intv_type": "obs",
            "noise_type": "gaussian",
            "obs_noise_gamma_shape": 2.0,
            "true_params": {
                "Si": [
                    [
                        1.0,
                        -0.9687869827512614,
                        -1.0377025449460526,
                        0.7231890258332732
                    ],
                    [
                        -0.9687869827512614,
                        1.938548217948293,
                        1.5479119455345745,
                        -1.0554662770234708
                    ],
                    [
                        -1.0377025449460526,
                        1.5479119455345745,
                        2.371240494038651,
                        -0.30687520596473605
                    ],
                    [
                        0.7231890258332732,
                        -1.0554662770234708,
                        -0.30687520596473605,
                        2.0535713273555913
                    ]
                ],
                "mui": [
                    0.0,
                    0.0,
                    0.0,
                    0.0
                ],
                "Ai": [
                    [
                        0.0,
                        0.0,
                        0.0,
                        0.0
                    ],
                    [
                        -0.9687869827512614,
                        0.0,
                        0.0,
                        0.0
                    ],
                    [
                        -0.5120394759865032,
                        0.542599228022983,
                        0.0,
                        0.0
                    ],
                    [
                        0.7051340300932922,
                        -0.7000090949939933,
                        0.6361213109793501,
                        0.0
                    ]
                ]
            },
            "est_params": {
                "mui": [
                    0.00033125346985128916,
                    -0.003352033603821161,
                    -0.0024442121812553426,
                    0.0007231147432106787
                ],
                "Si": [
                    [
                        1.0015123303530686,
                        -0.9689537705084365,
                        -1.0384716177820985,
                        0.7241107407674766
                    ],
                    [
                        -0.9689537705084365,
                        1.94092841838001,
                        1.5499548001135692,
                        -1.0537051223156806
                    ],
                    [
                        -1.0384716177820985,
                        1.5499548001135692,
                        2.3778019219764404,
                        -0.30443351554990505
                    ],
                    [
                        0.7241107407674766,
                        -1.0537051223156806,
                        -0.30443351554990505,
                        2.0558914492478184
                    ]
                ]
            },
            "est_tgt": [
                0,
                1,
                2,
                3
            ],
            "oracle_est_tgt": [
                0,
                1,
                2,
                3
            ]
        }
    },
    "metric_dict": {
        "param_est_rel_err": 0.0922013422180557,
        "est_num_comp": 3,
        "weight_precision_error": 0.0014680550696875017,
        "est_dag": {
            "amat": [
                [
                    0,
                    1,
                    1,
                    1
                ],
                [
                    0,
                    0,
                    1,
                    1
                ],
                [
                    0,
                    0,
                    0,
                    1
                ],
                [
                    0,
                    0,
                    0,
                    0
                ]
            ],
            "nodes": [
                0,
                1,
                2,
                3
            ]
        },
        "oracle_est_dag": {
            "amat": [
                [
                    0,
                    1,
                    1,
                    1
                ],
                [
                    0,
                    0,
                    1,
                    1
                ],
                [
                    0,
                    0,
                    0,
                    1
                ],
                [
                    0,
                    0,
                    0,
                    0
                ]
            ],
            "nodes": [
                0,
                1,
                2,
                3
            ]
        },
        "igsp_dag": null,
        "intv_base_est_dag": null,
        "act_dag": {
            "amat": [
                [
                    0,
                    1,
                    1,
                    1
                ],
                [
                    0,
                    0,
                    1,
                    1
                ],
                [
                    0,
                    0,
                    0,
                    1
                ],
                [
                    0,
                    0,
                    0,
                    0
                ]
            ],
            "nodes": [
                0,
                1,
                2,
                3
            ]
        },
        "shd": 0,
        "oracle_shd": 0,
        "intv_base_shd": null,
        "igsp_shd": null,
        "avg_js": null,
        "avg_oracle_js": null,
        "avg_intv_base_js": null
    }
}