{
    "expt_args": {
        "save_dir": "all_expt_logs/expt_logs_sim_compsel_n48",
        "exp_name": "107",
        "num_nodes": 8,
        "num_tgt_prior": 9,
        "obs_noise_mean": 0.0,
        "obs_noise_var": 1.0,
        "obs_noise_gamma_shape": 2.0,
        "noise_type": "gaussian",
        "max_edge_strength": 1.0,
        "graph_sparsity_method": "adj_dense_prop",
        "adj_dense_prop": 0.8,
        "num_parents": null,
        "new_noise_mean": 1.0,
        "mix_samples": 262144,
        "stage2_samples": 262144,
        "gmm_tol": 0.001,
        "intv_type": "do",
        "new_noise_var": null,
        "dtype": "simulation",
        "cutoff_drop_ratio": 0.07,
        "intv_targets": [
            6,
            7,
            4,
            2
        ]
    },
    "intv_args_dict": {
        "6": {
            "intv_type": "do",
            "inode": 6,
            "new_mui": 1.0,
            "new_vari": null,
            "noise_type": "gaussian",
            "obs_noise_gamma_shape": 2.0,
            "true_params": {
                "Si": [
                    [
                        1.0,
                        -0.5945640032201414,
                        0.7506969823833866,
                        -0.45057083451913726,
                        -1.0240967052223096,
                        -2.2376700569052734,
                        0.0,
                        -1.7500952907708252
                    ],
                    [
                        -0.5945640032201414,
                        1.3535063539251602,
                        -0.4463374030511462,
                        1.084683803943145,
                        0.05803198755476746,
                        1.4021455673433239,
                        0.0,
                        1.6590241876223328
                    ],
                    [
                        0.7506969823833866,
                        -0.4463374030511462,
                        1.5635459593595225,
                        -1.1484829949400661,
                        -1.5888552831816396,
                        -3.0804751028981747,
                        0.0,
                        -1.049323640462863
                    ],
                    [
                        -0.45057083451913726,
                        1.084683803943145,
                        -1.1484829949400661,
                        2.526651170237134,
                        0.6759449789132659,
                        2.9456328888483325,
                        0.0,
                        1.2865931230443683
                    ],
                    [
                        -1.0240967052223096,
                        0.05803198755476746,
                        -1.5888552831816396,
                        0.6759449789132659,
                        3.0247328805960234,
                        4.373668209773088,
                        0.0,
                        1.628727641195731
                    ],
                    [
                        -2.2376700569052734,
                        1.4021455673433239,
                        -3.0804751028981747,
                        2.9456328888483325,
                        4.373668209773088,
                        9.474250669044206,
                        0.0,
                        5.096740366007122
                    ],
                    [
                        0.0,
                        0.0,
                        0.0,
                        0.0,
                        0.0,
                        0.0,
                        1e-09,
                        5.664917082253475e-10
                    ],
                    [
                        -1.7500952907708252,
                        1.6590241876223328,
                        -1.049323640462863,
                        1.2865931230443683,
                        1.628727641195731,
                        5.096740366007122,
                        5.664917082253475e-10,
                        5.652803388505065
                    ]
                ],
                "mui": [
                    0.0,
                    0.0,
                    0.0,
                    0.0,
                    0.0,
                    0.0,
                    1.0,
                    0.5664917082253474
                ],
                "Ai": [
                    [
                        0.0,
                        0.0,
                        0.0,
                        0.0,
                        0.0,
                        0.0,
                        0.0,
                        0.0
                    ],
                    [
                        -0.5945640032201414,
                        0.0,
                        0.0,
                        0.0,
                        0.0,
                        0.0,
                        0.0,
                        0.0
                    ],
                    [
                        0.7506969823833866,
                        0.0,
                        0.0,
                        0.0,
                        0.0,
                        0.0,
                        0.0,
                        0.0
                    ],
                    [
                        0.643308802707107,
                        0.8167906048372069,
                        -0.8102408291165856,
                        0.0,
                        0.0,
                        0.0,
                        0.0,
                        0.0
                    ],
                    [
                        -0.7359943604099084,
                        -0.550859049186766,
                        -0.8200689769024834,
                        0.0,
                        0.0,
                        0.0,
                        0.0,
                        0.0
                    ],
                    [
                        -0.9060807311915176,
                        0.0,
                        -0.0,
                        0.7439597065442296,
                        0.9729381754735911,
                        0.0,
                        0.0,
                        0.0
                    ],
                    [
                        0.0,
                        0.0,
                        0.0,
                        0.0,
                        0.0,
                        0.0,
                        0.0,
                        0.0
                    ],
                    [
                        -0.5460024918182256,
                        0.6663298768131314,
                        0.7554592539121292,
                        -0.513872219574935,
                        -0.5489219084716437,
                        0.9691880034603693,
                        0.5664917082253474,
                        0.0
                    ]
                ]
            },
            "est_params": {
                "mui": [
                    -0.0069991705883538455,
                    0.01040887587346422,
                    -0.006373911465179978,
                    0.01679458732653224,
                    0.010000912217675078,
                    0.03556751596439485,
                    0.9999997778786252,
                    0.5929832496341477
                ],
                "Si": [
                    [
                        1.00265013661332,
                        -0.5909553398804549,
                        0.7563387041487828,
                        -0.4442515256509472,
                        -1.0270639456229766,
                        -2.2453907603181933,
                        5.410170958555845e-07,
                        -1.7565304761417255
                    ],
                    [
                        -0.5909553398804549,
                        1.3556876335736983,
                        -0.4407144476378224,
                        1.0793282004216151,
                        0.048199490215040816,
                        1.3900966703666044,
                        -2.1532389393668187e-07,
                        1.6648371346862312
                    ],
                    [
                        0.7563387041487828,
                        -0.4407144476378224,
                        1.569533733937266,
                        -1.1292666001723362,
                        -1.6015978742610761,
                        -3.0906096948195274,
                        -2.6781571985747264e-07,
                        -1.0614234455273626
                    ],
                    [
                        -0.4442515256509472,
                        1.0793282004216151,
                        -1.1292666001723362,
                        2.5016041070326205,
                        0.6686075751240117,
                        2.9135570891711207,
                        -5.556208979737556e-07,
                        1.2878142414431244
                    ],
                    [
                        -1.0270639456229769,
                        0.04819949021504081,
                        -1.6015978742610761,
                        0.6686075751240117,
                        3.0475209775182335,
                        4.397520837913266,
                        -9.137658701138301e-08,
                        1.6334543455595634
                    ],
                    [
                        -2.2453907603181933,
                        1.3900966703666044,
                        -3.0906096948195274,
                        2.9135570891711207,
                        4.397520837913266,
                        9.492906343312567,
                        -6.079713797328533e-07,
                        5.117215952924616
                    ],
                    [
                        5.410170958555842e-07,
                        -2.153238939366817e-07,
                        -2.678157198574727e-07,
                        -5.556208979737556e-07,
                        -9.137658701138315e-08,
                        -6.079713797328533e-07,
                        1.0135539744801915e-06,
                        -5.179034051090377e-07
                    ],
                    [
                        -1.7565304761417255,
                        1.6648371346862312,
                        -1.0614234455273623,
                        1.2878142414431244,
                        1.6334543455595634,
                        5.117215952924616,
                        -5.17903405109038e-07,
                        5.667979882442568
                    ]
                ]
            },
            "est_tgt": [
                0,
                3,
                6
            ],
            "oracle_est_tgt": [
                6
            ]
        },
        "7": {
            "intv_type": "do",
            "inode": 7,
            "new_mui": 1.0,
            "new_vari": null,
            "noise_type": "gaussian",
            "obs_noise_gamma_shape": 2.0,
            "true_params": {
                "Si": [
                    [
                        1.0,
                        -0.5945640032201414,
                        0.7506969823833866,
                        -0.45057083451913726,
                        -1.0240967052223096,
                        -2.2376700569052734,
                        -2.1385011681479957,
                        0.0
                    ],
                    [
                        -0.5945640032201414,
                        1.3535063539251602,
                        -0.4463374030511462,
                        1.084683803943145,
                        0.05803198755476746,
                        1.4021455673433239,
                        0.10036416431860973,
                        0.0
                    ],
                    [
                        0.7506969823833866,
                        -0.4463374030511462,
                        1.5635459593595225,
                        -1.1484829949400661,
                        -1.5888552831816396,
                        -3.0804751028981747,
                        -1.705013426082711,
                        0.0
                    ],
                    [
                        -0.45057083451913726,
                        1.084683803943145,
                        -1.1484829949400661,
                        2.526651170237134,
                        0.6759449789132659,
                        2.9456328888483325,
                        -0.31663600112531776,
                        0.0
                    ],
                    [
                        -1.0240967052223096,
                        0.05803198755476746,
                        -1.5888552831816396,
                        0.6759449789132659,
                        3.0247328805960234,
                        4.373668209773088,
                        4.44326132840251,
                        0.0
                    ],
                    [
                        -2.2376700569052734,
                        1.4021455673433239,
                        -3.0804751028981747,
                        2.9456328888483325,
                        4.373668209773088,
                        9.474250669044206,
                        6.789935782349189,
                        0.0
                    ],
                    [
                        -2.1385011681479957,
                        0.10036416431860973,
                        -1.705013426082711,
                        -0.31663600112531776,
                        4.44326132840251,
                        6.789935782349189,
                        10.032972425297226,
                        0.0
                    ],
                    [
                        0.0,
                        0.0,
                        0.0,
                        0.0,
                        0.0,
                        0.0,
                        0.0,
                        1e-09
                    ]
                ],
                "mui": [
                    0.0,
                    0.0,
                    0.0,
                    0.0,
                    0.0,
                    0.0,
                    0.0,
                    1.0
                ],
                "Ai": [
                    [
                        0.0,
                        0.0,
                        0.0,
                        0.0,
                        0.0,
                        0.0,
                        0.0,
                        0.0
                    ],
                    [
                        -0.5945640032201414,
                        0.0,
                        0.0,
                        0.0,
                        0.0,
                        0.0,
                        0.0,
                        0.0
                    ],
                    [
                        0.7506969823833866,
                        0.0,
                        0.0,
                        0.0,
                        0.0,
                        0.0,
                        0.0,
                        0.0
                    ],
                    [
                        0.643308802707107,
                        0.8167906048372069,
                        -0.8102408291165856,
                        0.0,
                        0.0,
                        0.0,
                        0.0,
                        0.0
                    ],
                    [
                        -0.7359943604099084,
                        -0.550859049186766,
                        -0.8200689769024834,
                        0.0,
                        0.0,
                        0.0,
                        0.0,
                        0.0
                    ],
                    [
                        -0.9060807311915176,
                        0.0,
                        -0.0,
                        0.7439597065442296,
                        0.9729381754735911,
                        0.0,
                        0.0,
                        0.0
                    ],
                    [
                        -0.6834515314680831,
                        0.0,
                        0.8244667029369325,
                        -0.9733677969449717,
                        0.7822650967368036,
                        0.7648269367299647,
                        0.0,
                        0.0
                    ],
                    [
                        0.0,
                        0.0,
                        0.0,
                        0.0,
                        0.0,
                        0.0,
                        0.0,
                        0.0
                    ]
                ]
            },
            "est_params": {
                "mui": [
                    0.0004094763308143747,
                    -0.0015147670520940905,
                    -0.005057767532421688,
                    0.004145666707747913,
                    0.0088099583313463,
                    0.009115597625048013,
                    0.001812239955545346,
                    1.0000001260609281
                ],
                "Si": [
                    [
                        0.9987022752175184,
                        -0.5865872658579966,
                        0.747618695202917,
                        -0.4411644622339919,
                        -1.0241828528276389,
                        -2.2304094812982136,
                        -2.146137546382618,
                        -1.4846857240889752e-07
                    ],
                    [
                        -0.5865872658579966,
                        1.3403041061373595,
                        -0.44505930633543106,
                        1.0860941071294345,
                        0.05295123222641383,
                        1.3918826493890142,
                        0.08829060152396567,
                        -1.3375368593176364e-08
                    ],
                    [
                        0.747618695202917,
                        -0.4450593063354311,
                        1.5624539402479354,
                        -1.1491786660239585,
                        -1.5873715662567796,
                        -3.079276433157315,
                        -1.7078787465807228,
                        -1.408127207859019e-07
                    ],
                    [
                        -0.4411644622339919,
                        1.0860941071294345,
                        -1.149178666023958,
                        2.5390827397628426,
                        0.6651599104952709,
                        2.9383393710884373,
                        -0.34175370581702236,
                        1.7025739486216634e-07
                    ],
                    [
                        -1.0241828528276389,
                        0.052951232226413826,
                        -1.5873715662567796,
                        0.6651599104952709,
                        3.022887793738227,
                        4.359850437510034,
                        4.445058229916335,
                        -1.506349587742219e-07
                    ],
                    [
                        -2.2304094812982136,
                        1.3918826493890142,
                        -3.079276433157315,
                        2.9383393710884373,
                        4.359850437510034,
                        9.449402871878865,
                        6.776280041471225,
                        4.956270473904326e-07
                    ],
                    [
                        -2.1461375463826178,
                        0.08829060152396571,
                        -1.7078787465807228,
                        -0.34175370581702247,
                        4.445058229916335,
                        6.776280041471225,
                        10.054103184686102,
                        1.3508094378431656e-07
                    ],
                    [
                        -1.4846857240889752e-07,
                        -1.3375368593176422e-08,
                        -1.4081272078590183e-07,
                        1.7025739486216648e-07,
                        -1.506349587742219e-07,
                        4.956270473904328e-07,
                        1.3508094378431648e-07,
                        1.0102033745178726e-06
                    ]
                ]
            },
            "est_tgt": [
                7
            ],
            "oracle_est_tgt": [
                7
            ]
        },
        "4": {
            "intv_type": "do",
            "inode": 4,
            "new_mui": 1.0,
            "new_vari": null,
            "noise_type": "gaussian",
            "obs_noise_gamma_shape": 2.0,
            "true_params": {
                "Si": [
                    [
                        1.0,
                        -0.5945640032201414,
                        0.7506969823833866,
                        -0.45057083451913726,
                        0.0,
                        -1.2412872770177636,
                        -0.5753256706175731,
                        -1.672479393473552
                    ],
                    [
                        -0.5945640032201414,
                        1.3535063539251602,
                        -0.4463374030511462,
                        1.084683803943145,
                        0.0,
                        1.3456840312526823,
                        0.011784462268977114,
                        1.642833173708574
                    ],
                    [
                        0.7506969823833866,
                        -0.4463374030511462,
                        1.5635459593595225,
                        -1.1484829949400661,
                        0.0,
                        -1.5346171425878543,
                        0.7202064141199294,
                        -0.015263162796053553
                    ],
                    [
                        -0.45057083451913726,
                        1.084683803943145,
                        -1.1484829949400661,
                        2.526651170237134,
                        0.0,
                        2.287980214343925,
                        -1.348394645917135,
                        0.2563906619904538
                    ],
                    [
                        0.0,
                        0.0,
                        0.0,
                        0.0,
                        1e-09,
                        9.72938175473591e-10,
                        1.5263944211119113e-09,
                        1.2587278823473075e-09
                    ],
                    [
                        -1.2412872770177636,
                        1.3456840312526823,
                        -1.5346171425878543,
                        2.287980214343925,
                        9.72938175473591e-10,
                        3.8268715733679017,
                        0.28296715743915085,
                        3.1086017959663117
                    ],
                    [
                        -0.5753256706175731,
                        0.011784462268977114,
                        0.7202064141199294,
                        -1.348394645917135,
                        1.5263944211119113e-09,
                        0.28296715743915085,
                        3.5158982496821447,
                        3.824946317824734
                    ],
                    [
                        -1.672479393473552,
                        1.642833173708574,
                        -0.015263162796053553,
                        0.2563906619904538,
                        1.2587278823473075e-09,
                        3.1086017959663117,
                        3.824946317824734,
                        8.044183947429136
                    ]
                ],
                "mui": [
                    0.0,
                    0.0,
                    0.0,
                    0.0,
                    1.0,
                    0.9729381754735911,
                    1.5263944211119111,
                    1.2587278823473074
                ],
                "Ai": [
                    [
                        0.0,
                        0.0,
                        0.0,
                        0.0,
                        0.0,
                        0.0,
                        0.0,
                        0.0
                    ],
                    [
                        -0.5945640032201414,
                        0.0,
                        0.0,
                        0.0,
                        0.0,
                        0.0,
                        0.0,
                        0.0
                    ],
                    [
                        0.7506969823833866,
                        0.0,
                        0.0,
                        0.0,
                        0.0,
                        0.0,
                        0.0,
                        0.0
                    ],
                    [
                        0.643308802707107,
                        0.8167906048372069,
                        -0.8102408291165856,
                        0.0,
                        0.0,
                        0.0,
                        0.0,
                        0.0
                    ],
                    [
                        0.0,
                        0.0,
                        0.0,
                        0.0,
                        0.0,
                        0.0,
                        0.0,
                        0.0
                    ],
                    [
                        -0.9060807311915176,
                        0.0,
                        -0.0,
                        0.7439597065442296,
                        0.9729381754735911,
                        0.0,
                        0.0,
                        0.0
                    ],
                    [
                        -0.6834515314680831,
                        0.0,
                        0.8244667029369325,
                        -0.9733677969449717,
                        0.7822650967368036,
                        0.7648269367299647,
                        0.0,
                        0.0
                    ],
                    [
                        -0.5460024918182256,
                        0.6663298768131314,
                        0.7554592539121292,
                        -0.513872219574935,
                        -0.5489219084716437,
                        0.9691880034603693,
                        0.5664917082253474,
                        0.0
                    ]
                ]
            },
            "oracle_est_tgt": [
                4
            ]
        },
        "2": {
            "intv_type": "do",
            "inode": 2,
            "new_mui": 1.0,
            "new_vari": null,
            "noise_type": "gaussian",
            "obs_noise_gamma_shape": 2.0,
            "true_params": {
                "Si": [
                    [
                        1.0,
                        -0.5945640032201414,
                        0.0,
                        0.15767451090249673,
                        -0.4084733989153841,
                        -1.1861966118012213,
                        -2.0636964266599676,
                        -3.1176972439369823
                    ],
                    [
                        -0.5945640032201414,
                        1.3535063539251602,
                        0.0,
                        0.7230430164292406,
                        -0.3079954699186975,
                        0.776977306542585,
                        0.05588795775963984,
                        1.8087260399506095
                    ],
                    [
                        0.0,
                        0.0,
                        1e-09,
                        -8.102408291165856e-10,
                        -8.200689769024834e-10,
                        -1.4006629436097253e-09,
                        -9.964705233066352e-11,
                        2.0801838430775267e-10
                    ],
                    [
                        0.15767451090249673,
                        0.7230430164292406,
                        -8.102408291165856e-10,
                        1.692008144195162,
                        -0.5143423386915176,
                        0.6154967497217352,
                        -1.686312692021433,
                        -0.5501978063334654
                    ],
                    [
                        -0.4084733989153841,
                        -0.3079954699186975,
                        -8.200689769024834e-10,
                        -0.5143423386915176,
                        1.4702962103649475,
                        1.4179672129235288,
                        3.0144769655409798,
                        2.5569823645733143
                    ],
                    [
                        -1.1861966118012213,
                        0.776977306542585,
                        -1.4006629436097253e-09,
                        0.6154967497217352,
                        1.4179672129235288,
                        3.912289107682852,
                        4.313053527317883,
                        6.305802277730472
                    ],
                    [
                        -2.0636964266599676,
                        0.05588795775963984,
                        -9.964705233066352e-11,
                        -1.686312692021433,
                        3.0144769655409798,
                        4.313053527317883,
                        9.708698585507742,
                        10.055916987532843
                    ],
                    [
                        -3.1176972439369823,
                        1.8087260399506095,
                        2.0801838430775267e-10,
                        -0.5501978063334654,
                        2.5569823645733143,
                        6.305802277730472,
                        10.055916987532843,
                        14.59472790373568
                    ]
                ],
                "mui": [
                    0.0,
                    0.0,
                    1.0,
                    -0.8102408291165856,
                    -0.8200689769024834,
                    -1.400662943609725,
                    -0.09964705233066351,
                    0.20801838430775266
                ],
                "Ai": [
                    [
                        0.0,
                        0.0,
                        0.0,
                        0.0,
                        0.0,
                        0.0,
                        0.0,
                        0.0
                    ],
                    [
                        -0.5945640032201414,
                        0.0,
                        0.0,
                        0.0,
                        0.0,
                        0.0,
                        0.0,
                        0.0
                    ],
                    [
                        0.0,
                        0.0,
                        0.0,
                        0.0,
                        0.0,
                        0.0,
                        0.0,
                        0.0
                    ],
                    [
                        0.643308802707107,
                        0.8167906048372069,
                        -0.8102408291165856,
                        0.0,
                        0.0,
                        0.0,
                        0.0,
                        0.0
                    ],
                    [
                        -0.7359943604099084,
                        -0.550859049186766,
                        -0.8200689769024834,
                        0.0,
                        0.0,
                        0.0,
                        0.0,
                        0.0
                    ],
                    [
                        -0.9060807311915176,
                        0.0,
                        -0.0,
                        0.7439597065442296,
                        0.9729381754735911,
                        0.0,
                        0.0,
                        0.0
                    ],
                    [
                        -0.6834515314680831,
                        0.0,
                        0.8244667029369325,
                        -0.9733677969449717,
                        0.7822650967368036,
                        0.7648269367299647,
                        0.0,
                        0.0
                    ],
                    [
                        -0.5460024918182256,
                        0.6663298768131314,
                        0.7554592539121292,
                        -0.513872219574935,
                        -0.5489219084716437,
                        0.9691880034603693,
                        0.5664917082253474,
                        0.0
                    ]
                ]
            },
            "est_params": {
                "mui": [
                    0.0004108644094345299,
                    -0.004125245799912898,
                    0.33072880254144643,
                    -0.2722142469864478,
                    0.06209669554286028,
                    -0.14166537468352242,
                    0.4759311731783526,
                    0.48542423302612914
                ],
                "Si": [
                    [
                        1.0050357392516474,
                        -0.5983673374342675,
                        0.5074597130501903,
                        -0.25367604222738627,
                        -0.48177014950400504,
                        -1.5714109636955989,
                        -1.5970639843419832,
                        -2.597588948630469
                    ],
                    [
                        -0.5983673374342675,
                        1.358666879662364,
                        -0.30405489458194984,
                        0.9686966170175666,
                        -0.08691970429192361,
                        1.1769300414301858,
                        0.0468587574371404,
                        1.71549107300687
                    ],
                    [
                        0.5074597130501903,
                        -0.30405489458194984,
                        1.2719173305980078,
                        -0.9573239810268074,
                        -0.8290337150868733,
                        -1.9814729654768684,
                        -0.5274408365511425,
                        -0.791513874378738
                    ],
                    [
                        -0.25367604222738627,
                        0.9686966170175666,
                        -0.9573239810268074,
                        2.4012600415453194,
                        0.3000775828440173,
                        2.3101349089271532,
                        -0.950852554911859,
                        0.36114889478497436
                    ],
                    [
                        -0.48177014950400504,
                        -0.08691970429192361,
                        -0.8290337150868733,
                        0.3000775828440173,
                        2.0679646813030095,
                        2.67892810953447,
                        3.0131550763953485,
                        2.5973875600417373
                    ],
                    [
                        -1.5714109636955989,
                        1.1769300414301858,
                        -1.9814729654768684,
                        2.3101349089271532,
                        2.67892810953447,
                        6.763111693260446,
                        4.450026248435355,
                        6.567690873005228
                    ],
                    [
                        -1.5970639843419832,
                        0.0468587574371404,
                        -0.5274408365511425,
                        -0.950852554911859,
                        3.0131550763953485,
                        4.450026248435355,
                        8.32882149669805,
                        8.379244349069921
                    ],
                    [
                        -2.597588948630469,
                        1.71549107300687,
                        -0.791513874378738,
                        0.36114889478497436,
                        2.5973875600417373,
                        6.567690873005228,
                        8.379244349069921,
                        12.466565746797555
                    ]
                ]
            },
            "est_tgt": [
                0,
                2,
                4,
                5,
                6
            ],
            "oracle_est_tgt": [
                2
            ]
        },
        "obs": {
            "intv_type": "obs",
            "noise_type": "gaussian",
            "obs_noise_gamma_shape": 2.0,
            "true_params": {
                "Si": [
                    [
                        1.0,
                        -0.5945640032201414,
                        0.7506969823833866,
                        -0.45057083451913726,
                        -1.0240967052223096,
                        -2.2376700569052734,
                        -2.1385011681479957,
                        -2.961538470556884
                    ],
                    [
                        -0.5945640032201414,
                        1.3535063539251602,
                        -0.4463374030511462,
                        1.084683803943145,
                        0.05803198755476746,
                        1.4021455673433239,
                        0.10036416431860973,
                        1.7158796545117911
                    ],
                    [
                        0.7506969823833866,
                        -0.4463374030511462,
                        1.5635459593595225,
                        -1.1484829949400661,
                        -1.5888552831816396,
                        -3.0804751028981747,
                        -1.705013426082711,
                        -2.01519960875161
                    ],
                    [
                        -0.45057083451913726,
                        1.084683803943145,
                        -1.1484829949400661,
                        2.526651170237134,
                        0.6759449789132659,
                        2.9456328888483325,
                        -0.31663600112531776,
                        1.1072214538812437
                    ],
                    [
                        -1.0240967052223096,
                        0.05803198755476746,
                        -1.5888552831816396,
                        0.6759449789132659,
                        3.0247328805960234,
                        4.373668209773088,
                        4.44326132840251,
                        4.145798341214096
                    ],
                    [
                        -2.2376700569052734,
                        1.4021455673433239,
                        -3.0804751028981747,
                        2.9456328888483325,
                        4.373668209773088,
                        9.474250669044206,
                        6.789935782349189,
                        8.943182686090527
                    ],
                    [
                        -2.1385011681479957,
                        0.10036416431860973,
                        -1.705013426082711,
                        -0.31663600112531776,
                        4.44326132840251,
                        6.789935782349189,
                        10.032972425297226,
                        9.934461385807461
                    ],
                    [
