{
    "expt_args": {
        "save_dir": "all_expt_logs/expt_logs_sim_compsel_n48",
        "exp_name": "59",
        "num_nodes": 8,
        "num_tgt_prior": 9,
        "obs_noise_mean": 0.0,
        "obs_noise_var": 1.0,
        "obs_noise_gamma_shape": 2.0,
        "noise_type": "gaussian",
        "max_edge_strength": 1.0,
        "graph_sparsity_method": "adj_dense_prop",
        "adj_dense_prop": 0.8,
        "num_parents": null,
        "new_noise_mean": 1.0,
        "mix_samples": 16384,
        "stage2_samples": 16384,
        "gmm_tol": 0.001,
        "intv_type": "do",
        "new_noise_var": null,
        "dtype": "simulation",
        "cutoff_drop_ratio": 0.07,
        "intv_targets": [
            7,
            1,
            4,
            2
        ]
    },
    "intv_args_dict": {
        "7": {
            "intv_type": "do",
            "inode": 7,
            "new_mui": 1.0,
            "new_vari": null,
            "noise_type": "gaussian",
            "obs_noise_gamma_shape": 2.0,
            "true_params": {
                "Si": [
                    [
                        1.0,
                        0.6497469086078208,
                        1.5319108823793708,
                        -0.16910284414771914,
                        -1.3368856282739856,
                        -1.4515195427800835,
                        -0.7150811759086358,
                        0.0
                    ],
                    [
                        0.6497469086078208,
                        1.42217104524542,
                        1.9223751535474627,
                        -0.14275771105003962,
                        -2.6596268874298437,
                        -1.0776281266516547,
                        -0.9944868011875112,
                        0.0
                    ],
                    [
                        1.5319108823793708,
                        1.9223751535474627,
                        4.2061185030573025,
                        0.3462593904118002,
                        -4.955171696944906,
                        -2.380385865569371,
                        -2.8094980705491874,
                        0.0
                    ],
                    [
                        -0.16910284414771914,
                        -0.14275771105003962,
                        0.3462593904118002,
                        1.4339107550256713,
                        -1.012961419159163,
                        0.5671084314202177,
                        -1.4232944055321273,
                        0.0
                    ],
                    [
                        -1.3368856282739856,
                        -2.6596268874298437,
                        -4.955171696944906,
                        -1.012961419159163,
                        7.80484406942432,
                        1.3825017379470992,
                        3.960326593223834,
                        0.0
                    ],
                    [
                        -1.4515195427800835,
                        -1.0776281266516547,
                        -2.380385865569371,
                        0.5671084314202177,
                        1.3825017379470992,
                        3.6867570362086584,
                        1.486897814195005,
                        0.0
                    ],
                    [
                        -0.7150811759086358,
                        -0.9944868011875112,
                        -2.8094980705491874,
                        -1.4232944055321273,
                        3.960326593223834,
                        1.486897814195005,
                        4.400782612971636,
                        0.0
                    ],
                    [
                        0.0,
                        0.0,
                        0.0,
                        0.0,
                        0.0,
                        0.0,
                        0.0,
                        1e-09
                    ]
                ],
                "mui": [
                    0.0,
                    0.0,
                    0.0,
                    0.0,
                    0.0,
                    0.0,
                    0.0,
                    1.0
                ],
                "Ai": [
                    [
                        0.0,
                        0.0,
                        0.0,
                        0.0,
                        0.0,
                        0.0,
                        0.0,
                        0.0
                    ],
                    [
                        0.6497469086078208,
                        0.0,
                        0.0,
                        0.0,
                        0.0,
                        0.0,
                        0.0,
                        0.0
                    ],
                    [
                        0.9295819876143543,
                        0.9270207934587875,
                        0.0,
                        0.0,
                        0.0,
                        0.0,
                        0.0,
                        0.0
                    ],
                    [
                        -0.7387591724422125,
                        -0.622277654942747,
                        0.6357937149558455,
                        0.0,
                        0.0,
                        0.0,
                        0.0,
                        0.0
                    ],
                    [
                        0.6127081558789187,
                        -0.9494378017974436,
                        -0.9257216331000175,
                        -0.5051573006405978,
                        0.0,
                        0.0,
                        0.0,
                        0.0
                    ],
                    [
                        -0.6753364951622114,
                        -0.5292337044922556,
                        -0.8654933606288464,
                        -0.0,
                        -0.6683770059934651,
                        0.0,
                        0.0,
                        0.0
                    ],
                    [
                        0.5723055120847851,
                        0.6102381477422762,
                        -0.0,
                        -0.7162301402401425,
                        0.5976777958033876,
                        0.6930507696146437,
                        0.0,
                        0.0
                    ],
                    [
                        0.0,
                        0.0,
                        0.0,
                        0.0,
                        0.0,
                        0.0,
                        0.0,
                        0.0
                    ]
                ]
            },
            "est_params": {
                "mui": [
                    0.01989025241168066,
                    0.019245527155751112,
                    0.05938949954071609,
                    0.015922528230173243,
                    -0.07783576888515029,
                    -0.05556744568010612,
                    -0.05340107611313178,
                    1.000002341538513
                ],
                "Si": [
                    [
                        0.9940403473074774,
                        0.6596368081011944,
                        1.5589698075384024,
                        -0.15070366368191634,
                        -1.3713407682491128,
                        -1.4429443852802193,
                        -0.7349590361082883,
                        -7.380643061659493e-07
                    ],
                    [
                        0.6596368081011944,
                        1.423531107672481,
                        1.9249183702854216,
                        -0.1461433636849511,
                        -2.6562785323200404,
                        -1.0695340878218849,
                        -0.9858848725738892,
                        3.986758493315267e-07
                    ],
                    [
                        1.5589698075384024,
                        1.9249183702854216,
                        4.211081036303392,
                        0.37390431078466274,
                        -4.968504255629155,
                        -2.3741865286402994,
                        -2.844738757809674,
                        2.7922475420260136e-07
                    ],
                    [
                        -0.15070366368191634,
                        -0.1461433636849511,
                        0.37390431078466274,
                        1.4787512392744286,
                        -1.0664326685930579,
                        0.5623614087869875,
                        -1.4818704684812438,
                        8.113810832278286e-07
                    ],
                    [
                        -1.3713407682491128,
                        -2.6562785323200404,
                        -4.968504255629155,
                        -1.0664326685930579,
                        7.81503395917552,
                        1.3695685851741477,
                        3.9949474236257014,
                        -2.552536775446522e-07
                    ],
                    [
                        -1.4429443852802193,
                        -1.0695340878218849,
                        -2.3741865286402994,
                        0.5623614087869875,
                        1.369568585174148,
                        3.6769218029366844,
                        1.4912709652696103,
                        7.87174051065287e-07
                    ],
                    [
                        -0.7349590361082883,
                        -0.9858848725738892,
                        -2.844738757809674,
                        -1.4818704684812438,
                        3.9949474236257014,
                        1.4912709652696103,
                        4.4404570127815095,
                        -1.9511970753945045e-06
                    ],
                    [
                        -7.380643061659493e-07,
                        3.986758493315266e-07,
                        2.792247542026005e-07,
                        8.113810832278288e-07,
                        -2.5525367754465194e-07,
                        7.87174051065287e-07,
                        -1.951197075394506e-06,
                        1.011050834805385e-06
                    ]
                ]
            },
            "est_tgt": [
                0,
                3,
                6,
                7
            ],
            "oracle_est_tgt": [
                3,
                6,
                7
            ]
        },
        "1": {
            "intv_type": "do",
            "inode": 1,
            "new_mui": 1.0,
            "new_vari": null,
            "noise_type": "gaussian",
            "obs_noise_gamma_shape": 2.0,
            "true_params": {
                "Si": [
                    [
                        1.0,
                        0.0,
                        0.9295819876143543,
                        -0.14773678718084338,
                        -0.17319568317821232,
                        -1.3641235214289553,
                        -0.37080301865444265,
                        -0.5931087468253986
                    ],
                    [
                        0.0,
                        1e-09,
                        9.270207934587876e-10,
                        -3.2883660828268995e-11,
                        -1.7909895832965973e-09,
                        -1.3450779094645805e-10,
                        -5.298650177372297e-10,
                        1.471662184211604e-10
                    ],
                    [
                        0.9295819876143543,
                        9.270207934587876e-10,
                        1.864122672556421,
                        0.4984602586540344,
                        -1.4078970589866833,
                        -1.3001604174347703,
                        -1.5675533538066848,
                        1.1262263945529607
                    ],
                    [
                        -0.14773678718084338,
                        -3.2883660828268995e-11,
                        0.4984602586540344,
                        1.426059806264954,
                        -1.2723395013593577,
                        0.5187604662020211,
                        -1.5068593210324193,
                        3.3681800300603895
                    ],
                    [
                        -0.17319568317821232,
                        -1.7909895832965973e-09,
                        -1.4078970589866833,
                        -1.2723395013593577,
                        2.839933946741083,
                        -0.5626556249375052,
                        2.1195836018710543,
                        -4.470997294207805
                    ],
                    [
                        -1.3641235214289553,
                        -1.3450779094645805e-10,
                        -1.3001604174347703,
                        0.5187604662020211,
                        -0.5626556249375052,
                        3.4225886890446855,
                        0.8834936592884725,
                        2.4300726351510544
                    ],
                    [
                        -0.37080301865444265,
                        -5.298650177372297e-10,
                        -1.5675533538066848,
                        -1.5068593210324193,
                        2.1195836018710543,
                        0.8834936592884725,
                        3.7461794667350876,
                        -4.677595184323648
                    ],
                    [
                        -0.5931087468253986,
                        1.471662184211604e-10,
                        1.1262263945529607,
                        3.3681800300603895,
                        -4.470997294207805,
                        2.4300726351510544,
                        -4.677595184323648,
                        11.806529927974223
                    ]
                ],
                "mui": [
                    0.0,
                    1.0,
                    0.9270207934587875,
                    -0.03288366082826899,
                    -1.7909895832965972,
                    -0.13450779094645804,
                    -0.5298650177372297,
                    0.1471662184211604
                ],
                "Ai": [
                    [
                        0.0,
                        0.0,
                        0.0,
                        0.0,
                        0.0,
                        0.0,
                        0.0,
                        0.0
                    ],
                    [
                        0.0,
                        0.0,
                        0.0,
                        0.0,
                        0.0,
                        0.0,
                        0.0,
                        0.0
                    ],
                    [
                        0.9295819876143543,
                        0.9270207934587875,
                        0.0,
                        0.0,
                        0.0,
                        0.0,
                        0.0,
                        0.0
                    ],
                    [
                        -0.7387591724422125,
                        -0.622277654942747,
                        0.6357937149558455,
                        0.0,
                        0.0,
                        0.0,
                        0.0,
                        0.0
                    ],
                    [
                        0.6127081558789187,
                        -0.9494378017974436,
                        -0.9257216331000175,
                        -0.5051573006405978,
                        0.0,
                        0.0,
                        0.0,
                        0.0
                    ],
                    [
                        -0.6753364951622114,
                        -0.5292337044922556,
                        -0.8654933606288464,
                        -0.0,
                        -0.6683770059934651,
                        0.0,
                        0.0,
                        0.0
                    ],
                    [
                        0.5723055120847851,
                        0.6102381477422762,
                        -0.0,
                        -0.7162301402401425,
                        0.5976777958033876,
                        0.6930507696146437,
                        0.0,
                        0.0
                    ],
                    [
                        0.8659393657558913,
                        -0.7442191655576605,
                        -0.9785275751594419,
                        0.8535372827551282,
                        -0.7924489300232193,
                        0.6658360988701308,
                        -0.9377116262212728,
                        0.0
                    ]
                ]
            },
            "est_params": {
                "mui": [
                    -0.0054359167491257795,
                    0.32814950962732803,
                    0.642767072567992,
                    0.2186035606543745,
                    -1.0283518301609809,
                    -0.03332956591037031,
                    -0.6027267623451847,
                    0.655460757198661
                ],
                "Si": [
                    [
                        1.0107875618646094,
                        0.4334927525214498,
                        0.8201119108289331,
                        -0.48379919623864603,
                        -0.3028144112352749,
                        -1.419517613743401,
                        0.02464352956974447,
                        -1.3971075123022758
                    ],
                    [
                        0.4334927525214498,
                        1.1872730787644543,
                        0.7349281785836849,
                        -0.5980142070981863,
                        -1.2414402326230047,
                        -0.7424382006449279,
                        0.1336389120917944,
                        -1.3861855839925012
                    ],
                    [
                        0.8201119108289331,
                        0.7349281785836849,
                        2.235279678209616,
                        0.37165918317967905,
                        -2.4521058784257583,
                        -1.2349716184888841,
                        -1.6899171549826144,
                        0.9993195682819327
                    ],
                    [
                        -0.48379919623864603,
                        -0.5980142070981863,
                        0.37165918317967905,
                        1.9678692831262974,
                        -1.0730470669662346,
                        1.0613478457148642,
                        -1.9700666978472698,
                        4.760139278492874
                    ],
                    [
                        -0.3028144112352749,
                        -1.2414402326230047,
                        -2.4521058784257583,
                        -1.0730470669662346,
                        4.806444846161117,
                        -0.25024164973557195,
                        2.5781572148415024,
                        -4.243115266548395
                    ],
                    [
                        -1.419517613743401,
                        -0.7424382006449279,
                        -1.2349716184888841,
                        1.0613478457148642,
                        -0.25024164973557195,
                        3.603063588771654,
                        0.31241115990314516,
                        3.736030500735105
                    ],
                    [
                        0.02464352956974447,
                        0.1336389120917944,
                        -1.6899171549826144,
                        -1.9700666978472698,
                        2.5781572148415024,
                        0.31241115990314516,
                        4.283315024048103,
                        -5.9694398608387464
                    ],
                    [
                        -1.3971075123022758,
                        -1.3861855839925012,
                        0.9993195682819327,
                        4.760139278492874,
                        -4.243115266548395,
                        3.736030500735105,
                        -5.9694398608387464,
                        15.375115990950569
                    ]
                ]
            },
            "est_tgt": [
                0,
                1,
                2,
                5
            ],
            "oracle_est_tgt": [
                1,
                2,
                4,
                5
            ]
        },
        "4": {
            "intv_type": "do",
            "inode": 4,
            "new_mui": 1.0,
            "new_vari": null,
            "noise_type": "gaussian",
            "obs_noise_gamma_shape": 2.0,
            "true_params": {
                "Si": [
                    [
                        1.0,
                        0.6497469086078208,
                        1.5319108823793708,
                        -0.16910284414771914,
                        0.0,
                        -2.3450631563615425,
                        -0.5353254094374931,
                        -2.32041420298159
                    ],
                    [
                        0.6497469086078208,
                        1.42217104524542,
                        1.9223751535474627,
                        -0.14275771105003962,
                        0.0,
                        -2.8552615827317323,
                        -0.6368771002780542,
                        -3.802640821055685
                    ],
                    [
                        1.5319108823793708,
                        1.9223751535474627,
                        4.2061185030573025,
                        0.3462593904118002,
                        0.0,
                        -5.692308688556965,
                        -2.143232634267679,
                        -5.704794587092793
                    ],
                    [
                        -0.16910284414771914,
                        -0.14275771105003962,
                        0.3462593904118002,
                        1.4339107550256713,
                        0.0,
                        -0.109931689104275,
                        -1.287093033884698,
                        1.9786077577546068
                    ],
                    [
                        0.0,
                        0.0,
                        0.0,
                        0.0,
                        1e-09,
                        -6.683770059934651e-10,
                        1.3445859740688531e-10,
                        -1.363561858302248e-09
                    ],
                    [
                        -2.3450631563615425,
                        -2.8552615827317323,
                        -5.692308688556965,
                        -0.109931689104275,
                        -6.683770059934651e-10,
                        9.021462774717449,
                        3.2465859976337565,
                        8.532962258179422
                    ],
                    [
                        -0.5353254094374931,
                        -0.6368771002780542,
                        -2.143232634267679,
                        -1.287093033884698,
                        1.3445859740688531e-10,
                        3.2465859976337565,
                        3.476887363928638,
                        -0.08957640858548044
                    ],
                    [
                        -2.32041420298159,
                        -3.802640821055685,
                        -5.704794587092793,
                        1.9786077577546068,
                        -1.363561858302248e-09,
                        8.532962258179422,
                        -0.08957640858548044,
                        14.857325621461976
                    ]
                ],
                "mui": [
                    0.0,
                    0.0,
                    0.0,
                    0.0,
                    1.0,
                    -0.6683770059934651,
                    0.13445859740688532,
                    -1.363561858302248
                ],
                "Ai": [
                    [
                        0.0,
                        0.0,
                        0.0,
                        0.0,
                        0.0,
                        0.0,
                        0.0,
                        0.0
                    ],
                    [
                        0.6497469086078208,
                        0.0,
                        0.0,
                        0.0,
                        0.0,
                        0.0,
                        0.0,
                        0.0
                    ],
                    [
                        0.9295819876143543,
                        0.9270207934587875,
                        0.0,
                        0.0,
                        0.0,
                        0.0,
                        0.0,
                        0.0
                    ],
                    [
                        -0.7387591724422125,
                        -0.622277654942747,
                        0.6357937149558455,
                        0.0,
                        0.0,
                        0.0,
                        0.0,
                        0.0
                    ],
                    [
                        0.0,
                        0.0,
                        0.0,
                        0.0,
                        0.0,
                        0.0,
                        0.0,
                        0.0
                    ],
                    [
                        -0.6753364951622114,
                        -0.5292337044922556,
                        -0.8654933606288464,
                        -0.0,
                        -0.6683770059934651,
                        0.0,
                        0.0,
                        0.0
                    ],
                    [
                        0.5723055120847851,
                        0.6102381477422762,
                        -0.0,
                        -0.7162301402401425,
                        0.5976777958033876,
                        0.6930507696146437,
                        0.0,
                        0.0
                    ],
                    [
                        0.8659393657558913,
                        -0.7442191655576605,
                        -0.9785275751594419,
                        0.8535372827551282,
                        -0.7924489300232193,
                        0.6658360988701308,
                        -0.9377116262212728,
                        0.0
                    ]
                ]
            },
            "est_params": {
                "mui": [
                    0.01421517182591662,
                    0.039618046963412645,
                    0.04184724461468531,
                    -0.023653756326062824,
                    1.0000012608158413,
                    -0.7199536926397645,
                    0.14741910910681977,
                    -1.4792960899734113
                ],
                "Si": [
                    [
                        0.9828077068441484,
                        0.6162304572893252,
                        1.4898286908226328,
                        -0.15719733667763588,
                        1.8301127657453175e-06,
                        -2.245776285722015,
                        -0.5045858323207936,
                        -2.230643269604225
                    ],
                    [
                        0.6162304572893252,
                        1.3911016647324712,
                        1.8633718370731494,
                        -0.16017401755575703,
                        1.40509951852521e-06,
                        -2.737076729294126,
                        -0.6023631846756659,
                        -3.7239820738173735
                    ],
                    [
                        1.4898286908226328,
                        1.8633718370731494,
                        4.117340856008214,
                        0.3505467636877833,
                        1.9637198891969046e-06,
                        -5.542892663010429,
                        -2.102792690464599,
                        -5.566879829308286
                    ],
                    [
                        -0.15719733667763583,
                        -0.160174017555757,
                        0.3505467636877833,
                        1.4521006021899254,
                        -1.9560701010153513e-06,
                        -0.08414193757612212,
                        -1.2693953434775347,
                        2.0149733302823853
                    ],
                    [
                        1.8301127657453182e-06,
                        1.4050995185252094e-06,
                        1.963719889196905e-06,
                        -1.9560701010153517e-06,
                        1.0053110278936238e-06,
                        -2.6557962632350073e-06,
                        2.073844461472166e-06,
                        -7.0058651089896676e-06
                    ],
                    [
                        -2.245776285722016,
                        -2.737076729294126,
                        -5.542892663010429,
                        -0.0841419375761221,
                        -2.655796263235007e-06,
                        8.735089360980842,
                        3.17000065374907,
                        8.336344594549745
                    ],
                    [
                        -0.5045858323207936,
                        -0.6023631846756659,
                        -2.102792690464599,
                        -1.269395343477535,
                        2.073844461472166e-06,
                        3.17000065374907,
                        3.4224570050765326,
                        -0.09069430701207738
                    ],
                    [
                        -2.230643269604225,
                        -3.7239820738173735,
                        -5.566879829308286,
                        2.0149733302823853,
                        -7.0058651089896676e-06,
                        8.336344594549745,
                        -0.09069430701207738,
                        14.71773406483447
                    ]
                ]
            },
            "est_tgt": [
                0,
                3,
                4,
                5,
                6,
                7
            ],
            "oracle_est_tgt": [
                1,
                3,
                4,
                5,
                7
            ]
        },
        "2": {
            "intv_type": "do",
            "inode": 2,
            "new_mui": 1.0,
            "new_vari": null,
            "noise_type": "gaussian",
            "obs_noise_gamma_shape": 2.0,
            "true_params": {
                "Si": [
                    [
                        1.0,
                        0.6497469086078208,
                        0.0,
                        -1.1430821550369865,
                        0.5732501750945462,
                        -1.4023516943020418,
                        1.1582337343910218,
                        -3.067375080855465
                    ],
                    [
                        0.6497469086078208,
                        1.42217104524542,
                        0.0,
                        -1.3649917514627947,
                        -0.26262217225103085,
                        -1.0159280295019002,
                        1.3563118514969281,
                        -3.4009931615838536
                    ],
                    [
                        0.0,
                        0.0,
                        1e-09,
                        6.357937149558456e-10,
                        -1.2468974699113703e-09,
                        -3.209576290865812e-11,
                        -1.2228615462212898e-09,
                        1.6775696021619477e-09
                    ],
                    [
                        -1.1430821550369865,
                        -1.3649917514627947,
                        6.357937149558456e-10,
                        2.69386629340928,
                        -0.7652272169042262,
                        2.0058250130820565,
                        -2.4838112365655416,
                        6.5963813663407995
                    ],
                    [
                        0.5732501750945462,
                        -0.26262217225103085,
                        -1.2468974699113703e-09,
                        -0.7652272169042262,
                        1.9871385919870712,
                        -1.5763060005244653,
                        0.8110994907415612,
                        -3.346146322789456
                    ],
                    [
                        -1.4023516943020418,
                        -1.0159280295019002,
                        -3.209576290865812e-11,
                        2.0058250130820565,
                        -1.5763060005244653,
                        3.538289317953392,
                        -1.3490729348883883,
                        6.123872140341699
                    ],
                    [
                        1.1582337343910218,
                        1.3563118514969281,
                        -1.2228615462212898e-09,
                        -2.4838112365655416,
                        0.8110994907415612,
                        -1.3490729348883883,
                        3.8193173728012724,
                        -7.248893269882107
                    ],
                    [
                        -3.067375080855465,
                        -3.4009931615838536,
                        1.6775696021619477e-09,
                        6.5963813663407995,
                        -3.346146322789456,
                        6.123872140341699,
                        -7.248893269882107,
                        20.031697592037194
                    ]
                ],
                "mui": [
                    0.0,
                    0.0,
                    1.0,
                    0.6357937149558455,
                    -1.2468974699113702,
                    -0.03209576290865812,
                    -1.2228615462212897,
                    1.6775696021619475
                ],
                "Ai": [
                    [
                        0.0,
                        0.0,
                        0.0,
                        0.0,
                        0.0,
                        0.0,
                        0.0,
                        0.0
                    ],
                    [
                        0.6497469086078208,
                        0.0,
                        0.0,
                        0.0,
                        0.0,
                        0.0,
                        0.0,
                        0.0
                    ],
                    [
                        0.0,
                        0.0,
                        0.0,
                        0.0,
                        0.0,
                        0.0,
                        0.0,
                        0.0
                    ],
                    [
                        -0.7387591724422125,
                        -0.622277654942747,
                        0.6357937149558455,
                        0.0,
                        0.0,
                        0.0,
                        0.0,
                        0.0
                    ],
                    [
                        0.6127081558789187,
                        -0.9494378017974436,
                        -0.9257216331000175,
                        -0.5051573006405978,
                        0.0,
                        0.0,
                        0.0,
                        0.0
                    ],
                    [
                        -0.6753364951622114,
                        -0.5292337044922556,
                        -0.8654933606288464,
                        -0.0,
                        -0.6683770059934651,
                        0.0,
                        0.0,
                        0.0
                    ],
                    [
                        0.5723055120847851,
                        0.6102381477422762,
                        -0.0,
                        -0.7162301402401425,
                        0.5976777958033876,
                        0.6930507696146437,
                        0.0,
                        0.0
                    ],
                    [
                        0.8659393657558913,
                        -0.7442191655576605,
                        -0.9785275751594419,
                        0.8535372827551282,
                        -0.7924489300232193,
                        0.6658360988701308,
                        -0.9377116262212728,
                        0.0
                    ]
                ]
            },
            "oracle_est_tgt": [
                1,
                2,
                4
            ]
        },
        "obs": {
            "intv_type": "obs",
            "noise_type": "gaussian",
            "obs_noise_gamma_shape": 2.0,
            "true_params": {
                "Si": [
                    [
                        1.0,
                        0.6497469086078208,
                        1.5319108823793708,
                        -0.16910284414771914,
                        -1.3368856282739856,
                        -1.4515195427800835,
                        -0.7150811759086358,
                        -0.4974879513547462
                    ],
                    [
                        0.6497469086078208,
                        1.42217104524542,
                        1.9223751535474627,
                        -0.14275771105003962,
                        -2.6596268874298437,
                        -1.0776281266516547,
                        -0.9944868011875112,
                        -0.17607504004122387
                    ],
                    [
                        1.5319108823793708,
                        1.9223751535474627,
                        4.2061185030573025,
                        0.3462593904118002,
                        -4.955171696944906,
                        -2.380385865569371,
                        -2.8094980705491874,
                        1.0518885402001061
                    ],
                    [
                        -0.16910284414771914,
                        -0.14275771105003962,
                        0.3462593904118002,
                        1.4339107550256713,
                        -1.012961419159163,
                        0.5671084314202177,
                        -1.4232944055321273,
                        3.3598433128517575
                    ],
                    [
                        -1.3368856282739856,
                        -2.6596268874298437,
                        -4.955171696944906,
                        -1.012961419159163,
                        7.80484406942432,
                        1.3825017379470992,
                        3.960326593223834,
                        -4.172209840349453
