{
    "expt_args": {
        "save_dir": "all_expt_logs/expt_logs_sim_compsel_n48",
        "exp_name": "15",
        "num_nodes": 8,
        "num_tgt_prior": 9,
        "obs_noise_mean": 0.0,
        "obs_noise_var": 1.0,
        "obs_noise_gamma_shape": 2.0,
        "noise_type": "gaussian",
        "max_edge_strength": 1.0,
        "graph_sparsity_method": "adj_dense_prop",
        "adj_dense_prop": 0.8,
        "num_parents": null,
        "new_noise_mean": 1.0,
        "mix_samples": 16384,
        "stage2_samples": 16384,
        "gmm_tol": 0.001,
        "intv_type": "do",
        "new_noise_var": null,
        "dtype": "simulation",
        "cutoff_drop_ratio": 0.07,
        "intv_targets": [
            0,
            6,
            5,
            3
        ]
    },
    "intv_args_dict": {
        "0": {
            "intv_type": "do",
            "inode": 0,
            "new_mui": 1.0,
            "new_vari": null,
            "noise_type": "gaussian",
            "obs_noise_gamma_shape": 2.0,
            "true_params": {
                "Si": [
                    [
                        1e-09,
                        6.497469086078208e-10,
                        1.5319108823793709e-09,
                        -1.6910284414771916e-10,
                        -1.3368856282739856e-09,
                        -1.4515195427800837e-09,
                        -7.150811759086359e-10,
                        -4.974879513547462e-10
                    ],
                    [
                        6.497469086078208e-10,
                        1.000000000422171,
                        0.9270207944541419,
                        -0.03288366093814304,
                        -1.7909895841652346,
                        -0.13450779188957837,
                        -0.5298650182018515,
                        0.14716621809791913
                    ],
                    [
                        1.5319108823793709e-09,
                        0.9270207944541419,
                        1.859367553851711,
                        0.6053098773439434,
                        -2.9071820565433946,
                        -0.15678728422183097,
                        -1.7140574364855516,
                        1.8139957459709537
                    ],
                    [
                        -1.6910284414771916e-10,
                        -0.03288366093814304,
                        0.6053098773439434,
                        1.4053149831554193,
                        -1.2390325809744331,
                        0.3216523486455648,
                        -1.5442166660538508,
                        3.2757166854325743
                    ],
                    [
                        -1.3368856282739856e-09,
                        -1.7909895841652346,
                        -2.9071820565433946,
                        -1.2390325809744331,
                        6.017580888126053,
                        -0.5580138760139056,
                        3.0043448470582987,
                        -4.837294332089996
                    ],
                    [
                        -1.4515195427800837e-09,
                        -0.13450779188957837,
                        -0.15678728422183097,
                        0.3216523486455648,
                        -0.5580138760139056,
                        1.5798480552430645,
                        0.4489435137274115,
                        1.6012040406414112
                    ],
                    [
                        -7.150811759086359e-10,
                        -0.5298650182018515,
                        -1.7140574364855516,
                        -1.5442166660538508,
                        3.0043448470582987,
                        0.4489435137274115,
                        3.8894415253440995,
                        -4.975499928537188
                    ],
                    [
                        -4.974879513547462e-10,
                        0.14716621809791913,
                        1.8139957459709537,
                        3.2757166854325743,
                        -4.837294332089996,
                        1.6012040406414112,
                        -4.975499928537188,
                        11.476409838483649
                    ]
                ],
                "mui": [
                    1.0,
                    0.6497469086078208,
                    1.5319108823793708,
                    -0.16910284414771914,
                    -1.3368856282739856,
                    -1.4515195427800835,
                    -0.7150811759086358,
                    -0.4974879513547462
                ],
                "Ai": [
                    [
                        0.0,
                        0.0,
                        0.0,
                        0.0,
                        0.0,
                        0.0,
                        0.0,
                        0.0
                    ],
                    [
                        0.6497469086078208,
                        0.0,
                        0.0,
                        0.0,
                        0.0,
                        0.0,
                        0.0,
                        0.0
                    ],
                    [
                        0.9295819876143543,
                        0.9270207934587875,
                        0.0,
                        0.0,
                        0.0,
                        0.0,
                        0.0,
                        0.0
                    ],
                    [
                        -0.7387591724422125,
                        -0.622277654942747,
                        0.6357937149558455,
                        0.0,
                        0.0,
                        0.0,
                        0.0,
                        0.0
                    ],
                    [
                        0.6127081558789187,
                        -0.9494378017974436,
                        -0.9257216331000175,
                        -0.5051573006405978,
                        0.0,
                        0.0,
                        0.0,
                        0.0
                    ],
                    [
                        -0.6753364951622114,
                        -0.5292337044922556,
                        -0.8654933606288464,
                        -0.0,
                        -0.6683770059934651,
                        0.0,
                        0.0,
                        0.0
                    ],
                    [
                        0.5723055120847851,
                        0.6102381477422762,
                        -0.0,
                        -0.7162301402401425,
                        0.5976777958033876,
                        0.6930507696146437,
                        0.0,
                        0.0
                    ],
                    [
                        0.8659393657558913,
                        -0.7442191655576605,
                        -0.9785275751594419,
                        0.8535372827551282,
                        -0.7924489300232193,
                        0.6658360988701308,
                        -0.9377116262212728,
                        0.0
                    ]
                ]
            },
            "est_params": {
                "mui": [
                    1.0000036522596094,
                    0.6564806403345815,
                    1.5614189413526913,
                    -0.1488924726665021,
                    -1.3880642071564178,
                    -1.4739673904297113,
                    -0.750881208571201,
                    -0.4395824762104913
                ],
                "Si": [
                    [
                        1.0244034563415717e-06,
                        2.525989373062605e-06,
                        2.4229150253588866e-07,
                        -1.5509499642702823e-06,
                        1.4305273708002544e-06,
                        -5.563222163819917e-06,
                        2.0566947751373527e-06,
                        -1.5280192895086656e-05
                    ],
                    [
                        2.525989373062605e-06,
                        0.9872477301552072,
                        0.8916246954935636,
                        -0.04617006480038601,
                        -1.7505336195701362,
                        -0.10846476192602504,
                        -0.4956525167436106,
                        0.112429479503101
                    ],
                    [
                        2.422915025358891e-07,
                        0.8916246954935636,
                        1.7667754586397064,
                        0.6113641684849198,
                        -2.823902907192846,
                        -0.10320821032012426,
                        -1.6869266461245747,
                        1.8576607696963514
                    ],
                    [
                        -1.5509499642702819e-06,
                        -0.04617006480038601,
                        0.6113641684849198,
                        1.4569259934975207,
                        -1.2741564717457348,
                        0.34705624597250034,
                        -1.5909379330868203,
                        3.4148746899354134
                    ],
                    [
                        1.4305273708002544e-06,
                        -1.7505336195701364,
                        -2.8239029071928465,
                        -1.2741564717457348,
                        5.938452335399214,
                        -0.6341045847489768,
                        2.9750768356584683,
                        -4.909560114526214
                    ],
                    [
                        -5.563222163819918e-06,
                        -0.10846476192602506,
                        -0.10320821032012426,
                        0.3470562459725003,
                        -0.6341045847489768,
                        1.5907278308846304,
                        0.4206411490213114,
                        1.6796680036587501
                    ],
                    [
                        2.056694775137353e-06,
                        -0.49565251674361066,
                        -1.6869266461245744,
                        -1.5909379330868203,
                        2.9750768356584687,
                        0.4206411490213114,
                        3.8883555627657307,
                        -5.0512284204107605
                    ],
                    [
                        -1.5280192895086656e-05,
                        0.11242947950310105,
                        1.8576607696963514,
                        3.4148746899354134,
                        -4.909560114526214,
                        1.6796680036587501,
                        -5.0512284204107605,
                        11.784423532832896
                    ]
                ]
            },
            "est_tgt": [
                0,
                2,
                4,
                7
            ],
            "oracle_est_tgt": [
                0,
                1,
                2,
                4,
                5
            ]
        },
        "6": {
            "intv_type": "do",
            "inode": 6,
            "new_mui": 1.0,
            "new_vari": null,
            "noise_type": "gaussian",
            "obs_noise_gamma_shape": 2.0,
            "true_params": {
                "Si": [
                    [
                        1.0,
                        0.6497469086078208,
                        1.5319108823793708,
                        -0.16910284414771914,
                        -1.3368856282739856,
                        -1.4515195427800835,
                        0.0,
                        -1.1680278836962532
                    ],
                    [
                        0.6497469086078208,
                        1.42217104524542,
                        1.9223751535474627,
                        -0.14275771105003962,
                        -2.6596268874298437,
                        -1.0776281266516547,
                        0.0,
                        -1.1086168756383565
                    ],
                    [
                        1.5319108823793708,
                        1.9223751535474627,
                        4.2061185030573025,
                        0.3462593904118002,
                        -4.955171696944906,
                        -2.380385865569371,
                        0.0,
                        -1.5826104644001004
                    ],
                    [
                        -0.16910284414771914,
                        -0.14275771105003962,
                        0.3462593904118002,
                        1.4339107550256713,
                        -1.012961419159163,
                        0.5671084314202177,
                        0.0,
                        2.0252036012485863
                    ],
                    [
                        -1.3368856282739856,
                        -2.6596268874298437,
                        -4.955171696944906,
                        -1.012961419159163,
                        7.80484406942432,
                        1.3825017379470992,
                        0.0,
                        -0.4585655502501781
                    ],
                    [
                        -1.4515195427800835,
                        -1.0776281266516547,
                        -2.380385865569371,
                        0.5671084314202177,
                        1.3825017379470992,
                        3.6867570362086584,
                        0.0,
                        3.7175988909819933
                    ],
                    [
                        0.0,
                        0.0,
                        0.0,
                        0.0,
                        0.0,
                        0.0,
                        1e-09,
                        -9.377116262212728e-10
                    ],
                    [
                        -1.1680278836962532,
                        -1.1086168756383565,
                        -1.5826104644001004,
                        2.0252036012485863,
                        -0.4585655502501781,
                        3.7175988909819933,
                        -9.377116262212728e-10,
                        6.9295286835605365
                    ]
                ],
                "mui": [
                    0.0,
                    0.0,
                    0.0,
                    0.0,
                    0.0,
                    0.0,
                    1.0,
                    -0.9377116262212728
                ],
                "Ai": [
                    [
                        0.0,
                        0.0,
                        0.0,
                        0.0,
                        0.0,
                        0.0,
                        0.0,
                        0.0
                    ],
                    [
                        0.6497469086078208,
                        0.0,
                        0.0,
                        0.0,
                        0.0,
                        0.0,
                        0.0,
                        0.0
                    ],
                    [
                        0.9295819876143543,
                        0.9270207934587875,
                        0.0,
                        0.0,
                        0.0,
                        0.0,
                        0.0,
                        0.0
                    ],
                    [
                        -0.7387591724422125,
                        -0.622277654942747,
                        0.6357937149558455,
                        0.0,
                        0.0,
                        0.0,
                        0.0,
                        0.0
                    ],
                    [
                        0.6127081558789187,
                        -0.9494378017974436,
                        -0.9257216331000175,
                        -0.5051573006405978,
                        0.0,
                        0.0,
                        0.0,
                        0.0
                    ],
                    [
                        -0.6753364951622114,
                        -0.5292337044922556,
                        -0.8654933606288464,
                        -0.0,
                        -0.6683770059934651,
                        0.0,
                        0.0,
                        0.0
                    ],
                    [
                        0.0,
                        0.0,
                        0.0,
                        0.0,
                        0.0,
                        0.0,
                        0.0,
                        0.0
                    ],
                    [
                        0.8659393657558913,
                        -0.7442191655576605,
                        -0.9785275751594419,
                        0.8535372827551282,
                        -0.7924489300232193,
                        0.6658360988701308,
                        -0.9377116262212728,
                        0.0
                    ]
                ]
            },
            "oracle_est_tgt": [
                3,
                6,
                7
            ]
        },
        "5": {
            "intv_type": "do",
            "inode": 5,
            "new_mui": 1.0,
            "new_vari": null,
            "noise_type": "gaussian",
            "obs_noise_gamma_shape": 2.0,
            "true_params": {
                "Si": [
                    [
                        1.0,
                        0.6497469086078208,
                        1.5319108823793708,
                        -0.16910284414771914,
                        -1.3368856282739856,
                        0.0,
                        0.2908955603257969,
                        -0.47432992283145775
                    ],
                    [
                        0.6497469086078208,
                        1.42217104524542,
                        1.9223751535474627,
                        -0.14275771105003962,
                        -2.6596268874298437,
                        0.0,
                        -0.247635798653195,
                        -0.1588822002902004
                    ],
                    [
                        1.5319108823793708,
                        1.9223751535474627,
                        4.2061185030573025,
                        0.3462593904118002,
                        -4.955171696944906,
                        0.0,
                        -1.1597698144365147,
                        1.0898660128738171
                    ],
                    [
                        -0.16910284414771914,
                        -0.14275771105003962,
                        0.3462593904118002,
                        1.4339107550256713,
                        -1.012961419159163,
                        0.0,
                        -1.8163293403828624,
                        3.3507954751592153
                    ],
                    [
                        -1.3368856282739856,
                        -2.6596268874298437,
                        -4.955171696944906,
                        -1.012961419159163,
                        7.80484406942432,
                        0.0,
                        3.0021826997460144,
                        -4.194266735718257
                    ],
                    [
                        0.0,
                        0.0,
                        0.0,
                        0.0,
                        0.0,
                        1e-09,
                        6.930507696146438e-10,
                        1.595433464087859e-11
                    ],
                    [
                        0.2908955603257969,
                        -0.247635798653195,
                        -1.1597698144365147,
                        -1.8163293403828624,
                        3.0021826997460144,
                        6.930507696146438e-10,
                        4.110612078778924,
                        -6.212890045912596
                    ],
                    [
                        -0.47432992283145775,
                        -0.1588822002902004,
                        1.0898660128738171,
                        3.3507954751592153,
                        -4.194266735718257,
                        1.595433464087859e-11,
                        -6.212890045912596,
                        11.650708559544888
                    ]
                ],
                "mui": [
                    0.0,
                    0.0,
                    0.0,
                    0.0,
                    0.0,
                    1.0,
                    0.6930507696146437,
                    0.015954334640878587
                ],
                "Ai": [
                    [
                        0.0,
                        0.0,
                        0.0,
                        0.0,
                        0.0,
                        0.0,
                        0.0,
                        0.0
                    ],
                    [
                        0.6497469086078208,
                        0.0,
                        0.0,
                        0.0,
                        0.0,
                        0.0,
                        0.0,
                        0.0
                    ],
                    [
                        0.9295819876143543,
                        0.9270207934587875,
                        0.0,
                        0.0,
                        0.0,
                        0.0,
                        0.0,
                        0.0
                    ],
                    [
                        -0.7387591724422125,
                        -0.622277654942747,
                        0.6357937149558455,
                        0.0,
                        0.0,
                        0.0,
                        0.0,
                        0.0
                    ],
                    [
                        0.6127081558789187,
                        -0.9494378017974436,
                        -0.9257216331000175,
                        -0.5051573006405978,
                        0.0,
                        0.0,
                        0.0,
                        0.0
                    ],
                    [
                        0.0,
                        0.0,
                        0.0,
                        0.0,
                        0.0,
                        0.0,
                        0.0,
                        0.0
                    ],
                    [
                        0.5723055120847851,
                        0.6102381477422762,
                        -0.0,
                        -0.7162301402401425,
                        0.5976777958033876,
                        0.6930507696146437,
                        0.0,
                        0.0
                    ],
                    [
                        0.8659393657558913,
                        -0.7442191655576605,
                        -0.9785275751594419,
                        0.8535372827551282,
                        -0.7924489300232193,
                        0.6658360988701308,
                        -0.9377116262212728,
                        0.0
                    ]
                ]
            },
            "oracle_est_tgt": [
                0,
                4,
                5
            ]
        },
        "3": {
            "intv_type": "do",
            "inode": 3,
            "new_mui": 1.0,
            "new_vari": null,
            "noise_type": "gaussian",
            "obs_noise_gamma_shape": 2.0,
            "true_params": {
                "Si": [
                    [
                        1.0,
                        0.6497469086078208,
                        1.5319108823793708,
                        0.0,
                        -1.4223091645542951,
                        -1.394424415359676,
                        -0.8476836585613503,
                        -0.12309969277525501
                    ],
                    [
                        0.6497469086078208,
                        1.42217104524542,
                        1.9223751535474627,
                        0.0,
                        -2.731741987389512,
                        -1.0294280520536923,
                        -1.1064306717856773,
                        0.1399859411219923
                    ],
                    [
                        1.5319108823793708,
                        1.9223751535474627,
                        4.2061185030573025,
                        0.0,
                        -4.780256237963021,
                        -2.4972953363456556,
                        -2.5379777715155916,
                        0.28528138556332516
                    ],
                    [
                        0.0,
                        0.0,
                        0.0,
                        1e-09,
                        -5.051573006405978e-10,
                        3.376355241579035e-10,
                        -7.841528823541257e-10,
                        2.213967839904844e-09
                    ],
                    [
                        -1.4223091645542951,
                        -2.731741987389512,
                        -4.780256237963021,
                        -5.051573006405978e-10,
                        7.147345293779989,
                        1.7664260057338492,
                        3.015023938877605,
                        -1.8359851395283657
                    ],
                    [
                        -1.394424415359676,
                        -1.0294280520536923,
                        -2.4972953363456556,
                        3.376355241579035e-10,
                        1.7664260057338492,
                        3.4672677270494026,
                        2.032513121191438,
                        1.005223877008845
                    ],
                    [
                        -0.8476836585613503,
                        -1.1064306717856773,
                        -2.5379777715155916,
                        -7.841528823541257e-10,
                        3.015023938877605,
                        2.032513121191438,
                        3.050327411483445,
                        -1.3233938688230542
                    ],
                    [
                        -0.12309969277525501,
                        0.1399859411219923,
                        0.28528138556332516,
                        2.213967839904844e-09,
                        -1.8359851395283657,
                        1.005223877008845,
                        -1.3233938688230542,
                        3.8752678302399253
                    ]
                ],
                "mui": [
                    0.0,
                    0.0,
                    0.0,
                    1.0,
                    -0.5051573006405978,
                    0.3376355241579035,
                    -0.7841528823541256,
                    2.2139678399048437
                ],
                "Ai": [
                    [
                        0.0,
                        0.0,
                        0.0,
                        0.0,
                        0.0,
                        0.0,
                        0.0,
                        0.0
                    ],
                    [
                        0.6497469086078208,
                        0.0,
                        0.0,
                        0.0,
                        0.0,
                        0.0,
                        0.0,
                        0.0
                    ],
                    [
                        0.9295819876143543,
                        0.9270207934587875,
                        0.0,
                        0.0,
                        0.0,
                        0.0,
                        0.0,
                        0.0
                    ],
                    [
                        0.0,
                        0.0,
                        0.0,
                        0.0,
                        0.0,
                        0.0,
                        0.0,
                        0.0
                    ],
                    [
                        0.6127081558789187,
                        -0.9494378017974436,
                        -0.9257216331000175,
                        -0.5051573006405978,
                        0.0,
                        0.0,
                        0.0,
                        0.0
                    ],
                    [
                        -0.6753364951622114,
                        -0.5292337044922556,
                        -0.8654933606288464,
                        -0.0,
                        -0.6683770059934651,
                        0.0,
                        0.0,
                        0.0
                    ],
                    [
                        0.5723055120847851,
                        0.6102381477422762,
                        -0.0,
                        -0.7162301402401425,
                        0.5976777958033876,
                        0.6930507696146437,
                        0.0,
                        0.0
                    ],
                    [
                        0.8659393657558913,
                        -0.7442191655576605,
                        -0.9785275751594419,
                        0.8535372827551282,
                        -0.7924489300232193,
                        0.6658360988701308,
                        -0.9377116262212728,
                        0.0
                    ]
                ]
            },
            "est_params": {
                "mui": [
                    0.0053710670692623174,
                    -0.0046594570973344344,
                    0.036239850479909616,
                    0.9999986676735086,
                    -0.5268419542124583,
                    0.3375732781438028,
                    -0.788028953910611,
                    2.212117999859346
                ],
                "Si": [
                    [
                        1.0112632678087694,
                        0.6597285697010907,
                        1.5664555079707816,
                        -3.467543098190393e-06,
                        -1.4536313987845895,
                        -1.4383672094164675,
                        -0.8723917163600095,
                        -0.13803793214104781
                    ],
                    [
                        0.6597285697010907,
                        1.4591869844828953,
                        1.9497701992947087,
                        -3.164937664659935e-06,
                        -2.7980092276588344,
                        -1.0332476930068581,
                        -1.1535808053613175,
                        0.1646494870991185
                    ],
                    [
                        1.5664555079707816,
                        1.949770199294709,
                        4.218515592068933,
                        -9.469900432156927e-06,
                        -4.805190265032603,
                        -2.5418941488172027,
                        -2.572600929874369,
                        0.26141374661576844
                    ],
                    [
                        -3.4675430981903936e-06,
                        -3.164937664659935e-06,
                        -9.469900432156927e-06,
                        1.0206295995650833e-06,
                        9.253580325704954e-06,
                        5.202253260245022e-06,
                        4.421671459896656e-07,
                        2.8058557101201963e-06
                    ],
                    [
                        -1.4536313987845895,
                        -2.7980092276588344,
                        -4.805190265032603,
                        9.253580325704952e-06,
                        7.242259813357603,
                        1.7478358998574615,
                        3.0711462315604368,
                        -1.8631857367772604
                    ],
                    [
                        -1.4383672094164675,
                        -1.0332476930068581,
                        -2.5418941488172027,
                        5.202253260245021e-06,
                        1.7478358998574615,
                        3.586924927798356,
                        2.0627473566612062,
                        1.0735027338000147
                    ],
                    [
                        -0.8723917163600095,
                        -1.1535808053613175,
                        -2.572600929874369,
                        4.4216714598966563e-07,
                        3.0711462315604368,
                        2.0627473566612067,
                        3.071603998880476,
                        -1.2854330595108052
                    ],
                    [
                        -0.13803793214104781,
                        0.16464948709911853,
                        0.26141374661576844,
                        2.805855710120195e-06,
                        -1.8631857367772606,
                        1.0735027338000147,
                        -1.2854330595108052,
                        3.8776075056187747
                    ]
                ]
            },
            "est_tgt": [
                0,
                1,
                2,
                3,
                4,
                5,
                6,
                7
            ],
            "oracle_est_tgt": [
                0,
                3,
                4,
                5,
                7
            ]
        },
        "obs": {
            "intv_type": "obs",
            "noise_type": "gaussian",
            "obs_noise_gamma_shape": 2.0,
            "true_params": {
                "Si": [
                    [
                        1.0,
                        0.6497469086078208,
                        1.5319108823793708,
                        -0.16910284414771914,
                        -1.3368856282739856,
                        -1.4515195427800835,
                        -0.7150811759086358,
                        -0.4974879513547462
                    ],
                    [
                        0.6497469086078208,
                        1.42217104524542,
                        1.9223751535474627,
                        -0.14275771105003962,
                        -2.6596268874298437,
                        -1.0776281266516547,
                        -0.9944868011875112,
                        -0.17607504004122387
                    ],
                    [
                        1.5319108823793708,
                        1.9223751535474627,
                        4.2061185030573025,
                        0.3462593904118002,
                        -4.955171696944906,
                        -2.380385865569371,
                        -2.8094980705491874,
                        1.0518885402001061
                    ],
                    [
                        -0.16910284414771914,
                        -0.14275771105003962,
                        0.3462593904118002,
                        1.4339107550256713,
                        -1.012961419159163,
                        0.5671084314202177,
                        -1.4232944055321273,
                        3.3598433128517575
                    ],
                    [
                        -1.3368856282739856,
                        -2.6596268874298437,
                        -4.955171696944906,
                        -1.012961419159163,
                        7.80484406942432,
                        1.3825017379470992,
                        3.960326593223834,
                        -4.172209840349453
                    ],
                    [
                        -1.4515195427800835,
                        -1.0776281266516547,
                        -2.380385865569371,
                        0.5671084314202177,
                        1.3825017379470992,
                        3.6867570362086584,
                        1.486897814195005,
                        2.323317523608339
                    ],
                    [
                        -0.7150811759086358,
                        -0.9944868011875112,
                        -2.8094980705491874,
                        -1.4232944055321273,
                        3.960326593223834,
                        1.486897814195005,
                        4.400782612971636,
                        -4.619755659637801
                    ],
                    [
                        -0.4974879513547462,
                        -0.17607504004122387,
                        1.0518885402001061,
                        3.3598433128517575,
                        -4.172209840349453,
                        2.323317523608339,
                        -4.619755659637801,
                        11.723904099979297
                    ]
                ],
                "mui": [
                    0.0,
                    0.0,
                    0.0,
                    0.0,
                    0.0,
                    0.0,
                    0.0,
                    0.0
                ],
                "Ai": [
                    [
                        0.0,
                        0.0,
                        0.0,
                        0.0,
                        0.0,
                        0.0,
                        0.0,
                        0.0
                    ],
                    [
                        0.6497469086078208,
                        0.0,
                        0.0,
                        0.0,
                        0.0,
                        0.0,
                        0.0,
                        0.0
                    ],
                    [
                        0.9295819876143543,
                        0.9270207934587875,
                        0.0,
                        0.0,
                        0.0,
                        0.0,
                        0.0,
                        0.0
                    ],
                    [
                        -0.7387591724422125,
                        -0.622277654942747,
                        0.6357937149558455,
                        0.0,
                        0.0,
                        0.0,
                        0.0,
                        0.0
                    ],
                    [
                        0.6127081558789187,
                        -0.9494378017974436,
                        -0.9257216331000175,
                        -0.5051573006405978,
                        0.0,
                        0.0,
                        0.0,
                        0.0
                    ],
                    [
                        -0.6753364951622114,
                        -0.5292337044922556,
                        -0.8654933606288464,
                        -0.0,
                        -0.6683770059934651,
                        0.0,
                        0.0,
                        0.0
                    ],
                    [
                        0.5723055120847851,
                        0.6102381477422762,
                        -0.0,
                        -0.7162301402401425,
                        0.5976777958033876,
                        0.6930507696146437,
                        0.0,
