{
    "expt_args": {
        "save_dir": "all_expt_logs/expt_logs_sim_compsel_backward_cameraready_new_mean_largerange",
        "exp_name": "269",
        "num_nodes": 6,
        "num_tgt_prior": 7,
        "obs_noise_mean": 0.0,
        "obs_noise_var": 1.0,
        "obs_noise_gamma_shape": null,
        "noise_type": "gaussian",
        "max_edge_strength": 1.0,
        "graph_sparsity_method": "adj_dense_prop",
        "adj_dense_prop": 0.8,
        "num_parents": null,
        "new_noise_mean": 1.0,
        "mix_samples": 32768,
        "stage2_samples": 32768,
        "gmm_tol": 0.001,
        "intv_type": "hard",
        "new_noise_var": 1.0,
        "dtype": "simulation",
        "cutoff_drop_ratio": 0.07,
        "intv_targets": [
            0,
            1,
            2,
            3,
            4,
            5
        ]
    },
    "intv_args_dict": {
        "0": {
            "intv_type": "hard",
            "inode": 0,
            "new_mui": 1.0,
            "new_vari": 1.0,
            "noise_type": "gaussian",
            "obs_noise_gamma_shape": null,
            "true_params": {
                "Si": [
                    [
                        1.0,
                        0.5149744782978672,
                        0.3498370312093081,
                        0.06977639315287959,
                        0.05698141818782563,
                        0.801154990877263
                    ],
                    [
                        0.5149744782978672,
                        1.2651987132981606,
                        -0.7825791709031017,
                        1.390827250282784,
                        1.2119176082567629,
                        -0.47617886212579524
                    ],
                    [
                        0.3498370312093081,
                        -0.7825791709031017,
                        2.049247157812757,
                        -2.0225965209499868,
                        -2.4800424828958265,
                        1.1409390773402606
                    ],
                    [
                        0.06977639315287959,
                        1.390827250282784,
                        -2.0225965209499868,
                        3.3920633280355093,
                        3.3237683429736413,
                        -0.6990082281773544
                    ],
                    [
                        0.05698141818782563,
                        1.2119176082567629,
                        -2.4800424828958265,
                        3.3237683429736413,
                        4.75447196156717,
                        -0.0509974459554271
                    ],
                    [
                        0.801154990877263,
                        -0.47617886212579524,
                        1.1409390773402606,
                        -0.6990082281773544,
                        -0.0509974459554271,
                        3.0480667783068283
                    ]
                ],
                "mui": [
                    1.0,
                    0.5149744782978672,
                    0.3498370312093081,
                    0.06977639315287959,
                    0.05698141818782563,
                    0.801154990877263
                ],
                "Ai": [
                    [
                        0.0,
                        0.0,
                        0.0,
                        0.0,
                        0.0,
                        0.0
                    ],
                    [
                        0.5149744782978672,
                        0.0,
                        0.0,
                        0.0,
                        0.0,
                        0.0
                    ],
                    [
                        0.8456216620126673,
                        -0.9627363135393898,
                        0.0,
                        0.0,
                        0.0,
                        0.0
                    ],
                    [
                        -0.0,
                        0.6399651905535234,
                        -0.7426010507898002,
                        0.0,
                        0.0,
                        0.0
                    ],
                    [
                        0.5992747994694467,
                        -0.5802992013276089,
                        -0.8368216502103323,
                        0.7065011060686452,
                        0.0,
                        0.0
                    ],
                    [
                        0.870345236975299,
                        -0.8017350889095032,
                        0.8779736380383458,
                        -0.0,
                        0.6411769520096817,
                        0.0
                    ]
                ]
            },
            "oracle_est_tgt": [
                0
            ]
        },
        "1": {
            "intv_type": "hard",
            "inode": 1,
            "new_mui": 1.0,
            "new_vari": 1.0,
            "noise_type": "gaussian",
            "obs_noise_gamma_shape": null,
            "true_params": {
                "Si": [
                    [
                        1.0,
                        0.0,
                        0.8456216620126673,
                        -0.627959534781224,
                        -0.5520138210788841,
                        1.258840224710016
                    ],
                    [
                        0.0,
                        1.0,
                        -0.9627363135393898,
                        1.354894188621373,
                        1.1825736321528149,
                        -0.8887532355885464
                    ],
                    [
                        0.8456216620126673,
                        -0.9627363135393898,
                        2.6419372046724803,
                        -2.5780230726574835,
                        -2.966771537903441,
                        1.925167956820922
                    ],
                    [
                        -0.627959534781224,
                        1.354894188621373,
                        -2.5780230726574835,
                        3.7815277603167354,
                        3.6664347274132605,
                        -1.5454106556699911
                    ],
                    [
                        -0.5520138210788841,
                        1.1825736321528149,
                        -2.966771537903441,
                        3.6664347274132605,
                        5.055944338210584,
                        -0.7915455960938451
                    ],
                    [
                        1.258840224710016,
                        -0.8887532355885464,
                        1.925167956820922,
                        -1.5454106556699911,
                        -0.7915455960938451,
                        3.990896170247245
                    ]
                ],
                "mui": [
                    0.0,
                    1.0,
                    -0.9627363135393898,
                    1.354894188621373,
                    1.1825736321528149,
                    -0.8887532355885464
                ],
                "Ai": [
                    [
                        0.0,
                        0.0,
                        0.0,
                        0.0,
                        0.0,
                        0.0
                    ],
                    [
                        0.0,
                        0.0,
                        0.0,
                        0.0,
                        0.0,
                        0.0
                    ],
                    [
                        0.8456216620126673,
                        -0.9627363135393898,
                        0.0,
                        0.0,
                        0.0,
                        0.0
                    ],
                    [
                        -0.0,
                        0.6399651905535234,
                        -0.7426010507898002,
                        0.0,
                        0.0,
                        0.0
                    ],
                    [
                        0.5992747994694467,
                        -0.5802992013276089,
                        -0.8368216502103323,
                        0.7065011060686452,
                        0.0,
                        0.0
                    ],
                    [
                        0.870345236975299,
                        -0.8017350889095032,
                        0.8779736380383458,
                        -0.0,
                        0.6411769520096817,
                        0.0
                    ]
                ]
            },
            "oracle_est_tgt": [
                1
            ]
        },
        "2": {
            "intv_type": "hard",
            "inode": 2,
            "new_mui": 1.0,
            "new_vari": 1.0,
            "noise_type": "gaussian",
            "obs_noise_gamma_shape": null,
            "true_params": {
                "Si": [
                    [
                        1.0,
                        0.5149744782978672,
                        0.0,
                        0.3295657401340959,
                        0.5332740809361627,
                        0.7993951776314465
                    ],
                    [
                        0.5149744782978672,
                        1.2651987132981606,
                        0.0,
                        0.8096831356439299,
                        0.14645945526376172,
                        -0.47224219142488444
                    ],
                    [
                        0.0,
                        0.0,
                        1.0,
                        -0.7426010507898002,
                        -1.3614701139610643,
                        0.005030380116516575
                    ],
                    [
                        0.3295657401340959,
                        0.8096831356439299,
                        -0.7426010507898002,
                        2.0696253428244575,
                        1.8112591965112792,
                        0.14703809619752578
                    ],
                    [
                        0.5332740809361627,
                        0.14645945526376172,
                        -1.3614701139610643,
                        1.8112591965112792,
                        3.6535517061880065,
                        1.493949149906161
                    ],
                    [
                        0.7993951776314465,
                        -0.47224219142488444,
                        0.005030380116516575,
                        0.14703809619752578,
                        1.493949149906161,
                        3.0366652241673022
                    ]
                ],
                "mui": [
                    0.0,
                    0.0,
                    1.0,
                    -0.7426010507898002,
                    -1.3614701139610643,
                    0.005030380116516575
                ],
                "Ai": [
                    [
                        0.0,
                        0.0,
                        0.0,
                        0.0,
                        0.0,
                        0.0
                    ],
                    [
                        0.5149744782978672,
                        0.0,
                        0.0,
                        0.0,
                        0.0,
                        0.0
                    ],
                    [
                        0.0,
                        0.0,
                        0.0,
                        0.0,
                        0.0,
                        0.0
                    ],
                    [
                        -0.0,
                        0.6399651905535234,
                        -0.7426010507898002,
                        0.0,
                        0.0,
                        0.0
                    ],
                    [
                        0.5992747994694467,
                        -0.5802992013276089,
                        -0.8368216502103323,
                        0.7065011060686452,
                        0.0,
                        0.0
                    ],
                    [
                        0.870345236975299,
                        -0.8017350889095032,
                        0.8779736380383458,
                        -0.0,
                        0.6411769520096817,
                        0.0
                    ]
                ]
            },
            "oracle_est_tgt": [
                2
            ]
        },
        "3": {
            "intv_type": "hard",
            "inode": 3,
            "new_mui": 1.0,
            "new_vari": 1.0,
            "noise_type": "gaussian",
            "obs_noise_gamma_shape": null,
            "true_params": {
                "Si": [
                    [
                        1.0,
                        0.5149744782978672,
                        0.3498370312093081,
                        0.0,
                        0.007684319247835553,
                        0.7695468272360004
                    ],
                    [
                        0.5149744782978672,
                        1.2651987132981606,
                        -0.7825791709031017,
                        0.0,
                        0.2292966175815635,
                        -1.1062127939076534
                    ],
                    [
                        0.3498370312093081,
                        -0.7825791709031017,
                        2.049247157812757,
                        0.0,
                        -1.0510758037140673,
                        2.0571595772214177
                    ],
                    [
                        0.0,
                        0.0,
                        0.0,
                        1.0,
                        0.7065011060686452,
                        0.4529922257805628
                    ],
                    [
                        0.007684319247835553,
                        0.2292966175815635,
                        -1.0510758037140673,
                        0.7065011060686452,
                        2.250251176262979,
                        0.3428452097849279
                    ],
                    [
                        0.7695468272360004,
                        -1.1062127939076534,
                        2.0571595772214177,
                        0.4529922257805628,
                        0.3428452097849279,
                        4.582617353050223
                    ]
                ],
                "mui": [
                    0.0,
                    0.0,
                    0.0,
                    1.0,
                    0.7065011060686452,
                    0.4529922257805628
                ],
                "Ai": [
                    [
                        0.0,
                        0.0,
                        0.0,
                        0.0,
                        0.0,
                        0.0
                    ],
                    [
                        0.5149744782978672,
                        0.0,
                        0.0,
                        0.0,
                        0.0,
                        0.0
                    ],
                    [
                        0.8456216620126673,
                        -0.9627363135393898,
                        0.0,
                        0.0,
                        0.0,
                        0.0
                    ],
                    [
                        0.0,
                        0.0,
                        0.0,
                        0.0,
                        0.0,
                        0.0
                    ],
                    [
                        0.5992747994694467,
                        -0.5802992013276089,
                        -0.8368216502103323,
                        0.7065011060686452,
                        0.0,
                        0.0
                    ],
                    [
                        0.870345236975299,
                        -0.8017350889095032,
                        0.8779736380383458,
                        -0.0,
                        0.6411769520096817,
                        0.0
                    ]
                ]
            },
            "oracle_est_tgt": [
                3
            ]
        },
        "4": {
            "intv_type": "hard",
            "inode": 4,
            "new_mui": 1.0,
            "new_vari": 1.0,
            "noise_type": "gaussian",
            "obs_noise_gamma_shape": null,
            "true_params": {
                "Si": [
                    [
                        1.0,
                        0.5149744782978672,
                        0.3498370312093081,
                        0.06977639315287959,
                        0.0,
                        0.7646198188424039
                    ],
                    [
                        0.5149744782978672,
                        1.2651987132981606,
                        -0.7825791709031017,
                        1.390827250282784,
                        0.0,
                        -1.25323250027473
                    ],
                    [
                        0.3498370312093081,
                        -0.7825791709031017,
                        2.049247157812757,
                        -2.0225965209499868,
                        0.0,
                        2.73108515737793
                    ],
                    [
                        0.06977639315287959,
                        1.390827250282784,
                        -2.0225965209499868,
                        3.3920633280355093,
                        0.0,
                        -2.8301318835114637
                    ],
                    [
                        0.0,
                        0.0,
                        0.0,
                        0.0,
                        1.0,
                        0.6411769520096817
                    ],
                    [
                        0.7646198188424039,
                        -1.25323250027473,
                        2.73108515737793,
                        -2.8301318835114637,
                        0.6411769520096817,
                        5.479172342662497
                    ]
                ],
                "mui": [
                    0.0,
                    0.0,
                    0.0,
                    0.0,
                    1.0,
                    0.6411769520096817
                ],
                "Ai": [
                    [
                        0.0,
                        0.0,
                        0.0,
                        0.0,
                        0.0,
                        0.0
                    ],
                    [
                        0.5149744782978672,
                        0.0,
                        0.0,
                        0.0,
                        0.0,
                        0.0
                    ],
                    [
                        0.8456216620126673,
                        -0.9627363135393898,
                        0.0,
                        0.0,
                        0.0,
                        0.0
                    ],
                    [
                        -0.0,
                        0.6399651905535234,
                        -0.7426010507898002,
                        0.0,
                        0.0,
                        0.0
                    ],
                    [
                        0.0,
                        0.0,
                        0.0,
                        0.0,
                        0.0,
                        0.0
                    ],
                    [
                        0.870345236975299,
                        -0.8017350889095032,
                        0.8779736380383458,
                        -0.0,
                        0.6411769520096817,
                        0.0
                    ]
                ]
            },
            "oracle_est_tgt": [
                4,
                5
            ]
        },
        "5": {
            "intv_type": "hard",
            "inode": 5,
            "new_mui": 1.0,
            "new_vari": 1.0,
            "noise_type": "gaussian",
            "obs_noise_gamma_shape": null,
            "true_params": {
                "Si": [
                    [
                        1.0,
                        0.5149744782978672,
                        0.3498370312093081,
                        0.06977639315287959,
                        0.05698141818782563,
                        0.0
                    ],
                    [
                        0.5149744782978672,
                        1.2651987132981606,
                        -0.7825791709031017,
                        1.390827250282784,
                        1.2119176082567629,
                        0.0
                    ],
                    [
                        0.3498370312093081,
                        -0.7825791709031017,
                        2.049247157812757,
                        -2.0225965209499868,
                        -2.4800424828958265,
                        0.0
                    ],
                    [
                        0.06977639315287959,
                        1.390827250282784,
                        -2.0225965209499868,
                        3.3920633280355093,
                        3.3237683429736413,
                        0.0
                    ],
                    [
                        0.05698141818782563,
                        1.2119176082567629,
                        -2.4800424828958265,
                        3.3237683429736413,
                        4.75447196156717,
                        0.0
                    ],
                    [
                        0.0,
                        0.0,
                        0.0,
                        0.0,
                        0.0,
                        1.0
                    ]
                ],
                "mui": [
                    0.0,
                    0.0,
                    0.0,
                    0.0,
                    0.0,
                    1.0
                ],
                "Ai": [
                    [
                        0.0,
                        0.0,
                        0.0,
                        0.0,
                        0.0,
                        0.0
                    ],
                    [
                        0.5149744782978672,
                        0.0,
                        0.0,
                        0.0,
                        0.0,
                        0.0
                    ],
                    [
                        0.8456216620126673,
                        -0.9627363135393898,
                        0.0,
                        0.0,
                        0.0,
                        0.0
                    ],
                    [
                        -0.0,
                        0.6399651905535234,
                        -0.7426010507898002,
                        0.0,
                        0.0,
                        0.0
                    ],
                    [
                        0.5992747994694467,
                        -0.5802992013276089,
                        -0.8368216502103323,
                        0.7065011060686452,
                        0.0,
                        0.0
                    ],
                    [
                        0.0,
                        0.0,
                        0.0,
                        0.0,
                        0.0,
                        0.0
                    ]
                ]
            },
            "oracle_est_tgt": [
                4,
                5
            ]
        },
        "obs": {
            "intv_type": "obs",
            "noise_type": "gaussian",
            "obs_noise_gamma_shape": null,
            "true_params": {
                "Si": [
                    [
                        1.0,
                        0.5149744782978672,
                        0.3498370312093081,
                        0.06977639315287959,
                        0.05698141818782563,
                        0.801154990877263
                    ],
                    [
                        0.5149744782978672,
                        1.2651987132981606,
                        -0.7825791709031017,
                        1.390827250282784,
                        1.2119176082567629,
                        -0.47617886212579524
                    ],
                    [
                        0.3498370312093081,
                        -0.7825791709031017,
                        2.049247157812757,
                        -2.0225965209499868,
                        -2.4800424828958265,
                        1.1409390773402606
                    ],
                    [
                        0.06977639315287959,
                        1.390827250282784,
                        -2.0225965209499868,
                        3.3920633280355093,
                        3.3237683429736413,
                        -0.6990082281773544
                    ],
                    [
                        0.05698141818782563,
                        1.2119176082567629,
                        -2.4800424828958265,
                        3.3237683429736413,
                        4.75447196156717,
                        -0.0509974459554271
                    ],
                    [
                        0.801154990877263,
                        -0.47617886212579524,
                        1.1409390773402606,
                        -0.6990082281773544,
                        -0.0509974459554271,
                        3.0480667783068283
                    ]
                ],
                "mui": [
                    0.0,
                    0.0,
                    0.0,
                    0.0,
                    0.0,
                    0.0
                ],
                "Ai": [
                    [
                        0.0,
                        0.0,
                        0.0,
                        0.0,
                        0.0,
                        0.0
                    ],
                    [
                        0.5149744782978672,
                        0.0,
                        0.0,
                        0.0,
                        0.0,
                        0.0
                    ],
                    [
                        0.8456216620126673,
                        -0.9627363135393898,
                        0.0,
                        0.0,
                        0.0,
                        0.0
                    ],
                    [
                        -0.0,
                        0.6399651905535234,
                        -0.7426010507898002,
                        0.0,
                        0.0,
                        0.0
                    ],
                    [
                        0.5992747994694467,
                        -0.5802992013276089,
                        -0.8368216502103323,
                        0.7065011060686452,
                        0.0,
                        0.0
                    ],
                    [
                        0.870345236975299,
                        -0.8017350889095032,
                        0.8779736380383458,
                        -0.0,
                        0.6411769520096817,
                        0.0
                    ]
                ]
            },
            "est_params": {
                "mui": [
                    0.15325275739289543,
                    0.21875705934298753,
                    0.06138361187021769,
                    0.23919665328215145,
                    0.23098445280857416,
                    0.29406220948523704
                ],
                "Si": [
                    [
                        1.1295758719937223,
                        0.482044745799401,
                        0.4223584930194848,
                        -0.0276157414251831,
                        -0.009393773680720129,
                        0.8331682984624085
                    ],
                    [
                        0.482044745799401,
                        1.3486769147360853,
                        -0.8081437738756543,
                        1.2393777935676331,
                        0.8568000929037279,
                        -0.7886194438679974
                    ],
                    [
                        0.4223584930194848,
                        -0.8081437738756543,
                        2.276502964356743,
                        -1.9263046486869126,
                        -2.1992493459417304,
                        1.4297420459258603
                    ],
                    [
                        -0.0276157414251831,
                        1.2393777935676331,
                        -1.9263046486869126,
                        3.323343838295265,
                        2.703948064393042,
                        -0.9074968946302778
                    ],
                    [
                        -0.009393773680720129,
                        0.8568000929037279,
                        -2.1992493459417304,
                        2.703948064393042,
                        4.342343307019487,
                        0.1518830049323605
                    ],
                    [
                        0.8331682984624085,
                        -0.7886194438679974,
                        1.4297420459258603,
                        -0.9074968946302778,
                        0.1518830049323605,
                        3.8027208607032077
                    ]
                ]
            },
            "est_tgt": [
                0,
                1,
                2,
                3,
                4,
                5
            ],
            "oracle_est_tgt": [
                0,
                1,
                2,
                3,
                4,
                5
            ]
        }
    },
    "metric_dict": {
        "param_est_rel_err": 8.559211568536838,
        "est_num_comp": 1,
        "weight_precision_error": 0.0,
        "gm_score_dict": {
            "1": -9.304494444783801,
            "2": -9.210264067139253,
            "3": -9.180798278959374,
            "4": -9.124542604878828,
            "5": -9.132648509576065,
            "6": -9.12493683479163,
            "7": -9.12354522483726
        },
        "est_dag": {
            "amat": [
                [
                    0,
                    0,
                    0,
                    0,
                    0,
                    1
                ],
                [
                    1,
                    0,
                    0,
                    1,
                    0,
                    1
                ],
                [
                    1,
                    1,
                    0,
                    1,
                    1,
                    1
                ],
                [
                    0,
                    0,
                    0,
                    0,
                    1,
                    1
                ],
                [
                    0,
                    0,
                    0,
                    0,
                    0,
                    0
                ],
                [
                    0,
                    0,
                    0,
                    0,
                    1,
                    0
                ]
            ],
            "nodes": [
                0,
                1,
                2,
                3,
                4,
                5
            ]
        },
        "oracle_est_dag": {
            "amat": [
                [
                    0,
                    1,
                    1,
                    0,
                    0,
                    1
                ],
                [
                    0,
                    0,
                    1,
                    1,
                    0,
                    1
                ],
                [
                    0,
                    0,
                    0,
                    1,
                    1,
                    1
                ],
                [
                    0,
                    0,
                    0,
                    0,
                    1,
                    1
                ],
                [
                    0,
                    0,
                    0,
                    0,
                    0,
                    0
                ],
                [
                    0,
                    0,
                    0,
                    0,
                    1,
                    0
                ]
            ],
            "nodes": [
                0,
                1,
                2,
                3,
                4,
                5
            ]
        },
        "igsp_dag": null,
        "intv_base_est_dag": null,
        "act_dag": {
            "amat": [
                [
                    0,
                    1,
                    1,
                    0,
                    1,
                    1
                ],
                [
                    0,
                    0,
                    1,
                    1,
                    1,
                    1
                ],
                [
                    0,
                    0,
                    0,
                    1,
                    1,
                    1
                ],
                [
                    0,
                    0,
                    0,
                    0,
                    1,
                    0
                ],
                [
                    0,
                    0,
                    0,
                    0,
                    0,
                    1
                ],
                [
                    0,
                    0,
                    0,
                    0,
                    0,
                    0
                ]
            ],
            "nodes": [
                0,
                1,
                2,
                3,
                4,
                5
            ]
        },
        "shd": 7,
        "oracle_shd": 4,
        "intv_base_shd": null,
        "igsp_shd": null,
        "avg_js": 0.0,
        "avg_oracle_js": 0.7142857142857143
    }
}