{
    "expt_args": {
        "save_dir": "all_expt_logs/expt_logs_sim_compsel_backward_cameraready_new_mean_largerange",
        "exp_name": "72",
        "num_nodes": 6,
        "num_tgt_prior": 7,
        "obs_noise_mean": 0.0,
        "obs_noise_var": 1.0,
        "obs_noise_gamma_shape": null,
        "noise_type": "gaussian",
        "max_edge_strength": 1.0,
        "graph_sparsity_method": "adj_dense_prop",
        "adj_dense_prop": 0.8,
        "num_parents": null,
        "new_noise_mean": 100,
        "mix_samples": 65536,
        "stage2_samples": 65536,
        "gmm_tol": 0.001,
        "intv_type": "hard",
        "new_noise_var": 1.0,
        "dtype": "simulation",
        "cutoff_drop_ratio": 0.07,
        "intv_targets": [
            0,
            1,
            2,
            3,
            4,
            5
        ]
    },
    "intv_args_dict": {
        "0": {
            "intv_type": "hard",
            "inode": 0,
            "new_mui": 100,
            "new_vari": 1.0,
            "noise_type": "gaussian",
            "obs_noise_gamma_shape": null,
            "true_params": {
                "Si": [
                    [
                        1.0,
                        0.0,
                        0.6721013467435509,
                        -0.11050363807201763,
                        0.5047628189468181,
                        -0.4258377271459153
                    ],
                    [
                        0.0,
                        1.0,
                        0.0,
                        0.588116543616793,
                        0.3371587492326913,
                        -0.664868744406613
                    ],
                    [
                        0.6721013467435509,
                        0.0,
                        1.451720220294495,
                        0.5999807321091731,
                        -0.9487332782229314,
                        0.16624483959821545
                    ],
                    [
                        -0.11050363807201763,
                        0.588116543616793,
                        0.5999807321091731,
                        1.8127056925434815,
                        -1.657120067784407,
                        1.2649902336767131
                    ],
                    [
                        0.5047628189468181,
                        0.3371587492326913,
                        -0.9487332782229314,
                        -1.657120067784407,
                        3.8945119509630683,
                        -3.012048445196971
                    ],
                    [
                        -0.4258377271459153,
                        -0.664868744406613,
                        0.16624483959821545,
                        1.2649902336767131,
                        -3.012048445196971,
                        4.130395322659595
                    ]
                ],
                "mui": [
                    100.0,
                    0.0,
                    67.21013467435509,
                    -11.050363807201762,
                    50.476281894681804,
                    -42.583772714591525
                ],
                "Ai": [
                    [
                        0.0,
                        0.0,
                        0.0,
                        0.0,
                        0.0,
                        0.0
                    ],
                    [
                        -0.0,
                        0.0,
                        0.0,
                        0.0,
                        0.0,
                        0.0
                    ],
                    [
                        0.6721013467435509,
                        -0.0,
                        0.0,
                        0.0,
                        0.0,
                        0.0
                    ],
                    [
                        -0.5636682238760095,
                        0.588116543616793,
                        0.6742503760774381,
                        0.0,
                        0.0,
                        0.0
                    ],
                    [
                        0.8455279741227122,
                        0.8848165061271023,
                        -0.66011893508566,
                        -0.9312061747599056,
                        0.0,
                        0.0
                    ],
                    [
                        0.6611561751573276,
                        -0.7450933572345018,
                        -0.9389460262620006,
                        0.5812766090182492,
                        -0.7759958119095007,
                        0.0
                    ]
                ]
            },
            "est_params": {
                "mui": [
                    99.99442177572364,
                    -0.003913805534130945,
                    67.20780878179815,
                    -11.055552872706043,
                    50.46795158705957,
                    -42.58985149317702
                ],
                "Si": [
                    [
                        0.9905916489827415,
                        0.007015067542379662,
                        0.6756185504742975,
                        -0.09585862151735983,
                        0.471353142992655,
                        -0.4142760453058725
                    ],
                    [
                        0.007015067542379662,
                        1.011139932309851,
                        0.017160481574352626,
                        0.6072125942712696,
                        0.32878601130529195,
                        -0.6666987063434532
                    ],
                    [
                        0.6756185504742975,
                        0.017160481574352626,
                        1.4750509835928938,
                        0.6265676663012602,
                        -0.9750716471384697,
                        0.16366327215113888
                    ],
                    [
                        -0.09585862151735983,
                        0.6072125942712696,
                        0.6265676663012602,
                        1.8178095182310479,
                        -1.6665691966429552,
                        1.244476842514807
                    ],
                    [
                        0.471353142992655,
                        0.32878601130529195,
                        -0.9750716471384697,
                        -1.6665691966429552,
                        3.8581541835456536,
                        -2.9923188954519535
                    ],
                    [
                        -0.4142760453058725,
                        -0.6666987063434532,
                        0.16366327215113888,
                        1.244476842514807,
                        -2.9923188954519535,
                        4.130774429351056
                    ]
                ]
            },
            "est_tgt": [
                0,
                5
            ],
            "oracle_est_tgt": [
                0,
                5
            ]
        },
        "1": {
            "intv_type": "hard",
            "inode": 1,
            "new_mui": 100,
            "new_vari": 1.0,
            "noise_type": "gaussian",
            "obs_noise_gamma_shape": null,
            "true_params": {
                "Si": [
                    [
                        1.0,
                        0.0,
                        0.6721013467435509,
                        -0.11050363807201763,
                        0.5047628189468181,
                        -0.4258377271459153
                    ],
                    [
                        0.0,
                        1.0,
                        0.0,
                        0.588116543616793,
                        0.3371587492326913,
                        -0.664868744406613
                    ],
                    [
                        0.6721013467435509,
                        0.0,
                        1.451720220294495,
                        0.5999807321091731,
                        -0.9487332782229314,
                        0.16624483959821545
                    ],
                    [
                        -0.11050363807201763,
                        0.588116543616793,
                        0.5999807321091731,
                        1.8127056925434815,
                        -1.657120067784407,
                        1.2649902336767131
                    ],
                    [
                        0.5047628189468181,
                        0.3371587492326913,
                        -0.9487332782229314,
                        -1.657120067784407,
                        3.8945119509630683,
                        -3.012048445196971
                    ],
                    [
                        -0.4258377271459153,
                        -0.664868744406613,
                        0.16624483959821545,
                        1.2649902336767131,
                        -3.012048445196971,
                        4.130395322659595
                    ]
                ],
                "mui": [
                    0.0,
                    100.0,
                    0.0,
                    58.8116543616793,
                    33.715874923269126,
                    -66.4868744406613
                ],
                "Ai": [
                    [
                        0.0,
                        0.0,
                        0.0,
                        0.0,
                        0.0,
                        0.0
                    ],
                    [
                        0.0,
                        0.0,
                        0.0,
                        0.0,
                        0.0,
                        0.0
                    ],
                    [
                        0.6721013467435509,
                        -0.0,
                        0.0,
                        0.0,
                        0.0,
                        0.0
                    ],
                    [
                        -0.5636682238760095,
                        0.588116543616793,
                        0.6742503760774381,
                        0.0,
                        0.0,
                        0.0
                    ],
                    [
                        0.8455279741227122,
                        0.8848165061271023,
                        -0.66011893508566,
                        -0.9312061747599056,
                        0.0,
                        0.0
                    ],
                    [
                        0.6611561751573276,
                        -0.7450933572345018,
                        -0.9389460262620006,
                        0.5812766090182492,
                        -0.7759958119095007,
                        0.0
                    ]
                ]
            },
            "est_params": {
                "mui": [
                    -0.010632070707987837,
                    99.99295527381479,
                    0.006815948143418969,
                    58.83108523497136,
                    33.677083074000016,
                    -66.45536632437596
                ],
                "Si": [
                    [
                        0.9893490596027884,
                        0.0007835234376674345,
                        0.6699807152094593,
                        -0.10656597020389114,
                        0.4869767914289748,
                        -0.4254388748713185
                    ],
                    [
                        0.0007835234376674345,
                        0.9887514636505819,
                        0.01792270041089404,
                        0.5986891310539946,
                        0.31188989473542245,
                        -0.6426220917965042
                    ],
                    [
                        0.6699807152094593,
                        0.01792270041089404,
                        1.449382921556182,
                        0.6020335193886386,
                        -0.9425925184571261,
                        0.14906698382196187
                    ],
                    [
                        -0.10656597020389114,
                        0.5986891310539946,
                        0.6020335193886386,
                        1.815512887004822,
                        -1.648096002413751,
                        1.2643365298743088
                    ],
                    [
                        0.4869767914289748,
                        0.31188989473542245,
                        -0.9425925184571261,
                        -1.648096002413751,
                        3.850272882292559,
                        -2.980453185509917
                    ],
                    [
                        -0.4254388748713185,
                        -0.6426220917965042,
                        0.14906698382196187,
                        1.2643365298743088,
                        -2.980453185509917,
                        4.090598337313481
                    ]
                ]
            },
            "est_tgt": [
                1,
                2,
                3,
                4,
                5
            ],
            "oracle_est_tgt": [
                1,
                2,
                3,
                4,
                5
            ]
        },
        "2": {
            "intv_type": "hard",
            "inode": 2,
            "new_mui": 100,
            "new_vari": 1.0,
            "noise_type": "gaussian",
            "obs_noise_gamma_shape": null,
            "true_params": {
                "Si": [
                    [
                        1.0,
                        0.0,
                        0.0,
                        -0.5636682238760095,
                        1.370419304712001,
                        -0.7299306196451011
                    ],
                    [
                        0.0,
                        1.0,
                        0.0,
                        0.588116543616793,
                        0.3371587492326913,
                        -0.664868744406613
                    ],
                    [
                        0.0,
                        0.0,
                        1.0,
                        0.6742503760774381,
                        -1.287985048623159,
                        0.4524509495071979
                    ],
                    [
                        -0.5636682238760095,
                        0.588116543616793,
                        0.6742503760774381,
                        2.118216505123865,
                        -2.373803755379706,
                        1.6293723115268395
                    ],
                    [
                        1.370419304712001,
                        0.3371587492326913,
                        -1.287985048623159,
                        -2.373803755379706,
                        5.5177755182992545,
                        -3.797412405890932
                    ],
                    [
                        -0.7299306196451011,
                        -0.664868744406613,
                        0.4524509495071979,
                        1.6293723115268395,
                        -3.797412405890932,
                        4.4818562622942775
                    ]
                ],
                "mui": [
                    0.0,
                    0.0,
                    100.0,
                    67.4250376077438,
                    -128.7985048623159,
                    45.24509495071979
                ],
                "Ai": [
                    [
                        0.0,
                        0.0,
                        0.0,
                        0.0,
                        0.0,
                        0.0
                    ],
                    [
                        -0.0,
                        0.0,
                        0.0,
                        0.0,
                        0.0,
                        0.0
                    ],
                    [
                        0.0,
                        0.0,
                        0.0,
                        0.0,
                        0.0,
                        0.0
                    ],
                    [
                        -0.5636682238760095,
                        0.588116543616793,
                        0.6742503760774381,
                        0.0,
                        0.0,
                        0.0
                    ],
                    [
                        0.8455279741227122,
                        0.8848165061271023,
                        -0.66011893508566,
                        -0.9312061747599056,
                        0.0,
                        0.0
                    ],
                    [
                        0.6611561751573276,
                        -0.7450933572345018,
                        -0.9389460262620006,
                        0.5812766090182492,
                        -0.7759958119095007,
                        0.0
                    ]
                ]
            },
            "est_params": {
                "mui": [
                    -0.007578264936867168,
                    -0.011179742772871709,
                    99.98528052235322,
                    67.43411533789278,
                    -128.81426872723915,
                    45.2935984485607
                ],
                "Si": [
                    [
                        0.9859736223230692,
                        -0.014960924260345777,
                        -0.0024999897582029815,
                        -0.5718939139926948,
                        1.3611738591703573,
                        -0.7334030408287411
                    ],
                    [
                        -0.014960924260345777,
                        1.0021971173791475,
                        0.0035976302368914644,
                        0.5810365177099195,
                        0.3329660872162766,
                        -0.675962406935428
                    ],
                    [
                        -0.0024999897582029815,
                        0.0035976302368914644,
                        0.9963780512449885,
                        0.6506586780989431,
                        -1.266061546349612,
                        0.4209072840909821
                    ],
                    [
                        -0.5718939139926948,
                        0.5810365177099195,
                        0.6506586780989431,
                        2.09768042427236,
                        -2.3595344536140574,
                        1.6313000043777992
                    ],
                    [
                        1.3611738591703573,
                        0.3329660872162766,
                        -1.266061546349612,
                        -2.3595344536140574,
                        5.483418225630654,
                        -3.7875977708794024
                    ],
                    [
                        -0.7334030408287411,
                        -0.675962406935428,
                        0.4209072840909821,
                        1.6313000043777992,
                        -3.7875977708794024,
                        4.474594659679786
                    ]
                ]
            },
            "est_tgt": [
                2,
                3,
                4,
                5
            ],
            "oracle_est_tgt": [
                2,
                3,
                4,
                5
            ]
        },
        "3": {
            "intv_type": "hard",
            "inode": 3,
            "new_mui": 100,
            "new_vari": 1.0,
            "noise_type": "gaussian",
            "obs_noise_gamma_shape": null,
            "true_params": {
                "Si": [
                    [
                        1.0,
                        0.0,
                        0.6721013467435509,
                        0.0,
                        0.40186114884072144,
                        -0.2817532820824089
                    ],
                    [
                        0.0,
                        1.0,
                        0.0,
                        0.0,
                        0.8848165061271023,
                        -1.4317072602975303
                    ],
                    [
                        0.6721013467435509,
                        0.0,
                        1.451720220294495,
                        0.0,
                        -0.39002751574590055,
                        -0.6160632576103715
                    ],
                    [
                        0.0,
                        0.0,
                        0.0,
                        1.0,
                        -0.9312061747599056,
                        1.3038887006562025
                    ],
                    [
                        0.40186114884072144,
                        0.8848165061271023,
                        -0.39002751574590055,
                        -0.9312061747599056,
                        3.2472945808321585,
                        -3.0885384972558967
                    ],
                    [
                        -0.2817532820824089,
                        -1.4317072602975303,
                        -0.6160632576103715,
                        1.3038887006562025,
                        -3.0885384972558967,
                        5.613535735738237
                    ]
                ],
                "mui": [
                    0.0,
                    0.0,
                    0.0,
                    100.0,
                    -93.12061747599057,
                    130.38887006562027
                ],
                "Ai": [
                    [
                        0.0,
                        0.0,
                        0.0,
                        0.0,
                        0.0,
                        0.0
                    ],
                    [
                        -0.0,
                        0.0,
                        0.0,
                        0.0,
                        0.0,
                        0.0
                    ],
                    [
                        0.6721013467435509,
                        -0.0,
                        0.0,
                        0.0,
                        0.0,
                        0.0
                    ],
                    [
                        0.0,
                        0.0,
                        0.0,
                        0.0,
                        0.0,
                        0.0
                    ],
                    [
                        0.8455279741227122,
                        0.8848165061271023,
                        -0.66011893508566,
                        -0.9312061747599056,
                        0.0,
                        0.0
                    ],
                    [
                        0.6611561751573276,
                        -0.7450933572345018,
                        -0.9389460262620006,
                        0.5812766090182492,
                        -0.7759958119095007,
                        0.0
                    ]
                ]
            },
            "est_params": {
                "mui": [
                    -0.005865053503500682,
                    -0.0033315447563218668,
                    -0.00589136480622337,
                    99.99096230115832,
                    -93.11353103613578,
                    130.3792666044088
                ],
                "Si": [
                    [
                        1.014836425847123,
                        -0.011592356946490941,
                        0.6916027265821413,
                        -0.009457554713669795,
                        0.39012303103164647,
                        -0.2711283716523716
                    ],
                    [
                        -0.011592356946490941,
                        1.0041107450844569,
                        -0.0019345435731875679,
                        0.002958205327164061,
                        0.8694265670251258,
                        -1.4185390789925745
                    ],
                    [
                        0.6916027265821413,
                        -0.0019345435731875679,
                        1.4875018564653997,
                        -0.029831685660554542,
                        -0.40157125919030784,
                        -0.644012372959786
                    ],
                    [
                        -0.009457554713669795,
                        0.002958205327164061,
                        -0.029831685660554542,
                        1.0023072527737196,
                        -0.9152851425110927,
                        1.3193408180488124
                    ],
                    [
                        0.39012303103164647,
                        0.8694265670251258,
                        -0.40157125919030784,
                        -0.9152851425110927,
                        3.2189648006048235,
                        -3.0370350612754375
                    ],
                    [
                        -0.2711283716523716,
                        -1.4185390789925745,
                        -0.644012372959786,
                        1.3193408180488124,
                        -3.0370350612754375,
                        5.599341427574164
                    ]
                ]
            },
            "est_tgt": [
                1,
                2,
                3,
                4,
                5
            ],
            "oracle_est_tgt": [
                1,
                2,
                3,
                4,
                5
            ]
        },
        "4": {
            "intv_type": "hard",
            "inode": 4,
            "new_mui": 100,
            "new_vari": 1.0,
            "noise_type": "gaussian",
            "obs_noise_gamma_shape": null,
            "true_params": {
                "Si": [
                    [
                        1.0,
                        0.0,
                        0.6721013467435509,
                        -0.11050363807201763,
                        0.0,
                        -0.034143893635550863
                    ],
                    [
                        0.0,
                        1.0,
                        0.0,
                        0.588116543616793,
                        0.0,
                        -0.40323496705339906
                    ],
                    [
                        0.6721013467435509,
                        0.0,
                        1.451720220294495,
                        0.5999807321091731,
                        0.0,
                        -0.5699682109219505
                    ],
                    [
                        -0.11050363807201763,
                        0.588116543616793,
                        0.5999807321091731,
                        1.8127056925434815,
                        0.0,
                        -0.020927998755174593
                    ],
                    [
                        0.0,
                        0.0,
                        0.0,
                        0.0,
                        1.0,
                        -0.7759958119095007
                    ],
                    [
                        -0.034143893635550863,
                        -0.40323496705339906,
                        -0.5699682109219505,
                        -0.020927998755174593,
                        -0.7759958119095007,
                        2.403047179927068
                    ]
                ],
                "mui": [
                    0.0,
                    0.0,
                    0.0,
                    0.0,
                    100.0,
                    -77.59958119095008
                ],
                "Ai": [
                    [
                        0.0,
                        0.0,
                        0.0,
                        0.0,
                        0.0,
                        0.0
                    ],
                    [
                        -0.0,
                        0.0,
                        0.0,
                        0.0,
                        0.0,
                        0.0
                    ],
                    [
                        0.6721013467435509,
                        -0.0,
                        0.0,
                        0.0,
                        0.0,
                        0.0
                    ],
                    [
                        -0.5636682238760095,
                        0.588116543616793,
                        0.6742503760774381,
                        0.0,
                        0.0,
                        0.0
                    ],
                    [
                        0.0,
                        0.0,
                        0.0,
                        0.0,
                        0.0,
                        0.0
                    ],
                    [
                        0.6611561751573276,
                        -0.7450933572345018,
                        -0.9389460262620006,
                        0.5812766090182492,
                        -0.7759958119095007,
                        0.0
                    ]
                ]
            },
            "est_params": {
                "mui": [
                    0.008626174343195889,
                    0.009391421473372446,
                    0.00947136722338682,
                    -0.003979709032944487,
                    100.01016766046979,
                    -77.63332824182764
                ],
                "Si": [
                    [
                        0.9926834748152151,
                        0.0002062379294525871,
                        0.6645703425742457,
                        -0.1385971054184841,
                        -0.009947982284517931,
                        -0.030925224457139043
                    ],
                    [
                        0.0002062379294525871,
                        0.9940768482958201,
                        0.00477162058678877,
                        0.5868869836240936,
                        -0.006638436972640617,
                        -0.40128988240533203
                    ],
                    [
                        0.6645703425742457,
                        0.00477162058678877,
                        1.4648826307519016,
                        0.5891078561887693,
                        0.0006793092771144928,
                        -0.6121230026958807
                    ],
                    [
                        -0.1385971054184841,
                        0.5868869836240936,
                        0.5891078561887693,
                        1.8199121307093746,
                        0.004225286379876929,
                        -0.04334678582023305
                    ],
                    [
                        -0.009947982284517931,
                        -0.006638436972640617,
                        0.0006793092771144928,
                        0.004225286379876929,
                        0.9961067378157633,
                        -0.7794559419812447
                    ],
                    [
                        -0.030925224457139043,
                        -0.40128988240533203,
                        -0.6121230026958807,
                        -0.04334678582023305,
                        -0.7794559419812447,
                        2.4379340158225866
                    ]
                ]
            },
            "est_tgt": [
                1,
                2,
                4
            ],
            "oracle_est_tgt": [
                1,
                2,
                4
            ]
        },
        "5": {
            "intv_type": "hard",
            "inode": 5,
            "new_mui": 100,
            "new_vari": 1.0,
            "noise_type": "gaussian",
            "obs_noise_gamma_shape": null,
            "true_params": {
                "Si": [
                    [
                        1.0,
                        0.0,
                        0.6721013467435509,
                        -0.11050363807201763,
                        0.5047628189468181,
                        0.0
                    ],
                    [
                        0.0,
                        1.0,
                        0.0,
                        0.588116543616793,
                        0.3371587492326913,
                        0.0
                    ],
                    [
                        0.6721013467435509,
                        0.0,
                        1.451720220294495,
                        0.5999807321091731,
                        -0.9487332782229314,
                        0.0
                    ],
                    [
                        -0.11050363807201763,
                        0.588116543616793,
                        0.5999807321091731,
                        1.8127056925434815,
                        -1.657120067784407,
                        0.0
                    ],
                    [
                        0.5047628189468181,
                        0.3371587492326913,
                        -0.9487332782229314,
                        -1.657120067784407,
                        3.8945119509630683,
                        0.0
                    ],
                    [
                        0.0,
                        0.0,
                        0.0,
                        0.0,
                        0.0,
                        1.0
                    ]
                ],
                "mui": [
                    0.0,
                    0.0,
                    0.0,
                    0.0,
                    0.0,
                    100.0
                ],
                "Ai": [
                    [
                        0.0,
                        0.0,
                        0.0,
                        0.0,
                        0.0,
                        0.0
                    ],
                    [
                        -0.0,
                        0.0,
                        0.0,
                        0.0,
                        0.0,
                        0.0
                    ],
                    [
                        0.6721013467435509,
                        -0.0,
                        0.0,
                        0.0,
                        0.0,
                        0.0
                    ],
                    [
                        -0.5636682238760095,
                        0.588116543616793,
                        0.6742503760774381,
                        0.0,
                        0.0,
                        0.0
                    ],
                    [
                        0.8455279741227122,
                        0.8848165061271023,
                        -0.66011893508566,
                        -0.9312061747599056,
                        0.0,
                        0.0
                    ],
                    [
                        0.0,
                        0.0,
                        0.0,
                        0.0,
                        0.0,
                        0.0
                    ]
                ]
            },
            "est_params": {
                "mui": [
                    0.0031830774166295758,
                    -0.025844525048322835,
                    0.03328326284152029,
                    -0.01722034664721218,
                    -0.04590331642700045,
                    99.99824737976698
                ],
                "Si": [
                    [
                        1.0026889500284517,
                        0.003367160562905287,
                        0.6821469415444869,
                        -0.09534651245747455,
                        0.48705760085856814,
                        0.015204307426066047
                    ],
                    [
                        0.003367160562905287,
                        0.9817693575827794,
                        -0.00576040292624915,
                        0.5643069985223091,
                        0.35119211751736024,
                        0.004874737661132141
                    ],
                    [
                        0.6821469415444869,
                        -0.00576040292624915,
                        1.4698983025813857,
                        0.6005819482177547,
                        -0.9613063141264127,
                        0.015429024006582411
                    ],
                    [
                        -0.09534651245747455,
                        0.5643069985223091,
                        0.6005819482177547,
                        1.7870061334009446,
                        -1.655777848509885,
                        0.015638480407925037
                    ],
                    [
                        0.48705760085856814,
                        0.35119211751736024,
                        -0.9613063141264127,
                        -1.655777848509885,
                        3.9161850405735517,
                        -0.02215381551111124
                    ],
                    [
                        0.015204307426066047,
                        0.004874737661132141,
                        0.015429024006582411,
                        0.015638480407925037,
                        -0.02215381551111124,
                        1.015268556049166
                    ]
                ]
            },
            "est_tgt": [
                1,
                2,
                5
            ],
            "oracle_est_tgt": [
                1,
                2,
                5
            ]
        },
        "obs": {
            "intv_type": "obs",
            "noise_type": "gaussian",
            "obs_noise_gamma_shape": null,
            "true_params": {
                "Si": [
                    [
                        1.0,
                        0.0,
                        0.6721013467435509,
                        -0.11050363807201763,
                        0.5047628189468181,
                        -0.4258377271459153
                    ],
                    [
                        0.0,
                        1.0,
                        0.0,
                        0.588116543616793,
                        0.3371587492326913,
                        -0.664868744406613
                    ],
                    [
                        0.6721013467435509,
                        0.0,
                        1.451720220294495,
                        0.5999807321091731,
                        -0.9487332782229314,
                        0.16624483959821545
                    ],
                    [
                        -0.11050363807201763,
                        0.588116543616793,
                        0.5999807321091731,
                        1.8127056925434815,
                        -1.657120067784407,
                        1.2649902336767131
                    ],
                    [
                        0.5047628189468181,
                        0.3371587492326913,
                        -0.9487332782229314,
                        -1.657120067784407,
                        3.8945119509630683,
                        -3.012048445196971
                    ],
                    [
                        -0.4258377271459153,
                        -0.664868744406613,
                        0.16624483959821545,
