{
    "expt_args": {
        "save_dir": "all_expt_logs/expt_logs_sim_compsel_backward_cameraready_new_mean_largerange",
        "exp_name": "242",
        "num_nodes": 6,
        "num_tgt_prior": 7,
        "obs_noise_mean": 0.0,
        "obs_noise_var": 1.0,
        "obs_noise_gamma_shape": null,
        "noise_type": "gaussian",
        "max_edge_strength": 1.0,
        "graph_sparsity_method": "adj_dense_prop",
        "adj_dense_prop": 0.8,
        "num_parents": null,
        "new_noise_mean": 100,
        "mix_samples": 1024,
        "stage2_samples": 1024,
        "gmm_tol": 0.001,
        "intv_type": "hard",
        "new_noise_var": 1.0,
        "dtype": "simulation",
        "cutoff_drop_ratio": 0.07,
        "intv_targets": [
            0,
            1,
            2,
            3,
            4,
            5
        ]
    },
    "intv_args_dict": {
        "0": {
            "intv_type": "hard",
            "inode": 0,
            "new_mui": 100,
            "new_vari": 1.0,
            "noise_type": "gaussian",
            "obs_noise_gamma_shape": null,
            "true_params": {
                "Si": [
                    [
                        1.0,
                        -0.7859987927589813,
                        0.0,
                        -1.3734336186229286,
                        -1.7607653103576268,
                        -1.665981436494033
                    ],
                    [
                        -0.7859987927589813,
                        1.6177941022185762,
                        0.0,
                        1.6373796196937063,
                        2.5461417154383392,
                        2.7432824198228376
                    ],
                    [
                        0.0,
                        0.0,
                        1.0,
                        -0.6324989195139579,
                        -1.4887458651323142,
                        -1.1382324868184228
                    ],
                    [
                        -1.3734336186229286,
                        1.6373796196937063,
                        -0.6324989195139579,
                        3.5975853049990074,
                        4.914500522003269,
                        5.220134814040078
                    ],
                    [
                        -1.7607653103576268,
                        2.5461417154383392,
                        -1.4887458651323142,
                        4.914500522003269,
                        8.48859416611748,
                        8.557927289915781
                    ],
                    [
                        -1.665981436494033,
                        2.7432824198228376,
                        -1.1382324868184228,
                        5.220134814040078,
                        8.557927289915781,
                        10.089164994241324
                    ]
                ],
                "mui": [
                    100.0,
                    -78.59987927589813,
                    0.0,
                    -137.34336186229285,
                    -176.07653103576268,
                    -166.5981436494033
                ],
                "Ai": [
                    [
                        0.0,
                        0.0,
                        0.0,
                        0.0,
                        0.0,
                        0.0
                    ],
                    [
                        -0.7859987927589813,
                        0.0,
                        0.0,
                        0.0,
                        0.0,
                        0.0
                    ],
                    [
                        -0.0,
                        0.0,
                        0.0,
                        0.0,
                        0.0,
                        0.0
                    ],
                    [
                        -0.9349544036294777,
                        0.5578624535214853,
                        -0.6324989195139579,
                        0.0,
                        0.0,
                        0.0
                    ],
                    [
                        0.0,
                        0.656626027039198,
                        -0.9155511664843036,
                        0.9062382258114854,
                        0.0,
                        0.0
                    ],
                    [
                        0.7813565416357147,
                        0.0,
                        0.6557290801486679,
                        0.5206369833299191,
                        0.9838208601316497,
                        0.0
                    ]
                ]
            },
            "est_params": {
                "mui": [
                    99.98953614514632,
                    -78.63546609557399,
                    -0.09739329075767642,
                    -137.32352678813632,
                    -175.97194335439104,
                    -166.52170296806295
                ],
                "Si": [
                    [
                        0.8942793075177979,
                        -0.7315590426116217,
                        0.03848520241095217,
                        -1.2930428623834658,
                        -1.5744950148829255,
                        -1.5119953785448206
                    ],
                    [
                        -0.7315590426116217,
                        1.482309532806522,
                        -0.030806625660674485,
                        1.602243590202593,
                        2.297416143137565,
                        2.5659043718695003
                    ],
                    [
                        0.03848520241095217,
                        -0.030806625660674485,
                        0.8708456333947093,
                        -0.5551336178440769,
                        -1.3272068520945348,
                        -1.120461621759198
                    ],
                    [
                        -1.2930428623834658,
                        1.602243590202593,
                        -0.5551336178440769,
                        3.2862362436824792,
                        4.264797210164335,
                        4.691848980202759
                    ],
                    [
                        -1.5744950148829255,
                        2.297416143137565,
                        -1.3272068520945348,
                        4.264797210164335,
                        7.20607349606772,
                        7.590054675217696
                    ],
                    [
                        -1.5119953785448206,
                        2.5659043718695003,
                        -1.120461621759198,
                        4.691848980202759,
                        7.590054675217696,
                        9.19234390442668
                    ]
                ]
            },
            "est_tgt": [
                0,
                5
            ],
            "oracle_est_tgt": [
                0,
                5
            ]
        },
        "1": {
            "intv_type": "hard",
            "inode": 1,
            "new_mui": 100,
            "new_vari": 1.0,
            "noise_type": "gaussian",
            "obs_noise_gamma_shape": null,
            "true_params": {
                "Si": [
                    [
                        1.0,
                        0.0,
                        0.0,
                        -0.9349544036294777,
                        -0.8472914199598133,
                        -0.5389982721879906
                    ],
                    [
                        0.0,
                        1.0,
                        0.0,
                        0.5578624535214853,
                        1.1621823071653512,
                        1.4338230219796544
                    ],
                    [
                        0.0,
                        0.0,
                        1.0,
                        -0.6324989195139579,
                        -1.4887458651323142,
                        -1.1382324868184228
                    ],
                    [
                        -0.9349544036294777,
                        0.5578624535214853,
                        -0.6324989195139579,
                        2.585405137101488,
                        3.2883850945019706,
                        3.435958709288295
                    ],
                    [
                        -0.8472914199598133,
                        1.1621823071653512,
                        -1.4887458651323142,
                        3.2883850945019706,
                        6.106202438296207,
                        6.081213580235369
                    ],
                    [
                        -0.5389982721879906,
                        1.4338230219796544,
                        -1.1382324868184228,
                        3.435958709288295,
                        6.081213580235369,
                        7.604189984920241
                    ]
                ],
                "mui": [
                    0.0,
                    100.0,
                    0.0,
                    55.78624535214853,
                    116.21823071653512,
                    143.38230219796543
                ],
                "Ai": [
                    [
                        0.0,
                        0.0,
                        0.0,
                        0.0,
                        0.0,
                        0.0
                    ],
                    [
                        0.0,
                        0.0,
                        0.0,
                        0.0,
                        0.0,
                        0.0
                    ],
                    [
                        -0.0,
                        0.0,
                        0.0,
                        0.0,
                        0.0,
                        0.0
                    ],
                    [
                        -0.9349544036294777,
                        0.5578624535214853,
                        -0.6324989195139579,
                        0.0,
                        0.0,
                        0.0
                    ],
                    [
                        0.0,
                        0.656626027039198,
                        -0.9155511664843036,
                        0.9062382258114854,
                        0.0,
                        0.0
                    ],
                    [
                        0.7813565416357147,
                        0.0,
                        0.6557290801486679,
                        0.5206369833299191,
                        0.9838208601316497,
                        0.0
                    ]
                ]
            },
            "est_params": {
                "mui": [
                    0.02197194795595247,
                    99.92929480391106,
                    -0.028969462181205902,
                    55.64032553837953,
                    116.129992481668,
                    143.1953596952922
                ],
                "Si": [
                    [
                        0.9400241785581998,
                        -0.020899266266723684,
                        0.1675852135536412,
                        -0.9779543825761592,
                        -1.206685033710383,
                        -0.8664490569361428
                    ],
                    [
                        -0.020899266266723684,
                        1.023455936557809,
                        0.015539233170889856,
                        0.6669527610301951,
                        1.3134293750251744,
                        1.607829180405571
                    ],
                    [
                        0.1675852135536412,
                        0.015539233170889856,
                        1.0894864155572832,
                        -0.6844494909124457,
                        -1.5956344655147587,
                        -1.0921359160388207
                    ],
                    [
                        -0.9779543825761592,
                        0.6669527610301951,
                        -0.6844494909124457,
                        2.6489186269937415,
                        3.6576839173631157,
                        3.7967737785072884
                    ],
                    [
                        -1.206685033710383,
                        1.3134293750251744,
                        -1.5956344655147587,
                        3.6576839173631157,
                        6.732044973693706,
                        6.6328771275775384
                    ],
                    [
                        -0.8664490569361428,
                        1.607829180405571,
                        -1.0921359160388207,
                        3.7967737785072884,
                        6.6328771275775384,
                        8.050635351181954
                    ]
                ]
            },
            "est_tgt": [
                1,
                4
            ],
            "oracle_est_tgt": [
                1,
                4
            ]
        },
        "2": {
            "intv_type": "hard",
            "inode": 2,
            "new_mui": 100,
            "new_vari": 1.0,
            "noise_type": "gaussian",
            "obs_noise_gamma_shape": null,
            "true_params": {
                "Si": [
                    [
                        1.0,
                        -0.7859987927589813,
                        0.0,
                        -1.3734336186229286,
                        -1.7607653103576268,
                        -1.665981436494033
                    ],
                    [
                        -0.7859987927589813,
                        1.6177941022185762,
                        0.0,
                        1.6373796196937063,
                        2.5461417154383392,
                        2.7432824198228376
                    ],
                    [
                        0.0,
                        0.0,
                        1.0,
                        -0.6324989195139579,
                        -1.4887458651323142,
                        -1.1382324868184228
                    ],
                    [
                        -1.3734336186229286,
                        1.6373796196937063,
                        -0.6324989195139579,
                        3.5975853049990074,
                        4.914500522003269,
                        5.220134814040078
                    ],
                    [
                        -1.7607653103576268,
                        2.5461417154383392,
                        -1.4887458651323142,
                        4.914500522003269,
                        8.48859416611748,
                        8.557927289915781
                    ],
                    [
                        -1.665981436494033,
                        2.7432824198228376,
                        -1.1382324868184228,
                        5.220134814040078,
                        8.557927289915781,
                        10.089164994241324
                    ]
                ],
                "mui": [
                    0.0,
                    0.0,
                    100.0,
                    -63.24989195139579,
                    -148.87458651323143,
                    -113.82324868184229
                ],
                "Ai": [
                    [
                        0.0,
                        0.0,
                        0.0,
                        0.0,
                        0.0,
                        0.0
                    ],
                    [
                        -0.7859987927589813,
                        0.0,
                        0.0,
                        0.0,
                        0.0,
                        0.0
                    ],
                    [
                        0.0,
                        0.0,
                        0.0,
                        0.0,
                        0.0,
                        0.0
                    ],
                    [
                        -0.9349544036294777,
                        0.5578624535214853,
                        -0.6324989195139579,
                        0.0,
                        0.0,
                        0.0
                    ],
                    [
                        0.0,
                        0.656626027039198,
                        -0.9155511664843036,
                        0.9062382258114854,
                        0.0,
                        0.0
                    ],
                    [
                        0.7813565416357147,
                        0.0,
                        0.6557290801486679,
                        0.5206369833299191,
                        0.9838208601316497,
                        0.0
                    ]
                ]
            },
            "est_params": {
                "mui": [
                    -0.07577884344221673,
                    0.05714049180024742,
                    99.91038868974177,
                    -63.01814322315212,
                    -148.67094473557998,
                    -113.77577706955803
                ],
                "Si": [
                    [
                        0.9783643566364203,
                        -0.828022697383687,
                        -0.03364158689933727,
                        -1.3632041517616,
                        -1.8456328933107604,
                        -1.7995851227182234
                    ],
                    [
                        -0.828022697383687,
                        1.9151188316971666,
                        0.0574489582897907,
                        1.843343853708237,
                        2.9479380479828396,
                        3.2054120515036395
                    ],
                    [
                        -0.03364158689933727,
                        0.0574489582897907,
                        1.025739614251778,
                        -0.6195655840283557,
                        -1.464842224804448,
                        -1.0604926820073168
                    ],
                    [
                        -1.3632041517616,
                        1.843343853708237,
                        -0.6195655840283557,
                        3.7884666777930134,
                        5.489971898864851,
                        5.845059403588517
                    ],
                    [
                        -1.8456328933107604,
                        2.9479380479828396,
                        -1.464842224804448,
                        5.489971898864851,
                        9.503779160779903,
                        9.483095636565944
                    ],
                    [
                        -1.7995851227182234,
                        3.2054120515036395,
                        -1.0604926820073168,
                        5.845059403588517,
                        9.483095636565944,
                        10.917415604487813
                    ]
                ]
            },
            "est_tgt": [
                2,
                3
            ],
            "oracle_est_tgt": [
                2,
                3
            ]
        },
        "3": {
            "intv_type": "hard",
            "inode": 3,
            "new_mui": 100,
            "new_vari": 1.0,
            "noise_type": "gaussian",
            "obs_noise_gamma_shape": null,
            "true_params": {
                "Si": [
                    [
                        1.0,
                        -0.7859987927589813,
                        0.0,
                        0.0,
                        -0.5161072645469359,
                        0.27359944870895536
                    ],
                    [
                        -0.7859987927589813,
                        1.6177941022185762,
                        0.0,
                        0.0,
                        1.06228571390723,
                        0.4309535463217699
                    ],
                    [
                        0.0,
                        0.0,
                        1.0,
                        0.0,
                        -0.9155511664843036,
                        -0.24500925595645484
                    ],
                    [
                        0.0,
                        0.0,
                        0.0,
                        1.0,
                        0.9062382258114854,
                        1.4122130541319549
                    ],
                    [
                        -0.5161072645469359,
                        1.06228571390723,
                        -0.9155511664843036,
                        0.9062382258114854,
                        3.3570261082761204,
                        2.770916137826112
                    ],
                    [
                        0.27359944870895536,
                        0.4309535463217699,
                        -0.24500925595645484,
                        1.4122130541319549,
                        2.770916137826112,
                        4.5144544673915785
                    ]
                ],
                "mui": [
                    0.0,
                    0.0,
                    0.0,
                    100.0,
                    90.62382258114854,
                    141.2213054131955
                ],
                "Ai": [
                    [
                        0.0,
                        0.0,
                        0.0,
                        0.0,
                        0.0,
                        0.0
                    ],
                    [
                        -0.7859987927589813,
                        0.0,
                        0.0,
                        0.0,
                        0.0,
                        0.0
                    ],
                    [
                        -0.0,
                        0.0,
                        0.0,
                        0.0,
                        0.0,
                        0.0
                    ],
                    [
                        0.0,
                        0.0,
                        0.0,
                        0.0,
                        0.0,
                        0.0
                    ],
                    [
                        0.0,
                        0.656626027039198,
                        -0.9155511664843036,
                        0.9062382258114854,
                        0.0,
                        0.0
                    ],
                    [
                        0.7813565416357147,
                        0.0,
                        0.6557290801486679,
                        0.5206369833299191,
                        0.9838208601316497,
                        0.0
                    ]
                ]
            },
            "est_params": {
                "mui": [
                    -0.02293361716244459,
                    0.02737207501847024,
                    0.175946952652664,
                    100.04957993079054,
                    90.49120514325234,
                    141.16893335597314
                ],
                "Si": [
                    [
                        0.9117934029984271,
                        -0.7329751878460546,
                        -0.035750391277455815,
                        0.04040940653267161,
                        -0.47580265857199905,
                        0.2489334189068951
                    ],
                    [
                        -0.7329751878460546,
                        1.3803835832408093,
                        -0.023712994375096164,
                        0.0004582052707340539,
                        1.0643464506797742,
                        0.3745909980029395
                    ],
                    [
                        -0.035750391277455815,
                        -0.023712994375096164,
                        0.8862486638880229,
                        -0.040223841856777715,
                        -1.0027310572417312,
                        -0.49929397781607854
                    ],
                    [
                        0.04040940653267161,
                        0.0004582052707340539,
                        -0.040223841856777715,
                        0.9588264517429119,
                        0.8599095570032101,
                        1.1950137807795056
                    ],
                    [
                        -0.47580265857199905,
                        1.0643464506797742,
                        -1.0027310572417312,
                        0.8599095570032101,
                        3.7309461916383357,
                        2.8353527474636717
                    ],
                    [
                        0.2489334189068951,
                        0.3745909980029395,
                        -0.49929397781607854,
                        1.1950137807795056,
                        2.8353527474636717,
                        3.7231479941661143
                    ]
                ]
            },
            "est_tgt": [
                1,
                3,
                4,
                5
            ],
            "oracle_est_tgt": [
                1,
                3,
                4,
                5
            ]
        },
        "4": {
            "intv_type": "hard",
            "inode": 4,
            "new_mui": 100,
            "new_vari": 1.0,
            "noise_type": "gaussian",
            "obs_noise_gamma_shape": null,
            "true_params": {
                "Si": [
                    [
                        1.0,
                        -0.7859987927589813,
                        0.0,
                        -1.3734336186229286,
                        0.0,
                        0.06629620563197848
                    ],
                    [
                        -0.7859987927589813,
                        1.6177941022185762,
                        0.0,
                        1.6373796196937063,
                        0.0,
                        0.2383350873232171
                    ],
                    [
                        0.0,
                        0.0,
                        1.0,
                        -0.6324989195139579,
                        0.0,
                        0.3264267507334876
                    ],
                    [
                        -1.3734336186229286,
                        1.6373796196937063,
                        -0.6324989195139579,
                        3.5975853049990074,
                        0.0,
                        0.3851466833653798
                    ],
                    [
                        0.0,
                        0.0,
                        0.0,
                        0.0,
                        1.0,
                        0.9838208601316497
                    ],
                    [
                        0.06629620563197848,
                        0.2383350873232171,
                        0.3264267507334876,
                        0.3851466833653798,
                        0.9838208601316497,
                        2.4342735791476153
                    ]
                ],
                "mui": [
                    0.0,
                    0.0,
                    0.0,
                    0.0,
                    100.0,
                    98.38208601316497
                ],
                "Ai": [
                    [
                        0.0,
                        0.0,
                        0.0,
                        0.0,
                        0.0,
                        0.0
                    ],
                    [
                        -0.7859987927589813,
                        0.0,
                        0.0,
                        0.0,
                        0.0,
                        0.0
                    ],
                    [
                        -0.0,
                        0.0,
                        0.0,
                        0.0,
                        0.0,
                        0.0
                    ],
                    [
                        -0.9349544036294777,
                        0.5578624535214853,
                        -0.6324989195139579,
                        0.0,
                        0.0,
                        0.0
                    ],
                    [
                        0.0,
                        0.0,
                        0.0,
                        0.0,
                        0.0,
                        0.0
                    ],
                    [
                        0.7813565416357147,
                        0.0,
                        0.6557290801486679,
                        0.5206369833299191,
                        0.9838208601316497,
                        0.0
                    ]
                ]
            },
            "est_params": {
                "mui": [
                    -0.044711938910433596,
                    0.09654523599309095,
                    0.09054039022380855,
                    -0.034586243827319826,
                    100.05946426059408,
                    98.3593565911259
                ],
                "Si": [
                    [
                        1.1925820318797622,
                        -0.8928084261546521,
                        0.09856404688367758,
                        -1.6405580902123447,
                        0.08401418030135675,
                        0.2819116531296911
                    ],
                    [
                        -0.8928084261546521,
                        1.628829974572303,
                        -0.009070386231808995,
                        1.7340160469597115,
                        0.08112898945599349,
                        0.1982512625837418
                    ],
                    [
                        0.09856404688367758,
                        -0.009070386231808995,
                        0.8801206968567697,
                        -0.630754417847613,
                        0.03120914483384055,
                        0.537380194611003
                    ],
                    [
                        -1.6405580902123447,
                        1.7340160469597115,
                        -0.630754417847613,
                        3.7598302202485803,
                        -0.018048828597613167,
                        0.08443621598155257
                    ],
                    [
                        0.08401418030135675,
                        0.08112898945599349,
                        0.03120914483384055,
                        -0.018048828597613167,
                        1.035158041598905,
                        1.1687467347113623
                    ],
                    [
                        0.2819116531296911,
                        0.1982512625837418,
                        0.537380194611003,
                        0.08443621598155257,
                        1.1687467347113623,
                        2.7797012340288365
                    ]
                ]
            },
            "est_tgt": [
                1,
                3,
                4,
                5
            ],
            "oracle_est_tgt": [
                1,
                3,
                4,
                5
            ]
        },
        "5": {
            "intv_type": "hard",
            "inode": 5,
            "new_mui": 100,
            "new_vari": 1.0,
            "noise_type": "gaussian",
            "obs_noise_gamma_shape": null,
            "true_params": {
                "Si": [
                    [
                        1.0,
                        -0.7859987927589813,
                        0.0,
                        -1.3734336186229286,
                        -1.7607653103576268,
                        0.0
                    ],
                    [
                        -0.7859987927589813,
                        1.6177941022185762,
                        0.0,
                        1.6373796196937063,
                        2.5461417154383392,
                        0.0
                    ],
                    [
                        0.0,
                        0.0,
                        1.0,
                        -0.6324989195139579,
                        -1.4887458651323142,
                        0.0
                    ],
                    [
                        -1.3734336186229286,
                        1.6373796196937063,
                        -0.6324989195139579,
                        3.5975853049990074,
                        4.914500522003269,
                        0.0
                    ],
                    [
                        -1.7607653103576268,
                        2.5461417154383392,
                        -1.4887458651323142,
                        4.914500522003269,
                        8.48859416611748,
                        0.0
                    ],
                    [
                        0.0,
                        0.0,
                        0.0,
                        0.0,
                        0.0,
                        1.0
                    ]
                ],
                "mui": [
                    0.0,
                    0.0,
                    0.0,
                    0.0,
                    0.0,
                    100.0
                ],
                "Ai": [
                    [
                        0.0,
                        0.0,
                        0.0,
                        0.0,
                        0.0,
                        0.0
                    ],
                    [
                        -0.7859987927589813,
                        0.0,
                        0.0,
                        0.0,
                        0.0,
                        0.0
                    ],
                    [
                        -0.0,
                        0.0,
                        0.0,
                        0.0,
                        0.0,
                        0.0
                    ],
                    [
                        -0.9349544036294777,
                        0.5578624535214853,
                        -0.6324989195139579,
                        0.0,
                        0.0,
                        0.0
                    ],
                    [
                        0.0,
                        0.656626027039198,
                        -0.9155511664843036,
                        0.9062382258114854,
                        0.0,
                        0.0
                    ],
                    [
                        0.0,
                        0.0,
                        0.0,
                        0.0,
                        0.0,
                        0.0
                    ]
                ]
            },
            "est_params": {
                "mui": [
                    -0.15016057156471854,
                    0.11522426900755724,
                    0.0094949647837693,
                    0.16921007891024423,
                    0.23995699106381127,
                    99.87811708158164
                ],
                "Si": [
                    [
                        1.127274865301972,
                        -0.8122477829578424,
                        0.1307621953292807,
                        -1.5529946375858505,
                        -2.198164271141399,
                        -0.1300040476613442
                    ],
                    [
                        -0.8122477829578424,
                        1.5052561256861687,
                        -0.10274150289686491,
                        1.624361811433127,
                        2.703449519586018,
                        0.010051612013957266
                    ],
                    [
                        0.1307621953292807,
                        -0.10274150289686491,
                        0.8657568659976105,
                        -0.787863110711787,
                        -1.617930559780199,
                        -0.054149925742068755
                    ],
                    [
                        -1.5529946375858505,
                        1.624361811433127,
                        -0.787863110711787,
                        3.816553656543176,
                        5.446603880033893,
                        0.14567385634310706
                    ],
                    [
                        -2.198164271141399,
                        2.703449519586018,
                        -1.617930559780199,
                        5.446603880033893,
                        9.42613434789177,
                        0.20331085352731773
                    ],
                    [
                        -0.1300040476613442,
                        0.010051612013957266,
                        -0.054149925742068755,
                        0.14567385634310706,
                        0.20331085352731773,
                        0.8320566114729628
                    ]
                ]
            },
            "est_tgt": [
                3,
                5
            ],
            "oracle_est_tgt": [
                3,
                5
            ]
        },
        "obs": {
            "intv_type": "obs",
            "noise_type": "gaussian",
            "obs_noise_gamma_shape": null,
            "true_params": {
                "Si": [
                    [
                        1.0,
                        -0.7859987927589813,
                        0.0,
                        -1.3734336186229286,
                        -1.7607653103576268,
                        -1.665981436494033
                    ],
                    [
                        -0.7859987927589813,
                        1.6177941022185762,
                        0.0,
                        1.6373796196937063,
                        2.5461417154383392,
                        2.7432824198228376
                    ],
                    [
                        0.0,
                        0.0,
                        1.0,
                        -0.6324989195139579,
                        -1.4887458651323142,
                        -1.1382324868184228
                    ],
                    [
                        -1.3734336186229286,
                        1.6373796196937063,
                        -0.6324989195139579,
                        3.5975853049990074,
                        4.914500522003269,
                        5.220134814040078
                    ],
                    [
                        -1.7607653103576268,
                        2.5461417154383392,
                        -1.4887458651323142,
                        4.914500522003269,
                        8.48859416611748,
                        8.557927289915781
                    ],
                    [
                        -1.665981436494033,
                        2.7432824198228376,
                        -1.1382324868184228,
                        5.220134814040078,
                        8.557927289915781,
                        10.089164994241324
                    ]
                ],
                "mui": [
                    0.0,
                    0.0,
                    0.0,
                    0.0,
                    0.0,
                    0.0
                ],
                "Ai": [
                    [
                        0.0,
                        0.0,
                        0.0,
                        0.0,
