{
    "expt_args": {
        "save_dir": "all_expt_logs/expt_logs_sim_compsel_backward_cameraready_new_mean_largerange",
        "exp_name": "338",
        "num_nodes": 6,
        "num_tgt_prior": 7,
        "obs_noise_mean": 0.0,
        "obs_noise_var": 1.0,
        "obs_noise_gamma_shape": null,
        "noise_type": "gaussian",
        "max_edge_strength": 1.0,
        "graph_sparsity_method": "adj_dense_prop",
        "adj_dense_prop": 0.8,
        "num_parents": null,
        "new_noise_mean": 100,
        "mix_samples": 262144,
        "stage2_samples": 262144,
        "gmm_tol": 0.001,
        "intv_type": "hard",
        "new_noise_var": 1.0,
        "dtype": "simulation",
        "cutoff_drop_ratio": 0.07,
        "intv_targets": [
            0,
            1,
            2,
            3,
            4,
            5
        ]
    },
    "intv_args_dict": {
        "0": {
            "intv_type": "hard",
            "inode": 0,
            "new_mui": 100,
            "new_vari": 1.0,
            "noise_type": "gaussian",
            "obs_noise_gamma_shape": null,
            "true_params": {
                "Si": [
                    [
                        1.0,
                        0.890318901385704,
                        -0.9480404870238985,
                        -2.0921533412815743,
                        -2.9450543231429247,
                        5.000169489189283
                    ],
                    [
                        0.890318901385704,
                        1.792667746164647,
                        -0.8440583648762852,
                        -2.7492021109824663,
                        -3.474822674107689,
                        5.299852702469672
                    ],
                    [
                        -0.9480404870238985,
                        -0.8440583648762852,
                        1.8987807650365107,
                        2.5311389991842614,
                        4.302501936240942,
                        -6.85788695353109
                    ],
                    [
                        -2.0921533412815743,
                        -2.7492021109824663,
                        2.5311389991842614,
                        6.462988101506034,
                        8.706737958593958,
                        -13.975297579125183
                    ],
                    [
                        -2.9450543231429247,
                        -3.474822674107689,
                        4.302501936240942,
                        8.706737958593958,
                        13.60745575465427,
                        -20.887324213796056
                    ],
                    [
                        5.000169489189283,
                        5.299852702469672,
                        -6.85788695353109,
                        -13.975297579125183,
                        -20.887324213796056,
                        34.260656469028206
                    ]
                ],
                "mui": [
                    100.0,
                    89.0318901385704,
                    -94.80404870238985,
                    -209.21533412815742,
                    -294.5054323142925,
                    500.01694891892834
                ],
                "Ai": [
                    [
                        0.0,
                        0.0,
                        0.0,
                        0.0,
                        0.0,
                        0.0
                    ],
                    [
                        0.890318901385704,
                        0.0,
                        0.0,
                        0.0,
                        0.0,
                        0.0
                    ],
                    [
                        -0.9480404870238985,
                        -0.0,
                        0.0,
                        0.0,
                        0.0,
                        0.0
                    ],
                    [
                        -0.7836341429478223,
                        -0.8865184466422253,
                        0.5476929265870013,
                        0.0,
                        0.0,
                        0.0
                    ],
                    [
                        -0.0,
                        -0.0,
                        0.9836187784714499,
                        0.9619485616298998,
                        0.0,
                        0.0
                    ],
                    [
                        0.9817639348951301,
                        -0.5725923137681195,
                        -0.5529906212879878,
                        -0.9308700781619685,
                        -0.6982604210792244,
                        0.0
                    ]
                ]
            },
            "est_params": {
                "mui": [
                    100.00566962193207,
                    89.03622444100142,
                    -94.80677668018684,
                    -209.22989614509547,
                    -294.5235711374376,
                    500.04885820469514
                ],
                "Si": [
                    [
                        0.9983118716177578,
                        0.8869023765632414,
                        -0.9510017662585042,
                        -2.08208414411118,
                        -2.9325291030893395,
                        4.982808693362699
                    ],
                    [
                        0.8869023765632414,
                        1.7981588454453497,
                        -0.8486736558646544,
                        -2.755309086362741,
                        -3.475375810716551,
                        5.313818016741758
                    ],
                    [
                        -0.9510017662585042,
                        -0.8486736558646544,
                        1.8995567973178586,
                        2.5322785689735983,
                        4.296633053953616,
                        -6.853201376979973
                    ],
                    [
                        -2.08208414411118,
                        -2.755309086362741,
                        2.5322785689735983,
                        6.4580429331501055,
                        8.694286264243015,
                        -13.954679454796612
                    ],
                    [
                        -2.9325291030893395,
                        -3.475375810716551,
                        4.296633053953616,
                        8.694286264243015,
                        13.58120661109119,
                        -20.83772716031662
                    ],
                    [
                        4.982808693362699,
                        5.313818016741758,
                        -6.853201376979973,
                        -13.954679454796612,
                        -20.83772716031662,
                        34.16545242840569
                    ]
                ]
            },
            "est_tgt": [
                0
            ],
            "oracle_est_tgt": [
                0
            ]
        },
        "1": {
            "intv_type": "hard",
            "inode": 1,
            "new_mui": 100,
            "new_vari": 1.0,
            "noise_type": "gaussian",
            "obs_noise_gamma_shape": null,
            "true_params": {
                "Si": [
                    [
                        1.0,
                        0.0,
                        -0.9480404870238985,
                        -1.3028692118089074,
                        -2.1858035900793853,
                        4.245083533057334
                    ],
                    [
                        0.0,
                        1.0,
                        0.0,
                        -0.8865184466422253,
                        -0.8527851446058617,
                        0.8481072961123521
                    ],
                    [
                        -0.9480404870238985,
                        0.0,
                        1.8987807650365107,
                        1.7828656886787608,
                        3.5827015014941326,
                        -6.142034895934851
                    ],
                    [
                        -1.3028692118089074,
                        -0.8865184466422253,
                        1.7828656886787608,
                        3.7833506811499418,
                        5.393048916750551,
                        -9.044964912121022
                    ],
                    [
                        -2.1858035900793853,
                        -0.8527851446058617,
                        3.5827015014941326,
                        5.393048916750551,
                        9.71184812279537,
                        -15.440472269955412
                    ],
                    [
                        4.245083533057334,
                        0.8481072961123521,
                        -6.142034895934851,
                        -9.044964912121022,
                        -15.440472269955412,
                        27.279695751043324
                    ]
                ],
                "mui": [
                    0.0,
                    100.0,
                    0.0,
                    -88.65184466422254,
                    -85.27851446058618,
                    84.81072961123522
                ],
                "Ai": [
                    [
                        0.0,
                        0.0,
                        0.0,
                        0.0,
                        0.0,
                        0.0
                    ],
                    [
                        0.0,
                        0.0,
                        0.0,
                        0.0,
                        0.0,
                        0.0
                    ],
                    [
                        -0.9480404870238985,
                        -0.0,
                        0.0,
                        0.0,
                        0.0,
                        0.0
                    ],
                    [
                        -0.7836341429478223,
                        -0.8865184466422253,
                        0.5476929265870013,
                        0.0,
                        0.0,
                        0.0
                    ],
                    [
                        -0.0,
                        -0.0,
                        0.9836187784714499,
                        0.9619485616298998,
                        0.0,
                        0.0
                    ],
                    [
                        0.9817639348951301,
                        -0.5725923137681195,
                        -0.5529906212879878,
                        -0.9308700781619685,
                        -0.6982604210792244,
                        0.0
                    ]
                ]
            },
            "est_params": {
                "mui": [
                    0.0025278563972504125,
                    100.00027794197017,
                    0.001090441468801732,
                    -88.64996443402536,
                    -85.2789339386611,
                    84.80577244586142
                ],
                "Si": [
                    [
                        0.9987391646389913,
                        0.004425233870375042,
                        -0.9500107334906245,
                        -1.307914097412876,
                        -2.197041436454719,
                        4.261449001319813
                    ],
                    [
                        0.004425233870375042,
                        1.0051675004973066,
                        -0.012460520154364394,
                        -0.9071631042026084,
                        -0.8791986022573861,
                        0.8985964274152629
                    ],
                    [
                        -0.9500107334906245,
                        -0.012460520154364394,
                        1.8885064856973492,
                        1.7988983312174947,
                        3.588338098977832,
                        -6.159167977417174
                    ],
                    [
                        -1.307914097412876,
                        -0.9071631042026084,
                        1.7988983312174947,
                        3.8210342712511807,
                        5.44464122234894,
                        -9.13820687608623
                    ],
                    [
                        -2.197041436454719,
                        -0.8791986022573861,
                        3.588338098977832,
                        5.44464122234894,
                        9.762256554382196,
                        -15.541824186757847
                    ],
                    [
                        4.261449001319813,
                        0.8985964274152629,
                        -6.159167977417174,
                        -9.13820687608623,
                        -15.541824186757847,
                        27.47744487860754
                    ]
                ]
            },
            "est_tgt": [
                1,
                3
            ],
            "oracle_est_tgt": [
                1,
                3
            ]
        },
        "2": {
            "intv_type": "hard",
            "inode": 2,
            "new_mui": 100,
            "new_vari": 1.0,
            "noise_type": "gaussian",
            "obs_noise_gamma_shape": null,
            "true_params": {
                "Si": [
                    [
                        1.0,
                        0.890318901385704,
                        0.0,
                        -1.5729182724204893,
                        -1.5130664697162766,
                        2.992671160614592
                    ],
                    [
                        0.890318901385704,
                        1.792667746164647,
                        0.0,
                        -2.286917314913135,
                        -2.1998968216472026,
                        3.5125389960394156
                    ],
                    [
                        0.0,
                        0.0,
                        1.0,
                        0.5476929265870013,
                        1.5104712014166861,
                        -2.1175238357980444
                    ],
                    [
                        -1.5729182724204893,
                        -2.286917314913135,
                        0.5476929265870013,
                        4.559954389784635,
                        4.9251626137782365,
                        -8.221403427220165
                    ],
                    [
                        -1.5130664697162766,
                        -2.1998968216472026,
                        1.5104712014166861,
                        4.9251626137782365,
                        7.223480930171117,
                        -10.689663831224642
                    ],
                    [
                        2.992671160614592,
                        3.5125389960394156,
                        -2.1175238357980444,
                        -8.221403427220165,
                        -10.689663831224642,
                        18.215042223983072
                    ]
                ],
                "mui": [
                    0.0,
                    0.0,
                    100.0,
                    54.76929265870013,
                    151.04712014166861,
                    -211.75238357980444
                ],
                "Ai": [
                    [
                        0.0,
                        0.0,
                        0.0,
                        0.0,
                        0.0,
                        0.0
                    ],
                    [
                        0.890318901385704,
                        0.0,
                        0.0,
                        0.0,
                        0.0,
                        0.0
                    ],
                    [
                        0.0,
                        0.0,
                        0.0,
                        0.0,
                        0.0,
                        0.0
                    ],
                    [
                        -0.7836341429478223,
                        -0.8865184466422253,
                        0.5476929265870013,
                        0.0,
                        0.0,
                        0.0
                    ],
                    [
                        -0.0,
                        -0.0,
                        0.9836187784714499,
                        0.9619485616298998,
                        0.0,
                        0.0
                    ],
                    [
                        0.9817639348951301,
                        -0.5725923137681195,
                        -0.5529906212879878,
                        -0.9308700781619685,
                        -0.6982604210792244,
                        0.0
                    ]
                ]
            },
            "est_params": {
                "mui": [
                    0.0033570879656893904,
                    0.005972239247593923,
                    99.998106564376,
                    54.750137270660645,
                    151.0215523710348,
                    -211.71648100349472
                ],
                "Si": [
                    [
                        0.9959435405149563,
                        0.8872730970032879,
                        0.002619291037184579,
                        -1.5646453657848853,
                        -1.5083243112659526,
                        2.98709932681556
                    ],
                    [
                        0.8872730970032879,
                        1.786788490086174,
                        0.00935137469039202,
                        -2.2751746747052635,
                        -2.194110517155737,
                        3.498533007568191
                    ],
                    [
                        0.002619291037184579,
                        0.00935137469039202,
                        0.9883789461852102,
                        0.5268181707969272,
                        1.465730895153957,
                        -2.065570491345538
                    ],
                    [
                        -1.5646453657848853,
                        -2.2751746747052635,
                        0.5268181707969272,
                        4.520624650391289,
                        4.87910303855299,
                        -8.14861187587486
                    ],
                    [
                        -1.5083243112659526,
                        -2.194110517155737,
                        1.465730895153957,
                        4.87910303855299,
                        7.133734991501232,
                        -10.573282304975047
                    ],
                    [
                        2.98709932681556,
                        3.498533007568191,
                        -2.065570491345538,
                        -8.14861187587486,
                        -10.573282304975047,
                        18.076218565444215
                    ]
                ]
            },
            "est_tgt": [
                1,
                2,
                3,
                4,
                5
            ],
            "oracle_est_tgt": [
                1,
                2,
                3,
                4,
                5
            ]
        },
        "3": {
            "intv_type": "hard",
            "inode": 3,
            "new_mui": 100,
            "new_vari": 1.0,
            "noise_type": "gaussian",
            "obs_noise_gamma_shape": null,
            "true_params": {
                "Si": [
                    [
                        1.0,
                        0.890318901385704,
                        -0.9480404870238985,
                        0.0,
                        -0.9325104257879255,
                        1.6473667956561555
                    ],
                    [
                        0.890318901385704,
                        1.792667746164647,
                        -0.8440583648762852,
                        0.0,
                        -0.830231657818221,
                        0.8940894819197565
                    ],
                    [
                        -0.9480404870238985,
                        -0.8440583648762852,
                        1.8987807650365107,
                        0.0,
                        1.8676764166902977,
                        -2.8015831029857554
                    ],
                    [
                        0.0,
                        0.0,
                        0.0,
                        1.0,
                        0.9619485616298998,
                        -1.6025606858622166
                    ],
                    [
                        -0.9325104257879255,
                        -0.830231657818221,
                        1.8676764166902977,
                        0.9619485616298998,
                        3.7624266307866785,
                        -4.995531117314112
                    ],
                    [
                        1.6473667956561555,
                        0.8940894819197565,
                        -2.8015831029857554,
                        -1.6025606858622166,
                        -4.995531117314112,
                        8.634583175458797
                    ]
                ],
                "mui": [
                    0.0,
                    0.0,
                    0.0,
                    100.0,
                    96.19485616298998,
                    -160.25606858622166
                ],
                "Ai": [
                    [
                        0.0,
                        0.0,
                        0.0,
                        0.0,
                        0.0,
                        0.0
                    ],
                    [
                        0.890318901385704,
                        0.0,
                        0.0,
                        0.0,
                        0.0,
                        0.0
                    ],
                    [
                        -0.9480404870238985,
                        -0.0,
                        0.0,
                        0.0,
                        0.0,
                        0.0
                    ],
                    [
                        0.0,
                        0.0,
                        0.0,
                        0.0,
                        0.0,
                        0.0
                    ],
                    [
                        -0.0,
                        -0.0,
                        0.9836187784714499,
                        0.9619485616298998,
                        0.0,
                        0.0
                    ],
                    [
                        0.9817639348951301,
                        -0.5725923137681195,
                        -0.5529906212879878,
                        -0.9308700781619685,
                        -0.6982604210792244,
                        0.0
                    ]
                ]
            },
            "est_params": {
                "mui": [
                    0.0006960157831112402,
                    0.0026390367851474414,
                    0.003245181713649182,
                    99.99434821096165,
                    96.1923274229714,
                    -160.24456279762126
                ],
                "Si": [
                    [
                        0.9970400742361263,
                        0.8777983333632507,
                        -0.9465860215330993,
                        0.0031583865944745868,
                        -0.9318310474189784,
                        1.636695895810425
                    ],
                    [
                        0.8777983333632507,
                        1.7650766779566969,
                        -0.8305403689251467,
                        0.005377841067377043,
                        -0.8106469209228326,
                        0.8621853488940621
                    ],
                    [
                        -0.9465860215330993,
                        -0.8305403689251467,
                        1.8888022329938472,
                        0.003089378103886499,
                        1.858931887887114,
                        -2.7755271082021036
                    ],
                    [
                        0.0031583865944745868,
                        0.005377841067377043,
                        0.003089378103886499,
                        0.9983122605122687,
                        0.96613942625054,
                        -1.613856087666471
                    ],
                    [
                        -0.9318310474189784,
                        -0.8106469209228326,
                        1.858931887887114,
                        0.96613942625054,
                        3.750295034986295,
                        -4.976672663177596
                    ],
                    [
                        1.636695895810425,
                        0.8621853488940621,
                        -2.7755271082021036,
                        -1.613856087666471,
                        -4.976672663177596,
                        8.593773104720393
                    ]
                ]
            },
            "est_tgt": [
                1,
                2,
                3,
                4,
                5
            ],
            "oracle_est_tgt": [
                1,
                2,
                3,
                4,
                5
            ]
        },
        "4": {
            "intv_type": "hard",
            "inode": 4,
            "new_mui": 100,
            "new_vari": 1.0,
            "noise_type": "gaussian",
            "obs_noise_gamma_shape": null,
            "true_params": {
                "Si": [
                    [
                        1.0,
                        0.890318901385704,
                        -0.9480404870238985,
                        -2.0921533412815743,
                        0.0,
                        2.9437546174103146
                    ],
                    [
                        0.890318901385704,
                        1.792667746164647,
                        -0.8440583648762852,
                        -2.7492021109824663,
                        0.0,
                        2.8735215588716008
                    ],
                    [
                        -0.9480404870238985,
                        -0.8440583648762852,
                        1.8987807650365107,
                        2.5311389991842614,
                        0.0,
                        -3.8536201398373118
                    ],
                    [
                        -2.0921533412815743,
                        -2.7492021109824663,
                        2.5311389991842614,
                        6.462988101506034,
                        0.0,
                        -7.895727065930899
                    ],
                    [
                        0.0,
                        0.0,
                        0.0,
                        0.0,
                        1.0,
                        -0.6982604210792244
                    ],
                    [
                        2.9437546174103146,
                        2.8735215588716008,
                        -3.8536201398373118,
                        -7.895727065930899,
                        -0.6982604210792244,
                        12.213195240488535
                    ]
                ],
                "mui": [
                    0.0,
                    0.0,
                    0.0,
                    0.0,
                    100.0,
                    -69.82604210792243
                ],
                "Ai": [
                    [
                        0.0,
                        0.0,
                        0.0,
                        0.0,
                        0.0,
                        0.0
                    ],
                    [
                        0.890318901385704,
                        0.0,
                        0.0,
                        0.0,
                        0.0,
                        0.0
                    ],
                    [
                        -0.9480404870238985,
                        -0.0,
                        0.0,
                        0.0,
                        0.0,
                        0.0
                    ],
                    [
                        -0.7836341429478223,
                        -0.8865184466422253,
                        0.5476929265870013,
                        0.0,
                        0.0,
                        0.0
                    ],
                    [
                        0.0,
                        0.0,
                        0.0,
                        0.0,
                        0.0,
                        0.0
                    ],
                    [
                        0.9817639348951301,
                        -0.5725923137681195,
                        -0.5529906212879878,
                        -0.9308700781619685,
                        -0.6982604210792244,
                        0.0
                    ]
                ]
            },
            "est_params": {
                "mui": [
                    0.006575017785003987,
                    0.00824500955592276,
                    -0.006032185404258749,
                    -0.013353481269039973,
                    100.00673605855951,
                    -69.81453945350103
                ],
                "Si": [
                    [
                        1.008435135800189,
                        0.8939717508459393,
                        -0.9550458042013933,
                        -2.10166503278374,
                        0.002594300489183252,
                        2.9603946523559066
                    ],
                    [
                        0.8939717508459393,
                        1.7888945019944533,
                        -0.8453054888129293,
                        -2.7518177395912353,
                        0.0072330935295291604,
                        2.8683805390030956
                    ],
                    [
                        -0.9550458042013933,
                        -0.8453054888129293,
                        1.9063649289009688,
                        2.5363868311812108,
                        -0.009579694084319924,
                        -3.8626811595776815
                    ],
                    [
                        -2.10166503278374,
                        -2.7518177395912353,
                        2.5363868311812108,
                        6.472979664271867,
                        -0.021751698896822616,
                        -7.90449025704257
                    ],
                    [
                        0.002594300489183252,
                        0.0072330935295291604,
                        -0.009579694084319924,
                        -0.021751698896822616,
                        1.0014205683521942,
                        -0.675138188277595
                    ],
                    [
                        2.9603946523559066,
                        2.8683805390030956,
                        -3.8626811595776815,
                        -7.90449025704257,
                        -0.675138188277595,
                        12.226866033279496
                    ]
                ]
            },
            "est_tgt": [
                2,
                4,
                5
            ],
            "oracle_est_tgt": [
                2,
                4,
                5
            ]
        },
        "5": {
            "intv_type": "hard",
            "inode": 5,
            "new_mui": 100,
            "new_vari": 1.0,
            "noise_type": "gaussian",
            "obs_noise_gamma_shape": null,
            "true_params": {
                "Si": [
                    [
                        1.0,
                        0.890318901385704,
                        -0.9480404870238985,
                        -2.0921533412815743,
                        -2.9450543231429247,
                        0.0
                    ],
                    [
                        0.890318901385704,
                        1.792667746164647,
                        -0.8440583648762852,
                        -2.7492021109824663,
                        -3.474822674107689,
                        0.0
                    ],
                    [
                        -0.9480404870238985,
                        -0.8440583648762852,
                        1.8987807650365107,
                        2.5311389991842614,
                        4.302501936240942,
                        0.0
                    ],
                    [
                        -2.0921533412815743,
                        -2.7492021109824663,
                        2.5311389991842614,
                        6.462988101506034,
                        8.706737958593958,
                        0.0
                    ],
                    [
                        -2.9450543231429247,
                        -3.474822674107689,
                        4.302501936240942,
                        8.706737958593958,
                        13.60745575465427,
                        0.0
                    ],
                    [
                        0.0,
                        0.0,
                        0.0,
                        0.0,
                        0.0,
                        1.0
                    ]
                ],
                "mui": [
                    0.0,
                    0.0,
                    0.0,
                    0.0,
                    0.0,
                    100.0
                ],
                "Ai": [
                    [
                        0.0,
                        0.0,
                        0.0,
                        0.0,
                        0.0,
                        0.0
                    ],
                    [
                        0.890318901385704,
                        0.0,
                        0.0,
                        0.0,
                        0.0,
                        0.0
                    ],
                    [
                        -0.9480404870238985,
                        -0.0,
                        0.0,
                        0.0,
                        0.0,
                        0.0
                    ],
                    [
                        -0.7836341429478223,
                        -0.8865184466422253,
                        0.5476929265870013,
                        0.0,
                        0.0,
                        0.0
                    ],
                    [
                        -0.0,
                        -0.0,
                        0.9836187784714499,
                        0.9619485616298998,
                        0.0,
                        0.0
                    ],
                    [
                        0.0,
                        0.0,
                        0.0,
                        0.0,
                        0.0,
                        0.0
                    ]
                ]
            },
            "est_params": {
                "mui": [
                    0.002891111847661855,
                    -0.002334121852015017,
                    -0.003671388941567168,
                    0.0022056463791513357,
                    0.003909131611069816,
                    100.00649130780984
                ],
                "Si": [
                    [
                        1.0020994650678703,
                        0.8916455986577857,
                        -0.9453902268231709,
                        -2.094987584079505,
                        -2.9460451501769622,
                        -0.004979941498039632
                    ],
                    [
                        0.8916455986577857,
                        1.799046294562007,
                        -0.8440341231347714,
                        -2.7624290182133397,
                        -3.4938782005145903,
                        0.007295358234340644
                    ],
                    [
                        -0.9453902268231709,
                        -0.8440341231347714,
                        1.8991482579782049,
                        2.5257554752438804,
                        4.289226957872558,
                        0.002795588223053917
                    ],
                    [
                        -2.094987584079505,
                        -2.7624290182133397,
                        2.5257554752438804,
                        6.475970940608861,
                        8.704696809765728,
                        -0.0060321055721500455
                    ],
                    [
                        -2.9460451501769622,
                        -3.4938782005145903,
                        4.289226957872558,
                        8.704696809765728,
                        13.579497228583074,
                        -0.008188115639540293
                    ],
                    [
                        -0.004979941498039632,
                        0.007295358234340644,
                        0.002795588223053917,
                        -0.0060321055721500455,
                        -0.008188115639540293,
                        1.002466008847531
                    ]
                ]
            },
            "est_tgt": [
                2,
                5
            ],
            "oracle_est_tgt": [
                2,
                5
            ]
        },
        "obs": {
            "intv_type": "obs",
            "noise_type": "gaussian",
            "obs_noise_gamma_shape": null,
            "true_params": {
                "Si": [
                    [
                        1.0,
                        0.890318901385704,
                        -0.9480404870238985,
                        -2.0921533412815743,
                        -2.9450543231429247,
                        5.000169489189283
                    ],
                    [
                        0.890318901385704,
                        1.792667746164647,
                        -0.8440583648762852,
                        -2.7492021109824663,
                        -3.474822674107689,
                        5.299852702469672
                    ],
                    [
                        -0.9480404870238985,
                        -0.8440583648762852,
                        1.8987807650365107,
                        2.5311389991842614,
                        4.302501936240942,
                        -6.85788695353109
                    ],
                    [
                        -2.0921533412815743,
                        -2.7492021109824663,
                        2.5311389991842614,
                        6.462988101506034,
                        8.706737958593958,
                        -13.975297579125183
                    ],
                    [
                        -2.9450543231429247,
                        -3.474822674107689,
                        4.302501936240942,
                        8.706737958593958,
                        13.60745575465427,
                        -20.887324213796056
                    ],
                    [
                        5.000169489189283,
