{
    "expt_args": {
        "save_dir": "all_expt_logs/expt_logs_sim_compsel_backward_cameraready_new_mean_largerange",
        "exp_name": "353",
        "num_nodes": 6,
        "num_tgt_prior": 7,
        "obs_noise_mean": 0.0,
        "obs_noise_var": 1.0,
        "obs_noise_gamma_shape": null,
        "noise_type": "gaussian",
        "max_edge_strength": 1.0,
        "graph_sparsity_method": "adj_dense_prop",
        "adj_dense_prop": 0.8,
        "num_parents": null,
        "new_noise_mean": 1.0,
        "mix_samples": 2048,
        "stage2_samples": 2048,
        "gmm_tol": 0.001,
        "intv_type": "hard",
        "new_noise_var": 1.0,
        "dtype": "simulation",
        "cutoff_drop_ratio": 0.07,
        "intv_targets": [
            0,
            1,
            2,
            3,
            4,
            5
        ]
    },
    "intv_args_dict": {
        "0": {
            "intv_type": "hard",
            "inode": 0,
            "new_mui": 1.0,
            "new_vari": 1.0,
            "noise_type": "gaussian",
            "obs_noise_gamma_shape": null,
            "true_params": {
                "Si": [
                    [
                        1.0,
                        0.7086635604623434,
                        0.9827862040852643,
                        0.4420062317707545,
                        -1.5003538173963802,
                        0.17663129770561892
                    ],
                    [
                        0.7086635604623434,
                        1.5022040419271654,
                        1.292181082572973,
                        1.296947666734835,
                        -1.53156917586334,
                        0.19242267775521021
                    ],
                    [
                        0.9827862040852643,
                        1.292181082572973,
                        2.320746647338262,
                        1.5820191380073236,
                        -3.1365341924728822,
                        0.7460831173043213
                    ],
                    [
                        0.4420062317707545,
                        1.296947666734835,
                        1.5820191380073236,
                        2.478465148537147,
                        -2.793471826067761,
                        0.1944114206192904
                    ],
                    [
                        -1.5003538173963802,
                        -1.53156917586334,
                        -3.1365341924728822,
                        -2.793471826067761,
                        6.180395299062506,
                        -1.5731666932031736
                    ],
                    [
                        0.17663129770561892,
                        0.19242267775521021,
                        0.7460831173043213,
                        0.1944114206192904,
                        -1.5731666932031736,
                        1.9625006645786498
                    ]
                ],
                "mui": [
                    1.0,
                    0.7086635604623434,
                    0.9827862040852643,
                    0.4420062317707545,
                    -1.5003538173963802,
                    0.17663129770561892
                ],
                "Ai": [
                    [
                        0.0,
                        0.0,
                        0.0,
                        0.0,
                        0.0,
                        0.0
                    ],
                    [
                        0.7086635604623434,
                        0.0,
                        0.0,
                        0.0,
                        0.0,
                        0.0
                    ],
                    [
                        0.5606237613888918,
                        0.5957163120126383,
                        0.0,
                        0.0,
                        0.0,
                        0.0
                    ],
                    [
                        -0.569966266219569,
                        0.6491554696655972,
                        0.5616070608940006,
                        0.0,
                        0.0,
                        0.0
                    ],
                    [
                        -0.9020376966343406,
                        0.9351928818768165,
                        -0.8815623974708457,
                        -0.892896632466302,
                        0.0,
                        0.0
                    ],
                    [
                        -0.9991339945075038,
                        0.6246726758225496,
                        -0.0,
                        -0.9296508016044748,
                        -0.7624827984283375,
                        0.0
                    ]
                ]
            },
            "oracle_est_tgt": [
                0
            ]
        },
        "1": {
            "intv_type": "hard",
            "inode": 1,
            "new_mui": 1.0,
            "new_vari": 1.0,
            "noise_type": "gaussian",
            "obs_noise_gamma_shape": null,
            "true_params": {
                "Si": [
                    [
                        1.0,
                        0.0,
                        0.5606237613888918,
                        -0.255116003318614,
                        -1.168470303552003,
                        0.12897330941251572
                    ],
                    [
                        0.0,
                        1.0,
                        0.5957163120126383,
                        0.9837139567816284,
                        -0.4683230976739527,
                        0.06725051343406219
                    ],
                    [
                        0.5606237613888918,
                        0.5957163120126383,
                        1.6691769262317682,
                        1.0045974179323298,
                        -2.317079376137602,
                        0.6447978165511798
                    ],
                    [
                        -0.255116003318614,
                        0.9837139567816284,
                        1.0045974179323298,
                        2.3481798147622284,
                        -1.8322106150788458,
                        0.08343613107555548
                    ],
                    [
                        -1.168470303552003,
                        -0.4683230976739527,
                        -2.317079376137602,
                        -1.8322106150788458,
                        5.294656571969525,
                        -1.4588587334182201
                    ],
                    [
                        0.12897330941251572,
                        0.06725051343406219,
                        0.6447978165511798,
                        0.08343613107555548,
                        -1.4588587334182201,
                        1.9479361637902954
                    ]
                ],
                "mui": [
                    0.0,
                    1.0,
                    0.5957163120126383,
                    0.9837139567816284,
                    -0.4683230976739527,
                    0.06725051343406219
                ],
                "Ai": [
                    [
                        0.0,
                        0.0,
                        0.0,
                        0.0,
                        0.0,
                        0.0
                    ],
                    [
                        0.0,
                        0.0,
                        0.0,
                        0.0,
                        0.0,
                        0.0
                    ],
                    [
                        0.5606237613888918,
                        0.5957163120126383,
                        0.0,
                        0.0,
                        0.0,
                        0.0
                    ],
                    [
                        -0.569966266219569,
                        0.6491554696655972,
                        0.5616070608940006,
                        0.0,
                        0.0,
                        0.0
                    ],
                    [
                        -0.9020376966343406,
                        0.9351928818768165,
                        -0.8815623974708457,
                        -0.892896632466302,
                        0.0,
                        0.0
                    ],
                    [
                        -0.9991339945075038,
                        0.6246726758225496,
                        -0.0,
                        -0.9296508016044748,
                        -0.7624827984283375,
                        0.0
                    ]
                ]
            },
            "est_params": {
                "mui": [
                    0.15597336352798638,
                    0.23284145353443575,
                    0.3511455328252171,
                    0.40886335644547506,
                    -0.4232162715939323,
                    0.09468057339602683
                ],
                "Si": [
                    [
                        1.1393737998478248,
                        0.6924794517882461,
                        0.8475945371229774,
                        0.21398303501080546,
                        -1.1303088100653826,
                        -0.09820106021975514
                    ],
                    [
                        0.6924794517882461,
                        1.6275127896482893,
                        1.0519267764214346,
                        1.0568059565053944,
                        -0.7841068104782372,
                        -0.07089432788732854
                    ],
                    [
                        0.8475945371229774,
                        1.0519267764214346,
                        2.1594736988852477,
                        1.163205576796899,
                        -2.3147288292529034,
                        0.3067594425506766
                    ],
                    [
                        0.21398303501080546,
                        1.0568059565053944,
                        1.163205576796899,
                        2.3632784868268923,
                        -1.951821895935805,
                        -0.30164466373846244
                    ],
                    [
                        -1.1303088100653826,
                        -0.7841068104782372,
                        -2.3147288292529034,
                        -1.951821895935805,
                        5.340480454817084,
                        -1.292611938514618
                    ],
                    [
                        -0.09820106021975514,
                        -0.07089432788732854,
                        0.3067594425506766,
                        -0.30164466373846244,
                        -1.292611938514618,
                        2.4595612644777494
                    ]
                ]
            },
            "est_tgt": [
                2
            ],
            "oracle_est_tgt": [
                1
            ]
        },
        "2": {
            "intv_type": "hard",
            "inode": 2,
            "new_mui": 1.0,
            "new_vari": 1.0,
            "noise_type": "gaussian",
            "obs_noise_gamma_shape": null,
            "true_params": {
                "Si": [
                    [
                        1.0,
                        0.7086635604623434,
                        0.0,
                        -0.10993343979274217,
                        -0.14114138105809973,
                        -0.3466336463058764
                    ],
                    [
                        0.7086635604623434,
                        1.5022040419271654,
                        0.0,
                        0.5712496468081999,
                        0.25554239543611873,
                        -0.495573408285288
                    ],
                    [
                        0.0,
                        0.0,
                        1.0,
                        0.5616070608940006,
                        -1.3830194509123963,
                        0.532430086865666
                    ],
                    [
                        -0.10993343979274217,
                        0.5712496468081999,
                        0.5616070608940006,
                        1.7488906758274243,
                        -1.4232775517528835,
                        -0.07395068583634773
                    ],
                    [
                        -0.14114138105809973,
                        0.25554239543611873,
                        -1.3830194509123963,
                        -1.4232775517528835,
                        3.8563539514192247,
                        -1.3166029319255155
                    ],
                    [
                        -0.3466336463058764,
                        -0.495573408285288,
                        0.532430086865666,
                        -0.07395068583634773,
                        -1.3166029319255155,
                        2.109397694964702
                    ]
                ],
                "mui": [
                    0.0,
                    0.0,
                    1.0,
                    0.5616070608940006,
                    -1.3830194509123963,
                    0.532430086865666
                ],
                "Ai": [
                    [
                        0.0,
                        0.0,
                        0.0,
                        0.0,
                        0.0,
                        0.0
                    ],
                    [
                        0.7086635604623434,
                        0.0,
                        0.0,
                        0.0,
                        0.0,
                        0.0
                    ],
                    [
                        0.0,
                        0.0,
                        0.0,
                        0.0,
                        0.0,
                        0.0
                    ],
                    [
                        -0.569966266219569,
                        0.6491554696655972,
                        0.5616070608940006,
                        0.0,
                        0.0,
                        0.0
                    ],
                    [
                        -0.9020376966343406,
                        0.9351928818768165,
                        -0.8815623974708457,
                        -0.892896632466302,
                        0.0,
                        0.0
                    ],
                    [
                        -0.9991339945075038,
                        0.6246726758225496,
                        -0.0,
                        -0.9296508016044748,
                        -0.7624827984283375,
                        0.0
                    ]
                ]
            },
            "oracle_est_tgt": [
                2,
                3,
                4,
                5
            ]
        },
        "3": {
            "intv_type": "hard",
            "inode": 3,
            "new_mui": 1.0,
            "new_vari": 1.0,
            "noise_type": "gaussian",
            "obs_noise_gamma_shape": null,
            "true_params": {
                "Si": [
                    [
                        1.0,
                        0.7086635604623434,
                        0.9827862040852643,
                        0.0,
                        -1.1056879415191536,
                        0.2866168039024356
                    ],
                    [
                        0.7086635604623434,
                        1.5022040419271654,
                        1.292181082572973,
                        0.0,
                        -0.37352897175077804,
                        0.5151453802500334
                    ],
                    [
                        0.9827862040852643,
                        1.292181082572973,
                        2.320746647338262,
                        0.0,
                        -1.7239546316489012,
                        1.1397408605667088
                    ],
                    [
                        0.0,
                        0.0,
                        0.0,
                        1.0,
                        -0.892896632466302,
                        -0.24883247857433
                    ],
                    [
                        -1.1056879415191536,
                        -0.37352897175077804,
                        -1.7239546316489012,
                        -0.892896632466302,
                        3.9650885428852454,
                        -1.32183267066504
                    ],
                    [
                        0.2866168039024356,
                        0.5151453802500334,
                        1.1397408605667088,
                        -0.24883247857433,
                        -1.32183267066504,
                        2.2746306378969354
                    ]
                ],
                "mui": [
                    0.0,
                    0.0,
                    0.0,
                    1.0,
                    -0.892896632466302,
                    -0.24883247857433
                ],
                "Ai": [
                    [
                        0.0,
                        0.0,
                        0.0,
                        0.0,
                        0.0,
                        0.0
                    ],
                    [
                        0.7086635604623434,
                        0.0,
                        0.0,
                        0.0,
                        0.0,
                        0.0
                    ],
                    [
                        0.5606237613888918,
                        0.5957163120126383,
                        0.0,
                        0.0,
                        0.0,
                        0.0
                    ],
                    [
                        0.0,
                        0.0,
                        0.0,
                        0.0,
                        0.0,
                        0.0
                    ],
                    [
                        -0.9020376966343406,
                        0.9351928818768165,
                        -0.8815623974708457,
                        -0.892896632466302,
                        0.0,
                        0.0
                    ],
                    [
                        -0.9991339945075038,
                        0.6246726758225496,
                        -0.0,
                        -0.9296508016044748,
                        -0.7624827984283375,
                        0.0
                    ]
                ]
            },
            "oracle_est_tgt": [
                2,
                3,
                4
            ]
        },
        "4": {
            "intv_type": "hard",
            "inode": 4,
            "new_mui": 1.0,
            "new_vari": 1.0,
            "noise_type": "gaussian",
            "obs_noise_gamma_shape": null,
            "true_params": {
                "Si": [
                    [
                        1.0,
                        0.7086635604623434,
                        0.9827862040852643,
                        0.4420062317707545,
                        0.0,
                        -0.9673626796154119
                    ],
                    [
                        0.7086635604623434,
                        1.5022040419271654,
                        1.292181082572973,
                        1.296947666734835,
                        0.0,
                        -0.975372473443652
                    ],
                    [
                        0.9827862040852643,
                        1.292181082572973,
                        2.320746647338262,
                        1.5820191380073236,
                        0.0,
                        -1.6454702511385677
                    ],
                    [
                        0.4420062317707545,
                        1.296947666734835,
                        1.5820191380073236,
                        2.478465148537147,
                        0.0,
                        -1.9355627946515743
                    ],
                    [
                        0.0,
                        0.0,
                        0.0,
                        0.0,
                        1.0,
                        -0.7624827984283375
                    ],
                    [
                        -0.9673626796154119,
                        -0.975372473443652,
                        -1.6454702511385677,
                        -1.9355627946515743,
                        -0.7624827984283375,
                        3.7380139268146664
                    ]
                ],
                "mui": [
                    0.0,
                    0.0,
                    0.0,
                    0.0,
                    1.0,
                    -0.7624827984283375
                ],
                "Ai": [
                    [
                        0.0,
                        0.0,
                        0.0,
                        0.0,
                        0.0,
                        0.0
                    ],
                    [
                        0.7086635604623434,
                        0.0,
                        0.0,
                        0.0,
                        0.0,
                        0.0
                    ],
                    [
                        0.5606237613888918,
                        0.5957163120126383,
                        0.0,
                        0.0,
                        0.0,
                        0.0
                    ],
                    [
                        -0.569966266219569,
                        0.6491554696655972,
                        0.5616070608940006,
                        0.0,
                        0.0,
                        0.0
                    ],
                    [
                        0.0,
                        0.0,
                        0.0,
                        0.0,
                        0.0,
                        0.0
                    ],
                    [
                        -0.9991339945075038,
                        0.6246726758225496,
                        -0.0,
                        -0.9296508016044748,
                        -0.7624827984283375,
                        0.0
                    ]
                ]
            },
            "oracle_est_tgt": [
                2,
                4,
                5
            ]
        },
        "5": {
            "intv_type": "hard",
            "inode": 5,
            "new_mui": 1.0,
            "new_vari": 1.0,
            "noise_type": "gaussian",
            "obs_noise_gamma_shape": null,
            "true_params": {
                "Si": [
                    [
                        1.0,
                        0.7086635604623434,
                        0.9827862040852643,
                        0.4420062317707545,
                        -1.5003538173963802,
                        0.0
                    ],
                    [
                        0.7086635604623434,
                        1.5022040419271654,
                        1.292181082572973,
                        1.296947666734835,
                        -1.53156917586334,
                        0.0
                    ],
                    [
                        0.9827862040852643,
                        1.292181082572973,
                        2.320746647338262,
                        1.5820191380073236,
                        -3.1365341924728822,
                        0.0
                    ],
                    [
                        0.4420062317707545,
                        1.296947666734835,
                        1.5820191380073236,
                        2.478465148537147,
                        -2.793471826067761,
                        0.0
                    ],
                    [
                        -1.5003538173963802,
                        -1.53156917586334,
                        -3.1365341924728822,
                        -2.793471826067761,
                        6.180395299062506,
                        0.0
                    ],
                    [
                        0.0,
                        0.0,
                        0.0,
                        0.0,
                        0.0,
                        1.0
                    ]
                ],
                "mui": [
                    0.0,
                    0.0,
                    0.0,
                    0.0,
                    0.0,
                    1.0
                ],
                "Ai": [
                    [
                        0.0,
                        0.0,
                        0.0,
                        0.0,
                        0.0,
                        0.0
                    ],
                    [
                        0.7086635604623434,
                        0.0,
                        0.0,
                        0.0,
                        0.0,
                        0.0
                    ],
                    [
                        0.5606237613888918,
                        0.5957163120126383,
                        0.0,
                        0.0,
                        0.0,
                        0.0
                    ],
                    [
                        -0.569966266219569,
                        0.6491554696655972,
                        0.5616070608940006,
                        0.0,
                        0.0,
                        0.0
                    ],
                    [
                        -0.9020376966343406,
                        0.9351928818768165,
                        -0.8815623974708457,
                        -0.892896632466302,
                        0.0,
                        0.0
                    ],
                    [
                        0.0,
                        0.0,
                        0.0,
                        0.0,
                        0.0,
                        0.0
                    ]
                ]
            },
            "oracle_est_tgt": [
                4,
                5
            ]
        },
        "obs": {
            "intv_type": "obs",
            "noise_type": "gaussian",
            "obs_noise_gamma_shape": null,
            "true_params": {
                "Si": [
                    [
                        1.0,
                        0.7086635604623434,
                        0.9827862040852643,
                        0.4420062317707545,
                        -1.5003538173963802,
                        0.17663129770561892
                    ],
                    [
                        0.7086635604623434,
                        1.5022040419271654,
                        1.292181082572973,
                        1.296947666734835,
                        -1.53156917586334,
                        0.19242267775521021
                    ],
                    [
                        0.9827862040852643,
                        1.292181082572973,
                        2.320746647338262,
                        1.5820191380073236,
                        -3.1365341924728822,
                        0.7460831173043213
                    ],
                    [
                        0.4420062317707545,
                        1.296947666734835,
                        1.5820191380073236,
                        2.478465148537147,
                        -2.793471826067761,
                        0.1944114206192904
                    ],
                    [
                        -1.5003538173963802,
                        -1.53156917586334,
                        -3.1365341924728822,
                        -2.793471826067761,
                        6.180395299062506,
                        -1.5731666932031736
                    ],
                    [
                        0.17663129770561892,
                        0.19242267775521021,
                        0.7460831173043213,
                        0.1944114206192904,
                        -1.5731666932031736,
                        1.9625006645786498
                    ]
                ],
                "mui": [
                    0.0,
                    0.0,
                    0.0,
                    0.0,
                    0.0,
                    0.0
                ],
                "Ai": [
                    [
                        0.0,
                        0.0,
                        0.0,
                        0.0,
                        0.0,
                        0.0
                    ],
                    [
                        0.7086635604623434,
                        0.0,
                        0.0,
                        0.0,
                        0.0,
                        0.0
                    ],
                    [
                        0.5606237613888918,
                        0.5957163120126383,
                        0.0,
                        0.0,
                        0.0,
                        0.0
                    ],
                    [
                        -0.569966266219569,
                        0.6491554696655972,
                        0.5616070608940006,
                        0.0,
                        0.0,
                        0.0
                    ],
                    [
                        -0.9020376966343406,
                        0.9351928818768165,
                        -0.8815623974708457,
                        -0.892896632466302,
                        0.0,
                        0.0
                    ],
                    [
                        -0.9991339945075038,
                        0.6246726758225496,
                        -0.0,
                        -0.9296508016044748,
                        -0.7624827984283375,
                        0.0
                    ]
                ]
            },
            "est_tgt": [
                0,
                1,
                2,
                3,
                4,
                5
            ],
            "oracle_est_tgt": [
                0,
                1,
                2,
                3,
                4,
                5
            ]
        }
    },
    "metric_dict": {
        "param_est_rel_err": 11.378925388414839,
        "est_num_comp": 1,
        "weight_precision_error": 0.0,
        "gm_score_dict": {
            "1": -9.378916929491721,
            "2": -9.235356824043176,
            "3": -9.178111105829789,
            "4": -9.162680630080446,
            "5": -9.15194345222002,
            "6": -9.105204356192006,
            "7": -9.099938826342141
        },
        "est_dag": {
            "amat": [
                [
                    0,
                    0,
                    0,
                    0,
                    0,
                    0
                ],
                [
                    1,
                    0,
                    1,
                    0,
                    0,
                    0
                ],
                [
                    0,
                    0,
                    0,
                    0,
                    0,
                    0
                ],
                [
                    1,
                    1,
                    1,
                    0,
                    0,
                    1
                ],
                [
                    1,
                    0,
                    1,
                    1,
                    0,
                    1
                ],
                [
                    1,
                    0,
                    0,
                    0,
                    0,
                    0
                ]
            ],
            "nodes": [
                0,
                1,
                2,
                3,
                4,
                5
            ]
        },
        "oracle_est_dag": {
            "amat": [
                [
                    0,
                    1,
                    0,
                    1,
                    1,
                    0
                ],
                [
                    0,
                    0,
                    1,
                    1,
                    1,
                    0
                ],
                [
                    0,
                    0,
                    0,
                    0,
                    0,
                    0
                ],
                [
                    0,
                    0,
                    1,
                    0,
                    1,
                    0
                ],
                [
                    0,
                    0,
                    1,
                    0,
                    0,
                    0
                ],
                [
                    0,
                    0,
                    0,
                    0,
                    1,
                    0
                ]
            ],
            "nodes": [
                0,
                1,
                2,
                3,
                4,
                5
            ]
        },
        "igsp_dag": null,
        "intv_base_est_dag": null,
        "act_dag": {
            "amat": [
                [
                    0,
                    1,
                    1,
                    1,
                    1,
                    1
                ],
                [
                    0,
                    0,
                    1,
                    1,
                    1,
                    1
                ],
                [
                    0,
                    0,
                    0,
                    1,
                    1,
                    0
                ],
                [
                    0,
                    0,
                    0,
                    0,
                    1,
                    1
                ],
                [
                    0,
                    0,
                    0,
                    0,
                    0,
                    1
                ],
                [
                    0,
                    0,
                    0,
                    0,
                    0,
                    0
                ]
            ],
            "nodes": [
                0,
                1,
                2,
                3,
                4,
                5
            ]
        },
        "shd": 11,
        "oracle_shd": 7,
        "intv_base_shd": null,
        "igsp_shd": null,
        "avg_js": 0.0,
        "avg_oracle_js": 0.48809523809523814
    }
}