{
    "expt_args": {
        "save_dir": "all_expt_logs/expt_logs_sim_compsel_backward_cameraready_new_mean_largerange",
        "exp_name": "426",
        "num_nodes": 6,
        "num_tgt_prior": 7,
        "obs_noise_mean": 0.0,
        "obs_noise_var": 1.0,
        "obs_noise_gamma_shape": null,
        "noise_type": "gaussian",
        "max_edge_strength": 1.0,
        "graph_sparsity_method": "adj_dense_prop",
        "adj_dense_prop": 0.8,
        "num_parents": null,
        "new_noise_mean": 100,
        "mix_samples": 262144,
        "stage2_samples": 262144,
        "gmm_tol": 0.001,
        "intv_type": "hard",
        "new_noise_var": 1.0,
        "dtype": "simulation",
        "cutoff_drop_ratio": 0.07,
        "intv_targets": [
            0,
            1,
            2,
            3,
            4,
            5
        ]
    },
    "intv_args_dict": {
        "0": {
            "intv_type": "hard",
            "inode": 0,
            "new_mui": 100,
            "new_vari": 1.0,
            "noise_type": "gaussian",
            "obs_noise_gamma_shape": null,
            "true_params": {
                "Si": [
                    [
                        1.0,
                        0.5007437816014311,
                        -0.9606673914563335,
                        0.17608051634081373,
                        1.4537553260270712,
                        0.6302414523315452
                    ],
                    [
                        0.5007437816014311,
                        1.2507443348125018,
                        -0.48104822245902673,
                        -0.7303903776515743,
                        -0.05515697452599566,
                        0.21699556170053053
                    ],
                    [
                        -0.9606673914563335,
                        -0.48104822245902673,
                        1.9228818370075165,
                        -0.7791163362814559,
                        -2.348534430750751,
                        -1.608587800380484
                    ],
                    [
                        0.17608051634081373,
                        -0.7303903776515743,
                        -0.7791163362814559,
                        2.073100506463162,
                        1.477665026544354,
                        1.5842716060133697
                    ],
                    [
                        1.4537553260270712,
                        -0.05515697452599566,
                        -2.348534430750751,
                        1.477665026544354,
                        4.6329011991403375,
                        2.5018894459061056
                    ],
                    [
                        0.6302414523315452,
                        0.21699556170053053,
                        -1.608587800380484,
                        1.5842716060133697,
                        2.5018894459061056,
                        3.329110534870993
                    ]
                ],
                "mui": [
                    100.0,
                    50.074378160143105,
                    -96.06673914563335,
                    17.608051634081374,
                    145.37553260270712,
                    63.02414523315451
                ],
                "Ai": [
                    [
                        0.0,
                        0.0,
                        0.0,
                        0.0,
                        0.0,
                        0.0
                    ],
                    [
                        0.5007437816014311,
                        0.0,
                        0.0,
                        0.0,
                        0.0,
                        0.0
                    ],
                    [
                        -0.9606673914563335,
                        0.0,
                        0.0,
                        0.0,
                        0.0,
                        0.0
                    ],
                    [
                        -0.0,
                        -0.818561601270406,
                        -0.6099615259620421,
                        0.0,
                        0.0,
                        0.0
                    ],
                    [
                        0.9313796907463169,
                        -0.7831159140040127,
                        -0.9519590938805729,
                        -0.0,
                        0.0,
                        0.0
                    ],
                    [
                        -0.7996033651476379,
                        0.973941758407969,
                        0.0,
                        0.7807191711035224,
                        0.5535182496964173,
                        0.0
                    ]
                ]
            },
            "est_params": {
                "mui": [
                    100.00618232920871,
                    50.0806961569403,
                    -96.0693892959611,
                    17.602824731188225,
                    145.37755577899426,
                    63.03389575375964
                ],
                "Si": [
                    [
                        1.0051977984801228,
                        0.5033158995465682,
                        -0.9678856842348432,
                        0.17896380403546105,
                        1.4597177560896906,
                        0.6443054506895198
                    ],
                    [
                        0.5033158995465682,
                        1.2451783812243453,
                        -0.4779998869145884,
                        -0.7231408244408131,
                        -0.04908433790382472,
                        0.22722933803085177
                    ],
                    [
                        -0.9678856842348432,
                        -0.4779998869145884,
                        1.9367047733863227,
                        -0.7947976412452571,
                        -2.3634187392535857,
                        -1.6262067562577036
                    ],
                    [
                        0.17896380403546105,
                        -0.7231408244408131,
                        -0.7947976412452571,
                        2.076179059594144,
                        1.4862374960842668,
                        1.586072781535655
                    ],
                    [
                        1.4597177560896906,
                        -0.04908433790382472,
                        -2.3634187392535857,
                        1.4862374960842668,
                        4.639689371181786,
                        2.51615931297412
                    ],
                    [
                        0.6443054506895198,
                        0.22722933803085177,
                        -1.6262067562577036,
                        1.586072781535655,
                        2.51615931297412,
                        3.333152586429705
                    ]
                ]
            },
            "est_tgt": [
                0
            ],
            "oracle_est_tgt": [
                0
            ]
        },
        "1": {
            "intv_type": "hard",
            "inode": 1,
            "new_mui": 100,
            "new_vari": 1.0,
            "noise_type": "gaussian",
            "obs_noise_gamma_shape": null,
            "true_params": {
                "Si": [
                    [
                        1.0,
                        0.0,
                        -0.9606673914563335,
                        0.5859701480346796,
                        1.8458957502377018,
                        0.6796117479110333
                    ],
                    [
                        0.0,
                        1.0,
                        0.0,
                        -0.818561601270406,
                        -0.7831159140040127,
                        -0.09859392646194548
                    ],
                    [
                        -0.9606673914563335,
                        0.0,
                        1.9228818370075165,
                        -1.1728839395457995,
                        -2.7252509491617576,
                        -1.6560162334502588
                    ],
                    [
                        0.5859701480346796,
                        -0.818561601270406,
                        -1.1728839395457995,
                        2.3854571726160985,
                        2.3033268441276715,
                        1.8715305621969824
                    ],
                    [
                        1.8458957502377018,
                        -0.7831159140040127,
                        -2.7252509491617576,
                        2.3033268441276715,
                        5.926827771933869,
                        2.840165015176678
                    ],
                    [
                        0.6796117479110333,
                        -0.09859392646194548,
                        -1.6560162334502588,
                        1.8715305621969824,
                        2.840165015176678,
                        3.3937783745327073
                    ]
                ],
                "mui": [
                    0.0,
                    100.0,
                    0.0,
                    -81.8561601270406,
                    -78.31159140040127,
                    -9.859392646194548
                ],
                "Ai": [
                    [
                        0.0,
                        0.0,
                        0.0,
                        0.0,
                        0.0,
                        0.0
                    ],
                    [
                        0.0,
                        0.0,
                        0.0,
                        0.0,
                        0.0,
                        0.0
                    ],
                    [
                        -0.9606673914563335,
                        0.0,
                        0.0,
                        0.0,
                        0.0,
                        0.0
                    ],
                    [
                        -0.0,
                        -0.818561601270406,
                        -0.6099615259620421,
                        0.0,
                        0.0,
                        0.0
                    ],
                    [
                        0.9313796907463169,
                        -0.7831159140040127,
                        -0.9519590938805729,
                        -0.0,
                        0.0,
                        0.0
                    ],
                    [
                        -0.7996033651476379,
                        0.973941758407969,
                        0.0,
                        0.7807191711035224,
                        0.5535182496964173,
                        0.0
                    ]
                ]
            },
            "est_params": {
                "mui": [
                    0.005559758970958747,
                    100.00320853631393,
                    -0.00730177030562052,
                    -81.86168636953138,
                    -78.30175603056342,
                    -9.853305800404527
                ],
                "Si": [
                    [
                        0.9968253313456368,
                        -0.008844940415157225,
                        -0.9450643696675661,
                        0.5874613764438048,
                        1.829130935200841,
                        0.6619598321707604
                    ],
                    [
                        -0.008844940415157225,
                        0.9989818401082545,
                        0.013217559542471271,
                        -0.8262015381552692,
                        -0.8055539503222451,
                        -0.11764505403061054
                    ],
                    [
                        -0.9450643696675661,
                        0.013217559542471271,
                        1.900765449907958,
                        -1.1730457857410002,
                        -2.6916496337232427,
                        -1.6293639183893374
                    ],
                    [
                        0.5874613764438048,
                        -0.8262015381552692,
                        -1.1730457857410002,
                        2.3984385707186537,
                        2.307004822248866,
                        1.8739381598469933
                    ],
                    [
                        1.829130935200841,
                        -0.8055539503222451,
                        -2.6916496337232427,
                        2.307004822248866,
                        5.887590168502185,
                        2.8024788702054413
                    ],
                    [
                        0.6619598321707604,
                        -0.11764505403061054,
                        -1.6293639183893374,
                        1.8739381598469933,
                        2.8024788702054413,
                        3.3510047223676667
                    ]
                ]
            },
            "est_tgt": [
                1
            ],
            "oracle_est_tgt": [
                1
            ]
        },
        "2": {
            "intv_type": "hard",
            "inode": 2,
            "new_mui": 100,
            "new_vari": 1.0,
            "noise_type": "gaussian",
            "obs_noise_gamma_shape": null,
            "true_params": {
                "Si": [
                    [
                        1.0,
                        0.5007437816014311,
                        0.0,
                        -0.4098896316938659,
                        0.5392392665356864,
                        -0.3334380045024341
                    ],
                    [
                        0.5007437816014311,
                        1.2507443348125018,
                        0.0,
                        -1.0238112854840102,
                        -0.5130952044909511,
                        -0.2655609337661293
                    ],
                    [
                        0.0,
                        0.0,
                        1.0,
                        -0.6099615259620421,
                        -0.9519590938805729,
                        -1.0031353883814873
                    ],
                    [
                        -0.4098896316938659,
                        -1.0238112854840102,
                        -0.6099615259620421,
                        2.2101056683984472,
                        1.0006584537491165,
                        1.6099711465256872
                    ],
                    [
                        0.5392392665356864,
                        -0.5130952044909511,
                        -0.9519590938805729,
                        1.0006584537491165,
                        2.8102756377622065,
                        1.40586971291307
                    ],
                    [
                        -0.3334380045024341,
                        -0.2655609337661293,
                        -1.0031353883814873,
                        1.6099711465256872,
                        1.40586971291307,
                        3.0430871494805825
                    ]
                ],
                "mui": [
                    0.0,
                    0.0,
                    100.0,
                    -60.99615259620421,
                    -95.19590938805729,
                    -100.31353883814873
                ],
                "Ai": [
                    [
                        0.0,
                        0.0,
                        0.0,
                        0.0,
                        0.0,
                        0.0
                    ],
                    [
                        0.5007437816014311,
                        0.0,
                        0.0,
                        0.0,
                        0.0,
                        0.0
                    ],
                    [
                        0.0,
                        0.0,
                        0.0,
                        0.0,
                        0.0,
                        0.0
                    ],
                    [
                        -0.0,
                        -0.818561601270406,
                        -0.6099615259620421,
                        0.0,
                        0.0,
                        0.0
                    ],
                    [
                        0.9313796907463169,
                        -0.7831159140040127,
                        -0.9519590938805729,
                        -0.0,
                        0.0,
                        0.0
                    ],
                    [
                        -0.7996033651476379,
                        0.973941758407969,
                        0.0,
                        0.7807191711035224,
                        0.5535182496964173,
                        0.0
                    ]
                ]
            },
            "est_params": {
                "mui": [
                    -0.0012042773090549432,
                    -0.0034745317588944337,
                    100.00109855546904,
                    -60.993775344465355,
                    -95.19013446604927,
                    -100.31114105050979
                ],
                "Si": [
                    [
                        0.9969883111203474,
                        0.49216323242405396,
                        0.0012190580684060869,
                        -0.40617268115700095,
                        0.5400909319793276,
                        -0.34001925413036377
                    ],
                    [
                        0.49216323242405396,
                        1.245947030545242,
                        0.005102393264382774,
                        -1.015498358601728,
                        -0.524510987070587,
                        -0.26757164341262973
                    ],
                    [
                        0.0012190580684060869,
                        0.005102393264382774,
                        1.011322556649806,
                        -0.6241628912206589,
                        -0.9643596129916916,
                        -1.0173217742524117
                    ],
                    [
                        -0.40617268115700095,
                        -1.015498358601728,
                        -0.6241628912206589,
                        2.204306651129816,
                        1.0170376179528495,
                        1.6257482730755513
                    ],
                    [
                        0.5400909319793276,
                        -0.524510987070587,
                        -0.9643596129916916,
                        1.0170376179528495,
                        2.8217104890818674,
                        1.4159106219000204
                    ],
                    [
                        -0.34001925413036377,
                        -0.26757164341262973,
                        -1.0173217742524117,
                        1.6257482730755513,
                        1.4159106219000204,
                        3.0623522085004242
                    ]
                ]
            },
            "est_tgt": [
                2
            ],
            "oracle_est_tgt": [
                2
            ]
        },
        "3": {
            "intv_type": "hard",
            "inode": 3,
            "new_mui": 100,
            "new_vari": 1.0,
            "noise_type": "gaussian",
            "obs_noise_gamma_shape": null,
            "true_params": {
                "Si": [
                    [
                        1.0,
                        0.5007437816014311,
                        -0.9606673914563335,
                        0.0,
                        1.4537553260270712,
                        0.4927720175664649
                    ],
                    [
                        0.5007437816014311,
                        1.2507443348125018,
                        -0.48104822245902673,
                        0.0,
                        -0.05515697452599566,
                        0.7872253319226564
                    ],
                    [
                        -0.9606673914563335,
                        -0.48104822245902673,
                        1.9228818370075165,
                        0.0,
                        -2.348534430750751,
                        -1.0003167401256123
                    ],
                    [
                        0.0,
                        0.0,
                        0.0,
                        1.0,
                        0.0,
                        0.7807191711035224
                    ],
                    [
                        1.4537553260270712,
                        -0.05515697452599566,
                        -2.348534430750751,
                        0.0,
                        4.6329011991403375,
                        1.348248031213733
                    ],
                    [
                        0.4927720175664649,
                        0.7872253319226564,
                        -1.0003167401256123,
                        0.7807191711035224,
                        1.348248031213733,
                        2.72849177506195
                    ]
                ],
                "mui": [
                    0.0,
                    0.0,
                    0.0,
                    100.0,
                    0.0,
                    78.07191711035225
                ],
                "Ai": [
                    [
                        0.0,
                        0.0,
                        0.0,
                        0.0,
                        0.0,
                        0.0
                    ],
                    [
                        0.5007437816014311,
                        0.0,
                        0.0,
                        0.0,
                        0.0,
                        0.0
                    ],
                    [
                        -0.9606673914563335,
                        0.0,
                        0.0,
                        0.0,
                        0.0,
                        0.0
                    ],
                    [
                        0.0,
                        0.0,
                        0.0,
                        0.0,
                        0.0,
                        0.0
                    ],
                    [
                        0.9313796907463169,
                        -0.7831159140040127,
                        -0.9519590938805729,
                        -0.0,
                        0.0,
                        0.0
                    ],
                    [
                        -0.7996033651476379,
                        0.973941758407969,
                        0.0,
                        0.7807191711035224,
                        0.5535182496964173,
                        0.0
                    ]
                ]
            },
            "est_params": {
                "mui": [
                    0.0011616711868098215,
                    0.0003182390146761716,
                    -0.002008626681563926,
                    99.99914423274882,
                    0.009971267578468638,
                    78.07279438327662
                ],
                "Si": [
                    [
                        1.0010928238148402,
                        0.5073771298962971,
                        -0.9584262295250368,
                        0.005731241201070856,
                        1.434940536227428,
                        0.492566951464446
                    ],
                    [
                        0.5073771298962971,
                        1.2770371635123534,
                        -0.4782483566302356,
                        0.003047183989085437,
                        -0.08183930459470243,
                        0.7860516555665444
                    ],
                    [
                        -0.9584262295250368,
                        -0.4782483566302356,
                        1.920355347654095,
                        -0.012631977083630798,
                        -2.345124224654833,
                        -0.9937345063659088
                    ],
                    [
                        0.005731241201070856,
                        0.003047183989085437,
                        -0.012631977083630798,
                        0.996671171558658,
                        0.014391813905388105,
                        0.787768349388675
                    ],
                    [
                        1.434940536227428,
                        -0.08183930459470243,
                        -2.345124224654833,
                        0.014391813905388105,
                        4.62550788244704,
                        1.3351874652451214
                    ],
                    [
                        0.492566951464446,
                        0.7860516555665444,
                        -0.9937345063659088,
                        0.787768349388675,
                        1.3351874652451214,
                        2.717583170401446
                    ]
                ]
            },
            "est_tgt": [
                3
            ],
            "oracle_est_tgt": [
                3
            ]
        },
        "4": {
            "intv_type": "hard",
            "inode": 4,
            "new_mui": 100,
            "new_vari": 1.0,
            "noise_type": "gaussian",
            "obs_noise_gamma_shape": null,
            "true_params": {
                "Si": [
                    [
                        1.0,
                        0.5007437816014311,
                        -0.9606673914563335,
                        0.17608051634081373,
                        0.0,
                        -0.17443865121780372
                    ],
                    [
                        0.5007437816014311,
                        1.2507443348125018,
                        -0.48104822245902673,
                        -0.7303903776515743,
                        0.0,
                        0.24752595369870953
                    ],
                    [
                        -0.9606673914563335,
                        -0.48104822245902673,
                        1.9228818370075165,
                        -0.7791163362814559,
                        0.0,
                        -0.30863113291955646
                    ],
                    [
                        0.17608051634081373,
                        -0.7303903776515743,
                        -0.7791163362814559,
                        2.073100506463162,
                        0.0,
                        0.7663570468829289
                    ],
                    [
                        0.0,
                        0.0,
                        0.0,
                        0.0,
                        1.0,
                        0.5535182496964173
                    ],
                    [
                        -0.17443865121780372,
                        0.24752595369870953,
                        -0.30863113291955646,
                        0.7663570468829289,
                        0.5535182496964173,
                        2.2852496862812703
                    ]
                ],
                "mui": [
                    0.0,
                    0.0,
                    0.0,
                    0.0,
                    100.0,
                    55.351824969641726
                ],
                "Ai": [
                    [
                        0.0,
                        0.0,
                        0.0,
                        0.0,
                        0.0,
                        0.0
                    ],
                    [
                        0.5007437816014311,
                        0.0,
                        0.0,
                        0.0,
                        0.0,
                        0.0
                    ],
                    [
                        -0.9606673914563335,
                        0.0,
                        0.0,
                        0.0,
                        0.0,
                        0.0
                    ],
                    [
                        -0.0,
                        -0.818561601270406,
                        -0.6099615259620421,
                        0.0,
                        0.0,
                        0.0
                    ],
                    [
                        0.0,
                        0.0,
                        0.0,
                        0.0,
                        0.0,
                        0.0
                    ],
                    [
                        -0.7996033651476379,
                        0.973941758407969,
                        0.0,
                        0.7807191711035224,
                        0.5535182496964173,
                        0.0
                    ]
                ]
            },
            "est_params": {
                "mui": [
                    0.0006825362752985148,
                    0.005870881369831237,
                    0.0023133428555019184,
                    -0.003338023641180309,
                    99.99481139106719,
                    55.34165926173719
                ],
                "Si": [
                    [
                        1.0000784753552523,
                        0.4972070582009182,
                        -0.9662639006535968,
                        0.1806097874729768,
                        -0.002862418415854327,
                        -0.18118339264961505
                    ],
                    [
                        0.4972070582009182,
                        1.2579614229073697,
                        -0.48201031049470394,
                        -0.7322672496499472,
                        -0.006266047143109713,
                        0.23904927596275846
                    ],
                    [
                        -0.9662639006535968,
                        -0.48201031049470394,
                        1.9357171128507547,
                        -0.7865940212383822,
                        0.003967102732163208,
                        -0.3004148813726784
                    ],
                    [
                        0.1806097874729768,
                        -0.7322672496499472,
                        -0.7865940212383822,
                        2.077712588644408,
                        -0.0012245496314186768,
                        0.7656133191195315
                    ],
                    [
                        -0.002862418415854327,
                        -0.006266047143109713,
                        0.003967102732163208,
                        -0.0012245496314186768,
                        1.0146057207669,
                        0.5523386859055235
                    ],
                    [
                        -0.18118339264961505,
                        0.23904927596275846,
                        -0.3004148813726784,
                        0.7656133191195315,
                        0.5523386859055235,
                        2.2894416416933097
                    ]
                ]
            },
            "est_tgt": [
                4
            ],
            "oracle_est_tgt": [
                4
            ]
        },
        "5": {
            "intv_type": "hard",
            "inode": 5,
            "new_mui": 100,
            "new_vari": 1.0,
            "noise_type": "gaussian",
            "obs_noise_gamma_shape": null,
            "true_params": {
                "Si": [
                    [
                        1.0,
                        0.5007437816014311,
                        -0.9606673914563335,
                        0.17608051634081373,
                        1.4537553260270712,
                        0.0
                    ],
                    [
                        0.5007437816014311,
                        1.2507443348125018,
                        -0.48104822245902673,
                        -0.7303903776515743,
                        -0.05515697452599566,
                        0.0
                    ],
                    [
                        -0.9606673914563335,
                        -0.48104822245902673,
                        1.9228818370075165,
                        -0.7791163362814559,
                        -2.348534430750751,
                        0.0
                    ],
                    [
                        0.17608051634081373,
                        -0.7303903776515743,
                        -0.7791163362814559,
                        2.073100506463162,
                        1.477665026544354,
                        0.0
                    ],
                    [
                        1.4537553260270712,
                        -0.05515697452599566,
                        -2.348534430750751,
                        1.477665026544354,
                        4.6329011991403375,
                        0.0
                    ],
                    [
                        0.0,
                        0.0,
                        0.0,
                        0.0,
                        0.0,
                        1.0
                    ]
                ],
                "mui": [
                    0.0,
                    0.0,
                    0.0,
                    0.0,
                    0.0,
                    100.0
                ],
                "Ai": [
                    [
                        0.0,
                        0.0,
                        0.0,
                        0.0,
                        0.0,
                        0.0
                    ],
                    [
                        0.5007437816014311,
                        0.0,
                        0.0,
                        0.0,
                        0.0,
                        0.0
                    ],
                    [
                        -0.9606673914563335,
                        0.0,
                        0.0,
                        0.0,
                        0.0,
                        0.0
                    ],
                    [
                        -0.0,
                        -0.818561601270406,
                        -0.6099615259620421,
                        0.0,
                        0.0,
                        0.0
                    ],
                    [
                        0.9313796907463169,
                        -0.7831159140040127,
                        -0.9519590938805729,
                        -0.0,
                        0.0,
                        0.0
                    ],
                    [
                        0.0,
                        0.0,
                        0.0,
                        0.0,
                        0.0,
                        0.0
                    ]
                ]
            },
            "est_params": {
                "mui": [
                    0.006297867444492643,
                    0.012882824889333783,
                    -0.0033022345070759557,
                    -0.012028585014286917,
                    -0.002601247354162011,
                    99.98658825930933
                ],
                "Si": [
                    [
                        1.0041882218252802,
                        0.5045530384287712,
                        -0.9743722639901803,
                        0.1806851988075555,
                        1.4631228572763662,
                        0.0038768004045646354
                    ],
                    [
                        0.5045530384287712,
                        1.2674794325815746,
                        -0.4831404639962542,
                        -0.7445845925556243,
                        -0.06231204994701013,
                        0.011119968990406322
                    ],
                    [
                        -0.9743722639901803,
                        -0.4831404639962542,
                        1.9472909673882772,
                        -0.7923705862506825,
                        -2.379527851790448,
                        -0.0022745518599412676
                    ],
                    [
                        0.1806851988075555,
                        -0.7445845925556243,
                        -0.7923705862506825,
                        2.0919619577123107,
                        1.5014512004046596,
                        0.0021161493462457923
                    ],
                    [
                        1.4631228572763662,
                        -0.06231204994701013,
                        -2.379527851790448,
                        1.5014512004046596,
                        4.653833415235413,
                        -0.01386771896533064
                    ],
                    [
                        0.0038768004045646354,
                        0.011119968990406322,
                        -0.0022745518599412676,
                        0.0021161493462457923,
                        -0.01386771896533064,
                        1.0078844927369446
                    ]
                ]
            },
            "est_tgt": [
                5
            ],
            "oracle_est_tgt": [
                5
            ]
        },
        "obs": {
            "intv_type": "obs",
            "noise_type": "gaussian",
            "obs_noise_gamma_shape": null,
            "true_params": {
                "Si": [
                    [
                        1.0,
                        0.5007437816014311,
                        -0.9606673914563335,
                        0.17608051634081373,
                        1.4537553260270712,
                        0.6302414523315452
                    ],
                    [
                        0.5007437816014311,
                        1.2507443348125018,
                        -0.48104822245902673,
                        -0.7303903776515743,
                        -0.05515697452599566,
                        0.21699556170053053
                    ],
                    [
                        -0.9606673914563335,
                        -0.48104822245902673,
                        1.9228818370075165,
                        -0.7791163362814559,
                        -2.348534430750751,
                        -1.608587800380484
                    ],
                    [
                        0.17608051634081373,
                        -0.7303903776515743,
                        -0.7791163362814559,
                        2.073100506463162,
                        1.477665026544354,
                        1.5842716060133697
                    ],
                    [
                        1.4537553260270712,
                        -0.05515697452599566,
                        -2.348534430750751,
                        1.477665026544354,
                        4.6329011991403375,
                        2.5018894459061056
                    ],
                    [
                        0.6302414523315452,
                        0.21699556170053053,
                        -1.608587800380484,
                        1.5842716060133697,
                        2.5018894459061056,
                        3.329110534870993
                    ]
                ],
                "mui": [
                    0.0,
                    0.0,
                    0.0,
                    0.0,
                    0.0,
                    0.0
                ],
