{
    "expt_args": {
        "save_dir": "all_expt_logs/expt_logs_sim_compsel_backward_cameraready_new_mean_largerange",
        "exp_name": "155",
        "num_nodes": 6,
        "num_tgt_prior": 7,
        "obs_noise_mean": 0.0,
        "obs_noise_var": 1.0,
        "obs_noise_gamma_shape": null,
        "noise_type": "gaussian",
        "max_edge_strength": 1.0,
        "graph_sparsity_method": "adj_dense_prop",
        "adj_dense_prop": 0.8,
        "num_parents": null,
        "new_noise_mean": 100,
        "mix_samples": 2048,
        "stage2_samples": 2048,
        "gmm_tol": 0.001,
        "intv_type": "hard",
        "new_noise_var": 1.0,
        "dtype": "simulation",
        "cutoff_drop_ratio": 0.07,
        "intv_targets": [
            0,
            1,
            2,
            3,
            4,
            5
        ]
    },
    "intv_args_dict": {
        "0": {
            "intv_type": "hard",
            "inode": 0,
            "new_mui": 100,
            "new_vari": 1.0,
            "noise_type": "gaussian",
            "obs_noise_gamma_shape": null,
            "true_params": {
                "Si": [
                    [
                        1.0,
                        -0.9432057489916031,
                        0.541513715492923,
                        -0.6029778340598602,
                        -1.85858177312674,
                        0.9401333526680907
                    ],
                    [
                        -0.9432057489916031,
                        1.889637084930811,
                        -1.0848793064377402,
                        0.35093342357398233,
                        2.0844096214612438,
                        -2.13666905117614
                    ],
                    [
                        0.541513715492923,
                        -1.0848793064377402,
                        1.6228514030142072,
                        -1.0639177780792415,
                        -1.964498045507378,
                        1.0369563810401023
                    ],
                    [
                        -0.6029778340598602,
                        0.35093342357398233,
                        -1.0639177780792415,
                        2.1548208294869147,
                        2.6009463907033714,
                        0.8431558112143397
                    ],
                    [
                        -1.85858177312674,
                        2.0844096214612438,
                        -1.964498045507378,
                        2.6009463907033714,
                        5.946215815548119,
                        -1.1485820747769084
                    ],
                    [
                        0.9401333526680907,
                        -2.13666905117614,
                        1.0369563810401023,
                        0.8431558112143397,
                        -1.1485820747769084,
                        4.431158322598051
                    ]
                ],
                "mui": [
                    100.0,
                    -94.32057489916032,
                    54.15137154929231,
                    -60.29778340598602,
                    -185.858177312674,
                    94.01333526680908
                ],
                "Ai": [
                    [
                        0.0,
                        0.0,
                        0.0,
                        0.0,
                        0.0,
                        0.0
                    ],
                    [
                        -0.9432057489916031,
                        0.0,
                        0.0,
                        0.0,
                        0.0,
                        0.0
                    ],
                    [
                        -0.0,
                        -0.5741204568270118,
                        0.0,
                        0.0,
                        0.0,
                        0.0
                    ],
                    [
                        -0.8084068540024829,
                        -0.7129430224145172,
                        -0.8624397206210794,
                        0.0,
                        0.0,
                        0.0
                    ],
                    [
                        -0.826325380099906,
                        0.5252821753952821,
                        0.0,
                        0.8902602965300666,
                        0.0,
                        0.0
                    ],
                    [
                        0.5487060052393102,
                        -0.6643515602821571,
                        0.6504010539203546,
                        0.9741551375029529,
                        0.0,
                        0.0
                    ]
                ]
            },
            "est_params": {
                "mui": [
                    99.9604809761779,
                    -94.37280097474755,
                    54.11814799360946,
                    -60.30770296260899,
                    -185.82671945921865,
                    94.05569997565428
                ],
                "Si": [
                    [
                        0.9771428923911881,
                        -0.9240760308984348,
                        0.45467169047120914,
                        -0.5707192427084995,
                        -1.7554083045636208,
                        0.9338863455084637
                    ],
                    [
                        -0.9240760308984348,
                        2.00722405024487,
                        -1.1440157210857917,
                        0.3224303464427043,
                        2.086784264657053,
                        -2.3354276012305757
                    ],
                    [
                        0.45467169047120914,
                        -1.1440157210857917,
                        1.544540041784943,
                        -0.9376639502496614,
                        -1.8617967196199954,
                        1.220147816909784
                    ],
                    [
                        -0.5707192427084995,
                        0.3224303464427043,
                        -0.9376639502496614,
                        2.316539275433362,
                        2.706775409482777,
                        1.1022223666370878
                    ],
                    [
                        -1.7554083045636208,
                        2.086784264657053,
                        -1.8617967196199954,
                        2.706775409482777,
                        6.095926711569753,
                        -1.0723771133659918
                    ],
                    [
                        0.9338863455084637,
                        -2.3354276012305757,
                        1.220147816909784,
                        1.1022223666370878,
                        -1.0723771133659918,
                        5.110716644722358
                    ]
                ]
            },
            "est_tgt": [
                0,
                5
            ],
            "oracle_est_tgt": [
                0,
                5
            ]
        },
        "1": {
            "intv_type": "hard",
            "inode": 1,
            "new_mui": 100,
            "new_vari": 1.0,
            "noise_type": "gaussian",
            "obs_noise_gamma_shape": null,
            "true_params": {
                "Si": [
                    [
                        1.0,
                        0.0,
                        0.0,
                        -0.8084068540024829,
                        -1.5460179056610945,
                        -0.23880768477980807
                    ],
                    [
                        0.0,
                        1.0,
                        -0.5741204568270118,
                        -0.21779873602578265,
                        0.33138460807709513,
                        -1.2499298681208468
                    ],
                    [
                        0.0,
                        -0.5741204568270118,
                        1.3296142989472568,
                        -0.7373970107976113,
                        -0.9580505239940921,
                        0.527861276177986
                    ],
                    [
                        -0.8084068540024829,
                        -0.21779873602578265,
                        -0.7373970107976113,
                        2.444760202717586,
                        2.7300742500672683,
                        1.6030891530980411
                    ],
                    [
                        -1.5460179056610945,
                        0.33138460807709513,
                        -0.9580505239940921,
                        2.7300742500672683,
                        4.8820609727739,
                        0.9679335954795922
                    ],
                    [
                        -0.23880768477980807,
                        -1.2499298681208468,
                        0.527861276177986,
                        1.6030891530980411,
                        0.9679335954795922,
                        3.604336712108999
                    ]
                ],
                "mui": [
                    0.0,
                    100.0,
                    -57.412045682701184,
                    -21.779873602578263,
                    33.138460807709514,
                    -124.99298681208468
                ],
                "Ai": [
                    [
                        0.0,
                        0.0,
                        0.0,
                        0.0,
                        0.0,
                        0.0
                    ],
                    [
                        0.0,
                        0.0,
                        0.0,
                        0.0,
                        0.0,
                        0.0
                    ],
                    [
                        -0.0,
                        -0.5741204568270118,
                        0.0,
                        0.0,
                        0.0,
                        0.0
                    ],
                    [
                        -0.8084068540024829,
                        -0.7129430224145172,
                        -0.8624397206210794,
                        0.0,
                        0.0,
                        0.0
                    ],
                    [
                        -0.826325380099906,
                        0.5252821753952821,
                        0.0,
                        0.8902602965300666,
                        0.0,
                        0.0
                    ],
                    [
                        0.5487060052393102,
                        -0.6643515602821571,
                        0.6504010539203546,
                        0.9741551375029529,
                        0.0,
                        0.0
                    ]
                ]
            },
            "est_params": {
                "mui": [
                    0.0016705654698021847,
                    100.1048044308597,
                    -57.58371304743598,
                    -21.68649644699818,
                    33.228968814467635,
                    -125.10259734842909
                ],
                "Si": [
                    [
                        0.9975601628700884,
                        0.02247048398052929,
                        -0.05000219996267363,
                        -0.7530704792968067,
                        -1.4109429582485444,
                        -0.21834764850061894
                    ],
                    [
                        0.02247048398052929,
                        1.0332126790569316,
                        -0.6497767239820224,
                        -0.23763087662452068,
                        0.26445114022514105,
                        -1.286327292693959
                    ],
                    [
                        -0.05000219996267363,
                        -0.6497767239820224,
                        1.3649573204186476,
                        -0.7183209620041253,
                        -0.9533976352244167,
                        0.5656244574872099
                    ],
                    [
                        -0.7530704792968067,
                        -0.23763087662452068,
                        -0.7183209620041253,
                        2.5174455262979847,
                        2.822463517629666,
                        1.6026877748733996
                    ],
                    [
                        -1.4109429582485444,
                        0.26445114022514105,
                        -0.9533976352244167,
                        2.822463517629666,
                        4.641224402817416,
                        1.0389016890170588
                    ],
                    [
                        -0.21834764850061894,
                        -1.286327292693959,
                        0.5656244574872099,
                        1.6026877748733996,
                        1.0389016890170588,
                        3.497294608035101
                    ]
                ]
            },
            "est_tgt": [
                1
            ],
            "oracle_est_tgt": [
                1
            ]
        },
        "2": {
            "intv_type": "hard",
            "inode": 2,
            "new_mui": 100,
            "new_vari": 1.0,
            "noise_type": "gaussian",
            "obs_noise_gamma_shape": null,
            "true_params": {
                "Si": [
                    [
                        1.0,
                        -0.9432057489916031,
                        0.0,
                        -0.1359548965576609,
                        -1.4428097942996894,
                        1.0428850552986544
                    ],
                    [
                        -0.9432057489916031,
                        1.889637084930811,
                        0.0,
                        -0.5847095823777728,
                        1.2514438015363514,
                        -2.3425238480092587
                    ],
                    [
                        0.0,
                        0.0,
                        1.0,
                        -0.8624397206210794,
                        -0.7677958414194299,
                        -0.18974903070928129
                    ],
                    [
                        -0.1359548965576609,
                        -0.5847095823777728,
                        -0.8624397206210794,
                        2.2705737588125166,
                        1.8266071279824079,
                        1.9648128441736015
                    ],
                    [
                        -1.4428097942996894,
                        1.2514438015363514,
                        -0.7677958414194299,
                        1.8266071279824079,
                        4.475747277544066,
                        -0.34305354723772863
                    ],
                    [
                        1.0428850552986544,
                        -2.3425238480092587,
                        -0.18974903070928129,
                        1.9648128441736015,
                        -0.34305354723772863,
                        4.919116222869636
                    ]
                ],
                "mui": [
                    0.0,
                    0.0,
                    100.0,
                    -86.24397206210794,
                    -76.77958414194299,
                    -18.97490307092813
                ],
                "Ai": [
                    [
                        0.0,
                        0.0,
                        0.0,
                        0.0,
                        0.0,
                        0.0
                    ],
                    [
                        -0.9432057489916031,
                        0.0,
                        0.0,
                        0.0,
                        0.0,
                        0.0
                    ],
                    [
                        0.0,
                        0.0,
                        0.0,
                        0.0,
                        0.0,
                        0.0
                    ],
                    [
                        -0.8084068540024829,
                        -0.7129430224145172,
                        -0.8624397206210794,
                        0.0,
                        0.0,
                        0.0
                    ],
                    [
                        -0.826325380099906,
                        0.5252821753952821,
                        0.0,
                        0.8902602965300666,
                        0.0,
                        0.0
                    ],
                    [
                        0.5487060052393102,
                        -0.6643515602821571,
                        0.6504010539203546,
                        0.9741551375029529,
                        0.0,
                        0.0
                    ]
                ]
            },
            "est_params": {
                "mui": [
                    -0.0434428322773178,
                    0.003760624005318888,
                    99.93087526653593,
                    -86.07352791161979,
                    -76.47646485162554,
                    -18.73901090403639
                ],
                "Si": [
                    [
                        1.1429194452136389,
                        -1.2329415897136036,
                        -0.017869423863765208,
                        -0.028317358691244212,
                        -1.6003050387204467,
                        1.4330668924154224
                    ],
                    [
                        -1.2329415897136036,
                        2.1710927355532728,
                        0.062417302729190674,
                        -0.5916768956516821,
                        1.5473898241528423,
                        -2.672248507879035
                    ],
                    [
                        -0.017869423863765208,
                        0.062417302729190674,
                        1.1938707243375746,
                        -1.1860583113292835,
                        -1.0670962977127154,
                        -0.46144223694045766
                    ],
                    [
                        -0.028317358691244212,
                        -0.5916768956516821,
                        -1.1860583113292835,
                        2.514636771542431,
                        2.1481065135381114,
                        2.1157997676003584
                    ],
                    [
                        -1.6003050387204467,
                        1.5473898241528423,
                        -1.0670962977127154,
                        2.1481065135381114,
                        5.087659670751815,
                        -0.502787842681839
                    ],
                    [
                        1.4330668924154224,
                        -2.672248507879035,
                        -0.46144223694045766,
                        2.1157997676003584,
                        -0.502787842681839,
                        5.417243336400649
                    ]
                ]
            },
            "est_tgt": [
                2
            ],
            "oracle_est_tgt": [
                2
            ]
        },
        "3": {
            "intv_type": "hard",
            "inode": 3,
            "new_mui": 100,
            "new_vari": 1.0,
            "noise_type": "gaussian",
            "obs_noise_gamma_shape": null,
            "true_params": {
                "Si": [
                    [
                        1.0,
                        -0.9432057489916031,
                        0.541513715492923,
                        0.0,
                        -1.3217745477755516,
                        1.5275273075179066
                    ],
                    [
                        -0.9432057489916031,
                        1.889637084930811,
                        -1.0848793064377402,
                        0.0,
                        1.7719875277279589,
                        -2.4785326486722354
                    ],
                    [
                        0.541513715492923,
                        -1.0848793064377402,
                        1.6228514030142072,
                        0.0,
                        -1.017334288910943,
                        2.073377350436722
                    ],
                    [
                        0.0,
                        0.0,
                        0.0,
                        1.0,
                        0.8902602965300666,
                        0.9741551375029529
                    ],
                    [
                        -1.3217745477755516,
                        1.7719875277279589,
                        -1.017334288910943,
                        0.8902602965300666,
                        3.815572714513066,
                        -1.6969119629008356
                    ],
                    [
                        1.5275273075179066,
                        -2.4785326486722354,
                        2.073377350436722,
                        0.9741551375029529,
                        -1.6969119629008356,
                        5.782285484979811
                    ]
                ],
                "mui": [
                    0.0,
                    0.0,
                    0.0,
                    100.0,
                    89.02602965300666,
                    97.41551375029529
                ],
                "Ai": [
                    [
                        0.0,
                        0.0,
                        0.0,
                        0.0,
                        0.0,
                        0.0
                    ],
                    [
                        -0.9432057489916031,
                        0.0,
                        0.0,
                        0.0,
                        0.0,
                        0.0
                    ],
                    [
                        -0.0,
                        -0.5741204568270118,
                        0.0,
                        0.0,
                        0.0,
                        0.0
                    ],
                    [
                        0.0,
                        0.0,
                        0.0,
                        0.0,
                        0.0,
                        0.0
                    ],
                    [
                        -0.826325380099906,
                        0.5252821753952821,
                        0.0,
                        0.8902602965300666,
                        0.0,
                        0.0
                    ],
                    [
                        0.5487060052393102,
                        -0.6643515602821571,
                        0.6504010539203546,
                        0.9741551375029529,
                        0.0,
                        0.0
                    ]
                ]
            },
            "est_params": {
                "mui": [
                    -0.016806062267267555,
                    0.15872631083332853,
                    -0.004152163223391801,
                    99.94781575416107,
                    89.04781555101735,
                    97.25143858685075
                ],
                "Si": [
                    [
                        1.047940233369229,
                        -1.046235167071148,
                        0.5766435562721405,
                        0.031252103477133114,
                        -1.2581058921173367,
                        1.6166311170541747
                    ],
                    [
                        -1.046235167071148,
                        2.10575596186571,
                        -1.213458210701616,
                        -0.07270726646151898,
                        1.75553540068059,
                        -2.6459048579242994
                    ],
                    [
                        0.5766435562721405,
                        -1.213458210701616,
                        1.7346391373046033,
                        -0.02706546432026906,
                        -1.010653467301746,
                        2.148657647172518
                    ],
                    [
                        0.031252103477133114,
                        -0.07270726646151898,
                        -0.02706546432026906,
                        1.043733634525781,
                        0.9336861494843669,
                        1.0538764989195692
                    ],
                    [
                        -1.2581058921173367,
                        1.75553540068059,
                        -1.010653467301746,
                        0.9336861494843669,
                        3.6085489798866646,
                        -1.437061771787251
                    ],
                    [
                        1.6166311170541747,
                        -2.6459048579242994,
                        2.148657647172518,
                        1.0538764989195692,
                        -1.437061771787251,
                        5.663404570276819
                    ]
                ]
            },
            "est_tgt": [
                3,
                5
            ],
            "oracle_est_tgt": [
                3,
                5
            ]
        },
        "4": {
            "intv_type": "hard",
            "inode": 4,
            "new_mui": 100,
            "new_vari": 1.0,
            "noise_type": "gaussian",
            "obs_noise_gamma_shape": null,
            "true_params": {
                "Si": [
                    [
                        1.0,
                        -0.9432057489916031,
                        0.541513715492923,
                        -0.6029778340598602,
                        0.0,
                        0.9401333526680907
                    ],
                    [
                        -0.9432057489916031,
                        1.889637084930811,
                        -1.0848793064377402,
                        0.35093342357398233,
                        0.0,
                        -2.13666905117614
                    ],
                    [
                        0.541513715492923,
                        -1.0848793064377402,
                        1.6228514030142072,
                        -1.0639177780792415,
                        0.0,
                        1.0369563810401023
                    ],
                    [
                        -0.6029778340598602,
                        0.35093342357398233,
                        -1.0639177780792415,
                        2.1548208294869147,
                        0.0,
                        0.8431558112143397
                    ],
                    [
                        0.0,
                        0.0,
                        0.0,
                        0.0,
                        1.0,
                        0.0
                    ],
                    [
                        0.9401333526680907,
                        -2.13666905117614,
                        1.0369563810401023,
                        0.8431558112143397,
                        0.0,
                        4.431158322598051
                    ]
                ],
                "mui": [
                    0.0,
                    0.0,
                    0.0,
                    0.0,
                    100.0,
                    0.0
                ],
                "Ai": [
                    [
                        0.0,
                        0.0,
                        0.0,
                        0.0,
                        0.0,
                        0.0
                    ],
                    [
                        -0.9432057489916031,
                        0.0,
                        0.0,
                        0.0,
                        0.0,
                        0.0
                    ],
                    [
                        -0.0,
                        -0.5741204568270118,
                        0.0,
                        0.0,
                        0.0,
                        0.0
                    ],
                    [
                        -0.8084068540024829,
                        -0.7129430224145172,
                        -0.8624397206210794,
                        0.0,
                        0.0,
                        0.0
                    ],
                    [
                        0.0,
                        0.0,
                        0.0,
                        0.0,
                        0.0,
                        0.0
                    ],
                    [
                        0.5487060052393102,
                        -0.6643515602821571,
                        0.6504010539203546,
                        0.9741551375029529,
                        0.0,
                        0.0
                    ]
                ]
            },
            "est_params": {
                "mui": [
                    0.0030940517879297835,
                    -0.056728177943240594,
                    0.03947757197485152,
                    -0.015061224363473173,
                    100.05377180504806,
                    -0.015614903361624879
                ],
                "Si": [
                    [
                        1.061986395008581,
                        -1.0499937640001937,
                        0.5679365704377344,
                        -0.6141860890056795,
                        -0.12840203030023753,
                        0.9614070962632124
                    ],
                    [
                        -1.0499937640001937,
                        1.8566464876239908,
                        -1.0055408311199039,
                        0.4005775915814926,
                        0.2212026884617738,
                        -1.9701997183215145
                    ],
                    [
                        0.5679365704377344,
                        -1.0055408311199039,
                        1.5800757339516351,
                        -1.1523781498165524,
                        -0.17134668883978496,
                        0.856101474911111
                    ],
                    [
                        -0.6141860890056795,
                        0.4005775915814926,
                        -1.1523781498165524,
                        2.28890465718579,
                        0.10624030402519351,
                        0.9179757840933563
                    ],
                    [
                        -0.12840203030023753,
                        0.2212026884617738,
                        -0.17134668883978496,
                        0.10624030402519351,
                        1.2379712266621792,
                        -0.2464682504784594
                    ],
                    [
                        0.9614070962632124,
                        -1.9701997183215145,
                        0.856101474911111,
                        0.9179757840933563,
                        -0.2464682504784594,
                        4.216325757056259
                    ]
                ]
            },
            "est_tgt": [
                4
            ],
            "oracle_est_tgt": [
                4
            ]
        },
        "5": {
            "intv_type": "hard",
            "inode": 5,
            "new_mui": 100,
            "new_vari": 1.0,
            "noise_type": "gaussian",
            "obs_noise_gamma_shape": null,
            "true_params": {
                "Si": [
                    [
                        1.0,
                        -0.9432057489916031,
                        0.541513715492923,
                        -0.6029778340598602,
                        -1.85858177312674,
                        0.0
                    ],
                    [
                        -0.9432057489916031,
                        1.889637084930811,
                        -1.0848793064377402,
                        0.35093342357398233,
                        2.0844096214612438,
                        0.0
                    ],
                    [
                        0.541513715492923,
                        -1.0848793064377402,
                        1.6228514030142072,
                        -1.0639177780792415,
                        -1.964498045507378,
                        0.0
                    ],
                    [
                        -0.6029778340598602,
                        0.35093342357398233,
                        -1.0639177780792415,
                        2.1548208294869147,
                        2.6009463907033714,
                        0.0
                    ],
                    [
                        -1.85858177312674,
                        2.0844096214612438,
                        -1.964498045507378,
                        2.6009463907033714,
                        5.946215815548119,
                        0.0
                    ],
                    [
                        0.0,
                        0.0,
                        0.0,
                        0.0,
                        0.0,
                        1.0
                    ]
                ],
                "mui": [
                    0.0,
                    0.0,
                    0.0,
                    0.0,
                    0.0,
                    100.0
                ],
                "Ai": [
                    [
                        0.0,
                        0.0,
                        0.0,
                        0.0,
                        0.0,
                        0.0
                    ],
                    [
                        -0.9432057489916031,
                        0.0,
                        0.0,
                        0.0,
                        0.0,
                        0.0
                    ],
                    [
                        -0.0,
                        -0.5741204568270118,
                        0.0,
                        0.0,
                        0.0,
                        0.0
                    ],
                    [
                        -0.8084068540024829,
                        -0.7129430224145172,
                        -0.8624397206210794,
                        0.0,
                        0.0,
                        0.0
                    ],
                    [
                        -0.826325380099906,
                        0.5252821753952821,
                        0.0,
                        0.8902602965300666,
                        0.0,
                        0.0
                    ],
                    [
                        0.0,
                        0.0,
                        0.0,
                        0.0,
                        0.0,
                        0.0
                    ]
                ]
            },
            "est_params": {
                "mui": [
                    0.07423564960137186,
                    -0.05436693337346752,
                    0.021935193585182176,
                    0.005491971298829206,
                    -0.12156673326545185,
                    100.05989286520571
                ],
                "Si": [
                    [
                        0.9338272736462657,
                        -0.8741178771110537,
                        0.4960301189783528,
                        -0.6332436537251995,
                        -1.831823730619851,
                        0.025243723035543647
                    ],
                    [
                        -0.8741178771110537,
                        1.8245430759266448,
                        -0.9263980598432069,
                        0.3265093710403257,
                        1.8969183120254793,
                        0.011666397563495027
                    ],
                    [
                        0.4960301189783528,
                        -0.9263980598432069,
                        1.5053157402715334,
                        -1.0610302920812553,
                        -1.8088783049112422,
                        0.007103317862850968
                    ],
                    [
                        -0.6332436537251995,
                        0.3265093710403257,
                        -1.0610302920812553,
                        2.174956963036262,
                        2.5192490702986228,
                        -0.05628739046330741
                    ],
                    [
                        -1.831823730619851,
                        1.8969183120254793,
                        -1.8088783049112422,
                        2.5192490702986228,
                        5.654049655982222,
                        -0.03756847027149718
                    ],
                    [
                        0.025243723035543647,
                        0.011666397563495027,
                        0.007103317862850968,
                        -0.05628739046330741,
                        -0.03756847027149718,
                        0.9396605891384685
                    ]
                ]
            },
            "est_tgt": [
                3,
                5
            ],
            "oracle_est_tgt": [
                3,
                5
            ]
        },
        "obs": {
            "intv_type": "obs",
            "noise_type": "gaussian",
            "obs_noise_gamma_shape": null,
            "true_params": {
                "Si": [
                    [
                        1.0,
                        -0.9432057489916031,
                        0.541513715492923,
                        -0.6029778340598602,
                        -1.85858177312674,
                        0.9401333526680907
                    ],
                    [
                        -0.9432057489916031,
                        1.889637084930811,
                        -1.0848793064377402,
                        0.35093342357398233,
                        2.0844096214612438,
                        -2.13666905117614
                    ],
                    [
                        0.541513715492923,
                        -1.0848793064377402,
                        1.6228514030142072,
                        -1.0639177780792415,
                        -1.964498045507378,
                        1.0369563810401023
                    ],
                    [
                        -0.6029778340598602,
                        0.35093342357398233,
                        -1.0639177780792415,
                        2.1548208294869147,
                        2.6009463907033714,
                        0.8431558112143397
                    ],
                    [
                        -1.85858177312674,
                        2.0844096214612438,
                        -1.964498045507378,
                        2.6009463907033714,
                        5.946215815548119,
                        -1.1485820747769084
                    ],
                    [
                        0.9401333526680907,
                        -2.13666905117614,
                        1.0369563810401023,
                        0.8431558112143397,
                        -1.1485820747769084,
                        4.431158322598051
                    ]
                ],
                "mui": [
                    0.0,
                    0.0,
                    0.0,
