{
    "expt_args": {
        "save_dir": "all_expt_logs/expt_logs_sim_compsel_backward_cameraready_new_mean_largerange",
        "exp_name": "350",
        "num_nodes": 6,
        "num_tgt_prior": 7,
        "obs_noise_mean": 0.0,
        "obs_noise_var": 1.0,
        "obs_noise_gamma_shape": null,
        "noise_type": "gaussian",
        "max_edge_strength": 1.0,
        "graph_sparsity_method": "adj_dense_prop",
        "adj_dense_prop": 0.8,
        "num_parents": null,
        "new_noise_mean": 1000,
        "mix_samples": 524288,
        "stage2_samples": 524288,
        "gmm_tol": 0.001,
        "intv_type": "hard",
        "new_noise_var": 1.0,
        "dtype": "simulation",
        "cutoff_drop_ratio": 0.07,
        "intv_targets": [
            0,
            1,
            2,
            3,
            4,
            5
        ]
    },
    "intv_args_dict": {
        "0": {
            "intv_type": "hard",
            "inode": 0,
            "new_mui": 1000,
            "new_vari": 1.0,
            "noise_type": "gaussian",
            "obs_noise_gamma_shape": null,
            "true_params": {
                "Si": [
                    [
                        1.0,
                        0.530280777681368,
                        1.3672884451638794,
                        1.5047431907769755,
                        -1.086308417511823,
                        -0.9262701801761771
                    ],
                    [
                        0.530280777681368,
                        1.2811977031783566,
                        1.6362389948264286,
                        0.9033964790825265,
                        -1.8927904373836977,
                        -1.8071276235823612
                    ],
                    [
                        1.3672884451638794,
                        1.6362389948264286,
                        3.6997489446093366,
                        3.1361624901980605,
                        -2.8668950606415597,
                        -2.7012245844609213
                    ],
                    [
                        1.5047431907769755,
                        0.9033964790825265,
                        3.1361624901980605,
                        4.240975119402611,
                        -1.3653372856055614,
                        -2.1415740014837357
                    ],
                    [
                        -1.086308417511823,
                        -1.8927904373836977,
                        -2.8668950606415597,
                        -1.3653372856055614,
                        4.291235612518502,
                        3.3836636290147046
                    ],
                    [
                        -0.9262701801761771,
                        -1.8071276235823612,
                        -2.7012245844609213,
                        -2.1415740014837357,
                        3.3836636290147046,
                        4.465503658215843
                    ]
                ],
                "mui": [
                    1000.0,
                    530.280777681368,
                    1367.2884451638793,
                    1504.7431907769756,
                    -1086.3084175118229,
                    -926.2701801761772
                ],
                "Ai": [
                    [
                        0.0,
                        0.0,
                        0.0,
                        0.0,
                        0.0,
                        0.0
                    ],
                    [
                        0.530280777681368,
                        0.0,
                        0.0,
                        0.0,
                        0.0,
                        0.0
                    ],
                    [
                        0.8841007288771301,
                        0.9111922148101781,
                        0.0,
                        0.0,
                        0.0,
                        0.0
                    ],
                    [
                        0.580058062921307,
                        -0.7899230311830803,
                        0.9826500998323142,
                        0.0,
                        0.0,
                        0.0
                    ],
                    [
                        -0.5677088992025996,
                        -0.6875819873417937,
                        -0.7583931294426334,
                        0.5867806286471755,
                        0.0,
                        0.0
                    ],
                    [
                        0.666226393955985,
                        -0.8332444415114928,
                        0.7595913318304621,
                        -0.8605174565535308,
                        0.8233073748080593,
                        0.0
                    ]
                ]
            },
            "est_params": {
                "mui": [
                    1000.0005316246735,
                    530.2829272411763,
                    1367.29140202602,
                    1504.7374532090773,
                    -1086.314555173957,
                    -926.2658396377723
                ],
                "Si": [
                    [
                        1.0019257208890164,
                        0.5266469968020496,
                        1.3609918397932,
                        1.510262873722071,
                        -1.077380280367912,
                        -0.9201861554618854
                    ],
                    [
                        0.5266469968020496,
                        1.2738693339336593,
                        1.6204834564859323,
                        0.8945054874568713,
                        -1.8804796181896881,
                        -1.799111208690594
                    ],
                    [
                        1.3609918397932,
                        1.6204834564859323,
                        3.6776201499827796,
                        3.1304665062377284,
                        -2.836204452672871,
                        -2.682681822093984
                    ],
                    [
                        1.510262873722071,
                        0.8945054874568713,
                        3.1304665062377284,
                        4.268356383049974,
                        -1.33817493007795,
                        -2.139014645925153
                    ],
                    [
                        -1.077380280367912,
                        -1.8804796181896881,
                        -2.836204452672871,
                        -1.33817493007795,
                        4.271065451588761,
                        3.3602705962948325
                    ],
                    [
                        -0.9201861554618854,
                        -1.799111208690594,
                        -2.682681822093984,
                        -2.139014645925153,
                        3.3602705962948325,
                        4.467897487256802
                    ]
                ]
            },
            "est_tgt": [
                0
            ],
            "oracle_est_tgt": [
                0
            ]
        },
        "1": {
            "intv_type": "hard",
            "inode": 1,
            "new_mui": 1000,
            "new_vari": 1.0,
            "noise_type": "gaussian",
            "obs_noise_gamma_shape": null,
            "true_params": {
                "Si": [
                    [
                        1.0,
                        0.0,
                        0.8841007288771301,
                        1.4488197324142407,
                        -0.3880654643357787,
                        -0.22845018576158344
                    ],
                    [
                        0.0,
                        1.0,
                        0.9111922148101781,
                        0.10546008966656872,
                        -1.316741964943712,
                        -1.3159443520954772
                    ],
                    [
                        0.8841007288771301,
                        0.9111922148101781,
                        2.6119053511317505,
                        2.3596470939486736,
                        -1.724687073364689,
                        -1.6367190457501013
                    ],
                    [
                        1.4488197324142407,
                        0.10546008966656872,
                        2.3596470939486736,
                        4.07580166624581,
                        -0.29295899346910514,
                        -1.078758392048952
                    ],
                    [
                        -0.3880654643357787,
                        -1.316741964943712,
                        -1.724687073364689,
                        -0.29295899346910514,
                        3.2617644391716043,
                        2.466102162814294
                    ],
                    [
                        -0.22845018576158344,
                        -1.3159443520954772,
                        -1.6367190457501013,
                        -1.078758392048952,
                        2.466102162814294,
                        3.659716698906736
                    ]
                ],
                "mui": [
                    0.0,
                    1000.0,
                    911.1922148101781,
                    105.46008966656872,
                    -1316.741964943712,
                    -1315.9443520954771
                ],
                "Ai": [
                    [
                        0.0,
                        0.0,
                        0.0,
                        0.0,
                        0.0,
                        0.0
                    ],
                    [
                        0.0,
                        0.0,
                        0.0,
                        0.0,
                        0.0,
                        0.0
                    ],
                    [
                        0.8841007288771301,
                        0.9111922148101781,
                        0.0,
                        0.0,
                        0.0,
                        0.0
                    ],
                    [
                        0.580058062921307,
                        -0.7899230311830803,
                        0.9826500998323142,
                        0.0,
                        0.0,
                        0.0
                    ],
                    [
                        -0.5677088992025996,
                        -0.6875819873417937,
                        -0.7583931294426334,
                        0.5867806286471755,
                        0.0,
                        0.0
                    ],
                    [
                        0.666226393955985,
                        -0.8332444415114928,
                        0.7595913318304621,
                        -0.8605174565535308,
                        0.8233073748080593,
                        0.0
                    ]
                ]
            },
            "est_params": {
                "mui": [
                    -0.0011446793400045501,
                    1000.000226587113,
                    911.1903545257161,
                    105.45036320426328,
                    -1316.742354789504,
                    -1315.9366929205835
                ],
                "Si": [
                    [
                        1.0010353685206221,
                        -0.006238580762436859,
                        0.8826091598849101,
                        1.456558362306284,
                        -0.36878316113658927,
                        -0.22093629785883226
                    ],
                    [
                        -0.006238580762436859,
                        0.9994939815866635,
                        0.9027464880730529,
                        0.09696653820565762,
                        -1.3112963120605043,
                        -1.3107191566499792
                    ],
                    [
                        0.8826091598849101,
                        0.9027464880730529,
                        2.5924318073070793,
                        2.3486123150396674,
                        -1.6975925402896532,
                        -1.6211319799556652
                    ],
                    [
                        1.456558362306284,
                        0.09696653820565762,
                        2.3486123150396674,
                        4.079912414404598,
                        -0.2652914616005722,
                        -1.0684468704405028
                    ],
                    [
                        -0.36878316113658927,
                        -1.3112963120605043,
                        -1.6975925402896532,
                        -0.2652914616005722,
                        3.238423549311776,
                        2.4508505770737847
                    ],
                    [
                        -0.22093629785883226,
                        -1.3107191566499792,
                        -1.6211319799556652,
                        -1.0684468704405028,
                        2.4508505770737847,
                        3.65727293866471
                    ]
                ]
            },
            "est_tgt": [
                1
            ],
            "oracle_est_tgt": [
                1
            ]
        },
        "2": {
            "intv_type": "hard",
            "inode": 2,
            "new_mui": 1000,
            "new_vari": 1.0,
            "noise_type": "gaussian",
            "obs_noise_gamma_shape": null,
            "true_params": {
                "Si": [
                    [
                        1.0,
                        0.530280777681368,
                        0.0,
                        0.16117706363711964,
                        -0.8377448314454117,
                        -0.6040442912795293
                    ],
                    [
                        0.530280777681368,
                        1.2811977031783566,
                        0.0,
                        -0.7044539325331891,
                        -1.5953335008797034,
                        -1.4215187446218505
                    ],
                    [
                        0.0,
                        0.0,
                        1.0,
                        0.9826500998323142,
                        -0.18179308612281828,
                        -0.235667821253347
                    ],
                    [
                        0.16117706363711964,
                        -0.7044539325331891,
                        0.9826500998323142,
                        2.6155576597366066,
                        1.1823916650320117,
                        0.16351398844131415
                    ],
                    [
                        -0.8377448314454117,
                        -1.5953335008797034,
                        -0.18179308612281828,
                        1.1823916650320117,
                        3.4041929270907323,
                        2.418315075350133
                    ],
                    [
                        -0.6040442912795293,
                        -1.4215187446218505,
                        -0.235667821253347,
                        0.16351398844131415,
                        2.418315075350133,
                        3.453341102977108
                    ]
                ],
                "mui": [
                    0.0,
                    0.0,
                    1000.0,
                    982.6500998323143,
                    -181.79308612281827,
                    -235.667821253347
                ],
                "Ai": [
                    [
                        0.0,
                        0.0,
                        0.0,
                        0.0,
                        0.0,
                        0.0
                    ],
                    [
                        0.530280777681368,
                        0.0,
                        0.0,
                        0.0,
                        0.0,
                        0.0
                    ],
                    [
                        0.0,
                        0.0,
                        0.0,
                        0.0,
                        0.0,
                        0.0
                    ],
                    [
                        0.580058062921307,
                        -0.7899230311830803,
                        0.9826500998323142,
                        0.0,
                        0.0,
                        0.0
                    ],
                    [
                        -0.5677088992025996,
                        -0.6875819873417937,
                        -0.7583931294426334,
                        0.5867806286471755,
                        0.0,
                        0.0
                    ],
                    [
                        0.666226393955985,
                        -0.8332444415114928,
                        0.7595913318304621,
                        -0.8605174565535308,
                        0.8233073748080593,
                        0.0
                    ]
                ]
            },
            "est_params": {
                "mui": [
                    0.00042453182670835885,
                    0.0013615712901168297,
                    999.9912069533519,
                    982.6397260995815,
                    -181.7979218975688,
                    -235.67325231193564
                ],
                "Si": [
                    [
                        1.0035368833442753,
                        0.5336406020314955,
                        -0.0026651212660400636,
                        0.15373336382562852,
                        -0.8427345949219367,
                        -0.604308301115117
                    ],
                    [
                        0.5336406020314955,
                        1.2816940925309264,
                        -0.001933624347232784,
                        -0.7139368520534547,
                        -1.6015357991347838,
                        -1.4133062149612252
                    ],
                    [
                        -0.0026651212660400636,
                        -0.001933624347232784,
                        0.9973808502310934,
                        0.9778557768051375,
                        -0.18206126087171287,
                        -0.2313923157695298
                    ],
                    [
                        0.15373336382562852,
                        -0.7139368520534547,
                        0.9778557768051375,
                        2.616799739833058,
                        1.194701614947655,
                        0.1754173464023415
                    ],
                    [
                        -0.8427345949219367,
                        -1.6015357991347838,
                        -0.18206126087171287,
                        1.194701614947655,
                        3.4191910920227713,
                        2.415086968356234
                    ],
                    [
                        -0.604308301115117,
                        -1.4133062149612252,
                        -0.2313923157695298,
                        0.1754173464023415,
                        2.415086968356234,
                        3.4231451583830554
                    ]
                ]
            },
            "est_tgt": [
                2
            ],
            "oracle_est_tgt": [
                2
            ]
        },
        "3": {
            "intv_type": "hard",
            "inode": 3,
            "new_mui": 1000,
            "new_vari": 1.0,
            "noise_type": "gaussian",
            "obs_noise_gamma_shape": null,
            "true_params": {
                "Si": [
                    [
                        1.0,
                        0.530280777681368,
                        1.3672884451638794,
                        0.0,
                        -1.9692625729484934,
                        -0.3583550646709619
                    ],
                    [
                        0.530280777681368,
                        1.2811977031783566,
                        1.6362389948264286,
                        0.0,
                        -2.4228859912973877,
                        -1.4661707620329547
                    ],
                    [
                        1.3672884451638794,
                        1.6362389948264286,
                        3.6997489446093366,
                        0.0,
                        -4.707134458179669,
                        -1.517584682462564
                    ],
                    [
                        0.0,
                        0.0,
                        0.0,
                        1.0,
                        0.5867806286471755,
                        -0.37741663759380206
                    ],
                    [
                        -1.9692625729484934,
                        -2.4228859912973877,
                        -4.707134458179669,
                        0.5867806286471755,
                        7.698070591130026,
                        2.9643263650949327
                    ],
                    [
                        -0.3583550646709619,
                        -1.4661707620329547,
                        -1.517584682462564,
                        -0.37741663759380206,
                        2.9643263650949327,
                        3.5955142279256123
                    ]
                ],
                "mui": [
                    0.0,
                    0.0,
                    0.0,
                    1000.0,
                    586.7806286471755,
                    -377.4166375938021
                ],
                "Ai": [
                    [
                        0.0,
                        0.0,
                        0.0,
                        0.0,
                        0.0,
                        0.0
                    ],
                    [
                        0.530280777681368,
                        0.0,
                        0.0,
                        0.0,
                        0.0,
                        0.0
                    ],
                    [
                        0.8841007288771301,
                        0.9111922148101781,
                        0.0,
                        0.0,
                        0.0,
                        0.0
                    ],
                    [
                        0.0,
                        0.0,
                        0.0,
                        0.0,
                        0.0,
                        0.0
                    ],
                    [
                        -0.5677088992025996,
                        -0.6875819873417937,
                        -0.7583931294426334,
                        0.5867806286471755,
                        0.0,
                        0.0
                    ],
                    [
                        0.666226393955985,
                        -0.8332444415114928,
                        0.7595913318304621,
                        -0.8605174565535308,
                        0.8233073748080593,
                        0.0
                    ]
                ]
            },
            "est_params": {
                "mui": [
                    0.004784784234826479,
                    -0.0014860029998324108,
                    -0.004287316943255808,
                    1000.0084017571317,
                    586.7844811291965,
                    -377.4166989702449
                ],
                "Si": [
                    [
                        0.9864365075639758,
                        0.5239845092742121,
                        1.3507877109520436,
                        0.004352707805661751,
                        -1.9465377050946473,
                        -0.360688292930968
                    ],
                    [
                        0.5239845092742121,
                        1.2892174759409518,
                        1.6344753116708752,
                        0.008413344323256581,
                        -2.4231053660490955,
                        -1.4859573219128042
                    ],
                    [
                        1.3507877109520436,
                        1.6344753116708752,
                        3.6870223676699756,
                        0.012205435770093339,
                        -4.687589972969581,
                        -1.5377346577251834
                    ],
                    [
                        0.004352707805661751,
                        0.008413344323256581,
                        0.012205435770093339,
                        1.0045942173767006,
                        0.5797845855948022,
                        -0.37962403801957034
                    ],
                    [
                        -1.9465377050946473,
                        -2.4231053660490955,
                        -4.687589972969581,
                        0.5797845855948022,
                        7.685546053797953,
                        2.996151240261464
                    ],
                    [
                        -0.360688292930968,
                        -1.4859573219128042,
                        -1.5377346577251834,
                        -0.37962403801957034,
                        2.996151240261464,
                        3.636724473364894
                    ]
                ]
            },
            "est_tgt": [
                3,
                5
            ],
            "oracle_est_tgt": [
                3,
                5
            ]
        },
        "4": {
            "intv_type": "hard",
            "inode": 4,
            "new_mui": 1000,
            "new_vari": 1.0,
            "noise_type": "gaussian",
            "obs_noise_gamma_shape": null,
            "true_params": {
                "Si": [
                    [
                        1.0,
                        0.530280777681368,
                        1.3672884451638794,
                        1.5047431907769755,
                        0.0,
                        -0.03190444872262095
                    ],
                    [
                        0.530280777681368,
                        1.2811977031783566,
                        1.6362389948264286,
                        0.9033964790825265,
                        0.0,
                        -0.24877929751819086
                    ],
                    [
                        1.3672884451638794,
                        1.6362389948264286,
                        3.6997489446093366,
                        3.1361624901980605,
                        0.0,
                        -0.34088873823392685
                    ],
                    [
                        1.5047431907769755,
                        0.9033964790825265,
                        3.1361624901980605,
                        4.240975119402611,
                        0.0,
                        -1.0174817451442597
                    ],
                    [
                        0.0,
                        0.0,
                        0.0,
                        0.0,
                        1.0,
                        0.8233073748080593
                    ],
                    [
                        -0.03190444872262095,
                        -0.24877929751819086,
                        -0.34088873823392685,
                        -1.0174817451442597,
                        0.8233073748080593,
                        2.480498087149951
                    ]
                ],
                "mui": [
                    0.0,
                    0.0,
                    0.0,
                    0.0,
                    1000.0,
                    823.3073748080593
                ],
                "Ai": [
                    [
                        0.0,
                        0.0,
                        0.0,
                        0.0,
                        0.0,
                        0.0
                    ],
                    [
                        0.530280777681368,
                        0.0,
                        0.0,
                        0.0,
                        0.0,
                        0.0
                    ],
                    [
                        0.8841007288771301,
                        0.9111922148101781,
                        0.0,
                        0.0,
                        0.0,
                        0.0
                    ],
                    [
                        0.580058062921307,
                        -0.7899230311830803,
                        0.9826500998323142,
                        0.0,
                        0.0,
                        0.0
                    ],
                    [
                        0.0,
                        0.0,
                        0.0,
                        0.0,
                        0.0,
                        0.0
                    ],
                    [
                        0.666226393955985,
                        -0.8332444415114928,
                        0.7595913318304621,
                        -0.8605174565535308,
                        0.8233073748080593,
                        0.0
                    ]
                ]
            },
            "est_params": {
                "mui": [
                    -0.0002894194104447856,
                    -0.002441834303938404,
                    -0.0021049865007926874,
                    -0.0030018476780968367,
                    1000.0019887571239,
                    823.3074707531649
                ],
                "Si": [
                    [
                        1.003949320677045,
                        0.5312552929512933,
                        1.3695396829855766,
                        1.5100855471046517,
                        0.004674428026280579,
                        -0.02714868861067292
                    ],
                    [
                        0.5312552929512933,
                        1.2791506834502753,
                        1.633071361831397,
                        0.8947399422901471,
                        0.0077655268853269975,
                        -0.23743855369226322
                    ],
                    [
                        1.3695396829855766,
                        1.633071361831397,
                        3.683338122560337,
                        3.108892530054903,
                        0.009524355662673291,
                        -0.31588966244795014
                    ],
                    [
                        1.5100855471046517,
                        0.8947399422901471,
                        3.108892530054903,
                        4.223593427692847,
                        0.014166351107421123,
                        -0.9945592463848827
                    ],
                    [
                        0.004674428026280579,
                        0.0077655268853269975,
                        0.009524355662673291,
                        0.014166351107421123,
                        1.008570173976776,
                        0.8187481730275699
                    ],
                    [
                        -0.02714868861067292,
                        -0.23743855369226322,
                        -0.31588966244795014,
                        -0.9945592463848827,
                        0.8187481730275699,
                        2.462088819269807
                    ]
                ]
            },
            "est_tgt": [
                2,
                3,
                4,
                5
            ],
            "oracle_est_tgt": [
                3,
                4,
                5
            ]
        },
        "5": {
            "intv_type": "hard",
            "inode": 5,
            "new_mui": 1000,
            "new_vari": 1.0,
            "noise_type": "gaussian",
            "obs_noise_gamma_shape": null,
            "true_params": {
                "Si": [
                    [
                        1.0,
                        0.530280777681368,
                        1.3672884451638794,
                        1.5047431907769755,
                        -1.086308417511823,
                        0.0
                    ],
                    [
                        0.530280777681368,
                        1.2811977031783566,
                        1.6362389948264286,
                        0.9033964790825265,
                        -1.8927904373836977,
                        0.0
                    ],
                    [
                        1.3672884451638794,
                        1.6362389948264286,
                        3.6997489446093366,
                        3.1361624901980605,
                        -2.8668950606415597,
                        0.0
                    ],
                    [
                        1.5047431907769755,
                        0.9033964790825265,
                        3.1361624901980605,
                        4.240975119402611,
                        -1.3653372856055614,
                        0.0
                    ],
                    [
                        -1.086308417511823,
                        -1.8927904373836977,
                        -2.8668950606415597,
                        -1.3653372856055614,
                        4.291235612518502,
                        0.0
                    ],
                    [
                        0.0,
                        0.0,
                        0.0,
                        0.0,
                        0.0,
                        1.0
                    ]
                ],
                "mui": [
                    0.0,
                    0.0,
                    0.0,
                    0.0,
                    0.0,
                    1000.0
                ],
                "Ai": [
                    [
                        0.0,
                        0.0,
                        0.0,
                        0.0,
                        0.0,
                        0.0
                    ],
                    [
                        0.530280777681368,
                        0.0,
                        0.0,
                        0.0,
                        0.0,
                        0.0
                    ],
                    [
                        0.8841007288771301,
                        0.9111922148101781,
                        0.0,
                        0.0,
                        0.0,
                        0.0
                    ],
                    [
                        0.580058062921307,
                        -0.7899230311830803,
                        0.9826500998323142,
                        0.0,
                        0.0,
                        0.0
                    ],
                    [
                        -0.5677088992025996,
                        -0.6875819873417937,
                        -0.7583931294426334,
                        0.5867806286471755,
                        0.0,
                        0.0
                    ],
                    [
                        0.0,
                        0.0,
                        0.0,
                        0.0,
                        0.0,
                        0.0
                    ]
                ]
            },
            "est_params": {
                "mui": [
                    -0.001115480337927415,
                    -0.0028016161643115707,
                    0.000893984714372175,
                    -0.0008663117366081785,
                    0.006431144811420399,
                    999.9974425319871
                ],
                "Si": [
                    [
                        1.0020617788050556,
                        0.5304180412790448,
                        1.3764581806665481,
                        1.517013161451166,
                        -1.092254054651253,
                        -0.0010239664665100219
                    ],
                    [
                        0.5304180412790448,
                        1.2800419158964427,
                        1.6410493170604912,
                        0.9096319236072516,
                        -1.893004035323797,
                        -0.007016629665292695
                    ],
                    [
                        1.3764581806665481,
                        1.6410493170604912,
                        3.7218065057188894,
                        3.164504598546174,
                        -2.8818830999733596,
                        -0.011954576010362303
                    ],
                    [
                        1.517013161451166,
                        0.9096319236072516,
                        3.164504598546174,
                        4.27524459086741,
                        -1.389233911407681,
                        -0.010347097817669772
                    ],
                    [
                        -1.092254054651253,
                        -1.893004035323797,
                        -2.8818830999733596,
                        -1.389233911407681,
                        4.29334968796873,
                        0.003854881758620453
                    ],
                    [
                        -0.0010239664665100219,
                        -0.007016629665292695,
                        -0.011954576010362303,
                        -0.010347097817669772,
                        0.003854881758620453,
                        0.9939818870097232
                    ]
                ]
            },
            "est_tgt": [
                3,
                4,
                5
            ],
            "oracle_est_tgt": [
                3,
                4,
                5
            ]
        },
        "obs": {
            "intv_type": "obs",
            "noise_type": "gaussian",
            "obs_noise_gamma_shape": null,
            "true_params": {
                "Si": [
                    [
                        1.0,
                        0.530280777681368,
                        1.3672884451638794,
                        1.5047431907769755,
                        -1.086308417511823,
                        -0.9262701801761771
                    ],
                    [
                        0.530280777681368,
                        1.2811977031783566,
                        1.6362389948264286,
                        0.9033964790825265,
                        -1.8927904373836977,
                        -1.8071276235823612
                    ],
                    [
                        1.3672884451638794,
                        1.6362389948264286,
                        3.6997489446093366,
                        3.1361624901980605,
                        -2.8668950606415597,
                        -2.7012245844609213
                    ],
                    [
                        1.5047431907769755,
                        0.9033964790825265,
                        3.1361624901980605,
                        4.240975119402611,
                        -1.3653372856055614,
                        -2.1415740014837357
                    ],
                    [
                        -1.086308417511823,
                        -1.8927904373836977,
                        -2.8668950606415597,
                        -1.3653372856055614,
                        4.291235612518502,
                        3.3836636290147046
                    ],
