{
    "expt_args": {
        "save_dir": "all_expt_logs/expt_logs_sim_compsel_backward_cameraready_new_mean_largerange",
        "exp_name": "170",
        "num_nodes": 6,
        "num_tgt_prior": 7,
        "obs_noise_mean": 0.0,
        "obs_noise_var": 1.0,
        "obs_noise_gamma_shape": null,
        "noise_type": "gaussian",
        "max_edge_strength": 1.0,
        "graph_sparsity_method": "adj_dense_prop",
        "adj_dense_prop": 0.8,
        "num_parents": null,
        "new_noise_mean": 1000,
        "mix_samples": 32768,
        "stage2_samples": 32768,
        "gmm_tol": 0.001,
        "intv_type": "hard",
        "new_noise_var": 1.0,
        "dtype": "simulation",
        "cutoff_drop_ratio": 0.07,
        "intv_targets": [
            0,
            1,
            2,
            3,
            4,
            5
        ]
    },
    "intv_args_dict": {
        "0": {
            "intv_type": "hard",
            "inode": 0,
            "new_mui": 1000,
            "new_vari": 1.0,
            "noise_type": "gaussian",
            "obs_noise_gamma_shape": null,
            "true_params": {
                "Si": [
                    [
                        1.0,
                        0.9321077022592845,
                        0.009350349451684559,
                        -1.3548775611164392,
                        -0.25673918828354486,
                        -1.2284300728928843
                    ],
                    [
                        0.9321077022592845,
                        1.868824768611083,
                        -0.958355640388552,
                        -2.7127645214519758,
                        -0.20829429693970886,
                        -2.755757385238132
                    ],
                    [
                        0.009350349451684559,
                        -0.958355640388552,
                        1.9353140829363848,
                        2.0377784819635214,
                        0.5420368668477247,
                        2.5491486125049394
                    ],
                    [
                        -1.3548775611164392,
                        -2.7127645214519758,
                        2.0377784819635214,
                        5.358138960783697,
                        0.6752964322086246,
                        5.633539033573179
                    ],
                    [
                        -0.25673918828354486,
                        -0.20829429693970886,
                        0.5420368668477247,
                        0.6752964322086246,
                        1.396847275023373,
                        -0.04633053704515
                    ],
                    [
                        -1.2284300728928843,
                        -2.755757385238132,
                        2.5491486125049394,
                        5.633539033573179,
                        -0.04633053704515,
                        7.865171410705149
                    ]
                ],
                "mui": [
                    1000.0,
                    932.1077022592846,
                    9.350349451684558,
                    -1354.8775611164392,
                    -256.7391882835449,
                    -1228.4300728928843
                ],
                "Ai": [
                    [
                        0.0,
                        0.0,
                        0.0,
                        0.0,
                        0.0,
                        0.0
                    ],
                    [
                        0.9321077022592845,
                        0.0,
                        0.0,
                        0.0,
                        0.0,
                        0.0
                    ],
                    [
                        0.9107648385602756,
                        -0.9670711731312831,
                        0.0,
                        0.0,
                        0.0,
                        0.0
                    ],
                    [
                        -0.5939043284604602,
                        -0.8229040709567613,
                        0.6483169569931891,
                        0.0,
                        0.0,
                        0.0
                    ],
                    [
                        -0.8088189209342777,
                        0.5865294381562185,
                        0.5744304821188435,
                        0.0,
                        0.0,
                        0.0
                    ],
                    [
                        -0.7744854028702285,
                        0.6893612069618733,
                        0.8752962224819603,
                        0.9835888538068647,
                        -0.8878838586608107,
                        0.0
                    ]
                ]
            },
            "est_params": {
                "mui": [
                    1000.0129248387133,
                    932.0981678071067,
                    9.356996318152234,
                    -1354.8657622719297,
                    -256.73423544512815,
                    -1228.4375063462867
                ],
                "Si": [
                    [
                        1.0105663495284285,
                        0.922853465209657,
                        0.018119198154311688,
                        -1.3338218992444026,
                        -0.27482120962055256,
                        -1.2218713539089852
                    ],
                    [
                        0.922853465209657,
                        1.853757234351168,
                        -0.9577696363981457,
                        -2.6622938260562656,
                        -0.21385829455947797,
                        -2.7228235868441844
                    ],
                    [
                        0.018119198154311688,
                        -0.9577696363981457,
                        1.945345436108797,
                        2.0358785512933784,
                        0.5498506466030099,
                        2.5372006120174113
                    ],
                    [
                        -1.3338218992444026,
                        -2.6622938260562656,
                        2.0358785512933784,
                        5.264909270434206,
                        0.6966488866898667,
                        5.548548719254608
                    ],
                    [
                        -0.27482120962055256,
                        -0.21385829455947797,
                        0.5498506466030099,
                        0.6966488866898667,
                        1.4297897926614125,
                        -0.044544311256305244
                    ],
                    [
                        -1.2218713539089852,
                        -2.7228235868441844,
                        2.5372006120174113,
                        5.548548719254608,
                        -0.044544311256305244,
                        7.809769747150895
                    ]
                ]
            },
            "est_tgt": [
                0,
                1,
                2,
                4,
                5
            ],
            "oracle_est_tgt": [
                0,
                1,
                2,
                4,
                5
            ]
        },
        "1": {
            "intv_type": "hard",
            "inode": 1,
            "new_mui": 1000,
            "new_vari": 1.0,
            "noise_type": "gaussian",
            "obs_noise_gamma_shape": null,
            "true_params": {
                "Si": [
                    [
                        1.0,
                        0.0,
                        0.9107648385602756,
                        -0.003440039788669136,
                        -0.2856478356232079,
                        0.2729421376094288
                    ],
                    [
                        0.0,
                        1.0,
                        -0.9670711731312831,
                        -1.4498727111170684,
                        0.031014277931179963,
                        -1.6107282526077402
                    ],
                    [
                        0.9107648385602756,
                        -0.9670711731312831,
                        2.764719245059241,
                        2.0473139933414384,
                        0.28427946307965457,
                        2.809220964859594
                    ],
                    [
                        -0.003440039788669136,
                        -1.4498727111170684,
                        2.0473139933414384,
                        3.5224575890406142,
                        0.3284289068640921,
                        3.968227760596597
                    ],
                    [
                        -0.2856478356232079,
                        0.031014277931179963,
                        0.28427946307965457,
                        0.3284289068640921,
                        1.4125269502191027,
                        -0.43968200768127
                    ],
                    [
                        0.2729421376094288,
                        -1.6107282526077402,
                        2.809220964859594,
                        3.968227760596597,
                        -0.43968200768127,
                        6.430628377200336
                    ]
                ],
                "mui": [
                    0.0,
                    1000.0,
                    -967.0711731312831,
                    -1449.8727111170683,
                    31.01427793117996,
                    -1610.7282526077402
                ],
                "Ai": [
                    [
                        0.0,
                        0.0,
                        0.0,
                        0.0,
                        0.0,
                        0.0
                    ],
                    [
                        0.0,
                        0.0,
                        0.0,
                        0.0,
                        0.0,
                        0.0
                    ],
                    [
                        0.9107648385602756,
                        -0.9670711731312831,
                        0.0,
                        0.0,
                        0.0,
                        0.0
                    ],
                    [
                        -0.5939043284604602,
                        -0.8229040709567613,
                        0.6483169569931891,
                        0.0,
                        0.0,
                        0.0
                    ],
                    [
                        -0.8088189209342777,
                        0.5865294381562185,
                        0.5744304821188435,
                        0.0,
                        0.0,
                        0.0
                    ],
                    [
                        -0.7744854028702285,
                        0.6893612069618733,
                        0.8752962224819603,
                        0.9835888538068647,
                        -0.8878838586608107,
                        0.0
                    ]
                ]
            },
            "est_params": {
                "mui": [
                    -0.016340467298294883,
                    999.9923941915374,
                    -967.0640254188721,
                    -1449.8627879426012,
                    31.02544790948959,
                    -1610.6991828679409
                ],
                "Si": [
                    [
                        1.030249290897652,
                        -0.015823635138498104,
                        0.9729325466266364,
                        0.012293763899554113,
                        -0.29698466100233906,
                        0.28366876533505236
                    ],
                    [
                        -0.015823635138498104,
                        1.0034411877446756,
                        -0.9874878634965946,
                        -1.4671905007364183,
                        0.0421724388242396,
                        -1.6287738401221048
                    ],
                    [
                        0.9729325466266364,
                        -0.9874878634965946,
                        2.852956166851528,
                        2.084683461082443,
                        0.24379941041652353,
                        2.8409213898332126
                    ],
                    [
                        0.012293763899554113,
                        -1.4671905007364183,
                        2.084683461082443,
                        3.567274283690551,
                        0.30999953675814396,
                        4.008526569734132
                    ],
                    [
                        -0.29698466100233906,
                        0.0421724388242396,
                        0.24379941041652353,
                        0.30999953675814396,
                        1.400339991131517,
                        -0.4541031736662661
                    ],
                    [
                        0.28366876533505236,
                        -1.6287738401221048,
                        2.8409213898332126,
                        4.008526569734132,
                        -0.4541031736662661,
                        6.448289326662908
                    ]
                ]
            },
            "est_tgt": [
                0,
                1,
                2,
                4,
                5
            ],
            "oracle_est_tgt": [
                0,
                1,
                2,
                4,
                5
            ]
        },
        "2": {
            "intv_type": "hard",
            "inode": 2,
            "new_mui": 1000,
            "new_vari": 1.0,
            "noise_type": "gaussian",
            "obs_noise_gamma_shape": null,
            "true_params": {
                "Si": [
                    [
                        1.0,
                        0.9321077022592845,
                        0.0,
                        -1.3609395512197782,
                        -0.2621103140270557,
                        -1.237807968493861
                    ],
                    [
                        0.9321077022592845,
                        1.868824768611083,
                        0.0,
                        -2.0914463089580106,
                        0.3422143956100001,
                        -1.7945784271028367
                    ],
                    [
                        0.0,
                        0.0,
                        1.0,
                        0.6483169569931891,
                        0.5744304821188435,
                        1.0029460021183771
                    ],
                    [
                        -1.3609395512197782,
                        -2.0914463089580106,
                        0.6483169569931891,
                        3.94964244879641,
                        0.24647185291874132,
                        3.845721157534194
                    ],
                    [
                        -0.2621103140270557,
                        0.3422143956100001,
                        0.5744304821188435,
                        0.24647185291874132,
                        1.742688977330498,
                        -0.3631716742996267
                    ],
                    [
                        -1.237807968493861,
                        -1.7945784271028367,
                        1.0029460021183771,
                        3.845721157534194,
                        -0.3631716742996267,
                        5.704489032600522
                    ]
                ],
                "mui": [
                    0.0,
                    0.0,
                    1000.0,
                    648.3169569931891,
                    574.4304821188435,
                    1002.9460021183771
                ],
                "Ai": [
                    [
                        0.0,
                        0.0,
                        0.0,
                        0.0,
                        0.0,
                        0.0
                    ],
                    [
                        0.9321077022592845,
                        0.0,
                        0.0,
                        0.0,
                        0.0,
                        0.0
                    ],
                    [
                        0.0,
                        0.0,
                        0.0,
                        0.0,
                        0.0,
                        0.0
                    ],
                    [
                        -0.5939043284604602,
                        -0.8229040709567613,
                        0.6483169569931891,
                        0.0,
                        0.0,
                        0.0
                    ],
                    [
                        -0.8088189209342777,
                        0.5865294381562185,
                        0.5744304821188435,
                        0.0,
                        0.0,
                        0.0
                    ],
                    [
                        -0.7744854028702285,
                        0.6893612069618733,
                        0.8752962224819603,
                        0.9835888538068647,
                        -0.8878838586608107,
                        0.0
                    ]
                ]
            },
            "est_params": {
                "mui": [
                    0.01943108349680155,
                    0.009449976664080177,
                    1000.0035835728606,
                    648.2870738206847,
                    574.4167599425672,
                    1002.9167692318301
                ],
                "Si": [
                    [
                        1.0227870917581583,
                        0.9494335531053462,
                        0.0015153636461164828,
                        -1.4106163458963552,
                        -0.25437963253995727,
                        -1.3018545312712437
                    ],
                    [
                        0.9494335531053462,
                        1.8944726274140276,
                        0.012296084025257427,
                        -2.1127998953524343,
                        0.3650140297086078,
                        -1.8249422599944596
                    ],
                    [
                        0.0015153636461164828,
                        0.012296084025257427,
                        1.0087921622483276,
                        0.6116894167705705,
                        0.5667964387241912,
                        1.0030259396463599
                    ],
                    [
                        -1.4106163458963552,
                        -2.1127998953524343,
                        0.6116894167705705,
                        3.953462878818079,
                        0.21927520773683903,
                        3.894087901206234
                    ],
                    [
                        -0.25437963253995727,
                        0.3650140297086078,
                        0.5667964387241912,
                        0.21927520773683903,
                        1.72289659066371,
                        -0.3666997425191018
                    ],
                    [
                        -1.3018545312712437,
                        -1.8249422599944596,
                        1.0030259396463599,
                        3.894087901206234,
                        -0.3666997425191018,
                        5.8181248346014405
                    ]
                ]
            },
            "est_tgt": [
                0,
                1,
                2,
                4,
                5
            ],
            "oracle_est_tgt": [
                0,
                1,
                2,
                4,
                5
            ]
        },
        "3": {
            "intv_type": "hard",
            "inode": 3,
            "new_mui": 1000,
            "new_vari": 1.0,
            "noise_type": "gaussian",
            "obs_noise_gamma_shape": null,
            "true_params": {
                "Si": [
                    [
                        1.0,
                        0.9321077022592845,
                        0.009350349451684559,
                        0.0,
                        -0.25673918828354486,
                        0.10421239449427429
                    ],
                    [
                        0.9321077022592845,
                        1.868824768611083,
                        -0.958355640388552,
                        0.0,
                        -0.20829429693970886,
                        -0.08751243893525534
                    ],
                    [
                        0.009350349451684559,
                        -0.958355640388552,
                        1.9353140829363848,
                        0.0,
                        0.5420368668477247,
                        0.5448124111181463
                    ],
                    [
                        0.0,
                        0.0,
                        0.0,
                        1.0,
                        0.0,
                        0.9835888538068647
                    ],
                    [
                        -0.25673918828354486,
                        -0.20829429693970886,
                        0.5420368668477247,
                        0.0,
                        1.396847275023373,
                        -0.7105445807810962
                    ],
                    [
                        0.10421239449427429,
                        -0.08751243893525534,
                        0.5448124111181463,
                        0.9835888538068647,
                        -0.7105445807810962,
                        2.9341616840179974
                    ]
                ],
                "mui": [
                    0.0,
                    0.0,
                    0.0,
                    1000.0,
                    0.0,
                    983.5888538068647
                ],
                "Ai": [
                    [
                        0.0,
                        0.0,
                        0.0,
                        0.0,
                        0.0,
                        0.0
                    ],
                    [
                        0.9321077022592845,
                        0.0,
                        0.0,
                        0.0,
                        0.0,
                        0.0
                    ],
                    [
                        0.9107648385602756,
                        -0.9670711731312831,
                        0.0,
                        0.0,
                        0.0,
                        0.0
                    ],
                    [
                        0.0,
                        0.0,
                        0.0,
                        0.0,
                        0.0,
                        0.0
                    ],
                    [
                        -0.8088189209342777,
                        0.5865294381562185,
                        0.5744304821188435,
                        0.0,
                        0.0,
                        0.0
                    ],
                    [
                        -0.7744854028702285,
                        0.6893612069618733,
                        0.8752962224819603,
                        0.9835888538068647,
                        -0.8878838586608107,
                        0.0
                    ]
                ]
            },
            "est_params": {
                "mui": [
                    0.02065725195854466,
                    -0.01913272720999011,
                    0.034491570304445864,
                    999.9978318726501,
                    -0.006208681663390682,
                    983.5595087391616
                ],
                "Si": [
                    [
                        1.00690398111749,
                        0.9181164607335476,
                        0.03420725989781366,
                        -0.0010659058595721598,
                        -0.28308799699359,
                        0.1299757020548004
                    ],
                    [
                        0.9181164607335476,
                        1.8415718851653051,
                        -0.9419747108285941,
                        -0.008591200272210095,
                        -0.23462582360621412,
                        -0.08436751369682302
                    ],
                    [
                        0.03420725989781366,
                        -0.9419747108285941,
                        1.9306996683684536,
                        -0.005113993292786472,
                        0.5371415647741107,
                        0.5618678610202918
                    ],
                    [
                        -0.0010659058595721598,
                        -0.008591200272210095,
                        -0.005113993292786472,
                        1.0090944998362885,
                        -0.008601312072187098,
                        0.9949610603725135
                    ],
                    [
                        -0.28308799699359,
                        -0.23462582360621412,
                        0.5371415647741107,
                        -0.008601312072187098,
                        1.3826668161764213,
                        -0.6871330903535384
                    ],
                    [
                        0.1299757020548004,
                        -0.08436751369682302,
                        0.5618678610202918,
                        0.9949610603725135,
                        -0.6871330903535384,
                        2.896311076160449
                    ]
                ]
            },
            "est_tgt": [
                0,
                1,
                2,
                3,
                5
            ],
            "oracle_est_tgt": [
                0,
                1,
                2,
                3,
                5
            ]
        },
        "4": {
            "intv_type": "hard",
            "inode": 4,
            "new_mui": 1000,
            "new_vari": 1.0,
            "noise_type": "gaussian",
            "obs_noise_gamma_shape": null,
            "true_params": {
                "Si": [
                    [
                        1.0,
                        0.9321077022592845,
                        0.009350349451684559,
                        -1.3548775611164392,
                        0.0,
                        -1.4563846540555225
                    ],
                    [
                        0.9321077022592845,
                        1.868824768611083,
                        -0.958355640388552,
                        -2.7127645214519758,
                        0.0,
                        -2.9406985293420016
                    ],
                    [
                        0.009350349451684559,
                        -0.958355640388552,
                        1.9353140829363848,
                        2.0377784819635214,
                        0.0,
                        3.030414397378113
                    ],
                    [
                        -1.3548775611164392,
                        -2.7127645214519758,
                        2.0377784819635214,
                        5.358138960783697,
                        0.0,
                        6.233123835542451
                    ],
                    [
                        0.0,
                        0.0,
                        0.0,
                        0.0,
                        1.0,
                        -0.8878838586608107
                    ],
                    [
                        -1.4563846540555225,
                        -2.9406985293420016,
                        3.030414397378113,
                        6.233123835542451,
                        -0.8878838586608107,
                        9.672424318119868
                    ]
                ],
                "mui": [
                    0.0,
                    0.0,
                    0.0,
                    0.0,
                    1000.0,
                    -887.8838586608107
                ],
                "Ai": [
                    [
                        0.0,
                        0.0,
                        0.0,
                        0.0,
                        0.0,
                        0.0
                    ],
                    [
                        0.9321077022592845,
                        0.0,
                        0.0,
                        0.0,
                        0.0,
                        0.0
                    ],
                    [
                        0.9107648385602756,
                        -0.9670711731312831,
                        0.0,
                        0.0,
                        0.0,
                        0.0
                    ],
                    [
                        -0.5939043284604602,
                        -0.8229040709567613,
                        0.6483169569931891,
                        0.0,
                        0.0,
                        0.0
                    ],
                    [
                        0.0,
                        0.0,
                        0.0,
                        0.0,
                        0.0,
                        0.0
                    ],
                    [
                        -0.7744854028702285,
                        0.6893612069618733,
                        0.8752962224819603,
                        0.9835888538068647,
                        -0.8878838586608107,
                        0.0
                    ]
                ]
            },
            "est_params": {
                "mui": [
                    0.03785095480677224,
                    0.032190242093900985,
                    -0.026260352271948714,
                    -0.0770757170429526,
                    1000.000687012634,
                    -887.9837169529928
                ],
                "Si": [
                    [
                        0.9977236292501992,
                        0.9345107901401688,
                        -0.009224642868561738,
                        -1.3463192749675108,
                        -0.02230626879277935,
                        -1.458912471056663
                    ],
                    [
                        0.9345107901401688,
                        1.8905331877170943,
                        -1.0082359652870827,
                        -2.733883655860951,
                        -0.021618234309981346,
                        -2.981619566440115
                    ],
                    [
                        -0.009224642868561738,
                        -1.0082359652870827,
                        1.9912267766258052,
                        2.111441409165051,
                        -0.015756120760117353,
                        3.1339214766664605
                    ],
                    [
                        -1.3463192749675108,
                        -2.733883655860951,
                        2.111441409165051,
                        5.382746513936198,
                        0.04194987764576736,
                        6.258964660124501
                    ],
                    [
                        -0.02230626879277935,
                        -0.021618234309981346,
                        -0.015756120760117353,
                        0.04194987764576736,
                        1.0304535037209197,
                        -0.8976659692092349
                    ],
                    [
                        -1.458912471056663,
                        -2.981619566440115,
                        3.1339214766664605,
                        6.258964660124501,
                        -0.8976659692092349,
                        9.765725986783025
                    ]
                ]
            },
            "est_tgt": [
                0,
                1,
                2,
                4,
                5
            ],
            "oracle_est_tgt": [
                0,
                1,
                2,
                4,
                5
            ]
        },
        "5": {
            "intv_type": "hard",
            "inode": 5,
            "new_mui": 1000,
            "new_vari": 1.0,
            "noise_type": "gaussian",
            "obs_noise_gamma_shape": null,
            "true_params": {
                "Si": [
                    [
                        1.0,
                        0.9321077022592845,
                        0.009350349451684559,
                        -1.3548775611164392,
                        -0.25673918828354486,
                        0.0
                    ],
                    [
                        0.9321077022592845,
                        1.868824768611083,
                        -0.958355640388552,
                        -2.7127645214519758,
                        -0.20829429693970886,
                        0.0
                    ],
                    [
                        0.009350349451684559,
                        -0.958355640388552,
                        1.9353140829363848,
                        2.0377784819635214,
                        0.5420368668477247,
                        0.0
                    ],
                    [
                        -1.3548775611164392,
                        -2.7127645214519758,
                        2.0377784819635214,
                        5.358138960783697,
                        0.6752964322086246,
                        0.0
                    ],
                    [
                        -0.25673918828354486,
                        -0.20829429693970886,
                        0.5420368668477247,
                        0.6752964322086246,
                        1.396847275023373,
                        0.0
                    ],
                    [
                        0.0,
                        0.0,
                        0.0,
                        0.0,
                        0.0,
                        1.0
                    ]
                ],
                "mui": [
                    0.0,
                    0.0,
                    0.0,
                    0.0,
                    0.0,
                    1000.0
                ],
                "Ai": [
                    [
                        0.0,
                        0.0,
                        0.0,
                        0.0,
                        0.0,
                        0.0
                    ],
                    [
                        0.9321077022592845,
                        0.0,
                        0.0,
                        0.0,
                        0.0,
                        0.0
                    ],
                    [
                        0.9107648385602756,
                        -0.9670711731312831,
                        0.0,
                        0.0,
                        0.0,
                        0.0
                    ],
                    [
                        -0.5939043284604602,
                        -0.8229040709567613,
                        0.6483169569931891,
                        0.0,
                        0.0,
                        0.0
                    ],
                    [
                        -0.8088189209342777,
                        0.5865294381562185,
                        0.5744304821188435,
                        0.0,
                        0.0,
                        0.0
                    ],
                    [
                        0.0,
                        0.0,
                        0.0,
                        0.0,
                        0.0,
                        0.0
                    ]
                ]
            },
            "est_params": {
                "mui": [
                    0.00824476452714703,
                    0.01177248834450567,
                    -0.025249256632966798,
                    -0.004462020296845888,
                    0.01000464106328673,
                    1000.0091165100304
                ],
                "Si": [
                    [
                        0.9997471730535938,
                        0.946442319295855,
                        -0.015101592838750856,
                        -1.399319607392238,
                        -0.27367310404854,
                        0.023211122367677438
                    ],
                    [
                        0.946442319295855,
                        1.8873333687566196,
                        -0.9663614991675124,
                        -2.7599547782669105,
                        -0.2180821260877047,
                        0.022760783546646467
                    ],
                    [
                        -0.015101592838750856,
                        -0.9663614991675124,
                        1.9101317601172387,
                        2.0558017297035076,
                        0.53881575177524,
                        0.016254219150027123
                    ],
                    [
                        -1.399319607392238,
                        -2.7599547782669105,
                        2.0558017297035076,
                        5.455424819313072,
                        0.7352276520521509,
                        -0.02049000793667992
                    ],
                    [
                        -0.27367310404854,
                        -0.2180821260877047,
                        0.53881575177524,
                        0.7352276520521509,
                        1.4116306838146735,
                        0.0008472215042700177
                    ],
                    [
                        0.023211122367677438,
                        0.022760783546646467,
                        0.016254219150027123,
                        -0.02049000793667992,
                        0.0008472215042700177,
                        0.9665852905924736
                    ]
                ]
            },
            "est_tgt": [
                0,
                1,
                2,
                3,
                5
            ],
            "oracle_est_tgt": [
                0,
                1,
                2,
                3,
                5
            ]
        },
        "obs": {
            "intv_type": "obs",
            "noise_type": "gaussian",
            "obs_noise_gamma_shape": null,
            "true_params": {
                "Si": [
                    [
                        1.0,
                        0.9321077022592845,
                        0.009350349451684559,
                        -1.3548775611164392,
                        -0.25673918828354486,
                        -1.2284300728928843
                    ],
                    [
                        0.9321077022592845,
                        1.868824768611083,
                        -0.958355640388552,
                        -2.7127645214519758,
                        -0.20829429693970886,
                        -2.755757385238132
                    ],
                    [
                        0.009350349451684559,
                        -0.958355640388552,
                        1.9353140829363848,
                        2.0377784819635214,
                        0.5420368668477247,
                        2.5491486125049394
