{
    "expt_args": {
        "save_dir": "all_expt_logs/expt_logs_sim_compsel_backward_cameraready_new_mean_largerange",
        "exp_name": "304",
        "num_nodes": 6,
        "num_tgt_prior": 7,
        "obs_noise_mean": 0.0,
        "obs_noise_var": 1.0,
        "obs_noise_gamma_shape": null,
        "noise_type": "gaussian",
        "max_edge_strength": 1.0,
        "graph_sparsity_method": "adj_dense_prop",
        "adj_dense_prop": 0.8,
        "num_parents": null,
        "new_noise_mean": 1000,
        "mix_samples": 131072,
        "stage2_samples": 131072,
        "gmm_tol": 0.001,
        "intv_type": "hard",
        "new_noise_var": 1.0,
        "dtype": "simulation",
        "cutoff_drop_ratio": 0.07,
        "intv_targets": [
            0,
            1,
            2,
            3,
            4,
            5
        ]
    },
    "intv_args_dict": {
        "0": {
            "intv_type": "hard",
            "inode": 0,
            "new_mui": 1000,
            "new_vari": 1.0,
            "noise_type": "gaussian",
            "obs_noise_gamma_shape": null,
            "true_params": {
                "Si": [
                    [
                        1.0,
                        0.7735930948912058,
                        -0.2242773693687094,
                        -0.776604879551908,
                        0.3057332941524386,
                        -0.4508915471190536
                    ],
                    [
                        0.7735930948912058,
                        1.598446276463354,
                        0.3911076507145441,
                        -0.2443428989699531,
                        1.0950299544185078,
                        -0.36730296994539774
                    ],
                    [
                        -0.2242773693687094,
                        0.3911076507145441,
                        1.3690814875493578,
                        1.006714027221654,
                        0.7756862273771337,
                        1.512070364881385
                    ],
                    [
                        -0.776604879551908,
                        -0.2443428989699531,
                        1.006714027221654,
                        2.1286924113863233,
                        -0.6393806093933161,
                        1.9144396176708818
                    ],
                    [
                        0.3057332941524386,
                        1.0950299544185078,
                        0.7756862273771337,
                        -0.6393806093933161,
                        2.8338620909149874,
                        -0.2724175653363871
                    ],
                    [
                        -0.4508915471190536,
                        -0.36730296994539774,
                        1.512070364881385,
                        1.9144396176708818,
                        -0.2724175653363871,
                        3.677665044219336
                    ]
                ],
                "mui": [
                    1000.0,
                    773.5930948912057,
                    -224.2773693687094,
                    -776.6048795519081,
                    305.7332941524386,
                    -450.8915471190536
                ],
                "Ai": [
                    [
                        0.0,
                        0.0,
                        0.0,
                        0.0,
                        0.0,
                        0.0
                    ],
                    [
                        0.7735930948912058,
                        0.0,
                        0.0,
                        0.0,
                        0.0,
                        0.0
                    ],
                    [
                        -0.6610535039143027,
                        0.5646070749985421,
                        0.0,
                        0.0,
                        0.0,
                        0.0
                    ],
                    [
                        -0.6350198367259734,
                        0.0,
                        0.6312943799210096,
                        0.0,
                        0.0,
                        0.0
                    ],
                    [
                        -0.714433291091709,
                        0.6555232500343777,
                        0.9497405381846411,
                        -0.9349202587842553,
                        0.0,
                        0.0
                    ],
                    [
                        0.9307506895983325,
                        -0.821022545908306,
                        0.9961785486549701,
                        0.6735530176434903,
                        0.0,
                        0.0
                    ]
                ]
            },
            "est_params": {
                "mui": [
                    999.9937514117233,
                    773.5923267117904,
                    -224.26960396398562,
                    -776.6032099575426,
                    305.74070102142343,
                    -450.8977101229376
                ],
                "Si": [
                    [
                        1.0119930908938204,
                        0.7769568076500343,
                        -0.23158335071544542,
                        -0.7762104346681208,
                        0.29931047020939106,
                        -0.4474716307406014
                    ],
                    [
                        0.7769568076500343,
                        1.5857167228922902,
                        0.3763468507828754,
                        -0.2387405234488057,
                        1.0762217157232048,
                        -0.35061923841165443
                    ],
                    [
                        -0.23158335071544542,
                        0.3763468507828754,
                        1.3745004997125239,
                        1.0112972686758206,
                        0.7712557747017434,
                        1.5271746297938855
                    ],
                    [
                        -0.7762104346681208,
                        -0.2387405234488057,
                        1.0112972686758206,
                        2.1102766483182895,
                        -0.608634001617125,
                        1.8958115389928152
                    ],
                    [
                        0.29931047020939106,
                        1.0762217157232048,
                        0.7712557747017434,
                        -0.608634001617125,
                        2.787035166422522,
                        -0.22529377748527557
                    ],
                    [
                        -0.4474716307406014,
                        -0.35061923841165443,
                        1.5271746297938855,
                        1.8958115389928152,
                        -0.22529377748527557,
                        3.6596116988854255
                    ]
                ]
            },
            "est_tgt": [
                0
            ],
            "oracle_est_tgt": [
                0
            ]
        },
        "1": {
            "intv_type": "hard",
            "inode": 1,
            "new_mui": 1000,
            "new_vari": 1.0,
            "noise_type": "gaussian",
            "obs_noise_gamma_shape": null,
            "true_params": {
                "Si": [
                    [
                        1.0,
                        0.0,
                        -0.6610535039143027,
                        -1.0523391985741637,
                        -0.35840936580834865,
                        -0.4365828732984603
                    ],
                    [
                        0.0,
                        1.0,
                        0.5646070749985421,
                        0.35643327331021957,
                        0.8585167891838394,
                        -0.018496382549285168
                    ],
                    [
                        -0.6610535039143027,
                        0.5646070749985421,
                        1.7557728841757863,
                        1.5281916423206687,
                        1.0811830534213844,
                        1.6995502329658574
                    ],
                    [
                        -1.0523391985741637,
                        0.35643327331021957,
                        1.5281916423206687,
                        2.6329950612982027,
                        -0.024778416536821557,
                        2.0237083130276234
                    ],
                    [
                        -0.35840936580834865,
                        0.8585167891838394,
                        1.0811830534213844,
                        -0.024778416536821557,
                        2.8688465172608284,
                        0.02191038341149841
                    ],
                    [
                        -0.4365828732984603,
                        -0.018496382549285168,
                        1.6995502329658574,
                        2.0237083130276234,
                        0.02191038341149841,
                        3.6649664622134615
                    ]
                ],
                "mui": [
                    0.0,
                    1000.0,
                    564.6070749985421,
                    356.4332733102196,
                    858.5167891838395,
                    -18.49638254928517
                ],
                "Ai": [
                    [
                        0.0,
                        0.0,
                        0.0,
                        0.0,
                        0.0,
                        0.0
                    ],
                    [
                        0.0,
                        0.0,
                        0.0,
                        0.0,
                        0.0,
                        0.0
                    ],
                    [
                        -0.6610535039143027,
                        0.5646070749985421,
                        0.0,
                        0.0,
                        0.0,
                        0.0
                    ],
                    [
                        -0.6350198367259734,
                        0.0,
                        0.6312943799210096,
                        0.0,
                        0.0,
                        0.0
                    ],
                    [
                        -0.714433291091709,
                        0.6555232500343777,
                        0.9497405381846411,
                        -0.9349202587842553,
                        0.0,
                        0.0
                    ],
                    [
                        0.9307506895983325,
                        -0.821022545908306,
                        0.9961785486549701,
                        0.6735530176434903,
                        0.0,
                        0.0
                    ]
                ]
            },
            "est_params": {
                "mui": [
                    -0.00124161037290367,
                    1000.0004987752206,
                    564.6086257906853,
                    356.4264747481658,
                    858.5269122381412,
                    -18.501162485701848
                ],
                "Si": [
                    [
                        1.016617304510234,
                        0.012336522869842142,
                        -0.6671013430903858,
                        -1.067390086587111,
                        -0.34852102429521664,
                        -0.4425393149805876
                    ],
                    [
                        0.012336522869842142,
                        1.0141696568495528,
                        0.5569668643815008,
                        0.33021011817861756,
                        0.8691849165328711,
                        -0.04471188564789799
                    ],
                    [
                        -0.6671013430903858,
                        0.5569668643815008,
                        1.7372095151995761,
                        1.511636981261236,
                        1.0704228417174209,
                        1.6675665454560626
                    ],
                    [
                        -1.067390086587111,
                        0.33021011817861756,
                        1.511636981261236,
                        2.611748442042645,
                        -0.047692893639566615,
                        1.9954169631508862
                    ],
                    [
                        -0.34852102429521664,
                        0.8691849165328711,
                        1.0704228417174209,
                        -0.047692893639566615,
                        2.8729438685289947,
                        -0.009799638196190978
                    ],
                    [
                        -0.4425393149805876,
                        -0.04471188564789799,
                        1.6675665454560626,
                        1.9954169631508862,
                        -0.009799638196190978,
                        3.6296581123961813
                    ]
                ]
            },
            "est_tgt": [
                1,
                5
            ],
            "oracle_est_tgt": [
                1,
                5
            ]
        },
        "2": {
            "intv_type": "hard",
            "inode": 2,
            "new_mui": 1000,
            "new_vari": 1.0,
            "noise_type": "gaussian",
            "obs_noise_gamma_shape": null,
            "true_params": {
                "Si": [
                    [
                        1.0,
                        0.7735930948912058,
                        0.0,
                        -0.6350198367259734,
                        0.38636787876050954,
                        -0.13210620995658692
                    ],
                    [
                        0.7735930948912058,
                        1.598446276463354,
                        0.0,
                        -0.4912469608101539,
                        0.9544147731312704,
                        -0.9232189977229696
                    ],
                    [
                        0.0,
                        0.0,
                        1.0,
                        0.6312943799210096,
                        0.35953063313984485,
                        1.4213887832721421
                    ],
                    [
                        -0.6350198367259734,
                        -0.4912469608101539,
                        0.6312943799210096,
                        1.801782787155334,
                        -0.9533018579602884,
                        1.6547578320830745
                    ],
                    [
                        0.38636787876050954,
                        0.9544147731312704,
                        0.35953063313984485,
                        -0.9533018579602884,
                        2.582329035524686,
                        -0.7079265161297899
                    ],
                    [
                        -0.13210620995658692,
                        -0.9232189977229696,
                        1.4213887832721421,
                        1.6547578320830745,
                        -0.7079265161297899,
                        4.165549812387363
                    ]
                ],
                "mui": [
                    0.0,
                    0.0,
                    1000.0,
                    631.2943799210095,
                    359.53063313984484,
                    1421.388783272142
                ],
                "Ai": [
                    [
                        0.0,
                        0.0,
                        0.0,
                        0.0,
                        0.0,
                        0.0
                    ],
                    [
                        0.7735930948912058,
                        0.0,
                        0.0,
                        0.0,
                        0.0,
                        0.0
                    ],
                    [
                        0.0,
                        0.0,
                        0.0,
                        0.0,
                        0.0,
                        0.0
                    ],
                    [
                        -0.6350198367259734,
                        0.0,
                        0.6312943799210096,
                        0.0,
                        0.0,
                        0.0
                    ],
                    [
                        -0.714433291091709,
                        0.6555232500343777,
                        0.9497405381846411,
                        -0.9349202587842553,
                        0.0,
                        0.0
                    ],
                    [
                        0.9307506895983325,
                        -0.821022545908306,
                        0.9961785486549701,
                        0.6735530176434903,
                        0.0,
                        0.0
                    ]
                ]
            },
            "est_params": {
                "mui": [
                    4.525613580186975e-08,
                    -0.0019131766078188154,
                    999.981697390236,
                    631.2914324768685,
                    359.52317279102016,
                    1421.362640310785
                ],
                "Si": [
                    [
                        0.9963563822415424,
                        0.7722833202893108,
                        0.01041020661294447,
                        -0.6288649924154894,
                        0.3883624689909766,
                        -0.11400240916224286
                    ],
                    [
                        0.7722833202893108,
                        1.5941805791259753,
                        0.015845400449929565,
                        -0.46954102130724146,
                        0.9345235055048715,
                        -0.8897114379499358
                    ],
                    [
                        0.01041020661294447,
                        0.015845400449929565,
                        1.010175945683475,
                        0.6353269710580551,
                        0.37283303014101704,
                        1.4247847078016296
                    ],
                    [
                        -0.6288649924154894,
                        -0.46954102130724146,
                        0.6353269710580551,
                        1.7974222853094426,
                        -0.9358681403428072,
                        1.6299142048968869
                    ],
                    [
                        0.3883624689909766,
                        0.9345235055048715,
                        0.37283303014101704,
                        -0.9358681403428072,
                        2.5576271236872334,
                        -0.6719495600917271
                    ],
                    [
                        -0.11400240916224286,
                        -0.8897114379499358,
                        1.4247847078016296,
                        1.6299142048968869,
                        -0.6719495600917271,
                        4.126636026610684
                    ]
                ]
            },
            "est_tgt": [
                2,
                5
            ],
            "oracle_est_tgt": [
                2,
                5
            ]
        },
        "3": {
            "intv_type": "hard",
            "inode": 3,
            "new_mui": 1000,
            "new_vari": 1.0,
            "noise_type": "gaussian",
            "obs_noise_gamma_shape": null,
            "true_params": {
                "Si": [
                    [
                        1.0,
                        0.7735930948912058,
                        -0.2242773693687094,
                        0.0,
                        -0.4203303408113467,
                        0.07219301301979339
                    ],
                    [
                        0.7735930948912058,
                        1.598446276463354,
                        0.3911076507145441,
                        0.0,
                        0.8665888280814242,
                        -0.2027250730044274
                    ],
                    [
                        -0.2242773693687094,
                        0.3911076507145441,
                        1.3690814875493578,
                        0.0,
                        1.7168835662289421,
                        0.8339950939422092
                    ],
                    [
                        0.0,
                        0.0,
                        0.0,
                        1.0,
                        -0.9349202587842553,
                        0.6735530176434903
                    ],
                    [
                        -0.4203303408113467,
                        0.8665888280814242,
                        1.7168835662289421,
                        -0.9349202587842553,
                        4.373036926234828,
                        -0.022107502801020376
                    ],
                    [
                        0.07219301301979339,
                        -0.2027250730044274,
                        0.8339950939422092,
                        0.6735530176434903,
                        -0.022107502801020376,
                        2.5181172420552635
                    ]
                ],
                "mui": [
                    0.0,
                    0.0,
                    0.0,
                    1000.0,
                    -934.9202587842553,
                    673.5530176434903
                ],
                "Ai": [
                    [
                        0.0,
                        0.0,
                        0.0,
                        0.0,
                        0.0,
                        0.0
                    ],
                    [
                        0.7735930948912058,
                        0.0,
                        0.0,
                        0.0,
                        0.0,
                        0.0
                    ],
                    [
                        -0.6610535039143027,
                        0.5646070749985421,
                        0.0,
                        0.0,
                        0.0,
                        0.0
                    ],
                    [
                        0.0,
                        0.0,
                        0.0,
                        0.0,
                        0.0,
                        0.0
                    ],
                    [
                        -0.714433291091709,
                        0.6555232500343777,
                        0.9497405381846411,
                        -0.9349202587842553,
                        0.0,
                        0.0
                    ],
                    [
                        0.9307506895983325,
                        -0.821022545908306,
                        0.9961785486549701,
                        0.6735530176434903,
                        0.0,
                        0.0
                    ]
                ]
            },
            "est_params": {
                "mui": [
                    0.005190263372500843,
                    -0.006413881182632177,
                    0.007957342505293383,
                    999.9970362505042,
                    -934.9137477698783,
                    673.5656150009088
                ],
                "Si": [
                    [
                        0.994811801339003,
                        0.7703016888690997,
                        -0.23016691561298275,
                        -0.004877539746513301,
                        -0.4121014058741439,
                        0.06908946730159685
                    ],
                    [
                        0.7703016888690997,
                        1.600654370262145,
                        0.3912788929503328,
                        -0.0028271169564432564,
                        0.8773988948658444,
                        -0.21210429609297748
                    ],
                    [
                        -0.23016691561298275,
                        0.3912788929503328,
                        1.3915461756527956,
                        0.01862792781575504,
                        1.7367693236626534,
                        0.8498241846017132
                    ],
                    [
                        -0.004877539746513301,
                        -0.0028271169564432564,
                        0.01862792781575504,
                        1.0072449313049479,
                        -0.9257381796922387,
                        0.688176459115846
                    ],
                    [
                        -0.4121014058741439,
                        0.8773988948658444,
                        1.7367693236626534,
                        -0.9257381796922387,
                        4.390337267105647,
                        -0.008115403571983601
                    ],
                    [
                        0.06908946730159685,
                        -0.21210429609297748,
                        0.8498241846017132,
                        0.688176459115846,
                        -0.008115403571983601,
                        2.5508343771618636
                    ]
                ]
            },
            "est_tgt": [
                2,
                3,
                5
            ],
            "oracle_est_tgt": [
                2,
                3,
                5
            ]
        },
        "4": {
            "intv_type": "hard",
            "inode": 4,
            "new_mui": 1000,
            "new_vari": 1.0,
            "noise_type": "gaussian",
            "obs_noise_gamma_shape": null,
            "true_params": {
                "Si": [
                    [
                        1.0,
                        0.7735930948912058,
                        -0.2242773693687094,
                        -0.776604879551908,
                        0.0,
                        -0.4508915471190536
                    ],
                    [
                        0.7735930948912058,
                        1.598446276463354,
                        0.3911076507145441,
                        -0.2443428989699531,
                        0.0,
                        -0.36730296994539774
                    ],
                    [
                        -0.2242773693687094,
                        0.3911076507145441,
                        1.3690814875493578,
                        1.006714027221654,
                        0.0,
                        1.512070364881385
                    ],
                    [
                        -0.776604879551908,
                        -0.2443428989699531,
                        1.006714027221654,
                        2.1286924113863233,
                        0.0,
                        1.9144396176708818
                    ],
                    [
                        0.0,
                        0.0,
                        0.0,
                        0.0,
                        1.0,
                        0.0
                    ],
                    [
                        -0.4508915471190536,
                        -0.36730296994539774,
                        1.512070364881385,
                        1.9144396176708818,
                        0.0,
                        3.677665044219336
                    ]
                ],
                "mui": [
                    0.0,
                    0.0,
                    0.0,
                    0.0,
                    1000.0,
                    0.0
                ],
                "Ai": [
                    [
                        0.0,
                        0.0,
                        0.0,
                        0.0,
                        0.0,
                        0.0
                    ],
                    [
                        0.7735930948912058,
                        0.0,
                        0.0,
                        0.0,
                        0.0,
                        0.0
                    ],
                    [
                        -0.6610535039143027,
                        0.5646070749985421,
                        0.0,
                        0.0,
                        0.0,
                        0.0
                    ],
                    [
                        -0.6350198367259734,
                        0.0,
                        0.6312943799210096,
                        0.0,
                        0.0,
                        0.0
                    ],
                    [
                        0.0,
                        0.0,
                        0.0,
                        0.0,
                        0.0,
                        0.0
                    ],
                    [
                        0.9307506895983325,
                        -0.821022545908306,
                        0.9961785486549701,
                        0.6735530176434903,
                        0.0,
                        0.0
                    ]
                ]
            },
            "est_params": {
                "mui": [
                    0.010844967810305911,
                    0.006135557128879337,
                    -0.008392698389329321,
                    -0.015219520372149286,
                    999.9951223510315,
                    -0.009204500026367354
                ],
                "Si": [
                    [
                        0.9933068298017033,
                        0.757737329893705,
                        -0.24434149838158672,
                        -0.7828719486649313,
                        -0.006548793903878779,
                        -0.46501346027039775
                    ],
                    [
                        0.757737329893705,
                        1.588351130651607,
                        0.38644665738458195,
                        -0.24126862633012908,
                        -0.0019558210174383268,
                        -0.3635056575122234
                    ],
                    [
                        -0.24434149838158672,
                        0.38644665738458195,
                        1.36730984194982,
                        1.0204011383153968,
                        0.011280757773000596,
                        1.509523485696198
                    ],
                    [
                        -0.7828719486649313,
                        -0.24126862633012908,
                        1.0204011383153968,
                        2.136036413534191,
                        0.004107157641189386,
                        1.9142666292012043
                    ],
                    [
                        -0.006548793903878779,
                        -0.0019558210174383268,
                        0.011280757773000596,
                        0.004107157641189386,
                        1.0033748058732932,
                        0.015057852245892811
                    ],
                    [
                        -0.46501346027039775,
                        -0.3635056575122234,
                        1.509523485696198,
                        1.9142666292012043,
                        0.015057852245892811,
                        3.649792956575737
                    ]
                ]
            },
            "est_tgt": [
                4
            ],
            "oracle_est_tgt": [
                4
            ]
        },
        "5": {
            "intv_type": "hard",
            "inode": 5,
            "new_mui": 1000,
            "new_vari": 1.0,
            "noise_type": "gaussian",
            "obs_noise_gamma_shape": null,
            "true_params": {
                "Si": [
                    [
                        1.0,
                        0.7735930948912058,
                        -0.2242773693687094,
                        -0.776604879551908,
                        0.3057332941524386,
                        0.0
                    ],
                    [
                        0.7735930948912058,
                        1.598446276463354,
                        0.3911076507145441,
                        -0.2443428989699531,
                        1.0950299544185078,
                        0.0
                    ],
                    [
                        -0.2242773693687094,
                        0.3911076507145441,
                        1.3690814875493578,
                        1.006714027221654,
                        0.7756862273771337,
                        0.0
                    ],
                    [
                        -0.776604879551908,
                        -0.2443428989699531,
                        1.006714027221654,
                        2.1286924113863233,
                        -0.6393806093933161,
                        0.0
                    ],
                    [
                        0.3057332941524386,
                        1.0950299544185078,
                        0.7756862273771337,
                        -0.6393806093933161,
                        2.8338620909149874,
                        0.0
                    ],
                    [
                        0.0,
                        0.0,
                        0.0,
                        0.0,
                        0.0,
                        1.0
                    ]
                ],
                "mui": [
                    0.0,
                    0.0,
                    0.0,
                    0.0,
                    0.0,
                    1000.0
                ],
                "Ai": [
                    [
                        0.0,
                        0.0,
                        0.0,
                        0.0,
                        0.0,
                        0.0
                    ],
                    [
                        0.7735930948912058,
                        0.0,
                        0.0,
                        0.0,
                        0.0,
                        0.0
                    ],
                    [
                        -0.6610535039143027,
                        0.5646070749985421,
                        0.0,
                        0.0,
                        0.0,
                        0.0
                    ],
                    [
                        -0.6350198367259734,
                        0.0,
                        0.6312943799210096,
                        0.0,
                        0.0,
                        0.0
                    ],
                    [
                        -0.714433291091709,
                        0.6555232500343777,
                        0.9497405381846411,
                        -0.9349202587842553,
                        0.0,
                        0.0
                    ],
                    [
                        0.0,
                        0.0,
                        0.0,
                        0.0,
                        0.0,
                        0.0
                    ]
                ]
            },
            "est_params": {
                "mui": [
                    -0.0009601709408906385,
                    0.0026359259162354928,
                    -0.0020906047995092967,
                    0.0006386193213255454,
                    0.018816171824470106,
                    999.9941117774976
                ],
                "Si": [
                    [
                        0.977254394003371,
                        0.7754711310769694,
                        -0.20411923110861763,
                        -0.7575997323082513,
                        0.33810636067068217,
                        0.0032120595353109494
                    ],
                    [
                        0.7754711310769694,
                        1.6052549511619463,
                        0.39331186814763147,
                        -0.26101545361770306,
                        1.123208475337153,
                        -0.009224064327744334
                    ],
                    [
                        -0.20411923110861763,
                        0.39331186814763147,
                        1.3580564689158403,
                        0.9920697108449071,
                        0.7685453473579983,
                        -0.005332844807669543
                    ],
                    [
                        -0.7575997323082513,
                        -0.26101545361770306,
                        0.9920697108449071,
                        2.1259107019300294,
                        -0.6840686219371881,
                        -0.002953114170653009
                    ],
                    [
                        0.33810636067068217,
                        1.123208475337153,
                        0.7685453473579983,
                        -0.6840686219371881,
                        2.8680642013316935,
                        -0.008747415626461955
                    ],
                    [
                        0.0032120595353109494,
                        -0.009224064327744334,
                        -0.005332844807669543,
                        -0.002953114170653009,
                        -0.008747415626461955,
                        1.0080857262668064
                    ]
                ]
            },
            "est_tgt": [
                2,
                3,
                5
            ],
            "oracle_est_tgt": [
                2,
                3,
                5
            ]
        },
        "obs": {
            "intv_type": "obs",
            "noise_type": "gaussian",
            "obs_noise_gamma_shape": null,
            "true_params": {
                "Si": [
                    [
                        1.0,
                        0.7735930948912058,
                        -0.2242773693687094,
                        -0.776604879551908,
                        0.3057332941524386,
                        -0.4508915471190536
                    ],
                    [
                        0.7735930948912058,
                        1.598446276463354,
                        0.3911076507145441,
                        -0.2443428989699531,
                        1.0950299544185078,
                        -0.36730296994539774
                    ],
                    [
                        -0.2242773693687094,
                        0.3911076507145441,
                        1.3690814875493578,
                        1.006714027221654,
                        0.7756862273771337,
                        1.512070364881385
                    ],
                    [
                        -0.776604879551908,
                        -0.2443428989699531,
                        1.006714027221654,
                        2.1286924113863233,
                        -0.6393806093933161,
                        1.9144396176708818
                    ],
                    [
                        0.3057332941524386,
                        1.0950299544185078,
                        0.7756862273771337,
                        -0.6393806093933161,
                        2.8338620909149874,
                        -0.2724175653363871
                    ],
                    [
                        -0.4508915471190536,
                        -0.36730296994539774,
