{
    "expt_args": {
        "save_dir": "all_expt_logs/expt_logs_sim_compsel_backward_cameraready_new_mean_largerange",
        "exp_name": "209",
        "num_nodes": 6,
        "num_tgt_prior": 7,
        "obs_noise_mean": 0.0,
        "obs_noise_var": 1.0,
        "obs_noise_gamma_shape": null,
        "noise_type": "gaussian",
        "max_edge_strength": 1.0,
        "graph_sparsity_method": "adj_dense_prop",
        "adj_dense_prop": 0.8,
        "num_parents": null,
        "new_noise_mean": 1000,
        "mix_samples": 1024,
        "stage2_samples": 1024,
        "gmm_tol": 0.001,
        "intv_type": "hard",
        "new_noise_var": 1.0,
        "dtype": "simulation",
        "cutoff_drop_ratio": 0.07,
        "intv_targets": [
            0,
            1,
            2,
            3,
            4,
            5
        ]
    },
    "intv_args_dict": {
        "0": {
            "intv_type": "hard",
            "inode": 0,
            "new_mui": 1000,
            "new_vari": 1.0,
            "noise_type": "gaussian",
            "obs_noise_gamma_shape": null,
            "true_params": {
                "Si": [
                    [
                        1.0,
                        -0.9680001648411665,
                        0.8285975897897887,
                        1.8457296542669457,
                        3.6023447833823523,
                        5.182596426319
                    ],
                    [
                        -0.9680001648411665,
                        1.9370243191325254,
                        -1.6580717033873382,
                        -2.9584113485251677,
                        -5.77712571395155,
                        -9.127587972336215
                    ],
                    [
                        0.8285975897897887,
                        -1.6580717033873382,
                        2.419291304925376,
                        3.0998550192278165,
                        6.02726215296336,
                        9.921783652320755
                    ],
                    [
                        1.8457296542669457,
                        -2.9584113485251677,
                        3.0998550192278165,
                        6.101745357471497,
                        10.644476549058849,
                        16.941821118115122
                    ],
                    [
                        3.6023447833823523,
                        -5.77712571395155,
                        6.02726215296336,
                        10.644476549058849,
                        20.879510471100165,
                        32.28632597294233
                    ],
                    [
                        5.182596426319,
                        -9.127587972336215,
                        9.921783652320755,
                        16.941821118115122,
                        32.28632597294233,
                        52.00198144585076
                    ]
                ],
                "mui": [
                    1000.0,
                    -968.0001648411665,
                    828.5975897897887,
                    1845.7296542669458,
                    3602.3447833823525,
                    5182.596426319
                ],
                "Ai": [
                    [
                        0.0,
                        0.0,
                        0.0,
                        0.0,
                        0.0,
                        0.0
                    ],
                    [
                        -0.9680001648411665,
                        0.0,
                        0.0,
                        0.0,
                        0.0,
                        0.0
                    ],
                    [
                        -0.0,
                        -0.8559890998838295,
                        0.0,
                        0.0,
                        0.0,
                        0.0
                    ],
                    [
                        0.711480553818802,
                        -0.6859819225769059,
                        0.5674871519176523,
                        0.0,
                        0.0,
                        0.0
                    ],
                    [
                        0.8889000002410326,
                        -0.8849141390522011,
                        0.6859537131370917,
                        0.6980806502605014,
                        0.0,
                        0.0
                    ],
                    [
                        -0.6282011707856423,
                        -0.5129384781250651,
                        0.6701776297175928,
                        0.6857009636582023,
                        0.9697425161918554,
                        0.0
                    ]
                ]
            },
            "est_params": {
                "mui": [
                    1000.013012050995,
                    -967.8773413594491,
                    828.5683638946116,
                    1845.6234524082492,
                    3602.1010849251197,
                    5182.145471169253
                ],
                "Si": [
                    [
                        1.010188184838041,
                        -0.9853645163663287,
                        0.750476439617028,
                        1.9648964001399984,
                        3.7129139369975426,
                        5.321150500953427
                    ],
                    [
                        -0.9853645163663287,
                        1.897570083661022,
                        -1.608343386627022,
                        -3.110502036383375,
                        -5.844034244333875,
                        -9.390274470342794
                    ],
                    [
                        0.750476439617028,
                        -1.608343386627022,
                        2.3382595280518084,
                        3.1750848287033087,
                        5.897549927000967,
                        9.864885382012599
                    ],
                    [
                        1.9648964001399984,
                        -3.110502036383375,
                        3.1750848287033087,
                        6.9882395151490275,
                        11.56855558472539,
                        18.551417929806654
                    ],
                    [
                        3.7129139369975426,
                        -5.844034244333875,
                        5.897549927000967,
                        11.56855558472539,
                        21.701714619708763,
                        33.84243547998055
                    ],
                    [
                        5.321150500953427,
                        -9.390274470342794,
                        9.864885382012599,
                        18.551417929806654,
                        33.84243547998055,
                        55.028695527241716
                    ]
                ]
            },
            "est_tgt": [
                0,
                1,
                2
            ],
            "oracle_est_tgt": [
                0,
                1,
                2
            ]
        },
        "1": {
            "intv_type": "hard",
            "inode": 1,
            "new_mui": 1000,
            "new_vari": 1.0,
            "noise_type": "gaussian",
            "obs_noise_gamma_shape": null,
            "true_params": {
                "Si": [
                    [
                        1.0,
                        0.0,
                        0.0,
                        0.711480553818802,
                        1.3855708078985636,
                        1.2033086522055167
                    ],
                    [
                        0.0,
                        1.0,
                        -0.8559890998838295,
                        -1.171744738942535,
                        -2.290055369822717,
                        -4.110833777354182
                    ],
                    [
                        0.0,
                        -0.8559890998838295,
                        1.7327173391199286,
                        1.5704878762986858,
                        3.0423679478609245,
                        5.627496744619661
                    ],
                    [
                        0.711480553818802,
                        -1.171744738942535,
                        1.5704878762986858,
                        3.2012319792934276,
                        4.98132864323504,
                        8.232279914246382
                    ],
                    [
                        1.3855708078985636,
                        -2.290055369822717,
                        3.0423679478609245,
                        4.98132864323504,
                        9.822428996438793,
                        15.28409611360379
                    ],
                    [
                        1.2033086522055167,
                        -4.110833777354182,
                        5.627496744619661,
                        8.232279914246382,
                        15.28409611360379,
                        26.590627440228946
                    ]
                ],
                "mui": [
                    0.0,
                    1000.0,
                    -855.9890998838296,
                    -1171.7447389425352,
                    -2290.0553698227172,
                    -4110.8337773541825
                ],
                "Ai": [
                    [
                        0.0,
                        0.0,
                        0.0,
                        0.0,
                        0.0,
                        0.0
                    ],
                    [
                        0.0,
                        0.0,
                        0.0,
                        0.0,
                        0.0,
                        0.0
                    ],
                    [
                        -0.0,
                        -0.8559890998838295,
                        0.0,
                        0.0,
                        0.0,
                        0.0
                    ],
                    [
                        0.711480553818802,
                        -0.6859819225769059,
                        0.5674871519176523,
                        0.0,
                        0.0,
                        0.0
                    ],
                    [
                        0.8889000002410326,
                        -0.8849141390522011,
                        0.6859537131370917,
                        0.6980806502605014,
                        0.0,
                        0.0
                    ],
                    [
                        -0.6282011707856423,
                        -0.5129384781250651,
                        0.6701776297175928,
                        0.6857009636582023,
                        0.9697425161918554,
                        0.0
                    ]
                ]
            },
            "est_params": {
                "mui": [
                    0.05690268362134881,
                    999.9605158114649,
                    -856.0454876404906,
                    -1171.7933826361148,
                    -2290.120897571235,
                    -4110.996973837418
                ],
                "Si": [
                    [
                        0.8953243785163814,
                        0.10040962719153324,
                        -0.06451966839568941,
                        0.5617774223505299,
                        1.029518812642867,
                        0.831161861948815
                    ],
                    [
                        0.10040962719153324,
                        1.0703949050561565,
                        -0.857377979404687,
                        -1.3015011332509083,
                        -2.4428383935782683,
                        -4.349771434277049
                    ],
                    [
                        -0.06451966839568941,
                        -0.857377979404687,
                        1.5382994353974047,
                        1.5344109323074553,
                        2.9148498451087224,
                        5.366938184659518
                    ],
                    [
                        0.5617774223505299,
                        -1.3015011332509083,
                        1.5344109323074553,
                        3.3275751606265125,
                        5.142725988041108,
                        8.526963213543242
                    ],
                    [
                        1.029518812642867,
                        -2.4428383935782683,
                        2.9148498451087224,
                        5.142725988041108,
                        9.791550492289725,
                        15.500407695431134
                    ],
                    [
                        0.831161861948815,
                        -4.349771434277049,
                        5.366938184659518,
                        8.526963213543242,
                        15.500407695431134,
                        26.952627819896644
                    ]
                ]
            },
            "est_tgt": [
                1,
                3,
                5
            ],
            "oracle_est_tgt": [
                1,
                3,
                5
            ]
        },
        "2": {
            "intv_type": "hard",
            "inode": 2,
            "new_mui": 1000,
            "new_vari": 1.0,
            "noise_type": "gaussian",
            "obs_noise_gamma_shape": null,
            "true_params": {
                "Si": [
                    [
                        1.0,
                        -0.9680001648411665,
                        0.0,
                        1.3755111679513072,
                        2.7057147632778724,
                        3.4353593366181627
                    ],
                    [
                        -0.9680001648411665,
                        1.9370243191325254,
                        0.0,
                        -2.017476959894637,
                        -3.9829171824977943,
                        -5.631265495370322
                    ],
                    [
                        0.0,
                        0.0,
                        1.0,
                        0.5674871519176523,
                        1.0821055131622463,
                        2.108667839770211
                    ],
                    [
                        1.3755111679513072,
                        -2.017476959894637,
                        0.5674871519176523,
                        3.6846438388526863,
                        5.969434250566414,
                        8.866439051117021
                    ],
                    [
                        2.7057147632778724,
                        -3.9829171824977943,
                        1.0821055131622463,
                        5.969434250566414,
                        11.839070421278592,
                        16.642557961711788
                    ],
                    [
                        3.4353593366181627,
                        -5.631265495370322,
                        2.108667839770211,
                        8.866439051117021,
                        16.642557961711788,
                        25.362299845726287
                    ]
                ],
                "mui": [
                    0.0,
                    0.0,
                    1000.0,
                    567.4871519176523,
                    1082.1055131622463,
                    2108.6678397702112
                ],
                "Ai": [
                    [
                        0.0,
                        0.0,
                        0.0,
                        0.0,
                        0.0,
                        0.0
                    ],
                    [
                        -0.9680001648411665,
                        0.0,
                        0.0,
                        0.0,
                        0.0,
                        0.0
                    ],
                    [
                        0.0,
                        0.0,
                        0.0,
                        0.0,
                        0.0,
                        0.0
                    ],
                    [
                        0.711480553818802,
                        -0.6859819225769059,
                        0.5674871519176523,
                        0.0,
                        0.0,
                        0.0
                    ],
                    [
                        0.8889000002410326,
                        -0.8849141390522011,
                        0.6859537131370917,
                        0.6980806502605014,
                        0.0,
                        0.0
                    ],
                    [
                        -0.6282011707856423,
                        -0.5129384781250651,
                        0.6701776297175928,
                        0.6857009636582023,
                        0.9697425161918554,
                        0.0
                    ]
                ]
            },
            "est_params": {
                "mui": [
                    0.01646797162678119,
                    -0.05319420572562092,
                    999.963685414667,
                    567.4859370540615,
                    1081.9427842662883,
                    2108.414177331593
                ],
                "Si": [
                    [
                        1.1927300043035143,
                        -1.2309764845467166,
                        0.00266712582106417,
                        1.7753983765027215,
                        3.3822040160227433,
                        4.334033760699302
                    ],
                    [
                        -1.2309764845467166,
                        2.381153629366052,
                        0.00831016231990331,
                        -2.544502572686067,
                        -4.96120557836941,
                        -6.935433871583076
                    ],
                    [
                        0.00266712582106417,
                        0.00831016231990331,
                        0.8986802436301523,
                        0.5000708663470732,
                        0.9410897229331353,
                        1.8609898573696888
                    ],
                    [
                        1.7753983765027215,
                        -2.544502572686067,
                        0.5000708663470732,
                        4.249947089285527,
                        7.090329314732878,
                        10.252228023317024
                    ],
                    [
                        3.3822040160227433,
                        -4.96120557836941,
                        0.9410897229331353,
                        7.090329314732878,
                        13.838785525829001,
                        19.247286045486717
                    ],
                    [
                        4.334033760699302,
                        -6.935433871583076,
                        1.8609898573696888,
                        10.252228023317024,
                        19.247286045486717,
                        28.534919603341034
                    ]
                ]
            },
            "est_tgt": [
                2,
                3,
                5
            ],
            "oracle_est_tgt": [
                2,
                3,
                5
            ]
        },
        "3": {
            "intv_type": "hard",
            "inode": 3,
            "new_mui": 1000,
            "new_vari": 1.0,
            "noise_type": "gaussian",
            "obs_noise_gamma_shape": null,
            "true_params": {
                "Si": [
                    [
                        1.0,
                        -0.9680001648411665,
                        0.8285975897897887,
                        0.0,
                        2.3138766261265924,
                        2.6674954708853513
                    ],
                    [
                        -0.9680001648411665,
                        1.9370243191325254,
                        -1.6580717033873382,
                        0.0,
                        -3.7119159960350543,
                        -5.0962807914389305
                    ],
                    [
                        0.8285975897897887,
                        -1.6580717033873382,
                        2.419291304925376,
                        0.0,
                        3.8633133454275264,
                        5.697736916905363
                    ],
                    [
                        0.0,
                        0.0,
                        0.0,
                        1.0,
                        0.6980806502605014,
                        1.3626594499466675
                    ],
                    [
                        2.3138766261265924,
                        -3.7119159960350543,
                        3.8633133454275264,
                        0.6980806502605014,
                        9.478902609963317,
                        12.710280159361155
                    ],
                    [
                        2.6674954708853513,
                        -5.0962807914389305,
                        5.697736916905363,
                        1.3626594499466675,
                        12.710280159361155,
                        19.01692651831786
                    ]
                ],
                "mui": [
                    0.0,
                    0.0,
                    0.0,
                    1000.0,
                    698.0806502605013,
                    1362.6594499466676
                ],
                "Ai": [
                    [
                        0.0,
                        0.0,
                        0.0,
                        0.0,
                        0.0,
                        0.0
                    ],
                    [
                        -0.9680001648411665,
                        0.0,
                        0.0,
                        0.0,
                        0.0,
                        0.0
                    ],
                    [
                        -0.0,
                        -0.8559890998838295,
                        0.0,
                        0.0,
                        0.0,
                        0.0
                    ],
                    [
                        0.0,
                        0.0,
                        0.0,
                        0.0,
                        0.0,
                        0.0
                    ],
                    [
                        0.8889000002410326,
                        -0.8849141390522011,
                        0.6859537131370917,
                        0.6980806502605014,
                        0.0,
                        0.0
                    ],
                    [
                        -0.6282011707856423,
                        -0.5129384781250651,
                        0.6701776297175928,
                        0.6857009636582023,
                        0.9697425161918554,
                        0.0
                    ]
                ]
            },
            "est_params": {
                "mui": [
                    0.07872108356994897,
                    -0.06871156331490205,
                    0.10230015821398149,
                    999.9344578092015,
                    698.2159829919166,
                    1362.6924705483411
                ],
                "Si": [
                    [
                        1.2098993159198324,
                        -1.1458606496620258,
                        0.9888835344607864,
                        -0.06910683032208198,
                        2.5745631368983015,
                        3.001899343905136
                    ],
                    [
                        -1.1458606496620258,
                        2.0469778318851968,
                        -1.7757529282601396,
                        0.009390773542345191,
                        -3.903956746129101,
                        -5.411934717133092
                    ],
                    [
                        0.9888835344607864,
                        -1.7757529282601396,
                        2.558392766029228,
                        0.09863591619937746,
                        4.1587154407567875,
                        6.255257604301518
                    ],
                    [
                        -0.06910683032208198,
                        0.009390773542345191,
                        0.09863591619937746,
                        0.9999570622528996,
                        0.7522218568120358,
                        1.5706654848331336
                    ],
                    [
                        2.5745631368983015,
                        -3.903956746129101,
                        4.1587154407567875,
                        0.7522218568120358,
                        9.826020497080465,
                        13.515807566422481
                    ],
                    [
                        3.001899343905136,
                        -5.411934717133092,
                        6.255257604301518,
                        1.5706654848331336,
                        13.515807566422481,
                        20.525152420782806
                    ]
                ]
            },
            "est_tgt": [
                2,
                3,
                4,
                5
            ],
            "oracle_est_tgt": [
                2,
                3,
                5
            ]
        },
        "4": {
            "intv_type": "hard",
            "inode": 4,
            "new_mui": 1000,
            "new_vari": 1.0,
            "noise_type": "gaussian",
            "obs_noise_gamma_shape": null,
            "true_params": {
                "Si": [
                    [
                        1.0,
                        -0.9680001648411665,
                        0.8285975897897887,
                        1.8457296542669457,
                        0.0,
                        1.6892495318911938
                    ],
                    [
                        -0.9680001648411665,
                        1.9370243191325254,
                        -1.6580717033873382,
                        -2.9584113485251677,
                        0.0,
                        -3.5252635461321695
                    ],
                    [
                        0.8285975897897887,
                        -1.6580717033873382,
                        2.419291304925376,
                        3.0998550192278165,
                        0.0,
                        4.076891286358128
                    ],
                    [
                        1.8457296542669457,
                        -2.9584113485251677,
                        3.0998550192278165,
                        6.101745357471497,
                        0.0,
                        6.619419645885596
                    ],
                    [
                        0.0,
                        0.0,
                        0.0,
                        0.0,
                        1.0,
                        0.9697425161918554
                    ],
                    [
                        1.6892495318911938,
                        -3.5252635461321695,
                        4.076891286358128,
                        6.619419645885596,
                        0.9697425161918554,
                        9.958639101319358
                    ]
                ],
                "mui": [
                    0.0,
                    0.0,
                    0.0,
                    0.0,
                    1000.0,
                    969.7425161918553
                ],
                "Ai": [
                    [
                        0.0,
                        0.0,
                        0.0,
                        0.0,
                        0.0,
                        0.0
                    ],
                    [
                        -0.9680001648411665,
                        0.0,
                        0.0,
                        0.0,
                        0.0,
                        0.0
                    ],
                    [
                        -0.0,
                        -0.8559890998838295,
                        0.0,
                        0.0,
                        0.0,
                        0.0
                    ],
                    [
                        0.711480553818802,
                        -0.6859819225769059,
                        0.5674871519176523,
                        0.0,
                        0.0,
                        0.0
                    ],
                    [
                        0.0,
                        0.0,
                        0.0,
                        0.0,
                        0.0,
                        0.0
                    ],
                    [
                        -0.6282011707856423,
                        -0.5129384781250651,
                        0.6701776297175928,
                        0.6857009636582023,
                        0.9697425161918554,
                        0.0
                    ]
                ]
            },
            "est_params": {
                "mui": [
                    -0.009211035338534483,
                    -0.0198571528967231,
                    0.0162711043372208,
                    0.013678574987131079,
                    999.7864564942337,
                    969.4510918156718
                ],
                "Si": [
                    [
                        1.0811513741651246,
                        -1.013767771074745,
                        0.8434105519072818,
                        2.0706819362157276,
                        -0.03875922345795595,
                        1.8474482891970772
                    ],
                    [
                        -1.013767771074745,
                        2.077750195986741,
                        -1.7237217815984336,
                        -3.3684693862291812,
                        0.14479089951805393,
                        -3.8272080389432794
                    ],
                    [
                        0.8434105519072818,
                        -1.7237217815984336,
                        2.3596703119541993,
                        3.345470824707786,
                        -0.20565667549282443,
                        4.110709990016601
                    ],
                    [
                        2.0706819362157276,
                        -3.3684693862291812,
                        3.345470824707786,
                        7.199074199478327,
                        -0.10290130007297972,
                        7.649161799351716
                    ],
                    [
                        -0.03875922345795595,
                        0.14479089951805393,
                        -0.20565667549282443,
                        -0.10290130007297972,
                        1.0410417033027988,
                        0.7294473854231802
                    ],
                    [
                        1.8474482891970772,
                        -3.8272080389432794,
                        4.110709990016601,
                        7.649161799351716,
                        0.7294473854231802,
                        10.572865080277813
                    ]
                ]
            },
            "est_tgt": [
                2,
                4,
                5
            ],
            "oracle_est_tgt": [
                2,
                4,
                5
            ]
        },
        "5": {
            "intv_type": "hard",
            "inode": 5,
            "new_mui": 1000,
            "new_vari": 1.0,
            "noise_type": "gaussian",
            "obs_noise_gamma_shape": null,
            "true_params": {
                "Si": [
                    [
                        1.0,
                        -0.9680001648411665,
                        0.8285975897897887,
                        1.8457296542669457,
                        3.6023447833823523,
                        0.0
                    ],
                    [
                        -0.9680001648411665,
                        1.9370243191325254,
                        -1.6580717033873382,
                        -2.9584113485251677,
                        -5.77712571395155,
                        0.0
                    ],
                    [
                        0.8285975897897887,
                        -1.6580717033873382,
                        2.419291304925376,
                        3.0998550192278165,
                        6.02726215296336,
                        0.0
                    ],
                    [
                        1.8457296542669457,
                        -2.9584113485251677,
                        3.0998550192278165,
                        6.101745357471497,
                        10.644476549058849,
                        0.0
                    ],
                    [
                        3.6023447833823523,
                        -5.77712571395155,
                        6.02726215296336,
                        10.644476549058849,
                        20.879510471100165,
                        0.0
                    ],
                    [
                        0.0,
                        0.0,
                        0.0,
                        0.0,
                        0.0,
                        1.0
                    ]
                ],
                "mui": [
                    0.0,
                    0.0,
                    0.0,
                    0.0,
                    0.0,
                    1000.0
                ],
                "Ai": [
                    [
                        0.0,
                        0.0,
                        0.0,
                        0.0,
                        0.0,
                        0.0
                    ],
                    [
                        -0.9680001648411665,
                        0.0,
                        0.0,
                        0.0,
                        0.0,
                        0.0
                    ],
                    [
                        -0.0,
                        -0.8559890998838295,
                        0.0,
                        0.0,
                        0.0,
                        0.0
                    ],
                    [
                        0.711480553818802,
                        -0.6859819225769059,
                        0.5674871519176523,
                        0.0,
                        0.0,
                        0.0
                    ],
                    [
                        0.8889000002410326,
                        -0.8849141390522011,
                        0.6859537131370917,
                        0.6980806502605014,
                        0.0,
                        0.0
                    ],
                    [
                        0.0,
                        0.0,
                        0.0,
                        0.0,
                        0.0,
                        0.0
                    ]
                ]
            },
            "est_params": {
                "mui": [
                    -0.01803039689023167,
                    0.05092799762454569,
                    -0.18898774859241868,
                    -0.18683929509755112,
                    -0.2789402701886051,
                    999.9666546164515
                ],
                "Si": [
                    [
                        1.151919416938377,
                        -1.2393835812674707,
                        1.0468097302376418,
                        2.054880724736548,
                        4.197549885271042,
                        0.035806099026974104
                    ],
                    [
                        -1.2393835812674707,
                        2.261291341843399,
                        -1.821318076140245,
                        -3.3919355325774734,
                        -6.6527219274824825,
                        0.018169951059492918
                    ],
                    [
                        1.0468097302376418,
                        -1.821318076140245,
                        2.6010873689213714,
                        3.366605379488657,
                        6.664145996788303,
                        0.004833603710119542
                    ],
                    [
                        2.054880724736548,
                        -3.3919355325774734,
                        3.366605379488657,
                        6.157659215756831,
                        11.311486273875381,
                        0.022580014488890847
                    ],
                    [
                        4.197549885271042,
                        -6.6527219274824825,
                        6.664145996788303,
                        11.311486273875381,
                        22.87089174103877,
                        -0.020988206718601427
                    ],
                    [
                        0.035806099026974104,
                        0.018169951059492918,
                        0.004833603710119542,
                        0.022580014488890847,
                        -0.020988206718601427,
                        0.9541214274026417
                    ]
                ]
            },
            "est_tgt": [
                2,
                4,
                5
            ],
            "oracle_est_tgt": [
                2,
                4,
                5
            ]
        },
        "obs": {
            "intv_type": "obs",
            "noise_type": "gaussian",
            "obs_noise_gamma_shape": null,
            "true_params": {
                "Si": [
                    [
                        1.0,
                        -0.9680001648411665,
                        0.8285975897897887,
                        1.8457296542669457,
                        3.6023447833823523,
                        5.182596426319
                    ],
                    [
                        -0.9680001648411665,
                        1.9370243191325254,
                        -1.6580717033873382,
                        -2.9584113485251677,
                        -5.77712571395155,
                        -9.127587972336215
                    ],
                    [
                        0.8285975897897887,
                        -1.6580717033873382,
                        2.419291304925376,
                        3.0998550192278165,
                        6.02726215296336,
                        9.921783652320755
                    ],
                    [
                        1.8457296542669457,
                        -2.9584113485251677,
                        3.0998550192278165,
                        6.101745357471497,
                        10.644476549058849,
                        16.941821118115122
                    ],
                    [
                        3.6023447833823523,
                        -5.77712571395155,
                        6.02726215296336,
                        10.644476549058849,
                        20.879510471100165,
                        32.28632597294233
                    ],
                    [
