{
    "expt_args": {
        "save_dir": "all_expt_logs/expt_logs_sim_compsel_backward_cameraready_new_mean_largerange",
        "exp_name": "42",
        "num_nodes": 6,
        "num_tgt_prior": 7,
        "obs_noise_mean": 0.0,
        "obs_noise_var": 1.0,
        "obs_noise_gamma_shape": null,
        "noise_type": "gaussian",
        "max_edge_strength": 1.0,
        "graph_sparsity_method": "adj_dense_prop",
        "adj_dense_prop": 0.8,
        "num_parents": null,
        "new_noise_mean": 1000,
        "mix_samples": 524288,
        "stage2_samples": 524288,
        "gmm_tol": 0.001,
        "intv_type": "hard",
        "new_noise_var": 1.0,
        "dtype": "simulation",
        "cutoff_drop_ratio": 0.07,
        "intv_targets": [
            0,
            1,
            2,
            3,
            4,
            5
        ]
    },
    "intv_args_dict": {
        "0": {
            "intv_type": "hard",
            "inode": 0,
            "new_mui": 1000,
            "new_vari": 1.0,
            "noise_type": "gaussian",
            "obs_noise_gamma_shape": null,
            "true_params": {
                "Si": [
                    [
                        1.0,
                        0.0,
                        0.6721013467435509,
                        -0.11050363807201763,
                        0.5047628189468181,
                        -0.4258377271459153
                    ],
                    [
                        0.0,
                        1.0,
                        0.0,
                        0.588116543616793,
                        0.3371587492326913,
                        -0.664868744406613
                    ],
                    [
                        0.6721013467435509,
                        0.0,
                        1.451720220294495,
                        0.5999807321091731,
                        -0.9487332782229314,
                        0.16624483959821545
                    ],
                    [
                        -0.11050363807201763,
                        0.588116543616793,
                        0.5999807321091731,
                        1.8127056925434815,
                        -1.657120067784407,
                        1.2649902336767131
                    ],
                    [
                        0.5047628189468181,
                        0.3371587492326913,
                        -0.9487332782229314,
                        -1.657120067784407,
                        3.8945119509630683,
                        -3.012048445196971
                    ],
                    [
                        -0.4258377271459153,
                        -0.664868744406613,
                        0.16624483959821545,
                        1.2649902336767131,
                        -3.012048445196971,
                        4.130395322659595
                    ]
                ],
                "mui": [
                    1000.0,
                    0.0,
                    672.101346743551,
                    -110.50363807201762,
                    504.7628189468181,
                    -425.83772714591527
                ],
                "Ai": [
                    [
                        0.0,
                        0.0,
                        0.0,
                        0.0,
                        0.0,
                        0.0
                    ],
                    [
                        -0.0,
                        0.0,
                        0.0,
                        0.0,
                        0.0,
                        0.0
                    ],
                    [
                        0.6721013467435509,
                        -0.0,
                        0.0,
                        0.0,
                        0.0,
                        0.0
                    ],
                    [
                        -0.5636682238760095,
                        0.588116543616793,
                        0.6742503760774381,
                        0.0,
                        0.0,
                        0.0
                    ],
                    [
                        0.8455279741227122,
                        0.8848165061271023,
                        -0.66011893508566,
                        -0.9312061747599056,
                        0.0,
                        0.0
                    ],
                    [
                        0.6611561751573276,
                        -0.7450933572345018,
                        -0.9389460262620006,
                        0.5812766090182492,
                        -0.7759958119095007,
                        0.0
                    ]
                ]
            },
            "est_params": {
                "mui": [
                    1000.001018944145,
                    -0.0037981776983618027,
                    672.1073256217878,
                    -110.50520872034772,
                    504.7549475098417,
                    -425.83733597796316
                ],
                "Si": [
                    [
                        0.9927131176440996,
                        -0.0030248211073090306,
                        0.6668460405208304,
                        -0.11820270435703369,
                        0.5038415672334002,
                        -0.4254341418562123
                    ],
                    [
                        -0.0030248211073090306,
                        0.9948987932776143,
                        0.0012542308114633833,
                        0.5901239676760653,
                        0.3286593147331075,
                        -0.6529003619871051
                    ],
                    [
                        0.6668460405208304,
                        0.0012542308114633833,
                        1.4496581329233706,
                        0.5899465148614927,
                        -0.9454165672418091,
                        0.15242908900517832
                    ],
                    [
                        -0.11820270435703369,
                        0.5901239676760653,
                        0.5899465148614927,
                        1.8146960880940823,
                        -1.6637993636089488,
                        1.2769232488111668
                    ],
                    [
                        0.5038415672334002,
                        0.3286593147331075,
                        -0.9454165672418091,
                        -1.6637993636089488,
                        3.890688414871331,
                        -3.010166785124582
                    ],
                    [
                        -0.4254341418562123,
                        -0.6529003619871051,
                        0.15242908900517832,
                        1.2769232488111668,
                        -3.010166785124582,
                        4.138180826373131
                    ]
                ]
            },
            "est_tgt": [
                0
            ],
            "oracle_est_tgt": [
                0
            ]
        },
        "1": {
            "intv_type": "hard",
            "inode": 1,
            "new_mui": 1000,
            "new_vari": 1.0,
            "noise_type": "gaussian",
            "obs_noise_gamma_shape": null,
            "true_params": {
                "Si": [
                    [
                        1.0,
                        0.0,
                        0.6721013467435509,
                        -0.11050363807201763,
                        0.5047628189468181,
                        -0.4258377271459153
                    ],
                    [
                        0.0,
                        1.0,
                        0.0,
                        0.588116543616793,
                        0.3371587492326913,
                        -0.664868744406613
                    ],
                    [
                        0.6721013467435509,
                        0.0,
                        1.451720220294495,
                        0.5999807321091731,
                        -0.9487332782229314,
                        0.16624483959821545
                    ],
                    [
                        -0.11050363807201763,
                        0.588116543616793,
                        0.5999807321091731,
                        1.8127056925434815,
                        -1.657120067784407,
                        1.2649902336767131
                    ],
                    [
                        0.5047628189468181,
                        0.3371587492326913,
                        -0.9487332782229314,
                        -1.657120067784407,
                        3.8945119509630683,
                        -3.012048445196971
                    ],
                    [
                        -0.4258377271459153,
                        -0.664868744406613,
                        0.16624483959821545,
                        1.2649902336767131,
                        -3.012048445196971,
                        4.130395322659595
                    ]
                ],
                "mui": [
                    0.0,
                    1000.0,
                    0.0,
                    588.116543616793,
                    337.15874923269126,
                    -664.868744406613
                ],
                "Ai": [
                    [
                        0.0,
                        0.0,
                        0.0,
                        0.0,
                        0.0,
                        0.0
                    ],
                    [
                        0.0,
                        0.0,
                        0.0,
                        0.0,
                        0.0,
                        0.0
                    ],
                    [
                        0.6721013467435509,
                        -0.0,
                        0.0,
                        0.0,
                        0.0,
                        0.0
                    ],
                    [
                        -0.5636682238760095,
                        0.588116543616793,
                        0.6742503760774381,
                        0.0,
                        0.0,
                        0.0
                    ],
                    [
                        0.8455279741227122,
                        0.8848165061271023,
                        -0.66011893508566,
                        -0.9312061747599056,
                        0.0,
                        0.0
                    ],
                    [
                        0.6611561751573276,
                        -0.7450933572345018,
                        -0.9389460262620006,
                        0.5812766090182492,
                        -0.7759958119095007,
                        0.0
                    ]
                ]
            },
            "est_params": {
                "mui": [
                    0.003201933252019149,
                    999.997699119623,
                    0.009466781728743028,
                    588.1225475927805,
                    337.142944001912,
                    -664.8622285755615
                ],
                "Si": [
                    [
                        0.997282171702848,
                        0.0036990465252894045,
                        0.6713435367946041,
                        -0.1048248903795045,
                        0.4967673129175771,
                        -0.4139303823745097
                    ],
                    [
                        0.0036990465252894045,
                        0.9970540111993353,
                        -0.002228997911288198,
                        0.5917266373343262,
                        0.3398474413306635,
                        -0.6597696136733608
                    ],
                    [
                        0.6713435367946041,
                        -0.002228997911288198,
                        1.4539682995296646,
                        0.6039306542352527,
                        -0.9605621684142056,
                        0.17496779294279477
                    ],
                    [
                        -0.1048248903795045,
                        0.5917266373343262,
                        0.6039306542352527,
                        1.8213772046254642,
                        -1.6576239769155372,
                        1.2620664030763862
                    ],
                    [
                        0.4967673129175771,
                        0.3398474413306635,
                        -0.9605621684142056,
                        -1.6576239769155372,
                        3.9039714368077942,
                        -3.007875896929765
                    ],
                    [
                        -0.4139303823745097,
                        -0.6597696136733608,
                        0.17496779294279477,
                        1.2620664030763862,
                        -3.007875896929765,
                        4.115704098525235
                    ]
                ]
            },
            "est_tgt": [
                1
            ],
            "oracle_est_tgt": [
                1
            ]
        },
        "2": {
            "intv_type": "hard",
            "inode": 2,
            "new_mui": 1000,
            "new_vari": 1.0,
            "noise_type": "gaussian",
            "obs_noise_gamma_shape": null,
            "true_params": {
                "Si": [
                    [
                        1.0,
                        0.0,
                        0.0,
                        -0.5636682238760095,
                        1.370419304712001,
                        -0.7299306196451011
                    ],
                    [
                        0.0,
                        1.0,
                        0.0,
                        0.588116543616793,
                        0.3371587492326913,
                        -0.664868744406613
                    ],
                    [
                        0.0,
                        0.0,
                        1.0,
                        0.6742503760774381,
                        -1.287985048623159,
                        0.4524509495071979
                    ],
                    [
                        -0.5636682238760095,
                        0.588116543616793,
                        0.6742503760774381,
                        2.118216505123865,
                        -2.373803755379706,
                        1.6293723115268395
                    ],
                    [
                        1.370419304712001,
                        0.3371587492326913,
                        -1.287985048623159,
                        -2.373803755379706,
                        5.5177755182992545,
                        -3.797412405890932
                    ],
                    [
                        -0.7299306196451011,
                        -0.664868744406613,
                        0.4524509495071979,
                        1.6293723115268395,
                        -3.797412405890932,
                        4.4818562622942775
                    ]
                ],
                "mui": [
                    0.0,
                    0.0,
                    1000.0,
                    674.2503760774381,
                    -1287.985048623159,
                    452.4509495071979
                ],
                "Ai": [
                    [
                        0.0,
                        0.0,
                        0.0,
                        0.0,
                        0.0,
                        0.0
                    ],
                    [
                        -0.0,
                        0.0,
                        0.0,
                        0.0,
                        0.0,
                        0.0
                    ],
                    [
                        0.0,
                        0.0,
                        0.0,
                        0.0,
                        0.0,
                        0.0
                    ],
                    [
                        -0.5636682238760095,
                        0.588116543616793,
                        0.6742503760774381,
                        0.0,
                        0.0,
                        0.0
                    ],
                    [
                        0.8455279741227122,
                        0.8848165061271023,
                        -0.66011893508566,
                        -0.9312061747599056,
                        0.0,
                        0.0
                    ],
                    [
                        0.6611561751573276,
                        -0.7450933572345018,
                        -0.9389460262620006,
                        0.5812766090182492,
                        -0.7759958119095007,
                        0.0
                    ]
                ]
            },
            "est_params": {
                "mui": [
                    0.001954217140065184,
                    -0.0026686751182561164,
                    1000.0025067038639,
                    674.2543249038815,
                    -1287.9946059278277,
                    452.4593975467815
                ],
                "Si": [
                    [
                        0.9962349119181296,
                        0.00510969387764056,
                        0.003215464715280254,
                        -0.5547741080362606,
                        1.359616515161159,
                        -0.7258283805972
                    ],
                    [
                        0.00510969387764056,
                        1.000907212003126,
                        -0.001908041062080503,
                        0.5885123900932538,
                        0.341685893363818,
                        -0.662935673467796
                    ],
                    [
                        0.003215464715280254,
                        -0.001908041062080503,
                        1.0063827885883008,
                        0.6799150641339893,
                        -1.2957966743665812,
                        0.46461750503088106
                    ],
                    [
                        -0.5547741080362606,
                        0.5885123900932538,
                        0.6799150641339893,
                        2.1276321173335373,
                        -2.376615134621051,
                        1.6382447458554996
                    ],
                    [
                        1.359616515161159,
                        0.341685893363818,
                        -1.2957966743665812,
                        -2.376615134621051,
                        5.516620504771587,
                        -3.8082472180977662
                    ],
                    [
                        -0.7258283805972,
                        -0.662935673467796,
                        0.46461750503088106,
                        1.6382447458554996,
                        -3.8082472180977662,
                        4.470291832461991
                    ]
                ]
            },
            "est_tgt": [
                2
            ],
            "oracle_est_tgt": [
                2
            ]
        },
        "3": {
            "intv_type": "hard",
            "inode": 3,
            "new_mui": 1000,
            "new_vari": 1.0,
            "noise_type": "gaussian",
            "obs_noise_gamma_shape": null,
            "true_params": {
                "Si": [
                    [
                        1.0,
                        0.0,
                        0.6721013467435509,
                        0.0,
                        0.40186114884072144,
                        -0.2817532820824089
                    ],
                    [
                        0.0,
                        1.0,
                        0.0,
                        0.0,
                        0.8848165061271023,
                        -1.4317072602975303
                    ],
                    [
                        0.6721013467435509,
                        0.0,
                        1.451720220294495,
                        0.0,
                        -0.39002751574590055,
                        -0.6160632576103715
                    ],
                    [
                        0.0,
                        0.0,
                        0.0,
                        1.0,
                        -0.9312061747599056,
                        1.3038887006562025
                    ],
                    [
                        0.40186114884072144,
                        0.8848165061271023,
                        -0.39002751574590055,
                        -0.9312061747599056,
                        3.2472945808321585,
                        -3.0885384972558967
                    ],
                    [
                        -0.2817532820824089,
                        -1.4317072602975303,
                        -0.6160632576103715,
                        1.3038887006562025,
                        -3.0885384972558967,
                        5.613535735738237
                    ]
                ],
                "mui": [
                    0.0,
                    0.0,
                    0.0,
                    1000.0,
                    -931.2061747599056,
                    1303.8887006562024
                ],
                "Ai": [
                    [
                        0.0,
                        0.0,
                        0.0,
                        0.0,
                        0.0,
                        0.0
                    ],
                    [
                        -0.0,
                        0.0,
                        0.0,
                        0.0,
                        0.0,
                        0.0
                    ],
                    [
                        0.6721013467435509,
                        -0.0,
                        0.0,
                        0.0,
                        0.0,
                        0.0
                    ],
                    [
                        0.0,
                        0.0,
                        0.0,
                        0.0,
                        0.0,
                        0.0
                    ],
                    [
                        0.8455279741227122,
                        0.8848165061271023,
                        -0.66011893508566,
                        -0.9312061747599056,
                        0.0,
                        0.0
                    ],
                    [
                        0.6611561751573276,
                        -0.7450933572345018,
                        -0.9389460262620006,
                        0.5812766090182492,
                        -0.7759958119095007,
                        0.0
                    ]
                ]
            },
            "est_params": {
                "mui": [
                    0.004628785831653815,
                    -0.004658936395963805,
                    0.007421441405325412,
                    999.9958748661264,
                    -931.2107184621796,
                    1303.8898657116317
                ],
                "Si": [
                    [
                        0.9966745965466457,
                        0.00038133456647497445,
                        0.6679381853726268,
                        0.003511725089243833,
                        0.39607631659536835,
                        -0.27751872430575003
                    ],
                    [
                        0.00038133456647497445,
                        1.003001092584897,
                        -0.0018136034941369033,
                        -0.005697581626542931,
                        0.899810621214179,
                        -1.4387368661872768
                    ],
                    [
                        0.6679381853726268,
                        -0.0018136034941369033,
                        1.4457519849913198,
                        0.003904804309996596,
                        -0.39811547198613517,
                        -0.608082636582054
                    ],
                    [
                        0.003511725089243833,
                        -0.005697581626542931,
                        0.003904804309996596,
                        1.001860642977932,
                        -0.9357057330929228,
                        1.3111682613104718
                    ],
                    [
                        0.39607631659536835,
                        0.899810621214179,
                        -0.39811547198613517,
                        -0.9357057330929228,
                        3.2707328155967343,
                        -3.09895347366172
                    ],
                    [
                        -0.27751872430575003,
                        -1.4387368661872768,
                        -0.608082636582054,
                        1.3111682613104718,
                        -3.09895347366172,
                        5.611468515988346
                    ]
                ]
            },
            "est_tgt": [
                3,
                4
            ],
            "oracle_est_tgt": [
                3
            ]
        },
        "4": {
            "intv_type": "hard",
            "inode": 4,
            "new_mui": 1000,
            "new_vari": 1.0,
            "noise_type": "gaussian",
            "obs_noise_gamma_shape": null,
            "true_params": {
                "Si": [
                    [
                        1.0,
                        0.0,
                        0.6721013467435509,
                        -0.11050363807201763,
                        0.0,
                        -0.034143893635550863
                    ],
                    [
                        0.0,
                        1.0,
                        0.0,
                        0.588116543616793,
                        0.0,
                        -0.40323496705339906
                    ],
                    [
                        0.6721013467435509,
                        0.0,
                        1.451720220294495,
                        0.5999807321091731,
                        0.0,
                        -0.5699682109219505
                    ],
                    [
                        -0.11050363807201763,
                        0.588116543616793,
                        0.5999807321091731,
                        1.8127056925434815,
                        0.0,
                        -0.020927998755174593
                    ],
                    [
                        0.0,
                        0.0,
                        0.0,
                        0.0,
                        1.0,
                        -0.7759958119095007
                    ],
                    [
                        -0.034143893635550863,
                        -0.40323496705339906,
                        -0.5699682109219505,
                        -0.020927998755174593,
                        -0.7759958119095007,
                        2.403047179927068
                    ]
                ],
                "mui": [
                    0.0,
                    0.0,
                    0.0,
                    0.0,
                    1000.0,
                    -775.9958119095007
                ],
                "Ai": [
                    [
                        0.0,
                        0.0,
                        0.0,
                        0.0,
                        0.0,
                        0.0
                    ],
                    [
                        -0.0,
                        0.0,
                        0.0,
                        0.0,
                        0.0,
                        0.0
                    ],
                    [
                        0.6721013467435509,
                        -0.0,
                        0.0,
                        0.0,
                        0.0,
                        0.0
                    ],
                    [
                        -0.5636682238760095,
                        0.588116543616793,
                        0.6742503760774381,
                        0.0,
                        0.0,
                        0.0
                    ],
                    [
                        0.0,
                        0.0,
                        0.0,
                        0.0,
                        0.0,
                        0.0
                    ],
                    [
                        0.6611561751573276,
                        -0.7450933572345018,
                        -0.9389460262620006,
                        0.5812766090182492,
                        -0.7759958119095007,
                        0.0
                    ]
                ]
            },
            "est_params": {
                "mui": [
                    0.0018607730320607994,
                    0.006159292320338424,
                    0.0030588866468820937,
                    -0.001575069672308624,
                    999.9956935227451,
                    -776.0002198059611
                ],
                "Si": [
                    [
                        0.99819115885585,
                        -0.0017355534922531444,
                        0.6709793981636469,
                        -0.1100452318300945,
                        -0.005343141046585979,
                        -0.02174060222632792
                    ],
                    [
                        -0.0017355534922531444,
                        0.9963830688209353,
                        -0.00018607461394282596,
                        0.583906860833961,
                        -0.003415812156766105,
                        -0.40458890551790233
                    ],
                    [
                        0.6709793981636469,
                        -0.00018607461394282596,
                        1.4361358793751497,
                        0.5933865247813515,
                        -0.013715008211475942,
                        -0.5422985744670973
                    ],
                    [
                        -0.1100452318300945,
                        0.583906860833961,
                        0.5933865247813515,
                        1.7994829562845176,
                        -0.004959056684985606,
                        -0.020332023921870737
                    ],
                    [
                        -0.005343141046585979,
                        -0.003415812156766105,
                        -0.013715008211475942,
                        -0.004959056684985606,
                        0.9925799096216024,
                        -0.7601870387222455
                    ],
                    [
                        -0.02174060222632792,
                        -0.40458890551790233,
                        -0.5422985744670973,
                        -0.020332023921870737,
                        -0.7601870387222455,
                        2.3716561156702705
                    ]
                ]
            },
            "est_tgt": [
                4,
                5
            ],
            "oracle_est_tgt": [
                4,
                5
            ]
        },
        "5": {
            "intv_type": "hard",
            "inode": 5,
            "new_mui": 1000,
            "new_vari": 1.0,
            "noise_type": "gaussian",
            "obs_noise_gamma_shape": null,
            "true_params": {
                "Si": [
                    [
                        1.0,
                        0.0,
                        0.6721013467435509,
                        -0.11050363807201763,
                        0.5047628189468181,
                        0.0
                    ],
                    [
                        0.0,
                        1.0,
                        0.0,
                        0.588116543616793,
                        0.3371587492326913,
                        0.0
                    ],
                    [
                        0.6721013467435509,
                        0.0,
                        1.451720220294495,
                        0.5999807321091731,
                        -0.9487332782229314,
                        0.0
                    ],
                    [
                        -0.11050363807201763,
                        0.588116543616793,
                        0.5999807321091731,
                        1.8127056925434815,
                        -1.657120067784407,
                        0.0
                    ],
                    [
                        0.5047628189468181,
                        0.3371587492326913,
                        -0.9487332782229314,
                        -1.657120067784407,
                        3.8945119509630683,
                        0.0
                    ],
                    [
                        0.0,
                        0.0,
                        0.0,
                        0.0,
                        0.0,
                        1.0
                    ]
                ],
                "mui": [
                    0.0,
                    0.0,
                    0.0,
                    0.0,
                    0.0,
                    1000.0
                ],
                "Ai": [
                    [
                        0.0,
                        0.0,
                        0.0,
                        0.0,
                        0.0,
                        0.0
                    ],
                    [
                        -0.0,
                        0.0,
                        0.0,
                        0.0,
                        0.0,
                        0.0
                    ],
                    [
                        0.6721013467435509,
                        -0.0,
                        0.0,
                        0.0,
                        0.0,
                        0.0
                    ],
                    [
                        -0.5636682238760095,
                        0.588116543616793,
                        0.6742503760774381,
                        0.0,
                        0.0,
                        0.0
                    ],
                    [
                        0.8455279741227122,
                        0.8848165061271023,
                        -0.66011893508566,
                        -0.9312061747599056,
                        0.0,
                        0.0
                    ],
                    [
                        0.0,
                        0.0,
                        0.0,
                        0.0,
                        0.0,
                        0.0
                    ]
                ]
            },
            "est_params": {
                "mui": [
                    0.004778561396769176,
                    -0.0022997119890943193,
                    0.000641049165031475,
                    0.00041889108034606933,
                    0.0074294257772847105,
                    1000.0011725068208
                ],
                "Si": [
                    [
                        1.0034395363585318,
                        -0.005754471691091528,
                        0.6772944929413673,
                        -0.11238179499347495,
                        0.5044137066793418,
                        -0.007722942769165668
                    ],
                    [
                        -0.005754471691091528,
                        1.0016264612114143,
                        -0.0006469698214071214,
                        0.5896414445279294,
                        0.3368124259966761,
                        0.0018998218409392654
                    ],
                    [
                        0.6772944929413673,
                        -0.0006469698214071214,
                        1.4605641508956055,
                        0.6023308747541822,
                        -0.9556971067504176,
                        -0.0020884460483811588
                    ],
                    [
                        -0.11238179499347495,
                        0.5896414445279294,
                        0.6023308747541822,
                        1.8115980800170182,
                        -1.6673698325764108,
                        -0.004920068309957734
                    ],
                    [
                        0.5044137066793418,
                        0.3368124259966761,
                        -0.9556971067504176,
                        -1.6673698325764108,
                        3.9276283209980494,
                        -5.5973906183557695e-06
                    ],
                    [
                        -0.007722942769165668,
                        0.0018998218409392654,
                        -0.0020884460483811588,
                        -0.004920068309957734,
                        -5.5973906183557695e-06,
                        0.9971478260539849
                    ]
                ]
            },
            "est_tgt": [
                4,
                5
            ],
            "oracle_est_tgt": [
                4,
                5
            ]
        },
        "obs": {
            "intv_type": "obs",
            "noise_type": "gaussian",
            "obs_noise_gamma_shape": null,
            "true_params": {
                "Si": [
                    [
                        1.0,
                        0.0,
                        0.6721013467435509,
                        -0.11050363807201763,
                        0.5047628189468181,
                        -0.4258377271459153
                    ],
                    [
                        0.0,
                        1.0,
                        0.0,
                        0.588116543616793,
                        0.3371587492326913,
                        -0.664868744406613
                    ],
                    [
                        0.6721013467435509,
                        0.0,
                        1.451720220294495,
                        0.5999807321091731,
                        -0.9487332782229314,
                        0.16624483959821545
                    ],
                    [
                        -0.11050363807201763,
                        0.588116543616793,
                        0.5999807321091731,
                        1.8127056925434815,
                        -1.657120067784407,
                        1.2649902336767131
                    ],
                    [
                        0.5047628189468181,
                        0.3371587492326913,
                        -0.9487332782229314,
                        -1.657120067784407,
                        3.8945119509630683,
                        -3.012048445196971
                    ],
                    [
                        -0.4258377271459153,
                        -0.664868744406613,
                        0.16624483959821545,
                        1.2649902336767131,
                        -3.012048445196971,
                        4.130395322659595
                    ]
                ],
                "mui": [
                    0.0,
                    0.0,
                    0.0,
                    0.0,
                    0.0,
                    0.0
                ],
                "Ai": [
                    [
                        0.0,
                        0.0,
                        0.0,
