{
    "expt_args": {
        "save_dir": "all_expt_logs/expt_logs_sim_compsel_backward_cameraready_new_mean_largerange",
        "exp_name": "310",
        "num_nodes": 6,
        "num_tgt_prior": 7,
        "obs_noise_mean": 0.0,
        "obs_noise_var": 1.0,
        "obs_noise_gamma_shape": null,
        "noise_type": "gaussian",
        "max_edge_strength": 1.0,
        "graph_sparsity_method": "adj_dense_prop",
        "adj_dense_prop": 0.8,
        "num_parents": null,
        "new_noise_mean": 1.0,
        "mix_samples": 4096,
        "stage2_samples": 4096,
        "gmm_tol": 0.001,
        "intv_type": "hard",
        "new_noise_var": 1.0,
        "dtype": "simulation",
        "cutoff_drop_ratio": 0.07,
        "intv_targets": [
            0,
            1,
            2,
            3,
            4,
            5
        ]
    },
    "intv_args_dict": {
        "0": {
            "intv_type": "hard",
            "inode": 0,
            "new_mui": 1.0,
            "new_vari": 1.0,
            "noise_type": "gaussian",
            "obs_noise_gamma_shape": null,
            "true_params": {
                "Si": [
                    [
                        1.0,
                        0.0,
                        -0.922941883446449,
                        -1.4425973611496261,
                        2.507561985341597,
                        -2.7428948728223954
                    ],
                    [
                        0.0,
                        1.0,
                        0.0,
                        0.7960819382250381,
                        0.020216025333717684,
                        0.4757291190147819
                    ],
                    [
                        -0.922941883446449,
                        0.0,
                        1.8518217202196787,
                        2.2708371651037274,
                        -3.7060759546397977,
                        3.437822218408062
                    ],
                    [
                        -1.4425973611496261,
                        0.7960819382250381,
                        2.2708371651037274,
                        4.597312796762685,
                        -5.744821013310561,
                        6.390434908664024
                    ],
                    [
                        2.507561985341597,
                        0.020216025333717684,
                        -3.7060759546397977,
                        -5.744821013310561,
                        9.924292834671506,
                        -9.839159507850509
                    ],
                    [
                        -2.7428948728223954,
                        0.4757291190147819,
                        3.437822218408062,
                        6.390434908664024,
                        -9.839159507850509,
                        11.514027722190244
                    ]
                ],
                "mui": [
                    1.0,
                    0.0,
                    -0.922941883446449,
                    -1.4425973611496261,
                    2.507561985341597,
                    -2.7428948728223954
                ],
                "Ai": [
                    [
                        0.0,
                        0.0,
                        0.0,
                        0.0,
                        0.0,
                        0.0
                    ],
                    [
                        0.0,
                        0.0,
                        0.0,
                        0.0,
                        0.0,
                        0.0
                    ],
                    [
                        -0.922941883446449,
                        0.0,
                        0.0,
                        0.0,
                        0.0,
                        0.0
                    ],
                    [
                        -0.5755823967474407,
                        0.7960819382250381,
                        0.9394036395494142,
                        0.0,
                        0.0,
                        0.0
                    ],
                    [
                        0.741817795028226,
                        0.6858239934406021,
                        -0.6063020355947939,
                        -0.8361048481905501,
                        0.0,
                        0.0
                    ],
                    [
                        -0.6920622014806694,
                        0.0,
                        -0.6506277498310746,
                        0.6154471403016112,
                        -0.7032655072839293,
                        0.0
                    ]
                ]
            },
            "oracle_est_tgt": [
                0,
                2,
                4
            ]
        },
        "1": {
            "intv_type": "hard",
            "inode": 1,
            "new_mui": 1.0,
            "new_vari": 1.0,
            "noise_type": "gaussian",
            "obs_noise_gamma_shape": null,
            "true_params": {
                "Si": [
                    [
                        1.0,
                        0.0,
                        -0.922941883446449,
                        -1.4425973611496261,
                        2.507561985341597,
                        -2.7428948728223954
                    ],
                    [
                        0.0,
                        1.0,
                        0.0,
                        0.7960819382250381,
                        0.020216025333717684,
                        0.4757291190147819
                    ],
                    [
                        -0.922941883446449,
                        0.0,
                        1.8518217202196787,
                        2.2708371651037274,
                        -3.7060759546397977,
                        3.437822218408062
                    ],
                    [
                        -1.4425973611496261,
                        0.7960819382250381,
                        2.2708371651037274,
                        4.597312796762685,
                        -5.744821013310561,
                        6.390434908664024
                    ],
                    [
                        2.507561985341597,
                        0.020216025333717684,
                        -3.7060759546397977,
                        -5.744821013310561,
                        9.924292834671506,
                        -9.839159507850509
                    ],
                    [
                        -2.7428948728223954,
                        0.4757291190147819,
                        3.437822218408062,
                        6.390434908664024,
                        -9.839159507850509,
                        11.514027722190244
                    ]
                ],
                "mui": [
                    0.0,
                    1.0,
                    0.0,
                    0.7960819382250381,
                    0.020216025333717684,
                    0.4757291190147819
                ],
                "Ai": [
                    [
                        0.0,
                        0.0,
                        0.0,
                        0.0,
                        0.0,
                        0.0
                    ],
                    [
                        0.0,
                        0.0,
                        0.0,
                        0.0,
                        0.0,
                        0.0
                    ],
                    [
                        -0.922941883446449,
                        0.0,
                        0.0,
                        0.0,
                        0.0,
                        0.0
                    ],
                    [
                        -0.5755823967474407,
                        0.7960819382250381,
                        0.9394036395494142,
                        0.0,
                        0.0,
                        0.0
                    ],
                    [
                        0.741817795028226,
                        0.6858239934406021,
                        -0.6063020355947939,
                        -0.8361048481905501,
                        0.0,
                        0.0
                    ],
                    [
                        -0.6920622014806694,
                        0.0,
                        -0.6506277498310746,
                        0.6154471403016112,
                        -0.7032655072839293,
                        0.0
                    ]
                ]
            },
            "oracle_est_tgt": [
                1
            ]
        },
        "2": {
            "intv_type": "hard",
            "inode": 2,
            "new_mui": 1.0,
            "new_vari": 1.0,
            "noise_type": "gaussian",
            "obs_noise_gamma_shape": null,
            "true_params": {
                "Si": [
                    [
                        1.0,
                        0.0,
                        0.0,
                        -0.5755823967474407,
                        1.223065027481898,
                        -1.906442188560119
                    ],
                    [
                        0.0,
                        1.0,
                        0.0,
                        0.7960819382250381,
                        0.020216025333717684,
                        0.4757291190147819
                    ],
                    [
                        0.0,
                        0.0,
                        1.0,
                        0.9394036395494142,
                        -1.391741973029907,
                        0.9062896583897521
                    ],
                    [
                        -0.5755823967474407,
                        0.7960819382250381,
                        0.9394036395494142,
                        2.8475207458123473,
                        -2.83139341023366,
                        3.5308565673714662
                    ],
                    [
                        1.223065027481898,
                        0.020216025333717684,
                        -1.391741973029907,
                        -2.83139341023366,
                        5.132313785790511,
                        -5.292883362716629
                    ],
                    [
                        -1.906442188560119,
                        0.4757291190147819,
                        0.9062896583897521,
                        3.5308565673714662,
                        -5.292883362716629,
                        7.6250772571567556
                    ]
                ],
                "mui": [
                    0.0,
                    0.0,
                    1.0,
                    0.9394036395494142,
                    -1.391741973029907,
                    0.9062896583897521
                ],
                "Ai": [
                    [
                        0.0,
                        0.0,
                        0.0,
                        0.0,
                        0.0,
                        0.0
                    ],
                    [
                        0.0,
                        0.0,
                        0.0,
                        0.0,
                        0.0,
                        0.0
                    ],
                    [
                        0.0,
                        0.0,
                        0.0,
                        0.0,
                        0.0,
                        0.0
                    ],
                    [
                        -0.5755823967474407,
                        0.7960819382250381,
                        0.9394036395494142,
                        0.0,
                        0.0,
                        0.0
                    ],
                    [
                        0.741817795028226,
                        0.6858239934406021,
                        -0.6063020355947939,
                        -0.8361048481905501,
                        0.0,
                        0.0
                    ],
                    [
                        -0.6920622014806694,
                        0.0,
                        -0.6506277498310746,
                        0.6154471403016112,
                        -0.7032655072839293,
                        0.0
                    ]
                ]
            },
            "oracle_est_tgt": [
                0,
                2,
                4,
                5
            ]
        },
        "3": {
            "intv_type": "hard",
            "inode": 3,
            "new_mui": 1.0,
            "new_vari": 1.0,
            "noise_type": "gaussian",
            "obs_noise_gamma_shape": null,
            "true_params": {
                "Si": [
                    [
                        1.0,
                        0.0,
                        -0.922941883446449,
                        0.0,
                        1.301399337697501,
                        -1.006799866033855
                    ],
                    [
                        0.0,
                        1.0,
                        0.0,
                        0.0,
                        0.6858239934406021,
                        -0.48231635865449524
                    ],
                    [
                        -0.922941883446449,
                        0.0,
                        1.8518217202196787,
                        0.0,
                        -1.8074179914452868,
                        0.7049813234096958
                    ],
                    [
                        0.0,
                        0.0,
                        0.0,
                        1.0,
                        -0.8361048481905501,
                        1.203450840506891
                    ],
                    [
                        1.301399337697501,
                        0.6858239934406021,
                        -1.8074179914452868,
                        -0.8361048481905501,
                        4.230668261672443,
                        -3.2145543888804475
                    ],
                    [
                        -1.006799866033855,
                        -0.48231635865449524,
                        0.7049813234096958,
                        1.203450840506891,
                        -3.2145543888804475,
                        4.2394333208861745
                    ]
                ],
                "mui": [
                    0.0,
                    0.0,
                    0.0,
                    1.0,
                    -0.8361048481905501,
                    1.203450840506891
                ],
                "Ai": [
                    [
                        0.0,
                        0.0,
                        0.0,
                        0.0,
                        0.0,
                        0.0
                    ],
                    [
                        0.0,
                        0.0,
                        0.0,
                        0.0,
                        0.0,
                        0.0
                    ],
                    [
                        -0.922941883446449,
                        0.0,
                        0.0,
                        0.0,
                        0.0,
                        0.0
                    ],
                    [
                        0.0,
                        0.0,
                        0.0,
                        0.0,
                        0.0,
                        0.0
                    ],
                    [
                        0.741817795028226,
                        0.6858239934406021,
                        -0.6063020355947939,
                        -0.8361048481905501,
                        0.0,
                        0.0
                    ],
                    [
                        -0.6920622014806694,
                        0.0,
                        -0.6506277498310746,
                        0.6154471403016112,
                        -0.7032655072839293,
                        0.0
                    ]
                ]
            },
            "oracle_est_tgt": [
                0,
                3,
                4,
                5
            ]
        },
        "4": {
            "intv_type": "hard",
            "inode": 4,
            "new_mui": 1.0,
            "new_vari": 1.0,
            "noise_type": "gaussian",
            "obs_noise_gamma_shape": null,
            "true_params": {
                "Si": [
                    [
                        1.0,
                        0.0,
                        -0.922941883446449,
                        -1.4425973611496261,
                        0.0,
                        -0.9794130211552403
                    ],
                    [
                        0.0,
                        1.0,
                        0.0,
                        0.7960819382250381,
                        0.0,
                        0.48994635232636363
                    ],
                    [
                        -0.922941883446449,
                        0.0,
                        1.8518217202196787,
                        2.2708371651037274,
                        0.0,
                        0.8314668321355322
                    ],
                    [
                        -1.4425973611496261,
                        0.7960819382250381,
                        2.2708371651037274,
                        4.597312796762685,
                        0.0,
                        2.3503004444827957
                    ],
                    [
                        0.0,
                        0.0,
                        0.0,
                        0.0,
                        1.0,
                        -0.7032655072839293
                    ],
                    [
                        -0.9794130211552403,
                        0.48994635232636363,
                        0.8314668321355322,
                        2.3503004444827957,
                        -0.7032655072839293,
                        3.077907398669881
                    ]
                ],
                "mui": [
                    0.0,
                    0.0,
                    0.0,
                    0.0,
                    1.0,
                    -0.7032655072839293
                ],
                "Ai": [
                    [
                        0.0,
                        0.0,
                        0.0,
                        0.0,
                        0.0,
                        0.0
                    ],
                    [
                        0.0,
                        0.0,
                        0.0,
                        0.0,
                        0.0,
                        0.0
                    ],
                    [
                        -0.922941883446449,
                        0.0,
                        0.0,
                        0.0,
                        0.0,
                        0.0
                    ],
                    [
                        -0.5755823967474407,
                        0.7960819382250381,
                        0.9394036395494142,
                        0.0,
                        0.0,
                        0.0
                    ],
                    [
                        0.0,
                        0.0,
                        0.0,
                        0.0,
                        0.0,
                        0.0
                    ],
                    [
                        -0.6920622014806694,
                        0.0,
                        -0.6506277498310746,
                        0.6154471403016112,
                        -0.7032655072839293,
                        0.0
                    ]
                ]
            },
            "oracle_est_tgt": [
                0,
                3,
                4
            ]
        },
        "5": {
            "intv_type": "hard",
            "inode": 5,
            "new_mui": 1.0,
            "new_vari": 1.0,
            "noise_type": "gaussian",
            "obs_noise_gamma_shape": null,
            "true_params": {
                "Si": [
                    [
                        1.0,
                        0.0,
                        -0.922941883446449,
                        -1.4425973611496261,
                        2.507561985341597,
                        0.0
                    ],
                    [
                        0.0,
                        1.0,
                        0.0,
                        0.7960819382250381,
                        0.020216025333717684,
                        0.0
                    ],
                    [
                        -0.922941883446449,
                        0.0,
                        1.8518217202196787,
                        2.2708371651037274,
                        -3.7060759546397977,
                        0.0
                    ],
                    [
                        -1.4425973611496261,
                        0.7960819382250381,
                        2.2708371651037274,
                        4.597312796762685,
                        -5.744821013310561,
                        0.0
                    ],
                    [
                        2.507561985341597,
                        0.020216025333717684,
                        -3.7060759546397977,
                        -5.744821013310561,
                        9.924292834671506,
                        0.0
                    ],
                    [
                        0.0,
                        0.0,
                        0.0,
                        0.0,
                        0.0,
                        1.0
                    ]
                ],
                "mui": [
                    0.0,
                    0.0,
                    0.0,
                    0.0,
                    0.0,
                    1.0
                ],
                "Ai": [
                    [
                        0.0,
                        0.0,
                        0.0,
                        0.0,
                        0.0,
                        0.0
                    ],
                    [
                        0.0,
                        0.0,
                        0.0,
                        0.0,
                        0.0,
                        0.0
                    ],
                    [
                        -0.922941883446449,
                        0.0,
                        0.0,
                        0.0,
                        0.0,
                        0.0
                    ],
                    [
                        -0.5755823967474407,
                        0.7960819382250381,
                        0.9394036395494142,
                        0.0,
                        0.0,
                        0.0
                    ],
                    [
                        0.741817795028226,
                        0.6858239934406021,
                        -0.6063020355947939,
                        -0.8361048481905501,
                        0.0,
                        0.0
                    ],
                    [
                        0.0,
                        0.0,
                        0.0,
                        0.0,
                        0.0,
                        0.0
                    ]
                ]
            },
            "oracle_est_tgt": [
                0,
                5
            ]
        },
        "obs": {
            "intv_type": "obs",
            "noise_type": "gaussian",
            "obs_noise_gamma_shape": null,
            "true_params": {
                "Si": [
                    [
                        1.0,
                        0.0,
                        -0.922941883446449,
                        -1.4425973611496261,
                        2.507561985341597,
                        -2.7428948728223954
                    ],
                    [
                        0.0,
                        1.0,
                        0.0,
                        0.7960819382250381,
                        0.020216025333717684,
                        0.4757291190147819
                    ],
                    [
                        -0.922941883446449,
                        0.0,
                        1.8518217202196787,
                        2.2708371651037274,
                        -3.7060759546397977,
                        3.437822218408062
                    ],
                    [
                        -1.4425973611496261,
                        0.7960819382250381,
                        2.2708371651037274,
                        4.597312796762685,
                        -5.744821013310561,
                        6.390434908664024
                    ],
                    [
                        2.507561985341597,
                        0.020216025333717684,
                        -3.7060759546397977,
                        -5.744821013310561,
                        9.924292834671506,
                        -9.839159507850509
                    ],
                    [
                        -2.7428948728223954,
                        0.4757291190147819,
                        3.437822218408062,
                        6.390434908664024,
                        -9.839159507850509,
                        11.514027722190244
                    ]
                ],
                "mui": [
                    0.0,
                    0.0,
                    0.0,
                    0.0,
                    0.0,
                    0.0
                ],
                "Ai": [
                    [
                        0.0,
                        0.0,
                        0.0,
                        0.0,
                        0.0,
                        0.0
                    ],
                    [
                        0.0,
                        0.0,
                        0.0,
                        0.0,
                        0.0,
                        0.0
                    ],
                    [
                        -0.922941883446449,
                        0.0,
                        0.0,
                        0.0,
                        0.0,
                        0.0
                    ],
                    [
                        -0.5755823967474407,
                        0.7960819382250381,
                        0.9394036395494142,
                        0.0,
                        0.0,
                        0.0
                    ],
                    [
                        0.741817795028226,
                        0.6858239934406021,
                        -0.6063020355947939,
                        -0.8361048481905501,
                        0.0,
                        0.0
                    ],
                    [
                        -0.6920622014806694,
                        0.0,
                        -0.6506277498310746,
                        0.6154471403016112,
                        -0.7032655072839293,
                        0.0
                    ]
                ]
            },
            "est_params": {
                "mui": [
                    0.14807039492154442,
                    0.14279919965073326,
                    0.011910304620224132,
                    0.1989715019810736,
                    0.15776210216539302,
                    0.027365420648744553
                ],
                "Si": [
                    [
                        1.1023701397768635,
                        -0.028039165953735703,
                        -0.8865802140543864,
                        -1.3305441984459383,
                        2.096079242201572,
                        -2.122419242504759
                    ],
                    [
                        -0.028039165953735703,
                        1.0911955342574597,
                        0.006602074771637079,
                        0.7934144121351773,
                        0.013354244742604519,
                        0.4471049844930807
                    ],
                    [
                        -0.8865802140543864,
                        0.006602074771637079,
                        1.938455048630078,
                        2.0629304874997287,
                        -3.0355971100938333,
                        2.3288678546184536
                    ],
                    [
                        -1.3305441984459383,
                        0.7934144121351773,
                        2.0629304874997287,
                        4.498795573477779,
                        -4.65028880944381,
                        4.750791623704526
                    ],
                    [
                        2.096079242201572,
                        0.013354244742604519,
                        -3.0355971100938333,
                        -4.65028880944381,
                        8.355900038942059,
                        -6.933041671289836
                    ],
                    [
                        -2.122419242504759,
                        0.4471049844930807,
                        2.3288678546184536,
                        4.750791623704526,
                        -6.933041671289836,
                        8.876852272239656
                    ]
                ]
            },
            "est_tgt": [
                0,
                1,
                2,
                3,
                4,
                5
            ],
            "oracle_est_tgt": [
                0,
                1,
                2,
                3,
                4,
                5
            ]
        }
    },
    "metric_dict": {
        "param_est_rel_err": 23.03276559301328,
        "est_num_comp": 1,
        "weight_precision_error": 0.0,
        "gm_score_dict": {
            "1": -9.724625581527073,
            "2": -9.492351432196655,
            "3": -9.422738602705103,
            "4": -9.215944218521116,
            "5": -9.210513484067242,
            "6": -9.252221460963284,
            "7": -9.204290082693827
        },
        "est_dag": {
            "amat": [
                [
                    0,
                    0,
                    0,
                    0,
                    0,
                    0
                ],
                [
                    0,
                    0,
                    0,
                    1,
                    0,
                    0
                ],
                [
                    0,
                    0,
                    0,
                    1,
                    0,
                    1
                ],
                [
                    1,
                    0,
                    0,
                    0,
                    0,
                    1
                ],
                [
                    1,
                    0,
                    1,
                    1,
                    0,
                    1
                ],
                [
                    1,
                    0,
                    0,
                    0,
                    0,
                    0
                ]
            ],
            "nodes": [
                0,
                1,
                2,
                3,
                4,
                5
            ]
        },
        "oracle_est_dag": {
            "amat": [
                [
                    0,
                    0,
                    0,
                    0,
                    0,
                    0
                ],
                [
                    0,
                    0,
                    0,
                    1,
                    0,
                    0
                ],
                [
                    0,
                    0,
                    0,
                    1,
                    1,
                    1
                ],
                [
                    1,
                    0,
                    0,
                    0,
                    0,
                    1
                ],
                [
                    1,
                    0,
                    0,
                    1,
                    0,
                    1
                ],
                [
                    1,
                    0,
                    0,
                    0,
                    0,
                    0
                ]
            ],
            "nodes": [
                0,
                1,
                2,
                3,
                4,
                5
            ]
        },
        "igsp_dag": null,
        "intv_base_est_dag": null,
        "act_dag": {
            "amat": [
                [
                    0,
                    0,
                    1,
                    1,
                    1,
                    1
                ],
                [
                    0,
                    0,
                    0,
                    1,
                    1,
                    0
                ],
                [
                    0,
                    0,
                    0,
                    1,
                    1,
                    1
                ],
                [
                    0,
                    0,
                    0,
                    0,
                    1,
                    1
                ],
                [
                    0,
                    0,
                    0,
                    0,
                    0,
                    1
                ],
                [
                    0,
                    0,
                    0,
                    0,
                    0,
                    0
                ]
            ],
            "nodes": [
                0,
                1,
                2,
                3,
                4,
                5
            ]
        },
        "shd": 7,
        "oracle_shd": 6,
        "intv_base_shd": null,
        "igsp_shd": null,
        "avg_js": 0.0,
        "avg_oracle_js": 0.38095238095238093
    }
}