{
    "expt_args": {
        "save_dir": "all_expt_logs/expt_logs_sim_compsel_backward_cameraready_new_mean_largerange",
        "exp_name": "287",
        "num_nodes": 6,
        "num_tgt_prior": 7,
        "obs_noise_mean": 0.0,
        "obs_noise_var": 1.0,
        "obs_noise_gamma_shape": null,
        "noise_type": "gaussian",
        "max_edge_strength": 1.0,
        "graph_sparsity_method": "adj_dense_prop",
        "adj_dense_prop": 0.8,
        "num_parents": null,
        "new_noise_mean": 100,
        "mix_samples": 2048,
        "stage2_samples": 2048,
        "gmm_tol": 0.001,
        "intv_type": "hard",
        "new_noise_var": 1.0,
        "dtype": "simulation",
        "cutoff_drop_ratio": 0.07,
        "intv_targets": [
            0,
            1,
            2,
            3,
            4,
            5
        ]
    },
    "intv_args_dict": {
        "0": {
            "intv_type": "hard",
            "inode": 0,
            "new_mui": 100,
            "new_vari": 1.0,
            "noise_type": "gaussian",
            "obs_noise_gamma_shape": null,
            "true_params": {
                "Si": [
                    [
                        1.0,
                        0.0,
                        0.8482722453074703,
                        -0.5953591756808236,
                        -0.5470043142942733,
                        0.852912615627756
                    ],
                    [
                        0.0,
                        1.0,
                        0.0,
                        0.5038957403891344,
                        0.9899189090387859,
                        1.6128079670911477
                    ],
                    [
                        0.8482722453074703,
                        0.0,
                        1.719565802158977,
                        -0.5050266647191769,
                        0.09396527160544904,
                        2.154234009452285
                    ],
                    [
                        -0.5953591756808236,
                        0.5038957403891344,
                        -0.5050266647191769,
                        1.608363465249664,
                        1.6968305827963517,
                        1.1621117576718651
                    ],
                    [
                        -0.5470043142942733,
                        0.9899189090387859,
                        0.09396527160544904,
                        1.6968305827963517,
                        3.351483593444143,
                        3.6587529355998587
                    ],
                    [
                        0.852912615627756,
                        1.6128079670911477,
                        2.154234009452285,
                        1.1621117576718651,
                        3.6587529355998587,
                        8.07601728922409
                    ]
                ],
                "mui": [
                    100.0,
                    0.0,
                    84.82722453074703,
                    -59.53591756808236,
                    -54.70043142942733,
                    85.2912615627756
                ],
                "Ai": [
                    [
                        0.0,
                        0.0,
                        0.0,
                        0.0,
                        0.0,
                        0.0
                    ],
                    [
                        -0.0,
                        0.0,
                        0.0,
                        0.0,
                        0.0,
                        0.0
                    ],
                    [
                        0.8482722453074703,
                        -0.0,
                        0.0,
                        0.0,
                        0.0,
                        0.0
                    ],
                    [
                        -0.5953591756808236,
                        0.5038957403891344,
                        0.0,
                        0.0,
                        0.0,
                        0.0
                    ],
                    [
                        -0.500956096278775,
                        0.5503451457066617,
                        0.5579738494847254,
                        0.8723506235489558,
                        0.0,
                        0.0
                    ],
                    [
                        0.6418764570858296,
                        0.6400656211909999,
                        0.8824397353586502,
                        0.0,
                        0.9826485149623856,
                        0.0
                    ]
                ]
            },
            "est_params": {
                "mui": [
                    100.08464500860597,
                    -0.08042036456148903,
                    84.91352365156172,
                    -59.67805049890677,
                    -54.82302399056,
                    85.24034189485555
                ],
                "Si": [
                    [
                        1.0168163844502804,
                        -0.011196983792691873,
                        0.8811868769498747,
                        -0.6326211132759596,
                        -0.592559291627491,
                        0.9086290455700541
                    ],
                    [
                        -0.011196983792691873,
                        1.0283078475781557,
                        -0.14339863729380867,
                        0.519822498000765,
                        1.111884995002585,
                        1.720876611894492
                    ],
                    [
                        0.8811868769498747,
                        -0.14339863729380867,
                        1.7265393380082616,
                        -0.5875541324170086,
                        -0.09904071645540524,
                        1.949619466661648
                    ],
                    [
                        -0.6326211132759596,
                        0.519822498000765,
                        -0.5875541324170086,
                        1.6446441004614782,
                        1.7822193337008478,
                        1.1412072790770527
                    ],
                    [
                        -0.592559291627491,
                        1.111884995002585,
                        -0.09904071645540524,
                        1.7822193337008478,
                        3.766590319024146,
                        3.9854691502848647
                    ],
                    [
                        0.9086290455700541,
                        1.720876611894492,
                        1.949619466661648,
                        1.1412072790770527,
                        3.9854691502848647,
                        8.48020915426794
                    ]
                ]
            },
            "est_tgt": [
                0,
                5
            ],
            "oracle_est_tgt": [
                0,
                5
            ]
        },
        "1": {
            "intv_type": "hard",
            "inode": 1,
            "new_mui": 100,
            "new_vari": 1.0,
            "noise_type": "gaussian",
            "obs_noise_gamma_shape": null,
            "true_params": {
                "Si": [
                    [
                        1.0,
                        0.0,
                        0.8482722453074703,
                        -0.5953591756808236,
                        -0.5470043142942733,
                        0.852912615627756
                    ],
                    [
                        0.0,
                        1.0,
                        0.0,
                        0.5038957403891344,
                        0.9899189090387859,
                        1.6128079670911477
                    ],
                    [
                        0.8482722453074703,
                        0.0,
                        1.719565802158977,
                        -0.5050266647191769,
                        0.09396527160544904,
                        2.154234009452285
                    ],
                    [
                        -0.5953591756808236,
                        0.5038957403891344,
                        -0.5050266647191769,
                        1.608363465249664,
                        1.6968305827963517,
                        1.1621117576718651
                    ],
                    [
                        -0.5470043142942733,
                        0.9899189090387859,
                        0.09396527160544904,
                        1.6968305827963517,
                        3.351483593444143,
                        3.6587529355998587
                    ],
                    [
                        0.852912615627756,
                        1.6128079670911477,
                        2.154234009452285,
                        1.1621117576718651,
                        3.6587529355998587,
                        8.07601728922409
                    ]
                ],
                "mui": [
                    0.0,
                    100.0,
                    0.0,
                    50.389574038913445,
                    98.99189090387858,
                    161.28079670911478
                ],
                "Ai": [
                    [
                        0.0,
                        0.0,
                        0.0,
                        0.0,
                        0.0,
                        0.0
                    ],
                    [
                        0.0,
                        0.0,
                        0.0,
                        0.0,
                        0.0,
                        0.0
                    ],
                    [
                        0.8482722453074703,
                        -0.0,
                        0.0,
                        0.0,
                        0.0,
                        0.0
                    ],
                    [
                        -0.5953591756808236,
                        0.5038957403891344,
                        0.0,
                        0.0,
                        0.0,
                        0.0
                    ],
                    [
                        -0.500956096278775,
                        0.5503451457066617,
                        0.5579738494847254,
                        0.8723506235489558,
                        0.0,
                        0.0
                    ],
                    [
                        0.6418764570858296,
                        0.6400656211909999,
                        0.8824397353586502,
                        0.0,
                        0.9826485149623856,
                        0.0
                    ]
                ]
            },
            "est_params": {
                "mui": [
                    -0.08551285625649033,
                    100.06113008808178,
                    -0.10626421814632943,
                    50.559861113330875,
                    99.06621374047452,
                    161.20893863694351
                ],
                "Si": [
                    [
                        0.9617676702824057,
                        0.01067974140491268,
                        0.9046294536077335,
                        -0.4441242553470851,
                        -0.35291456200334775,
                        1.0444792924549076
                    ],
                    [
                        0.01067974140491268,
                        0.9194217055955192,
                        0.02163721492062409,
                        0.370332474542326,
                        0.84168155344282,
                        1.3898022004841923
                    ],
                    [
                        0.9046294536077335,
                        0.02163721492062409,
                        1.910469558190011,
                        -0.460671580885927,
                        0.21713278542895845,
                        2.4893078774711728
                    ],
                    [
                        -0.4441242553470851,
                        0.370332474542326,
                        -0.460671580885927,
                        1.375791868191519,
                        1.2820324815803095,
                        0.9079053703048428
                    ],
                    [
                        -0.35291456200334775,
                        0.84168155344282,
                        0.21713278542895845,
                        1.2820324815803095,
                        2.874373318172221,
                        3.356539773572191
                    ],
                    [
                        1.0444792924549076,
                        1.3898022004841923,
                        2.4893078774711728,
                        0.9079053703048428,
                        3.356539773572191,
                        8.080148131910308
                    ]
                ]
            },
            "est_tgt": [
                1
            ],
            "oracle_est_tgt": [
                1
            ]
        },
        "2": {
            "intv_type": "hard",
            "inode": 2,
            "new_mui": 100,
            "new_vari": 1.0,
            "noise_type": "gaussian",
            "obs_noise_gamma_shape": null,
            "true_params": {
                "Si": [
                    [
                        1.0,
                        0.0,
                        0.0,
                        -0.5953591756808236,
                        -1.0203180444195339,
                        -0.36073755405235064
                    ],
                    [
                        0.0,
                        1.0,
                        0.0,
                        0.5038957403891344,
                        0.9899189090387859,
                        1.6128079670911477
                    ],
                    [
                        0.0,
                        0.0,
                        1.0,
                        0.0,
                        0.5579738494847254,
                        1.4307319099426612
                    ],
                    [
                        -0.5953591756808236,
                        0.5038957403891344,
                        0.0,
                        1.608363465249664,
                        1.9786222550021426,
                        1.884669522257505
                    ],
                    [
                        -1.0203180444195339,
                        0.9899189090387859,
                        0.5579738494847254,
                        1.9786222550021426,
                        4.093318785355697,
                        4.493366851763635
                    ],
                    [
                        -0.36073755405235064,
                        1.6128079670911477,
                        1.4307319099426612,
                        1.884669522257505,
                        4.493366851763635,
                        7.478688942230781
                    ]
                ],
                "mui": [
                    0.0,
                    0.0,
                    100.0,
                    0.0,
                    55.79738494847254,
                    143.07319099426613
                ],
                "Ai": [
                    [
                        0.0,
                        0.0,
                        0.0,
                        0.0,
                        0.0,
                        0.0
                    ],
                    [
                        -0.0,
                        0.0,
                        0.0,
                        0.0,
                        0.0,
                        0.0
                    ],
                    [
                        0.0,
                        0.0,
                        0.0,
                        0.0,
                        0.0,
                        0.0
                    ],
                    [
                        -0.5953591756808236,
                        0.5038957403891344,
                        0.0,
                        0.0,
                        0.0,
                        0.0
                    ],
                    [
                        -0.500956096278775,
                        0.5503451457066617,
                        0.5579738494847254,
                        0.8723506235489558,
                        0.0,
                        0.0
                    ],
                    [
                        0.6418764570858296,
                        0.6400656211909999,
                        0.8824397353586502,
                        0.0,
                        0.9826485149623856,
                        0.0
                    ]
                ]
            },
            "est_params": {
                "mui": [
                    0.009320099496567123,
                    0.03076182394084443,
                    100.02857161793463,
                    -0.05078450798347555,
                    55.888653823290916,
                    143.14542647866432
                ],
                "Si": [
                    [
                        0.9602817767021705,
                        -0.035648763497077504,
                        0.03158877073254528,
                        -0.6232822999312405,
                        -0.9148902543695445,
                        -0.28676335344171916
                    ],
                    [
                        -0.035648763497077504,
                        1.019502839676787,
                        0.03873997445856833,
                        0.637302061580384,
                        1.1347196989086383,
                        1.7342207937634182
                    ],
                    [
                        0.03158877073254528,
                        0.03873997445856833,
                        1.0723385649649924,
                        0.015326629422458913,
                        0.5327911541278837,
                        1.591404841417474
                    ],
                    [
                        -0.6232822999312405,
                        0.637302061580384,
                        0.015326629422458913,
                        1.7600764148825914,
                        2.112580062973439,
                        2.0403331288956377
                    ],
                    [
                        -0.9148902543695445,
                        1.1347196989086383,
                        0.5327911541278837,
                        2.112580062973439,
                        4.106177722128535,
                        4.529803525351846
                    ],
                    [
                        -0.28676335344171916,
                        1.7342207937634182,
                        1.591404841417474,
                        2.0403331288956377,
                        4.529803525351846,
                        7.686384133615868
                    ]
                ]
            },
            "est_tgt": [
                2
            ],
            "oracle_est_tgt": [
                2
            ]
        },
        "3": {
            "intv_type": "hard",
            "inode": 3,
            "new_mui": 100,
            "new_vari": 1.0,
            "noise_type": "gaussian",
            "obs_noise_gamma_shape": null,
            "true_params": {
                "Si": [
                    [
                        1.0,
                        0.0,
                        0.8482722453074703,
                        0.0,
                        -0.027642366153514557,
                        1.3632628626962442
                    ],
                    [
                        0.0,
                        1.0,
                        0.0,
                        0.0,
                        0.5503451457066617,
                        1.1808614613364088
                    ],
                    [
                        0.8482722453074703,
                        0.0,
                        1.719565802158977,
                        0.0,
                        0.5345255974820724,
                        2.587149959426294
                    ],
                    [
                        0.0,
                        0.0,
                        0.0,
                        1.0,
                        0.8723506235489558,
                        0.8572140447568924
                    ],
                    [
                        -0.027642366153514557,
                        0.5503451457066617,
                        0.5345255974820724,
                        0.8723506235489558,
                        2.3759743069245065,
                        3.1409482745767523
                    ],
                    [
                        1.3632628626962442,
                        1.1808614613364088,
                        2.587149959426294,
                        0.8572140447568924,
                        3.1409482745767523,
                        8.000327244290746
                    ]
                ],
                "mui": [
                    0.0,
                    0.0,
                    0.0,
                    100.0,
                    87.23506235489558,
                    85.72140447568924
                ],
                "Ai": [
                    [
                        0.0,
                        0.0,
                        0.0,
                        0.0,
                        0.0,
                        0.0
                    ],
                    [
                        -0.0,
                        0.0,
                        0.0,
                        0.0,
                        0.0,
                        0.0
                    ],
                    [
                        0.8482722453074703,
                        -0.0,
                        0.0,
                        0.0,
                        0.0,
                        0.0
                    ],
                    [
                        0.0,
                        0.0,
                        0.0,
                        0.0,
                        0.0,
                        0.0
                    ],
                    [
                        -0.500956096278775,
                        0.5503451457066617,
                        0.5579738494847254,
                        0.8723506235489558,
                        0.0,
                        0.0
                    ],
                    [
                        0.6418764570858296,
                        0.6400656211909999,
                        0.8824397353586502,
                        0.0,
                        0.9826485149623856,
                        0.0
                    ]
                ]
            },
            "est_params": {
                "mui": [
                    -0.0476435148164067,
                    0.09641908720227176,
                    -0.029690756773564787,
                    100.00435245818753,
                    87.22659065683756,
                    85.61412452820785
                ],
                "Si": [
                    [
                        0.944222671327013,
                        1.0088777958775967e-05,
                        0.8009171423457845,
                        0.06424602725785375,
                        -0.07174290077883634,
                        1.2901543342627848
                    ],
                    [
                        1.0088777958775967e-05,
                        0.9522342400964037,
                        -0.006254884448997848,
                        0.1605012794846302,
                        0.6543919584233483,
                        1.1725501299633054
                    ],
                    [
                        0.8009171423457845,
                        -0.006254884448997848,
                        1.757562693916804,
                        0.07879147645367741,
                        0.5043459031948194,
                        2.6049973960764277
                    ],
                    [
                        0.06424602725785375,
                        0.1605012794846302,
                        0.07879147645367741,
                        0.9410799473680346,
                        0.9269162470101638,
                        1.152880172095553
                    ],
                    [
                        -0.07174290077883634,
                        0.6543919584233483,
                        0.5043459031948194,
                        0.9269162470101638,
                        2.396641856350894,
                        3.0846170371832367
                    ],
                    [
                        1.2901543342627848,
                        1.1725501299633054,
                        2.6049973960764277,
                        1.152880172095553,
                        3.0846170371832367,
                        7.778743467231963
                    ]
                ]
            },
            "est_tgt": [
                3,
                4,
                5
            ],
            "oracle_est_tgt": [
                3,
                4,
                5
            ]
        },
        "4": {
            "intv_type": "hard",
            "inode": 4,
            "new_mui": 100,
            "new_vari": 1.0,
            "noise_type": "gaussian",
            "obs_noise_gamma_shape": null,
            "true_params": {
                "Si": [
                    [
                        1.0,
                        0.0,
                        0.8482722453074703,
                        -0.5953591756808236,
                        0.0,
                        1.3904255927470417
                    ],
                    [
                        0.0,
                        1.0,
                        0.0,
                        0.5038957403891344,
                        0.0,
                        0.6400656211909999
                    ],
                    [
                        0.8482722453074703,
                        0.0,
                        1.719565802158977,
                        -0.5050266647191769,
                        0.0,
                        2.0618991748511535
                    ],
                    [
                        -0.5953591756808236,
                        0.5038957403891344,
                        -0.5050266647191769,
                        1.608363465249664,
                        0.0,
                        -0.5052762946557292
                    ],
                    [
                        0.0,
                        0.0,
                        0.0,
                        0.0,
                        1.0,
                        0.9826485149623856
                    ],
                    [
                        1.3904255927470417,
                        0.6400656211909999,
                        2.0618991748511535,
                        -0.5052762946557292,
                        0.9826485149623856,
                        5.087265318894209
                    ]
                ],
                "mui": [
                    0.0,
                    0.0,
                    0.0,
                    0.0,
                    100.0,
                    98.26485149623856
                ],
                "Ai": [
                    [
                        0.0,
                        0.0,
                        0.0,
                        0.0,
                        0.0,
                        0.0
                    ],
                    [
                        -0.0,
                        0.0,
                        0.0,
                        0.0,
                        0.0,
                        0.0
                    ],
                    [
                        0.8482722453074703,
                        -0.0,
                        0.0,
                        0.0,
                        0.0,
                        0.0
                    ],
                    [
                        -0.5953591756808236,
                        0.5038957403891344,
                        0.0,
                        0.0,
                        0.0,
                        0.0
                    ],
                    [
                        0.0,
                        0.0,
                        0.0,
                        0.0,
                        0.0,
                        0.0
                    ],
                    [
                        0.6418764570858296,
                        0.6400656211909999,
                        0.8824397353586502,
                        0.0,
                        0.9826485149623856,
                        0.0
                    ]
                ]
            },
            "est_params": {
                "mui": [
                    0.20832357553394476,
                    -0.06681592922883425,
                    0.09645996559449176,
                    -0.16388681203170968,
                    99.92902418094393,
                    98.42117093166256
                ],
                "Si": [
                    [
                        0.860560264342501,
                        0.06552613922520731,
                        0.7178883677861951,
                        -0.6133119358498399,
                        0.0533279295429156,
                        1.3025970795918218
                    ],
                    [
                        0.06552613922520731,
                        1.1559340945391294,
                        0.07316023253973361,
                        0.6143721615074126,
                        -0.03240372584178687,
                        0.8460797715348531
                    ],
                    [
                        0.7178883677861951,
                        0.07316023253973361,
                        1.673460349267122,
                        -0.47820621153108683,
                        0.01757419882858651,
                        2.0506126408769196
                    ],
                    [
                        -0.6133119358498399,
                        0.6143721615074126,
                        -0.47820621153108683,
                        1.7752990658911791,
                        -0.09575179142543923,
                        -0.48933990609403005
                    ],
                    [
                        0.0533279295429156,
                        -0.03240372584178687,
                        0.01757419882858651,
                        -0.09575179142543923,
                        0.985482514137691,
                        1.0611159901078233
                    ],
                    [
                        1.3025970795918218,
                        0.8460797715348531,
                        2.0506126408769196,
                        -0.48933990609403005,
                        1.0611159901078233,
                        5.366582095234112
                    ]
                ]
            },
            "est_tgt": [
                3,
                4,
                5
            ],
            "oracle_est_tgt": [
                3,
                4,
                5
            ]
        },
        "5": {
            "intv_type": "hard",
            "inode": 5,
            "new_mui": 100,
            "new_vari": 1.0,
            "noise_type": "gaussian",
            "obs_noise_gamma_shape": null,
            "true_params": {
                "Si": [
                    [
                        1.0,
                        0.0,
                        0.8482722453074703,
                        -0.5953591756808236,
                        -0.5470043142942733,
                        0.0
                    ],
                    [
                        0.0,
                        1.0,
                        0.0,
                        0.5038957403891344,
                        0.9899189090387859,
                        0.0
                    ],
                    [
                        0.8482722453074703,
                        0.0,
                        1.719565802158977,
                        -0.5050266647191769,
                        0.09396527160544904,
                        0.0
                    ],
                    [
                        -0.5953591756808236,
                        0.5038957403891344,
                        -0.5050266647191769,
                        1.608363465249664,
                        1.6968305827963517,
                        0.0
                    ],
                    [
                        -0.5470043142942733,
                        0.9899189090387859,
                        0.09396527160544904,
                        1.6968305827963517,
                        3.351483593444143,
                        0.0
                    ],
                    [
                        0.0,
                        0.0,
                        0.0,
                        0.0,
                        0.0,
                        1.0
                    ]
                ],
                "mui": [
                    0.0,
                    0.0,
                    0.0,
                    0.0,
                    0.0,
                    100.0
                ],
                "Ai": [
                    [
                        0.0,
                        0.0,
                        0.0,
                        0.0,
                        0.0,
                        0.0
                    ],
                    [
                        -0.0,
                        0.0,
                        0.0,
                        0.0,
                        0.0,
                        0.0
                    ],
                    [
                        0.8482722453074703,
                        -0.0,
                        0.0,
                        0.0,
                        0.0,
                        0.0
                    ],
                    [
                        -0.5953591756808236,
                        0.5038957403891344,
                        0.0,
                        0.0,
                        0.0,
                        0.0
                    ],
                    [
                        -0.500956096278775,
                        0.5503451457066617,
                        0.5579738494847254,
                        0.8723506235489558,
                        0.0,
                        0.0
                    ],
                    [
                        0.0,
                        0.0,
                        0.0,
                        0.0,
                        0.0,
                        0.0
                    ]
                ]
            },
            "est_params": {
                "mui": [
                    -0.06754002194608481,
                    -0.07566063373693055,
                    -0.08139836280998332,
                    -0.0542003388959728,
                    -0.14017559622350403,
                    100.02908529676894
                ],
                "Si": [
                    [
                        0.9948441915446435,
                        0.08570681559792116,
                        0.7039454233014565,
                        -0.4831365305967092,
                        -0.4199428109001726,
                        -0.06480450690631788
                    ],
                    [
                        0.08570681559792116,
                        0.9624972062909289,
                        0.03534432677295343,
                        0.46813095080440353,
                        0.7849895684554288,
                        -0.20488569508990975
                    ],
                    [
                        0.7039454233014565,
                        0.03534432677295343,
                        1.5218744804950057,
                        -0.322092325546454,
                        0.3028108112142272,
                        -0.02632280709850246
                    ],
                    [
                        -0.4831365305967092,
                        0.46813095080440353,
                        -0.322092325546454,
                        1.3755136188875874,
                        1.3925689456492454,
                        -0.00941565170840136
                    ],
                    [
                        -0.4199428109001726,
                        0.7849895684554288,
                        0.3028108112142272,
                        1.3925689456492454,
                        2.817367720608249,
                        -0.17776611237129725
                    ],
                    [
                        -0.06480450690631788,
                        -0.20488569508990975,
                        -0.02632280709850246,
                        -0.00941565170840136,
                        -0.17776611237129725,
                        1.1527562614067601
                    ]
                ]
            },
            "est_tgt": [
                4,
                5
            ],
            "oracle_est_tgt": [
                4,
                5
            ]
        },
        "obs": {
            "intv_type": "obs",
            "noise_type": "gaussian",
            "obs_noise_gamma_shape": null,
            "true_params": {
                "Si": [
                    [
                        1.0,
                        0.0,
                        0.8482722453074703,
                        -0.5953591756808236,
                        -0.5470043142942733,
                        0.852912615627756
                    ],
                    [
                        0.0,
                        1.0,
                        0.0,
                        0.5038957403891344,
                        0.9899189090387859,
                        1.6128079670911477
                    ],
                    [
                        0.8482722453074703,
                        0.0,
                        1.719565802158977,
                        -0.5050266647191769,
                        0.09396527160544904,
                        2.154234009452285
                    ],
                    [
                        -0.5953591756808236,
                        0.5038957403891344,
                        -0.5050266647191769,
                        1.608363465249664,
                        1.6968305827963517,
                        1.1621117576718651
                    ],
                    [
                        -0.5470043142942733,
                        0.9899189090387859,
                        0.09396527160544904,
                        1.6968305827963517,
                        3.351483593444143,
                        3.6587529355998587
                    ],
                    [
                        0.852912615627756,
                        1.6128079670911477,
                        2.154234009452285,
                        1.1621117576718651,
                        3.6587529355998587,
                        8.07601728922409
                    ]
                ],
                "mui": [
                    0.0,
                    0.0,
                    0.0,
                    0.0,
                    0.0,
                    0.0
                ],
                "Ai": [
                    [
                        0.0,
                        0.0,
                        0.0,
                        0.0,
                        0.0,
                        0.0
                    ],
                    [
                        -0.0,
                        0.0,
                        0.0,
                        0.0,
                        0.0,
