{
    "expt_args": {
        "save_dir": "all_expt_logs/expt_logs_sim_compsel_backward_cameraready_new_mean_largerange",
        "exp_name": "144",
        "num_nodes": 6,
        "num_tgt_prior": 7,
        "obs_noise_mean": 0.0,
        "obs_noise_var": 1.0,
        "obs_noise_gamma_shape": null,
        "noise_type": "gaussian",
        "max_edge_strength": 1.0,
        "graph_sparsity_method": "adj_dense_prop",
        "adj_dense_prop": 0.8,
        "num_parents": null,
        "new_noise_mean": 10,
        "mix_samples": 2048,
        "stage2_samples": 2048,
        "gmm_tol": 0.001,
        "intv_type": "hard",
        "new_noise_var": 1.0,
        "dtype": "simulation",
        "cutoff_drop_ratio": 0.07,
        "intv_targets": [
            0,
            1,
            2,
            3,
            4,
            5
        ]
    },
    "intv_args_dict": {
        "0": {
            "intv_type": "hard",
            "inode": 0,
            "new_mui": 10,
            "new_vari": 1.0,
            "noise_type": "gaussian",
            "obs_noise_gamma_shape": null,
            "true_params": {
                "Si": [
                    [
                        1.0,
                        -0.5956580617085188,
                        0.9517263640958028,
                        0.9883345682116793,
                        2.3664449453987304,
                        1.5525655619835417
                    ],
                    [
                        -0.5956580617085188,
                        1.3548085264783496,
                        -0.5669034813142019,
                        -0.5887094532204947,
                        -1.4095920093161292,
                        -0.9247981933265136
                    ],
                    [
                        0.9517263640958028,
                        -0.5669034813142019,
                        1.9057830721150166,
                        0.9406240651142967,
                        2.919974398344731,
                        2.111202775782592
                    ],
                    [
                        0.9883345682116793,
                        -0.5887094532204947,
                        0.9406240651142967,
                        1.9768052187221667,
                        3.32138166648517,
                        2.466702849654663
                    ],
                    [
                        2.3664449453987304,
                        -1.4095920093161292,
                        2.919974398344731,
                        3.32138166648517,
                        8.011363000811347,
                        5.961934245639718
                    ],
                    [
                        1.5525655619835417,
                        -0.9247981933265136,
                        2.111202775782592,
                        2.466702849654663,
                        5.961934245639718,
                        5.581223087287431
                    ]
                ],
                "mui": [
                    10.0,
                    -5.956580617085187,
                    9.517263640958028,
                    9.883345682116794,
                    23.664449453987302,
                    15.525655619835417
                ],
                "Ai": [
                    [
                        0.0,
                        0.0,
                        0.0,
                        0.0,
                        0.0,
                        0.0
                    ],
                    [
                        -0.5956580617085188,
                        0.0,
                        0.0,
                        0.0,
                        0.0,
                        0.0
                    ],
                    [
                        0.9517263640958028,
                        -0.0,
                        0.0,
                        0.0,
                        0.0,
                        0.0
                    ],
                    [
                        0.9883345682116793,
                        0.0,
                        -0.0,
                        0.0,
                        0.0,
                        0.0
                    ],
                    [
                        0.7598335579159495,
                        -0.0,
                        0.6677663546275064,
                        0.9825423231778043,
                        0.0,
                        0.0
                    ],
                    [
                        -0.6927474580190351,
                        -0.0,
                        -0.0,
                        -0.0,
                        0.9488127008271712,
                        0.0
                    ]
                ]
            },
            "est_params": {
                "mui": [
                    9.936527492717028,
                    -5.931101782222628,
                    9.552260324971177,
                    9.794965730995342,
                    23.567671242841186,
                    15.385742061515034
                ],
                "Si": [
                    [
                        0.9783332605154939,
                        -0.5018179181445002,
                        1.0430045573607756,
                        1.0750714397468923,
                        2.452630590018653,
                        1.6259393144736873
                    ],
                    [
                        -0.5018179181445002,
                        1.3163146369639394,
                        -0.4473695480578891,
                        -0.6108626707929915,
                        -1.3432097425498004,
                        -0.9093135081551911
                    ],
                    [
                        1.0430045573607756,
                        -0.4473695480578891,
                        1.9281186470623393,
                        1.1223440898110684,
                        3.1352751026947487,
                        2.2960800361574583
                    ],
                    [
                        1.0750714397468923,
                        -0.6108626707929915,
                        1.1223440898110684,
                        2.161979883989423,
                        3.546710903195363,
                        2.5653490728482145
                    ],
                    [
                        2.452630590018653,
                        -1.3432097425498004,
                        3.1352751026947487,
                        3.546710903195363,
                        8.269080585666545,
                        6.141725576435564
                    ],
                    [
                        1.6259393144736873,
                        -0.9093135081551911,
                        2.2960800361574583,
                        2.5653490728482145,
                        6.141725576435564,
                        5.682401873779868
                    ]
                ]
            },
            "est_tgt": [
                0
            ],
            "oracle_est_tgt": [
                0
            ]
        },
        "1": {
            "intv_type": "hard",
            "inode": 1,
            "new_mui": 10,
            "new_vari": 1.0,
            "noise_type": "gaussian",
            "obs_noise_gamma_shape": null,
            "true_params": {
                "Si": [
                    [
                        1.0,
                        0.0,
                        0.9517263640958028,
                        0.9883345682116793,
                        2.3664449453987304,
                        1.5525655619835417
                    ],
                    [
                        0.0,
                        1.0,
                        0.0,
                        0.0,
                        0.0,
                        0.0
                    ],
                    [
                        0.9517263640958028,
                        0.0,
                        1.9057830721150166,
                        0.9406240651142967,
                        2.919974398344731,
                        2.111202775782592
                    ],
                    [
                        0.9883345682116793,
                        0.0,
                        0.9406240651142967,
                        1.9768052187221667,
                        3.32138166648517,
                        2.466702849654663
                    ],
                    [
                        2.3664449453987304,
                        0.0,
                        2.919974398344731,
                        3.32138166648517,
                        8.011363000811347,
                        5.961934245639718
                    ],
                    [
                        1.5525655619835417,
                        0.0,
                        2.111202775782592,
                        2.466702849654663,
                        5.961934245639718,
                        5.581223087287431
                    ]
                ],
                "mui": [
                    0.0,
                    10.0,
                    0.0,
                    0.0,
                    0.0,
                    0.0
                ],
                "Ai": [
                    [
                        0.0,
                        0.0,
                        0.0,
                        0.0,
                        0.0,
                        0.0
                    ],
                    [
                        0.0,
                        0.0,
                        0.0,
                        0.0,
                        0.0,
                        0.0
                    ],
                    [
                        0.9517263640958028,
                        -0.0,
                        0.0,
                        0.0,
                        0.0,
                        0.0
                    ],
                    [
                        0.9883345682116793,
                        0.0,
                        -0.0,
                        0.0,
                        0.0,
                        0.0
                    ],
                    [
                        0.7598335579159495,
                        -0.0,
                        0.6677663546275064,
                        0.9825423231778043,
                        0.0,
                        0.0
                    ],
                    [
                        -0.6927474580190351,
                        -0.0,
                        -0.0,
                        -0.0,
                        0.9488127008271712,
                        0.0
                    ]
                ]
            },
            "est_params": {
                "mui": [
                    -0.007304446868092981,
                    4.994673035636609,
                    0.025575903318397323,
                    0.007977411135435184,
                    -0.018319222334748406,
                    0.0032593828990234506
                ],
                "Si": [
                    [
                        0.9828382050592727,
                        -0.38494329392048116,
                        0.9262499108781292,
                        0.9874202150036598,
                        2.3557418172155007,
                        1.526395084196428
                    ],
                    [
                        -0.3849432939204811,
                        26.261779181539648,
                        0.12571291197880644,
                        -0.2552452798449451,
                        0.004667760205736461,
                        0.026302775358200855
                    ],
                    [
                        0.9262499108781292,
                        0.12571291197880644,
                        1.901918653480918,
                        0.9096323374526055,
                        2.8458244657448444,
                        2.003814260597946
                    ],
                    [
                        0.9874202150036598,
                        -0.25524527984494505,
                        0.9096323374526055,
                        2.049352138561727,
                        3.4274707346394693,
                        2.5632457094442502
                    ],
                    [
                        2.3557418172155007,
                        0.004667760205736558,
                        2.8458244657448444,
                        3.4274707346394693,
                        8.182081099888565,
                        6.065739917416647
                    ],
                    [
                        1.526395084196428,
                        0.026302775358200952,
                        2.003814260597946,
                        2.5632457094442502,
                        6.065739917416648,
                        5.732390420783242
                    ]
                ]
            },
            "est_tgt": [
                1
            ],
            "oracle_est_tgt": [
                1
            ]
        },
        "2": {
            "intv_type": "hard",
            "inode": 2,
            "new_mui": 10,
            "new_vari": 1.0,
            "noise_type": "gaussian",
            "obs_noise_gamma_shape": null,
            "true_params": {
                "Si": [
                    [
                        1.0,
                        -0.5956580617085188,
                        0.0,
                        0.9883345682116793,
                        1.730914100643585,
                        0.9495658247124388
                    ],
                    [
                        -0.5956580617085188,
                        1.3548085264783496,
                        0.0,
                        -0.5887094532204947,
                        -1.0310329381733019,
                        -0.5656165386128623
                    ],
                    [
                        0.0,
                        0.0,
                        1.0,
                        0.0,
                        0.6677663546275064,
                        0.633585198455639
                    ],
                    [
                        0.9883345682116793,
                        -0.5887094532204947,
                        0.0,
                        1.9768052187221667,
                        2.6932645634488894,
                        1.8707373646870713
                    ],
                    [
                        1.730914100643585,
                        -1.0310329381733019,
                        0.6677663546275064,
                        2.6932645634488894,
                        5.407364945014937,
                        3.931490194567642
                    ],
                    [
                        0.9495658247124388,
                        -0.5656165386128623,
                        0.633585198455639,
                        1.8707373646870713,
                        3.931490194567642,
                        4.072438518491975
                    ]
                ],
                "mui": [
                    0.0,
                    0.0,
                    10.0,
                    0.0,
                    6.677663546275064,
                    6.33585198455639
                ],
                "Ai": [
                    [
                        0.0,
                        0.0,
                        0.0,
                        0.0,
                        0.0,
                        0.0
                    ],
                    [
                        -0.5956580617085188,
                        0.0,
                        0.0,
                        0.0,
                        0.0,
                        0.0
                    ],
                    [
                        0.0,
                        0.0,
                        0.0,
                        0.0,
                        0.0,
                        0.0
                    ],
                    [
                        0.9883345682116793,
                        0.0,
                        -0.0,
                        0.0,
                        0.0,
                        0.0
                    ],
                    [
                        0.7598335579159495,
                        -0.0,
                        0.6677663546275064,
                        0.9825423231778043,
                        0.0,
                        0.0
                    ],
                    [
                        -0.6927474580190351,
                        -0.0,
                        -0.0,
                        -0.0,
                        0.9488127008271712,
                        0.0
                    ]
                ]
            },
            "oracle_est_tgt": [
                2,
                3,
                4
            ]
        },
        "3": {
            "intv_type": "hard",
            "inode": 3,
            "new_mui": 10,
            "new_vari": 1.0,
            "noise_type": "gaussian",
            "obs_noise_gamma_shape": null,
            "true_params": {
                "Si": [
                    [
                        1.0,
                        -0.5956580617085188,
                        0.9517263640958028,
                        0.0,
                        1.3953644026710947,
                        0.6311920095174186
                    ],
                    [
                        -0.5956580617085188,
                        1.3548085264783496,
                        -0.5669034813142019,
                        0.0,
                        -0.8311600554721293,
                        -0.37597460895505047
                    ],
                    [
                        0.9517263640958028,
                        -0.5669034813142019,
                        1.9057830721150166,
                        0.0,
                        1.995771444170379,
                        1.234307274719975
                    ],
                    [
                        0.0,
                        0.0,
                        0.0,
                        1.0,
                        0.9825423231778043,
                        0.9322486353313358
                    ],
                    [
                        1.3953644026710947,
                        -0.8311600554721293,
                        1.995771444170379,
                        0.9825423231778043,
                        4.358343137449806,
                        3.1686161804146677
                    ],
                    [
                        0.6311920095174186,
                        -0.37597460895505047,
                        1.234307274719975,
                        0.9322486353313358,
                        3.1686161804146677,
                        3.5691666159087974
                    ]
                ],
                "mui": [
                    0.0,
                    0.0,
                    0.0,
                    10.0,
                    9.825423231778043,
                    9.322486353313359
                ],
                "Ai": [
                    [
                        0.0,
                        0.0,
                        0.0,
                        0.0,
                        0.0,
                        0.0
                    ],
                    [
                        -0.5956580617085188,
                        0.0,
                        0.0,
                        0.0,
                        0.0,
                        0.0
                    ],
                    [
                        0.9517263640958028,
                        -0.0,
                        0.0,
                        0.0,
                        0.0,
                        0.0
                    ],
                    [
                        0.0,
                        0.0,
                        0.0,
                        0.0,
                        0.0,
                        0.0
                    ],
                    [
                        0.7598335579159495,
                        -0.0,
                        0.6677663546275064,
                        0.9825423231778043,
                        0.0,
                        0.0
                    ],
                    [
                        -0.6927474580190351,
                        -0.0,
                        -0.0,
                        -0.0,
                        0.9488127008271712,
                        0.0
                    ]
                ]
            },
            "oracle_est_tgt": [
                3,
                4
            ]
        },
        "4": {
            "intv_type": "hard",
            "inode": 4,
            "new_mui": 10,
            "new_vari": 1.0,
            "noise_type": "gaussian",
            "obs_noise_gamma_shape": null,
            "true_params": {
                "Si": [
                    [
                        1.0,
                        -0.5956580617085188,
                        0.9517263640958028,
                        0.9883345682116793,
                        0.0,
                        -0.6927474580190351
                    ],
                    [
                        -0.5956580617085188,
                        1.3548085264783496,
                        -0.5669034813142019,
                        -0.5887094532204947,
                        0.0,
                        0.41264060809712194
                    ],
                    [
                        0.9517263640958028,
                        -0.5669034813142019,
                        1.9057830721150166,
                        0.9406240651142967,
                        0.0,
                        -0.6593060194570661
                    ],
                    [
                        0.9883345682116793,
                        -0.5887094532204947,
                        0.9406240651142967,
                        1.9768052187221667,
                        0.0,
                        -0.6846662598009815
                    ],
                    [
                        0.0,
                        0.0,
                        0.0,
                        0.0,
                        1.0,
                        0.9488127008271712
                    ],
                    [
                        -0.6927474580190351,
                        0.41264060809712194,
                        -0.6593060194570661,
                        -0.6846662598009815,
                        0.9488127008271712,
                        2.380144581842786
                    ]
                ],
                "mui": [
                    0.0,
                    0.0,
                    0.0,
                    0.0,
                    10.0,
                    9.48812700827171
                ],
                "Ai": [
                    [
                        0.0,
                        0.0,
                        0.0,
                        0.0,
                        0.0,
                        0.0
                    ],
                    [
                        -0.5956580617085188,
                        0.0,
                        0.0,
                        0.0,
                        0.0,
                        0.0
                    ],
                    [
                        0.9517263640958028,
                        -0.0,
                        0.0,
                        0.0,
                        0.0,
                        0.0
                    ],
                    [
                        0.9883345682116793,
                        0.0,
                        -0.0,
                        0.0,
                        0.0,
                        0.0
                    ],
                    [
                        0.0,
                        0.0,
                        0.0,
                        0.0,
                        0.0,
                        0.0
                    ],
                    [
                        -0.6927474580190351,
                        -0.0,
                        -0.0,
                        -0.0,
                        0.9488127008271712,
                        0.0
                    ]
                ]
            },
            "est_params": {
                "mui": [
                    -0.007195729820045332,
                    -0.0008192122346282212,
                    -0.01260520355460055,
                    5.050558215996602,
                    9.964724403575469,
                    9.450780438205294
                ],
                "Si": [
                    [
                        0.9375147469248968,
                        -0.5535952676977232,
                        0.9653095475359499,
                        0.47592303547944587,
                        0.6468411438170932,
                        -0.0809679074740203
                    ],
                    [
                        -0.5535952676977232,
                        1.3729610740903948,
                        -0.5354822893337449,
                        -0.06415861787044476,
                        -0.37041979396414676,
                        0.04494660097367518
                    ],
                    [
                        0.9653095475359499,
                        -0.5354822893337449,
                        2.110746590548527,
                        0.8699409843955821,
                        0.9353533244023766,
                        0.1705798508577869
                    ],
                    [
                        0.47592303547944587,
                        -0.06415861787044475,
                        0.8699409843955821,
                        26.001661837062805,
                        0.4003637474745637,
                        0.10661915967063211
                    ],
                    [
                        0.6468411438170931,
                        -0.37041979396414676,
                        0.9353533244023766,
                        0.40036374747456377,
                        2.6022263356287585,
                        2.023471662392338
                    ],
                    [
                        -0.0809679074740203,
                        0.04494660097367518,
                        0.1705798508577869,
                        0.10661915967063201,
                        2.023471662392338,
                        2.97397789582516
                    ]
                ]
            },
            "est_tgt": [
                2,
                3,
                4
            ],
            "oracle_est_tgt": [
                2,
                3,
                4
            ]
        },
        "5": {
            "intv_type": "hard",
            "inode": 5,
            "new_mui": 10,
            "new_vari": 1.0,
            "noise_type": "gaussian",
            "obs_noise_gamma_shape": null,
            "true_params": {
                "Si": [
                    [
                        1.0,
                        -0.5956580617085188,
                        0.9517263640958028,
                        0.9883345682116793,
                        2.3664449453987304,
                        0.0
                    ],
                    [
                        -0.5956580617085188,
                        1.3548085264783496,
                        -0.5669034813142019,
                        -0.5887094532204947,
                        -1.4095920093161292,
                        0.0
                    ],
                    [
                        0.9517263640958028,
                        -0.5669034813142019,
                        1.9057830721150166,
                        0.9406240651142967,
                        2.919974398344731,
                        0.0
                    ],
                    [
                        0.9883345682116793,
                        -0.5887094532204947,
                        0.9406240651142967,
                        1.9768052187221667,
                        3.32138166648517,
                        0.0
                    ],
                    [
                        2.3664449453987304,
                        -1.4095920093161292,
                        2.919974398344731,
                        3.32138166648517,
                        8.011363000811347,
                        0.0
                    ],
                    [
                        0.0,
                        0.0,
                        0.0,
                        0.0,
                        0.0,
                        1.0
                    ]
                ],
                "mui": [
                    0.0,
                    0.0,
                    0.0,
                    0.0,
                    0.0,
                    10.0
                ],
                "Ai": [
                    [
                        0.0,
                        0.0,
                        0.0,
                        0.0,
                        0.0,
                        0.0
                    ],
                    [
                        -0.5956580617085188,
                        0.0,
                        0.0,
                        0.0,
                        0.0,
                        0.0
                    ],
                    [
                        0.9517263640958028,
                        -0.0,
                        0.0,
                        0.0,
                        0.0,
                        0.0
                    ],
                    [
                        0.9883345682116793,
                        0.0,
                        -0.0,
                        0.0,
                        0.0,
                        0.0
                    ],
                    [
                        0.7598335579159495,
                        -0.0,
                        0.6677663546275064,
                        0.9825423231778043,
                        0.0,
                        0.0
                    ],
                    [
                        0.0,
                        0.0,
                        0.0,
                        0.0,
                        0.0,
                        0.0
                    ]
                ]
            },
            "est_params": {
                "mui": [
                    0.007826411366676826,
                    0.027150843635810034,
                    4.952896432834484,
                    0.02188142646499711,
                    3.38837778157658,
                    8.28232166583923
                ],
                "Si": [
                    [
                        1.0120232927686503,
                        -0.6452496795956573,
                        0.7600267753590549,
                        1.0527755803497927,
                        2.349117724862503,
                        0.42473104930274524
                    ],
                    [
                        -0.6452496795956573,
                        1.421487648894834,
                        -0.8104038803626851,
                        -0.5878743114843831,
                        -1.6516460486497926,
                        -0.14267543510339475
                    ],
                    [
                        0.7600267753590549,
                        -0.8104038803626851,
                        27.332495386982046,
                        0.9300765422140411,
                        19.861186916464042,
                        -8.70231449942941
                    ],
                    [
                        1.0527755803497925,
                        -0.5878743114843831,
                        0.9300765422140411,
                        2.0790762277881445,
                        3.533041300460594,
                        0.9444115028051602
                    ],
                    [
                        2.349117724862503,
                        -1.6516460486497926,
                        19.861186916464042,
                        3.533041300460594,
                        19.737456456871975,
                        -4.017184125446368
                    ],
                    [
                        0.42473104930274536,
                        -0.14267543510339475,
                        -8.70231449942941,
                        0.9444115028051602,
                        -4.017184125446368,
                        5.912251362731857
                    ]
                ]
            },
            "est_tgt": [
                2,
                4,
                5
            ],
            "oracle_est_tgt": [
                5
            ]
        },
        "obs": {
            "intv_type": "obs",
            "noise_type": "gaussian",
            "obs_noise_gamma_shape": null,
            "true_params": {
                "Si": [
                    [
                        1.0,
                        -0.5956580617085188,
                        0.9517263640958028,
                        0.9883345682116793,
                        2.3664449453987304,
                        1.5525655619835417
                    ],
                    [
                        -0.5956580617085188,
                        1.3548085264783496,
                        -0.5669034813142019,
                        -0.5887094532204947,
                        -1.4095920093161292,
                        -0.9247981933265136
                    ],
                    [
                        0.9517263640958028,
                        -0.5669034813142019,
                        1.9057830721150166,
                        0.9406240651142967,
                        2.919974398344731,
                        2.111202775782592
                    ],
                    [
                        0.9883345682116793,
                        -0.5887094532204947,
                        0.9406240651142967,
                        1.9768052187221667,
                        3.32138166648517,
                        2.466702849654663
                    ],
                    [
                        2.3664449453987304,
                        -1.4095920093161292,
                        2.919974398344731,
                        3.32138166648517,
                        8.011363000811347,
                        5.961934245639718
                    ],
                    [
                        1.5525655619835417,
                        -0.9247981933265136,
                        2.111202775782592,
                        2.466702849654663,
                        5.961934245639718,
                        5.581223087287431
                    ]
                ],
                "mui": [
                    0.0,
                    0.0,
                    0.0,
                    0.0,
                    0.0,
                    0.0
                ],
                "Ai": [
                    [
                        0.0,
                        0.0,
                        0.0,
                        0.0,
                        0.0,
                        0.0
                    ],
                    [
                        -0.5956580617085188,
                        0.0,
                        0.0,
                        0.0,
                        0.0,
                        0.0
                    ],
                    [
                        0.9517263640958028,
                        -0.0,
                        0.0,
                        0.0,
                        0.0,
                        0.0
                    ],
                    [
                        0.9883345682116793,
                        0.0,
                        -0.0,
                        0.0,
                        0.0,
                        0.0
                    ],
                    [
                        0.7598335579159495,
                        -0.0,
                        0.6677663546275064,
                        0.9825423231778043,
                        0.0,
                        0.0
                    ],
                    [
                        -0.6927474580190351,
                        -0.0,
                        -0.0,
                        -0.0,
                        0.9488127008271712,
                        0.0
                    ]
                ]
            },
            "est_tgt": [
                0,
                1,
                2,
                3,
                4,
                5
            ],
            "oracle_est_tgt": [
                0,
                1,
                2,
                3,
                4,
                5
            ]
        }
    },
    "metric_dict": {
        "param_est_rel_err": 200.926582850158,
        "est_num_comp": 4,
        "weight_precision_error": 0.2142857143093857,
        "gm_score_dict": {
            "1": -15.948876378406464,
            "2": -14.460487118584476,
            "3": -12.334435412603888,
            "4": -11.496223331534846,
            "5": -11.096169627398465,
            "6": -10.73597175553152,
            "7": -10.728382246799265
        },
        "est_dag": {
            "amat": [
                [
                    0,
                    1,
                    0,
                    0,
                    1,
                    1
                ],
                [
                    0,
                    0,
                    0,
                    0,
                    0,
                    0
                ],
                [
                    0,
                    0,
                    0,
                    1,
                    0,
                    0
                ],
                [
                    0,
                    0,
                    0,
                    0,
                    0,
                    0
                ],
                [
                    0,
                    0,
                    1,
                    1,
                    0,
                    1
                ],
                [
                    0,
                    0,
                    0,
                    0,
                    0,
                    0
                ]
            ],
            "nodes": [
                0,
                1,
                2,
                3,
                4,
                5
            ]
        },
        "oracle_est_dag": {
            "amat": [
                [
                    0,
                    1,
                    0,
                    0,
                    1,
                    1
                ],
                [
                    0,
                    0,
                    0,
                    0,
                    0,
                    0
                ],
                [
                    0,
                    0,
                    0,
                    0,
                    0,
                    0
                ],
                [
                    0,
                    0,
                    1,
                    0,
                    0,
                    0
                ],
                [
                    0,
                    0,
                    1,
                    1,
                    0,
                    1
                ],
                [
                    0,
                    0,
                    0,
                    0,
                    0,
                    0
                ]
            ],
            "nodes": [
                0,
                1,
                2,
                3,
                4,
                5
            ]
        },
        "igsp_dag": null,
        "intv_base_est_dag": null,
        "act_dag": {
            "amat": [
                [
                    0,
                    1,
                    1,
