{
    "expt_args": {
        "save_dir": "all_expt_logs/expt_logs_sim_compsel_backward_cameraready_new_mean_largerange",
        "exp_name": "140",
        "num_nodes": 6,
        "num_tgt_prior": 7,
        "obs_noise_mean": 0.0,
        "obs_noise_var": 1.0,
        "obs_noise_gamma_shape": null,
        "noise_type": "gaussian",
        "max_edge_strength": 1.0,
        "graph_sparsity_method": "adj_dense_prop",
        "adj_dense_prop": 0.8,
        "num_parents": null,
        "new_noise_mean": 1.0,
        "mix_samples": 262144,
        "stage2_samples": 262144,
        "gmm_tol": 0.001,
        "intv_type": "hard",
        "new_noise_var": 1.0,
        "dtype": "simulation",
        "cutoff_drop_ratio": 0.07,
        "intv_targets": [
            0,
            1,
            2,
            3,
            4,
            5
        ]
    },
    "intv_args_dict": {
        "0": {
            "intv_type": "hard",
            "inode": 0,
            "new_mui": 1.0,
            "new_vari": 1.0,
            "noise_type": "gaussian",
            "obs_noise_gamma_shape": null,
            "true_params": {
                "Si": [
                    [
                        1.0,
                        0.0,
                        -0.8760052584010903,
                        0.0008732021020046998,
                        -0.3456027492869495,
                        0.48232356373654517
                    ],
                    [
                        0.0,
                        1.0,
                        0.9635506575202508,
                        -1.1037539600785111,
                        1.5067276641933913,
                        0.45207730646143796
                    ],
                    [
                        -0.8760052584010903,
                        0.9635506575202508,
                        2.695815082354069,
                        -1.6833928066722512,
                        3.0456275598560865,
                        -0.5375129626160182
                    ],
                    [
                        0.0008732021020046998,
                        -1.1037539600785111,
                        -1.6833928066722512,
                        2.601564596455243,
                        -2.9806258087840654,
                        -0.15768521091856585
                    ],
                    [
                        -0.3456027492869495,
                        1.5067276641933913,
                        3.0456275598560865,
                        -2.9806258087840654,
                        5.32481192819697,
                        -0.196390455525154
                    ],
                    [
                        0.48232356373654517,
                        0.45207730646143796,
                        -0.5375129626160182,
                        -0.15768521091856585,
                        -0.196390455525154,
                        1.7401640718943987
                    ]
                ],
                "mui": [
                    1.0,
                    0.0,
                    -0.8760052584010903,
                    0.0008732021020046998,
                    -0.3456027492869495,
                    0.48232356373654517
                ],
                "Ai": [
                    [
                        0.0,
                        0.0,
                        0.0,
                        0.0,
                        0.0,
                        0.0
                    ],
                    [
                        -0.0,
                        0.0,
                        0.0,
                        0.0,
                        0.0,
                        0.0
                    ],
                    [
                        -0.8760052584010903,
                        0.9635506575202508,
                        0.0,
                        0.0,
                        0.0,
                        0.0
                    ],
                    [
                        -0.5414660536054794,
                        -0.507214908030123,
                        -0.619105023065018,
                        0.0,
                        0.0,
                        0.0
                    ],
                    [
                        0.504923039706374,
                        0.0,
                        0.9703977198283604,
                        -0.5179599112432239,
                        0.0,
                        0.0
                    ],
                    [
                        0.0,
                        0.9826028741094235,
                        -0.5505943704229537,
                        0.0,
                        0.0,
                        0.0
                    ]
                ]
            },
            "oracle_est_tgt": [
                0
            ]
        },
        "1": {
            "intv_type": "hard",
            "inode": 1,
            "new_mui": 1.0,
            "new_vari": 1.0,
            "noise_type": "gaussian",
            "obs_noise_gamma_shape": null,
            "true_params": {
                "Si": [
                    [
                        1.0,
                        0.0,
                        -0.8760052584010903,
                        0.0008732021020046998,
                        -0.3456027492869495,
                        0.48232356373654517
                    ],
                    [
                        0.0,
                        1.0,
                        0.9635506575202508,
                        -1.1037539600785111,
                        1.5067276641933913,
                        0.45207730646143796
                    ],
                    [
                        -0.8760052584010903,
                        0.9635506575202508,
                        2.695815082354069,
                        -1.6833928066722512,
                        3.0456275598560865,
                        -0.5375129626160182
                    ],
                    [
                        0.0008732021020046998,
                        -1.1037539600785111,
                        -1.6833928066722512,
                        2.601564596455243,
                        -2.9806258087840654,
                        -0.15768521091856585
                    ],
                    [
                        -0.3456027492869495,
                        1.5067276641933913,
                        3.0456275598560865,
                        -2.9806258087840654,
                        5.32481192819697,
                        -0.196390455525154
                    ],
                    [
                        0.48232356373654517,
                        0.45207730646143796,
                        -0.5375129626160182,
                        -0.15768521091856585,
                        -0.196390455525154,
                        1.7401640718943987
                    ]
                ],
                "mui": [
                    0.0,
                    1.0,
                    0.9635506575202508,
                    -1.1037539600785111,
                    1.5067276641933913,
                    0.45207730646143796
                ],
                "Ai": [
                    [
                        0.0,
                        0.0,
                        0.0,
                        0.0,
                        0.0,
                        0.0
                    ],
                    [
                        0.0,
                        0.0,
                        0.0,
                        0.0,
                        0.0,
                        0.0
                    ],
                    [
                        -0.8760052584010903,
                        0.9635506575202508,
                        0.0,
                        0.0,
                        0.0,
                        0.0
                    ],
                    [
                        -0.5414660536054794,
                        -0.507214908030123,
                        -0.619105023065018,
                        0.0,
                        0.0,
                        0.0
                    ],
                    [
                        0.504923039706374,
                        0.0,
                        0.9703977198283604,
                        -0.5179599112432239,
                        0.0,
                        0.0
                    ],
                    [
                        0.0,
                        0.9826028741094235,
                        -0.5505943704229537,
                        0.0,
                        0.0,
                        0.0
                    ]
                ]
            },
            "oracle_est_tgt": [
                1
            ]
        },
        "2": {
            "intv_type": "hard",
            "inode": 2,
            "new_mui": 1.0,
            "new_vari": 1.0,
            "noise_type": "gaussian",
            "obs_noise_gamma_shape": null,
            "true_params": {
                "Si": [
                    [
                        1.0,
                        0.0,
                        0.0,
                        -0.5414660536054794,
                        0.7853807487730868,
                        0.0
                    ],
                    [
                        0.0,
                        1.0,
                        0.0,
                        -0.507214908030123,
                        0.26271698874452254,
                        0.9826028741094235
                    ],
                    [
                        0.0,
                        0.0,
                        1.0,
                        -0.619105023065018,
                        1.2910693026253512,
                        -0.5505943704229537
                    ],
                    [
                        -0.5414660536054794,
                        -0.507214908030123,
                        -0.619105023065018,
                        1.9337434797194346,
                        -1.8757783895235125,
                        -0.15751508602137398
                    ],
                    [
                        0.7853807487730868,
                        0.26271698874452254,
                        1.2910693026253512,
                        -1.8757783895235125,
                        3.620985550554963,
                        -0.4527090216336662
                    ],
                    [
                        0.0,
                        0.9826028741094235,
                        -0.5505943704229537,
                        -0.15751508602137398,
                        -0.4527090216336662,
                        2.2686625689495483
                    ]
                ],
                "mui": [
                    0.0,
                    0.0,
                    1.0,
                    -0.619105023065018,
                    1.2910693026253512,
                    -0.5505943704229537
                ],
                "Ai": [
                    [
                        0.0,
                        0.0,
                        0.0,
                        0.0,
                        0.0,
                        0.0
                    ],
                    [
                        -0.0,
                        0.0,
                        0.0,
                        0.0,
                        0.0,
                        0.0
                    ],
                    [
                        0.0,
                        0.0,
                        0.0,
                        0.0,
                        0.0,
                        0.0
                    ],
                    [
                        -0.5414660536054794,
                        -0.507214908030123,
                        -0.619105023065018,
                        0.0,
                        0.0,
                        0.0
                    ],
                    [
                        0.504923039706374,
                        0.0,
                        0.9703977198283604,
                        -0.5179599112432239,
                        0.0,
                        0.0
                    ],
                    [
                        0.0,
                        0.9826028741094235,
                        -0.5505943704229537,
                        0.0,
                        0.0,
                        0.0
                    ]
                ]
            },
            "oracle_est_tgt": [
                2,
                3
            ]
        },
        "3": {
            "intv_type": "hard",
            "inode": 3,
            "new_mui": 1.0,
            "new_vari": 1.0,
            "noise_type": "gaussian",
            "obs_noise_gamma_shape": null,
            "true_params": {
                "Si": [
                    [
                        1.0,
                        0.0,
                        -0.8760052584010903,
                        0.0,
                        -0.3451504656036978,
                        0.48232356373654517
                    ],
                    [
                        0.0,
                        1.0,
                        0.9635506575202508,
                        0.0,
                        0.9350273609967689,
                        0.45207730646143796
                    ],
                    [
                        -0.8760052584010903,
                        0.9635506575202508,
                        2.695815082354069,
                        0.0,
                        2.173697571124646,
                        -0.5375129626160182
                    ],
                    [
                        0.0,
                        0.0,
                        0.0,
                        1.0,
                        -0.5179599112432239,
                        0.0
                    ],
                    [
                        -0.3451504656036978,
                        0.9350273609967689,
                        2.173697571124646,
                        -0.5179599112432239,
                        3.2033592140222007,
                        -0.27806507337690345
                    ],
                    [
                        0.48232356373654517,
                        0.45207730646143796,
                        -0.5375129626160182,
                        0.0,
                        -0.27806507337690345,
                        1.7401640718943987
                    ]
                ],
                "mui": [
                    0.0,
                    0.0,
                    0.0,
                    1.0,
                    -0.5179599112432239,
                    0.0
                ],
                "Ai": [
                    [
                        0.0,
                        0.0,
                        0.0,
                        0.0,
                        0.0,
                        0.0
                    ],
                    [
                        -0.0,
                        0.0,
                        0.0,
                        0.0,
                        0.0,
                        0.0
                    ],
                    [
                        -0.8760052584010903,
                        0.9635506575202508,
                        0.0,
                        0.0,
                        0.0,
                        0.0
                    ],
                    [
                        0.0,
                        0.0,
                        0.0,
                        0.0,
                        0.0,
                        0.0
                    ],
                    [
                        0.504923039706374,
                        0.0,
                        0.9703977198283604,
                        -0.5179599112432239,
                        0.0,
                        0.0
                    ],
                    [
                        0.0,
                        0.9826028741094235,
                        -0.5505943704229537,
                        0.0,
                        0.0,
                        0.0
                    ]
                ]
            },
            "oracle_est_tgt": [
                2,
                3
            ]
        },
        "4": {
            "intv_type": "hard",
            "inode": 4,
            "new_mui": 1.0,
            "new_vari": 1.0,
            "noise_type": "gaussian",
            "obs_noise_gamma_shape": null,
            "true_params": {
                "Si": [
                    [
                        1.0,
                        0.0,
                        -0.8760052584010903,
                        0.0008732021020046998,
                        0.0,
                        0.48232356373654517
                    ],
                    [
                        0.0,
                        1.0,
                        0.9635506575202508,
                        -1.1037539600785111,
                        0.0,
                        0.45207730646143796
                    ],
                    [
                        -0.8760052584010903,
                        0.9635506575202508,
                        2.695815082354069,
                        -1.6833928066722512,
                        0.0,
                        -0.5375129626160182
                    ],
                    [
                        0.0008732021020046998,
                        -1.1037539600785111,
                        -1.6833928066722512,
                        2.601564596455243,
                        0.0,
                        -0.15768521091856585
                    ],
                    [
                        0.0,
                        0.0,
                        0.0,
                        0.0,
                        1.0,
                        0.0
                    ],
                    [
                        0.48232356373654517,
                        0.45207730646143796,
                        -0.5375129626160182,
                        -0.15768521091856585,
                        0.0,
                        1.7401640718943987
                    ]
                ],
                "mui": [
                    0.0,
                    0.0,
                    0.0,
                    0.0,
                    1.0,
                    0.0
                ],
                "Ai": [
                    [
                        0.0,
                        0.0,
                        0.0,
                        0.0,
                        0.0,
                        0.0
                    ],
                    [
                        -0.0,
                        0.0,
                        0.0,
                        0.0,
                        0.0,
                        0.0
                    ],
                    [
                        -0.8760052584010903,
                        0.9635506575202508,
                        0.0,
                        0.0,
                        0.0,
                        0.0
                    ],
                    [
                        -0.5414660536054794,
                        -0.507214908030123,
                        -0.619105023065018,
                        0.0,
                        0.0,
                        0.0
                    ],
                    [
                        0.0,
                        0.0,
                        0.0,
                        0.0,
                        0.0,
                        0.0
                    ],
                    [
                        0.0,
                        0.9826028741094235,
                        -0.5505943704229537,
                        0.0,
                        0.0,
                        0.0
                    ]
                ]
            },
            "oracle_est_tgt": [
                4
            ]
        },
        "5": {
            "intv_type": "hard",
            "inode": 5,
            "new_mui": 1.0,
            "new_vari": 1.0,
            "noise_type": "gaussian",
            "obs_noise_gamma_shape": null,
            "true_params": {
                "Si": [
                    [
                        1.0,
                        0.0,
                        -0.8760052584010903,
                        0.0008732021020046998,
                        -0.3456027492869495,
                        0.0
                    ],
                    [
                        0.0,
                        1.0,
                        0.9635506575202508,
                        -1.1037539600785111,
                        1.5067276641933913,
                        0.0
                    ],
                    [
                        -0.8760052584010903,
                        0.9635506575202508,
                        2.695815082354069,
                        -1.6833928066722512,
                        3.0456275598560865,
                        0.0
                    ],
                    [
                        0.0008732021020046998,
                        -1.1037539600785111,
                        -1.6833928066722512,
                        2.601564596455243,
                        -2.9806258087840654,
                        0.0
                    ],
                    [
                        -0.3456027492869495,
                        1.5067276641933913,
                        3.0456275598560865,
                        -2.9806258087840654,
                        5.32481192819697,
                        0.0
                    ],
                    [
                        0.0,
                        0.0,
                        0.0,
                        0.0,
                        0.0,
                        1.0
                    ]
                ],
                "mui": [
                    0.0,
                    0.0,
                    0.0,
                    0.0,
                    0.0,
                    1.0
                ],
                "Ai": [
                    [
                        0.0,
                        0.0,
                        0.0,
                        0.0,
                        0.0,
                        0.0
                    ],
                    [
                        -0.0,
                        0.0,
                        0.0,
                        0.0,
                        0.0,
                        0.0
                    ],
                    [
                        -0.8760052584010903,
                        0.9635506575202508,
                        0.0,
                        0.0,
                        0.0,
                        0.0
                    ],
                    [
                        -0.5414660536054794,
                        -0.507214908030123,
                        -0.619105023065018,
                        0.0,
                        0.0,
                        0.0
                    ],
                    [
                        0.504923039706374,
                        0.0,
                        0.9703977198283604,
                        -0.5179599112432239,
                        0.0,
                        0.0
                    ],
                    [
                        0.0,
                        0.0,
                        0.0,
                        0.0,
                        0.0,
                        0.0
                    ]
                ]
            },
            "oracle_est_tgt": [
                5
            ]
        },
        "obs": {
            "intv_type": "obs",
            "noise_type": "gaussian",
            "obs_noise_gamma_shape": null,
            "true_params": {
                "Si": [
                    [
                        1.0,
                        0.0,
                        -0.8760052584010903,
                        0.0008732021020046998,
                        -0.3456027492869495,
                        0.48232356373654517
                    ],
                    [
                        0.0,
                        1.0,
                        0.9635506575202508,
                        -1.1037539600785111,
                        1.5067276641933913,
                        0.45207730646143796
                    ],
                    [
                        -0.8760052584010903,
                        0.9635506575202508,
                        2.695815082354069,
                        -1.6833928066722512,
                        3.0456275598560865,
                        -0.5375129626160182
                    ],
                    [
                        0.0008732021020046998,
                        -1.1037539600785111,
                        -1.6833928066722512,
                        2.601564596455243,
                        -2.9806258087840654,
                        -0.15768521091856585
                    ],
                    [
                        -0.3456027492869495,
                        1.5067276641933913,
                        3.0456275598560865,
                        -2.9806258087840654,
                        5.32481192819697,
                        -0.196390455525154
                    ],
                    [
                        0.48232356373654517,
                        0.45207730646143796,
                        -0.5375129626160182,
                        -0.15768521091856585,
                        -0.196390455525154,
                        1.7401640718943987
                    ]
                ],
                "mui": [
                    0.0,
                    0.0,
                    0.0,
                    0.0,
                    0.0,
                    0.0
                ],
                "Ai": [
                    [
                        0.0,
                        0.0,
                        0.0,
                        0.0,
                        0.0,
                        0.0
                    ],
                    [
                        -0.0,
                        0.0,
                        0.0,
                        0.0,
                        0.0,
                        0.0
                    ],
                    [
                        -0.8760052584010903,
                        0.9635506575202508,
                        0.0,
                        0.0,
                        0.0,
                        0.0
                    ],
                    [
                        -0.5414660536054794,
                        -0.507214908030123,
                        -0.619105023065018,
                        0.0,
                        0.0,
                        0.0
                    ],
                    [
                        0.504923039706374,
                        0.0,
                        0.9703977198283604,
                        -0.5179599112432239,
                        0.0,
                        0.0
                    ],
                    [
                        0.0,
                        0.9826028741094235,
                        -0.5505943704229537,
                        0.0,
                        0.0,
                        0.0
                    ]
                ]
            },
            "est_params": {
                "mui": [
                    0.14759544998772164,
                    0.14342855376642313,
                    0.14855692735311266,
                    -0.10339287452964258,
                    0.4200502258902226,
                    0.19854035324947378
                ],
                "Si": [
                    [
                        1.1235979417472084,
                        -0.019691351951701793,
                        -0.8974925478385449,
                        -0.0645879299670309,
                        -0.24554960904653558,
                        0.3838715738585634
                    ],
                    [
                        -0.019691351951701793,
                        1.1246836439512728,
                        0.9418042001379346,
                        -1.0052740203851933,
                        1.1882323282535199,
                        0.5006605908928521
                    ],
                    [
                        -0.8974925478385449,
                        0.9418042001379346,
                        2.812745983000396,
                        -1.5158600676631913,
                        2.602585940398525,
                        -0.5663088167269592
                    ],
                    [
                        -0.0645879299670309,
                        -1.0052740203851933,
                        -1.5158600676631913,
                        2.6336951353882423,
                        -2.422995528254965,
                        -0.1185768920360922
                    ],
                    [
                        -0.24554960904653558,
                        1.1882323282535199,
                        2.602585940398525,
                        -2.422995528254965,
                        4.7378357152254,
                        -0.29625573071204464
                    ],
                    [
                        0.3838715738585634,
                        0.5006605908928521,
                        -0.5663088167269592,
                        -0.1185768920360922,
                        -0.29625573071204464,
                        1.9133107434994263
                    ]
                ]
            },
            "est_tgt": [
                0,
                1,
                2,
                3,
                4,
                5
            ],
            "oracle_est_tgt": [
                0,
                1,
                2,
                3,
                4,
                5
            ]
        }
    },
    "metric_dict": {
        "param_est_rel_err": 6.57587831103007,
        "est_num_comp": 1,
        "weight_precision_error": 0.0,
        "gm_score_dict": {
            "1": -9.255536657891444,
            "2": -9.155472476960181,
            "3": -9.120964894966816,
            "4": -9.083131812477998,
            "5": -9.086328449118378,
            "6": -9.090767938484488,
            "7": -9.086925789476222
        },
        "est_dag": {
            "amat": [
                [
                    0,
                    0,
                    1,
                    0,
                    1,
                    0
                ],
                [
                    0,
                    0,
                    1,
                    0,
                    0,
                    1
                ],
                [
                    0,
                    0,
                    0,
                    0,
                    1,
                    1
                ],
                [
                    0,
                    1,
                    1,
                    0,
                    1,
                    0
                ],
                [
                    0,
                    0,
                    0,
                    0,
                    0,
                    0
                ],
                [
                    0,
                    0,
                    0,
                    0,
                    0,
                    0
                ]
            ],
            "nodes": [
                0,
                1,
                2,
                3,
                4,
                5
            ]
        },
        "oracle_est_dag": {
            "amat": [
                [
                    0,
                    0,
                    1,
                    0,
                    1,
                    0
                ],
                [
                    0,
                    0,
                    1,
                    1,
                    0,
                    1
                ],
                [
                    0,
                    0,
                    0,
                    0,
                    1,
                    1
                ],
                [
                    0,
                    0,
                    1,
                    0,
                    1,
                    0
                ],
                [
                    0,
                    0,
                    0,
                    0,
                    0,
                    0
                ],
                [
                    0,
                    0,
                    0,
                    0,
                    0,
                    0
                ]
            ],
            "nodes": [
                0,
                1,
                2,
                3,
                4,
                5
            ]
        },
        "igsp_dag": null,
        "intv_base_est_dag": null,
        "act_dag": {
            "amat": [
                [
                    0,
                    0,
                    1,
                    1,
                    1,
                    0
                ],
                [
                    0,
                    0,
                    1,
                    1,
                    0,
                    1
                ],
                [
                    0,
                    0,
                    0,
                    1,
                    1,
                    1
                ],
                [
                    0,
                    0,
                    0,
                    0,
                    1,
                    0
                ],
                [
                    0,
                    0,
                    0,
                    0,
                    0,
                    0
                ],
                [
                    0,
                    0,
                    0,
                    0,
                    0,
                    0
                ]
            ],
            "nodes": [
                0,
                1,
                2,
                3,
                4,
                5
            ]
        },
        "shd": 3,
        "oracle_shd": 2,
        "intv_base_shd": null,
        "igsp_shd": null,
        "avg_js": 0.0,
        "avg_oracle_js": 0.7142857142857143
    }
}