{
    "expt_args": {
        "save_dir": "all_expt_logs/expt_logs_sim_compsel_backward_cameraready_new_mean_largerange",
        "exp_name": "114",
        "num_nodes": 6,
        "num_tgt_prior": 7,
        "obs_noise_mean": 0.0,
        "obs_noise_var": 1.0,
        "obs_noise_gamma_shape": null,
        "noise_type": "gaussian",
        "max_edge_strength": 1.0,
        "graph_sparsity_method": "adj_dense_prop",
        "adj_dense_prop": 0.8,
        "num_parents": null,
        "new_noise_mean": 100,
        "mix_samples": 16384,
        "stage2_samples": 16384,
        "gmm_tol": 0.001,
        "intv_type": "hard",
        "new_noise_var": 1.0,
        "dtype": "simulation",
        "cutoff_drop_ratio": 0.07,
        "intv_targets": [
            0,
            1,
            2,
            3,
            4,
            5
        ]
    },
    "intv_args_dict": {
        "0": {
            "intv_type": "hard",
            "inode": 0,
            "new_mui": 100,
            "new_vari": 1.0,
            "noise_type": "gaussian",
            "obs_noise_gamma_shape": null,
            "true_params": {
                "Si": [
                    [
                        1.0,
                        0.0,
                        0.6721013467435509,
                        -0.11050363807201763,
                        0.5047628189468181,
                        -0.4258377271459153
                    ],
                    [
                        0.0,
                        1.0,
                        0.0,
                        0.588116543616793,
                        0.3371587492326913,
                        -0.664868744406613
                    ],
                    [
                        0.6721013467435509,
                        0.0,
                        1.451720220294495,
                        0.5999807321091731,
                        -0.9487332782229314,
                        0.16624483959821545
                    ],
                    [
                        -0.11050363807201763,
                        0.588116543616793,
                        0.5999807321091731,
                        1.8127056925434815,
                        -1.657120067784407,
                        1.2649902336767131
                    ],
                    [
                        0.5047628189468181,
                        0.3371587492326913,
                        -0.9487332782229314,
                        -1.657120067784407,
                        3.8945119509630683,
                        -3.012048445196971
                    ],
                    [
                        -0.4258377271459153,
                        -0.664868744406613,
                        0.16624483959821545,
                        1.2649902336767131,
                        -3.012048445196971,
                        4.130395322659595
                    ]
                ],
                "mui": [
                    100.0,
                    0.0,
                    67.21013467435509,
                    -11.050363807201762,
                    50.476281894681804,
                    -42.583772714591525
                ],
                "Ai": [
                    [
                        0.0,
                        0.0,
                        0.0,
                        0.0,
                        0.0,
                        0.0
                    ],
                    [
                        -0.0,
                        0.0,
                        0.0,
                        0.0,
                        0.0,
                        0.0
                    ],
                    [
                        0.6721013467435509,
                        -0.0,
                        0.0,
                        0.0,
                        0.0,
                        0.0
                    ],
                    [
                        -0.5636682238760095,
                        0.588116543616793,
                        0.6742503760774381,
                        0.0,
                        0.0,
                        0.0
                    ],
                    [
                        0.8455279741227122,
                        0.8848165061271023,
                        -0.66011893508566,
                        -0.9312061747599056,
                        0.0,
                        0.0
                    ],
                    [
                        0.6611561751573276,
                        -0.7450933572345018,
                        -0.9389460262620006,
                        0.5812766090182492,
                        -0.7759958119095007,
                        0.0
                    ]
                ]
            },
            "est_params": {
                "mui": [
                    100.00139208159578,
                    0.024808729377465987,
                    67.22506567920759,
                    -11.03303187560967,
                    50.44151647506164,
                    -42.61728439059827
                ],
                "Si": [
                    [
                        0.9814928471678278,
                        0.02518534202602349,
                        0.6439505899939358,
                        -0.09003848061572037,
                        0.48818326696848136,
                        -0.41124348048318626
                    ],
                    [
                        0.02518534202602349,
                        1.0466148915253666,
                        0.03114691492299213,
                        0.6177402642234643,
                        0.3687021764097235,
                        -0.6937524008669478
                    ],
                    [
                        0.6439505899939358,
                        0.03114691492299213,
                        1.4738437887083453,
                        0.6824016743750646,
                        -1.0496503853955856,
                        0.21114328249051253
                    ],
                    [
                        -0.09003848061572037,
                        0.6177402642234643,
                        0.6824016743750646,
                        1.8202143113539275,
                        -1.6986589318993508,
                        1.1987831141540208
                    ],
                    [
                        0.48818326696848136,
                        0.3687021764097235,
                        -1.0496503853955856,
                        -1.6986589318993508,
                        4.008478811155468,
                        -3.0134597458624244
                    ],
                    [
                        -0.41124348048318626,
                        -0.6937524008669478,
                        0.21114328249051253,
                        1.1987831141540208,
                        -3.0134597458624244,
                        4.049615145014799
                    ]
                ]
            },
            "est_tgt": [
                0,
                3,
                5
            ],
            "oracle_est_tgt": [
                0,
                2,
                4,
                5
            ]
        },
        "1": {
            "intv_type": "hard",
            "inode": 1,
            "new_mui": 100,
            "new_vari": 1.0,
            "noise_type": "gaussian",
            "obs_noise_gamma_shape": null,
            "true_params": {
                "Si": [
                    [
                        1.0,
                        0.0,
                        0.6721013467435509,
                        -0.11050363807201763,
                        0.5047628189468181,
                        -0.4258377271459153
                    ],
                    [
                        0.0,
                        1.0,
                        0.0,
                        0.588116543616793,
                        0.3371587492326913,
                        -0.664868744406613
                    ],
                    [
                        0.6721013467435509,
                        0.0,
                        1.451720220294495,
                        0.5999807321091731,
                        -0.9487332782229314,
                        0.16624483959821545
                    ],
                    [
                        -0.11050363807201763,
                        0.588116543616793,
                        0.5999807321091731,
                        1.8127056925434815,
                        -1.657120067784407,
                        1.2649902336767131
                    ],
                    [
                        0.5047628189468181,
                        0.3371587492326913,
                        -0.9487332782229314,
                        -1.657120067784407,
                        3.8945119509630683,
                        -3.012048445196971
                    ],
                    [
                        -0.4258377271459153,
                        -0.664868744406613,
                        0.16624483959821545,
                        1.2649902336767131,
                        -3.012048445196971,
                        4.130395322659595
                    ]
                ],
                "mui": [
                    0.0,
                    100.0,
                    0.0,
                    58.8116543616793,
                    33.715874923269126,
                    -66.4868744406613
                ],
                "Ai": [
                    [
                        0.0,
                        0.0,
                        0.0,
                        0.0,
                        0.0,
                        0.0
                    ],
                    [
                        0.0,
                        0.0,
                        0.0,
                        0.0,
                        0.0,
                        0.0
                    ],
                    [
                        0.6721013467435509,
                        -0.0,
                        0.0,
                        0.0,
                        0.0,
                        0.0
                    ],
                    [
                        -0.5636682238760095,
                        0.588116543616793,
                        0.6742503760774381,
                        0.0,
                        0.0,
                        0.0
                    ],
                    [
                        0.8455279741227122,
                        0.8848165061271023,
                        -0.66011893508566,
                        -0.9312061747599056,
                        0.0,
                        0.0
                    ],
                    [
                        0.6611561751573276,
                        -0.7450933572345018,
                        -0.9389460262620006,
                        0.5812766090182492,
                        -0.7759958119095007,
                        0.0
                    ]
                ]
            },
            "est_params": {
                "mui": [
                    -0.007223039241583496,
                    99.99351529282097,
                    -0.044708029113775916,
                    58.7858577478169,
                    33.753634666761066,
                    -66.45943925035245
                ],
                "Si": [
                    [
                        1.0056742697958354,
                        -0.016425674223251658,
                        0.699506120119112,
                        -0.09923262317567268,
                        0.4727051065548909,
                        -0.3985813711368913
                    ],
                    [
                        -0.016425674223251658,
                        0.9990311990191277,
                        0.006377232312933896,
                        0.5938759685606775,
                        0.31437290972894544,
                        -0.6647989251339285
                    ],
                    [
                        0.699506120119112,
                        0.006377232312933896,
                        1.5449117390176914,
                        0.644414065286904,
                        -1.0050090252666952,
                        0.15446262281976342
                    ],
                    [
                        -0.09923262317567268,
                        0.5938759685606775,
                        0.644414065286904,
                        1.8152366774375872,
                        -1.6826679759153993,
                        1.2429932882619368
                    ],
                    [
                        0.4727051065548909,
                        0.31437290972894544,
                        -1.0050090252666952,
                        -1.6826679759153993,
                        3.8842665245399113,
                        -2.97430036482731
                    ],
                    [
                        -0.3985813711368913,
                        -0.6647989251339285,
                        0.15446262281976342,
                        1.2429932882619368,
                        -2.97430036482731,
                        4.116399617375186
                    ]
                ]
            },
            "est_tgt": [
                0,
                1,
                2,
                3,
                4,
                5
            ],
            "oracle_est_tgt": [
                1
            ]
        },
        "2": {
            "intv_type": "hard",
            "inode": 2,
            "new_mui": 100,
            "new_vari": 1.0,
            "noise_type": "gaussian",
            "obs_noise_gamma_shape": null,
            "true_params": {
                "Si": [
                    [
                        1.0,
                        0.0,
                        0.0,
                        -0.5636682238760095,
                        1.370419304712001,
                        -0.7299306196451011
                    ],
                    [
                        0.0,
                        1.0,
                        0.0,
                        0.588116543616793,
                        0.3371587492326913,
                        -0.664868744406613
                    ],
                    [
                        0.0,
                        0.0,
                        1.0,
                        0.6742503760774381,
                        -1.287985048623159,
                        0.4524509495071979
                    ],
                    [
                        -0.5636682238760095,
                        0.588116543616793,
                        0.6742503760774381,
                        2.118216505123865,
                        -2.373803755379706,
                        1.6293723115268395
                    ],
                    [
                        1.370419304712001,
                        0.3371587492326913,
                        -1.287985048623159,
                        -2.373803755379706,
                        5.5177755182992545,
                        -3.797412405890932
                    ],
                    [
                        -0.7299306196451011,
                        -0.664868744406613,
                        0.4524509495071979,
                        1.6293723115268395,
                        -3.797412405890932,
                        4.4818562622942775
                    ]
                ],
                "mui": [
                    0.0,
                    0.0,
                    100.0,
                    67.4250376077438,
                    -128.7985048623159,
                    45.24509495071979
                ],
                "Ai": [
                    [
                        0.0,
                        0.0,
                        0.0,
                        0.0,
                        0.0,
                        0.0
                    ],
                    [
                        -0.0,
                        0.0,
                        0.0,
                        0.0,
                        0.0,
                        0.0
                    ],
                    [
                        0.0,
                        0.0,
                        0.0,
                        0.0,
                        0.0,
                        0.0
                    ],
                    [
                        -0.5636682238760095,
                        0.588116543616793,
                        0.6742503760774381,
                        0.0,
                        0.0,
                        0.0
                    ],
                    [
                        0.8455279741227122,
                        0.8848165061271023,
                        -0.66011893508566,
                        -0.9312061747599056,
                        0.0,
                        0.0
                    ],
                    [
                        0.6611561751573276,
                        -0.7450933572345018,
                        -0.9389460262620006,
                        0.5812766090182492,
                        -0.7759958119095007,
                        0.0
                    ]
                ]
            },
            "est_params": {
                "mui": [
                    -0.0006882825972408423,
                    -0.010686952600501764,
                    100.0077723364684,
                    67.41672349126662,
                    -128.80806744396435,
                    45.23811207031337
                ],
                "Si": [
                    [
                        0.9544495008889066,
                        0.022747086668335494,
                        0.03133465936365602,
                        -0.49035019608346087,
                        1.2445440728032964,
                        -0.6851161836109405
                    ],
                    [
                        0.022747086668335494,
                        0.9818738044236567,
                        -0.01700145449092411,
                        0.5703036207757464,
                        0.3914538656486683,
                        -0.7106669852723944
                    ],
                    [
                        0.03133465936365602,
                        -0.01700145449092411,
                        0.9888526964004042,
                        0.6331330383242337,
                        -1.225536264643488,
                        0.4344105549435154
                    ],
                    [
                        -0.49035019608346087,
                        0.5703036207757464,
                        0.6331330383242337,
                        2.0372086279171238,
                        -2.2322945384291697,
                        1.5556729406540537
                    ],
                    [
                        1.2445440728032964,
                        0.3914538656486683,
                        -1.225536264643488,
                        -2.2322945384291697,
                        5.257006293077967,
                        -3.7608307576105715
                    ],
                    [
                        -0.6851161836109405,
                        -0.7106669852723944,
                        0.4344105549435154,
                        1.5556729406540537,
                        -3.7608307576105715,
                        4.547057360966509
                    ]
                ]
            },
            "est_tgt": [
                0,
                2,
                3
            ],
            "oracle_est_tgt": [
                0,
                2,
                4,
                5
            ]
        },
        "3": {
            "intv_type": "hard",
            "inode": 3,
            "new_mui": 100,
            "new_vari": 1.0,
            "noise_type": "gaussian",
            "obs_noise_gamma_shape": null,
            "true_params": {
                "Si": [
                    [
                        1.0,
                        0.0,
                        0.6721013467435509,
                        0.0,
                        0.40186114884072144,
                        -0.2817532820824089
                    ],
                    [
                        0.0,
                        1.0,
                        0.0,
                        0.0,
                        0.8848165061271023,
                        -1.4317072602975303
                    ],
                    [
                        0.6721013467435509,
                        0.0,
                        1.451720220294495,
                        0.0,
                        -0.39002751574590055,
                        -0.6160632576103715
                    ],
                    [
                        0.0,
                        0.0,
                        0.0,
                        1.0,
                        -0.9312061747599056,
                        1.3038887006562025
                    ],
                    [
                        0.40186114884072144,
                        0.8848165061271023,
                        -0.39002751574590055,
                        -0.9312061747599056,
                        3.2472945808321585,
                        -3.0885384972558967
                    ],
                    [
                        -0.2817532820824089,
                        -1.4317072602975303,
                        -0.6160632576103715,
                        1.3038887006562025,
                        -3.0885384972558967,
                        5.613535735738237
                    ]
                ],
                "mui": [
                    0.0,
                    0.0,
                    0.0,
                    100.0,
                    -93.12061747599057,
                    130.38887006562027
                ],
                "Ai": [
                    [
                        0.0,
                        0.0,
                        0.0,
                        0.0,
                        0.0,
                        0.0
                    ],
                    [
                        -0.0,
                        0.0,
                        0.0,
                        0.0,
                        0.0,
                        0.0
                    ],
                    [
                        0.6721013467435509,
                        -0.0,
                        0.0,
                        0.0,
                        0.0,
                        0.0
                    ],
                    [
                        0.0,
                        0.0,
                        0.0,
                        0.0,
                        0.0,
                        0.0
                    ],
                    [
                        0.8455279741227122,
                        0.8848165061271023,
                        -0.66011893508566,
                        -0.9312061747599056,
                        0.0,
                        0.0
                    ],
                    [
                        0.6611561751573276,
                        -0.7450933572345018,
                        -0.9389460262620006,
                        0.5812766090182492,
                        -0.7759958119095007,
                        0.0
                    ]
                ]
            },
            "est_params": {
                "mui": [
                    -0.015971948665853965,
                    -0.021843430336437833,
                    0.013096039929529821,
                    99.99216460185995,
                    -93.14332692293421,
                    130.37026521719503
                ],
                "Si": [
                    [
                        1.0203399510984266,
                        -0.004503536424520717,
                        0.6849454144269908,
                        -0.0207330767161203,
                        0.39779767201449745,
                        -0.29917927421907564
                    ],
                    [
                        -0.004503536424520717,
                        1.013269294644214,
                        0.031007657731877525,
                        0.01542593992387265,
                        0.8370129818786994,
                        -1.4077481484827497
                    ],
                    [
                        0.6849454144269908,
                        0.031007657731877525,
                        1.4152482352531641,
                        -0.01655267982217206,
                        -0.3276991281964414,
                        -0.6479719107439944
                    ],
                    [
                        -0.0207330767161203,
                        0.01542593992387265,
                        -0.01655267982217206,
                        1.0025482810498232,
                        -0.9366937852859947,
                        1.3205549230765026
                    ],
                    [
                        0.39779767201449745,
                        0.8370129818786994,
                        -0.3276991281964414,
                        -0.9366937852859947,
                        3.093976522831097,
                        -3.024294208544123
                    ],
                    [
                        -0.29917927421907564,
                        -1.4077481484827497,
                        -0.6479719107439944,
                        1.3205549230765026,
                        -3.024294208544123,
                        5.589121733427595
                    ]
                ]
            },
            "est_tgt": [
                0,
                1,
                2,
                3,
                5
            ],
            "oracle_est_tgt": [
                0,
                3,
                4,
                5
            ]
        },
        "4": {
            "intv_type": "hard",
            "inode": 4,
            "new_mui": 100,
            "new_vari": 1.0,
            "noise_type": "gaussian",
            "obs_noise_gamma_shape": null,
            "true_params": {
                "Si": [
                    [
                        1.0,
                        0.0,
                        0.6721013467435509,
                        -0.11050363807201763,
                        0.0,
                        -0.034143893635550863
                    ],
                    [
                        0.0,
                        1.0,
                        0.0,
                        0.588116543616793,
                        0.0,
                        -0.40323496705339906
                    ],
                    [
                        0.6721013467435509,
                        0.0,
                        1.451720220294495,
                        0.5999807321091731,
                        0.0,
                        -0.5699682109219505
                    ],
                    [
                        -0.11050363807201763,
                        0.588116543616793,
                        0.5999807321091731,
                        1.8127056925434815,
                        0.0,
                        -0.020927998755174593
                    ],
                    [
                        0.0,
                        0.0,
                        0.0,
                        0.0,
                        1.0,
                        -0.7759958119095007
                    ],
                    [
                        -0.034143893635550863,
                        -0.40323496705339906,
                        -0.5699682109219505,
                        -0.020927998755174593,
                        -0.7759958119095007,
                        2.403047179927068
                    ]
                ],
                "mui": [
                    0.0,
                    0.0,
                    0.0,
                    0.0,
                    100.0,
                    -77.59958119095008
                ],
                "Ai": [
                    [
                        0.0,
                        0.0,
                        0.0,
                        0.0,
                        0.0,
                        0.0
                    ],
                    [
                        -0.0,
                        0.0,
                        0.0,
                        0.0,
                        0.0,
                        0.0
                    ],
                    [
                        0.6721013467435509,
                        -0.0,
                        0.0,
                        0.0,
                        0.0,
                        0.0
                    ],
                    [
                        -0.5636682238760095,
                        0.588116543616793,
                        0.6742503760774381,
                        0.0,
                        0.0,
                        0.0
                    ],
                    [
                        0.0,
                        0.0,
                        0.0,
                        0.0,
                        0.0,
                        0.0
                    ],
                    [
                        0.6611561751573276,
                        -0.7450933572345018,
                        -0.9389460262620006,
                        0.5812766090182492,
                        -0.7759958119095007,
                        0.0
                    ]
                ]
            },
            "est_params": {
                "mui": [
                    -0.02697913503533603,
                    -0.026127621630628893,
                    0.023695915564028756,
                    0.002580633849593851,
                    99.9886024648875,
                    -77.61884712962092
                ],
                "Si": [
                    [
                        0.9946049922482455,
                        0.011840017768739436,
                        0.6596957134314649,
                        -0.09875562293679796,
                        0.01009775244190588,
                        -0.05870043912028748
                    ],
                    [
                        0.011840017768739436,
                        0.9890316444857605,
                        0.024645284444293095,
                        0.6006348948131579,
                        -0.032378862900684646,
                        -0.3812389770035411
                    ],
                    [
                        0.6596957134314649,
                        0.024645284444293095,
                        1.3919469233030164,
                        0.586533246599672,
                        0.011204620559460358,
                        -0.5360993899616369
                    ],
                    [
                        -0.09875562293679796,
                        0.6006348948131579,
                        0.586533246599672,
                        1.7782590353982701,
                        -0.03399098852662077,
                        0.016502744941648034
                    ],
                    [
                        0.01009775244190588,
                        -0.032378862900684646,
                        0.011204620559460358,
                        -0.03399098852662077,
                        0.9786698101250438,
                        -0.7444919937835537
                    ],
                    [
                        -0.05870043912028748,
                        -0.3812389770035411,
                        -0.5360993899616369,
                        0.016502744941648034,
                        -0.7444919937835537,
                        2.2628554724306293
                    ]
                ]
            },
            "est_tgt": [
                0,
                1,
                4,
                5
            ],
            "oracle_est_tgt": [
                0,
                3,
                4,
                5
            ]
        },
        "5": {
            "intv_type": "hard",
            "inode": 5,
            "new_mui": 100,
            "new_vari": 1.0,
            "noise_type": "gaussian",
            "obs_noise_gamma_shape": null,
            "true_params": {
                "Si": [
                    [
                        1.0,
                        0.0,
                        0.6721013467435509,
                        -0.11050363807201763,
                        0.5047628189468181,
                        0.0
                    ],
                    [
                        0.0,
                        1.0,
                        0.0,
                        0.588116543616793,
                        0.3371587492326913,
                        0.0
                    ],
                    [
                        0.6721013467435509,
                        0.0,
                        1.451720220294495,
                        0.5999807321091731,
                        -0.9487332782229314,
                        0.0
                    ],
                    [
                        -0.11050363807201763,
                        0.588116543616793,
                        0.5999807321091731,
                        1.8127056925434815,
                        -1.657120067784407,
                        0.0
                    ],
                    [
                        0.5047628189468181,
                        0.3371587492326913,
                        -0.9487332782229314,
                        -1.657120067784407,
                        3.8945119509630683,
                        0.0
                    ],
                    [
                        0.0,
                        0.0,
                        0.0,
                        0.0,
                        0.0,
                        1.0
                    ]
                ],
                "mui": [
                    0.0,
                    0.0,
                    0.0,
                    0.0,
                    0.0,
                    100.0
                ],
                "Ai": [
                    [
                        0.0,
                        0.0,
                        0.0,
                        0.0,
                        0.0,
                        0.0
                    ],
                    [
                        -0.0,
                        0.0,
                        0.0,
                        0.0,
                        0.0,
                        0.0
                    ],
                    [
                        0.6721013467435509,
                        -0.0,
                        0.0,
                        0.0,
                        0.0,
                        0.0
                    ],
                    [
                        -0.5636682238760095,
                        0.588116543616793,
                        0.6742503760774381,
                        0.0,
                        0.0,
                        0.0
                    ],
                    [
                        0.8455279741227122,
                        0.8848165061271023,
                        -0.66011893508566,
                        -0.9312061747599056,
                        0.0,
                        0.0
                    ],
                    [
                        0.0,
                        0.0,
                        0.0,
                        0.0,
                        0.0,
                        0.0
                    ]
                ]
            },
            "est_params": {
                "mui": [
                    0.009210952909102243,
                    0.002825476059711256,
                    0.005749274999611896,
                    0.030110122781101843,
                    0.011538465312485532,
                    100.01680272303169
                ],
                "Si": [
                    [
                        0.9588569096204911,
                        -0.03305684634592881,
                        0.6840206355154881,
                        -0.08509747131936268,
                        0.436072400266262,
                        -0.025295796428329683
                    ],
                    [
                        -0.03305684634592881,
                        1.0079124937514263,
                        -0.018016156554979085,
                        0.6440910151771744,
                        0.32302941045073585,
                        0.019153305826289366
                    ],
                    [
                        0.6840206355154881,
                        -0.018016156554979085,
                        1.5315692189823844,
                        0.6425238470403902,
                        -1.0563659562073038,
                        -0.024952431014236817
                    ],
                    [
                        -0.08509747131936268,
                        0.6440910151771744,
                        0.6425238470403902,
                        1.9123192174738708,
                        -1.6841182920105289,
                        0.023971421136627032
                    ],
                    [
                        0.436072400266262,
                        0.32302941045073585,
                        -1.0563659562073038,
                        -1.6841182920105289,
                        3.992573621706653,
                        0.014996658192870296
                    ],
                    [
                        -0.025295796428329683,
                        0.019153305826289366,
                        -0.024952431014236817,
                        0.023971421136627032,
                        0.014996658192870296,
                        1.0317719975044102
                    ]
                ]
            },
            "est_tgt": [
                0,
                1,
                4,
                5
            ],
            "oracle_est_tgt": [
                0,
                3,
                4,
                5
            ]
        },
        "obs": {
            "intv_type": "obs",
            "noise_type": "gaussian",
            "obs_noise_gamma_shape": null,
            "true_params": {
                "Si": [
                    [
                        1.0,
                        0.0,
                        0.6721013467435509,
                        -0.11050363807201763,
                        0.5047628189468181,
                        -0.4258377271459153
                    ],
                    [
                        0.0,
                        1.0,
                        0.0,
                        0.588116543616793,
                        0.3371587492326913,
                        -0.664868744406613
                    ],
                    [
                        0.6721013467435509,
                        0.0,
                        1.451720220294495,
                        0.5999807321091731,
                        -0.9487332782229314,
                        0.16624483959821545
                    ],
                    [
                        -0.11050363807201763,
                        0.588116543616793,
                        0.5999807321091731,
                        1.8127056925434815,
                        -1.657120067784407,
                        1.2649902336767131
                    ],
                    [
                        0.5047628189468181,
                        0.3371587492326913,
                        -0.9487332782229314,
                        -1.657120067784407,
                        3.8945119509630683,
                        -3.012048445196971
                    ],
                    [
                        -0.4258377271459153,
                        -0.664868744406613,
                        0.16624483959821545,
