{
    "expt_args": {
        "save_dir": "all_expt_logs/expt_logs_sim_compsel_backward_cameraready_new_mean_largerange",
        "exp_name": "279",
        "num_nodes": 6,
        "num_tgt_prior": 7,
        "obs_noise_mean": 0.0,
        "obs_noise_var": 1.0,
        "obs_noise_gamma_shape": null,
        "noise_type": "gaussian",
        "max_edge_strength": 1.0,
        "graph_sparsity_method": "adj_dense_prop",
        "adj_dense_prop": 0.8,
        "num_parents": null,
        "new_noise_mean": 10,
        "mix_samples": 16384,
        "stage2_samples": 16384,
        "gmm_tol": 0.001,
        "intv_type": "hard",
        "new_noise_var": 1.0,
        "dtype": "simulation",
        "cutoff_drop_ratio": 0.07,
        "intv_targets": [
            0,
            1,
            2,
            3,
            4,
            5
        ]
    },
    "intv_args_dict": {
        "0": {
            "intv_type": "hard",
            "inode": 0,
            "new_mui": 10,
            "new_vari": 1.0,
            "noise_type": "gaussian",
            "obs_noise_gamma_shape": null,
            "true_params": {
                "Si": [
                    [
                        1.0,
                        0.0,
                        -0.6848231133392995,
                        -0.11566083114567072,
                        1.2610916542095096,
                        -0.4348393241676155
                    ],
                    [
                        0.0,
                        1.0,
                        -0.8080095695173863,
                        0.0940023881329114,
                        -0.3848719931228507,
                        0.08923300428941877
                    ],
                    [
                        -0.6848231133392995,
                        -0.8080095695173863,
                        2.121862160995403,
                        0.9806236230368154,
                        -1.1991393849871357,
                        1.3252935784611997
                    ],
                    [
                        -0.11566083114567072,
                        0.0940023881329114,
                        0.9806236230368154,
                        1.9774684209950928,
                        -0.8139033435880393,
                        2.0584516157239006
                    ],
                    [
                        1.2610916542095096,
                        -0.3848719931228507,
                        -1.1991393849871357,
                        -0.8139033435880393,
                        3.1564343002695536,
                        -0.6288263161684298
                    ],
                    [
                        -0.4348393241676155,
                        0.08923300428941877,
                        1.3252935784611997,
                        2.0584516157239006,
                        -0.6288263161684298,
                        3.703823704466857
                    ]
                ],
                "mui": [
                    10.0,
                    0.0,
                    -6.848231133392995,
                    -1.1566083114567072,
                    12.610916542095097,
                    -4.348393241676155
                ],
                "Ai": [
                    [
                        0.0,
                        0.0,
                        0.0,
                        0.0,
                        0.0,
                        0.0
                    ],
                    [
                        0.0,
                        0.0,
                        0.0,
                        0.0,
                        0.0,
                        0.0
                    ],
                    [
                        -0.6848231133392995,
                        -0.8080095695173863,
                        0.0,
                        0.0,
                        0.0,
                        0.0
                    ],
                    [
                        0.5536655855035528,
                        0.8837277044211198,
                        0.9773712417291062,
                        0.0,
                        0.0,
                        0.0
                    ],
                    [
                        0.8183569864831132,
                        -0.907246079674435,
                        -0.6464949256276651,
                        -0.0,
                        0.0,
                        0.0
                    ],
                    [
                        -0.7379960351946522,
                        0.7633556912213094,
                        0.62527011492777,
                        0.9250456762636116,
                        0.6647793495229763,
                        0.0
                    ]
                ]
            },
            "oracle_est_tgt": [
                0
            ]
        },
        "1": {
            "intv_type": "hard",
            "inode": 1,
            "new_mui": 10,
            "new_vari": 1.0,
            "noise_type": "gaussian",
            "obs_noise_gamma_shape": null,
            "true_params": {
                "Si": [
                    [
                        1.0,
                        0.0,
                        -0.6848231133392995,
                        -0.11566083114567072,
                        1.2610916542095096,
                        -0.4348393241676155
                    ],
                    [
                        0.0,
                        1.0,
                        -0.8080095695173863,
                        0.0940023881329114,
                        -0.3848719931228507,
                        0.08923300428941877
                    ],
                    [
                        -0.6848231133392995,
                        -0.8080095695173863,
                        2.121862160995403,
                        0.9806236230368154,
                        -1.1991393849871357,
                        1.3252935784611997
                    ],
                    [
                        -0.11566083114567072,
                        0.0940023881329114,
                        0.9806236230368154,
                        1.9774684209950928,
                        -0.8139033435880393,
                        2.0584516157239006
                    ],
                    [
                        1.2610916542095096,
                        -0.3848719931228507,
                        -1.1991393849871357,
                        -0.8139033435880393,
                        3.1564343002695536,
                        -0.6288263161684298
                    ],
                    [
                        -0.4348393241676155,
                        0.08923300428941877,
                        1.3252935784611997,
                        2.0584516157239006,
                        -0.6288263161684298,
                        3.703823704466857
                    ]
                ],
                "mui": [
                    0.0,
                    10.0,
                    -8.080095695173863,
                    0.940023881329114,
                    -3.8487199312285068,
                    0.8923300428941877
                ],
                "Ai": [
                    [
                        0.0,
                        0.0,
                        0.0,
                        0.0,
                        0.0,
                        0.0
                    ],
                    [
                        0.0,
                        0.0,
                        0.0,
                        0.0,
                        0.0,
                        0.0
                    ],
                    [
                        -0.6848231133392995,
                        -0.8080095695173863,
                        0.0,
                        0.0,
                        0.0,
                        0.0
                    ],
                    [
                        0.5536655855035528,
                        0.8837277044211198,
                        0.9773712417291062,
                        0.0,
                        0.0,
                        0.0
                    ],
                    [
                        0.8183569864831132,
                        -0.907246079674435,
                        -0.6464949256276651,
                        -0.0,
                        0.0,
                        0.0
                    ],
                    [
                        -0.7379960351946522,
                        0.7633556912213094,
                        0.62527011492777,
                        0.9250456762636116,
                        0.6647793495229763,
                        0.0
                    ]
                ]
            },
            "oracle_est_tgt": [
                1,
                2,
                3,
                4,
                5
            ]
        },
        "2": {
            "intv_type": "hard",
            "inode": 2,
            "new_mui": 10,
            "new_vari": 1.0,
            "noise_type": "gaussian",
            "obs_noise_gamma_shape": null,
            "true_params": {
                "Si": [
                    [
                        1.0,
                        0.0,
                        0.0,
                        0.5536655855035528,
                        0.8183569864831132,
                        0.31819674592319735
                    ],
                    [
                        0.0,
                        1.0,
                        0.0,
                        0.8837277044211198,
                        -0.907246079674435,
                        0.9777257244871919
                    ],
                    [
                        0.0,
                        0.0,
                        1.0,
                        0.9773712417291062,
                        -0.6464949256276651,
                        1.0996066800650126
                    ],
                    [
                        0.5536655855035528,
                        0.8837277044211198,
                        0.9773712417291062,
                        3.042774780291509,
                        -0.9805279434959301,
                        3.0399875202638076
                    ],
                    [
                        0.8183569864831132,
                        -0.907246079674435,
                        -0.6464949256276651,
                        -0.9805279434959301,
                        2.9107592952726735,
                        -0.6727500897607486
                    ],
                    [
                        0.31819674592319735,
                        0.9777257244871919,
                        1.0996066800650126,
                        3.0399875202638076,
                        -0.6727500897607486,
                        4.563972699009909
                    ]
                ],
                "mui": [
                    0.0,
                    0.0,
                    10.0,
                    9.773712417291062,
                    -6.46494925627665,
                    10.996066800650127
                ],
                "Ai": [
                    [
                        0.0,
                        0.0,
                        0.0,
                        0.0,
                        0.0,
                        0.0
                    ],
                    [
                        0.0,
                        0.0,
                        0.0,
                        0.0,
                        0.0,
                        0.0
                    ],
                    [
                        0.0,
                        0.0,
                        0.0,
                        0.0,
                        0.0,
                        0.0
                    ],
                    [
                        0.5536655855035528,
                        0.8837277044211198,
                        0.9773712417291062,
                        0.0,
                        0.0,
                        0.0
                    ],
                    [
                        0.8183569864831132,
                        -0.907246079674435,
                        -0.6464949256276651,
                        -0.0,
                        0.0,
                        0.0
                    ],
                    [
                        -0.7379960351946522,
                        0.7633556912213094,
                        0.62527011492777,
                        0.9250456762636116,
                        0.6647793495229763,
                        0.0
                    ]
                ]
            },
            "oracle_est_tgt": [
                1,
                2,
                3,
                4,
                5
            ]
        },
        "3": {
            "intv_type": "hard",
            "inode": 3,
            "new_mui": 10,
            "new_vari": 1.0,
            "noise_type": "gaussian",
            "obs_noise_gamma_shape": null,
            "true_params": {
                "Si": [
                    [
                        1.0,
                        0.0,
                        -0.6848231133392995,
                        0.0,
                        1.2610916542095096,
                        -0.32784777240325724
                    ],
                    [
                        0.0,
                        1.0,
                        -0.8080095695173863,
                        0.0,
                        -0.3848719931228507,
                        0.002276501588615254
                    ],
                    [
                        -0.6848231133392995,
                        -0.8080095695173863,
                        2.121862160995403,
                        0.0,
                        -1.1991393849871357,
                        0.41817193592903584
                    ],
                    [
                        0.0,
                        0.0,
                        0.0,
                        1.0,
                        0.0,
                        0.9250456762636116
                    ],
                    [
                        1.2610916542095096,
                        -0.3848719931228507,
                        -1.1991393849871357,
                        0.0,
                        3.1564343002695536,
                        0.12407145271418263
                    ],
                    [
                        -0.32784777240325724,
                        0.002276501588615254,
                        0.41817193592903584,
                        0.9250456762636116,
                        0.12407145271418263,
                        2.4433481938663704
                    ]
                ],
                "mui": [
                    0.0,
                    0.0,
                    0.0,
                    10.0,
                    0.0,
                    9.250456762636116
                ],
                "Ai": [
                    [
                        0.0,
                        0.0,
                        0.0,
                        0.0,
                        0.0,
                        0.0
                    ],
                    [
                        0.0,
                        0.0,
                        0.0,
                        0.0,
                        0.0,
                        0.0
                    ],
                    [
                        -0.6848231133392995,
                        -0.8080095695173863,
                        0.0,
                        0.0,
                        0.0,
                        0.0
                    ],
                    [
                        0.0,
                        0.0,
                        0.0,
                        0.0,
                        0.0,
                        0.0
                    ],
                    [
                        0.8183569864831132,
                        -0.907246079674435,
                        -0.6464949256276651,
                        -0.0,
                        0.0,
                        0.0
                    ],
                    [
                        -0.7379960351946522,
                        0.7633556912213094,
                        0.62527011492777,
                        0.9250456762636116,
                        0.6647793495229763,
                        0.0
                    ]
                ]
            },
            "oracle_est_tgt": [
                1,
                3,
                4,
                5
            ]
        },
        "4": {
            "intv_type": "hard",
            "inode": 4,
            "new_mui": 10,
            "new_vari": 1.0,
            "noise_type": "gaussian",
            "obs_noise_gamma_shape": null,
            "true_params": {
                "Si": [
                    [
                        1.0,
                        0.0,
                        -0.6848231133392995,
                        -0.11566083114567072,
                        0.0,
                        -1.2731870137418675
                    ],
                    [
                        0.0,
                        1.0,
                        -0.8080095695173863,
                        0.0940023881329114,
                        0.0,
                        0.34508795752723886
                    ],
                    [
                        -0.6848231133392995,
                        -0.8080095695173863,
                        2.121862160995403,
                        0.9806236230368154,
                        0.0,
                        2.1224566788003294
                    ],
                    [
                        -0.11566083114567072,
                        0.0940023881329114,
                        0.9806236230368154,
                        1.9774684209950928,
                        0.0,
                        2.599517751048933
                    ],
                    [
                        0.0,
                        0.0,
                        0.0,
                        0.0,
                        1.0,
                        0.6647793495229763
                    ],
                    [
                        -1.2731870137418675,
                        0.34508795752723886,
                        2.1224566788003294,
                        2.599517751048933,
                        0.6647793495229763,
                        6.376744795566382
                    ]
                ],
                "mui": [
                    0.0,
                    0.0,
                    0.0,
                    0.0,
                    10.0,
                    6.647793495229763
                ],
                "Ai": [
                    [
                        0.0,
                        0.0,
                        0.0,
                        0.0,
                        0.0,
                        0.0
                    ],
                    [
                        0.0,
                        0.0,
                        0.0,
                        0.0,
                        0.0,
                        0.0
                    ],
                    [
                        -0.6848231133392995,
                        -0.8080095695173863,
                        0.0,
                        0.0,
                        0.0,
                        0.0
                    ],
                    [
                        0.5536655855035528,
                        0.8837277044211198,
                        0.9773712417291062,
                        0.0,
                        0.0,
                        0.0
                    ],
                    [
                        0.0,
                        0.0,
                        0.0,
                        0.0,
                        0.0,
                        0.0
                    ],
                    [
                        -0.7379960351946522,
                        0.7633556912213094,
                        0.62527011492777,
                        0.9250456762636116,
                        0.6647793495229763,
                        0.0
                    ]
                ]
            },
            "oracle_est_tgt": [
                1,
                3,
                4,
                5
            ]
        },
        "5": {
            "intv_type": "hard",
            "inode": 5,
            "new_mui": 10,
            "new_vari": 1.0,
            "noise_type": "gaussian",
            "obs_noise_gamma_shape": null,
            "true_params": {
                "Si": [
                    [
                        1.0,
                        0.0,
                        -0.6848231133392995,
                        -0.11566083114567072,
                        1.2610916542095096,
                        0.0
                    ],
                    [
                        0.0,
                        1.0,
                        -0.8080095695173863,
                        0.0940023881329114,
                        -0.3848719931228507,
                        0.0
                    ],
                    [
                        -0.6848231133392995,
                        -0.8080095695173863,
                        2.121862160995403,
                        0.9806236230368154,
                        -1.1991393849871357,
                        0.0
                    ],
                    [
                        -0.11566083114567072,
                        0.0940023881329114,
                        0.9806236230368154,
                        1.9774684209950928,
                        -0.8139033435880393,
                        0.0
                    ],
                    [
                        1.2610916542095096,
                        -0.3848719931228507,
                        -1.1991393849871357,
                        -0.8139033435880393,
                        3.1564343002695536,
                        0.0
                    ],
                    [
                        0.0,
                        0.0,
                        0.0,
                        0.0,
                        0.0,
                        1.0
                    ]
                ],
                "mui": [
                    0.0,
                    0.0,
                    0.0,
                    0.0,
                    0.0,
                    10.0
                ],
                "Ai": [
                    [
                        0.0,
                        0.0,
                        0.0,
                        0.0,
                        0.0,
                        0.0
                    ],
                    [
                        0.0,
                        0.0,
                        0.0,
                        0.0,
                        0.0,
                        0.0
                    ],
                    [
                        -0.6848231133392995,
                        -0.8080095695173863,
                        0.0,
                        0.0,
                        0.0,
                        0.0
                    ],
                    [
                        0.5536655855035528,
                        0.8837277044211198,
                        0.9773712417291062,
                        0.0,
                        0.0,
                        0.0
                    ],
                    [
                        0.8183569864831132,
                        -0.907246079674435,
                        -0.6464949256276651,
                        -0.0,
                        0.0,
                        0.0
                    ],
                    [
                        0.0,
                        0.0,
                        0.0,
                        0.0,
                        0.0,
                        0.0
                    ]
                ]
            },
            "oracle_est_tgt": [
                1,
                3,
                4,
                5
            ]
        },
        "obs": {
            "intv_type": "obs",
            "noise_type": "gaussian",
            "obs_noise_gamma_shape": null,
            "true_params": {
                "Si": [
                    [
                        1.0,
                        0.0,
                        -0.6848231133392995,
                        -0.11566083114567072,
                        1.2610916542095096,
                        -0.4348393241676155
                    ],
                    [
                        0.0,
                        1.0,
                        -0.8080095695173863,
                        0.0940023881329114,
                        -0.3848719931228507,
                        0.08923300428941877
                    ],
                    [
                        -0.6848231133392995,
                        -0.8080095695173863,
                        2.121862160995403,
                        0.9806236230368154,
                        -1.1991393849871357,
                        1.3252935784611997
                    ],
                    [
                        -0.11566083114567072,
                        0.0940023881329114,
                        0.9806236230368154,
                        1.9774684209950928,
                        -0.8139033435880393,
                        2.0584516157239006
                    ],
                    [
                        1.2610916542095096,
                        -0.3848719931228507,
                        -1.1991393849871357,
                        -0.8139033435880393,
                        3.1564343002695536,
                        -0.6288263161684298
                    ],
                    [
                        -0.4348393241676155,
                        0.08923300428941877,
                        1.3252935784611997,
                        2.0584516157239006,
                        -0.6288263161684298,
                        3.703823704466857
                    ]
                ],
                "mui": [
                    0.0,
                    0.0,
                    0.0,
                    0.0,
                    0.0,
                    0.0
                ],
                "Ai": [
                    [
                        0.0,
                        0.0,
                        0.0,
                        0.0,
                        0.0,
                        0.0
                    ],
                    [
                        0.0,
                        0.0,
                        0.0,
                        0.0,
                        0.0,
                        0.0
                    ],
                    [
                        -0.6848231133392995,
                        -0.8080095695173863,
                        0.0,
                        0.0,
                        0.0,
                        0.0
                    ],
                    [
                        0.5536655855035528,
                        0.8837277044211198,
                        0.9773712417291062,
                        0.0,
                        0.0,
                        0.0
                    ],
                    [
                        0.8183569864831132,
                        -0.907246079674435,
                        -0.6464949256276651,
                        -0.0,
                        0.0,
                        0.0
                    ],
                    [
                        -0.7379960351946522,
                        0.7633556912213094,
                        0.62527011492777,
                        0.9250456762636116,
                        0.6647793495229763,
                        0.0
                    ]
                ]
            },
            "est_params": {
                "mui": [
                    1.43530514125467,
                    1.4324829804111734,
                    -0.7201511609374224,
                    2.7917852684063815,
                    1.767155168574797,
                    4.762119022829833
                ],
                "Si": [
                    [
                        13.246649330932792,
                        -2.093692358557373,
                        -9.342219752517979,
                        -5.741762521443441,
                        16.524939040426315,
                        -13.520485888461168
                    ],
                    [
                        -2.093692358557373,
                        13.140295027782244,
                        -11.11978485738813,
                        -2.5129378695647326,
                        -8.361471035336196,
                        -5.239524499971542
                    ],
                    [
                        -9.342219752517979,
                        -11.11978485738813,
                        31.760408374124406,
                        16.992811242299886,
                        -16.963911227774414,
                        23.513816341103823
                    ],
                    [
                        -5.741762521443441,
                        -2.5129378695647326,
                        16.992811242299886,
                        22.547363505588187,
                        -17.271740143440017,
                        18.122390385131652
                    ],
                    [
                        16.524939040426315,
                        -8.361471035336196,
                        -16.963911227774414,
                        -17.271740143440017,
                        44.74936383878504,
                        -17.855960866601304
                    ],
                    [
                        -13.520485888461168,
                        -5.239524499971542,
                        23.513816341103823,
                        18.122390385131652,
                        -17.855960866601304,
                        34.034517702484685
                    ]
                ]
            },
            "est_tgt": [
                0,
                1,
                2,
                3,
                4,
                5
            ],
            "oracle_est_tgt": [
                0,
                1,
                2,
                3,
                4,
                5
            ]
        }
    },
    "metric_dict": {
        "param_est_rel_err": 508.7583060853296,
        "est_num_comp": 1,
        "weight_precision_error": 0.0,
        "gm_score_dict": {
            "1": -15.920233562370642,
            "2": -13.075580615011503,
            "3": -12.260494213777198,
            "4": -11.632356850479985,
            "5": -11.28432771002599,
            "6": -10.716464021993314,
            "7": -10.444554415735098
        },
        "est_dag": {
            "amat": [
                [
                    0,
                    1,
                    1,
                    1,
                    1,
                    0
                ],
                [
                    0,
                    0,
                    0,
                    0,
                    0,
                    0
                ],
                [
                    0,
                    1,
                    0,
                    1,
                    0,
                    1
                ],
                [
                    0,
                    1,
                    0,
                    0,
                    1,
                    0
                ],
                [
                    0,
                    1,
                    0,
                    0,
                    0,
                    0
                ],
                [
                    0,
                    1,
                    0,
                    1,
                    1,
                    0
                ]
            ],
            "nodes": [
                0,
                1,
                2,
                3,
                4,
                5
            ]
        },
        "oracle_est_dag": {
            "amat": [
                [
                    0,
                    1,
                    1,
                    1,
                    1,
                    0
                ],
                [
                    0,
                    0,
                    0,
                    0,
                    0,
                    0
                ],
                [
                    0,
                    1,
                    0,
                    1,
                    0,
                    1
                ],
                [
                    0,
                    0,
                    0,
                    0,
                    1,
                    0
                ],
                [
                    0,
                    1,
                    0,
                    0,
                    0,
                    0
                ],
                [
                    0,
                    1,
                    0,
                    1,
                    1,
                    0
                ]
            ],
            "nodes": [
                0,
                1,
                2,
                3,
                4,
                5
            ]
        },
        "igsp_dag": null,
        "intv_base_est_dag": null,
        "act_dag": {
            "amat": [
                [
                    0,
                    0,
                    1,
                    1,
                    1,
                    1
                ],
                [
                    0,
                    0,
                    1,
                    1,
                    1,
                    1
                ],
                [
                    0,
                    0,
                    0,
                    1,
                    1,
                    1
                ],
                [
                    0,
                    0,
                    0,
                    0,
                    0,
                    1
                ],
                [
                    0,
                    0,
                    0,
                    0,
                    0,
                    1
                ],
                [
                    0,
                    0,
                    0,
                    0,
                    0,
                    0
                ]
            ],
            "nodes": [
                0,
                1,
                2,
                3,
                4,
                5
            ]
        },
        "shd": 10,
        "oracle_shd": 10,
        "intv_base_shd": null,
        "igsp_shd": null,
        "avg_js": 0.0,
        "avg_oracle_js": 0.3071428571428571
    }
}