{
    "expt_args": {
        "save_dir": "all_expt_logs/expt_logs_sim_compsel_backward_cameraready_new_mean_largerange",
        "exp_name": "130",
        "num_nodes": 6,
        "num_tgt_prior": 7,
        "obs_noise_mean": 0.0,
        "obs_noise_var": 1.0,
        "obs_noise_gamma_shape": null,
        "noise_type": "gaussian",
        "max_edge_strength": 1.0,
        "graph_sparsity_method": "adj_dense_prop",
        "adj_dense_prop": 0.8,
        "num_parents": null,
        "new_noise_mean": 1000,
        "mix_samples": 524288,
        "stage2_samples": 524288,
        "gmm_tol": 0.001,
        "intv_type": "hard",
        "new_noise_var": 1.0,
        "dtype": "simulation",
        "cutoff_drop_ratio": 0.07,
        "intv_targets": [
            0,
            1,
            2,
            3,
            4,
            5
        ]
    },
    "intv_args_dict": {
        "0": {
            "intv_type": "hard",
            "inode": 0,
            "new_mui": 1000,
            "new_vari": 1.0,
            "noise_type": "gaussian",
            "obs_noise_gamma_shape": null,
            "true_params": {
                "Si": [
                    [
                        1.0,
                        0.7592403214192782,
                        -0.5091925333779319,
                        1.8321632366759915,
                        -2.3853506447188355,
                        3.0344660223602764
                    ],
                    [
                        0.7592403214192782,
                        1.576445865668849,
                        -1.0572600551200204,
                        2.5699616795652878,
                        -3.8729632276402826,
                        3.3506515291534376
                    ],
                    [
                        -0.5091925333779319,
                        -1.0572600551200204,
                        1.709062612611904,
                        -2.715228395221545,
                        4.138328156792762,
                        -3.2347824827393445
                    ],
                    [
                        1.8321632366759915,
                        2.5699616795652878,
                        -2.715228395221545,
                        6.73003224118333,
                        -9.204092625190244,
                        9.162823749727242
                    ],
                    [
                        -2.3853506447188355,
                        -3.8729632276402826,
                        4.138328156792762,
                        -9.204092625190244,
                        14.081156394320065,
                        -12.909506288544398
                    ],
                    [
                        3.0344660223602764,
                        3.3506515291534376,
                        -3.2347824827393445,
                        9.162823749727242,
                        -12.909506288544398,
                        14.811430735236417
                    ]
                ],
                "mui": [
                    1000.0,
                    759.2403214192782,
                    -509.1925333779319,
                    1832.1632366759914,
                    -2385.3506447188356,
                    3034.4660223602764
                ],
                "Ai": [
                    [
                        0.0,
                        0.0,
                        0.0,
                        0.0,
                        0.0,
                        0.0
                    ],
                    [
                        0.7592403214192782,
                        0.0,
                        0.0,
                        0.0,
                        0.0,
                        0.0
                    ],
                    [
                        0.0,
                        -0.6706605524138628,
                        0.0,
                        0.0,
                        0.0,
                        0.0
                    ],
                    [
                        0.9370876280599463,
                        0.5138445951805679,
                        -0.9916564755218304,
                        0.0,
                        0.0,
                        0.0
                    ],
                    [
                        0.0,
                        -0.5789311728710893,
                        0.6732754119150983,
                        -0.8749089110654982,
                        0.0,
                        0.0
                    ],
                    [
                        0.9373985104760303,
                        -0.7784947186750766,
                        0.9124334690836521,
                        0.7115493578705971,
                        -0.7751740112082667,
                        0.0
                    ]
                ]
            },
            "est_params": {
                "mui": [
                    1000.0060371173071,
                    759.2431844503774,
                    -509.1995493994702,
                    1832.1771328540635,
                    -2385.3659226587192,
                    3034.480514876062
                ],
                "Si": [
                    [
                        0.9974179649350561,
                        0.7490448458704194,
                        -0.5041222263824345,
                        1.8136792891736648,
                        -2.366402289114019,
                        3.013502457328877
                    ],
                    [
                        0.7490448458704194,
                        1.5704227401685273,
                        -1.058200339406149,
                        2.5587759502222225,
                        -3.8655159417340657,
                        3.3289784158508535
                    ],
                    [
                        -0.5041222263824345,
                        -1.058200339406149,
                        1.712173500110037,
                        -2.7164719437011473,
                        4.147550819379125,
                        -3.232179534268781
                    ],
                    [
                        1.8136792891736648,
                        2.5587759502222225,
                        -2.7164719437011473,
                        6.699143018404818,
                        -9.18424309958732,
                        9.113720832818904
                    ],
                    [
                        -2.366402289114019,
                        -3.8655159417340657,
                        4.147550819379125,
                        -9.18424309958732,
                        14.078430461854575,
                        -12.872806333493468
                    ],
                    [
                        3.013502457328877,
                        3.3289784158508535,
                        -3.232179534268781,
                        9.113720832818904,
                        -12.872806333493468,
                        14.741269768122544
                    ]
                ]
            },
            "est_tgt": [
                0
            ],
            "oracle_est_tgt": [
                0
            ]
        },
        "1": {
            "intv_type": "hard",
            "inode": 1,
            "new_mui": 1000,
            "new_vari": 1.0,
            "noise_type": "gaussian",
            "obs_noise_gamma_shape": null,
            "true_params": {
                "Si": [
                    [
                        1.0,
                        0.0,
                        0.0,
                        0.9370876280599463,
                        -0.8198663162388782,
                        2.2397216715040025
                    ],
                    [
                        0.0,
                        1.0,
                        -0.6706605524138628,
                        1.178909474858823,
                        -2.0619088374462713,
                        1.0467625710007424
                    ],
                    [
                        0.0,
                        -0.6706605524138628,
                        1.4497855765640675,
                        -1.7823045551765855,
                        2.923725419013695,
                        -1.689655041364459
                    ],
                    [
                        0.9370876280599463,
                        1.178909474858823,
                        -1.7823045551765855,
                        4.2513433380193,
                        -5.602027448965557,
                        5.7020021292804595
                    ],
                    [
                        -0.8198663162388782,
                        -2.0619088374462713,
                        2.923725419013695,
                        -5.602027448965557,
                        9.063439472562608,
                        -7.507513161946282
                    ],
                    [
                        2.2397216715040025,
                        1.0467625710007424,
                        -1.689655041364459,
                        5.7020021292804595,
                        -7.507513161946282,
                        10.619799860182102
                    ]
                ],
                "mui": [
                    0.0,
                    1000.0,
                    -670.6605524138628,
                    1178.909474858823,
                    -2061.9088374462713,
                    1046.7625710007424
                ],
                "Ai": [
                    [
                        0.0,
                        0.0,
                        0.0,
                        0.0,
                        0.0,
                        0.0
                    ],
                    [
                        0.0,
                        0.0,
                        0.0,
                        0.0,
                        0.0,
                        0.0
                    ],
                    [
                        0.0,
                        -0.6706605524138628,
                        0.0,
                        0.0,
                        0.0,
                        0.0
                    ],
                    [
                        0.9370876280599463,
                        0.5138445951805679,
                        -0.9916564755218304,
                        0.0,
                        0.0,
                        0.0
                    ],
                    [
                        0.0,
                        -0.5789311728710893,
                        0.6732754119150983,
                        -0.8749089110654982,
                        0.0,
                        0.0
                    ],
                    [
                        0.9373985104760303,
                        -0.7784947186750766,
                        0.9124334690836521,
                        0.7115493578705971,
                        -0.7751740112082667,
                        0.0
                    ]
                ]
            },
            "est_params": {
                "mui": [
                    0.007441518991735456,
                    1000.0039523839206,
                    -670.6672024729443,
                    1178.9210608650985,
                    -2061.9230588238065,
                    1046.779946336937
                ],
                "Si": [
                    [
                        1.0059610052493204,
                        0.0029214692371565512,
                        -0.0037370963002038827,
                        0.9438767439591789,
                        -0.8303602847943006,
                        2.2549274740105236
                    ],
                    [
                        0.0029214692371565512,
                        1.0002608683576797,
                        -0.6705263385926721,
                        1.179759337357439,
                        -2.061410346495449,
                        1.0419831545465281
                    ],
                    [
                        -0.0037370963002038827,
                        -0.6705263385926721,
                        1.4536108989033492,
                        -1.7904030296283433,
                        2.925216609853956,
                        -1.6836695690575512
                    ],
                    [
                        0.9438767439591789,
                        1.179759337357439,
                        -1.7904030296283433,
                        4.26095443474053,
                        -5.608717046388934,
                        5.694968593792073
                    ],
                    [
                        -0.8303602847943006,
                        -2.061410346495449,
                        2.925216609853956,
                        -5.608717046388934,
                        9.053256132840993,
                        -7.479707232003814
                    ],
                    [
                        2.2549274740105236,
                        1.0419831545465281,
                        -1.6836695690575512,
                        5.694968593792073,
                        -7.479707232003814,
                        10.596201773143074
                    ]
                ]
            },
            "est_tgt": [
                1
            ],
            "oracle_est_tgt": [
                1
            ]
        },
        "2": {
            "intv_type": "hard",
            "inode": 2,
            "new_mui": 1000,
            "new_vari": 1.0,
            "noise_type": "gaussian",
            "obs_noise_gamma_shape": null,
            "true_params": {
                "Si": [
                    [
                        1.0,
                        0.7592403214192782,
                        0.0,
                        1.3272191636643995,
                        -1.6007437629971666,
                        2.531570837384038
                    ],
                    [
                        0.7592403214192782,
                        1.576445865668849,
                        0.0,
                        1.5215228995949521,
                        -2.2438475972252854,
                        2.306466950364769
                    ],
                    [
                        0.0,
                        0.0,
                        1.0,
                        -0.9916564755218304,
                        1.5408844990649528,
                        -0.9876326772509461
                    ],
                    [
                        1.3272191636643995,
                        1.5215228995949521,
                        -0.9916564755218304,
                        4.008929541838688,
                        -5.055963138836355,
                        5.926617635413442
                    ],
                    [
                        -1.6007437629971666,
                        -2.2438475972252854,
                        1.5408844990649528,
                        -5.055963138836355,
                        7.759980171213769,
                        -7.960659007269443
                    ],
                    [
                        2.531570837384038,
                        2.306466950364769,
                        -0.9876326772509461,
                        5.926617635413442,
                        -7.960659007269443,
                        11.064346229935579
                    ]
                ],
                "mui": [
                    0.0,
                    0.0,
                    1000.0,
                    -991.6564755218304,
                    1540.884499064953,
                    -987.632677250946
                ],
                "Ai": [
                    [
                        0.0,
                        0.0,
                        0.0,
                        0.0,
                        0.0,
                        0.0
                    ],
                    [
                        0.7592403214192782,
                        0.0,
                        0.0,
                        0.0,
                        0.0,
                        0.0
                    ],
                    [
                        0.0,
                        0.0,
                        0.0,
                        0.0,
                        0.0,
                        0.0
                    ],
                    [
                        0.9370876280599463,
                        0.5138445951805679,
                        -0.9916564755218304,
                        0.0,
                        0.0,
                        0.0
                    ],
                    [
                        0.0,
                        -0.5789311728710893,
                        0.6732754119150983,
                        -0.8749089110654982,
                        0.0,
                        0.0
                    ],
                    [
                        0.9373985104760303,
                        -0.7784947186750766,
                        0.9124334690836521,
                        0.7115493578705971,
                        -0.7751740112082667,
                        0.0
                    ]
                ]
            },
            "est_params": {
                "mui": [
                    -0.00011832913688113735,
                    0.0014770597077842366,
                    999.9979680304263,
                    -991.6574259900949,
                    1540.8847186660746,
                    -987.6410023061571
                ],
                "Si": [
                    [
                        1.008823446413145,
                        0.7702440257566033,
                        0.0012938981543285867,
                        1.344738369540016,
                        -1.618805267680571,
                        2.562699181664023
                    ],
                    [
                        0.7702440257566033,
                        1.5953174293800625,
                        0.0009156166218301871,
                        1.5406672299265423,
                        -2.265001905187179,
                        2.34250568942226
                    ],
                    [
                        0.0012938981543285867,
                        0.0009156166218301871,
                        0.9983009331671364,
                        -0.9902066694752556,
                        1.536395234333755,
                        -0.986774882311732
                    ],
                    [
                        1.344738369540016,
                        1.5406672299265423,
                        -0.9902066694752556,
                        4.02697808666754,
                        -5.07200843482881,
                        5.9589188064777865
                    ],
                    [
                        -1.618805267680571,
                        -2.265001905187179,
                        1.536395234333755,
                        -5.07200843482881,
                        7.7671203075640145,
                        -7.988653108840515
                    ],
                    [
                        2.562699181664023,
                        2.34250568942226,
                        -0.986774882311732,
                        5.9589188064777865,
                        -7.988653108840515,
                        11.11095230543666
                    ]
                ]
            },
            "est_tgt": [
                2
            ],
            "oracle_est_tgt": [
                2
            ]
        },
        "3": {
            "intv_type": "hard",
            "inode": 3,
            "new_mui": 1000,
            "new_vari": 1.0,
            "noise_type": "gaussian",
            "obs_noise_gamma_shape": null,
            "true_params": {
                "Si": [
                    [
                        1.0,
                        0.7592403214192782,
                        -0.5091925333779319,
                        0.0,
                        -0.7823747024244051,
                        0.488206156730635
                    ],
                    [
                        0.7592403214192782,
                        1.576445865668849,
                        -1.0572600551200204,
                        0.0,
                        -1.6244808530917574,
                        -0.22096815510315293
                    ],
                    [
                        -0.5091925333779319,
                        -1.0572600551200204,
                        1.709062612611904,
                        0.0,
                        1.7627506382353595,
                        0.53872249234888
                    ],
                    [
                        0.0,
                        0.0,
                        0.0,
                        1.0,
                        -0.8749089110654982,
                        1.3897560079030962
                    ],
                    [
                        -0.7823747024244051,
                        -1.6244808530917574,
                        1.7627506382353595,
                        -0.8749089110654982,
                        3.8927448703103686,
                        -1.5004499655843488
                    ],
                    [
                        0.488206156730635,
                        -0.22096815510315293,
                        0.53872249234888,
                        1.3897560079030962,
                        -1.5004499655843488,
                        4.273204511894562
                    ]
                ],
                "mui": [
                    0.0,
                    0.0,
                    0.0,
                    1000.0,
                    -874.9089110654982,
                    1389.7560079030961
                ],
                "Ai": [
                    [
                        0.0,
                        0.0,
                        0.0,
                        0.0,
                        0.0,
                        0.0
                    ],
                    [
                        0.7592403214192782,
                        0.0,
                        0.0,
                        0.0,
                        0.0,
                        0.0
                    ],
                    [
                        0.0,
                        -0.6706605524138628,
                        0.0,
                        0.0,
                        0.0,
                        0.0
                    ],
                    [
                        0.0,
                        0.0,
                        0.0,
                        0.0,
                        0.0,
                        0.0
                    ],
                    [
                        0.0,
                        -0.5789311728710893,
                        0.6732754119150983,
                        -0.8749089110654982,
                        0.0,
                        0.0
                    ],
                    [
                        0.9373985104760303,
                        -0.7784947186750766,
                        0.9124334690836521,
                        0.7115493578705971,
                        -0.7751740112082667,
                        0.0
                    ]
                ]
            },
            "est_params": {
                "mui": [
                    0.005695518197932325,
                    0.002426551919837915,
                    -0.005010171492626082,
                    999.9996526386593,
                    -874.9075440913756,
                    1389.7504083906874
                ],
                "Si": [
                    [
                        0.9893693337088975,
                        0.7530835018788089,
                        -0.5076957973448671,
                        -0.003415331761741213,
                        -0.7724086049753681,
                        0.47979572235855233
                    ],
                    [
                        0.7530835018788089,
                        1.572739690354217,
                        -1.0534884237217987,
                        -0.0031585924160963622,
                        -1.6193084987640882,
                        -0.22589761292440527
                    ],
                    [
                        -0.5076957973448671,
                        -1.0534884237217987,
                        1.7075106253634165,
                        0.01050533069847805,
                        1.7598716201893514,
                        0.543402963927704
                    ],
                    [
                        -0.003415331761741213,
                        -0.0031585924160963622,
                        0.01050533069847805,
                        1.0002906181521471,
                        -0.8700297340738262,
                        1.3900799557555468
                    ],
                    [
                        -0.7724086049753681,
                        -1.6193084987640882,
                        1.7598716201893514,
                        -0.8700297340738262,
                        3.8936713016349542,
                        -1.4920672750026112
                    ],
                    [
                        0.47979572235855233,
                        -0.22589761292440527,
                        0.543402963927704,
                        1.3900799557555468,
                        -1.4920672750026112,
                        4.269569070113887
                    ]
                ]
            },
            "est_tgt": [
                3
            ],
            "oracle_est_tgt": [
                3
            ]
        },
        "4": {
            "intv_type": "hard",
            "inode": 4,
            "new_mui": 1000,
            "new_vari": 1.0,
            "noise_type": "gaussian",
            "obs_noise_gamma_shape": null,
            "true_params": {
                "Si": [
                    [
                        1.0,
                        0.7592403214192782,
                        -0.5091925333779319,
                        1.8321632366759915,
                        0.0,
                        1.1854041949553515
                    ],
                    [
                        0.7592403214192782,
                        1.576445865668849,
                        -1.0572600551200204,
                        2.5699616795652878,
                        0.0,
                        0.34843108872140427
                    ],
                    [
                        -0.5091925333779319,
                        -1.0572600551200204,
                        1.709062612611904,
                        -2.715228395221545,
                        0.0,
                        -0.02685804574218653
                    ],
                    [
                        1.8321632366759915,
                        2.5699616795652878,
                        -2.715228395221545,
                        6.73003224118333,
                        0.0,
                        2.028050349926093
                    ],
                    [
                        0.0,
                        0.0,
                        0.0,
                        0.0,
                        1.0,
                        -0.7751740112082667
                    ],
                    [
                        1.1854041949553515,
                        0.34843108872140427,
                        -0.02685804574218653,
                        2.028050349926093,
                        -0.7751740112082667,
                        3.8593908562938783
                    ]
                ],
                "mui": [
                    0.0,
                    0.0,
                    0.0,
                    0.0,
                    1000.0,
                    -775.1740112082667
                ],
                "Ai": [
                    [
                        0.0,
                        0.0,
                        0.0,
                        0.0,
                        0.0,
                        0.0
                    ],
                    [
                        0.7592403214192782,
                        0.0,
                        0.0,
                        0.0,
                        0.0,
                        0.0
                    ],
                    [
                        0.0,
                        -0.6706605524138628,
                        0.0,
                        0.0,
                        0.0,
                        0.0
                    ],
                    [
                        0.9370876280599463,
                        0.5138445951805679,
                        -0.9916564755218304,
                        0.0,
                        0.0,
                        0.0
                    ],
                    [
                        0.0,
                        0.0,
                        0.0,
                        0.0,
                        0.0,
                        0.0
                    ],
                    [
                        0.9373985104760303,
                        -0.7784947186750766,
                        0.9124334690836521,
                        0.7115493578705971,
                        -0.7751740112082667,
                        0.0
                    ]
                ]
            },
            "est_params": {
                "mui": [
                    0.0011724640947498373,
                    -0.007137273974463717,
                    0.002707725357111114,
                    -0.003567513455790063,
                    1000.0000456263118,
                    -775.1621346631575
                ],
                "Si": [
                    [
                        0.9900223599496286,
                        0.7530173668790255,
                        -0.51695014962914,
                        1.8340713755113012,
                        -0.0037209408946864,
                        1.184981025466394
                    ],
                    [
                        0.7530173668790255,
                        1.5678916764741715,
                        -1.0585076804739582,
                        2.5640099869881476,
                        -0.0016121743798577903,
                        0.3548881738601806
                    ],
                    [
                        -0.51695014962914,
                        -1.0585076804739582,
                        1.7102712304174312,
                        -2.7257455279420335,
                        -0.0011207919495889662,
                        -0.04112307966089727
                    ],
                    [
                        1.8340713755113012,
                        2.5640099869881476,
                        -2.7257455279420335,
                        6.750099696735368,
                        -0.0022732740380863817,
                        2.055707934676489
                    ],
                    [
                        -0.0037209408946864,
                        -0.0016121743798577903,
                        -0.0011207919495889662,
                        -0.0022732740380863817,
                        0.9931112547993295,
                        -0.7786060146480853
                    ],
                    [
                        1.184981025466394,
                        0.3548881738601806,
                        -0.04112307966089727,
                        2.055707934676489,
                        -0.7786060146480853,
                        3.8695645951381943
                    ]
                ]
            },
            "est_tgt": [
                4
            ],
            "oracle_est_tgt": [
                4
            ]
        },
        "5": {
            "intv_type": "hard",
            "inode": 5,
            "new_mui": 1000,
            "new_vari": 1.0,
            "noise_type": "gaussian",
            "obs_noise_gamma_shape": null,
            "true_params": {
                "Si": [
                    [
                        1.0,
                        0.7592403214192782,
                        -0.5091925333779319,
                        1.8321632366759915,
                        -2.3853506447188355,
                        0.0
                    ],
                    [
                        0.7592403214192782,
                        1.576445865668849,
                        -1.0572600551200204,
                        2.5699616795652878,
                        -3.8729632276402826,
                        0.0
                    ],
                    [
                        -0.5091925333779319,
                        -1.0572600551200204,
                        1.709062612611904,
                        -2.715228395221545,
                        4.138328156792762,
                        0.0
                    ],
                    [
                        1.8321632366759915,
                        2.5699616795652878,
                        -2.715228395221545,
                        6.73003224118333,
                        -9.204092625190244,
                        0.0
                    ],
                    [
                        -2.3853506447188355,
                        -3.8729632276402826,
                        4.138328156792762,
                        -9.204092625190244,
                        14.081156394320065,
                        0.0
                    ],
                    [
                        0.0,
                        0.0,
                        0.0,
                        0.0,
                        0.0,
                        1.0
                    ]
                ],
                "mui": [
                    0.0,
                    0.0,
                    0.0,
                    0.0,
                    0.0,
                    1000.0
                ],
                "Ai": [
                    [
                        0.0,
                        0.0,
                        0.0,
                        0.0,
                        0.0,
                        0.0
                    ],
                    [
                        0.7592403214192782,
                        0.0,
                        0.0,
                        0.0,
                        0.0,
                        0.0
                    ],
                    [
                        0.0,
                        -0.6706605524138628,
                        0.0,
                        0.0,
                        0.0,
                        0.0
                    ],
                    [
                        0.9370876280599463,
                        0.5138445951805679,
                        -0.9916564755218304,
                        0.0,
                        0.0,
                        0.0
                    ],
                    [
                        0.0,
                        -0.5789311728710893,
                        0.6732754119150983,
                        -0.8749089110654982,
                        0.0,
                        0.0
                    ],
                    [
                        0.0,
                        0.0,
                        0.0,
                        0.0,
                        0.0,
                        0.0
                    ]
                ]
            },
            "est_params": {
                "mui": [
                    -0.002423760332978319,
                    0.003603747337515182,
                    0.0029989838066591516,
                    -0.0008961374538907155,
                    0.006462106661501461,
                    999.9985151004624
                ],
                "Si": [
                    [
                        1.0024249776644483,
                        0.7591513318861999,
                        -0.5144786313677252,
                        1.8391070836867511,
                        -2.3956691763133917,
                        -0.0015470452447083408
                    ],
                    [
                        0.7591513318861999,
                        1.5724522961681908,
                        -1.066693818593814,
                        2.5692661033334447,
                        -3.8821305169416886,
                        0.0004024963269091149
                    ],
                    [
                        -0.5144786313677252,
                        -1.066693818593814,
                        1.725442295836209,
                        -2.7373213282550872,
                        4.181347635522527,
                        0.0014406883138653875
                    ],
                    [
                        1.8391070836867511,
                        2.5692661033334447,
                        -2.7373213282550872,
                        6.746741020797355,
                        -9.241791867405706,
                        -0.0006575905858071067
                    ],
                    [
                        -2.3956691763133917,
                        -3.8821305169416886,
                        4.181347635522527,
                        -9.241791867405706,
                        14.170028890158463,
                        -0.0019388486673647919
                    ],
                    [
                        -0.0015470452447083408,
                        0.0004024963269091149,
                        0.0014406883138653875,
                        -0.0006575905858071067,
                        -0.0019388486673647919,
                        1.0010415585792125
                    ]
                ]
            },
            "est_tgt": [
                5
            ],
            "oracle_est_tgt": [
                5
            ]
        },
        "obs": {
            "intv_type": "obs",
            "noise_type": "gaussian",
            "obs_noise_gamma_shape": null,
            "true_params": {
                "Si": [
                    [
                        1.0,
                        0.7592403214192782,
                        -0.5091925333779319,
                        1.8321632366759915,
                        -2.3853506447188355,
                        3.0344660223602764
                    ],
                    [
                        0.7592403214192782,
                        1.576445865668849,
                        -1.0572600551200204,
                        2.5699616795652878,
                        -3.8729632276402826,
                        3.3506515291534376
                    ],
                    [
                        -0.5091925333779319,
                        -1.0572600551200204,
                        1.709062612611904,
                        -2.715228395221545,
                        4.138328156792762,
                        -3.2347824827393445
                    ],
                    [
                        1.8321632366759915,
                        2.5699616795652878,
                        -2.715228395221545,
                        6.73003224118333,
                        -9.204092625190244,
                        9.162823749727242
                    ],
                    [
                        -2.3853506447188355,
                        -3.8729632276402826,
                        4.138328156792762,
                        -9.204092625190244,
                        14.081156394320065,
                        -12.909506288544398
                    ],
                    [
                        3.0344660223602764,
                        3.3506515291534376,
                        -3.2347824827393445,
                        9.162823749727242,
                        -12.909506288544398,
                        14.811430735236417
                    ]
                ],
                "mui": [
                    0.0,
                    0.0,
                    0.0,
