{
    "expt_args": {
        "save_dir": "all_expt_logs/expt_logs_sim_compsel_backward_cameraready_new_mean_largerange",
        "exp_name": "234",
        "num_nodes": 6,
        "num_tgt_prior": 7,
        "obs_noise_mean": 0.0,
        "obs_noise_var": 1.0,
        "obs_noise_gamma_shape": null,
        "noise_type": "gaussian",
        "max_edge_strength": 1.0,
        "graph_sparsity_method": "adj_dense_prop",
        "adj_dense_prop": 0.8,
        "num_parents": null,
        "new_noise_mean": 10,
        "mix_samples": 8192,
        "stage2_samples": 8192,
        "gmm_tol": 0.001,
        "intv_type": "hard",
        "new_noise_var": 1.0,
        "dtype": "simulation",
        "cutoff_drop_ratio": 0.07,
        "intv_targets": [
            0,
            1,
            2,
            3,
            4,
            5
        ]
    },
    "intv_args_dict": {
        "0": {
            "intv_type": "hard",
            "inode": 0,
            "new_mui": 10,
            "new_vari": 1.0,
            "noise_type": "gaussian",
            "obs_noise_gamma_shape": null,
            "true_params": {
                "Si": [
                    [
                        1.0,
                        0.6915875838137698,
                        -0.48981244326536205,
                        -0.2770743495087737,
                        1.0269638310397562,
                        -0.7250333073027021
                    ],
                    [
                        0.6915875838137698,
                        1.4782933860853682,
                        0.25459934484122776,
                        0.3233795480182702,
                        0.3937065268606898,
                        -0.5405634539487721
                    ],
                    [
                        -0.48981244326536205,
                        0.25459934484122776,
                        1.5919775434831236,
                        0.44128888375114644,
                        -0.6908313148057658,
                        -0.1922979639347473
                    ],
                    [
                        -0.2770743495087737,
                        0.3233795480182702,
                        0.44128888375114644,
                        1.3419959449260093,
                        -1.0621763228754295,
                        0.7086846199818286
                    ],
                    [
                        1.0269638310397562,
                        0.3937065268606898,
                        -0.6908313148057658,
                        -1.0621763228754295,
                        2.532600999854642,
                        -1.0566840324036624
                    ],
                    [
                        -0.7250333073027021,
                        -0.5405634539487721,
                        -0.1922979639347473,
                        0.7086846199818286,
                        -1.0566840324036624,
                        2.0807308003852434
                    ]
                ],
                "mui": [
                    10.0,
                    6.915875838137699,
                    -4.898124432653621,
                    -2.770743495087737,
                    10.269638310397562,
                    -7.250333073027021
                ],
                "Ai": [
                    [
                        0.0,
                        0.0,
                        0.0,
                        0.0,
                        0.0,
                        0.0
                    ],
                    [
                        0.6915875838137698,
                        0.0,
                        0.0,
                        0.0,
                        0.0,
                        0.0
                    ],
                    [
                        -0.9001642410408128,
                        0.5933475490010387,
                        0.0,
                        0.0,
                        0.0,
                        0.0
                    ],
                    [
                        -0.6332424586014702,
                        0.515000727931815,
                        -0.0,
                        0.0,
                        0.0,
                        0.0
                    ],
                    [
                        0.8566688461039296,
                        -0.0,
                        -0.0,
                        -0.6146183695377914,
                        0.0,
                        0.0
                    ],
                    [
                        -0.8355131268401904,
                        0.0,
                        -0.5242050202521548,
                        0.527953318174464,
                        0.0,
                        0.0
                    ]
                ]
            },
            "est_params": {
                "mui": [
                    4.975835744720799,
                    3.4274156123091304,
                    -2.4075305593075433,
                    -1.3747624315844935,
                    10.125653287664754,
                    -3.6180270353487742
                ],
                "Si": [
                    [
                        26.123806948181027,
                        18.199057103121852,
                        -12.774098943671207,
                        -7.215676605100432,
                        1.096042280798939,
                        -18.998616954005
                    ],
                    [
                        18.199057103121856,
                        13.68583438722197,
                        -8.29386336763589,
                        -4.489796926801268,
                        0.5802887677715298,
                        -13.254990834061626
                    ],
                    [
                        -12.774098943671207,
                        -8.29386336763589,
                        7.603455151099096,
                        3.804832317323999,
                        -0.6312944825393686,
                        8.7260619494897
                    ],
                    [
                        -7.215676605100432,
                        -4.489796926801268,
                        3.804832317323999,
                        3.261791321449119,
                        -0.7051911641163084,
                        5.838490920370996
                    ],
                    [
                        1.096042280798939,
                        0.5802887677715298,
                        -0.6312944825393686,
                        -0.7051911641163084,
                        1.7977706540494522,
                        -0.9613111707448468
                    ],
                    [
                        -18.998616954005,
                        -13.254990834061626,
                        8.7260619494897,
                        5.838490920370996,
                        -0.9613111707448468,
                        15.477633366358376
                    ]
                ]
            },
            "est_tgt": [
                0,
                4
            ],
            "oracle_est_tgt": [
                0
            ]
        },
        "1": {
            "intv_type": "hard",
            "inode": 1,
            "new_mui": 10,
            "new_vari": 1.0,
            "noise_type": "gaussian",
            "obs_noise_gamma_shape": null,
            "true_params": {
                "Si": [
                    [
                        1.0,
                        0.0,
                        -0.9001642410408128,
                        -0.6332424586014702,
                        1.2458712935316676,
                        -0.6979649698627275
                    ],
                    [
                        0.0,
                        1.0,
                        0.5933475490010387,
                        0.515000727931815,
                        -0.3165289077122278,
                        -0.03913942076678984
                    ],
                    [
                        -0.9001642410408128,
                        0.5933475490010387,
                        2.1623569747541227,
                        0.875596636793904,
                        -1.3093004389554956,
                        0.08085480773610598
                    ],
                    [
                        -0.6332424586014702,
                        0.515000727931815,
                        0.875596636793904,
                        1.666221761145934,
                        -1.5665695884380382,
                        0.9497775415223123
                    ],
                    [
                        1.2458712935316676,
                        -0.3165289077122278,
                        -1.3093004389554956,
                        -1.5665695884380382,
                        3.0301415696370597,
                        -1.1816755693473222
                    ],
                    [
                        -0.6979649698627275,
                        -0.03913942076678984,
                        0.08085480773610598,
                        0.9497775415223123,
                        -1.1816755693473222,
                        2.042212602842427
                    ]
                ],
                "mui": [
                    0.0,
                    10.0,
                    5.933475490010387,
                    5.1500072793181495,
                    -3.165289077122278,
                    -0.3913942076678984
                ],
                "Ai": [
                    [
                        0.0,
                        0.0,
                        0.0,
                        0.0,
                        0.0,
                        0.0
                    ],
                    [
                        0.0,
                        0.0,
                        0.0,
                        0.0,
                        0.0,
                        0.0
                    ],
                    [
                        -0.9001642410408128,
                        0.5933475490010387,
                        0.0,
                        0.0,
                        0.0,
                        0.0
                    ],
                    [
                        -0.6332424586014702,
                        0.515000727931815,
                        -0.0,
                        0.0,
                        0.0,
                        0.0
                    ],
                    [
                        0.8566688461039296,
                        -0.0,
                        -0.0,
                        -0.6146183695377914,
                        0.0,
                        0.0
                    ],
                    [
                        -0.8355131268401904,
                        0.0,
                        -0.5242050202521548,
                        0.527953318174464,
                        0.0,
                        0.0
                    ]
                ]
            },
            "oracle_est_tgt": [
                1
            ]
        },
        "2": {
            "intv_type": "hard",
            "inode": 2,
            "new_mui": 10,
            "new_vari": 1.0,
            "noise_type": "gaussian",
            "obs_noise_gamma_shape": null,
            "true_params": {
                "Si": [
                    [
                        1.0,
                        0.6915875838137698,
                        0.0,
                        -0.2770743495087737,
                        1.0269638310397562,
                        -0.9817954490443787
                    ],
                    [
                        0.6915875838137698,
                        1.4782933860853682,
                        0.0,
                        0.3233795480182702,
                        0.3937065268606898,
                        -0.40710119923009097
                    ],
                    [
                        0.0,
                        0.0,
                        1.0,
                        0.0,
                        0.0,
                        -0.5242050202521548
                    ],
                    [
                        -0.2770743495087737,
                        0.3233795480182702,
                        0.0,
                        1.3419959449260093,
                        -1.0621763228754295,
                        0.9400104682256492
                    ],
                    [
                        1.0269638310397562,
                        0.3937065268606898,
                        0.0,
                        -1.0621763228754295,
                        2.532600999854642,
                        -1.4188212757722416
                    ],
                    [
                        -0.9817954490443787,
                        -0.40710119923009097,
                        -0.5242050202521548,
                        0.9400104682256492,
                        -1.4188212757722416,
                        2.5913755346245626
                    ]
                ],
                "mui": [
                    0.0,
                    0.0,
                    10.0,
                    0.0,
                    0.0,
                    -5.242050202521548
                ],
                "Ai": [
                    [
                        0.0,
                        0.0,
                        0.0,
                        0.0,
                        0.0,
                        0.0
                    ],
                    [
                        0.6915875838137698,
                        0.0,
                        0.0,
                        0.0,
                        0.0,
                        0.0
                    ],
                    [
                        0.0,
                        0.0,
                        0.0,
                        0.0,
                        0.0,
                        0.0
                    ],
                    [
                        -0.6332424586014702,
                        0.515000727931815,
                        -0.0,
                        0.0,
                        0.0,
                        0.0
                    ],
                    [
                        0.8566688461039296,
                        -0.0,
                        -0.0,
                        -0.6146183695377914,
                        0.0,
                        0.0
                    ],
                    [
                        -0.8355131268401904,
                        0.0,
                        -0.5242050202521548,
                        0.527953318174464,
                        0.0,
                        0.0
                    ]
                ]
            },
            "est_params": {
                "mui": [
                    0.010823524150095543,
                    4.971279374529254,
                    7.935916131919723,
                    2.527614608614005,
                    -1.5317184563533364,
                    -2.8292048415045326
                ],
                "Si": [
                    [
                        0.9801525242001538,
                        0.2918455775557261,
                        -0.4801229422031527,
                        -0.4941846972551776,
                        1.1483876232441756,
                        -0.8243654418393178
                    ],
                    [
                        0.2918455775557261,
                        26.181801862794835,
                        -9.941082239268145,
                        13.410937672813033,
                        -7.907807949366803,
                        12.012627005046202
                    ],
                    [
                        -0.4801229422031527,
                        -9.941082239268145,
                        5.877944761127672,
                        -4.795044478347944,
                        2.441147947474687,
                        -5.223102456996995
                    ],
                    [
                        -0.4941846972551776,
                        13.410937672813033,
                        -4.795044478347944,
                        8.294295264365944,
                        -5.47394945164523,
                        7.313729133019771
                    ],
                    [
                        1.1483876232441756,
                        -7.907807949366803,
                        2.441147947474687,
                        -5.47394945164523,
                        5.294902907765235,
                        -5.144080265422499
                    ],
                    [
                        -0.8243654418393178,
                        12.012627005046202,
                        -5.223102456996995,
                        7.313729133019771,
                        -5.144080265422499,
                        8.266968605978551
                    ]
                ]
            },
            "est_tgt": [
                1,
                2
            ],
            "oracle_est_tgt": [
                2
            ]
        },
        "3": {
            "intv_type": "hard",
            "inode": 3,
            "new_mui": 10,
            "new_vari": 1.0,
            "noise_type": "gaussian",
            "obs_noise_gamma_shape": null,
            "true_params": {
                "Si": [
                    [
                        1.0,
                        0.6915875838137698,
                        -0.48981244326536205,
                        0.0,
                        0.8566688461039296,
                        -0.5787509850985139
                    ],
                    [
                        0.6915875838137698,
                        1.4782933860853682,
                        0.25459934484122776,
                        0.0,
                        0.5924615374055469,
                        -0.7112927593547762
                    ],
                    [
                        -0.48981244326536205,
                        0.25459934484122776,
                        1.5919775434831236,
                        0.0,
                        -0.41960706057948416,
                        -0.4252778943846704
                    ],
                    [
                        0.0,
                        0.0,
                        0.0,
                        1.0,
                        -0.6146183695377914,
                        0.527953318174464
                    ],
                    [
                        0.8566688461039296,
                        0.5924615374055469,
                        -0.41960706057948416,
                        -0.6146183695377914,
                        2.1116372520583315,
                        -0.8202877461943122
                    ],
                    [
                        -0.5787509850985139,
                        -0.7112927593547762,
                        -0.4252778943846704,
                        0.527953318174464,
                        -0.8202877461943122,
                        1.9852215586316364
                    ]
                ],
                "mui": [
                    0.0,
                    0.0,
                    0.0,
                    10.0,
                    -6.146183695377914,
                    5.27953318174464
                ],
                "Ai": [
                    [
                        0.0,
                        0.0,
                        0.0,
                        0.0,
                        0.0,
                        0.0
                    ],
                    [
                        0.6915875838137698,
                        0.0,
                        0.0,
                        0.0,
                        0.0,
                        0.0
                    ],
                    [
                        -0.9001642410408128,
                        0.5933475490010387,
                        0.0,
                        0.0,
                        0.0,
                        0.0
                    ],
                    [
                        0.0,
                        0.0,
                        0.0,
                        0.0,
                        0.0,
                        0.0
                    ],
                    [
                        0.8566688461039296,
                        -0.0,
                        -0.0,
                        -0.6146183695377914,
                        0.0,
                        0.0
                    ],
                    [
                        -0.8355131268401904,
                        0.0,
                        -0.5242050202521548,
                        0.527953318174464,
                        0.0,
                        0.0
                    ]
                ]
            },
            "oracle_est_tgt": [
                3
            ]
        },
        "4": {
            "intv_type": "hard",
            "inode": 4,
            "new_mui": 10,
            "new_vari": 1.0,
            "noise_type": "gaussian",
            "obs_noise_gamma_shape": null,
            "true_params": {
                "Si": [
                    [
                        1.0,
                        0.6915875838137698,
                        -0.48981244326536205,
                        -0.2770743495087737,
                        0.0,
                        -0.7250333073027021
                    ],
                    [
                        0.6915875838137698,
                        1.4782933860853682,
                        0.25459934484122776,
                        0.3233795480182702,
                        0.0,
                        -0.5405634539487721
                    ],
                    [
                        -0.48981244326536205,
                        0.25459934484122776,
                        1.5919775434831236,
                        0.44128888375114644,
                        0.0,
                        -0.1922979639347473
                    ],
                    [
                        -0.2770743495087737,
                        0.3233795480182702,
                        0.44128888375114644,
                        1.3419959449260093,
                        0.0,
                        0.7086846199818286
                    ],
                    [
                        0.0,
                        0.0,
                        0.0,
                        0.0,
                        1.0,
                        0.0
                    ],
                    [
                        -0.7250333073027021,
                        -0.5405634539487721,
                        -0.1922979639347473,
                        0.7086846199818286,
                        0.0,
                        2.0807308003852434
                    ]
                ],
                "mui": [
                    0.0,
                    0.0,
                    0.0,
                    0.0,
                    10.0,
                    0.0
                ],
                "Ai": [
                    [
                        0.0,
                        0.0,
                        0.0,
                        0.0,
                        0.0,
                        0.0
                    ],
                    [
                        0.6915875838137698,
                        0.0,
                        0.0,
                        0.0,
                        0.0,
                        0.0
                    ],
                    [
                        -0.9001642410408128,
                        0.5933475490010387,
                        0.0,
                        0.0,
                        0.0,
                        0.0
                    ],
                    [
                        -0.6332424586014702,
                        0.515000727931815,
                        -0.0,
                        0.0,
                        0.0,
                        0.0
                    ],
                    [
                        0.0,
                        0.0,
                        0.0,
                        0.0,
                        0.0,
                        0.0
                    ],
                    [
                        -0.8355131268401904,
                        0.0,
                        -0.5242050202521548,
                        0.527953318174464,
                        0.0,
                        0.0
                    ]
                ]
            },
            "oracle_est_tgt": [
                4
            ]
        },
        "5": {
            "intv_type": "hard",
            "inode": 5,
            "new_mui": 10,
            "new_vari": 1.0,
            "noise_type": "gaussian",
            "obs_noise_gamma_shape": null,
            "true_params": {
                "Si": [
                    [
                        1.0,
                        0.6915875838137698,
                        -0.48981244326536205,
                        -0.2770743495087737,
                        1.0269638310397562,
                        0.0
                    ],
                    [
                        0.6915875838137698,
                        1.4782933860853682,
                        0.25459934484122776,
                        0.3233795480182702,
                        0.3937065268606898,
                        0.0
                    ],
                    [
                        -0.48981244326536205,
                        0.25459934484122776,
                        1.5919775434831236,
                        0.44128888375114644,
                        -0.6908313148057658,
                        0.0
                    ],
                    [
                        -0.2770743495087737,
                        0.3233795480182702,
                        0.44128888375114644,
                        1.3419959449260093,
                        -1.0621763228754295,
                        0.0
                    ],
                    [
                        1.0269638310397562,
                        0.3937065268606898,
                        -0.6908313148057658,
                        -1.0621763228754295,
                        2.532600999854642,
                        0.0
                    ],
                    [
                        0.0,
                        0.0,
                        0.0,
                        0.0,
                        0.0,
                        1.0
                    ]
                ],
                "mui": [
                    0.0,
                    0.0,
                    0.0,
                    0.0,
                    0.0,
                    10.0
                ],
                "Ai": [
                    [
                        0.0,
                        0.0,
                        0.0,
                        0.0,
                        0.0,
                        0.0
                    ],
                    [
                        0.6915875838137698,
                        0.0,
                        0.0,
                        0.0,
                        0.0,
                        0.0
                    ],
                    [
                        -0.9001642410408128,
                        0.5933475490010387,
                        0.0,
                        0.0,
                        0.0,
                        0.0
                    ],
                    [
                        -0.6332424586014702,
                        0.515000727931815,
                        -0.0,
                        0.0,
                        0.0,
                        0.0
                    ],
                    [
                        0.8566688461039296,
                        -0.0,
                        -0.0,
                        -0.6146183695377914,
                        0.0,
                        0.0
                    ],
                    [
                        0.0,
                        0.0,
                        0.0,
                        0.0,
                        0.0,
                        0.0
                    ]
                ]
            },
            "oracle_est_tgt": [
                5
            ]
        },
        "obs": {
            "intv_type": "obs",
            "noise_type": "gaussian",
            "obs_noise_gamma_shape": null,
            "true_params": {
                "Si": [
                    [
                        1.0,
                        0.6915875838137698,
                        -0.48981244326536205,
                        -0.2770743495087737,
                        1.0269638310397562,
                        -0.7250333073027021
                    ],
                    [
                        0.6915875838137698,
                        1.4782933860853682,
                        0.25459934484122776,
                        0.3233795480182702,
                        0.3937065268606898,
                        -0.5405634539487721
                    ],
                    [
                        -0.48981244326536205,
                        0.25459934484122776,
                        1.5919775434831236,
                        0.44128888375114644,
                        -0.6908313148057658,
                        -0.1922979639347473
                    ],
                    [
                        -0.2770743495087737,
                        0.3233795480182702,
                        0.44128888375114644,
                        1.3419959449260093,
                        -1.0621763228754295,
                        0.7086846199818286
                    ],
                    [
                        1.0269638310397562,
                        0.3937065268606898,
                        -0.6908313148057658,
                        -1.0621763228754295,
                        2.532600999854642,
                        -1.0566840324036624
                    ],
                    [
                        -0.7250333073027021,
                        -0.5405634539487721,
                        -0.1922979639347473,
                        0.7086846199818286,
                        -1.0566840324036624,
                        2.0807308003852434
                    ]
                ],
                "mui": [
                    0.0,
                    0.0,
                    0.0,
                    0.0,
                    0.0,
                    0.0
                ],
                "Ai": [
                    [
                        0.0,
                        0.0,
                        0.0,
                        0.0,
                        0.0,
                        0.0
                    ],
                    [
                        0.6915875838137698,
                        0.0,
                        0.0,
                        0.0,
                        0.0,
                        0.0
                    ],
                    [
                        -0.9001642410408128,
                        0.5933475490010387,
                        0.0,
                        0.0,
                        0.0,
                        0.0
                    ],
                    [
                        -0.6332424586014702,
                        0.515000727931815,
                        -0.0,
                        0.0,
                        0.0,
                        0.0
                    ],
                    [
                        0.8566688461039296,
                        -0.0,
                        -0.0,
                        -0.6146183695377914,
                        0.0,
                        0.0
                    ],
                    [
                        -0.8355131268401904,
                        0.0,
                        -0.5242050202521548,
                        0.527953318174464,
                        0.0,
                        0.0
                    ]
                ]
            },
            "est_params": {
                "mui": [
                    0.0008215036161454674,
                    -0.005119320764923618,
                    0.01243060425996183,
                    3.33877653080694,
                    -2.0893268338379074,
                    5.0897675857284534
                ],
                "Si": [
                    [
                        0.9944733294337696,
                        0.682427210183774,
                        -0.4770173280602636,
                        -0.1555479072072574,
                        0.9323717410942567,
                        -0.37201184824082817
                    ],
                    [
                        0.682427210183774,
                        1.4633288800887554,
                        0.21881841549711756,
                        0.18836713261588217,
                        0.47318995752469784,
                        -0.46871420240092965
                    ],
                    [
                        -0.4770173280602636,
                        0.21881841549711756,
                        1.479361710421016,
                        0.2189274557998811,
                        -0.5547502677941976,
                        -0.2910166936912796
                    ],
                    [
                        -0.1555479072072574,
                        0.18836713261588217,
                        0.2189274557998811,
                        23.619705425617493,
                        -14.546338430537542,
                        1.074779889080148
                    ],
                    [
                        0.9323717410942567,
                        0.47318995752469784,
                        -0.5547502677941976,
                        -14.546338430537542,
                        10.657728195988204,
                        -0.9136452156568385
                    ],
                    [
                        -0.37201184824082817,
                        -0.4687142024009297,
                        -0.29101669369127964,
                        1.074779889080148,
                        -0.9136452156568384,
                        18.444779660987077
                    ]
                ]
            },
            "est_tgt": [
                0,
                1,
                2,
                3,
                4,
                5
            ],
            "oracle_est_tgt": [
                0,
                1,
                2,
                3,
                4,
                5
            ]
        }
    },
    "metric_dict": {
        "param_est_rel_err": 563.9049501976599,
        "est_num_comp": 3,
        "weight_precision_error": 0.1904115185451869,
        "gm_score_dict": {
            "1": -15.922963643878116,
            "2": -13.482498225307566,
            "3": -11.96045382046295,
            "4": -11.599659250182935,
            "5": -11.27733828185914,
            "6": -10.709720871297552,
            "7": -10.444663296044599
        },
        "est_dag": {
            "amat": [
                [
                    0,
                    1,
                    1,
                    1,
                    1,
                    1
                ],
                [
                    0,
                    0,
                    0,
                    1,
                    0,
                    0
                ],
                [
                    0,
                    1,
                    0,
                    0,
                    0,
                    1
                ],
                [
                    0,
                    0,
                    0,
                    0,
                    1,
                    1
                ],
                [
                    0,
                    0,
                    0,
                    0,
                    0,
                    0
                ],
                [
                    0,
                    0,
                    0,
                    0,
                    0,
                    0
                ]
            ],
            "nodes": [
                0,
                1,
                2,
                3,
                4,
                5
            ]
        },
        "oracle_est_dag": {
            "amat": [
                [
                    0,
                    1,
                    1,
                    1,
                    1,
                    1
                ],
                [
                    0,
                    0,
                    1,
                    1,
                    0,
                    0
                ],
                [
                    0,
                    0,
                    0,
                    0,
                    0,
                    1
                ],
                [
                    0,
                    0,
                    0,
                    0,
                    1,
                    1
                ],
                [
                    0,
                    0,
                    0,
                    0,
                    0,
                    0
                ],
                [
                    0,
                    0,
                    0,
                    0,
                    0,
                    0
                ]
            ],
            "nodes": [
                0,
                1,
                2,
                3,
                4,
                5
            ]
        },
        "igsp_dag": null,
        "intv_base_est_dag": null,
        "act_dag": {
            "amat": [
                [
                    0,
                    1,
                    1,
                    1,
                    1,
                    1
                ],
                [
                    0,
                    0,
                    1,
                    1,
                    0,
                    0
                ],
                [
                    0,
                    0,
                    0,
                    0,
                    0,
                    1
                ],
                [
                    0,
                    0,
                    0,
                    0,
                    1,
                    1
                ],
                [
                    0,
                    0,
                    0,
                    0,
                    0,
                    0
                ],
                [
                    0,
                    0,
                    0,
                    0,
                    0,
                    0
                ]
            ],
            "nodes": [
                0,
                1,
                2,
                3,
                4,
                5
            ]
        },
        "shd": 1,
        "oracle_shd": 0,
        "intv_base_shd": null,
        "igsp_shd": null,
        "avg_js": 0.3333333333333333,
        "avg_oracle_js": 0.8571428571428571
    }
}