{
    "expt_args": {
        "save_dir": "all_expt_logs/expt_logs_sim_compsel_backward_cameraready_new_mean_largerange",
        "exp_name": "281",
        "num_nodes": 6,
        "num_tgt_prior": 7,
        "obs_noise_mean": 0.0,
        "obs_noise_var": 1.0,
        "obs_noise_gamma_shape": null,
        "noise_type": "gaussian",
        "max_edge_strength": 1.0,
        "graph_sparsity_method": "adj_dense_prop",
        "adj_dense_prop": 0.8,
        "num_parents": null,
        "new_noise_mean": 10,
        "mix_samples": 65536,
        "stage2_samples": 65536,
        "gmm_tol": 0.001,
        "intv_type": "hard",
        "new_noise_var": 1.0,
        "dtype": "simulation",
        "cutoff_drop_ratio": 0.07,
        "intv_targets": [
            0,
            1,
            2,
            3,
            4,
            5
        ]
    },
    "intv_args_dict": {
        "0": {
            "intv_type": "hard",
            "inode": 0,
            "new_mui": 10,
            "new_vari": 1.0,
            "noise_type": "gaussian",
            "obs_noise_gamma_shape": null,
            "true_params": {
                "Si": [
                    [
                        1.0,
                        0.0,
                        0.0,
                        -0.9946046860467005,
                        0.22314787946660591,
                        -1.420078539851211
                    ],
                    [
                        0.0,
                        1.0,
                        0.0,
                        -0.802729840095369,
                        0.015962852320881644,
                        -0.5497002537971276
                    ],
                    [
                        0.0,
                        0.0,
                        1.0,
                        -0.9752269754840175,
                        0.3028523401513183,
                        -0.6678243278830645
                    ],
                    [
                        -0.9946046860467005,
                        -0.802729840095369,
                        -0.9752269754840175,
                        3.584681331397297,
                        -1.3812534310643068,
                        3.1897464795380714
                    ],
                    [
                        0.22314787946660591,
                        0.015962852320881644,
                        0.3028523401513183,
                        -1.3812534310643068,
                        1.8662186290086928,
                        -1.1107694624220616
                    ],
                    [
                        -1.420078539851211,
                        -0.5497002537971276,
                        -0.6678243278830645,
                        3.1897464795380714,
                        -1.1107694624220616,
                        4.233718205751073
                    ]
                ],
                "mui": [
                    10.0,
                    0.0,
                    0.0,
                    -9.946046860467005,
                    2.2314787946660593,
                    -14.20078539851211
                ],
                "Ai": [
                    [
                        0.0,
                        0.0,
                        0.0,
                        0.0,
                        0.0,
                        0.0
                    ],
                    [
                        0.0,
                        0.0,
                        0.0,
                        0.0,
                        0.0,
                        0.0
                    ],
                    [
                        0.0,
                        0.0,
                        0.0,
                        0.0,
                        0.0,
                        0.0
                    ],
                    [
                        -0.9946046860467005,
                        -0.802729840095369,
                        -0.9752269754840175,
                        0.0,
                        0.0,
                        0.0
                    ],
                    [
                        -0.6234057961888144,
                        -0.667277339711669,
                        -0.5272080770942418,
                        -0.8511458748704019,
                        0.0,
                        0.0
                    ],
                    [
                        -0.7389845764291855,
                        0.0,
                        0.0,
                        0.684788612980701,
                        0.0,
                        0.0
                    ]
                ]
            },
            "oracle_est_tgt": [
                0
            ]
        },
        "1": {
            "intv_type": "hard",
            "inode": 1,
            "new_mui": 10,
            "new_vari": 1.0,
            "noise_type": "gaussian",
            "obs_noise_gamma_shape": null,
            "true_params": {
                "Si": [
                    [
                        1.0,
                        0.0,
                        0.0,
                        -0.9946046860467005,
                        0.22314787946660591,
                        -1.420078539851211
                    ],
                    [
                        0.0,
                        1.0,
                        0.0,
                        -0.802729840095369,
                        0.015962852320881644,
                        -0.5497002537971276
                    ],
                    [
                        0.0,
                        0.0,
                        1.0,
                        -0.9752269754840175,
                        0.3028523401513183,
                        -0.6678243278830645
                    ],
                    [
                        -0.9946046860467005,
                        -0.802729840095369,
                        -0.9752269754840175,
                        3.584681331397297,
                        -1.3812534310643068,
                        3.1897464795380714
                    ],
                    [
                        0.22314787946660591,
                        0.015962852320881644,
                        0.3028523401513183,
                        -1.3812534310643068,
                        1.8662186290086928,
                        -1.1107694624220616
                    ],
                    [
                        -1.420078539851211,
                        -0.5497002537971276,
                        -0.6678243278830645,
                        3.1897464795380714,
                        -1.1107694624220616,
                        4.233718205751073
                    ]
                ],
                "mui": [
                    0.0,
                    10.0,
                    0.0,
                    -8.02729840095369,
                    0.15962852320881643,
                    -5.497002537971277
                ],
                "Ai": [
                    [
                        0.0,
                        0.0,
                        0.0,
                        0.0,
                        0.0,
                        0.0
                    ],
                    [
                        0.0,
                        0.0,
                        0.0,
                        0.0,
                        0.0,
                        0.0
                    ],
                    [
                        0.0,
                        0.0,
                        0.0,
                        0.0,
                        0.0,
                        0.0
                    ],
                    [
                        -0.9946046860467005,
                        -0.802729840095369,
                        -0.9752269754840175,
                        0.0,
                        0.0,
                        0.0
                    ],
                    [
                        -0.6234057961888144,
                        -0.667277339711669,
                        -0.5272080770942418,
                        -0.8511458748704019,
                        0.0,
                        0.0
                    ],
                    [
                        -0.7389845764291855,
                        0.0,
                        0.0,
                        0.684788612980701,
                        0.0,
                        0.0
                    ]
                ]
            },
            "oracle_est_tgt": [
                1,
                4
            ]
        },
        "2": {
            "intv_type": "hard",
            "inode": 2,
            "new_mui": 10,
            "new_vari": 1.0,
            "noise_type": "gaussian",
            "obs_noise_gamma_shape": null,
            "true_params": {
                "Si": [
                    [
                        1.0,
                        0.0,
                        0.0,
                        -0.9946046860467005,
                        0.22314787946660591,
                        -1.420078539851211
                    ],
                    [
                        0.0,
                        1.0,
                        0.0,
                        -0.802729840095369,
                        0.015962852320881644,
                        -0.5497002537971276
                    ],
                    [
                        0.0,
                        0.0,
                        1.0,
                        -0.9752269754840175,
                        0.3028523401513183,
                        -0.6678243278830645
                    ],
                    [
                        -0.9946046860467005,
                        -0.802729840095369,
                        -0.9752269754840175,
                        3.584681331397297,
                        -1.3812534310643068,
                        3.1897464795380714
                    ],
                    [
                        0.22314787946660591,
                        0.015962852320881644,
                        0.3028523401513183,
                        -1.3812534310643068,
                        1.8662186290086928,
                        -1.1107694624220616
                    ],
                    [
                        -1.420078539851211,
                        -0.5497002537971276,
                        -0.6678243278830645,
                        3.1897464795380714,
                        -1.1107694624220616,
                        4.233718205751073
                    ]
                ],
                "mui": [
                    0.0,
                    0.0,
                    10.0,
                    -9.752269754840174,
                    3.028523401513183,
                    -6.678243278830644
                ],
                "Ai": [
                    [
                        0.0,
                        0.0,
                        0.0,
                        0.0,
                        0.0,
                        0.0
                    ],
                    [
                        0.0,
                        0.0,
                        0.0,
                        0.0,
                        0.0,
                        0.0
                    ],
                    [
                        0.0,
                        0.0,
                        0.0,
                        0.0,
                        0.0,
                        0.0
                    ],
                    [
                        -0.9946046860467005,
                        -0.802729840095369,
                        -0.9752269754840175,
                        0.0,
                        0.0,
                        0.0
                    ],
                    [
                        -0.6234057961888144,
                        -0.667277339711669,
                        -0.5272080770942418,
                        -0.8511458748704019,
                        0.0,
                        0.0
                    ],
                    [
                        -0.7389845764291855,
                        0.0,
                        0.0,
                        0.684788612980701,
                        0.0,
                        0.0
                    ]
                ]
            },
            "oracle_est_tgt": [
                2
            ]
        },
        "3": {
            "intv_type": "hard",
            "inode": 3,
            "new_mui": 10,
            "new_vari": 1.0,
            "noise_type": "gaussian",
            "obs_noise_gamma_shape": null,
            "true_params": {
                "Si": [
                    [
                        1.0,
                        0.0,
                        0.0,
                        0.0,
                        -0.6234057961888144,
                        -0.7389845764291855
                    ],
                    [
                        0.0,
                        1.0,
                        0.0,
                        0.0,
                        -0.667277339711669,
                        0.0
                    ],
                    [
                        0.0,
                        0.0,
                        1.0,
                        0.0,
                        -0.5272080770942418,
                        0.0
                    ],
                    [
                        0.0,
                        0.0,
                        0.0,
                        1.0,
                        -0.8511458748704019,
                        0.684788612980701
                    ],
                    [
                        -0.6234057961888144,
                        -0.667277339711669,
                        -0.5272080770942418,
                        -0.8511458748704019,
                        2.8362914916768016,
                        -0.12216773485665772
                    ],
                    [
                        -0.7389845764291855,
                        0.0,
                        0.0,
                        0.684788612980701,
                        -0.12216773485665772,
                        2.015033648668255
                    ]
                ],
                "mui": [
                    0.0,
                    0.0,
                    0.0,
                    10.0,
                    -8.511458748704019,
                    6.84788612980701
                ],
                "Ai": [
                    [
                        0.0,
                        0.0,
                        0.0,
                        0.0,
                        0.0,
                        0.0
                    ],
                    [
                        0.0,
                        0.0,
                        0.0,
                        0.0,
                        0.0,
                        0.0
                    ],
                    [
                        0.0,
                        0.0,
                        0.0,
                        0.0,
                        0.0,
                        0.0
                    ],
                    [
                        0.0,
                        0.0,
                        0.0,
                        0.0,
                        0.0,
                        0.0
                    ],
                    [
                        -0.6234057961888144,
                        -0.667277339711669,
                        -0.5272080770942418,
                        -0.8511458748704019,
                        0.0,
                        0.0
                    ],
                    [
                        -0.7389845764291855,
                        0.0,
                        0.0,
                        0.684788612980701,
                        0.0,
                        0.0
                    ]
                ]
            },
            "oracle_est_tgt": [
                3,
                4
            ]
        },
        "4": {
            "intv_type": "hard",
            "inode": 4,
            "new_mui": 10,
            "new_vari": 1.0,
            "noise_type": "gaussian",
            "obs_noise_gamma_shape": null,
            "true_params": {
                "Si": [
                    [
                        1.0,
                        0.0,
                        0.0,
                        -0.9946046860467005,
                        0.0,
                        -1.420078539851211
                    ],
                    [
                        0.0,
                        1.0,
                        0.0,
                        -0.802729840095369,
                        0.0,
                        -0.5497002537971276
                    ],
                    [
                        0.0,
                        0.0,
                        1.0,
                        -0.9752269754840175,
                        0.0,
                        -0.6678243278830645
                    ],
                    [
                        -0.9946046860467005,
                        -0.802729840095369,
                        -0.9752269754840175,
                        3.584681331397297,
                        0.0,
                        3.1897464795380714
                    ],
                    [
                        0.0,
                        0.0,
                        0.0,
                        0.0,
                        1.0,
                        0.0
                    ],
                    [
                        -1.420078539851211,
                        -0.5497002537971276,
                        -0.6678243278830645,
                        3.1897464795380714,
                        0.0,
                        4.233718205751073
                    ]
                ],
                "mui": [
                    0.0,
                    0.0,
                    0.0,
                    0.0,
                    10.0,
                    0.0
                ],
                "Ai": [
                    [
                        0.0,
                        0.0,
                        0.0,
                        0.0,
                        0.0,
                        0.0
                    ],
                    [
                        0.0,
                        0.0,
                        0.0,
                        0.0,
                        0.0,
                        0.0
                    ],
                    [
                        0.0,
                        0.0,
                        0.0,
                        0.0,
                        0.0,
                        0.0
                    ],
                    [
                        -0.9946046860467005,
                        -0.802729840095369,
                        -0.9752269754840175,
                        0.0,
                        0.0,
                        0.0
                    ],
                    [
                        0.0,
                        0.0,
                        0.0,
                        0.0,
                        0.0,
                        0.0
                    ],
                    [
                        -0.7389845764291855,
                        0.0,
                        0.0,
                        0.684788612980701,
                        0.0,
                        0.0
                    ]
                ]
            },
            "oracle_est_tgt": [
                3,
                4
            ]
        },
        "5": {
            "intv_type": "hard",
            "inode": 5,
            "new_mui": 10,
            "new_vari": 1.0,
            "noise_type": "gaussian",
            "obs_noise_gamma_shape": null,
            "true_params": {
                "Si": [
                    [
                        1.0,
                        0.0,
                        0.0,
                        -0.9946046860467005,
                        0.22314787946660591,
                        0.0
                    ],
                    [
                        0.0,
                        1.0,
                        0.0,
                        -0.802729840095369,
                        0.015962852320881644,
                        0.0
                    ],
                    [
                        0.0,
                        0.0,
                        1.0,
                        -0.9752269754840175,
                        0.3028523401513183,
                        0.0
                    ],
                    [
                        -0.9946046860467005,
                        -0.802729840095369,
                        -0.9752269754840175,
                        3.584681331397297,
                        -1.3812534310643068,
                        0.0
                    ],
                    [
                        0.22314787946660591,
                        0.015962852320881644,
                        0.3028523401513183,
                        -1.3812534310643068,
                        1.8662186290086928,
                        0.0
                    ],
                    [
                        0.0,
                        0.0,
                        0.0,
                        0.0,
                        0.0,
                        1.0
                    ]
                ],
                "mui": [
                    0.0,
                    0.0,
                    0.0,
                    0.0,
                    0.0,
                    10.0
                ],
                "Ai": [
                    [
                        0.0,
                        0.0,
                        0.0,
                        0.0,
                        0.0,
                        0.0
                    ],
                    [
                        0.0,
                        0.0,
                        0.0,
                        0.0,
                        0.0,
                        0.0
                    ],
                    [
                        0.0,
                        0.0,
                        0.0,
                        0.0,
                        0.0,
                        0.0
                    ],
                    [
                        -0.9946046860467005,
                        -0.802729840095369,
                        -0.9752269754840175,
                        0.0,
                        0.0,
                        0.0
                    ],
                    [
                        -0.6234057961888144,
                        -0.667277339711669,
                        -0.5272080770942418,
                        -0.8511458748704019,
                        0.0,
                        0.0
                    ],
                    [
                        0.0,
                        0.0,
                        0.0,
                        0.0,
                        0.0,
                        0.0
                    ]
                ]
            },
            "oracle_est_tgt": [
                5
            ]
        },
        "obs": {
            "intv_type": "obs",
            "noise_type": "gaussian",
            "obs_noise_gamma_shape": null,
            "true_params": {
                "Si": [
                    [
                        1.0,
                        0.0,
                        0.0,
                        -0.9946046860467005,
                        0.22314787946660591,
                        -1.420078539851211
                    ],
                    [
                        0.0,
                        1.0,
                        0.0,
                        -0.802729840095369,
                        0.015962852320881644,
                        -0.5497002537971276
                    ],
                    [
                        0.0,
                        0.0,
                        1.0,
                        -0.9752269754840175,
                        0.3028523401513183,
                        -0.6678243278830645
                    ],
                    [
                        -0.9946046860467005,
                        -0.802729840095369,
                        -0.9752269754840175,
                        3.584681331397297,
                        -1.3812534310643068,
                        3.1897464795380714
                    ],
                    [
                        0.22314787946660591,
                        0.015962852320881644,
                        0.3028523401513183,
                        -1.3812534310643068,
                        1.8662186290086928,
                        -1.1107694624220616
                    ],
                    [
                        -1.420078539851211,
                        -0.5497002537971276,
                        -0.6678243278830645,
                        3.1897464795380714,
                        -1.1107694624220616,
                        4.233718205751073
                    ]
                ],
                "mui": [
                    0.0,
                    0.0,
                    0.0,
                    0.0,
                    0.0,
                    0.0
                ],
                "Ai": [
                    [
                        0.0,
                        0.0,
                        0.0,
                        0.0,
                        0.0,
                        0.0
                    ],
                    [
                        0.0,
                        0.0,
                        0.0,
                        0.0,
                        0.0,
                        0.0
                    ],
                    [
                        0.0,
                        0.0,
                        0.0,
                        0.0,
                        0.0,
                        0.0
                    ],
                    [
                        -0.9946046860467005,
                        -0.802729840095369,
                        -0.9752269754840175,
                        0.0,
                        0.0,
                        0.0
                    ],
                    [
                        -0.6234057961888144,
                        -0.667277339711669,
                        -0.5272080770942418,
                        -0.8511458748704019,
                        0.0,
                        0.0
                    ],
                    [
                        -0.7389845764291855,
                        0.0,
                        0.0,
                        0.684788612980701,
                        0.0,
                        0.0
                    ]
                ]
            },
            "est_params": {
                "mui": [
                    1.4341037243703514,
                    1.4313269681350376,
                    1.4290233342063265,
                    -2.536857905638939,
                    0.9796613670769718,
                    -1.3675334597503674
                ],
                "Si": [
                    [
                        13.28874630032159,
                        -2.029645571269245,
                        -2.0465089448609515,
                        -11.46941488539834,
                        1.8274377589203088,
                        -19.498548847957547
                    ],
                    [
                        -2.029645571269245,
                        13.256424434555058,
                        -2.0604276738803744,
                        -8.530719645140548,
                        -1.2741967269997303,
                        -6.3575748768857245
                    ],
                    [
                        -2.0465089448609515,
                        -2.0604276738803744,
                        13.22270562115315,
                        -11.106982889288602,
                        3.0733127097163337,
                        -8.027219360160842
                    ],
                    [
                        -11.46941488539834,
                        -8.530719645140548,
                        -11.106982889288602,
                        47.9944222110546,
                        -18.349412296511847,
                        44.51548496972755
                    ],
                    [
                        1.8274377589203088,
                        -1.2741967269997303,
                        3.0733127097163337,
                        -18.349412296511847,
                        27.587963621600316,
                        -15.135838720596665
                    ],
                    [
                        -19.498548847957547,
                        -6.3575748768857245,
                        -8.027219360160842,
                        44.51548496972755,
                        -15.135838720596665,
                        62.15928609484652
                    ]
                ]
            },
            "est_tgt": [
                0,
                1,
                2,
                3,
                4,
                5
            ],
            "oracle_est_tgt": [
                0,
                1,
                2,
                3,
                4,
                5
            ]
        }
    },
    "metric_dict": {
        "param_est_rel_err": 461.40494590422344,
        "est_num_comp": 1,
        "weight_precision_error": 0.0,
        "gm_score_dict": {
            "1": -15.97175610344764,
            "2": -13.16308226847867,
            "3": -12.341606182950812,
            "4": -11.779574017911209,
            "5": -11.09880113011968,
            "6": -10.734531640446697,
            "7": -10.460583334270256
        },
        "est_dag": {
            "amat": [
                [
                    0,
                    0,
                    0,
                    1,
                    1,
                    1
                ],
                [
                    0,
                    0,
                    0,
                    1,
                    0,
                    0
                ],
                [
                    0,
                    0,
                    0,
                    1,
                    1,
                    0
                ],
                [
                    0,
                    0,
                    0,
                    0,
                    0,
                    1
                ],
                [
                    0,
                    0,
                    0,
                    1,
                    0,
                    0
                ],
                [
                    0,
                    0,
                    0,
                    0,
                    0,
                    0
                ]
            ],
            "nodes": [
                0,
                1,
                2,
                3,
                4,
                5
            ]
        },
        "oracle_est_dag": {
            "amat": [
                [
                    0,
                    0,
                    0,
                    1,
                    1,
                    1
                ],
                [
                    0,
                    0,
                    0,
                    1,
                    0,
                    0
                ],
                [
                    0,
                    0,
                    0,
                    1,
                    1,
                    0
                ],
                [
                    0,
                    0,
                    0,
                    0,
                    0,
                    1
                ],
                [
                    0,
                    0,
                    0,
                    1,
                    0,
                    0
                ],
                [
                    0,
                    0,
                    0,
                    0,
                    0,
                    0
                ]
            ],
            "nodes": [
                0,
                1,
                2,
                3,
                4,
                5
            ]
        },
        "igsp_dag": null,
        "intv_base_est_dag": null,
        "act_dag": {
            "amat": [
                [
                    0,
                    0,
                    0,
                    1,
                    1,
                    1
                ],
                [
                    0,
                    0,
                    0,
                    1,
                    1,
                    0
                ],
                [
                    0,
                    0,
                    0,
                    1,
                    1,
                    0
                ],
                [
                    0,
                    0,
                    0,
                    0,
                    1,
                    1
                ],
                [
                    0,
                    0,
                    0,
                    0,
                    0,
                    0
                ],
                [
                    0,
                    0,
                    0,
                    0,
                    0,
                    0
                ]
            ],
            "nodes": [
                0,
                1,
                2,
                3,
                4,
                5
            ]
        },
        "shd": 2,
        "oracle_shd": 2,
        "intv_base_shd": null,
        "igsp_shd": null,
        "avg_js": 0.0,
        "avg_oracle_js": 0.6428571428571429
    }
}