{
    "expt_args": {
        "save_dir": "all_expt_logs/expt_logs_sim_compsel_backward_cameraready_new_mean_largerange",
        "exp_name": "235",
        "num_nodes": 6,
        "num_tgt_prior": 7,
        "obs_noise_mean": 0.0,
        "obs_noise_var": 1.0,
        "obs_noise_gamma_shape": null,
        "noise_type": "gaussian",
        "max_edge_strength": 1.0,
        "graph_sparsity_method": "adj_dense_prop",
        "adj_dense_prop": 0.8,
        "num_parents": null,
        "new_noise_mean": 10,
        "mix_samples": 16384,
        "stage2_samples": 16384,
        "gmm_tol": 0.001,
        "intv_type": "hard",
        "new_noise_var": 1.0,
        "dtype": "simulation",
        "cutoff_drop_ratio": 0.07,
        "intv_targets": [
            0,
            1,
            2,
            3,
            4,
            5
        ]
    },
    "intv_args_dict": {
        "0": {
            "intv_type": "hard",
            "inode": 0,
            "new_mui": 10,
            "new_vari": 1.0,
            "noise_type": "gaussian",
            "obs_noise_gamma_shape": null,
            "true_params": {
                "Si": [
                    [
                        1.0,
                        0.0,
                        0.6729654410283933,
                        1.5986711438005439,
                        0.3176943692194801,
                        2.1365341846981964
                    ],
                    [
                        0.0,
                        1.0,
                        -0.6654783974370965,
                        -1.2379170247315079,
                        1.0664289998363377,
                        -3.1133399836810582
                    ],
                    [
                        0.6729654410283933,
                        -0.6654783974370965,
                        1.895743982273986,
                        2.7978325596233846,
                        -1.1459560337730446,
                        5.547350240802188
                    ],
                    [
                        1.5986711438005439,
                        -1.2379170247315079,
                        2.7978325596233846,
                        5.8949064793314925,
                        -1.3961365917999606,
                        10.03329167386648
                    ],
                    [
                        0.3176943692194801,
                        1.0664289998363377,
                        -1.1459560337730446,
                        -1.3961365917999606,
                        2.660788802794748,
                        -4.949103943957073
                    ],
                    [
                        2.1365341846981964,
                        -3.1133399836810582,
                        5.547350240802188,
                        10.03329167386648,
                        -4.949103943957073,
                        21.247534939101318
                    ]
                ],
                "mui": [
                    10.0,
                    0.0,
                    6.729654410283933,
                    15.98671143800544,
                    3.1769436921948007,
                    21.365341846981963
                ],
                "Ai": [
                    [
                        0.0,
                        0.0,
                        0.0,
                        0.0,
                        0.0,
                        0.0
                    ],
                    [
                        -0.0,
                        0.0,
                        0.0,
                        0.0,
                        0.0,
                        0.0
                    ],
                    [
                        0.6729654410283933,
                        -0.6654783974370965,
                        0.0,
                        0.0,
                        0.0,
                        0.0
                    ],
                    [
                        0.9942303479029323,
                        -0.6402009048890707,
                        0.8981750904978634,
                        0.0,
                        0.0,
                        0.0
                    ],
                    [
                        0.7551676024457051,
                        0.6338228533392396,
                        -0.6500679032755375,
                        0.0,
                        0.0,
                        0.0
                    ],
                    [
                        0.5795984265411133,
                        -0.5366263400836371,
                        0.5602208054217028,
                        0.9334296687716956,
                        -0.9830849701137031,
                        0.0
                    ]
                ]
            },
            "est_params": {
                "mui": [
                    5.028964831596961,
                    0.010098592244216043,
                    8.386829403791241,
                    12.523920832779254,
                    -1.688228614699367,
                    20.96898737656331
                ],
                "Si": [
                    [
                        25.94349034176476,
                        0.004640967058066795,
                        -7.827267461572498,
                        18.56564021646841,
                        24.745825710209832,
                        3.518384336349675
                    ],
                    [
                        0.004640967058066793,
                        1.0084388161958222,
                        -0.35923697633166995,
                        -0.9542230657566783,
                        0.8862030199062921,
                        -2.4849612197035946
                    ],
                    [
                        -7.827267461572498,
                        -0.35923697633166995,
                        4.110048182391857,
                        -3.7994051075884747,
                        -8.844406571890392,
                        3.1115985279633103
                    ],
                    [
                        18.56564021646841,
                        -0.9542230657566783,
                        -3.7994051075884747,
                        16.521942966441653,
                        15.888544891852286,
                        8.812330457636973
                    ],
                    [
                        24.745825710209832,
                        0.8862030199062921,
                        -8.844406571890392,
                        15.888544891852286,
                        26.078785476860325,
                        -1.9714681587100773
                    ],
                    [
                        3.518384336349675,
                        -2.4849612197035946,
                        3.1115985279633103,
                        8.812330457636975,
                        -1.9714681587100773,
                        16.167064048199517
                    ]
                ]
            },
            "est_tgt": [
                0,
                2,
                3
            ],
            "oracle_est_tgt": [
                0,
                2,
                3
            ]
        },
        "1": {
            "intv_type": "hard",
            "inode": 1,
            "new_mui": 10,
            "new_vari": 1.0,
            "noise_type": "gaussian",
            "obs_noise_gamma_shape": null,
            "true_params": {
                "Si": [
                    [
                        1.0,
                        0.0,
                        0.6729654410283933,
                        1.5986711438005439,
                        0.3176943692194801,
                        2.1365341846981964
                    ],
                    [
                        0.0,
                        1.0,
                        -0.6654783974370965,
                        -1.2379170247315079,
                        1.0664289998363377,
                        -3.1133399836810582
                    ],
                    [
                        0.6729654410283933,
                        -0.6654783974370965,
                        1.895743982273986,
                        2.7978325596233846,
                        -1.1459560337730446,
                        5.547350240802188
                    ],
                    [
                        1.5986711438005439,
                        -1.2379170247315079,
                        2.7978325596233846,
                        5.8949064793314925,
                        -1.3961365917999606,
                        10.03329167386648
                    ],
                    [
                        0.3176943692194801,
                        1.0664289998363377,
                        -1.1459560337730446,
                        -1.3961365917999606,
                        2.660788802794748,
                        -4.949103943957073
                    ],
                    [
                        2.1365341846981964,
                        -3.1133399836810582,
                        5.547350240802188,
                        10.03329167386648,
                        -4.949103943957073,
                        21.247534939101318
                    ]
                ],
                "mui": [
                    0.0,
                    10.0,
                    -6.6547839743709645,
                    -12.379170247315079,
                    10.664289998363376,
                    -31.133399836810582
                ],
                "Ai": [
                    [
                        0.0,
                        0.0,
                        0.0,
                        0.0,
                        0.0,
                        0.0
                    ],
                    [
                        0.0,
                        0.0,
                        0.0,
                        0.0,
                        0.0,
                        0.0
                    ],
                    [
                        0.6729654410283933,
                        -0.6654783974370965,
                        0.0,
                        0.0,
                        0.0,
                        0.0
                    ],
                    [
                        0.9942303479029323,
                        -0.6402009048890707,
                        0.8981750904978634,
                        0.0,
                        0.0,
                        0.0
                    ],
                    [
                        0.7551676024457051,
                        0.6338228533392396,
                        -0.6500679032755375,
                        0.0,
                        0.0,
                        0.0
                    ],
                    [
                        0.5795984265411133,
                        -0.5366263400836371,
                        0.5602208054217028,
                        0.9334296687716956,
                        -0.9830849701137031,
                        0.0
                    ]
                ]
            },
            "est_params": {
                "mui": [
                    0.015188845151207407,
                    9.998325286973811,
                    -6.651044837738379,
                    -12.35788180417316,
                    10.64685845632363,
                    -31.0696429432173
                ],
                "Si": [
                    [
                        0.9864191708283025,
                        -0.006633564396992482,
                        0.6491927856865413,
                        1.569037230230281,
                        0.3400411292221873,
                        2.086222575519558
                    ],
                    [
                        -0.0066335643969924855,
                        0.9343661608866491,
                        -0.5975104856657377,
                        -1.144725454856245,
                        0.9567373088125403,
                        -2.8370887162204137
                    ],
                    [
                        0.6491927856865413,
                        -0.5975104856657377,
                        1.7426272330284307,
                        2.6044833752870926,
                        -1.0046604456587525,
                        5.0809155068293865
                    ],
                    [
                        1.569037230230281,
                        -1.144725454856245,
                        2.6044833752870926,
                        5.5981067540390015,
                        -1.1560782381716515,
                        9.332727047516878
                    ],
                    [
                        0.3400411292221873,
                        0.9567373088125403,
                        -1.0046604456587525,
                        -1.1560782381716515,
                        2.517809694900602,
                        -4.4124898974990865
                    ],
                    [
                        2.0862225755195585,
                        -2.8370887162204137,
                        5.0809155068293865,
                        9.332727047516878,
                        -4.4124898974990865,
                        19.56593282744286
                    ]
                ]
            },
            "est_tgt": [
                1
            ],
            "oracle_est_tgt": [
                1
            ]
        },
        "2": {
            "intv_type": "hard",
            "inode": 2,
            "new_mui": 10,
            "new_vari": 1.0,
            "noise_type": "gaussian",
            "obs_noise_gamma_shape": null,
            "true_params": {
                "Si": [
                    [
                        1.0,
                        0.0,
                        0.0,
                        0.9942303479029323,
                        0.7551676024457051,
                        0.7652486109857422
                    ],
                    [
                        0.0,
                        1.0,
                        0.0,
                        -0.6402009048890707,
                        0.6338228533392396,
                        -1.7573105795139705
                    ],
                    [
                        0.0,
                        0.0,
                        1.0,
                        0.8981750904978634,
                        -0.6500679032755375,
                        2.0376760679076207
                    ],
                    [
                        0.9942303479029323,
                        -0.6402009048890707,
                        0.8981750904978634,
                        3.2050696765028155,
                        -0.23883821399679944,
                        4.649484771378525
                    ],
                    [
                        0.7551676024457051,
                        0.6338228533392396,
                        -0.6500679032755375,
                        -0.23883821399679944,
                        2.3945977960677434,
                        -2.8436454260109203
                    ],
                    [
                        0.7652486109857422,
                        -1.7573105795139705,
                        2.0376760679076207,
                        4.649484771378525,
                        -2.8436454260109203,
                        10.663616672217495
                    ]
                ],
                "mui": [
                    0.0,
                    0.0,
                    10.0,
                    8.981750904978634,
                    -6.500679032755375,
                    20.376760679076206
                ],
                "Ai": [
                    [
                        0.0,
                        0.0,
                        0.0,
                        0.0,
                        0.0,
                        0.0
                    ],
                    [
                        -0.0,
                        0.0,
                        0.0,
                        0.0,
                        0.0,
                        0.0
                    ],
                    [
                        0.0,
                        0.0,
                        0.0,
                        0.0,
                        0.0,
                        0.0
                    ],
                    [
                        0.9942303479029323,
                        -0.6402009048890707,
                        0.8981750904978634,
                        0.0,
                        0.0,
                        0.0
                    ],
                    [
                        0.7551676024457051,
                        0.6338228533392396,
                        -0.6500679032755375,
                        0.0,
                        0.0,
                        0.0
                    ],
                    [
                        0.5795984265411133,
                        -0.5366263400836371,
                        0.5602208054217028,
                        0.9334296687716956,
                        -0.9830849701137031,
                        0.0
                    ]
                ]
            },
            "oracle_est_tgt": [
                0,
                2,
                3
            ]
        },
        "3": {
            "intv_type": "hard",
            "inode": 3,
            "new_mui": 10,
            "new_vari": 1.0,
            "noise_type": "gaussian",
            "obs_noise_gamma_shape": null,
            "true_params": {
                "Si": [
                    [
                        1.0,
                        0.0,
                        0.6729654410283933,
                        0.0,
                        0.3176943692194801,
                        0.6442871084655868
                    ],
                    [
                        0.0,
                        1.0,
                        -0.6654783974370965,
                        0.0,
                        1.0664289998363377,
                        -1.9578315053190836
                    ],
                    [
                        0.6729654410283933,
                        -0.6654783974370965,
                        1.895743982273986,
                        0.0,
                        -1.1459560337730446,
                        2.935770321394266
                    ],
                    [
                        0.0,
                        0.0,
                        0.0,
                        1.0,
                        0.0,
                        0.9334296687716956
                    ],
                    [
                        0.3176943692194801,
                        1.0664289998363377,
                        -1.1459560337730446,
                        0.0,
                        2.660788802794748,
                        -3.6459086275131916
                    ],
                    [
                        0.6442871084655868,
                        -1.9578315053190836,
                        2.935770321394266,
                        0.9334296687716956,
                        -3.6459086275131916,
                        8.524260284151158
                    ]
                ],
                "mui": [
                    0.0,
                    0.0,
                    0.0,
                    10.0,
                    0.0,
                    9.334296687716957
                ],
                "Ai": [
                    [
                        0.0,
                        0.0,
                        0.0,
                        0.0,
                        0.0,
                        0.0
                    ],
                    [
                        -0.0,
                        0.0,
                        0.0,
                        0.0,
                        0.0,
                        0.0
                    ],
                    [
                        0.6729654410283933,
                        -0.6654783974370965,
                        0.0,
                        0.0,
                        0.0,
                        0.0
                    ],
                    [
                        0.0,
                        0.0,
                        0.0,
                        0.0,
                        0.0,
                        0.0
                    ],
                    [
                        0.7551676024457051,
                        0.6338228533392396,
                        -0.6500679032755375,
                        0.0,
                        0.0,
                        0.0
                    ],
                    [
                        0.5795984265411133,
                        -0.5366263400836371,
                        0.5602208054217028,
                        0.9334296687716956,
                        -0.9830849701137031,
                        0.0
                    ]
                ]
            },
            "oracle_est_tgt": [
                0,
                3
            ]
        },
        "4": {
            "intv_type": "hard",
            "inode": 4,
            "new_mui": 10,
            "new_vari": 1.0,
            "noise_type": "gaussian",
            "obs_noise_gamma_shape": null,
            "true_params": {
                "Si": [
                    [
                        1.0,
                        0.0,
                        0.6729654410283933,
                        1.5986711438005439,
                        0.0,
                        2.4488547441676207
                    ],
                    [
                        0.0,
                        1.0,
                        -0.6654783974370965,
                        -1.2379170247315079,
                        0.0,
                        -2.0649496622485657
                    ],
                    [
                        0.6729654410283933,
                        -0.6654783974370965,
                        1.895743982273986,
                        2.7978325596233846,
                        0.0,
                        4.420778087588797
                    ],
                    [
                        1.5986711438005439,
                        -1.2379170247315079,
                        2.7978325596233846,
                        5.8949064793314925,
                        0.0,
                        8.660770774242167
                    ],
                    [
                        0.0,
                        0.0,
                        0.0,
                        0.0,
                        1.0,
                        -0.9830849701137031
                    ],
                    [
                        2.4488547441676207,
                        -2.0649496622485657,
                        4.420778087588797,
                        8.660770774242167,
                        -0.9830849701137031,
                        15.054747050648203
                    ]
                ],
                "mui": [
                    0.0,
                    0.0,
                    0.0,
                    0.0,
                    10.0,
                    -9.830849701137032
                ],
                "Ai": [
                    [
                        0.0,
                        0.0,
                        0.0,
                        0.0,
                        0.0,
                        0.0
                    ],
                    [
                        -0.0,
                        0.0,
                        0.0,
                        0.0,
                        0.0,
                        0.0
                    ],
                    [
                        0.6729654410283933,
                        -0.6654783974370965,
                        0.0,
                        0.0,
                        0.0,
                        0.0
                    ],
                    [
                        0.9942303479029323,
                        -0.6402009048890707,
                        0.8981750904978634,
                        0.0,
                        0.0,
                        0.0
                    ],
                    [
                        0.0,
                        0.0,
                        0.0,
                        0.0,
                        0.0,
                        0.0
                    ],
                    [
                        0.5795984265411133,
                        -0.5366263400836371,
                        0.5602208054217028,
                        0.9334296687716956,
                        -0.9830849701137031,
                        0.0
                    ]
                ]
            },
            "oracle_est_tgt": [
                4,
                5
            ]
        },
        "5": {
            "intv_type": "hard",
            "inode": 5,
            "new_mui": 10,
            "new_vari": 1.0,
            "noise_type": "gaussian",
            "obs_noise_gamma_shape": null,
            "true_params": {
                "Si": [
                    [
                        1.0,
                        0.0,
                        0.6729654410283933,
                        1.5986711438005439,
                        0.3176943692194801,
                        0.0
                    ],
                    [
                        0.0,
                        1.0,
                        -0.6654783974370965,
                        -1.2379170247315079,
                        1.0664289998363377,
                        0.0
                    ],
                    [
                        0.6729654410283933,
                        -0.6654783974370965,
                        1.895743982273986,
                        2.7978325596233846,
                        -1.1459560337730446,
                        0.0
                    ],
                    [
                        1.5986711438005439,
                        -1.2379170247315079,
                        2.7978325596233846,
                        5.8949064793314925,
                        -1.3961365917999606,
                        0.0
                    ],
                    [
                        0.3176943692194801,
                        1.0664289998363377,
                        -1.1459560337730446,
                        -1.3961365917999606,
                        2.660788802794748,
                        0.0
                    ],
                    [
                        0.0,
                        0.0,
                        0.0,
                        0.0,
                        0.0,
                        1.0
                    ]
                ],
                "mui": [
                    0.0,
                    0.0,
                    0.0,
                    0.0,
                    0.0,
                    10.0
                ],
                "Ai": [
                    [
                        0.0,
                        0.0,
                        0.0,
                        0.0,
                        0.0,
                        0.0
                    ],
                    [
                        -0.0,
                        0.0,
                        0.0,
                        0.0,
                        0.0,
                        0.0
                    ],
                    [
                        0.6729654410283933,
                        -0.6654783974370965,
                        0.0,
                        0.0,
                        0.0,
                        0.0
                    ],
                    [
                        0.9942303479029323,
                        -0.6402009048890707,
                        0.8981750904978634,
                        0.0,
                        0.0,
                        0.0
                    ],
                    [
                        0.7551676024457051,
                        0.6338228533392396,
                        -0.6500679032755375,
                        0.0,
                        0.0,
                        0.0
                    ],
                    [
                        0.0,
                        0.0,
                        0.0,
                        0.0,
                        0.0,
                        0.0
                    ]
                ]
            },
            "est_params": {
                "mui": [
                    -0.01833936138143388,
                    -0.030207434738685365,
                    0.009269588822197595,
                    5.031570096400239,
                    -0.052262019967573035,
                    9.680620142388182
                ],
                "Si": [
                    [
                        0.9931366250234155,
                        0.00224055229445044,
                        0.6731932851564576,
                        0.7091578805892224,
                        0.29876260817689876,
                        0.35210956958939504
                    ],
                    [
                        0.0022405522944504387,
                        1.049687966735444,
                        -0.6995871170549987,
                        -0.6235214677097818,
                        1.1364020654012839,
                        -1.0610309568530385
                    ],
                    [
                        0.6731932851564577,
                        -0.6995871170549988,
                        1.9305376528947344,
                        1.4564112972190917,
                        -1.1768113555949617,
                        1.5334006011324712
                    ],
                    [
                        0.7091578805892224,
                        -0.6235214677097818,
                        1.4564112972190917,
                        28.298731540791376,
                        -0.7493142750411262,
                        -0.9470605396731613
                    ],
                    [
                        0.29876260817689876,
                        1.1364020654012839,
                        -1.1768113555949617,
                        -0.7493142750411262,
                        2.6962064943923716,
                        -1.926685263330962
                    ],
                    [
                        0.3521095695893951,
                        -1.0610309568530385,
                        1.5334006011324712,
                        -0.9470605396731614,
                        -1.926685263330962,
                        5.02080079957104
                    ]
                ]
            },
            "est_tgt": [
                2,
                3,
                4,
                5
            ],
            "oracle_est_tgt": [
                4,
                5
            ]
        },
        "obs": {
            "intv_type": "obs",
            "noise_type": "gaussian",
            "obs_noise_gamma_shape": null,
            "true_params": {
                "Si": [
                    [
                        1.0,
                        0.0,
                        0.6729654410283933,
                        1.5986711438005439,
                        0.3176943692194801,
                        2.1365341846981964
                    ],
                    [
                        0.0,
                        1.0,
                        -0.6654783974370965,
                        -1.2379170247315079,
                        1.0664289998363377,
                        -3.1133399836810582
                    ],
                    [
                        0.6729654410283933,
                        -0.6654783974370965,
                        1.895743982273986,
                        2.7978325596233846,
                        -1.1459560337730446,
                        5.547350240802188
                    ],
                    [
                        1.5986711438005439,
                        -1.2379170247315079,
                        2.7978325596233846,
                        5.8949064793314925,
                        -1.3961365917999606,
                        10.03329167386648
                    ],
                    [
                        0.3176943692194801,
                        1.0664289998363377,
                        -1.1459560337730446,
                        -1.3961365917999606,
                        2.660788802794748,
                        -4.949103943957073
                    ],
                    [
                        2.1365341846981964,
                        -3.1133399836810582,
                        5.547350240802188,
                        10.03329167386648,
                        -4.949103943957073,
                        21.247534939101318
                    ]
                ],
                "mui": [
                    0.0,
                    0.0,
                    0.0,
                    0.0,
                    0.0,
                    0.0
                ],
                "Ai": [
                    [
                        0.0,
                        0.0,
                        0.0,
                        0.0,
                        0.0,
                        0.0
                    ],
                    [
                        -0.0,
                        0.0,
                        0.0,
                        0.0,
                        0.0,
                        0.0
                    ],
                    [
                        0.6729654410283933,
                        -0.6654783974370965,
                        0.0,
                        0.0,
                        0.0,
                        0.0
                    ],
                    [
                        0.9942303479029323,
                        -0.6402009048890707,
                        0.8981750904978634,
                        0.0,
                        0.0,
                        0.0
                    ],
                    [
                        0.7551676024457051,
                        0.6338228533392396,
                        -0.6500679032755375,
                        0.0,
                        0.0,
                        0.0
                    ],
                    [
                        0.5795984265411133,
                        -0.5366263400836371,
                        0.5602208054217028,
                        0.9334296687716956,
                        -0.9830849701137031,
                        0.0
                    ]
                ]
            },
            "est_params": {
                "mui": [
                    0.023195683200419395,
                    0.013101556860752272,
                    0.02242014322439011,
                    0.03767691208910025,
                    5.000865243203718,
                    -4.890063968977049
                ],
                "Si": [
                    [
                        1.0173815104476154,
                        -0.02079954254099033,
                        0.697214223772097,
                        1.6542982020071924,
                        0.2513563678247983,
                        2.296578341264265
                    ],
                    [
                        -0.02079954254099033,
                        0.9828273571149613,
                        -0.6691946322402589,
                        -1.2280411337840953,
                        0.5744390337717116,
                        -2.640634552642489
                    ],
                    [
                        0.697214223772097,
                        -0.6691946322402589,
                        1.9047076323358427,
                        2.8207366304310093,
                        -0.4842582043303449,
                        4.936862710877284
                    ],
                    [
                        1.6542982020071924,
                        -1.2280411337840953,
                        2.8207366304310093,
                        5.942357093379229,
                        -0.44950473598490265,
                        9.184113561734092
                    ],
                    [
                        0.25135636782479837,
                        0.5744390337717116,
                        -0.4842582043303448,
                        -0.44950473598490265,
                        26.833322038465624,
                        -27.134372906210398
                    ],
                    [
                        2.296578341264265,
                        -2.640634552642489,
                        4.936862710877284,
                        9.184113561734092,
                        -27.134372906210398,
                        41.647033755721075
                    ]
                ]
            },
            "est_tgt": [
                0,
                1,
                2,
                3,
                4,
                5
            ],
            "oracle_est_tgt": [
                0,
                1,
                2,
                3,
                4,
                5
            ]
        }
    },
    "metric_dict": {
        "param_est_rel_err": 430.60087729770373,
        "est_num_comp": 4,
        "weight_precision_error": 0.21428571427981288,
        "gm_score_dict": {
            "1": -16.056661195564544,
            "2": -13.33997706238746,
            "3": -12.778091462347332,
            "4": -11.478041178337872,
            "5": -11.13803835342836,
            "6": -10.709099462654342,
            "7": -10.445863417033065
        },
        "est_dag": {
            "amat": [
                [
                    0,
                    0,
                    0,
                    1,
                    1,
                    0
                ],
                [
                    0,
                    0,
                    1,
                    1,
                    0,
                    1
                ],
                [
                    0,
                    0,
                    0,
                    0,
                    0,
                    1
                ],
                [
                    0,
                    0,
                    1,
                    0,
                    1,
                    1
                ],
                [
                    0,
                    0,
                    0,
                    0,
                    0,
                    0
                ],
                [
                    0,
                    0,
                    0,
                    0,
                    1,
                    0
                ]
            ],
            "nodes": [
                0,
                1,
                2,
                3,
                4,
                5
            ]
        },
        "oracle_est_dag": {
            "amat": [
                [
                    0,
                    0,
                    0,
                    0,
                    1,
                    0
                ],
                [
                    1,
                    0,
                    1,
                    1,
                    0,
                    1
                ],
                [
                    0,
                    0,
                    0,
                    1,
                    0,
                    1
                ],
                [
                    1,
                    0,
                    0,
                    0,
                    1,
                    1
                ],
                [
                    0,
                    0,
                    0,
                    0,
                    0,
                    0
                ],
                [
                    0,
                    0,
                    0,
                    0,
                    1,
                    0
