{
    "expt_args": {
        "save_dir": "all_expt_logs/expt_logs_sim_compsel_backward_cameraready_new_mean_largerange",
        "exp_name": "373",
        "num_nodes": 6,
        "num_tgt_prior": 7,
        "obs_noise_mean": 0.0,
        "obs_noise_var": 1.0,
        "obs_noise_gamma_shape": null,
        "noise_type": "gaussian",
        "max_edge_strength": 1.0,
        "graph_sparsity_method": "adj_dense_prop",
        "adj_dense_prop": 0.8,
        "num_parents": null,
        "new_noise_mean": 10,
        "mix_samples": 1048576,
        "stage2_samples": 1048576,
        "gmm_tol": 0.001,
        "intv_type": "hard",
        "new_noise_var": 1.0,
        "dtype": "simulation",
        "cutoff_drop_ratio": 0.07,
        "intv_targets": [
            0,
            1,
            2,
            3,
            4,
            5
        ]
    },
    "intv_args_dict": {
        "0": {
            "intv_type": "hard",
            "inode": 0,
            "new_mui": 10,
            "new_vari": 1.0,
            "noise_type": "gaussian",
            "obs_noise_gamma_shape": null,
            "true_params": {
                "Si": [
                    [
                        1.0,
                        0.5638359370970731,
                        -0.9504154673691408,
                        0.9573006631432677,
                        1.6994256734736854,
                        -1.2715671408363758
                    ],
                    [
                        0.5638359370970731,
                        1.3179109639621347,
                        -0.5358783956756322,
                        1.2134111998833914,
                        0.4906988352284929,
                        -0.8432704258040605
                    ],
                    [
                        -0.9504154673691408,
                        -0.5358783956756322,
                        1.9032895606145024,
                        -0.9098333571740972,
                        -2.4562944242327305,
                        1.784150419016167
                    ],
                    [
                        0.9573006631432677,
                        1.2134111998833914,
                        -0.9098333571740972,
                        2.3702298028949196,
                        1.8944373369624463,
                        -2.363439746775458
                    ],
                    [
                        1.6994256734736854,
                        0.4906988352284929,
                        -2.4562944242327305,
                        1.8944373369624463,
                        5.153422771677719,
                        -3.8885038495864572
                    ],
                    [
                        -1.2715671408363758,
                        -0.8432704258040605,
                        1.784150419016167,
                        -2.363439746775458,
                        -3.8885038495864572,
                        4.558413508413567
                    ]
                ],
                "mui": [
                    10.0,
                    5.638359370970731,
                    -9.504154673691408,
                    9.573006631432676,
                    16.994256734736854,
                    -12.715671408363757
                ],
                "Ai": [
                    [
                        0.0,
                        0.0,
                        0.0,
                        0.0,
                        0.0,
                        0.0
                    ],
                    [
                        0.5638359370970731,
                        0.0,
                        0.0,
                        0.0,
                        0.0,
                        0.0
                    ],
                    [
                        -0.9504154673691408,
                        0.0,
                        0.0,
                        0.0,
                        0.0,
                        0.0
                    ],
                    [
                        0.5774721987943987,
                        0.6736506833963575,
                        -0.0,
                        0.0,
                        0.0,
                        0.0
                    ],
                    [
                        0.8272099500824821,
                        -0.8599044353768683,
                        -0.841133978519121,
                        0.5825066509204746,
                        0.0,
                        0.0
                    ],
                    [
                        0.5255906320099855,
                        -0.0,
                        0.0,
                        -0.6624346618803991,
                        -0.6843539260895939,
                        0.0
                    ]
                ]
            },
            "oracle_est_tgt": [
                0
            ]
        },
        "1": {
            "intv_type": "hard",
            "inode": 1,
            "new_mui": 10,
            "new_vari": 1.0,
            "noise_type": "gaussian",
            "obs_noise_gamma_shape": null,
            "true_params": {
                "Si": [
                    [
                        1.0,
                        0.0,
                        -0.9504154673691408,
                        0.5774721987943987,
                        1.963018089916205,
                        -1.200346105562763
                    ],
                    [
                        0.0,
                        1.0,
                        0.0,
                        0.6736506833963575,
                        -0.4674984319013672,
                        -0.1263151753687366
                    ],
                    [
                        -0.9504154673691408,
                        0.0,
                        1.9032895606145024,
                        -0.5488385097098638,
                        -2.7068167339009093,
                        1.716460845490082
                    ],
                    [
                        0.5774721987943987,
                        0.6736506833963575,
                        -0.5488385097098638,
                        1.787279383620817,
                        1.401164385440485,
                        -1.839334184515229
                    ],
                    [
                        1.963018089916205,
                        -0.4674984319013672,
                        -2.7068167339009093,
                        1.401164385440485,
                        6.118815173354496,
                        -4.083871124283761
                    ],
                    [
                        -1.200346105562763,
                        -0.1263151753687366,
                        1.716460845490082,
                        -1.839334184515229,
                        -4.083871124283761,
                        4.382361287898464
                    ]
                ],
                "mui": [
                    0.0,
                    10.0,
                    0.0,
                    6.736506833963575,
                    -4.674984319013672,
                    -1.263151753687366
                ],
                "Ai": [
                    [
                        0.0,
                        0.0,
                        0.0,
                        0.0,
                        0.0,
                        0.0
                    ],
                    [
                        0.0,
                        0.0,
                        0.0,
                        0.0,
                        0.0,
                        0.0
                    ],
                    [
                        -0.9504154673691408,
                        0.0,
                        0.0,
                        0.0,
                        0.0,
                        0.0
                    ],
                    [
                        0.5774721987943987,
                        0.6736506833963575,
                        -0.0,
                        0.0,
                        0.0,
                        0.0
                    ],
                    [
                        0.8272099500824821,
                        -0.8599044353768683,
                        -0.841133978519121,
                        0.5825066509204746,
                        0.0,
                        0.0
                    ],
                    [
                        0.5255906320099855,
                        -0.0,
                        0.0,
                        -0.6624346618803991,
                        -0.6843539260895939,
                        0.0
                    ]
                ]
            },
            "oracle_est_tgt": [
                1
            ]
        },
        "2": {
            "intv_type": "hard",
            "inode": 2,
            "new_mui": 10,
            "new_vari": 1.0,
            "noise_type": "gaussian",
            "obs_noise_gamma_shape": null,
            "true_params": {
                "Si": [
                    [
                        1.0,
                        0.5638359370970731,
                        0.0,
                        0.9573006631432677,
                        0.8999989301593703,
                        -0.7244763104282061
                    ],
                    [
                        0.5638359370970731,
                        1.3179109639621347,
                        0.0,
                        1.2134111998833914,
                        0.03995330827140464,
                        -0.5348009547636543
                    ],
                    [
                        0.0,
                        0.0,
                        1.0,
                        0.0,
                        -0.841133978519121,
                        0.5756333405669206
                    ],
                    [
                        0.9573006631432677,
                        1.2134111998833914,
                        0.0,
                        2.3702298028949196,
                        1.1291455854531898,
                        -1.8397093320261162
                    ],
                    [
                        0.8999989301593703,
                        0.03995330827140464,
                        -0.841133978519121,
                        1.1291455854531898,
                        3.075373226304241,
                        -2.3795979092147834
                    ],
                    [
                        -0.7244763104282061,
                        -0.5348009547636543,
                        0.5756333405669206,
                        -1.8397093320261162,
                        -2.3795979092147834,
                        3.466396439130438
                    ]
                ],
                "mui": [
                    0.0,
                    0.0,
                    10.0,
                    0.0,
                    -8.41133978519121,
                    5.756333405669206
                ],
                "Ai": [
                    [
                        0.0,
                        0.0,
                        0.0,
                        0.0,
                        0.0,
                        0.0
                    ],
                    [
                        0.5638359370970731,
                        0.0,
                        0.0,
                        0.0,
                        0.0,
                        0.0
                    ],
                    [
                        0.0,
                        0.0,
                        0.0,
                        0.0,
                        0.0,
                        0.0
                    ],
                    [
                        0.5774721987943987,
                        0.6736506833963575,
                        -0.0,
                        0.0,
                        0.0,
                        0.0
                    ],
                    [
                        0.8272099500824821,
                        -0.8599044353768683,
                        -0.841133978519121,
                        0.5825066509204746,
                        0.0,
                        0.0
                    ],
                    [
                        0.5255906320099855,
                        -0.0,
                        0.0,
                        -0.6624346618803991,
                        -0.6843539260895939,
                        0.0
                    ]
                ]
            },
            "oracle_est_tgt": [
                2
            ]
        },
        "3": {
            "intv_type": "hard",
            "inode": 3,
            "new_mui": 10,
            "new_vari": 1.0,
            "noise_type": "gaussian",
            "obs_noise_gamma_shape": null,
            "true_params": {
                "Si": [
                    [
                        1.0,
                        0.5638359370970731,
                        -0.9504154673691408,
                        0.0,
                        1.1417916702621511,
                        -0.2557989803103127
                    ],
                    [
                        0.5638359370970731,
                        1.3179109639621347,
                        -0.5358783956756322,
                        0.0,
                        -0.21612125900497603,
                        0.4442503186402744
                    ],
                    [
                        -0.9504154673691408,
                        -0.5358783956756322,
                        1.9032895606145024,
                        0.0,
                        -1.9263104424495152,
                        0.8187486479910961
                    ],
                    [
                        0.0,
                        0.0,
                        0.0,
                        1.0,
                        0.5825066509204746,
                        -1.0610753754111264
                    ],
                    [
                        1.1417916702621511,
                        -0.21612125900497603,
                        -1.9263104424495152,
                        0.5825066509204746,
                        4.089944224446836,
                        -2.584726978236419
                    ],
                    [
                        -0.2557989803103127,
                        0.4442503186402744,
                        0.8187486479910961,
                        -1.0610753754111264,
                        -2.584726978236419,
                        3.3373156152370655
                    ]
                ],
                "mui": [
                    0.0,
                    0.0,
                    0.0,
                    10.0,
                    5.825066509204746,
                    -10.610753754111265
                ],
                "Ai": [
                    [
                        0.0,
                        0.0,
                        0.0,
                        0.0,
                        0.0,
                        0.0
                    ],
                    [
                        0.5638359370970731,
                        0.0,
                        0.0,
                        0.0,
                        0.0,
                        0.0
                    ],
                    [
                        -0.9504154673691408,
                        0.0,
                        0.0,
                        0.0,
                        0.0,
                        0.0
                    ],
                    [
                        0.0,
                        0.0,
                        0.0,
                        0.0,
                        0.0,
                        0.0
                    ],
                    [
                        0.8272099500824821,
                        -0.8599044353768683,
                        -0.841133978519121,
                        0.5825066509204746,
                        0.0,
                        0.0
                    ],
                    [
                        0.5255906320099855,
                        -0.0,
                        0.0,
                        -0.6624346618803991,
                        -0.6843539260895939,
                        0.0
                    ]
                ]
            },
            "oracle_est_tgt": [
                3
            ]
        },
        "4": {
            "intv_type": "hard",
            "inode": 4,
            "new_mui": 10,
            "new_vari": 1.0,
            "noise_type": "gaussian",
            "obs_noise_gamma_shape": null,
            "true_params": {
                "Si": [
                    [
                        1.0,
                        0.5638359370970731,
                        -0.9504154673691408,
                        0.9573006631432677,
                        0.0,
                        -0.10855850909720692
                    ],
                    [
                        0.5638359370970731,
                        1.3179109639621347,
                        -0.5358783956756322,
                        1.2134111998833914,
                        0.0,
                        -0.5074587513878507
                    ],
                    [
                        -0.9504154673691408,
                        -0.5358783956756322,
                        1.9032895606145024,
                        -0.9098333571740972,
                        0.0,
                        0.10317568616051905
                    ],
                    [
                        0.9573006631432677,
                        1.2134111998833914,
                        -0.9098333571740972,
                        2.3702298028949196,
                        0.0,
                        -1.066974117494493
                    ],
                    [
                        0.0,
                        0.0,
                        0.0,
                        0.0,
                        1.0,
                        -0.6843539260895939
                    ],
                    [
                        -0.10855850909720692,
                        -0.5074587513878507,
                        0.10317568616051905,
                        -1.066974117494493,
                        -0.6843539260895939,
                        2.11808359950538
                    ]
                ],
                "mui": [
                    0.0,
                    0.0,
                    0.0,
                    0.0,
                    10.0,
                    -6.843539260895939
                ],
                "Ai": [
                    [
                        0.0,
                        0.0,
                        0.0,
                        0.0,
                        0.0,
                        0.0
                    ],
                    [
                        0.5638359370970731,
                        0.0,
                        0.0,
                        0.0,
                        0.0,
                        0.0
                    ],
                    [
                        -0.9504154673691408,
                        0.0,
                        0.0,
                        0.0,
                        0.0,
                        0.0
                    ],
                    [
                        0.5774721987943987,
                        0.6736506833963575,
                        -0.0,
                        0.0,
                        0.0,
                        0.0
                    ],
                    [
                        0.0,
                        0.0,
                        0.0,
                        0.0,
                        0.0,
                        0.0
                    ],
                    [
                        0.5255906320099855,
                        -0.0,
                        0.0,
                        -0.6624346618803991,
                        -0.6843539260895939,
                        0.0
                    ]
                ]
            },
            "oracle_est_tgt": [
                4
            ]
        },
        "5": {
            "intv_type": "hard",
            "inode": 5,
            "new_mui": 10,
            "new_vari": 1.0,
            "noise_type": "gaussian",
            "obs_noise_gamma_shape": null,
            "true_params": {
                "Si": [
                    [
                        1.0,
                        0.5638359370970731,
                        -0.9504154673691408,
                        0.9573006631432677,
                        1.6994256734736854,
                        0.0
                    ],
                    [
                        0.5638359370970731,
                        1.3179109639621347,
                        -0.5358783956756322,
                        1.2134111998833914,
                        0.4906988352284929,
                        0.0
                    ],
                    [
                        -0.9504154673691408,
                        -0.5358783956756322,
                        1.9032895606145024,
                        -0.9098333571740972,
                        -2.4562944242327305,
                        0.0
                    ],
                    [
                        0.9573006631432677,
                        1.2134111998833914,
                        -0.9098333571740972,
                        2.3702298028949196,
                        1.8944373369624463,
                        0.0
                    ],
                    [
                        1.6994256734736854,
                        0.4906988352284929,
                        -2.4562944242327305,
                        1.8944373369624463,
                        5.153422771677719,
                        0.0
                    ],
                    [
                        0.0,
                        0.0,
                        0.0,
                        0.0,
                        0.0,
                        1.0
                    ]
                ],
                "mui": [
                    0.0,
                    0.0,
                    0.0,
                    0.0,
                    0.0,
                    10.0
                ],
                "Ai": [
                    [
                        0.0,
                        0.0,
                        0.0,
                        0.0,
                        0.0,
                        0.0
                    ],
                    [
                        0.5638359370970731,
                        0.0,
                        0.0,
                        0.0,
                        0.0,
                        0.0
                    ],
                    [
                        -0.9504154673691408,
                        0.0,
                        0.0,
                        0.0,
                        0.0,
                        0.0
                    ],
                    [
                        0.5774721987943987,
                        0.6736506833963575,
                        -0.0,
                        0.0,
                        0.0,
                        0.0
                    ],
                    [
                        0.8272099500824821,
                        -0.8599044353768683,
                        -0.841133978519121,
                        0.5825066509204746,
                        0.0,
                        0.0
                    ],
                    [
                        0.0,
                        0.0,
                        0.0,
                        0.0,
                        0.0,
                        0.0
                    ]
                ]
            },
            "oracle_est_tgt": [
                5
            ]
        },
        "obs": {
            "intv_type": "obs",
            "noise_type": "gaussian",
            "obs_noise_gamma_shape": null,
            "true_params": {
                "Si": [
                    [
                        1.0,
                        0.5638359370970731,
                        -0.9504154673691408,
                        0.9573006631432677,
                        1.6994256734736854,
                        -1.2715671408363758
                    ],
                    [
                        0.5638359370970731,
                        1.3179109639621347,
                        -0.5358783956756322,
                        1.2134111998833914,
                        0.4906988352284929,
                        -0.8432704258040605
                    ],
                    [
                        -0.9504154673691408,
                        -0.5358783956756322,
                        1.9032895606145024,
                        -0.9098333571740972,
                        -2.4562944242327305,
                        1.784150419016167
                    ],
                    [
                        0.9573006631432677,
                        1.2134111998833914,
                        -0.9098333571740972,
                        2.3702298028949196,
                        1.8944373369624463,
                        -2.363439746775458
                    ],
                    [
                        1.6994256734736854,
                        0.4906988352284929,
                        -2.4562944242327305,
                        1.8944373369624463,
                        5.153422771677719,
                        -3.8885038495864572
                    ],
                    [
                        -1.2715671408363758,
                        -0.8432704258040605,
                        1.784150419016167,
                        -2.363439746775458,
                        -3.8885038495864572,
                        4.558413508413567
                    ]
                ],
                "mui": [
                    0.0,
                    0.0,
                    0.0,
                    0.0,
                    0.0,
                    0.0
                ],
                "Ai": [
                    [
                        0.0,
                        0.0,
                        0.0,
                        0.0,
                        0.0,
                        0.0
                    ],
                    [
                        0.5638359370970731,
                        0.0,
                        0.0,
                        0.0,
                        0.0,
                        0.0
                    ],
                    [
                        -0.9504154673691408,
                        0.0,
                        0.0,
                        0.0,
                        0.0,
                        0.0
                    ],
                    [
                        0.5774721987943987,
                        0.6736506833963575,
                        -0.0,
                        0.0,
                        0.0,
                        0.0
                    ],
                    [
                        0.8272099500824821,
                        -0.8599044353768683,
                        -0.841133978519121,
                        0.5825066509204746,
                        0.0,
                        0.0
                    ],
                    [
                        0.5255906320099855,
                        -0.0,
                        0.0,
                        -0.6624346618803991,
                        -0.6843539260895939,
                        0.0
                    ]
                ]
            },
            "est_params": {
                "mui": [
                    1.4281817041729525,
                    2.2337736464568176,
                    0.07292296224614632,
                    3.757197238725287,
                    2.8175719247062303,
                    -2.2401990768146223
                ],
                "Si": [
                    [
                        13.242539197163904,
                        5.343736017076243,
                        -14.48675017545737,
                        9.066745347432729,
                        21.54658008284459,
                        -15.65006295975321
                    ],
                    [
                        5.343736017076243,
                        15.106510865986579,
                        -8.196228795274447,
                        9.897444835350088,
                        0.8308130091023634,
                        -7.384402198711006
                    ],
                    [
                        -14.48675017545737,
                        -8.196228795274447,
                        28.96454623095888,
                        -13.85309298977043,
                        -37.12785313742053,
                        26.614831066395332
                    ],
                    [
                        9.066745347432729,
                        9.897444835350088,
                        -13.85309298977043,
                        21.805511453706412,
                        17.707877406932628,
                        -26.824873786547712
                    ],
                    [
                        21.54658008284459,
                        0.8308130091023634,
                        -37.12785313742053,
                        17.707877406932628,
                        69.92004140948072,
                        -51.72832856600207
                    ],
                    [
                        -15.65006295975321,
                        -7.384402198711006,
                        26.614831066395332,
                        -26.824873786547712,
                        -51.72832856600207,
                        63.40964779141294
                    ]
                ]
            },
            "est_tgt": [
                0,
                1,
                2,
                3,
                4,
                5
            ],
            "oracle_est_tgt": [
                0,
                1,
                2,
                3,
                4,
                5
            ]
        }
    },
    "metric_dict": {
        "param_est_rel_err": 697.5696918978931,
        "est_num_comp": 1,
        "weight_precision_error": 0.0,
        "gm_score_dict": {
            "1": -15.964865974588822,
            "2": -13.13067548610398,
            "3": -12.309091456887561,
            "4": -11.669390151005802,
            "5": -11.098039145032507,
            "6": -10.730638745570621,
            "7": -10.731185488946094
        },
        "est_dag": {
            "amat": [
                [
                    0,
                    1,
                    1,
                    1,
                    1,
                    1
                ],
                [
                    0,
                    0,
                    0,
                    0,
                    1,
                    0
                ],
                [
                    0,
                    0,
                    0,
                    0,
                    1,
                    0
                ],
                [
                    0,
                    1,
                    0,
                    0,
                    1,
                    1
                ],
                [
                    0,
                    0,
                    0,
                    0,
                    0,
                    1
                ],
                [
                    0,
                    0,
                    0,
                    0,
                    0,
                    0
                ]
            ],
            "nodes": [
                0,
                1,
                2,
                3,
                4,
                5
            ]
        },
        "oracle_est_dag": {
            "amat": [
                [
                    0,
                    1,
                    1,
                    1,
                    1,
                    1
                ],
                [
                    0,
                    0,
                    0,
                    1,
                    1,
                    0
                ],
                [
                    0,
                    0,
                    0,
                    0,
                    1,
                    0
                ],
                [
                    0,
                    0,
                    0,
                    0,
                    1,
                    1
                ],
                [
                    0,
                    0,
                    0,
                    0,
                    0,
                    1
                ],
                [
                    0,
                    0,
                    0,
                    0,
                    0,
                    0
                ]
            ],
            "nodes": [
                0,
                1,
                2,
                3,
                4,
                5
            ]
        },
        "igsp_dag": null,
        "intv_base_est_dag": null,
        "act_dag": {
            "amat": [
                [
                    0,
                    1,
                    1,
                    1,
                    1,
                    1
                ],
                [
                    0,
                    0,
                    0,
                    1,
                    1,
                    0
                ],
                [
                    0,
                    0,
                    0,
                    0,
                    1,
                    0
                ],
                [
                    0,
                    0,
                    0,
                    0,
                    1,
                    1
                ],
                [
                    0,
                    0,
                    0,
                    0,
                    0,
                    1
                ],
                [
                    0,
                    0,
                    0,
                    0,
                    0,
                    0
                ]
            ],
            "nodes": [
                0,
                1,
                2,
                3,
                4,
                5
            ]
        },
        "shd": 1,
        "oracle_shd": 0,
        "intv_base_shd": null,
        "igsp_shd": null,
        "avg_js": 0.0,
        "avg_oracle_js": 0.8571428571428571
    }
}