{
    "expt_args": {
        "save_dir": "all_expt_logs/expt_logs_sim_compsel_backward_cameraready_new_mean_largerange",
        "exp_name": "5",
        "num_nodes": 6,
        "num_tgt_prior": 7,
        "obs_noise_mean": 0.0,
        "obs_noise_var": 1.0,
        "obs_noise_gamma_shape": null,
        "noise_type": "gaussian",
        "max_edge_strength": 1.0,
        "graph_sparsity_method": "adj_dense_prop",
        "adj_dense_prop": 0.8,
        "num_parents": null,
        "new_noise_mean": 1.0,
        "mix_samples": 32768,
        "stage2_samples": 32768,
        "gmm_tol": 0.001,
        "intv_type": "hard",
        "new_noise_var": 1.0,
        "dtype": "simulation",
        "cutoff_drop_ratio": 0.07,
        "intv_targets": [
            0,
            1,
            2,
            3,
            4,
            5
        ]
    },
    "intv_args_dict": {
        "0": {
            "intv_type": "hard",
            "inode": 0,
            "new_mui": 1.0,
            "new_vari": 1.0,
            "noise_type": "gaussian",
            "obs_noise_gamma_shape": null,
            "true_params": {
                "Si": [
                    [
                        1.0,
                        -0.7822309337476855,
                        0.46541371521991964,
                        -0.3193255187258062,
                        -0.378286302814273,
                        -1.959477578220921
                    ],
                    [
                        -0.7822309337476855,
                        1.611885233711776,
                        -0.9590435033497495,
                        0.6580103984324221,
                        0.7795065105651127,
                        3.2234928440461843
                    ],
                    [
                        0.46541371521991964,
                        -0.9590435033497495,
                        1.5706140996151254,
                        0.34325258193345254,
                        0.4030234209681402,
                        -1.6758541330237984
                    ],
                    [
                        -0.3193255187258062,
                        0.6580103984324221,
                        0.34325258193345254,
                        1.8084839229355585,
                        0.9551127980287083,
                        2.1044104574410394
                    ],
                    [
                        -0.378286302814273,
                        0.7795065105651127,
                        0.4030234209681402,
                        0.9551127980287083,
                        2.1283390152725072,
                        2.314567336530761
                    ],
                    [
                        -1.959477578220921,
                        3.2234928440461843,
                        -1.6758541330237984,
                        2.1044104574410394,
                        2.314567336530761,
                        8.427560469473994
                    ]
                ],
                "mui": [
                    1.0,
                    -0.7822309337476855,
                    0.46541371521991964,
                    -0.3193255187258062,
                    -0.378286302814273,
                    -1.959477578220921
                ],
                "Ai": [
                    [
                        0.0,
                        0.0,
                        0.0,
                        0.0,
                        0.0,
                        0.0
                    ],
                    [
                        -0.7822309337476855,
                        0.0,
                        0.0,
                        0.0,
                        0.0,
                        0.0
                    ],
                    [
                        0.0,
                        -0.5949824983142924,
                        0.0,
                        0.0,
                        0.0,
                        0.0
                    ],
                    [
                        -0.0,
                        0.8453918056217495,
                        0.734757252709558,
                        0.0,
                        0.0,
                        0.0
                    ],
                    [
                        -0.0,
                        0.9993397024323585,
                        0.8668161520764273,
                        -0.0,
                        0.0,
                        0.0
                    ],
                    [
                        -0.636937156796385,
                        0.7730232079400385,
                        -0.6797665470192409,
                        0.6106420003265711,
                        0.5458603879978761,
                        0.0
                    ]
                ]
            },
            "oracle_est_tgt": [
                0
            ]
        },
        "1": {
            "intv_type": "hard",
            "inode": 1,
            "new_mui": 1.0,
            "new_vari": 1.0,
            "noise_type": "gaussian",
            "obs_noise_gamma_shape": null,
            "true_params": {
                "Si": [
                    [
                        1.0,
                        0.0,
                        0.0,
                        0.0,
                        0.0,
                        -0.636937156796385
                    ],
                    [
                        0.0,
                        1.0,
                        -0.5949824983142924,
                        0.4082240997500708,
                        0.48359926269074416,
                        1.6907288683767798
                    ],
                    [
                        0.0,
                        -0.5949824983142924,
                        1.354004173300317,
                        0.491871057968158,
                        0.5790830545777386,
                        -0.7638863934538688
                    ],
                    [
                        0.0,
                        0.4082240997500708,
                        0.491871057968158,
                        1.706515136026053,
                        0.8343163281556732,
                        1.478699263344057
                    ],
                    [
                        0.0,
                        0.48359926269074416,
                        0.5790830545777386,
                        0.8343163281556732,
                        1.9852384883756153,
                        1.5733238080181031
                    ],
                    [
                        -0.636937156796385,
                        1.6907288683767798,
                        -0.7638863934538688,
                        1.478699263344057,
                        1.5733238080181031,
                        4.99369703163133
                    ]
                ],
                "mui": [
                    0.0,
                    1.0,
                    -0.5949824983142924,
                    0.4082240997500708,
                    0.48359926269074416,
                    1.6907288683767798
                ],
                "Ai": [
                    [
                        0.0,
                        0.0,
                        0.0,
                        0.0,
                        0.0,
                        0.0
                    ],
                    [
                        0.0,
                        0.0,
                        0.0,
                        0.0,
                        0.0,
                        0.0
                    ],
                    [
                        0.0,
                        -0.5949824983142924,
                        0.0,
                        0.0,
                        0.0,
                        0.0
                    ],
                    [
                        -0.0,
                        0.8453918056217495,
                        0.734757252709558,
                        0.0,
                        0.0,
                        0.0
                    ],
                    [
                        -0.0,
                        0.9993397024323585,
                        0.8668161520764273,
                        -0.0,
                        0.0,
                        0.0
                    ],
                    [
                        -0.636937156796385,
                        0.7730232079400385,
                        -0.6797665470192409,
                        0.6106420003265711,
                        0.5458603879978761,
                        0.0
                    ]
                ]
            },
            "oracle_est_tgt": [
                1
            ]
        },
        "2": {
            "intv_type": "hard",
            "inode": 2,
            "new_mui": 1.0,
            "new_vari": 1.0,
            "noise_type": "gaussian",
            "obs_noise_gamma_shape": null,
            "true_params": {
                "Si": [
                    [
                        1.0,
                        -0.7822309337476855,
                        0.0,
                        -0.661291621494143,
                        -0.7817144285647979,
                        -2.0721392023802565
                    ],
                    [
                        -0.7822309337476855,
                        1.611885233711776,
                        0.0,
                        1.362674568182634,
                        1.6108209098126387,
                        3.4556462920290967
                    ],
                    [
                        0.0,
                        0.0,
                        1.0,
                        0.734757252709558,
                        0.8668161520764273,
                        0.2420676926250441
                    ],
                    [
                        -0.661291621494143,
                        1.362674568182634,
                        0.734757252709558,
                        2.6918621340800524,
                        1.9986742519837222,
                        3.7098780515380723
                    ],
                    [
                        -0.7817144285647979,
                        1.6108209098126387,
                        0.8668161520764273,
                        1.9986742519837222,
                        3.361127530184567,
                        4.209053111048977
                    ],
                    [
                        -2.0721392023802565,
                        3.4556462920290967,
                        0.2420676926250441,
                        3.7098780515380723,
                        4.209053111048977,
                        9.389530433319914
                    ]
                ],
                "mui": [
                    0.0,
                    0.0,
                    1.0,
                    0.734757252709558,
                    0.8668161520764273,
                    0.2420676926250441
                ],
                "Ai": [
                    [
                        0.0,
                        0.0,
                        0.0,
                        0.0,
                        0.0,
                        0.0
                    ],
                    [
                        -0.7822309337476855,
                        0.0,
                        0.0,
                        0.0,
                        0.0,
                        0.0
                    ],
                    [
                        0.0,
                        0.0,
                        0.0,
                        0.0,
                        0.0,
                        0.0
                    ],
                    [
                        -0.0,
                        0.8453918056217495,
                        0.734757252709558,
                        0.0,
                        0.0,
                        0.0
                    ],
                    [
                        -0.0,
                        0.9993397024323585,
                        0.8668161520764273,
                        -0.0,
                        0.0,
                        0.0
                    ],
                    [
                        -0.636937156796385,
                        0.7730232079400385,
                        -0.6797665470192409,
                        0.6106420003265711,
                        0.5458603879978761,
                        0.0
                    ]
                ]
            },
            "oracle_est_tgt": [
                2
            ]
        },
        "3": {
            "intv_type": "hard",
            "inode": 3,
            "new_mui": 1.0,
            "new_vari": 1.0,
            "noise_type": "gaussian",
            "obs_noise_gamma_shape": null,
            "true_params": {
                "Si": [
                    [
                        1.0,
                        -0.7822309337476855,
                        0.46541371521991964,
                        0.0,
                        -0.378286302814273,
                        -1.7644840047108747
                    ],
                    [
                        -0.7822309337476855,
                        1.611885233711776,
                        -0.9590435033497495,
                        0.0,
                        0.7795065105651127,
                        2.821684058111726
                    ],
                    [
                        0.46541371521991964,
                        -0.9590435033497495,
                        1.5706140996151254,
                        0.0,
                        0.4030234209681402,
                        -1.8854585762729021
                    ],
                    [
                        0.0,
                        0.0,
                        0.0,
                        1.0,
                        0.0,
                        0.6106420003265711
                    ],
                    [
                        -0.378286302814273,
                        0.7795065105651127,
                        0.4030234209681402,
                        0.0,
                        2.1283390152725072,
                        1.731335347005002
                    ],
                    [
                        -1.7644840047108747,
                        2.821684058111726,
                        -1.8854585762729021,
                        0.6106420003265711,
                        1.731335347005002,
                        6.9047153903423055
                    ]
                ],
                "mui": [
                    0.0,
                    0.0,
                    0.0,
                    1.0,
                    0.0,
                    0.6106420003265711
                ],
                "Ai": [
                    [
                        0.0,
                        0.0,
                        0.0,
                        0.0,
                        0.0,
                        0.0
                    ],
                    [
                        -0.7822309337476855,
                        0.0,
                        0.0,
                        0.0,
                        0.0,
                        0.0
                    ],
                    [
                        0.0,
                        -0.5949824983142924,
                        0.0,
                        0.0,
                        0.0,
                        0.0
                    ],
                    [
                        0.0,
                        0.0,
                        0.0,
                        0.0,
                        0.0,
                        0.0
                    ],
                    [
                        -0.0,
                        0.9993397024323585,
                        0.8668161520764273,
                        -0.0,
                        0.0,
                        0.0
                    ],
                    [
                        -0.636937156796385,
                        0.7730232079400385,
                        -0.6797665470192409,
                        0.6106420003265711,
                        0.5458603879978761,
                        0.0
                    ]
                ]
            },
            "oracle_est_tgt": [
                3
            ]
        },
        "4": {
            "intv_type": "hard",
            "inode": 4,
            "new_mui": 1.0,
            "new_vari": 1.0,
            "noise_type": "gaussian",
            "obs_noise_gamma_shape": null,
            "true_params": {
                "Si": [
                    [
                        1.0,
                        -0.7822309337476855,
                        0.46541371521991964,
                        -0.3193255187258062,
                        0.0,
                        -1.75298607019244
                    ],
                    [
                        -0.7822309337476855,
                        1.611885233711776,
                        -0.9590435033497495,
                        0.6580103984324221,
                        0.0,
                        2.7979911177422414
                    ],
                    [
                        0.46541371521991964,
                        -0.9590435033497495,
                        1.5706140996151254,
                        0.34325258193345254,
                        0.0,
                        -1.8958486539656987
                    ],
                    [
                        -0.3193255187258062,
                        0.6580103984324221,
                        0.34325258193345254,
                        1.8084839229355585,
                        0.0,
                        1.5830522149273516
                    ],
                    [
                        0.0,
                        0.0,
                        0.0,
                        0.0,
                        1.0,
                        0.5458603879978761
                    ],
                    [
                        -1.75298607019244,
                        2.7979911177422414,
                        -1.8958486539656987,
                        1.5830522149273516,
                        0.5458603879978761,
                        6.8328302605840605
                    ]
                ],
                "mui": [
                    0.0,
                    0.0,
                    0.0,
                    0.0,
                    1.0,
                    0.5458603879978761
                ],
                "Ai": [
                    [
                        0.0,
                        0.0,
                        0.0,
                        0.0,
                        0.0,
                        0.0
                    ],
                    [
                        -0.7822309337476855,
                        0.0,
                        0.0,
                        0.0,
                        0.0,
                        0.0
                    ],
                    [
                        0.0,
                        -0.5949824983142924,
                        0.0,
                        0.0,
                        0.0,
                        0.0
                    ],
                    [
                        -0.0,
                        0.8453918056217495,
                        0.734757252709558,
                        0.0,
                        0.0,
                        0.0
                    ],
                    [
                        0.0,
                        0.0,
                        0.0,
                        0.0,
                        0.0,
                        0.0
                    ],
                    [
                        -0.636937156796385,
                        0.7730232079400385,
                        -0.6797665470192409,
                        0.6106420003265711,
                        0.5458603879978761,
                        0.0
                    ]
                ]
            },
            "oracle_est_tgt": [
                4
            ]
        },
        "5": {
            "intv_type": "hard",
            "inode": 5,
            "new_mui": 1.0,
            "new_vari": 1.0,
            "noise_type": "gaussian",
            "obs_noise_gamma_shape": null,
            "true_params": {
                "Si": [
                    [
                        1.0,
                        -0.7822309337476855,
                        0.46541371521991964,
                        -0.3193255187258062,
                        -0.378286302814273,
                        0.0
                    ],
                    [
                        -0.7822309337476855,
                        1.611885233711776,
                        -0.9590435033497495,
                        0.6580103984324221,
                        0.7795065105651127,
                        0.0
                    ],
                    [
                        0.46541371521991964,
                        -0.9590435033497495,
                        1.5706140996151254,
                        0.34325258193345254,
                        0.4030234209681402,
                        0.0
                    ],
                    [
                        -0.3193255187258062,
                        0.6580103984324221,
                        0.34325258193345254,
                        1.8084839229355585,
                        0.9551127980287083,
                        0.0
                    ],
                    [
                        -0.378286302814273,
                        0.7795065105651127,
                        0.4030234209681402,
                        0.9551127980287083,
                        2.1283390152725072,
                        0.0
                    ],
                    [
                        0.0,
                        0.0,
                        0.0,
                        0.0,
                        0.0,
                        1.0
                    ]
                ],
                "mui": [
                    0.0,
                    0.0,
                    0.0,
                    0.0,
                    0.0,
                    1.0
                ],
                "Ai": [
                    [
                        0.0,
                        0.0,
                        0.0,
                        0.0,
                        0.0,
                        0.0
                    ],
                    [
                        -0.7822309337476855,
                        0.0,
                        0.0,
                        0.0,
                        0.0,
                        0.0
                    ],
                    [
                        0.0,
                        -0.5949824983142924,
                        0.0,
                        0.0,
                        0.0,
                        0.0
                    ],
                    [
                        -0.0,
                        0.8453918056217495,
                        0.734757252709558,
                        0.0,
                        0.0,
                        0.0
                    ],
                    [
                        -0.0,
                        0.9993397024323585,
                        0.8668161520764273,
                        -0.0,
                        0.0,
                        0.0
                    ],
                    [
                        0.0,
                        0.0,
                        0.0,
                        0.0,
                        0.0,
                        0.0
                    ]
                ]
            },
            "oracle_est_tgt": [
                5
            ]
        },
        "obs": {
            "intv_type": "obs",
            "noise_type": "gaussian",
            "obs_noise_gamma_shape": null,
            "true_params": {
                "Si": [
                    [
                        1.0,
                        -0.7822309337476855,
                        0.46541371521991964,
                        -0.3193255187258062,
                        -0.378286302814273,
                        -1.959477578220921
                    ],
                    [
                        -0.7822309337476855,
                        1.611885233711776,
                        -0.9590435033497495,
                        0.6580103984324221,
                        0.7795065105651127,
                        3.2234928440461843
                    ],
                    [
                        0.46541371521991964,
                        -0.9590435033497495,
                        1.5706140996151254,
                        0.34325258193345254,
                        0.4030234209681402,
                        -1.6758541330237984
                    ],
                    [
                        -0.3193255187258062,
                        0.6580103984324221,
                        0.34325258193345254,
                        1.8084839229355585,
                        0.9551127980287083,
                        2.1044104574410394
                    ],
                    [
                        -0.378286302814273,
                        0.7795065105651127,
                        0.4030234209681402,
                        0.9551127980287083,
                        2.1283390152725072,
                        2.314567336530761
                    ],
                    [
                        -1.959477578220921,
                        3.2234928440461843,
                        -1.6758541330237984,
                        2.1044104574410394,
                        2.314567336530761,
                        8.427560469473994
                    ]
                ],
                "mui": [
                    0.0,
                    0.0,
                    0.0,
                    0.0,
                    0.0,
                    0.0
                ],
                "Ai": [
                    [
                        0.0,
                        0.0,
                        0.0,
                        0.0,
                        0.0,
                        0.0
                    ],
                    [
                        -0.7822309337476855,
                        0.0,
                        0.0,
                        0.0,
                        0.0,
                        0.0
                    ],
                    [
                        0.0,
                        -0.5949824983142924,
                        0.0,
                        0.0,
                        0.0,
                        0.0
                    ],
                    [
                        -0.0,
                        0.8453918056217495,
                        0.734757252709558,
                        0.0,
                        0.0,
                        0.0
                    ],
                    [
                        -0.0,
                        0.9993397024323585,
                        0.8668161520764273,
                        -0.0,
                        0.0,
                        0.0
                    ],
                    [
                        -0.636937156796385,
                        0.7730232079400385,
                        -0.6797665470192409,
                        0.6106420003265711,
                        0.5458603879978761,
                        0.0
                    ]
                ]
            },
            "est_params": {
                "mui": [
                    0.1388016399005886,
                    0.028139717719959077,
                    0.12389651799979756,
                    0.2589224403082573,
                    0.2805297352333532,
                    0.3005750170567887
                ],
                "Si": [
                    [
                        1.1142891649187852,
                        -0.7906864978555872,
                        0.3875667152196687,
                        -0.36437489026844344,
                        -0.42538845236102446,
                        -1.7796730050612122
                    ],
                    [
                        -0.7906864978555872,
                        1.754650477529363,
                        -0.9118873335568672,
                        0.7159984664361881,
                        0.8443623664445812,
                        2.9180519196157153
                    ],
                    [
                        0.3875667152196687,
                        -0.9118873335568672,
                        1.669607349855754,
                        0.37685754333366034,
                        0.4559460265650455,
                        -1.4061019784589412
                    ],
                    [
                        -0.36437489026844344,
                        0.7159984664361881,
                        0.37685754333366034,
                        1.990494215024492,
                        0.862094908094531,
                        1.8620904347649296
                    ],
                    [
                        -0.42538845236102446,
                        0.8443623664445812,
                        0.4559460265650455,
                        0.862094908094531,
                        2.3286728965930767,
                        2.0218874986796402
                    ],
                    [
                        -1.7796730050612122,
                        2.9180519196157153,
                        -1.4061019784589412,
                        1.8620904347649296,
                        2.0218874986796402,
                        7.681505250487857
                    ]
                ]
            },
            "est_tgt": [
                0,
                1,
                2,
                3,
                4,
                5
            ],
            "oracle_est_tgt": [
                0,
                1,
                2,
                3,
                4,
                5
            ]
        }
    },
    "metric_dict": {
        "param_est_rel_err": 6.2513064165658125,
        "est_num_comp": 1,
        "weight_precision_error": 0.0,
        "gm_score_dict": {
            "1": -9.312313335331089,
            "2": -9.143642124931343,
            "3": -9.112208223504382,
            "4": -9.092378578458996,
            "5": -9.094981290586126,
            "6": -9.093325633567458,
            "7": -9.083192647420322
        },
        "est_dag": {
            "amat": [
                [
                    0,
                    0,
                    0,
                    0,
                    0,
                    1
                ],
                [
                    1,
                    0,
                    1,
                    1,
                    1,
                    1
                ],
                [
                    0,
                    0,
                    0,
                    0,
                    1,
                    1
                ],
                [
                    0,
                    0,
                    1,
                    0,
                    0,
                    1
                ],
                [
                    0,
                    0,
                    0,
                    0,
                    0,
                    1
                ],
                [
                    0,
                    0,
                    0,
                    0,
                    0,
                    0
                ]
            ],
            "nodes": [
                0,
                1,
                2,
                3,
                4,
                5
            ]
        },
        "oracle_est_dag": {
            "amat": [
                [
                    0,
                    1,
                    0,
                    0,
                    0,
                    1
                ],
                [
                    0,
                    0,
                    1,
                    1,
                    1,
                    1
                ],
                [
                    0,
                    0,
                    0,
                    1,
                    1,
                    1
                ],
                [
                    0,
                    0,
                    0,
                    0,
                    0,
                    1
                ],
                [
                    0,
                    0,
                    0,
                    0,
                    0,
                    1
                ],
                [
                    0,
                    0,
                    0,
                    0,
                    0,
                    0
                ]
            ],
            "nodes": [
                0,
                1,
                2,
                3,
                4,
                5
            ]
        },
        "igsp_dag": null,
        "intv_base_est_dag": null,
        "act_dag": {
            "amat": [
                [
                    0,
                    1,
                    0,
                    0,
                    0,
                    1
                ],
                [
                    0,
                    0,
                    1,
                    1,
                    1,
                    1
                ],
                [
                    0,
                    0,
                    0,
                    1,
                    1,
                    1
                ],
                [
                    0,
                    0,
                    0,
                    0,
                    0,
                    1
                ],
                [
                    0,
                    0,
                    0,
                    0,
                    0,
                    1
                ],
                [
                    0,
                    0,
                    0,
                    0,
                    0,
                    0
                ]
            ],
            "nodes": [
                0,
                1,
                2,
                3,
                4,
                5
            ]
        },
        "shd": 2,
        "oracle_shd": 0,
        "intv_base_shd": null,
        "igsp_shd": null,
        "avg_js": 0.0,
        "avg_oracle_js": 0.8571428571428571
    }
}