{
    "expt_args": {
        "save_dir": "all_expt_logs/expt_logs_sim_compsel_backward_cameraready_new_mean_largerange",
        "exp_name": "329",
        "num_nodes": 6,
        "num_tgt_prior": 7,
        "obs_noise_mean": 0.0,
        "obs_noise_var": 1.0,
        "obs_noise_gamma_shape": null,
        "noise_type": "gaussian",
        "max_edge_strength": 1.0,
        "graph_sparsity_method": "adj_dense_prop",
        "adj_dense_prop": 0.8,
        "num_parents": null,
        "new_noise_mean": 10,
        "mix_samples": 1048576,
        "stage2_samples": 1048576,
        "gmm_tol": 0.001,
        "intv_type": "hard",
        "new_noise_var": 1.0,
        "dtype": "simulation",
        "cutoff_drop_ratio": 0.07,
        "intv_targets": [
            0,
            1,
            2,
            3,
            4,
            5
        ]
    },
    "intv_args_dict": {
        "0": {
            "intv_type": "hard",
            "inode": 0,
            "new_mui": 10,
            "new_vari": 1.0,
            "noise_type": "gaussian",
            "obs_noise_gamma_shape": null,
            "true_params": {
                "Si": [
                    [
                        1.0,
                        0.5286012428392697,
                        -0.25929620673045334,
                        -1.1777182625934912,
                        -0.14048384796763788,
                        1.3743991107433664
                    ],
                    [
                        0.5286012428392697,
                        1.2794192739312207,
                        0.5720020803683056,
                        -0.8656304251534364,
                        0.2001193998349739,
                        0.5317178708652537
                    ],
                    [
                        -0.25929620673045334,
                        0.5720020803683056,
                        1.5700096505392913,
                        0.7470335608946849,
                        1.2577096117226378,
                        -1.099467527251261
                    ],
                    [
                        -1.1777182625934912,
                        -0.8656304251534364,
                        0.7470335608946849,
                        2.8231328908348905,
                        1.39780902460774,
                        -3.434497314135921
                    ],
                    [
                        -0.14048384796763788,
                        0.2001193998349739,
                        1.2577096117226378,
                        1.39780902460774,
                        2.596250847403092,
                        -2.835615355106736
                    ],
                    [
                        1.3743991107433664,
                        0.5317178708652537,
                        -1.099467527251261,
                        -3.434497314135921,
                        -2.835615355106736,
                        6.460111161419862
                    ]
                ],
                "mui": [
                    10.0,
                    5.286012428392697,
                    -2.5929620673045335,
                    -11.777182625934913,
                    -1.4048384796763789,
                    13.743991107433665
                ],
                "Ai": [
                    [
                        0.0,
                        0.0,
                        0.0,
                        0.0,
                        0.0,
                        0.0
                    ],
                    [
                        0.5286012428392697,
                        0.0,
                        0.0,
                        0.0,
                        0.0,
                        0.0
                    ],
                    [
                        -0.6341095751375304,
                        0.7090663775095314,
                        0.0,
                        0.0,
                        0.0,
                        0.0
                    ],
                    [
                        -0.6598658071401262,
                        -0.6784684245769613,
                        0.6140205635953982,
                        0.0,
                        0.0,
                        0.0
                    ],
                    [
                        0.8067398090529452,
                        -0.0,
                        0.6161808403212503,
                        0.668623666182462,
                        0.0,
                        0.0
                    ],
                    [
                        0.892381018359525,
                        -0.7779174436381847,
                        0.9090097097012672,
                        -0.8428023169390255,
                        -0.9705408207513888,
                        0.0
                    ]
                ]
            },
            "est_params": {
                "mui": [
                    5.000642950930707,
                    2.6427794827269353,
                    -1.2951331138697384,
                    -5.886839300868836,
                    -0.6960111404927614,
                    11.872652462596696
                ],
                "Si": [
                    [
                        26.016670723044108,
                        13.754236215638882,
                        -6.7494576863443125,
                        -30.647620582561125,
                        -3.674825863389293,
                        10.059327622600259
                    ],
                    [
                        13.754236215638882,
                        8.276655134838805,
                        -2.8538482683326776,
                        -16.445026623547026,
                        -1.6642146939927251,
                        5.2139030824622274
                    ],
                    [
                        -6.7494576863443125,
                        -2.8538482683326776,
                        3.2608857668671707,
                        8.393025730539962,
                        2.178861193675449,
                        -2.989859495529002
                    ],
                    [
                        -30.647620582561125,
                        -16.445026623547026,
                        8.393025730539962,
                        37.53359971668108,
                        5.553603705212982,
                        -12.765240197644694
                    ],
                    [
                        -3.674825863389293,
                        -1.6642146939927251,
                        2.178861193675449,
                        5.553603705212982,
                        3.0853261818323863,
                        -2.752578058452553
                    ],
                    [
                        10.059327622600259,
                        5.2139030824622274,
                        -2.989859495529002,
                        -12.765240197644694,
                        -2.752578058452553,
                        7.266116649002206
                    ]
                ]
            },
            "est_tgt": [
                0,
                5
            ],
            "oracle_est_tgt": [
                0
            ]
        },
        "1": {
            "intv_type": "hard",
            "inode": 1,
            "new_mui": 10,
            "new_vari": 1.0,
            "noise_type": "gaussian",
            "obs_noise_gamma_shape": null,
            "true_params": {
                "Si": [
                    [
                        1.0,
                        0.0,
                        -0.6341095751375304,
                        -1.0492221258473111,
                        -0.28552110623483506,
                        1.4773659849797696
                    ],
                    [
                        0.0,
                        1.0,
                        0.7090663775095314,
                        -0.24308708783201144,
                        0.2743793364695103,
                        -0.19479120723087678
                    ],
                    [
                        -0.6341095751375304,
                        0.7090663775095314,
                        1.9048700809955887,
                        1.1069774792529476,
                        1.4023343502051007,
                        -1.6799029683599587
                    ],
                    [
                        -1.0492221258473111,
                        -0.24308708783201144,
                        1.1069774792529476,
                        2.5369796541562097,
                        1.531933693314835,
                        -3.365927460736185
                    ],
                    [
                        -0.28552110623483506,
                        0.2743793364695103,
                        1.4023343502051007,
                        1.531933693314835,
                        2.6580374379688614,
                        -3.0643536497313484
                    ],
                    [
                        1.4773659849797696,
                        -0.19479120723087678,
                        -1.6799029683599587,
                        -3.365927460736185,
                        -3.0643536497313484,
                        6.75374849938295
                    ]
                ],
                "mui": [
                    0.0,
                    10.0,
                    7.090663775095313,
                    -2.4308708783201145,
                    2.7437933646951027,
                    -1.947912072308768
                ],
                "Ai": [
                    [
                        0.0,
                        0.0,
                        0.0,
                        0.0,
                        0.0,
                        0.0
                    ],
                    [
                        0.0,
                        0.0,
                        0.0,
                        0.0,
                        0.0,
                        0.0
                    ],
                    [
                        -0.6341095751375304,
                        0.7090663775095314,
                        0.0,
                        0.0,
                        0.0,
                        0.0
                    ],
                    [
                        -0.6598658071401262,
                        -0.6784684245769613,
                        0.6140205635953982,
                        0.0,
                        0.0,
                        0.0
                    ],
                    [
                        0.8067398090529452,
                        -0.0,
                        0.6161808403212503,
                        0.668623666182462,
                        0.0,
                        0.0
                    ],
                    [
                        0.892381018359525,
                        -0.7779174436381847,
                        0.9090097097012672,
                        -0.8428023169390255,
                        -0.9705408207513888,
                        0.0
                    ]
                ]
            },
            "est_params": {
                "mui": [
                    0.0012646657189251621,
                    5.001350636329845,
                    3.545488726578816,
                    -1.2198221502687403,
                    1.366622191572173,
                    -0.9662705720700567
                ],
                "Si": [
                    [
                        0.998841753125801,
                        0.2656117728569478,
                        -0.4445605093824815,
                        -1.1148300044792518,
                        -0.21293203073151867,
                        1.4254113791032506
                    ],
                    [
                        0.2656117728569478,
                        26.151676136522696,
                        18.35962021883835,
                        -6.64404184537409,
                        7.103650528130096,
                        -4.706030932773806
                    ],
                    [
                        -0.4445605093824815,
                        18.35962021883835,
                        14.284588586108462,
                        -3.3892568494350646,
                        6.192306699632868,
                        -4.844091942616696
                    ],
                    [
                        -1.1148300044792518,
                        -6.6440418453740895,
                        -3.3892568494350646,
                        4.168930295760986,
                        -0.20916513471764198,
                        -2.2217655018492617
                    ],
                    [
                        -0.21293203073151867,
                        7.103650528130096,
                        6.192306699632868,
                        -0.20916513471764198,
                        4.503667593288551,
                        -4.2851771932656275
                    ],
                    [
                        1.4254113791032503,
                        -4.706030932773806,
                        -4.844091942616696,
                        -2.2217655018492617,
                        -4.2851771932656275,
                        7.5679092402793176
                    ]
                ]
            },
            "est_tgt": [
                1
            ],
            "oracle_est_tgt": [
                1
            ]
        },
        "2": {
            "intv_type": "hard",
            "inode": 2,
            "new_mui": 10,
            "new_vari": 1.0,
            "noise_type": "gaussian",
            "obs_noise_gamma_shape": null,
            "true_params": {
                "Si": [
                    [
                        1.0,
                        0.5286012428392697,
                        0.0,
                        -1.0185050595987093,
                        0.12574322207866917,
                        1.2175323849097899
                    ],
                    [
                        0.5286012428392697,
                        1.2794192739312207,
                        0.0,
                        -1.2168514649189235,
                        -0.3871720219602883,
                        0.8777626304426497
                    ],
                    [
                        0.0,
                        0.0,
                        1.0,
                        0.6140205635953982,
                        1.0267295206638272,
                        -0.6049711556198916
                    ],
                    [
                        -1.0185050595987093,
                        -1.2168514649189235,
                        0.6140205635953982,
                        2.874693212094125,
                        1.4787670441708305,
                        -3.2621358275389354
                    ],
                    [
                        0.12574322207866917,
                        -0.3871720219602883,
                        1.0267295206638272,
                        1.4787670441708305,
                        2.722831764298023,
                        -2.5422218286677136
                    ],
                    [
                        1.2175323849097899,
                        0.8777626304426497,
                        -0.6049711556198916,
                        -3.2621358275389354,
                        -2.5422218286677136,
                        6.0704169671356265
                    ]
                ],
                "mui": [
                    0.0,
                    0.0,
                    10.0,
                    6.140205635953983,
                    10.267295206638272,
                    -6.049711556198916
                ],
                "Ai": [
                    [
                        0.0,
                        0.0,
                        0.0,
                        0.0,
                        0.0,
                        0.0
                    ],
                    [
                        0.5286012428392697,
                        0.0,
                        0.0,
                        0.0,
                        0.0,
                        0.0
                    ],
                    [
                        0.0,
                        0.0,
                        0.0,
                        0.0,
                        0.0,
                        0.0
                    ],
                    [
                        -0.6598658071401262,
                        -0.6784684245769613,
                        0.6140205635953982,
                        0.0,
                        0.0,
                        0.0
                    ],
                    [
                        0.8067398090529452,
                        -0.0,
                        0.6161808403212503,
                        0.668623666182462,
                        0.0,
                        0.0
                    ],
                    [
                        0.892381018359525,
                        -0.7779174436381847,
                        0.9090097097012672,
                        -0.8428023169390255,
                        -0.9705408207513888,
                        0.0
                    ]
                ]
            },
            "oracle_est_tgt": [
                2
            ]
        },
        "3": {
            "intv_type": "hard",
            "inode": 3,
            "new_mui": 10,
            "new_vari": 1.0,
            "noise_type": "gaussian",
            "obs_noise_gamma_shape": null,
            "true_params": {
                "Si": [
                    [
                        1.0,
                        0.5286012428392697,
                        -0.25929620673045334,
                        0.0,
                        0.6469664544976618,
                        -0.3824372325274328
                    ],
                    [
                        0.5286012428392697,
                        1.2794192739312207,
                        0.5720020803683056,
                        0.0,
                        0.7789003882601477,
                        -0.7595680326084442
                    ],
                    [
                        -0.25929620673045334,
                        0.5720020803683056,
                        1.5700096505392913,
                        0.0,
                        0.7582252934758942,
                        0.014904008885632536
                    ],
                    [
                        0.0,
                        0.0,
                        0.0,
                        1.0,
                        0.668623666182462,
                        -1.4917288786895548
                    ],
                    [
                        0.6469664544976618,
                        0.7789003882601477,
                        0.7582252934758942,
                        0.668623666182462,
                        2.436195099431184,
                        -2.2672898277956657
                    ],
                    [
                        -0.3824372325274328,
                        -0.7595680326084442,
                        0.014904008885632536,
                        -1.4917288786895548,
                        -2.2672898277956657,
                        4.720879269519623
                    ]
                ],
                "mui": [
                    0.0,
                    0.0,
                    0.0,
                    10.0,
                    6.686236661824621,
                    -14.917288786895549
                ],
                "Ai": [
                    [
                        0.0,
                        0.0,
                        0.0,
                        0.0,
                        0.0,
                        0.0
                    ],
                    [
                        0.5286012428392697,
                        0.0,
                        0.0,
                        0.0,
                        0.0,
                        0.0
                    ],
                    [
                        -0.6341095751375304,
                        0.7090663775095314,
                        0.0,
                        0.0,
                        0.0,
                        0.0
                    ],
                    [
                        0.0,
                        0.0,
                        0.0,
                        0.0,
                        0.0,
                        0.0
                    ],
                    [
                        0.8067398090529452,
                        -0.0,
                        0.6161808403212503,
                        0.668623666182462,
                        0.0,
                        0.0
                    ],
                    [
                        0.892381018359525,
                        -0.7779174436381847,
                        0.9090097097012672,
                        -0.8428023169390255,
                        -0.9705408207513888,
                        0.0
                    ]
                ]
            },
            "oracle_est_tgt": [
                3
            ]
        },
        "4": {
            "intv_type": "hard",
            "inode": 4,
            "new_mui": 10,
            "new_vari": 1.0,
            "noise_type": "gaussian",
            "obs_noise_gamma_shape": null,
            "true_params": {
                "Si": [
                    [
                        1.0,
                        0.5286012428392697,
                        -0.25929620673045334,
                        -1.1777182625934912,
                        0.0,
                        1.238053801634542
                    ],
                    [
                        0.5286012428392697,
                        1.2794192739312207,
                        0.5720020803683056,
                        -0.8656304251534364,
                        0.0,
                        0.7259419174293646
                    ],
                    [
                        -0.25929620673045334,
                        0.5720020803683056,
                        1.5700096505392913,
                        0.7470335608946849,
                        0.0,
                        0.12119099157693841
                    ],
                    [
                        -1.1777182625934912,
                        -0.8656304251534364,
                        0.7470335608946849,
                        2.8231328908348905,
                        0.0,
                        -2.077866596139427
                    ],
                    [
                        0.0,
                        0.0,
                        0.0,
                        0.0,
                        1.0,
                        -0.9705408207513888
                    ],
                    [
                        1.238053801634542,
                        0.7259419174293646,
                        0.12119099157693841,
                        -2.077866596139427,
                        -0.9705408207513888,
                        4.343436885983117
                    ]
                ],
                "mui": [
                    0.0,
                    0.0,
                    0.0,
                    0.0,
                    10.0,
                    -9.705408207513887
                ],
                "Ai": [
                    [
                        0.0,
                        0.0,
                        0.0,
                        0.0,
                        0.0,
                        0.0
                    ],
                    [
                        0.5286012428392697,
                        0.0,
                        0.0,
                        0.0,
                        0.0,
                        0.0
                    ],
                    [
                        -0.6341095751375304,
                        0.7090663775095314,
                        0.0,
                        0.0,
                        0.0,
                        0.0
                    ],
                    [
                        -0.6598658071401262,
                        -0.6784684245769613,
                        0.6140205635953982,
                        0.0,
                        0.0,
                        0.0
                    ],
                    [
                        0.0,
                        0.0,
                        0.0,
                        0.0,
                        0.0,
                        0.0
                    ],
                    [
                        0.892381018359525,
                        -0.7779174436381847,
                        0.9090097097012672,
                        -0.8428023169390255,
                        -0.9705408207513888,
                        0.0
                    ]
                ]
            },
            "est_params": {
                "mui": [
                    0.0005382362029158421,
                    -0.0013050039018793953,
                    3.3312127802430607,
                    5.379327553734054,
                    8.984445434829809,
                    -10.225974804718255
                ],
                "Si": [
                    [
                        1.0044477564811563,
                        0.5301411542578256,
                        -0.1736728583473097,
                        -0.7277168773317837,
                        0.2588200792731757,
                        0.6867820567730984
                    ],
                    [
                        0.5301411542578256,
                        1.2811293959641885,
                        0.38265896995665166,
                        -0.7009079433073043,
                        0.1334244907654067,
                        0.2846032704440928
                    ],
                    [
                        -0.1736728583473097,
                        0.38265896995665166,
                        23.59293036183083,
                        2.9678887885865355,
                        4.878293596432383,
                        13.74748793786859
                    ],
                    [
                        -0.7277168773317837,
                        -0.7009079433073043,
                        2.967888788586536,
                        19.17609785344099,
                        -4.319266327557546,
                        -9.373261075368708
                    ],
                    [
                        0.2588200792731757,
                        0.1334244907654067,
                        4.878293596432383,
                        -4.319266327557546,
                        4.711180780091949,
                        3.622769897136409
                    ],
                    [
                        0.6867820567730982,
                        0.2846032704440929,
                        13.74748793786859,
                        -9.373261075368708,
                        3.622769897136409,
                        18.267884011513654
                    ]
                ]
            },
            "est_tgt": [
                2,
                3,
                4
            ],
            "oracle_est_tgt": [
                4
            ]
        },
        "5": {
            "intv_type": "hard",
            "inode": 5,
            "new_mui": 10,
            "new_vari": 1.0,
            "noise_type": "gaussian",
            "obs_noise_gamma_shape": null,
            "true_params": {
                "Si": [
                    [
                        1.0,
                        0.5286012428392697,
                        -0.25929620673045334,
                        -1.1777182625934912,
                        -0.14048384796763788,
                        0.0
                    ],
                    [
                        0.5286012428392697,
                        1.2794192739312207,
                        0.5720020803683056,
                        -0.8656304251534364,
                        0.2001193998349739,
                        0.0
                    ],
                    [
                        -0.25929620673045334,
                        0.5720020803683056,
                        1.5700096505392913,
                        0.7470335608946849,
                        1.2577096117226378,
                        0.0
                    ],
                    [
                        -1.1777182625934912,
                        -0.8656304251534364,
                        0.7470335608946849,
                        2.8231328908348905,
                        1.39780902460774,
                        0.0
                    ],
                    [
                        -0.14048384796763788,
                        0.2001193998349739,
                        1.2577096117226378,
                        1.39780902460774,
                        2.596250847403092,
                        0.0
                    ],
                    [
                        0.0,
                        0.0,
                        0.0,
                        0.0,
                        0.0,
                        1.0
                    ]
                ],
                "mui": [
                    0.0,
                    0.0,
                    0.0,
                    0.0,
                    0.0,
                    10.0
                ],
                "Ai": [
                    [
                        0.0,
                        0.0,
                        0.0,
                        0.0,
                        0.0,
                        0.0
                    ],
                    [
                        0.5286012428392697,
                        0.0,
                        0.0,
                        0.0,
                        0.0,
                        0.0
                    ],
                    [
                        -0.6341095751375304,
                        0.7090663775095314,
                        0.0,
                        0.0,
                        0.0,
                        0.0
                    ],
                    [
                        -0.6598658071401262,
                        -0.6784684245769613,
                        0.6140205635953982,
                        0.0,
                        0.0,
                        0.0
                    ],
                    [
                        0.8067398090529452,
                        -0.0,
                        0.6161808403212503,
                        0.668623666182462,
                        0.0,
                        0.0
                    ],
                    [
                        0.0,
                        0.0,
                        0.0,
                        0.0,
                        0.0,
                        0.0
                    ]
                ]
            },
            "oracle_est_tgt": [
                5
            ]
        },
        "obs": {
            "intv_type": "obs",
            "noise_type": "gaussian",
            "obs_noise_gamma_shape": null,
            "true_params": {
                "Si": [
                    [
                        1.0,
                        0.5286012428392697,
                        -0.25929620673045334,
                        -1.1777182625934912,
                        -0.14048384796763788,
                        1.3743991107433664
                    ],
                    [
                        0.5286012428392697,
                        1.2794192739312207,
                        0.5720020803683056,
                        -0.8656304251534364,
                        0.2001193998349739,
                        0.5317178708652537
                    ],
                    [
                        -0.25929620673045334,
                        0.5720020803683056,
                        1.5700096505392913,
                        0.7470335608946849,
                        1.2577096117226378,
                        -1.099467527251261
                    ],
                    [
                        -1.1777182625934912,
                        -0.8656304251534364,
                        0.7470335608946849,
                        2.8231328908348905,
                        1.39780902460774,
                        -3.434497314135921
                    ],
                    [
                        -0.14048384796763788,
                        0.2001193998349739,
                        1.2577096117226378,
                        1.39780902460774,
                        2.596250847403092,
                        -2.835615355106736
                    ],
                    [
                        1.3743991107433664,
                        0.5317178708652537,
                        -1.099467527251261,
                        -3.434497314135921,
                        -2.835615355106736,
                        6.460111161419862
                    ]
                ],
                "mui": [
                    0.0,
                    0.0,
                    0.0,
                    0.0,
                    0.0,
                    0.0
                ],
                "Ai": [
                    [
                        0.0,
                        0.0,
                        0.0,
                        0.0,
                        0.0,
                        0.0
                    ],
                    [
                        0.5286012428392697,
                        0.0,
                        0.0,
                        0.0,
                        0.0,
                        0.0
                    ],
                    [
                        -0.6341095751375304,
                        0.7090663775095314,
                        0.0,
                        0.0,
                        0.0,
                        0.0
                    ],
                    [
                        -0.6598658071401262,
                        -0.6784684245769613,
                        0.6140205635953982,
                        0.0,
                        0.0,
                        0.0
                    ],
                    [
                        0.8067398090529452,
                        -0.0,
                        0.6161808403212503,
                        0.668623666182462,
                        0.0,
                        0.0
                    ],
                    [
                        0.892381018359525,
                        -0.7779174436381847,
                        0.9090097097012672,
                        -0.8428023169390255,
                        -0.9705408207513888,
                        0.0
                    ]
                ]
            },
            "est_tgt": [
                0,
                1,
                2,
                3,
                4,
                5
            ],
            "oracle_est_tgt": [
                0,
                1,
                2,
                3,
                4,
                5
            ]
        }
    },
    "metric_dict": {
        "param_est_rel_err": 612.9009999548225,
        "est_num_comp": 3,
        "weight_precision_error": 0.19103899099158622,
        "gm_score_dict": {
            "1": -15.95915587734282,
            "2": -13.119495222434072,
            "3": -12.133012931124085,
            "4": -11.485549466016366,
            "5": -11.12453240389588,
            "6": -10.736292251212745,
            "7": -10.460598714022534
        },
        "est_dag": {
            "amat": [
                [
                    0,
                    1,
                    1,
                    1,
                    1,
                    1
                ],
                [
                    0,
                    0,
                    1,
                    1,
                    0,
                    1
                ],
                [
                    0,
                    0,
                    0,
                    0,
                    1,
                    1
                ],
                [
                    0,
                    0,
                    1,
                    0,
                    1,
                    1
                ],
                [
                    0,
                    0,
                    0,
                    0,
                    0,
                    1
                ],
                [
                    0,
                    0,
                    0,
                    0,
                    0,
                    0
                ]
            ],
            "nodes": [
                0,
                1,
                2,
                3,
                4,
                5
            ]
        },
        "oracle_est_dag": {
            "amat": [
                [
                    0,
                    1,
                    1,
                    1,
                    1,
                    1
                ],
                [
                    0,
                    0,
                    1,
                    1,
                    0,
                    1
                ],
                [
                    0,
                    0,
                    0,
                    1,
                    1,
                    1
                ],
                [
                    0,
                    0,
                    0,
                    0,
                    1,
                    1
                ],
                [
                    0,
                    0,
                    0,
                    0,
                    0,
                    1
                ],
                [
                    0,
                    0,
                    0,
                    0,
                    0,
                    0
                ]
            ],
            "nodes": [
                0,
                1,
                2,
                3,
                4,
                5
            ]
        },
        "igsp_dag": null,
        "intv_base_est_dag": null,
        "act_dag": {
            "amat": [
                [
                    0,
                    1,
                    1,
                    1,
                    1,
                    1
                ],
                [
                    0,
                    0,
                    1,
                    1,
                    0,
                    1
                ],
                [
                    0,
                    0,
                    0,
                    1,
                    1,
                    1
                ],
                [
                    0,
                    0,
                    0,
                    0,
                    1,
                    1
                ],
                [
                    0,
                    0,
                    0,
                    0,
                    0,
                    1
                ],
                [
                    0,
                    0,
                    0,
                    0,
                    0,
                    0
                ]
            ],
            "nodes": [
                0,
                1,
                2,
                3,
                4,
                5
            ]
        },
        "shd": 1,
        "oracle_shd": 0,
        "intv_base_shd": null,
        "igsp_shd": null,
        "avg_js": 0.4583333333333333,
        "avg_oracle_js": 0.8571428571428571
    }
}