{
    "expt_args": {
        "save_dir": "all_expt_logs/expt_logs_sim_compsel_backward_cameraready_new_mean_largerange",
        "exp_name": "164",
        "num_nodes": 6,
        "num_tgt_prior": 7,
        "obs_noise_mean": 0.0,
        "obs_noise_var": 1.0,
        "obs_noise_gamma_shape": null,
        "noise_type": "gaussian",
        "max_edge_strength": 1.0,
        "graph_sparsity_method": "adj_dense_prop",
        "adj_dense_prop": 0.8,
        "num_parents": null,
        "new_noise_mean": 100,
        "mix_samples": 1048576,
        "stage2_samples": 1048576,
        "gmm_tol": 0.001,
        "intv_type": "hard",
        "new_noise_var": 1.0,
        "dtype": "simulation",
        "cutoff_drop_ratio": 0.07,
        "intv_targets": [
            0,
            1,
            2,
            3,
            4,
            5
        ]
    },
    "intv_args_dict": {
        "0": {
            "intv_type": "hard",
            "inode": 0,
            "new_mui": 100,
            "new_vari": 1.0,
            "noise_type": "gaussian",
            "obs_noise_gamma_shape": null,
            "true_params": {
                "Si": [
                    [
                        1.0,
                        -0.7800752466167631,
                        -0.14604692170696376,
                        0.16234284405600924,
                        0.20781651182672564,
                        1.1795398175255276
                    ],
                    [
                        -0.7800752466167631,
                        1.6085173903842036,
                        -0.7571280576757783,
                        -0.3947412301879346,
                        -0.21354983172956638,
                        -0.6254595757969689
                    ],
                    [
                        -0.14604692170696376,
                        -0.7571280576757783,
                        1.7800676420193466,
                        -0.36069926874888625,
                        0.1400025110802565,
                        -1.0945317064589326
                    ],
                    [
                        0.16234284405600924,
                        -0.3947412301879346,
                        -0.36069926874888625,
                        1.4237278821104287,
                        0.8736964004388198,
                        -0.6614438388954995
                    ],
                    [
                        0.20781651182672564,
                        -0.21354983172956638,
                        0.1400025110802565,
                        0.8736964004388198,
                        1.8676347607384942,
                        -1.5714178008642434
                    ],
                    [
                        1.1795398175255276,
                        -0.6254595757969689,
                        -1.0945317064589326,
                        -0.6614438388954995,
                        -1.5714178008642434,
                        4.717313700113898
                    ]
                ],
                "mui": [
                    100.0,
                    -78.00752466167631,
                    -14.604692170696376,
                    16.234284405600924,
                    20.781651182672565,
                    117.95398175255276
                ],
                "Ai": [
                    [
                        0.0,
                        0.0,
                        0.0,
                        0.0,
                        0.0,
                        0.0
                    ],
                    [
                        -0.7800752466167631,
                        0.0,
                        0.0,
                        0.0,
                        0.0,
                        0.0
                    ],
                    [
                        -0.825535869689635,
                        -0.8710556461439571,
                        0.0,
                        0.0,
                        0.0,
                        0.0
                    ],
                    [
                        -0.5177821287533179,
                        -0.7650571388229536,
                        -0.5705210051142318,
                        0.0,
                        0.0,
                        0.0
                    ],
                    [
                        0.7361995469132769,
                        0.7447883152805097,
                        0.6377605429297193,
                        0.8977966264034299,
                        0.0,
                        0.0
                    ],
                    [
                        0.7647282198149585,
                        -0.6597181568377868,
                        -0.8887831405068655,
                        -0.5413062128584218,
                        -0.6820683138780652,
                        0.0
                    ]
                ]
            },
            "est_params": {
                "mui": [
                    99.99385161804771,
                    -78.00475909121225,
                    -14.598858820205713,
                    16.23064122022537,
                    20.7867789131669,
                    117.93987705886254
                ],
                "Si": [
                    [
                        1.0011897972185666,
                        -0.7840638987840419,
                        -0.14707234019987622,
                        0.16940324367232062,
                        0.21086697362982418,
                        1.1787642884039164
                    ],
                    [
                        -0.7840638987840419,
                        1.6107215924630358,
                        -0.7512245684851002,
                        -0.40169745211992497,
                        -0.22265267680546666,
                        -0.6272458545647787
                    ],
                    [
                        -0.14707234019987622,
                        -0.7512245684851002,
                        1.772338939651193,
                        -0.3576341029398024,
                        0.14463029795154245,
                        -1.0979663998734264
                    ],
                    [
                        0.16940324367232062,
                        -0.40169745211992497,
                        -0.3576341029398024,
                        1.4189113094792905,
                        0.8728641221113632,
                        -0.6418494182014471
                    ],
                    [
                        0.21086697362982418,
                        -0.22265267680546666,
                        0.14463029795154245,
                        0.8728641221113632,
                        1.8665357455661822,
                        -1.5589575415401722
                    ],
                    [
                        1.1787642884039164,
                        -0.6272458545647787,
                        -1.0979663998734264,
                        -0.6418494182014471,
                        -1.5589575415401722,
                        4.698752332636231
                    ]
                ]
            },
            "est_tgt": [
                0,
                5
            ],
            "oracle_est_tgt": [
                0
            ]
        },
        "1": {
            "intv_type": "hard",
            "inode": 1,
            "new_mui": 100,
            "new_vari": 1.0,
            "noise_type": "gaussian",
            "obs_noise_gamma_shape": null,
            "true_params": {
                "Si": [
                    [
                        1.0,
                        0.0,
                        -0.825535869689635,
                        -0.04679657462013587,
                        0.16769153563086298,
                        1.409404776301785
                    ],
                    [
                        0.0,
                        1.0,
                        -0.8710556461439571,
                        -0.26810159607447653,
                        -0.05143731501529793,
                        0.29467023825354877
                    ],
                    [
                        -0.825535869689635,
                        -0.8710556461439571,
                        2.4402474108234884,
                        -0.29835734518582263,
                        0.031918095205813735,
                        -2.0857777448275554
                    ],
                    [
                        -0.04679657462013587,
                        -0.26810159607447653,
                        -0.29835734518582263,
                        1.399562602490413,
                        0.832111487406755,
                        -0.9188890033340822
                    ],
                    [
                        0.16769153563086298,
                        -0.05143731501529793,
                        0.031918095205813735,
                        0.832111487406755,
                        1.8525675092729035,
                        -1.5802004000396117
                    ],
                    [
                        1.409404776301785,
                        0.29467023825354877,
                        -2.0857777448275554,
                        -0.9188890033340822,
                        -1.5802004000396117,
                        5.312421342448027
                    ]
                ],
                "mui": [
                    0.0,
                    100.0,
                    -87.10556461439572,
                    -26.810159607447652,
                    -5.143731501529793,
                    29.467023825354875
                ],
                "Ai": [
                    [
                        0.0,
                        0.0,
                        0.0,
                        0.0,
                        0.0,
                        0.0
                    ],
                    [
                        0.0,
                        0.0,
                        0.0,
                        0.0,
                        0.0,
                        0.0
                    ],
                    [
                        -0.825535869689635,
                        -0.8710556461439571,
                        0.0,
                        0.0,
                        0.0,
                        0.0
                    ],
                    [
                        -0.5177821287533179,
                        -0.7650571388229536,
                        -0.5705210051142318,
                        0.0,
                        0.0,
                        0.0
                    ],
                    [
                        0.7361995469132769,
                        0.7447883152805097,
                        0.6377605429297193,
                        0.8977966264034299,
                        0.0,
                        0.0
                    ],
                    [
                        0.7647282198149585,
                        -0.6597181568377868,
                        -0.8887831405068655,
                        -0.5413062128584218,
                        -0.6820683138780652,
                        0.0
                    ]
                ]
            },
            "est_params": {
                "mui": [
                    -0.0024134699847391155,
                    99.99609933756952,
                    -87.09537008901896,
                    -26.814144440833246,
                    -5.1452746929587025,
                    29.461584425390893
                ],
                "Si": [
                    [
                        1.0004109802528767,
                        0.0031480839639122823,
                        -0.8255994769335913,
                        -0.05121118622807848,
                        0.16358033861574242,
                        1.4149480028915726
                    ],
                    [
                        0.0031480839639122823,
                        0.9954273480600939,
                        -0.8724823480102238,
                        -0.2701154119708958,
                        -0.05489872665159163,
                        0.3052090794211387
                    ],
                    [
                        -0.8255994769335913,
                        -0.8724823480102238,
                        2.436728420917513,
                        -0.28727721538531564,
                        0.043262296950623454,
                        -2.095920879594158
                    ],
                    [
                        -0.05121118622807848,
                        -0.2701154119708958,
                        -0.28727721538531564,
                        1.3995204905029237,
                        0.8294596748848402,
                        -0.9334294984725156
                    ],
                    [
                        0.16358033861574242,
                        -0.05489872665159163,
                        0.043262296950623454,
                        0.8294596748848402,
                        1.845242188000703,
                        -1.5843051318457348
                    ],
                    [
                        1.4149480028915726,
                        0.3052090794211387,
                        -2.095920879594158,
                        -0.9334294984725156,
                        -1.5843051318457348,
                        5.333989264943774
                    ]
                ]
            },
            "est_tgt": [
                1
            ],
            "oracle_est_tgt": [
                1
            ]
        },
        "2": {
            "intv_type": "hard",
            "inode": 2,
            "new_mui": 100,
            "new_vari": 1.0,
            "noise_type": "gaussian",
            "obs_noise_gamma_shape": null,
            "true_params": {
                "Si": [
                    [
                        1.0,
                        -0.7800752466167631,
                        0.0,
                        0.07902000748991278,
                        0.2261525143363673,
                        1.0823325385806517
                    ],
                    [
                        -0.7800752466167631,
                        1.6085173903842036,
                        0.0,
                        -0.8266986906533057,
                        -0.11849338135454135,
                        -1.1293959644539862
                    ],
                    [
                        0.0,
                        0.0,
                        1.0,
                        -0.5705210051142318,
                        0.125548709245868,
                        -0.665589372297197
                    ],
                    [
                        0.07902000748991278,
                        -0.8266986906533057,
                        -0.5705210051142318,
                        1.9170508045242232,
                        0.7997249276262459,
                        -0.4702921270403927
                    ],
                    [
                        0.2261525143363673,
                        -0.11849338135454135,
                        0.125548709245868,
                        0.7997249276262459,
                        1.8763012477631331,
                        -1.5731298315412525
                    ],
                    [
                        1.0823325385806517,
                        -1.1293959644539862,
                        -0.665589372297197,
                        -0.4702921270403927,
                        -1.5731298315412525,
                        4.491891934020495
                    ]
                ],
                "mui": [
                    0.0,
                    0.0,
                    100.0,
                    -57.05210051142318,
                    12.5548709245868,
                    -66.55893722971969
                ],
                "Ai": [
                    [
                        0.0,
                        0.0,
                        0.0,
                        0.0,
                        0.0,
                        0.0
                    ],
                    [
                        -0.7800752466167631,
                        0.0,
                        0.0,
                        0.0,
                        0.0,
                        0.0
                    ],
                    [
                        0.0,
                        0.0,
                        0.0,
                        0.0,
                        0.0,
                        0.0
                    ],
                    [
                        -0.5177821287533179,
                        -0.7650571388229536,
                        -0.5705210051142318,
                        0.0,
                        0.0,
                        0.0
                    ],
                    [
                        0.7361995469132769,
                        0.7447883152805097,
                        0.6377605429297193,
                        0.8977966264034299,
                        0.0,
                        0.0
                    ],
                    [
                        0.7647282198149585,
                        -0.6597181568377868,
                        -0.8887831405068655,
                        -0.5413062128584218,
                        -0.6820683138780652,
                        0.0
                    ]
                ]
            },
            "est_params": {
                "mui": [
                    0.003498579235559869,
                    -0.00017905030044286028,
                    100.0021136613097,
                    -57.05528736437066,
                    12.558116316674665,
                    -66.55788109879681
                ],
                "Si": [
                    [
                        0.9984193333828194,
                        -0.7812744638462613,
                        0.0032504571985170075,
                        0.08296189714465571,
                        0.22520204626413307,
                        1.0817469834976072
                    ],
                    [
                        -0.7812744638462613,
                        1.6092816636845295,
                        0.0015125636465729503,
                        -0.8287546717822624,
                        -0.11784524493755945,
                        -1.1359462807100567
                    ],
                    [
                        0.0032504571985170075,
                        0.0015125636465729503,
                        1.0030316382402766,
                        -0.578969808530938,
                        0.12421851973776697,
                        -0.658379129714169
                    ],
                    [
                        0.08296189714465571,
                        -0.8287546717822624,
                        -0.578969808530938,
                        1.9214504501646725,
                        0.8014054226304811,
                        -0.46415304536539603
                    ],
                    [
                        0.22520204626413307,
                        -0.11784524493755945,
                        0.12421851973776697,
                        0.8014054226304811,
                        1.8754681051508972,
                        -1.5759190993552483
                    ],
                    [
                        1.0817469834976072,
                        -1.1359462807100567,
                        -0.658379129714169,
                        -0.46415304536539603,
                        -1.5759190993552483,
                        4.4914336736607305
                    ]
                ]
            },
            "est_tgt": [
                2
            ],
            "oracle_est_tgt": [
                2
            ]
        },
        "3": {
            "intv_type": "hard",
            "inode": 3,
            "new_mui": 100,
            "new_vari": 1.0,
            "noise_type": "gaussian",
            "obs_noise_gamma_shape": null,
            "true_params": {
                "Si": [
                    [
                        1.0,
                        -0.7800752466167631,
                        -0.14604692170696376,
                        0.0,
                        0.06206565411250242,
                        1.3668290493935733
                    ],
                    [
                        -0.7800752466167631,
                        1.6085173903842036,
                        -0.7571280576757783,
                        0.0,
                        0.1408475130355011,
                        -1.0808586555558473
                    ],
                    [
                        -0.14604692170696376,
                        -0.7571280576757783,
                        1.7800676420193466,
                        0.0,
                        0.4638370977091907,
                        -1.5106577720835919
                    ],
                    [
                        0.0,
                        0.0,
                        0.0,
                        1.0,
                        0.8977966264034299,
                        -1.1536648440348245
                    ],
                    [
                        0.06206565411250242,
                        0.1408475130355011,
                        0.4638370977091907,
                        0.8977966264034299,
                        2.2524500700289996,
                        -2.480014610014144
                    ],
                    [
                        1.3668290493935733,
                        -1.0808586555558473,
                        -1.5106577720835919,
                        -1.1536648440348245,
                        -2.480014610014144,
                        6.416987315760858
                    ]
                ],
                "mui": [
                    0.0,
                    0.0,
                    0.0,
                    100.0,
                    89.77966264034299,
                    -115.36648440348245
                ],
                "Ai": [
                    [
                        0.0,
                        0.0,
                        0.0,
                        0.0,
                        0.0,
                        0.0
                    ],
                    [
                        -0.7800752466167631,
                        0.0,
                        0.0,
                        0.0,
                        0.0,
                        0.0
                    ],
                    [
                        -0.825535869689635,
                        -0.8710556461439571,
                        0.0,
                        0.0,
                        0.0,
                        0.0
                    ],
                    [
                        0.0,
                        0.0,
                        0.0,
                        0.0,
                        0.0,
                        0.0
                    ],
                    [
                        0.7361995469132769,
                        0.7447883152805097,
                        0.6377605429297193,
                        0.8977966264034299,
                        0.0,
                        0.0
                    ],
                    [
                        0.7647282198149585,
                        -0.6597181568377868,
                        -0.8887831405068655,
                        -0.5413062128584218,
                        -0.6820683138780652,
                        0.0
                    ]
                ]
            },
            "est_params": {
                "mui": [
                    0.0015743054902828638,
                    0.002184732426317089,
                    -0.0016661596842948696,
                    99.99923183680346,
                    89.78211202720288,
                    -115.37286151491024
                ],
                "Si": [
                    [
                        1.0009226421590975,
                        -0.7807584070821767,
                        -0.14859954744556522,
                        0.0002118231074190023,
                        0.05563174670438701,
                        1.373481370270833
                    ],
                    [
                        -0.7807584070821767,
                        1.6209062114957267,
                        -0.7619246740949449,
                        0.0022246495412619016,
                        0.15033018061800904,
                        -1.0958237030977032
                    ],
                    [
                        -0.14859954744556522,
                        -0.7619246740949449,
                        1.7887955463331309,
                        -0.005446760554555734,
                        0.45951879347895586,
                        -1.5036584369804136
                    ],
                    [
                        0.0002118231074190023,
                        0.0022246495412619016,
                        -0.005446760554555734,
                        0.9981050687334698,
                        0.8937537654973445,
                        -1.1431748805292292
                    ],
                    [
                        0.05563174670438701,
                        0.15033018061800904,
                        0.45951879347895586,
                        0.8937537654973445,
                        2.242513414477336,
                        -2.4773456787867074
                    ],
                    [
                        1.373481370270833,
                        -1.0958237030977032,
                        -1.5036584369804136,
                        -1.1431748805292292,
                        -2.4773456787867074,
                        6.416432597509523
                    ]
                ]
            },
            "est_tgt": [
                3
            ],
            "oracle_est_tgt": [
                3
            ]
        },
        "4": {
            "intv_type": "hard",
            "inode": 4,
            "new_mui": 100,
            "new_vari": 1.0,
            "noise_type": "gaussian",
            "obs_noise_gamma_shape": null,
            "true_params": {
                "Si": [
                    [
                        1.0,
                        -0.7800752466167631,
                        -0.14604692170696376,
                        0.16234284405600924,
                        0.0,
                        1.3212848753432034
                    ],
                    [
                        -0.7800752466167631,
                        1.6085173903842036,
                        -0.7571280576757783,
                        -0.3947412301879346,
                        0.0,
                        -0.7711151494536987
                    ],
                    [
                        -0.14604692170696376,
                        -0.7571280576757783,
                        1.7800676420193466,
                        -0.36069926874888625,
                        0.0,
                        -0.9990404297877271
                    ],
                    [
                        0.16234284405600924,
                        -0.3947412301879346,
                        -0.36069926874888625,
                        1.4237278821104287,
                        0.0,
                        -0.06552320820685881
                    ],
                    [
                        0.0,
                        0.0,
                        0.0,
                        0.0,
                        1.0,
                        -0.6820683138780652
                    ],
                    [
                        1.3212848753432034,
                        -0.7711151494536987,
                        -0.9990404297877271,
                        -0.06552320820685881,
                        -0.6820683138780652,
                        3.9077580908622465
                    ]
                ],
                "mui": [
                    0.0,
                    0.0,
                    0.0,
                    0.0,
                    100.0,
                    -68.20683138780652
                ],
                "Ai": [
                    [
                        0.0,
                        0.0,
                        0.0,
                        0.0,
                        0.0,
                        0.0
                    ],
                    [
                        -0.7800752466167631,
                        0.0,
                        0.0,
                        0.0,
                        0.0,
                        0.0
                    ],
                    [
                        -0.825535869689635,
                        -0.8710556461439571,
                        0.0,
                        0.0,
                        0.0,
                        0.0
                    ],
                    [
                        -0.5177821287533179,
                        -0.7650571388229536,
                        -0.5705210051142318,
                        0.0,
                        0.0,
                        0.0
                    ],
                    [
                        0.0,
                        0.0,
                        0.0,
                        0.0,
                        0.0,
                        0.0
                    ],
                    [
                        0.7647282198149585,
                        -0.6597181568377868,
                        -0.8887831405068655,
                        -0.5413062128584218,
                        -0.6820683138780652,
                        0.0
                    ]
                ]
            },
            "est_params": {
                "mui": [
                    -0.0012658815520237127,
                    -0.0007749902825749712,
                    0.000948289409208318,
                    0.0006686495515653858,
                    99.99357317376571,
                    -68.20373893824183
                ],
                "Si": [
                    [
                        1.0033733209154754,
                        -0.7867238326266279,
                        -0.13727818315614101,
                        0.16206084685171082,
                        0.0007167857260516045,
                        1.3247416639562088
                    ],
                    [
                        -0.7867238326266279,
                        1.6230567856023124,
                        -0.7650554695065134,
                        -0.39992073326832783,
                        -0.000517677171002691,
                        -0.7768793442536944
                    ],
                    [
                        -0.13727818315614101,
                        -0.7650554695065134,
                        1.7739142999313688,
                        -0.3582248377776495,
                        0.00030361338529337267,
                        -0.9842056781229674
                    ],
                    [
                        0.16206084685171082,
                        -0.39992073326832783,
                        -0.3582248377776495,
                        1.4310669192899919,
                        -0.0008654775718583546,
                        -0.07256571534380596
                    ],
                    [
                        0.0007167857260516045,
                        -0.000517677171002691,
                        0.00030361338529337267,
                        -0.0008654775718583546,
                        0.9972690213728698,
                        -0.6789964807071657
                    ],
                    [
                        1.3247416639562088,
                        -0.7768793442536944,
                        -0.9842056781229674,
                        -0.07256571534380596,
                        -0.6789964807071657,
                        3.910856407675978
                    ]
                ]
            },
            "est_tgt": [
                4
            ],
            "oracle_est_tgt": [
                4
            ]
        },
        "5": {
            "intv_type": "hard",
            "inode": 5,
            "new_mui": 100,
            "new_vari": 1.0,
            "noise_type": "gaussian",
            "obs_noise_gamma_shape": null,
            "true_params": {
                "Si": [
                    [
                        1.0,
                        -0.7800752466167631,
                        -0.14604692170696376,
                        0.16234284405600924,
                        0.20781651182672564,
                        0.0
                    ],
                    [
                        -0.7800752466167631,
                        1.6085173903842036,
                        -0.7571280576757783,
                        -0.3947412301879346,
                        -0.21354983172956638,
                        0.0
                    ],
                    [
                        -0.14604692170696376,
                        -0.7571280576757783,
                        1.7800676420193466,
                        -0.36069926874888625,
                        0.1400025110802565,
                        0.0
                    ],
                    [
                        0.16234284405600924,
                        -0.3947412301879346,
                        -0.36069926874888625,
                        1.4237278821104287,
                        0.8736964004388198,
                        0.0
                    ],
                    [
                        0.20781651182672564,
                        -0.21354983172956638,
                        0.1400025110802565,
                        0.8736964004388198,
                        1.8676347607384942,
                        0.0
                    ],
                    [
                        0.0,
                        0.0,
                        0.0,
                        0.0,
                        0.0,
                        1.0
                    ]
                ],
                "mui": [
                    0.0,
                    0.0,
                    0.0,
                    0.0,
                    0.0,
                    100.0
                ],
                "Ai": [
                    [
                        0.0,
                        0.0,
                        0.0,
                        0.0,
                        0.0,
                        0.0
                    ],
                    [
                        -0.7800752466167631,
                        0.0,
                        0.0,
                        0.0,
                        0.0,
                        0.0
                    ],
                    [
                        -0.825535869689635,
                        -0.8710556461439571,
                        0.0,
                        0.0,
                        0.0,
                        0.0
                    ],
                    [
                        -0.5177821287533179,
                        -0.7650571388229536,
                        -0.5705210051142318,
                        0.0,
                        0.0,
                        0.0
                    ],
                    [
                        0.7361995469132769,
                        0.7447883152805097,
                        0.6377605429297193,
                        0.8977966264034299,
                        0.0,
                        0.0
                    ],
                    [
                        0.0,
                        0.0,
                        0.0,
                        0.0,
                        0.0,
                        0.0
                    ]
                ]
            },
            "est_params": {
                "mui": [
                    -0.0004331284885400625,
                    -0.0021523059345261784,
                    0.0042438689536431155,
                    -0.0015405230381886534,
                    -0.0009883020649152753,
                    100.00096899030814
                ],
                "Si": [
                    [
                        1.0036237677896052,
                        -0.7858932963759265,
                        -0.14440169450901486,
                        0.16513265605930683,
                        0.21093070119993695,
                        0.003976183072398916
                    ],
                    [
                        -0.7858932963759265,
                        1.6134651913691365,
                        -0.7552690751535681,
                        -0.3957498354492657,
                        -0.20930873979056058,
                        -0.0024419544064191085
                    ],
                    [
                        -0.14440169450901486,
                        -0.7552690751535681,
                        1.7740094560796136,
                        -0.3607331286500677,
                        0.13541754423636793,
                        0.0005332632098147268
                    ],
                    [
                        0.16513265605930683,
                        -0.3957498354492657,
                        -0.3607331286500677,
                        1.4232232856141867,
                        0.8693772823233644,
                        -0.0022945014660962176
                    ],
                    [
                        0.21093070119993695,
                        -0.20930873979056058,
                        0.13541754423636793,
                        0.8693772823233644,
                        1.8591773776358225,
                        -0.004307815067996839
                    ],
                    [
                        0.003976183072398916,
                        -0.0024419544064191085,
                        0.0005332632098147268,
                        -0.0022945014660962176,
                        -0.004307815067996839,
                        1.001941372295689
                    ]
                ]
            },
            "est_tgt": [
                5
            ],
            "oracle_est_tgt": [
                5
            ]
        },
        "obs": {
            "intv_type": "obs",
            "noise_type": "gaussian",
            "obs_noise_gamma_shape": null,
            "true_params": {
                "Si": [
                    [
                        1.0,
                        -0.7800752466167631,
                        -0.14604692170696376,
                        0.16234284405600924,
                        0.20781651182672564,
                        1.1795398175255276
                    ],
                    [
                        -0.7800752466167631,
                        1.6085173903842036,
                        -0.7571280576757783,
                        -0.3947412301879346,
                        -0.21354983172956638,
                        -0.6254595757969689
                    ],
                    [
                        -0.14604692170696376,
                        -0.7571280576757783,
                        1.7800676420193466,
                        -0.36069926874888625,
                        0.1400025110802565,
                        -1.0945317064589326
                    ],
                    [
                        0.16234284405600924,
                        -0.3947412301879346,
                        -0.36069926874888625,
                        1.4237278821104287,
                        0.8736964004388198,
                        -0.6614438388954995
                    ],
                    [
                        0.20781651182672564,
                        -0.21354983172956638,
                        0.1400025110802565,
                        0.8736964004388198,
                        1.8676347607384942,
