{
    "expt_args": {
        "save_dir": "all_expt_logs/expt_logs_sim_compsel_backward_cameraready_new_mean_largerange",
        "exp_name": "121",
        "num_nodes": 6,
        "num_tgt_prior": 7,
        "obs_noise_mean": 0.0,
        "obs_noise_var": 1.0,
        "obs_noise_gamma_shape": null,
        "noise_type": "gaussian",
        "max_edge_strength": 1.0,
        "graph_sparsity_method": "adj_dense_prop",
        "adj_dense_prop": 0.8,
        "num_parents": null,
        "new_noise_mean": 1000,
        "mix_samples": 1024,
        "stage2_samples": 1024,
        "gmm_tol": 0.001,
        "intv_type": "hard",
        "new_noise_var": 1.0,
        "dtype": "simulation",
        "cutoff_drop_ratio": 0.07,
        "intv_targets": [
            0,
            1,
            2,
            3,
            4,
            5
        ]
    },
    "intv_args_dict": {
        "0": {
            "intv_type": "hard",
            "inode": 0,
            "new_mui": 1000,
            "new_vari": 1.0,
            "noise_type": "gaussian",
            "obs_noise_gamma_shape": null,
            "true_params": {
                "Si": [
                    [
                        1.0,
                        0.9957856851906521,
                        -0.10784314773171799,
                        1.6289890769071238,
                        0.9479023509963278,
                        0.919618559318588
                    ],
                    [
                        0.9957856851906521,
                        1.9915891308306166,
                        -1.0437499774004133,
                        2.023892112694112,
                        2.3116415223506337,
                        0.4883657855275736
                    ],
                    [
                        -0.10784314773171799,
                        -1.0437499774004133,
                        1.8884026560731542,
                        -0.016232576393153453,
                        -1.885078423075817,
                        1.0729132896990825
                    ],
                    [
                        1.6289890769071238,
                        2.023892112694112,
                        -0.016232576393153453,
                        4.10193628594993,
                        1.8246557650735968,
                        2.640046008418862
                    ],
                    [
                        0.9479023509963278,
                        2.3116415223506337,
                        -1.885078423075817,
                        1.8246557650735968,
                        4.021380147606465,
                        -0.6773647227648124
                    ],
                    [
                        0.919618559318588,
                        0.4883657855275736,
                        1.0729132896990825,
                        2.640046008418862,
                        -0.6773647227648124,
                        3.7674470554241295
                    ]
                ],
                "mui": [
                    1000.0,
                    995.7856851906521,
                    -107.84314773171799,
                    1628.9890769071237,
                    947.9023509963278,
                    919.618559318588
                ],
                "Ai": [
                    [
                        0.0,
                        0.0,
                        0.0,
                        0.0,
                        0.0,
                        0.0
                    ],
                    [
                        0.9957856851906521,
                        0.0,
                        0.0,
                        0.0,
                        0.0,
                        0.0
                    ],
                    [
                        0.8245720455563483,
                        -0.9363613146432679,
                        0.0,
                        0.0,
                        0.0,
                        0.0
                    ],
                    [
                        0.7872380270767421,
                        0.9033233495463551,
                        0.5356428476109913,
                        0.0,
                        0.0,
                        0.0
                    ],
                    [
                        -0.0,
                        0.8975302561139379,
                        -0.5021605087723262,
                        -0.0,
                        0.0,
                        0.0
                    ],
                    [
                        0.0,
                        -0.0,
                        0.0,
                        0.900236761197043,
                        -0.5769131079027786,
                        0.0
                    ]
                ]
            },
            "est_params": {
                "mui": [
                    999.9497947088882,
                    995.7073755619716,
                    -107.63988168222056,
                    1629.1228059543832,
                    947.7248203380581,
                    919.9782804845446
                ],
                "Si": [
                    [
                        1.0454272549732162,
                        1.1535750612548623,
                        -0.19316984899691342,
                        1.706148523959112,
                        1.1963049764912426,
                        0.7594332742342241
                    ],
                    [
                        1.1535750612548623,
                        2.2404993182523705,
                        -0.9644100022282861,
                        2.412047250387011,
                        2.68340248246365,
                        0.6205531905623963
                    ],
                    [
                        -0.19316984899691342,
                        -0.9644100022282861,
                        1.414454932026667,
                        -0.274681706849063,
                        -1.7104125850209455,
                        0.6991537096312503
                    ],
                    [
                        1.706148523959112,
                        2.412047250387011,
                        -0.274681706849063,
                        4.207370187199141,
                        2.388189729047196,
                        2.3619196543377474
                    ],
                    [
                        1.1963049764912426,
                        2.68340248246365,
                        -1.7104125850209455,
                        2.388189729047196,
                        4.500977936134354,
                        -0.36035530810989114
                    ],
                    [
                        0.7594332742342241,
                        0.6205531905623963,
                        0.6991537096312503,
                        2.3619196543377474,
                        -0.36035530810989114,
                        3.237753402370241
                    ]
                ]
            },
            "est_tgt": [
                0,
                2
            ],
            "oracle_est_tgt": [
                0,
                2
            ]
        },
        "1": {
            "intv_type": "hard",
            "inode": 1,
            "new_mui": 1000,
            "new_vari": 1.0,
            "noise_type": "gaussian",
            "obs_noise_gamma_shape": null,
            "true_params": {
                "Si": [
                    [
                        1.0,
                        0.0,
                        0.8245720455563483,
                        1.2289141456189645,
                        -0.41406751791601365,
                        1.3451946688837646
                    ],
                    [
                        0.0,
                        1.0,
                        -0.9363613146432679,
                        0.40176810857806367,
                        1.3677339302699254,
                        -0.42737721167752696
                    ],
                    [
                        0.8245720455563483,
                        -0.9363613146432679,
                        2.5566915698734496,
                        1.1727709841472582,
                        -2.1242821500485247,
                        2.2812977696414873
                    ],
                    [
                        1.2289141456189645,
                        0.40176810857806367,
                        1.1727709841472582,
                        2.958560850569596,
                        -0.22832024068232704,
                        2.7951261775702934
                    ],
                    [
                        -0.41406751791601365,
                        1.3677339302699254,
                        -2.1242821500485247,
                        -0.22832024068232704,
                        3.294313189975227,
                        -2.1060747348213122
                    ],
                    [
                        1.3451946688837646,
                        -0.42737721167752696,
                        2.2812977696414873,
                        2.7951261775702934,
                        -2.1060747348213122,
                        4.731297457974235
                    ]
                ],
                "mui": [
                    0.0,
                    1000.0,
                    -936.3613146432679,
                    401.7681085780637,
                    1367.7339302699254,
                    -427.37721167752693
                ],
                "Ai": [
                    [
                        0.0,
                        0.0,
                        0.0,
                        0.0,
                        0.0,
                        0.0
                    ],
                    [
                        0.0,
                        0.0,
                        0.0,
                        0.0,
                        0.0,
                        0.0
                    ],
                    [
                        0.8245720455563483,
                        -0.9363613146432679,
                        0.0,
                        0.0,
                        0.0,
                        0.0
                    ],
                    [
                        0.7872380270767421,
                        0.9033233495463551,
                        0.5356428476109913,
                        0.0,
                        0.0,
                        0.0
                    ],
                    [
                        -0.0,
                        0.8975302561139379,
                        -0.5021605087723262,
                        -0.0,
                        0.0,
                        0.0
                    ],
                    [
                        0.0,
                        -0.0,
                        0.0,
                        0.900236761197043,
                        -0.5769131079027786,
                        0.0
                    ]
                ]
            },
            "est_params": {
                "mui": [
                    -0.0778079382052464,
                    1000.162824849868,
                    -936.4586425679593,
                    401.94604366382254,
                    1367.8920252471044,
                    -427.15762516277556
                ],
                "Si": [
                    [
                        1.0097132674339206,
                        0.17211894664180402,
                        0.6950975319362618,
                        1.327621564135426,
                        -0.20709259534860067,
                        1.313545819709159
                    ],
                    [
                        0.17211894664180402,
                        1.0545714163293352,
                        -0.9548592218901678,
                        0.6258308900434064,
                        1.4423095041571432,
                        -0.1176743031141499
                    ],
                    [
                        0.6950975319362618,
                        -0.9548592218901678,
                        2.6093093353776875,
                        1.0138649022050696,
                        -2.2693891714957313,
                        2.0770762065110833
                    ],
                    [
                        1.327621564135426,
                        0.6258308900434064,
                        1.0138649022050696,
                        3.196682335736262,
                        0.04215945177252162,
                        2.9109625987490326
                    ],
                    [
                        -0.20709259534860067,
                        1.4423095041571432,
                        -2.2693891714957313,
                        0.04215945177252162,
                        3.582100096753852,
                        -1.7378351886183407
                    ],
                    [
                        1.313545819709159,
                        -0.1176743031141499,
                        2.0770762065110833,
                        2.9109625987490326,
                        -1.7378351886183407,
                        4.652983121100619
                    ]
                ]
            },
            "est_tgt": [
                1,
                2,
                3,
                4
            ],
            "oracle_est_tgt": [
                1,
                2,
                3,
                4
            ]
        },
        "2": {
            "intv_type": "hard",
            "inode": 2,
            "new_mui": 1000,
            "new_vari": 1.0,
            "noise_type": "gaussian",
            "obs_noise_gamma_shape": null,
            "true_params": {
                "Si": [
                    [
                        1.0,
                        0.9957856851906521,
                        0.0,
                        1.6867544876534741,
                        0.8937477810637592,
                        1.0028635868450357
                    ],
                    [
                        0.9957856851906521,
                        1.9915891308306166,
                        0.0,
                        2.5829693227827772,
                        1.7875115026681383,
                        1.2940451209970452
                    ],
                    [
                        0.0,
                        0.0,
                        1.0,
                        0.5356428476109913,
                        -0.5021605087723262,
                        0.7719083620735634
                    ],
                    [
                        1.6867544876534741,
                        2.5829693227827772,
                        0.5356428476109913,
                        4.948047035651593,
                        2.049314432935078,
                        3.2721374790510227
                    ],
                    [
                        0.8937477810637592,
                        1.7875115026681383,
                        -0.5021605087723262,
                        2.049314432935078,
                        2.8565108333668254,
                        0.1969096451442176
                    ],
                    [
                        1.0028635868450357,
                        1.2940451209970452,
                        0.7719083620735634,
                        3.2721374790510227,
                        0.1969096451442176,
                        3.8320986909761663
                    ]
                ],
                "mui": [
                    0.0,
                    0.0,
                    1000.0,
                    535.6428476109913,
                    -502.1605087723262,
                    771.9083620735634
                ],
                "Ai": [
                    [
                        0.0,
                        0.0,
                        0.0,
                        0.0,
                        0.0,
                        0.0
                    ],
                    [
                        0.9957856851906521,
                        0.0,
                        0.0,
                        0.0,
                        0.0,
                        0.0
                    ],
                    [
                        0.0,
                        0.0,
                        0.0,
                        0.0,
                        0.0,
                        0.0
                    ],
                    [
                        0.7872380270767421,
                        0.9033233495463551,
                        0.5356428476109913,
                        0.0,
                        0.0,
                        0.0
                    ],
                    [
                        -0.0,
                        0.8975302561139379,
                        -0.5021605087723262,
                        -0.0,
                        0.0,
                        0.0
                    ],
                    [
                        0.0,
                        -0.0,
                        0.0,
                        0.900236761197043,
                        -0.5769131079027786,
                        0.0
                    ]
                ]
            },
            "est_params": {
                "mui": [
                    -0.06661043212257113,
                    0.019067466615164425,
                    1000.1429850910934,
                    535.6736875978016,
                    -502.2103558507493,
                    772.0899443504169
                ],
                "Si": [
                    [
                        0.9844710424340862,
                        0.8737762483156971,
                        -0.06491289024537371,
                        1.5068604307224704,
                        0.9325898995726124,
                        0.9065068020809351
                    ],
                    [
                        0.8737762483156971,
                        1.6251821343433943,
                        0.029988919654360593,
                        2.1583708813992186,
                        1.70936743983418,
                        0.8576870360408566
                    ],
                    [
                        -0.06491289024537371,
                        0.029988919654360593,
                        0.9748629228864768,
                        0.47641175426294974,
                        -0.28833414605265695,
                        0.559479419761288
                    ],
                    [
                        1.5068604307224704,
                        2.1583708813992186,
                        0.47641175426294974,
                        4.455696536168502,
                        2.225024766581055,
                        2.536065569629492
                    ],
                    [
                        0.9325898995726124,
                        1.70936743983418,
                        -0.28833414605265695,
                        2.225024766581055,
                        2.816707414413367,
                        0.3100253657659293
                    ],
                    [
                        0.9065068020809351,
                        0.8576870360408566,
                        0.559479419761288,
                        2.536065569629492,
                        0.3100253657659293,
                        3.014734423936947
                    ]
                ]
            },
            "est_tgt": [
                1,
                2,
                3,
                4
            ],
            "oracle_est_tgt": [
                2,
                3,
                4
            ]
        },
        "3": {
            "intv_type": "hard",
            "inode": 3,
            "new_mui": 1000,
            "new_vari": 1.0,
            "noise_type": "gaussian",
            "obs_noise_gamma_shape": null,
            "true_params": {
                "Si": [
                    [
                        1.0,
                        0.9957856851906521,
                        -0.10784314773171799,
                        0.0,
                        0.9479023509963278,
                        -0.546857291301642
                    ],
                    [
                        0.9957856851906521,
                        1.9915891308306166,
                        -1.0437499774004133,
                        0.0,
                        2.3116415223506337,
                        -1.3336162950164145
                    ],
                    [
                        -0.10784314773171799,
                        -1.0437499774004133,
                        1.8884026560731542,
                        0.0,
                        -1.885078423075817,
                        1.0875264516971386
                    ],
                    [
                        0.0,
                        0.0,
                        0.0,
                        1.0,
                        0.0,
                        0.900236761197043
                    ],
                    [
                        0.9479023509963278,
                        2.3116415223506337,
                        -1.885078423075817,
                        0.0,
                        4.021380147606465,
                        -2.3199869190141795
                    ],
                    [
                        -0.546857291301642,
                        -1.3336162950164145,
                        1.0875264516971386,
                        0.900236761197043,
                        -2.3199869190141795,
                        3.148857089952804
                    ]
                ],
                "mui": [
                    0.0,
                    0.0,
                    0.0,
                    1000.0,
                    0.0,
                    900.2367611970429
                ],
                "Ai": [
                    [
                        0.0,
                        0.0,
                        0.0,
                        0.0,
                        0.0,
                        0.0
                    ],
                    [
                        0.9957856851906521,
                        0.0,
                        0.0,
                        0.0,
                        0.0,
                        0.0
                    ],
                    [
                        0.8245720455563483,
                        -0.9363613146432679,
                        0.0,
                        0.0,
                        0.0,
                        0.0
                    ],
                    [
                        0.0,
                        0.0,
                        0.0,
                        0.0,
                        0.0,
                        0.0
                    ],
                    [
                        -0.0,
                        0.8975302561139379,
                        -0.5021605087723262,
                        -0.0,
                        0.0,
                        0.0
                    ],
                    [
                        0.0,
                        -0.0,
                        0.0,
                        0.900236761197043,
                        -0.5769131079027786,
                        0.0
                    ]
                ]
            },
            "est_params": {
                "mui": [
                    -0.17216130987639822,
                    -0.14149249861338997,
                    0.07085849803574966,
                    999.9641024979754,
                    -0.13066352305153167,
                    900.180197469561
                ],
                "Si": [
                    [
                        0.9098551095168464,
                        0.8718914301741717,
                        -0.04082838097794338,
                        -0.03307671035222308,
                        0.718945592050764,
                        -0.41273383373858274
                    ],
                    [
                        0.8718914301741717,
                        2.0362232028062595,
                        -1.099244445247884,
                        0.15777965443513997,
                        2.303306582692546,
                        -1.2685326220239859
                    ],
                    [
                        -0.04082838097794338,
                        -1.099244445247884,
                        1.7600385796703557,
                        -0.1918786855826139,
                        -1.9492139337428822,
                        0.9112232949307691
                    ],
                    [
                        -0.03307671035222308,
                        0.15777965443513997,
                        -0.1918786855826139,
                        0.916304087334256,
                        0.1696767894378131,
                        0.7647800936815304
                    ],
                    [
                        0.718945592050764,
                        2.303306582692546,
                        -1.9492139337428822,
                        0.1696767894378131,
                        4.015325281999242,
                        -2.225040453841976
                    ],
                    [
                        -0.41273383373858274,
                        -1.2685326220239859,
                        0.9112232949307691,
                        0.7647800936815304,
                        -2.225040453841976,
                        3.061799170985542
                    ]
                ]
            },
            "est_tgt": [
                1,
                3,
                4
            ],
            "oracle_est_tgt": [
                1,
                3,
                4
            ]
        },
        "4": {
            "intv_type": "hard",
            "inode": 4,
            "new_mui": 1000,
            "new_vari": 1.0,
            "noise_type": "gaussian",
            "obs_noise_gamma_shape": null,
            "true_params": {
                "Si": [
                    [
                        1.0,
                        0.9957856851906521,
                        -0.10784314773171799,
                        1.6289890769071238,
                        0.0,
                        1.46647585062023
                    ],
                    [
                        0.9957856851906521,
                        1.9915891308306166,
                        -1.0437499774004133,
                        2.023892112694112,
                        0.0,
                        1.8219820805439881
                    ],
                    [
                        -0.10784314773171799,
                        -1.0437499774004133,
                        1.8884026560731542,
                        -0.016232576393153453,
                        0.0,
                        -0.014613161998056012
                    ],
                    [
                        1.6289890769071238,
                        2.023892112694112,
                        -0.016232576393153453,
                        4.10193628594993,
                        0.0,
                        3.692713836700192
                    ],
                    [
                        0.0,
                        0.0,
                        0.0,
                        0.0,
                        1.0,
                        -0.5769131079027786
                    ],
                    [
                        1.46647585062023,
                        1.8219820805439881,
                        -0.014613161998056012,
                        3.692713836700192,
                        -0.5769131079027786,
                        4.65714547844853
                    ]
                ],
                "mui": [
                    0.0,
                    0.0,
                    0.0,
                    0.0,
                    1000.0,
                    -576.9131079027786
                ],
                "Ai": [
                    [
                        0.0,
                        0.0,
                        0.0,
                        0.0,
                        0.0,
                        0.0
                    ],
                    [
                        0.9957856851906521,
                        0.0,
                        0.0,
                        0.0,
                        0.0,
                        0.0
                    ],
                    [
                        0.8245720455563483,
                        -0.9363613146432679,
                        0.0,
                        0.0,
                        0.0,
                        0.0
                    ],
                    [
                        0.7872380270767421,
                        0.9033233495463551,
                        0.5356428476109913,
                        0.0,
                        0.0,
                        0.0
                    ],
                    [
                        0.0,
                        0.0,
                        0.0,
                        0.0,
                        0.0,
                        0.0
                    ],
                    [
                        0.0,
                        -0.0,
                        0.0,
                        0.900236761197043,
                        -0.5769131079027786,
                        0.0
                    ]
                ]
            },
            "est_params": {
                "mui": [
                    0.08647347316525728,
                    0.014281810438204978,
                    0.16004015468808175,
                    0.19641253884818838,
                    1000.1661524897423,
                    -576.9432651132747
                ],
                "Si": [
                    [
                        1.1272854595572794,
                        1.2162586469671282,
                        -0.22364198863546164,
                        1.866684930432493,
                        0.053427911266243515,
                        1.7524252500478295
                    ],
                    [
                        1.2162586469671282,
                        2.247944875029571,
                        -0.9489123177739869,
                        2.6155884081824885,
                        0.21695613938120173,
                        2.354419615073384
                    ],
                    [
                        -0.22364198863546164,
                        -0.9489123177739869,
                        1.5226782908215282,
                        -0.2782575050426643,
                        0.057392877329191384,
                        -0.3189568720222433
                    ],
                    [
                        1.866684930432493,
                        2.6155884081824885,
                        -0.2782575050426643,
                        4.735269946537439,
                        0.23021447952345334,
                        4.401656519223954
                    ],
                    [
                        0.053427911266243515,
                        0.21695613938120173,
                        0.057392877329191384,
                        0.23021447952345334,
                        0.8890293470194897,
                        -0.42029696875718064
                    ],
                    [
                        1.7524252500478295,
                        2.354419615073384,
                        -0.3189568720222433,
                        4.401656519223954,
                        -0.42029696875718064,
                        5.369142162944386
                    ]
                ]
            },
            "est_tgt": [
                1,
                4
            ],
            "oracle_est_tgt": [
                1,
                4
            ]
        },
        "5": {
            "intv_type": "hard",
            "inode": 5,
            "new_mui": 1000,
            "new_vari": 1.0,
            "noise_type": "gaussian",
            "obs_noise_gamma_shape": null,
            "true_params": {
                "Si": [
                    [
                        1.0,
                        0.9957856851906521,
                        -0.10784314773171799,
                        1.6289890769071238,
                        0.9479023509963278,
                        0.0
                    ],
                    [
                        0.9957856851906521,
                        1.9915891308306166,
                        -1.0437499774004133,
                        2.023892112694112,
                        2.3116415223506337,
                        0.0
                    ],
                    [
                        -0.10784314773171799,
                        -1.0437499774004133,
                        1.8884026560731542,
                        -0.016232576393153453,
                        -1.885078423075817,
                        0.0
                    ],
                    [
                        1.6289890769071238,
                        2.023892112694112,
                        -0.016232576393153453,
                        4.10193628594993,
                        1.8246557650735968,
                        0.0
                    ],
                    [
                        0.9479023509963278,
                        2.3116415223506337,
                        -1.885078423075817,
                        1.8246557650735968,
                        4.021380147606465,
                        0.0
                    ],
                    [
                        0.0,
                        0.0,
                        0.0,
                        0.0,
                        0.0,
                        1.0
                    ]
                ],
                "mui": [
                    0.0,
                    0.0,
                    0.0,
                    0.0,
                    0.0,
                    1000.0
                ],
                "Ai": [
                    [
                        0.0,
                        0.0,
                        0.0,
                        0.0,
                        0.0,
                        0.0
                    ],
                    [
                        0.9957856851906521,
                        0.0,
                        0.0,
                        0.0,
                        0.0,
                        0.0
                    ],
                    [
                        0.8245720455563483,
                        -0.9363613146432679,
                        0.0,
                        0.0,
                        0.0,
                        0.0
                    ],
                    [
                        0.7872380270767421,
                        0.9033233495463551,
                        0.5356428476109913,
                        0.0,
                        0.0,
                        0.0
                    ],
                    [
                        -0.0,
                        0.8975302561139379,
                        -0.5021605087723262,
                        -0.0,
                        0.0,
                        0.0
                    ],
                    [
                        0.0,
                        0.0,
                        0.0,
                        0.0,
                        0.0,
                        0.0
                    ]
                ]
            },
            "est_params": {
                "mui": [
                    0.05690029056537625,
                    -0.08729916222247171,
                    0.13588580031182632,
                    0.11011940506083459,
                    -0.23933517720221856,
                    1000.1131515666864
                ],
                "Si": [
                    [
                        0.9834609647703303,
                        1.0202888723019097,
                        -0.18293928257645875,
                        1.6619073162045588,
                        1.1103711121446205,
                        -0.003981623264773715
                    ],
                    [
                        1.0202888723019097,
                        2.135535193757443,
                        -1.2078058872307535,
                        2.218097349369846,
                        2.728844499780471,
                        0.0381192458929951
                    ],
                    [
                        -0.18293928257645875,
                        -1.2078058872307535,
                        2.3783184348128406,
                        0.026365145454483624,
                        -2.5654307600032356,
                        -0.13397308271769
                    ],
                    [
                        1.6619073162045588,
                        2.218097349369846,
                        0.026365145454483624,
                        4.628492550374395,
                        2.0471618600582575,
                        0.005894571692828406
                    ],
                    [
                        1.1103711121446205,
                        2.728844499780471,
                        -2.5654307600032356,
                        2.0471618600582575,
                        4.985178308044573,
                        0.07537708468700134
                    ],
                    [
                        -0.003981623264773715,
                        0.0381192458929951,
                        -0.13397308271769,
                        0.005894571692828406,
                        0.07537708468700134,
                        0.7968422361018852
                    ]
                ]
            },
            "est_tgt": [
                5
            ],
            "oracle_est_tgt": [
                5
            ]
        },
        "obs": {
            "intv_type": "obs",
            "noise_type": "gaussian",
            "obs_noise_gamma_shape": null,
            "true_params": {
                "Si": [
                    [
                        1.0,
                        0.9957856851906521,
                        -0.10784314773171799,
                        1.6289890769071238,
                        0.9479023509963278,
                        0.919618559318588
                    ],
                    [
                        0.9957856851906521,
                        1.9915891308306166,
                        -1.0437499774004133,
                        2.023892112694112,
                        2.3116415223506337,
                        0.4883657855275736
                    ],
                    [
                        -0.10784314773171799,
                        -1.0437499774004133,
                        1.8884026560731542,
                        -0.016232576393153453,
                        -1.885078423075817,
                        1.0729132896990825
                    ],
                    [
                        1.6289890769071238,
                        2.023892112694112,
                        -0.016232576393153453,
                        4.10193628594993,
                        1.8246557650735968,
                        2.640046008418862
                    ],
                    [
                        0.9479023509963278,
                        2.3116415223506337,
                        -1.885078423075817,
                        1.8246557650735968,
                        4.021380147606465,
                        -0.6773647227648124
                    ],
                    [
                        0.919618559318588,
                        0.4883657855275736,
                        1.0729132896990825,
                        2.640046008418862,
                        -0.6773647227648124,
                        3.7674470554241295
                    ]
                ],
                "mui": [
