{
    "expt_args": {
        "save_dir": "all_expt_logs/expt_logs_sim_compsel_backward_cameraready_new_mean_largerange",
        "exp_name": "358",
        "num_nodes": 6,
        "num_tgt_prior": 7,
        "obs_noise_mean": 0.0,
        "obs_noise_var": 1.0,
        "obs_noise_gamma_shape": null,
        "noise_type": "gaussian",
        "max_edge_strength": 1.0,
        "graph_sparsity_method": "adj_dense_prop",
        "adj_dense_prop": 0.8,
        "num_parents": null,
        "new_noise_mean": 1.0,
        "mix_samples": 65536,
        "stage2_samples": 65536,
        "gmm_tol": 0.001,
        "intv_type": "hard",
        "new_noise_var": 1.0,
        "dtype": "simulation",
        "cutoff_drop_ratio": 0.07,
        "intv_targets": [
            0,
            1,
            2,
            3,
            4,
            5
        ]
    },
    "intv_args_dict": {
        "0": {
            "intv_type": "hard",
            "inode": 0,
            "new_mui": 1.0,
            "new_vari": 1.0,
            "noise_type": "gaussian",
            "obs_noise_gamma_shape": null,
            "true_params": {
                "Si": [
                    [
                        1.0,
                        0.9079937163683166,
                        0.8274842010561839,
                        -0.14508378500689356,
                        -0.029859619469451367,
                        0.4059646185286424
                    ],
                    [
                        0.9079937163683166,
                        1.824452588964347,
                        1.6626829742637286,
                        -1.1284477031037714,
                        0.7571810667854456,
                        2.688861452187777
                    ],
                    [
                        0.8274842010561839,
                        1.6626829742637286,
                        2.5152570637507,
                        -1.0283910881798841,
                        0.6900437291679108,
                        2.952854282076668
                    ],
                    [
                        -0.14508378500689356,
                        -1.1284477031037714,
                        -1.0283910881798841,
                        2.014485188019682,
                        -0.7773829322081078,
                        -2.9307494487346926
                    ],
                    [
                        -0.029859619469451367,
                        0.7571810667854456,
                        0.6900437291679108,
                        -0.7773829322081078,
                        1.6160077555490138,
                        2.806436149848117
                    ],
                    [
                        0.4059646185286424,
                        2.688861452187777,
                        2.952854282076668,
                        -2.9307494487346926,
                        2.806436149848117,
                        8.111117205139847
                    ]
                ],
                "mui": [
                    1.0,
                    0.9079937163683166,
                    0.8274842010561839,
                    -0.14508378500689356,
                    -0.029859619469451367,
                    0.4059646185286424
                ],
                "Ai": [
                    [
                        0.0,
                        0.0,
                        0.0,
                        0.0,
                        0.0,
                        0.0
                    ],
                    [
                        0.9079937163683166,
                        0.0,
                        0.0,
                        0.0,
                        0.0,
                        0.0
                    ],
                    [
                        -0.0,
                        0.9113325193106568,
                        0.0,
                        0.0,
                        0.0,
                        0.0
                    ],
                    [
                        0.7599249364959105,
                        -0.9967125379705803,
                        0.0,
                        0.0,
                        0.0,
                        0.0
                    ],
                    [
                        -0.741993110840774,
                        0.7842934136368565,
                        -0.0,
                        0.0,
                        0.0,
                        0.0
                    ],
                    [
                        -0.5347283804523033,
                        0.5216417754106655,
                        0.5024074007770696,
                        -0.5592301634283179,
                        0.9988027729085657,
                        0.0
                    ]
                ]
            },
            "oracle_est_tgt": [
                0
            ]
        },
        "1": {
            "intv_type": "hard",
            "inode": 1,
            "new_mui": 1.0,
            "new_vari": 1.0,
            "noise_type": "gaussian",
            "obs_noise_gamma_shape": null,
            "true_params": {
                "Si": [
                    [
                        1.0,
                        0.0,
                        0.0,
                        0.7599249364959105,
                        -0.741993110840774,
                        -1.7008061034689832
                    ],
                    [
                        0.0,
                        1.0,
                        0.9113325193106568,
                        -0.9967125379705803,
                        0.7842934136368565,
                        2.3202481294959094
                    ],
                    [
                        0.0,
                        0.9113325193106568,
                        1.8305269607531087,
                        -0.9083365482572477,
                        0.7147520925284314,
                        2.616924974056416
                    ],
                    [
                        0.7599249364959105,
                        -0.9967125379705803,
                        -0.9083365482572477,
                        2.570921792456069,
                        -1.3455741464556796,
                        -4.164335535470201
                    ],
                    [
                        -0.741993110840774,
                        0.7842934136368565,
                        0.7147520925284314,
                        -1.3455741464556796,
                        2.1656699352093223,
                        4.08054451052537
                    ],
                    [
                        -1.7008061034689832,
                        2.3202481294959094,
                        2.616924974056416,
                        -4.164335535470201,
                        4.08054451052537,
                        10.839051335240086
                    ]
                ],
                "mui": [
                    0.0,
                    1.0,
                    0.9113325193106568,
                    -0.9967125379705803,
                    0.7842934136368565,
                    2.3202481294959094
                ],
                "Ai": [
                    [
                        0.0,
                        0.0,
                        0.0,
                        0.0,
                        0.0,
                        0.0
                    ],
                    [
                        0.0,
                        0.0,
                        0.0,
                        0.0,
                        0.0,
                        0.0
                    ],
                    [
                        -0.0,
                        0.9113325193106568,
                        0.0,
                        0.0,
                        0.0,
                        0.0
                    ],
                    [
                        0.7599249364959105,
                        -0.9967125379705803,
                        0.0,
                        0.0,
                        0.0,
                        0.0
                    ],
                    [
                        -0.741993110840774,
                        0.7842934136368565,
                        -0.0,
                        0.0,
                        0.0,
                        0.0
                    ],
                    [
                        -0.5347283804523033,
                        0.5216417754106655,
                        0.5024074007770696,
                        -0.5592301634283179,
                        0.9988027729085657,
                        0.0
                    ]
                ]
            },
            "oracle_est_tgt": [
                1,
                4
            ]
        },
        "2": {
            "intv_type": "hard",
            "inode": 2,
            "new_mui": 1.0,
            "new_vari": 1.0,
            "noise_type": "gaussian",
            "obs_noise_gamma_shape": null,
            "true_params": {
                "Si": [
                    [
                        1.0,
                        0.9079937163683166,
                        0.0,
                        -0.14508378500689356,
                        -0.029859619469451367,
                        -0.009769568108085006
                    ],
                    [
                        0.9079937163683166,
                        1.824452588964347,
                        0.0,
                        -1.1284477031037714,
                        0.7571810667854456,
                        1.8535172207716502
                    ],
                    [
                        0.0,
                        0.0,
                        1.0,
                        0.0,
                        0.0,
                        0.5024074007770696
                    ],
                    [
                        -0.14508378500689356,
                        -1.1284477031037714,
                        0.0,
                        2.014485188019682,
                        -0.7773829322081078,
                        -2.4140781551399346
                    ],
                    [
                        -0.029859619469451367,
                        0.7571810667854456,
                        0.0,
                        -0.7773829322081078,
                        1.6160077555490138,
                        2.4597530734543507
                    ],
                    [
                        -0.009769568108085006,
                        1.8535172207716502,
                        0.5024074007770696,
                        -2.4140781551399346,
                        2.4597530734543507,
                        6.031342787149502
                    ]
                ],
                "mui": [
                    0.0,
                    0.0,
                    1.0,
                    0.0,
                    0.0,
                    0.5024074007770696
                ],
                "Ai": [
                    [
                        0.0,
                        0.0,
                        0.0,
                        0.0,
                        0.0,
                        0.0
                    ],
                    [
                        0.9079937163683166,
                        0.0,
                        0.0,
                        0.0,
                        0.0,
                        0.0
                    ],
                    [
                        0.0,
                        0.0,
                        0.0,
                        0.0,
                        0.0,
                        0.0
                    ],
                    [
                        0.7599249364959105,
                        -0.9967125379705803,
                        0.0,
                        0.0,
                        0.0,
                        0.0
                    ],
                    [
                        -0.741993110840774,
                        0.7842934136368565,
                        -0.0,
                        0.0,
                        0.0,
                        0.0
                    ],
                    [
                        -0.5347283804523033,
                        0.5216417754106655,
                        0.5024074007770696,
                        -0.5592301634283179,
                        0.9988027729085657,
                        0.0
                    ]
                ]
            },
            "oracle_est_tgt": [
                2
            ]
        },
        "3": {
            "intv_type": "hard",
            "inode": 3,
            "new_mui": 1.0,
            "new_vari": 1.0,
            "noise_type": "gaussian",
            "obs_noise_gamma_shape": null,
            "true_params": {
                "Si": [
                    [
                        1.0,
                        0.9079937163683166,
                        0.8274842010561839,
                        0.0,
                        -0.029859619469451367,
                        0.3248293897284384
                    ],
                    [
                        0.9079937163683166,
                        1.824452588964347,
                        1.6626829742637286,
                        0.0,
                        0.7571810667854456,
                        2.057799458760745
                    ],
                    [
                        0.8274842010561839,
                        1.6626829742637286,
                        2.5152570637507,
                        0.0,
                        0.6900437291679108,
                        2.3777469657656054
                    ],
                    [
                        0.0,
                        0.0,
                        0.0,
                        1.0,
                        0.0,
                        -0.5592301634283179
                    ],
                    [
                        -0.029859619469451367,
                        0.7571810667854456,
                        0.6900437291679108,
                        0.0,
                        1.6160077555490138,
                        2.371700165622992
                    ],
                    [
                        0.3248293897284384,
                        2.057799458760745,
                        2.3777469657656054,
                        -0.5592301634283179,
                        2.371700165622992,
                        5.775935420010137
                    ]
                ],
                "mui": [
                    0.0,
                    0.0,
                    0.0,
                    1.0,
                    0.0,
                    -0.5592301634283179
                ],
                "Ai": [
                    [
                        0.0,
                        0.0,
                        0.0,
                        0.0,
                        0.0,
                        0.0
                    ],
                    [
                        0.9079937163683166,
                        0.0,
                        0.0,
                        0.0,
                        0.0,
                        0.0
                    ],
                    [
                        -0.0,
                        0.9113325193106568,
                        0.0,
                        0.0,
                        0.0,
                        0.0
                    ],
                    [
                        0.0,
                        0.0,
                        0.0,
                        0.0,
                        0.0,
                        0.0
                    ],
                    [
                        -0.741993110840774,
                        0.7842934136368565,
                        -0.0,
                        0.0,
                        0.0,
                        0.0
                    ],
                    [
                        -0.5347283804523033,
                        0.5216417754106655,
                        0.5024074007770696,
                        -0.5592301634283179,
                        0.9988027729085657,
                        0.0
                    ]
                ]
            },
            "oracle_est_tgt": [
                3
            ]
        },
        "4": {
            "intv_type": "hard",
            "inode": 4,
            "new_mui": 1.0,
            "new_vari": 1.0,
            "noise_type": "gaussian",
            "obs_noise_gamma_shape": null,
            "true_params": {
                "Si": [
                    [
                        1.0,
                        0.9079937163683166,
                        0.8274842010561839,
                        -0.14508378500689356,
                        0.0,
                        0.435788489252725
                    ],
                    [
                        0.9079937163683166,
                        1.824452588964347,
                        1.6626829742637286,
                        -1.1284477031037714,
                        0.0,
                        1.9325869030886083
                    ],
                    [
                        0.8274842010561839,
                        1.6626829742637286,
                        2.5152570637507,
                        -1.0283910881798841,
                        0.0,
                        2.2636366919555915
                    ],
                    [
                        -0.14508378500689356,
                        -1.1284477031037714,
                        -1.0283910881798841,
                        2.014485188019682,
                        0.0,
                        -2.1542972204334427
                    ],
                    [
                        0.0,
                        0.0,
                        0.0,
                        0.0,
                        1.0,
                        0.9988027729085657
                    ],
                    [
                        0.435788489252725,
                        1.9325869030886083,
                        2.2636366919555915,
                        -2.1542972204334427,
                        0.9988027729085657,
                        5.114712382719693
                    ]
                ],
                "mui": [
                    0.0,
                    0.0,
                    0.0,
                    0.0,
                    1.0,
                    0.9988027729085657
                ],
                "Ai": [
                    [
                        0.0,
                        0.0,
                        0.0,
                        0.0,
                        0.0,
                        0.0
                    ],
                    [
                        0.9079937163683166,
                        0.0,
                        0.0,
                        0.0,
                        0.0,
                        0.0
                    ],
                    [
                        -0.0,
                        0.9113325193106568,
                        0.0,
                        0.0,
                        0.0,
                        0.0
                    ],
                    [
                        0.7599249364959105,
                        -0.9967125379705803,
                        0.0,
                        0.0,
                        0.0,
                        0.0
                    ],
                    [
                        0.0,
                        0.0,
                        0.0,
                        0.0,
                        0.0,
                        0.0
                    ],
                    [
                        -0.5347283804523033,
                        0.5216417754106655,
                        0.5024074007770696,
                        -0.5592301634283179,
                        0.9988027729085657,
                        0.0
                    ]
                ]
            },
            "oracle_est_tgt": [
                1,
                4
            ]
        },
        "5": {
            "intv_type": "hard",
            "inode": 5,
            "new_mui": 1.0,
            "new_vari": 1.0,
            "noise_type": "gaussian",
            "obs_noise_gamma_shape": null,
            "true_params": {
                "Si": [
                    [
                        1.0,
                        0.9079937163683166,
                        0.8274842010561839,
                        -0.14508378500689356,
                        -0.029859619469451367,
                        0.0
                    ],
                    [
                        0.9079937163683166,
                        1.824452588964347,
                        1.6626829742637286,
                        -1.1284477031037714,
                        0.7571810667854456,
                        0.0
                    ],
                    [
                        0.8274842010561839,
                        1.6626829742637286,
                        2.5152570637507,
                        -1.0283910881798841,
                        0.6900437291679108,
                        0.0
                    ],
                    [
                        -0.14508378500689356,
                        -1.1284477031037714,
                        -1.0283910881798841,
                        2.014485188019682,
                        -0.7773829322081078,
                        0.0
                    ],
                    [
                        -0.029859619469451367,
                        0.7571810667854456,
                        0.6900437291679108,
                        -0.7773829322081078,
                        1.6160077555490138,
                        0.0
                    ],
                    [
                        0.0,
                        0.0,
                        0.0,
                        0.0,
                        0.0,
                        1.0
                    ]
                ],
                "mui": [
                    0.0,
                    0.0,
                    0.0,
                    0.0,
                    0.0,
                    1.0
                ],
                "Ai": [
                    [
                        0.0,
                        0.0,
                        0.0,
                        0.0,
                        0.0,
                        0.0
                    ],
                    [
                        0.9079937163683166,
                        0.0,
                        0.0,
                        0.0,
                        0.0,
                        0.0
                    ],
                    [
                        -0.0,
                        0.9113325193106568,
                        0.0,
                        0.0,
                        0.0,
                        0.0
                    ],
                    [
                        0.7599249364959105,
                        -0.9967125379705803,
                        0.0,
                        0.0,
                        0.0,
                        0.0
                    ],
                    [
                        -0.741993110840774,
                        0.7842934136368565,
                        -0.0,
                        0.0,
                        0.0,
                        0.0
                    ],
                    [
                        0.0,
                        0.0,
                        0.0,
                        0.0,
                        0.0,
                        0.0
                    ]
                ]
            },
            "oracle_est_tgt": [
                5
            ]
        },
        "obs": {
            "intv_type": "obs",
            "noise_type": "gaussian",
            "obs_noise_gamma_shape": null,
            "true_params": {
                "Si": [
                    [
                        1.0,
                        0.9079937163683166,
                        0.8274842010561839,
                        -0.14508378500689356,
                        -0.029859619469451367,
                        0.4059646185286424
                    ],
                    [
                        0.9079937163683166,
                        1.824452588964347,
                        1.6626829742637286,
                        -1.1284477031037714,
                        0.7571810667854456,
                        2.688861452187777
                    ],
                    [
                        0.8274842010561839,
                        1.6626829742637286,
                        2.5152570637507,
                        -1.0283910881798841,
                        0.6900437291679108,
                        2.952854282076668
                    ],
                    [
                        -0.14508378500689356,
                        -1.1284477031037714,
                        -1.0283910881798841,
                        2.014485188019682,
                        -0.7773829322081078,
                        -2.9307494487346926
                    ],
                    [
                        -0.029859619469451367,
                        0.7571810667854456,
                        0.6900437291679108,
                        -0.7773829322081078,
                        1.6160077555490138,
                        2.806436149848117
                    ],
                    [
                        0.4059646185286424,
                        2.688861452187777,
                        2.952854282076668,
                        -2.9307494487346926,
                        2.806436149848117,
                        8.111117205139847
                    ]
                ],
                "mui": [
                    0.0,
                    0.0,
                    0.0,
                    0.0,
                    0.0,
                    0.0
                ],
                "Ai": [
                    [
                        0.0,
                        0.0,
                        0.0,
                        0.0,
                        0.0,
                        0.0
                    ],
                    [
                        0.9079937163683166,
                        0.0,
                        0.0,
                        0.0,
                        0.0,
                        0.0
                    ],
                    [
                        -0.0,
                        0.9113325193106568,
                        0.0,
                        0.0,
                        0.0,
                        0.0
                    ],
                    [
                        0.7599249364959105,
                        -0.9967125379705803,
                        0.0,
                        0.0,
                        0.0,
                        0.0
                    ],
                    [
                        -0.741993110840774,
                        0.7842934136368565,
                        -0.0,
                        0.0,
                        0.0,
                        0.0
                    ],
                    [
                        -0.5347283804523033,
                        0.5216417754106655,
                        0.5024074007770696,
                        -0.5592301634283179,
                        0.9988027729085657,
                        0.0
                    ]
                ]
            },
            "est_params": {
                "mui": [
                    0.14400842642857833,
                    0.2750846227917654,
                    0.3955502962941798,
                    -0.01756082673109046,
                    0.25399238485805553,
                    0.6691388656851187
                ],
                "Si": [
                    [
                        1.1244668001560878,
                        0.8582099101923392,
                        0.6460472153097129,
                        -0.001965883815629484,
                        -0.1723388080673895,
                        -0.08318257133611578
                    ],
                    [
                        0.8582099101923392,
                        1.8722563483455497,
                        1.4339021728319545,
                        -1.0983564802517638,
                        0.6927097620373341,
                        2.1111371449823224
                    ],
                    [
                        0.6460472153097129,
                        1.4339021728319545,
                        2.3941235059781887,
                        -0.8524151726532545,
                        0.4908905828503494,
                        2.09251417528399
                    ],
                    [
                        -0.001965883815629484,
                        -1.0983564802517638,
                        -0.8524151726532545,
                        2.245787755544227,
                        -0.7486827594888313,
                        -2.584756316350572
                    ],
                    [
                        -0.1723388080673895,
                        0.6927097620373341,
                        0.4908905828503494,
                        -0.7486827594888313,
                        1.7834470809433869,
                        2.457088875762662
                    ],
                    [
                        -0.08318257133611578,
                        2.1111371449823224,
                        2.09251417528399,
                        -2.584756316350572,
                        2.457088875762662,
                        7.124588634832959
                    ]
                ]
            },
            "est_tgt": [
                0,
                1,
                2,
                3,
                4,
                5
            ],
            "oracle_est_tgt": [
                0,
                1,
                2,
                3,
                4,
                5
            ]
        }
    },
    "metric_dict": {
        "param_est_rel_err": 11.16709491460335,
        "est_num_comp": 1,
        "weight_precision_error": 0.0,
        "gm_score_dict": {
            "1": -9.338469188260868,
            "2": -9.182373370747637,
            "3": -9.138606308586018,
            "4": -9.125109787555093,
            "5": -9.123132591707474,
            "6": -9.110658008987063,
            "7": -9.12011573607254
        },
        "est_dag": {
            "amat": [
                [
                    0,
                    1,
                    0,
                    1,
                    0,
                    1
                ],
                [
                    0,
                    0,
                    1,
                    1,
                    0,
                    1
                ],
                [
                    0,
                    0,
                    0,
                    0,
                    0,
                    1
                ],
                [
                    0,
                    0,
                    0,
                    0,
                    0,
                    1
                ],
                [
                    0,
                    1,
                    0,
                    0,
                    0,
                    1
                ],
                [
                    0,
                    0,
                    0,
                    0,
                    0,
                    0
                ]
            ],
            "nodes": [
                0,
                1,
                2,
                3,
                4,
                5
            ]
        },
        "oracle_est_dag": {
            "amat": [
                [
                    0,
                    1,
                    0,
                    1,
                    0,
                    1
                ],
                [
                    0,
                    0,
                    1,
                    1,
                    0,
                    1
                ],
                [
                    0,
                    0,
                    0,
                    0,
                    0,
                    1
                ],
                [
                    0,
                    0,
                    0,
                    0,
                    0,
                    1
                ],
                [
                    0,
                    1,
                    0,
                    0,
                    0,
                    1
                ],
                [
                    0,
                    0,
                    0,
                    0,
                    0,
                    0
                ]
            ],
            "nodes": [
                0,
                1,
                2,
                3,
                4,
                5
            ]
        },
        "igsp_dag": null,
        "intv_base_est_dag": null,
        "act_dag": {
            "amat": [
                [
                    0,
                    1,
                    0,
                    1,
                    1,
                    1
                ],
                [
                    0,
                    0,
                    1,
                    1,
                    1,
                    1
                ],
                [
                    0,
                    0,
                    0,
                    0,
                    0,
                    1
                ],
                [
                    0,
                    0,
                    0,
                    0,
                    0,
                    1
                ],
                [
                    0,
                    0,
                    0,
                    0,
                    0,
                    1
                ],
                [
                    0,
                    0,
                    0,
                    0,
                    0,
                    0
                ]
            ],
            "nodes": [
                0,
                1,
                2,
                3,
                4,
                5
            ]
        },
        "shd": 2,
        "oracle_shd": 2,
        "intv_base_shd": null,
        "igsp_shd": null,
        "avg_js": 0.0,
        "avg_oracle_js": 0.7142857142857143
    }
}