{
    "expt_args": {
        "save_dir": "all_expt_logs/expt_lofs_sachs-middleout_all_obs_oracle_corr_bic",
        "dataset_path": "datasets/sachs_yuhaow.csv",
        "exp_name": "29",
        "mix_samples": 600,
        "stage2_samples": 600,
        "gmm_tol": 1000,
        "num_tgt_prior": 12,
        "cutoff_drop_ratio": 0.01,
        "dtype": "sachs",
        "num_nodes": 11
    },
    "intv_args_dict": {
        "obs": {
            "tgt_idx": null,
            "true_params": {
                "Si": [
                    [
                        2112.636119134644,
                        1295.6814305594378,
                        -8.137372060215622,
                        56.71813876268162,
                        -3.54109665539412,
                        -46.09800872762947,
                        -98.80616369668681,
                        637.7524840265795,
                        -5.466009308442725,
                        -11.865250010135583,
                        6.939936974826729
                    ],
                    [
                        1295.6814305594378,
                        1058.2623786261117,
                        19.367082495655023,
                        194.73194562465295,
                        -4.022052428409451,
                        -16.031824722165357,
                        -41.05219114216752,
                        1365.1855193425206,
                        -0.45186727051233766,
                        9.11797802989991,
                        -6.647501245504799
                    ],
                    [
                        -8.137372060215622,
                        19.367082495655023,
                        300.65446546352325,
                        851.8984702102157,
                        198.4742400006173,
                        2.5459757017740476,
                        -6.170582784713489,
                        451.8833728568319,
                        -6.590891597325771,
                        -14.774740499176483,
                        14.8328081352513
                    ],
                    [
                        56.71813876268162,
                        194.73194562465295,
                        851.8984702102157,
                        12431.0093859486,
                        1383.202969360875,
                        -21.958120118118327,
                        -89.6146451071544,
                        2855.3063123556412,
                        -50.29794342162969,
                        -68.86615245153934,
                        35.784496745899474
                    ],
                    [
                        -3.54109665539412,
                        -4.022052428409451,
                        198.4742400006173,
                        1383.202969360875,
                        1546.1074187857469,
                        -4.473934961195729,
                        -14.139876772050481,
                        -63.05032165372145,
                        -3.1987907077351867,
                        -20.339572111997985,
                        23.575897899307062
                    ],
                    [
                        -46.09800872762947,
                        -16.031824722165357,
                        2.5459757017740476,
                        -21.958120118118327,
                        -4.473934961195729,
                        4219.502768764598,
                        6010.869490022483,
                        13209.012852832924,
                        -4.241633437612685,
                        -10.35093581021157,
                        -44.39675432856769
                    ],
                    [
                        -98.80616369668681,
                        -41.05219114216752,
                        -6.170582784713489,
                        -89.6146451071544,
                        -14.139876772050481,
                        6010.869490022483,
                        8879.08528465521,
                        24237.114705590473,
                        -6.35448970577629,
                        -17.767747284936014,
                        -56.677965011841074
                    ],
                    [
                        637.7524840265795,
                        1365.1855193425206,
                        451.8833728568319,
                        2855.3063123556412,
                        -63.05032165372145,
                        13209.012852832924,
                        24237.114705590473,
                        369985.99141625466,
                        -91.36354658168402,
                        75.7672852400862,
                        -532.4333825980178
                    ],
                    [
                        -5.466009308442725,
                        -0.45186727051233766,
                        -6.590891597325771,
                        -50.29794342162969,
                        -3.1987907077351867,
                        -4.241633437612685,
                        -6.35448970577629,
                        -91.36354658168402,
                        166.4996149589217,
                        275.1721058114785,
                        180.00697948864132
                    ],
                    [
                        -11.865250010135583,
                        9.11797802989991,
                        -14.774740499176483,
                        -68.86615245153934,
                        -20.339572111997985,
                        -10.35093581021157,
                        -17.767747284936014,
                        75.7672852400862,
                        275.1721058114785,
                        707.315834785253,
                        533.8872685290763
                    ],
                    [
                        6.939936974826729,
                        -6.647501245504799,
                        14.8328081352513,
                        35.784496745899474,
                        23.575897899307062,
                        -44.39675432856769,
                        -56.677965011841074,
                        -532.4333825980178,
                        180.00697948864132,
                        533.8872685290763,
                        1857.3634897465133
                    ]
                ],
                "mui": [
                    62.119561253561244,
                    37.1014301994302,
                    23.330917378917377,
                    99.88102564102564,
                    25.655800569800565,
                    23.56193732193732,
                    44.38217663817664,
                    730.4506267806269,
                    14.947367521367521,
                    35.492444444444445,
                    40.114615384615384
                ],
                "Ai": [
                    [
                        0.0,
                        0.0,
                        0.0,
                        0.0,
                        0.0,
                        0.0,
                        0.0,
                        1.0,
                        1.0,
                        0.0,
                        0.0
                    ],
                    [
                        1.0,
                        0.0,
                        0.0,
                        0.0,
                        0.0,
                        0.0,
                        0.0,
                        1.0,
                        1.0,
                        0.0,
                        0.0
                    ],
                    [
                        0.0,
                        0.0,
                        0.0,
                        0.0,
                        1.0,
                        0.0,
                        0.0,
                        0.0,
                        0.0,
                        0.0,
                        0.0
                    ],
                    [
                        0.0,
                        0.0,
                        1.0,
                        0.0,
                        1.0,
                        0.0,
                        0.0,
                        0.0,
                        0.0,
                        0.0,
                        0.0
                    ],
                    [
                        0.0,
                        0.0,
                        0.0,
                        0.0,
                        0.0,
                        0.0,
                        0.0,
                        0.0,
                        0.0,
                        0.0,
                        0.0
                    ],
                    [
                        0.0,
                        1.0,
                        0.0,
                        0.0,
                        0.0,
                        0.0,
                        0.0,
                        1.0,
                        0.0,
                        0.0,
                        0.0
                    ],
                    [
                        0.0,
                        0.0,
                        0.0,
                        0.0,
                        1.0,
                        0.0,
                        0.0,
                        1.0,
                        0.0,
                        0.0,
                        0.0
                    ],
                    [
                        0.0,
                        0.0,
                        0.0,
                        0.0,
                        0.0,
                        0.0,
                        0.0,
                        0.0,
                        0.0,
                        0.0,
                        0.0
                    ],
                    [
                        0.0,
                        0.0,
                        1.0,
                        1.0,
                        0.0,
                        0.0,
                        0.0,
                        0.0,
                        0.0,
                        0.0,
                        0.0
                    ],
                    [
                        0.0,
                        0.0,
                        0.0,
                        0.0,
                        0.0,
                        0.0,
                        0.0,
                        1.0,
                        1.0,
                        0.0,
                        0.0
                    ],
                    [
                        0.0,
                        0.0,
                        0.0,
                        0.0,
                        0.0,
                        0.0,
                        0.0,
                        1.0,
                        1.0,
                        0.0,
                        0.0
                    ]
                ]
            },
            "est_params": {
                "mui": [
                    82.0173604422725,
                    72.0932588835137,
                    29.766645057268665,
                    133.49784799143785,
                    65.55610125490207,
                    48.50750890005509,
                    99.43227336618261,
                    1851.3827110527513,
                    14.586944361891995,
                    33.34825611240638,
                    40.2326967695555
                ],
                "Si": [
                    [
                        6062.421590271788,
                        7772.201052855076,
                        -327.02397637602905,
                        -689.3055929272514,
                        -480.81035310768516,
                        -925.6575466302603,
                        -1267.096307549712,
                        -2195.64690653801,
                        199.05280691722552,
                        462.8331273139236,
                        453.5575104624112
                    ],
                    [
                        7772.201052855076,
                        11852.669401344463,
                        -339.4234125296104,
                        -748.1624356307499,
                        -623.7575184916411,
                        -1181.8121032957101,
                        -1352.785811149636,
                        -2136.501838223625,
                        183.45943785786767,
                        538.1746277362032,
                        461.51480199363664
                    ],
                    [
                        -327.02397637602905,
                        -339.4234125296104,
                        595.0974070214337,
                        2101.246090177078,
                        919.7861638705103,
                        22.964637912905964,
                        -104.0773042606537,
                        -448.0287146369323,
                        -58.13821009521077,
                        -157.27911878759292,
                        -203.0598305423552
                    ],
                    [
                        -689.3055929272514,
                        -748.1624356307497,
                        2101.2460901770773,
                        19086.880104513464,
                        2992.5645887078003,
                        -833.4847563623056,
                        -2210.6972909917918,
                        -21403.1826706995,
                        -457.43234762434014,
                        -1043.036930770343,
                        -1409.244533611228
                    ],
                    [
                        -480.8103531076853,
                        -623.7575184916412,
                        919.7861638705103,
                        2992.5645887078003,
                        21325.88733608066,
                        -187.67917850156869,
                        -876.6190539623775,
                        -25753.6427741728,
                        -47.59219745736975,
                        -141.98481293010792,
                        455.57974236798594
                    ],
                    [
                        -925.6575466302603,
                        -1181.8121032957101,
                        22.96463791290598,
                        -833.4847563623056,
                        -187.67917850156874,
                        1860.8463891539968,
                        3264.8465084681493,
                        5962.610499158514,
                        6.680125981102825,
                        -92.63168338495036,
                        -240.77953346422515
                    ],
                    [
                        -1267.096307549712,
                        -1352.785811149636,
                        -104.07730426065373,
                        -2210.697290991792,
                        -876.6190539623775,
                        3264.8465084681493,
                        6427.747891465615,
                        12710.095005594592,
                        47.133750855931105,
                        1.1189880101368805,
                        -88.02506035997224
                    ],
                    [
                        -2195.64690653801,
                        -2136.501838223625,
                        -448.0287146369323,
                        -21403.1826706995,
                        -25753.6427741728,
                        5962.610499158514,
                        12710.095005594589,
                        336621.77981854824,
                        1344.2219801179517,
                        2376.9460127921366,
                        2156.8156668213355
                    ],
                    [
                        199.05280691722552,
                        183.45943785786767,
                        -58.13821009521075,
                        -457.4323476243402,
                        -47.592197457369764,
                        6.680125981102822,
                        47.13375085593108,
                        1344.2219801179517,
                        137.79051765557887,
                        228.81055230453092,
                        215.5178710018708
                    ],
                    [
                        462.8331273139236,
                        538.1746277362032,
                        -157.27911878759292,
                        -1043.036930770343,
                        -141.98481293010786,
                        -92.63168338495036,
                        1.1189880101368805,
                        2376.946012792136,
                        228.81055230453092,
                        481.69888371707077,
                        534.6896884024278
                    ],
                    [
                        453.5575104624113,
                        461.5148019936367,
                        -203.05983054235526,
                        -1409.2445336112282,
                        455.579742367985,
                        -240.77953346422512,
                        -88.02506035997233,
                        2156.815666821334,
                        215.5178710018708,
                        534.6896884024278,
                        1702.0023641858795
                    ]
                ]
            },
            "est_tgt": [
                0,
                1,
                2,
                3,
                4,
                5,
                6,
                7,
                8,
                9,
                10
            ],
            "oracle_est_tgt": [
                0,
                1,
                2,
                3,
                4,
                5,
                6,
                7,
                8,
                9,
                10
            ]
        },
        "Akt": {
            "tgt_idx": 6,
            "true_params": {
                "Si": [
                    [
                        1016.954333090909,
                        368.3397694545456,
                        49.75458755555556,
                        271.2792518787879,
                        116.70486977777782,
                        25.970396525252536,
                        51.99573995959596,
                        1906.1092662626265,
                        35.39605292929292,
                        11.528879313131336,
                        -62.788238343434365
                    ],
                    [
                        368.3397694545456,
                        316.1476734949495,
                        32.770389070707054,
                        -286.09405468686873,
                        51.450122303030305,
                        33.068639959595956,
                        17.797517737373735,
                        -517.3992185858584,
                        16.19162969696969,
                        43.870187393939375,
                        -39.20595349494948
                    ],
                    [
                        49.75458755555556,
                        32.770389070707054,
                        211.24683534343438,
                        600.3366593232324,
                        357.514939838384,
                        40.29743997979798,
                        35.035027353535355,
                        -1149.768045656566,
                        8.615942121212122,
                        7.6437690505050515,
                        -19.648992707070715
                    ],
                    [
                        271.2792518787879,
                        -286.09405468686873,
                        600.3366593232324,
                        27243.53602192929,
                        4445.070881696972,
                        -303.10087509090926,
                        -721.8641139797979,
                        -6800.581919595961,
                        23.243096868686887,
                        -122.97975381818176,
                        -915.3587798585858
                    ],
                    [
                        116.70486977777782,
                        51.450122303030305,
                        357.514939838384,
                        4445.070881696972,
                        2123.792386505052,
                        0.9760237171717377,
                        -46.02051870707069,
                        -2064.606698181818,
                        10.722607272727284,
                        -20.38105640404041,
                        -159.18001078787876
                    ],
                    [
                        25.970396525252536,
                        33.068639959595956,
                        40.29743997979798,
                        -303.10087509090926,
                        0.9760237171717377,
                        199.4376710707071,
                        337.9298074343434,
                        95.41438545454552,
                        13.698184242424245,
                        39.47499204040405,
                        61.641778020202004
                    ],
                    [
                        51.99573995959596,
                        17.797517737373735,
                        35.035027353535355,
                        -721.8641139797979,
                        -46.02051870707069,
                        337.9298074343434,
                        758.7461609696969,
                        3184.056850101009,
                        54.71949939393938,
                        107.77003143434344,
                        135.02691741414145
                    ],
                    [
                        1906.1092662626265,
                        -517.3992185858584,
                        -1149.768045656566,
                        -6800.581919595961,
                        -2064.606698181818,
                        95.41438545454552,
                        3184.056850101009,
                        154013.65706666672,
                        38.27818585858605,
                        226.04728000000017,
                        1095.3413882828286
                    ],
                    [
                        35.39605292929292,
                        16.19162969696969,
                        8.615942121212122,
                        23.243096868686887,
                        10.722607272727284,
                        13.698184242424245,
                        54.71949939393938,
                        38.27818585858605,
                        91.77913232323232,
                        171.7987553535353,
                        100.72612585858589
                    ],
                    [
                        11.528879313131336,
                        43.870187393939375,
                        7.6437690505050515,
                        -122.97975381818176,
                        -20.38105640404041,
                        39.47499204040405,
                        107.77003143434344,
                        226.04728000000017,
                        171.7987553535353,
                        462.13554852525255,
                        655.4369637171716
                    ],
                    [
                        -62.788238343434365,
                        -39.20595349494948,
                        -19.648992707070715,
                        -915.3587798585858,
                        -159.18001078787876,
                        61.641778020202004,
                        135.02691741414145,
                        1095.3413882828286,
                        100.72612585858589,
                        655.4369637171716,
                        3223.504203191919
                    ]
                ],
                "mui": [
                    42.3032,
                    25.428200000000007,
                    14.1151,
                    162.42770000000002,
                    47.54559999999999,
                    19.8942,
                    36.8492,
                    615.852,
                    10.392999999999999,
                    20.326400000000003,
                    28.897799999999997
                ],
                "Ai": [
                    [
                        0.0,
                        0.0,
                        0.0,
                        0.0,
                        0.0,
                        0.0,
                        0.0,
                        1.0,
                        1.0,
                        0.0,
                        0.0
                    ],
                    [
                        1.0,
                        0.0,
                        0.0,
                        0.0,
                        0.0,
                        0.0,
                        0.0,
                        1.0,
                        1.0,
                        0.0,
                        0.0
                    ],
                    [
                        0.0,
                        0.0,
                        0.0,
                        0.0,
                        1.0,
                        0.0,
                        0.0,
                        0.0,
                        0.0,
                        0.0,
                        0.0
                    ],
                    [
                        0.0,
                        0.0,
                        1.0,
                        0.0,
                        1.0,
                        0.0,
                        0.0,
                        0.0,
                        0.0,
                        0.0,
                        0.0
                    ],
                    [
                        0.0,
                        0.0,
                        0.0,
                        0.0,
                        0.0,
                        0.0,
                        0.0,
                        0.0,
                        0.0,
                        0.0,
                        0.0
                    ],
                    [
                        0.0,
                        1.0,
                        0.0,
                        0.0,
                        0.0,
                        0.0,
                        0.0,
                        1.0,
                        0.0,
                        0.0,
                        0.0
                    ],
                    [
                        0.0,
                        0.0,
                        0.0,
                        0.0,
                        0.0,
                        0.0,
                        0.0,
                        0.0,
                        0.0,
                        0.0,
                        0.0
                    ],
                    [
                        0.0,
                        0.0,
                        0.0,
                        0.0,
                        0.0,
                        0.0,
                        0.0,
                        0.0,
                        0.0,
                        0.0,
                        0.0
                    ],
                    [
                        0.0,
                        0.0,
                        1.0,
                        1.0,
                        0.0,
                        0.0,
                        0.0,
                        0.0,
                        0.0,
                        0.0,
                        0.0
                    ],
                    [
                        0.0,
                        0.0,
                        0.0,
                        0.0,
                        0.0,
                        0.0,
                        0.0,
                        1.0,
                        1.0,
                        0.0,
                        0.0
                    ],
                    [
                        0.0,
                        0.0,
                        0.0,
                        0.0,
                        0.0,
                        0.0,
                        0.0,
                        1.0,
                        1.0,
                        0.0,
                        0.0
                    ]
                ]
            },
            "est_params": {
                "mui": [
                    61.612328374763386,
                    37.56408346611577,
                    25.97443712525814,
                    137.09771475959369,
                    28.273193065904373,
                    17.276525191531853,
                    31.75573802409299,
                    619.2246909341292,
                    13.796851011705822,
                    31.47474024884494,
                    41.25471059942507
                ],
                "Si": [
                    [
                        2293.4561088210335,
                        1408.5924089587247,
                        23.84795425775981,
                        85.1863679508195,
                        -46.948544459943385,
                        54.94295938220343,
                        53.19488275569056,
                        494.44712156529204,
                        27.012320056380368,
                        21.02367440595389,
                        -12.704396532138732
                    ],
                    [
                        1408.5924089587247,
                        1044.5008628479402,
                        33.77471907128969,
                        154.14177114146204,
                        -47.86178769316253,
                        37.875838559164855,
                        27.149907172615617,
                        457.4141197443849,
                        12.982666693157185,
                        6.414860658835425,
                        -24.770702619254816
                    ],
                    [
                        23.847954257759802,
                        33.774719071289695,
                        506.3893941977926,
                        1196.3481727769333,
                        255.98458515985342,
                        10.8993849535274,
                        1.0874491737590148,
                        -444.3942205619795,
                        0.3797211279811814,
                        6.80187344786391,
                        35.038192736476844
                    ],
                    [
                        85.18636795081954,
                        154.14177114146202,
                        1196.3481727769333,
                        20520.00571449858,
                        2512.332701453683,
                        -33.98061927206874,
                        -134.1880713492392,
                        -4417.168423982596,
                        -1.3558646878658847,
                        -32.8332398160783,
                        -174.25581734866768
                    ],
                    [
                        -46.94854445994338,
                        -47.86178769316254,
                        255.98458515985342,
                        2512.332701453683,
                        648.6521490024361,
                        -0.8633315846957241,
                        1.2800361182548363,
                        -497.7457794548377,
                        -2.465941192465053,
                        -9.737025492190167,
                        2.280302041023346
                    ],
                    [
                        54.94295938220343,
                        37.875838559164855,
                        10.899384953527402,
                        -33.980619272068765,
                        -0.8633315846957237,
                        135.78268063259316,
                        175.80062294863728,
                        -21.79096088648541,
                        -2.402517968620187,
                        -3.8119408605267124,
                        3.7186304529958734
                    ],
                    [
                        53.19488275569056,
                        27.149907172615617,
                        1.0874491737590146,
                        -134.1880713492392,
                        1.280036118254837,
                        175.80062294863728,
                        273.78058733055826,
                        287.5460253689661,
                        0.8539291575864763,
                        0.8780687655145525,
                        10.926651613298533
                    ],
                    [
                        494.44712156529204,
                        457.4141197443849,
                        -444.3942205619797,
                        -4417.168423982596,
                        -497.7457794548378,
                        -21.79096088648541,
                        287.5460253689661,
                        33470.41220575307,
                        -29.41944052389287,
                        -143.41960720203588,
                        -483.36861789004695
                    ],
                    [
                        27.01232005638038,
                        12.982666693157192,
                        0.3797211279811807,
                        -1.3558646878658847,
                        -2.465941192465054,
                        -2.4025179686201863,
                        0.8539291575864769,
                        -29.419440523892874,
                        102.81293087389376,
                        176.1755531252073,
                        132.19854313153698
                    ],
                    [
                        21.0236744059539,
                        6.414860658835418,
                        6.801873447863905,
                        -32.833239816078276,
                        -9.737025492190172,
                        -3.8119408605267138,
                        0.8780687655145539,
                        -143.41960720203588,
                        176.1755531252073,
                        387.95845844264005,
                        425.62345830607404
                    ],
                    [
                        -12.704396532138812,
                        -24.770702619254813,
                        35.03819273647685,
                        -174.25581734866765,
                        2.28030204102337,
                        3.7186304529958605,
                        10.926651613298526,
                        -483.36861789004706,
                        132.19854313153698,
                        425.62345830607387,
                        1905.430021830394
                    ]
                ]
            },
            "est_tgt": [
                1,
                2,
                3,
                4,
                6,
                7
            ],
            "oracle_est_tgt": [
                8,
                9,
                3,
                4
            ]
        },
        "PKC": {
            "tgt_idx": 8,
            "true_params": {
                "Si": [
                    [
                        189936.27568080812,
                        282757.4605191921,
                        9730.455476767673,
                        17587.856874747464,
                        -353.1149113131314,
                        293.73212141414115,
                        133.395682828281,
                        -198.61545151515173,
                        -6662.301141414142,
                        -23895.071745454552,
                        -27694.682165656573
                    ],
                    [
                        282757.4605191921,
                        424917.2989686868,
                        15562.587441414142,
                        28641.45393030303,
                        -499.68131484848476,
                        491.07519666666656,
                        202.28662727272493,
                        -264.92142878787877,
                        -10586.965156565651,
                        -39748.59854343435,
                        -46551.24543838384
                    ],
                    [
                        9730.455476767673,
                        15562.587441414142,
                        123361.94978888886,
                        195401.07378080807,
                        5667.437763535355,
                        776.8728314141412,
                        1961.9459121212105,
                        15.552880303030294,
                        -12923.84036868686,
                        -58930.84276161614,
                        -30333.326901010096
                    ],
                    [
                        17587.856874747464,
                        28641.45393030303,
                        195401.07378080807,
                        314980.358120202,
                        8967.115525959598,
                        1344.6516427272716,
                        3726.3042111111085,
                        71.48470656565648,
                        -21635.567116161616,
                        -100192.92563838385,
                        -50042.38145050505
                    ],
                    [
                        -353.1149113131314,
                        -499.68131484848476,
                        5667.437763535355,
                        8967.115525959598,
                        523.6631645555557,
                        46.74901635353536,
                        186.1235552525254,
                        -22.49883601010102,
                        -991.1247257575758,
                        -4516.94762282828,
                        -1966.4222189898987
                    ],
                    [
                        293.73212141414115,
                        491.07519666666656,
                        776.8728314141412,
                        1344.6516427272716,
                        46.74901635353536,
                        1009.4431087979804,
                        7096.216785151514,
                        77.80841530303034,
                        2101.68562979798,
                        10342.438778383837,
                        3202.649806868688
                    ],
                    [
                        133.395682828281,
                        202.28662727272493,
                        1961.9459121212105,
                        3726.3042111111085,
                        186.1235552525254,
                        7096.216785151514,
                        51925.395251515154,
                        493.7052772727272,
                        14441.418287878787,
                        70386.31199797984,
                        25001.70337777778
                    ],
                    [
                        -198.61545151515173,
                        -264.92142878787877,
                        15.552880303030294,
                        71.48470656565648,
                        -22.49883601010102,
                        77.80841530303034,
                        493.7052772727272,
                        332.8028128787878,
                        807.249664141414,
                        3865.5829181818176,
                        1044.8699515151516
                    ],
                    [
                        -6662.301141414142,
                        -10586.965156565651,
                        -12923.84036868686,
                        -21635.567116161616,
                        -991.1247257575758,
                        2101.68562979798,
                        14441.418287878787,
                        807.249664141414,
                        89215.36654040407,
                        436549.91970707075,
                        152779.6724040404
                    ],
                    [
                        -23895.071745454552,
                        -39748.59854343435,
                        -58930.84276161614,
                        -100192.92563838385,
                        -4516.94762282828,
                        10342.438778383837,
                        70386.31199797984,
                        3865.5829181818176,
                        436549.91970707075,
                        2147915.0154707073,
