{
    "expt_args": {
        "save_dir": "all_expt_logs/expt_lofs_sachs-middleout_all_obs_oracle_corr_bic",
        "dataset_path": "datasets/sachs_yuhaow.csv",
        "exp_name": "48",
        "mix_samples": 3600,
        "stage2_samples": 3600,
        "gmm_tol": 1000,
        "num_tgt_prior": 12,
        "cutoff_drop_ratio": 0.01,
        "dtype": "sachs",
        "num_nodes": 11
    },
    "intv_args_dict": {
        "obs": {
            "tgt_idx": null,
            "true_params": {
                "Si": [
                    [
                        2112.636119134644,
                        1295.6814305594378,
                        -8.137372060215622,
                        56.71813876268162,
                        -3.54109665539412,
                        -46.09800872762947,
                        -98.80616369668681,
                        637.7524840265795,
                        -5.466009308442725,
                        -11.865250010135583,
                        6.939936974826729
                    ],
                    [
                        1295.6814305594378,
                        1058.2623786261117,
                        19.367082495655023,
                        194.73194562465295,
                        -4.022052428409451,
                        -16.031824722165357,
                        -41.05219114216752,
                        1365.1855193425206,
                        -0.45186727051233766,
                        9.11797802989991,
                        -6.647501245504799
                    ],
                    [
                        -8.137372060215622,
                        19.367082495655023,
                        300.65446546352325,
                        851.8984702102157,
                        198.4742400006173,
                        2.5459757017740476,
                        -6.170582784713489,
                        451.8833728568319,
                        -6.590891597325771,
                        -14.774740499176483,
                        14.8328081352513
                    ],
                    [
                        56.71813876268162,
                        194.73194562465295,
                        851.8984702102157,
                        12431.0093859486,
                        1383.202969360875,
                        -21.958120118118327,
                        -89.6146451071544,
                        2855.3063123556412,
                        -50.29794342162969,
                        -68.86615245153934,
                        35.784496745899474
                    ],
                    [
                        -3.54109665539412,
                        -4.022052428409451,
                        198.4742400006173,
                        1383.202969360875,
                        1546.1074187857469,
                        -4.473934961195729,
                        -14.139876772050481,
                        -63.05032165372145,
                        -3.1987907077351867,
                        -20.339572111997985,
                        23.575897899307062
                    ],
                    [
                        -46.09800872762947,
                        -16.031824722165357,
                        2.5459757017740476,
                        -21.958120118118327,
                        -4.473934961195729,
                        4219.502768764598,
                        6010.869490022483,
                        13209.012852832924,
                        -4.241633437612685,
                        -10.35093581021157,
                        -44.39675432856769
                    ],
                    [
                        -98.80616369668681,
                        -41.05219114216752,
                        -6.170582784713489,
                        -89.6146451071544,
                        -14.139876772050481,
                        6010.869490022483,
                        8879.08528465521,
                        24237.114705590473,
                        -6.35448970577629,
                        -17.767747284936014,
                        -56.677965011841074
                    ],
                    [
                        637.7524840265795,
                        1365.1855193425206,
                        451.8833728568319,
                        2855.3063123556412,
                        -63.05032165372145,
                        13209.012852832924,
                        24237.114705590473,
                        369985.99141625466,
                        -91.36354658168402,
                        75.7672852400862,
                        -532.4333825980178
                    ],
                    [
                        -5.466009308442725,
                        -0.45186727051233766,
                        -6.590891597325771,
                        -50.29794342162969,
                        -3.1987907077351867,
                        -4.241633437612685,
                        -6.35448970577629,
                        -91.36354658168402,
                        166.4996149589217,
                        275.1721058114785,
                        180.00697948864132
                    ],
                    [
                        -11.865250010135583,
                        9.11797802989991,
                        -14.774740499176483,
                        -68.86615245153934,
                        -20.339572111997985,
                        -10.35093581021157,
                        -17.767747284936014,
                        75.7672852400862,
                        275.1721058114785,
                        707.315834785253,
                        533.8872685290763
                    ],
                    [
                        6.939936974826729,
                        -6.647501245504799,
                        14.8328081352513,
                        35.784496745899474,
                        23.575897899307062,
                        -44.39675432856769,
                        -56.677965011841074,
                        -532.4333825980178,
                        180.00697948864132,
                        533.8872685290763,
                        1857.3634897465133
                    ]
                ],
                "mui": [
                    62.119561253561244,
                    37.1014301994302,
                    23.330917378917377,
                    99.88102564102564,
                    25.655800569800565,
                    23.56193732193732,
                    44.38217663817664,
                    730.4506267806269,
                    14.947367521367521,
                    35.492444444444445,
                    40.114615384615384
                ],
                "Ai": [
                    [
                        0.0,
                        0.0,
                        0.0,
                        0.0,
                        0.0,
                        0.0,
                        0.0,
                        1.0,
                        1.0,
                        0.0,
                        0.0
                    ],
                    [
                        1.0,
                        0.0,
                        0.0,
                        0.0,
                        0.0,
                        0.0,
                        0.0,
                        1.0,
                        1.0,
                        0.0,
                        0.0
                    ],
                    [
                        0.0,
                        0.0,
                        0.0,
                        0.0,
                        1.0,
                        0.0,
                        0.0,
                        0.0,
                        0.0,
                        0.0,
                        0.0
                    ],
                    [
                        0.0,
                        0.0,
                        1.0,
                        0.0,
                        1.0,
                        0.0,
                        0.0,
                        0.0,
                        0.0,
                        0.0,
                        0.0
                    ],
                    [
                        0.0,
                        0.0,
                        0.0,
                        0.0,
                        0.0,
                        0.0,
                        0.0,
                        0.0,
                        0.0,
                        0.0,
                        0.0
                    ],
                    [
                        0.0,
                        1.0,
                        0.0,
                        0.0,
                        0.0,
                        0.0,
                        0.0,
                        1.0,
                        0.0,
                        0.0,
                        0.0
                    ],
                    [
                        0.0,
                        0.0,
                        0.0,
                        0.0,
                        1.0,
                        0.0,
                        0.0,
                        1.0,
                        0.0,
                        0.0,
                        0.0
                    ],
                    [
                        0.0,
                        0.0,
                        0.0,
                        0.0,
                        0.0,
                        0.0,
                        0.0,
                        0.0,
                        0.0,
                        0.0,
                        0.0
                    ],
                    [
                        0.0,
                        0.0,
                        1.0,
                        1.0,
                        0.0,
                        0.0,
                        0.0,
                        0.0,
                        0.0,
                        0.0,
                        0.0
                    ],
                    [
                        0.0,
                        0.0,
                        0.0,
                        0.0,
                        0.0,
                        0.0,
                        0.0,
                        1.0,
                        1.0,
                        0.0,
                        0.0
                    ],
                    [
                        0.0,
                        0.0,
                        0.0,
                        0.0,
                        0.0,
                        0.0,
                        0.0,
                        1.0,
                        1.0,
                        0.0,
                        0.0
                    ]
                ]
            },
            "est_params": {
                "mui": [
                    90.29531008721742,
                    78.86940693218799,
                    16.316223475958083,
                    83.36223907135387,
                    22.67967878249027,
                    31.559439778934507,
                    70.59887280901894,
                    1188.1514684273327,
                    14.563156539559309,
                    33.09923128001007,
                    28.96083683228377
                ],
                "Si": [
                    [
                        7940.1617069418035,
                        10311.743107991755,
                        -3.9908563707126716,
                        -209.0198005284545,
                        7.703562915745108,
                        -658.2773504922667,
                        -417.9892356115312,
                        -14431.977924509627,
                        -195.5021394356413,
                        -53.052577540750654,
                        -200.77087924960048
                    ],
                    [
                        10311.743107991755,
                        16527.890641860093,
                        24.811723839082454,
                        -506.9715306422292,
                        -11.413977528846477,
                        -991.5911972757291,
                        -376.2740680896659,
                        -19227.120123067634,
                        -353.48242818697645,
                        -40.01122644756706,
                        -332.744512815299
                    ],
                    [
                        -3.9908563707126707,
                        24.81172383908246,
                        189.14190557506248,
                        571.4785229826748,
                        88.20950293936971,
                        12.491268904851363,
                        -28.468745172193355,
                        730.3945200256305,
                        -15.803284566068534,
                        -30.08723014037037,
                        7.196121140409393
                    ],
                    [
                        -209.01980052845465,
                        -506.971530642229,
                        571.4785229826748,
                        10656.081107435353,
                        1213.2094493329157,
                        167.1818833575335,
                        80.2227140630612,
                        6130.018535470173,
                        -20.25844404739707,
                        -235.83675810895863,
                        -131.65446778685694
                    ],
                    [
                        7.703562915745124,
                        -11.413977528846454,
                        88.20950293936971,
                        1213.2094493329157,
                        355.46825205632143,
                        0.14379608942121308,
                        29.055932965249635,
                        624.2876844667775,
                        3.036879037778113,
                        -29.995904947013205,
                        -58.97814991095087
                    ],
                    [
                        -658.2773504922667,
                        -991.5911972757293,
                        12.49126890485137,
                        167.18188335753348,
                        0.1437960894212184,
                        651.2834665485046,
                        971.9234571520234,
                        4285.674600448105,
                        24.391459841416538,
                        2.59381881389619,
                        86.29937408613456
                    ],
                    [
                        -417.9892356115312,
                        -376.2740680896659,
                        -28.46874517219337,
                        80.22271406306118,
                        29.055932965249642,
                        971.9234571520234,
                        2122.3453457612654,
                        9225.057945597122,
                        21.67596742170773,
                        37.47062976091977,
                        112.50043306272423
                    ],
                    [
                        -14431.97792450963,
                        -19227.120123067634,
                        730.3945200256308,
                        6130.018535470173,
                        624.2876844667775,
                        4285.674600448105,
                        9225.057945597124,
                        389046.0628553938,
                        539.822460236592,
                        776.6626662078065,
                        1738.7168374369965
                    ],
                    [
                        -195.50213943564134,
                        -353.48242818697645,
                        -15.803284566068534,
                        -20.25844404739706,
                        3.036879037778116,
                        24.391459841416538,
                        21.675967421707735,
                        539.822460236592,
                        126.99148011388286,
                        188.37060720754076,
                        65.30551176426133
                    ],
                    [
                        -53.052577540750676,
                        -40.011226447567076,
                        -30.08723014037037,
                        -235.83675810895863,
                        -29.995904947013205,
                        2.59381881389619,
                        37.470629760919756,
                        776.6626662078065,
                        188.37060720754076,
                        431.78340309633916,
                        251.05186286549215
                    ],
                    [
                        -200.7708792496006,
                        -332.7445128152989,
                        7.196121140409382,
                        -131.654467786857,
                        -58.978149910950876,
                        86.29937408613459,
                        112.50043306272424,
                        1738.7168374369965,
                        65.30551176426134,
                        251.05186286549215,
                        1000.1495936757578
                    ]
                ]
            },
            "est_tgt": [
                0,
                1,
                2,
                3,
                4,
                5,
                6,
                7,
                8,
                9,
                10
            ],
            "oracle_est_tgt": [
                0,
                1,
                2,
                3,
                4,
                5,
                6,
                7,
                8,
                9,
                10
            ]
        },
        "Akt": {
            "tgt_idx": 6,
            "true_params": {
                "Si": [
                    [
                        1468.9812163327767,
                        531.3956899693934,
                        9.902731296605454,
                        159.340558981636,
                        106.84352138286032,
                        21.937188611574843,
                        52.2147443322203,
                        1830.6210896494167,
                        -11.14367676405118,
                        -47.135772506956044,
                        -86.70246920979413
                    ],
                    [
                        531.3956899693934,
                        455.6114323803562,
                        0.9602086199220974,
                        -45.80442311352254,
                        6.495851425987731,
                        1.9062605996104776,
                        -20.08162008764607,
                        308.07932378964904,
                        -22.291086328603242,
                        -38.00264772259322,
                        -34.118149913745135
                    ],
                    [
                        9.902731296605454,
                        0.9602086199220974,
                        165.35644959821926,
                        373.5382207278797,
                        198.74284086254872,
                        19.37630323984418,
                        48.226519509181976,
                        596.5927473121873,
                        4.011263854201449,
                        2.0184935703951017,
                        -11.468515461324442
                    ],
                    [
                        159.340558981636,
                        -45.80442311352254,
                        373.5382207278797,
                        24105.99187797329,
                        2462.775649056762,
                        126.13393766110181,
                        275.722377130217,
                        2030.7108593322216,
                        64.29566809181972,
                        16.262404903171976,
                        -144.35965742570937
                    ],
                    [
                        106.84352138286032,
                        6.495851425987731,
                        198.74284086254872,
                        2462.775649056762,
                        5315.567067438786,
                        -15.272973187256532,
                        -60.37802291736224,
                        -235.06997220367228,
                        0.43527794796883534,
                        -22.74599254451865,
                        -5.487827749026144
                    ],
                    [
                        21.937188611574843,
                        1.9062605996104776,
                        19.37630323984418,
                        126.13393766110181,
                        -15.272973187256532,
                        378.6019356791876,
                        758.8295851444075,
                        3717.722602854759,
                        -0.6322081572064475,
                        -0.9168157949359979,
                        3.6803915464663266
                    ],
                    [
                        52.2147443322203,
                        -20.08162008764607,
                        48.226519509181976,
                        275.722377130217,
                        -60.37802291736224,
                        758.8295851444075,
                        1882.4345233030058,
                        11709.971653238728,
                        24.81570607595994,
                        23.467625566777965,
                        5.388409377295499
                    ],
                    [
                        1830.6210896494167,
                        308.07932378964904,
                        596.5927473121873,
                        2030.7108593322216,
                        -235.06997220367228,
                        3717.722602854759,
                        11709.971653238728,
                        301187.9392564275,
                        53.33423076794662,
                        489.24929170283775,
                        -21.618989015025093
                    ],
                    [
                        -11.14367676405118,
                        -22.291086328603242,
                        4.011263854201449,
                        64.29566809181972,
                        0.43527794796883534,
                        -0.6322081572064475,
                        24.81570607595994,
                        53.33423076794662,
                        101.37890821341125,
                        133.70331660239285,
                        17.508461122426258
                    ],
                    [
                        -47.135772506956044,
                        -38.00264772259322,
                        2.0184935703951017,
                        16.262404903171976,
                        -22.74599254451865,
                        -0.9168157949359979,
                        23.467625566777965,
                        489.24929170283775,
                        133.70331660239285,
                        275.5229424371174,
                        158.29269676516427
                    ],
                    [
                        -86.70246920979413,
                        -34.118149913745135,
                        -11.468515461324442,
                        -144.35965742570937,
                        -5.487827749026144,
                        3.6803915464663266,
                        5.388409377295499,
                        -21.618989015025093,
                        17.508461122426258,
                        158.29269676516427,
                        756.5422256549801
                    ]
                ],
                "mui": [
                    57.018166666666666,
                    29.811083333333336,
                    15.283133333333332,
                    170.59930000000003,
                    47.36091666666667,
                    22.670616666666664,
                    46.01405,
                    739.2969999999999,
                    16.354016666666666,
                    25.221516666666666,
                    15.374766666666668
                ],
                "Ai": [
                    [
                        0.0,
                        0.0,
                        0.0,
                        0.0,
                        0.0,
                        0.0,
                        0.0,
                        1.0,
                        1.0,
                        0.0,
                        0.0
                    ],
                    [
                        1.0,
                        0.0,
                        0.0,
                        0.0,
                        0.0,
                        0.0,
                        0.0,
                        1.0,
                        1.0,
                        0.0,
                        0.0
                    ],
                    [
                        0.0,
                        0.0,
                        0.0,
                        0.0,
                        1.0,
                        0.0,
                        0.0,
                        0.0,
                        0.0,
                        0.0,
                        0.0
                    ],
                    [
                        0.0,
                        0.0,
                        1.0,
                        0.0,
                        1.0,
                        0.0,
                        0.0,
                        0.0,
                        0.0,
                        0.0,
                        0.0
                    ],
                    [
                        0.0,
                        0.0,
                        0.0,
                        0.0,
                        0.0,
                        0.0,
                        0.0,
                        0.0,
                        0.0,
                        0.0,
                        0.0
                    ],
                    [
                        0.0,
                        1.0,
                        0.0,
                        0.0,
                        0.0,
                        0.0,
                        0.0,
                        1.0,
                        0.0,
                        0.0,
                        0.0
                    ],
                    [
                        0.0,
                        0.0,
                        0.0,
                        0.0,
                        0.0,
                        0.0,
                        0.0,
                        0.0,
                        0.0,
                        0.0,
                        0.0
                    ],
                    [
                        0.0,
                        0.0,
                        0.0,
                        0.0,
                        0.0,
                        0.0,
                        0.0,
                        0.0,
                        0.0,
                        0.0,
                        0.0
                    ],
                    [
                        0.0,
                        0.0,
                        1.0,
                        1.0,
                        0.0,
                        0.0,
                        0.0,
                        0.0,
                        0.0,
                        0.0,
                        0.0
                    ],
                    [
                        0.0,
                        0.0,
                        0.0,
                        0.0,
                        0.0,
                        0.0,
                        0.0,
                        1.0,
                        1.0,
                        0.0,
                        0.0
                    ],
                    [
                        0.0,
                        0.0,
                        0.0,
                        0.0,
                        0.0,
                        0.0,
                        0.0,
                        1.0,
                        1.0,
                        0.0,
                        0.0
                    ]
                ]
            },
            "est_params": {
                "mui": [
                    505.0229218590635,
                    769.9825853508053,
                    314.6676782054472,
                    556.7116132670407,
                    19.620940443723917,
                    46.31068558373845,
                    294.3261007064756,
                    46.36632611064514,
                    69.68849960296974,
                    413.8558679632912,
                    222.28781702648314
                ],
                "Si": [
                    [
                        299672.4489222859,
                        439046.6260597801,
                        -33779.86385327132,
                        -55732.40784445758,
                        24.745486107660852,
                        -3866.610361652049,
                        -22358.970249108585,
                        7248.3152034861905,
                        -4703.637377120883,
                        -26734.702280646416,
                        -22969.48058827557
                    ],
                    [
                        439046.6260597801,
                        647771.3620776789,
                        -46659.35907854496,
                        -77188.59760042561,
                        -173.31248773876692,
                        -5232.577721607862,
                        -30304.29021415904,
                        9126.94614893389,
                        -6359.865461816887,
                        -36031.95952156285,
                        -32608.584187211964
                    ],
                    [
                        -33779.86385327132,
                        -46659.35907854495,
                        182598.48119394862,
                        284239.94050342194,
                        7125.033344078665,
                        2617.6722636018044,
                        13697.770050068228,
                        -9095.85527320847,
                        7413.781279983237,
                        41180.5924986277,
                        12937.236441291738
                    ],
                    [
                        -55732.40784445758,
                        -77188.59760042561,
                        284239.94050342194,
                        450298.77310478035,
                        11248.80010004734,
                        4300.734752871671,
                        22581.892513704708,
                        -14206.27246156083,
                        11573.798686253349,
                        64477.55439104612,
                        20650.42588924968
                    ],
                    [
                        24.74548610766113,
                        -173.31248773876692,
                        7125.033344078665,
                        11248.80010004734,
                        869.1124701424785,
                        -49.53383249628858,
                        -320.9217234522461,
                        242.20742277769247,
                        40.964368989485294,
                        101.00089354198693,
                        278.00896638373126
                    ],
                    [
                        -3866.610361652049,
                        -5232.577721607862,
                        2617.6722636018044,
                        4300.734752871671,
                        -49.5338324962886,
                        1397.86801513388,
                        8558.518981728777,
                        -1181.7321113892722,
                        648.6445555075246,
                        3796.9886921894954,
                        2196.2801307043414
                    ],
                    [
                        -22358.970249108585,
                        -30304.290214159042,
                        13697.770050068228,
                        22581.892513704704,
                        -320.92172345224617,
                        8558.518981728777,
                        55226.016885402634,
                        -6740.914775601892,
                        3736.146964416976,
                        21667.888676911607,
                        12630.42965660719
                    ],
                    [
                        7248.3152034861905,
                        9126.94614893389,
                        -9095.85527320847,
                        -14206.272461560831,
                        242.20742277769253,
                        -1181.7321113892722,
                        -6740.914775601892,
                        7135.711955327274,
                        -1862.6635923052638,
                        -10440.098505007305,
                        -5149.658004743229
                    ],
                    [
                        -4703.637377120883,
                        -6359.865461816888,
                        7413.781279983237,
                        11573.798686253349,
                        40.96436898948532,
                        648.6445555075246,
                        3736.1469644169756,
                        -1862.6635923052638,
                        3579.2256499725167,
                        20815.3530102424,
                        6424.5538734660895
                    ],
                    [
                        -26734.70228064642,
                        -36031.95952156286,
                        41180.592498627695,
                        64477.55439104612,
                        101.00089354198701,
                        3796.9886921894963,
                        21667.888676911607,
                        -10440.098505007305,
                        20815.3530102424,
                        125138.67020318989,
                        35704.47675920391
                    ],
                    [
                        -22969.480588275575,
                        -32608.584187211964,
                        12937.236441291743,
                        20650.42588924968,
                        278.0089663837314,
                        2196.28013070434,
                        12630.429656607192,
                        -5149.658004743229,
                        6424.5538734660895,
                        35704.47675920391,
                        44846.96213620609
                    ]
                ]
            },
            "est_tgt": [
                0,
                1,
                2,
                3,
                4,
                5,
                6,
                7,
                8,
                9,
                10
            ],
            "oracle_est_tgt": [
                1,
                2,
                3,
                4,
                6,
                7,
                8,
                9,
                10
            ]
        },
        "PKC": {
            "tgt_idx": 8,
            "true_params": {
                "Si": [
                    [
                        210965.162008236,
                        316060.059682137,
                        -6687.4217260767955,
                        -11177.537850862547,
                        438.5059963049526,
                        -330.56325126321667,
                        -3952.1095894936,
                        -25.030273077351154,
                        243.48835541457868,
                        4470.963198664451,
                        -15924.841219143016
                    ],
                    [
                        316060.059682137,
                        476957.5201161937,
                        -10232.358627579299,
                        -16947.938741235386,
                        622.991868313857,
                        -517.4255222704512,
                        -6196.83229288814,
                        -53.800247479131926,
                        660.0995301502485,
                        7519.325602671122,
                        -24450.892977629373
                    ],
                    [
                        -6687.4217260767955,
                        -10232.358627579299,
                        191557.56286483147,
                        301273.819042905,
                        8767.671707430718,
                        82.10578467111856,
                        -261.8036172570947,
                        -58.20985096327209,
                        4157.644793176962,
                        20993.05269582638,
                        11022.396958213689
                    ],
                    [
                        -11177.537850862547,
                        -16947.938741235386,
                        301273.819042905,
                        486113.2210322758,
                        14194.620997857535,
                        392.59251291040647,
                        1273.3110934613246,
                        45.325288508625384,
                        8421.059887284364,
                        41810.74547579298,
                        20390.733383695035
                    ],
                    [
                        438.5059963049526,
                        622.991868313857,
                        8767.671707430718,
                        14194.620997857535,
                        891.6846323202558,
                        16.540250740678903,
                        56.746088916805725,
                        -6.512962031997774,
                        292.89554780662206,
                        1366.5282223706172,
                        853.2315603032828
                    ],
                    [
                        -330.56325126321667,
                        -517.4255222704512,
                        82.10578467111856,
                        392.59251291040647,
                        16.540250740678903,
                        1301.1906426032276,
                        8429.292710324433,
                        109.23118595603786,
                        268.6174862008907,
                        1414.6891479131898,
                        1231.4292604730103
                    ],
                    [
                        -3952.1095894936,
                        -6196.83229288814,
                        -261.8036172570947,
                        1273.3110934613246,
                        56.746088916805725,
                        8429.292710324433,
                        57661.624363458825,
                        704.4323244410131,
                        2359.2501166725096,
                        12214.440423372294,
                        8370.917145656647
                    ],
                    [
                        -25.030273077351154,
                        -53.800247479131926,
                        -58.20985096327209,
                        45.325288508625384,
                        -6.512962031997774,
                        109.23118595603786,
                        704.4323244410131,
                        383.42988372593214,
                        352.01866004201435,
                        1647.3004667779626,
                        644.1416104034502
                    ],
                    [
                        243.48835541457868,
                        660.0995301502485,
                        4157.644793176962,
                        8421.059887284364,
                        292.89554780662206,
                        268.6174862008907,
                        2359.2501166725096,
                        352.01866004201435,
                        63277.59622422677,
                        315681.6841963272,
                        103012.2578539205
                    ],
                    [
                        4470.963198664451,
                        7519.325602671122,
                        20993.05269582638,
                        41810.74547579298,
                        1366.5282223706172,
