{
    "expt_args": {
        "save_dir": "all_expt_logs/expt_lofs_sachs-middleout_all_obs_oracle_corr_bic",
        "dataset_path": "datasets/sachs_yuhaow.csv",
        "exp_name": "47",
        "mix_samples": 3000,
        "stage2_samples": 3000,
        "gmm_tol": 1000,
        "num_tgt_prior": 12,
        "cutoff_drop_ratio": 0.01,
        "dtype": "sachs",
        "num_nodes": 11
    },
    "intv_args_dict": {
        "obs": {
            "tgt_idx": null,
            "true_params": {
                "Si": [
                    [
                        2112.636119134644,
                        1295.6814305594378,
                        -8.137372060215622,
                        56.71813876268162,
                        -3.54109665539412,
                        -46.09800872762947,
                        -98.80616369668681,
                        637.7524840265795,
                        -5.466009308442725,
                        -11.865250010135583,
                        6.939936974826729
                    ],
                    [
                        1295.6814305594378,
                        1058.2623786261117,
                        19.367082495655023,
                        194.73194562465295,
                        -4.022052428409451,
                        -16.031824722165357,
                        -41.05219114216752,
                        1365.1855193425206,
                        -0.45186727051233766,
                        9.11797802989991,
                        -6.647501245504799
                    ],
                    [
                        -8.137372060215622,
                        19.367082495655023,
                        300.65446546352325,
                        851.8984702102157,
                        198.4742400006173,
                        2.5459757017740476,
                        -6.170582784713489,
                        451.8833728568319,
                        -6.590891597325771,
                        -14.774740499176483,
                        14.8328081352513
                    ],
                    [
                        56.71813876268162,
                        194.73194562465295,
                        851.8984702102157,
                        12431.0093859486,
                        1383.202969360875,
                        -21.958120118118327,
                        -89.6146451071544,
                        2855.3063123556412,
                        -50.29794342162969,
                        -68.86615245153934,
                        35.784496745899474
                    ],
                    [
                        -3.54109665539412,
                        -4.022052428409451,
                        198.4742400006173,
                        1383.202969360875,
                        1546.1074187857469,
                        -4.473934961195729,
                        -14.139876772050481,
                        -63.05032165372145,
                        -3.1987907077351867,
                        -20.339572111997985,
                        23.575897899307062
                    ],
                    [
                        -46.09800872762947,
                        -16.031824722165357,
                        2.5459757017740476,
                        -21.958120118118327,
                        -4.473934961195729,
                        4219.502768764598,
                        6010.869490022483,
                        13209.012852832924,
                        -4.241633437612685,
                        -10.35093581021157,
                        -44.39675432856769
                    ],
                    [
                        -98.80616369668681,
                        -41.05219114216752,
                        -6.170582784713489,
                        -89.6146451071544,
                        -14.139876772050481,
                        6010.869490022483,
                        8879.08528465521,
                        24237.114705590473,
                        -6.35448970577629,
                        -17.767747284936014,
                        -56.677965011841074
                    ],
                    [
                        637.7524840265795,
                        1365.1855193425206,
                        451.8833728568319,
                        2855.3063123556412,
                        -63.05032165372145,
                        13209.012852832924,
                        24237.114705590473,
                        369985.99141625466,
                        -91.36354658168402,
                        75.7672852400862,
                        -532.4333825980178
                    ],
                    [
                        -5.466009308442725,
                        -0.45186727051233766,
                        -6.590891597325771,
                        -50.29794342162969,
                        -3.1987907077351867,
                        -4.241633437612685,
                        -6.35448970577629,
                        -91.36354658168402,
                        166.4996149589217,
                        275.1721058114785,
                        180.00697948864132
                    ],
                    [
                        -11.865250010135583,
                        9.11797802989991,
                        -14.774740499176483,
                        -68.86615245153934,
                        -20.339572111997985,
                        -10.35093581021157,
                        -17.767747284936014,
                        75.7672852400862,
                        275.1721058114785,
                        707.315834785253,
                        533.8872685290763
                    ],
                    [
                        6.939936974826729,
                        -6.647501245504799,
                        14.8328081352513,
                        35.784496745899474,
                        23.575897899307062,
                        -44.39675432856769,
                        -56.677965011841074,
                        -532.4333825980178,
                        180.00697948864132,
                        533.8872685290763,
                        1857.3634897465133
                    ]
                ],
                "mui": [
                    62.119561253561244,
                    37.1014301994302,
                    23.330917378917377,
                    99.88102564102564,
                    25.655800569800565,
                    23.56193732193732,
                    44.38217663817664,
                    730.4506267806269,
                    14.947367521367521,
                    35.492444444444445,
                    40.114615384615384
                ],
                "Ai": [
                    [
                        0.0,
                        0.0,
                        0.0,
                        0.0,
                        0.0,
                        0.0,
                        0.0,
                        1.0,
                        1.0,
                        0.0,
                        0.0
                    ],
                    [
                        1.0,
                        0.0,
                        0.0,
                        0.0,
                        0.0,
                        0.0,
                        0.0,
                        1.0,
                        1.0,
                        0.0,
                        0.0
                    ],
                    [
                        0.0,
                        0.0,
                        0.0,
                        0.0,
                        1.0,
                        0.0,
                        0.0,
                        0.0,
                        0.0,
                        0.0,
                        0.0
                    ],
                    [
                        0.0,
                        0.0,
                        1.0,
                        0.0,
                        1.0,
                        0.0,
                        0.0,
                        0.0,
                        0.0,
                        0.0,
                        0.0
                    ],
                    [
                        0.0,
                        0.0,
                        0.0,
                        0.0,
                        0.0,
                        0.0,
                        0.0,
                        0.0,
                        0.0,
                        0.0,
                        0.0
                    ],
                    [
                        0.0,
                        1.0,
                        0.0,
                        0.0,
                        0.0,
                        0.0,
                        0.0,
                        1.0,
                        0.0,
                        0.0,
                        0.0
                    ],
                    [
                        0.0,
                        0.0,
                        0.0,
                        0.0,
                        1.0,
                        0.0,
                        0.0,
                        1.0,
                        0.0,
                        0.0,
                        0.0
                    ],
                    [
                        0.0,
                        0.0,
                        0.0,
                        0.0,
                        0.0,
                        0.0,
                        0.0,
                        0.0,
                        0.0,
                        0.0,
                        0.0
                    ],
                    [
                        0.0,
                        0.0,
                        1.0,
                        1.0,
                        0.0,
                        0.0,
                        0.0,
                        0.0,
                        0.0,
                        0.0,
                        0.0
                    ],
                    [
                        0.0,
                        0.0,
                        0.0,
                        0.0,
                        0.0,
                        0.0,
                        0.0,
                        1.0,
                        1.0,
                        0.0,
                        0.0
                    ],
                    [
                        0.0,
                        0.0,
                        0.0,
                        0.0,
                        0.0,
                        0.0,
                        0.0,
                        1.0,
                        1.0,
                        0.0,
                        0.0
                    ]
                ]
            },
            "est_params": {
                "mui": [
                    224.8681255076369,
                    314.6327065165228,
                    21.697521687329004,
                    74.36052142608582,
                    91.0847180506497,
                    70.19701767917464,
                    192.56411591513836,
                    2172.678813200626,
                    11.041197623477892,
                    33.25357179031803,
                    18.63823696401083
                ],
                "Si": [
                    [
                        58170.43851500715,
                        90565.42101958806,
                        -414.7303550859812,
                        -4454.333053670292,
                        -6444.833881657756,
                        -9894.26554561141,
                        -12762.022291981708,
                        -17326.19841947574,
                        -782.9680794014155,
                        -137.6723611974447,
                        -464.6846810481067
                    ],
                    [
                        90565.42101958806,
                        143247.59670452954,
                        -644.0579794665525,
                        -7010.94975488627,
                        -11423.111435689521,
                        -16028.81023762534,
                        -20291.68696060408,
                        -38897.40211444003,
                        -1347.6870982242815,
                        -256.3906135908829,
                        -833.8263590493892
                    ],
                    [
                        -414.7303550859812,
                        -644.0579794665525,
                        382.5260283765863,
                        761.7735300094694,
                        1135.9466825085524,
                        -173.619094124324,
                        -574.6833080386843,
                        -3057.023362428756,
                        14.204754567960826,
                        -29.79518984465125,
                        -6.841493357066511
                    ],
                    [
                        -4454.333053670292,
                        -7010.949754886269,
                        761.7735300094694,
                        6791.543966598402,
                        1386.4778596322317,
                        -657.684775311754,
                        -1289.263958010056,
                        12505.273040500262,
                        106.97610063712786,
                        -194.50948409165937,
                        64.69595991516712
                    ],
                    [
                        -6444.833881657756,
                        -11423.111435689521,
                        1135.9466825085524,
                        1386.4778596322317,
                        46861.28870461657,
                        -3473.0344804357524,
                        -8754.898108804538,
                        -96843.43725691916,
                        82.02143951385837,
                        -313.70863571923405,
                        516.0459316087874
                    ],
                    [
                        -9894.26554561141,
                        -16028.81023762534,
                        -173.61909412432396,
                        -657.684775311754,
                        -3473.0344804357524,
                        53178.1850549539,
                        72737.50481682978,
                        69547.7138848865,
                        251.3639035773285,
                        124.35011690387294,
                        270.2805757167483
                    ],
                    [
                        -12762.022291981708,
                        -20291.68696060408,
                        -574.6833080386843,
                        -1289.263958010056,
                        -8754.898108804538,
                        72737.50481682978,
                        106600.8426516604,
                        126594.72535079333,
                        91.42024214119877,
                        -167.43437773198627,
                        53.724219477357934
                    ],
                    [
                        -17326.198419475735,
                        -38897.40211444002,
                        -3057.023362428756,
                        12505.273040500262,
                        -96843.43725691916,
                        69547.7138848865,
                        126594.72535079333,
                        2366685.4380417904,
                        559.3451985662443,
                        2748.163680232755,
                        10704.780619769357
                    ],
                    [
                        -782.9680794014155,
                        -1347.6870982242815,
                        14.204754567960832,
                        106.97610063712789,
                        82.02143951385834,
                        251.3639035773285,
                        91.42024214119877,
                        559.345198566244,
                        155.21554118085612,
                        146.20918192606388,
                        83.67874533454435
                    ],
                    [
                        -137.67236119744476,
                        -256.390613590883,
                        -29.795189844651244,
                        -194.50948409165937,
                        -313.70863571923417,
                        124.35011690387294,
                        -167.43437773198622,
                        2748.163680232755,
                        146.20918192606388,
                        373.6917040600887,
                        147.1633305865815
                    ],
                    [
                        -464.6846810481076,
                        -833.82635904939,
                        -6.841493357066478,
                        64.69595991516718,
                        516.0459316087874,
                        270.2805757167484,
                        53.72421947735788,
                        10704.780619769357,
                        83.67874533454435,
                        147.1633305865815,
                        609.3082886244435
                    ]
                ]
            },
            "est_tgt": [
                0,
                1,
                2,
                3,
                4,
                5,
                6,
                7,
                8,
                9,
                10
            ],
            "oracle_est_tgt": [
                0,
                1,
                2,
                3,
                4,
                5,
                6,
                7,
                8,
                9,
                10
            ]
        },
        "Akt": {
            "tgt_idx": 6,
            "true_params": {
                "Si": [
                    [
                        1496.0029201539076,
                        538.0535146741483,
                        -1.8973021915831723,
                        153.72921082965948,
                        93.55528864929862,
                        46.08843677434871,
                        118.68908333947893,
                        2618.924117867735,
                        2.320585657715416,
                        -34.766673739478954,
                        -104.75383695230462
                    ],
                    [
                        538.0535146741483,
                        486.7517674913826,
                        -4.843845560721441,
                        -49.08386453507015,
                        -4.764064132264484,
                        9.699117298998003,
                        3.05900146332665,
                        546.8550625010021,
                        -15.420752199198379,
                        -31.7557734028056,
                        -47.72232175470937
                    ],
                    [
                        -1.8973021915831723,
                        -4.843845560721441,
                        175.89757484408818,
                        421.76665258917814,
                        213.21208181963925,
                        18.577836491382755,
                        35.747118912224444,
                        541.5790175711426,
                        4.553011109418838,
                        4.6215035911823605,
                        -11.127054913026054
                    ],
                    [
                        153.72921082965948,
                        -49.08386453507015,
                        421.76665258917814,
                        23852.609966523036,
                        2374.2031323246483,
                        -10.461377380761466,
                        -2.834791348697362,
                        1428.1167394388754,
                        50.088075392785626,
                        -4.206936633266546,
                        -256.1396108737473
                    ],
                    [
                        93.55528864929862,
                        -4.764064132264484,
                        213.21208181963925,
                        2374.2031323246483,
                        6240.224107054106,
                        -29.47140389178364,
                        -105.10112549499004,
                        -297.6564783166323,
                        6.846181791583176,
                        -15.742595230460914,
                        -10.475304777555143
                    ],
                    [
                        46.08843677434871,
                        9.699117298998003,
                        18.577836491382755,
                        -10.461377380761466,
                        -29.47140389178364,
                        396.47444983206447,
                        790.9125040565128,
                        3750.6973137234445,
                        -2.6292287082164316,
                        -4.0252953667334666,
                        -8.867509594388778
                    ],
                    [
                        118.68908333947893,
                        3.05900146332665,
                        35.747118912224444,
                        -2.834791348697362,
                        -105.10112549499004,
                        790.9125040565128,
                        1898.517303010421,
                        11545.278168072144,
                        18.061455688577183,
                        11.38662543486975,
                        -27.079291927054097
                    ],
                    [
                        2618.924117867735,
                        546.8550625010021,
                        541.5790175711426,
                        1428.1167394388754,
                        -297.6564783166323,
                        3750.6973137234445,
                        11545.278168072144,
                        299894.6613785973,
                        166.43083103006003,
                        594.005131222445,
                        -227.97158457715432
                    ],
                    [
                        2.320585657715416,
                        -15.420752199198379,
                        4.553011109418838,
                        50.088075392785626,
                        6.846181791583176,
                        -2.6292287082164316,
                        18.061455688577183,
                        166.43083103006003,
                        97.95565918196402,
                        133.7955975871744,
                        21.723779938276547
                    ],
                    [
                        -34.766673739478954,
                        -31.7557734028056,
                        4.6215035911823605,
                        -4.206936633266546,
                        -15.742595230460914,
                        -4.0252953667334666,
                        11.38662543486975,
                        594.005131222445,
                        133.7955975871744,
                        288.85601306613216,
                        181.0111052585171
                    ],
                    [
                        -104.75383695230462,
                        -47.72232175470937,
                        -11.127054913026054,
                        -256.1396108737473,
                        -10.475304777555143,
                        -8.867509594388778,
                        -27.079291927054097,
                        -227.97158457715432,
                        21.723779938276547,
                        181.0111052585171,
                        842.7218204104208
                    ]
                ],
                "mui": [
                    58.731919999999995,
                    30.92706,
                    15.58916,
                    169.11509999999998,
                    48.79339999999999,
                    22.485259999999997,
                    45.078660000000006,
                    742.2803999999999,
                    15.470579999999998,
                    24.177599999999998,
                    15.88452
                ],
                "Ai": [
                    [
                        0.0,
                        0.0,
                        0.0,
                        0.0,
                        0.0,
                        0.0,
                        0.0,
                        1.0,
                        1.0,
                        0.0,
                        0.0
                    ],
                    [
                        1.0,
                        0.0,
                        0.0,
                        0.0,
                        0.0,
                        0.0,
                        0.0,
                        1.0,
                        1.0,
                        0.0,
                        0.0
                    ],
                    [
                        0.0,
                        0.0,
                        0.0,
                        0.0,
                        1.0,
                        0.0,
                        0.0,
                        0.0,
                        0.0,
                        0.0,
                        0.0
                    ],
                    [
                        0.0,
                        0.0,
                        1.0,
                        0.0,
                        1.0,
                        0.0,
                        0.0,
                        0.0,
                        0.0,
                        0.0,
                        0.0
                    ],
                    [
                        0.0,
                        0.0,
                        0.0,
                        0.0,
                        0.0,
                        0.0,
                        0.0,
                        0.0,
                        0.0,
                        0.0,
                        0.0
                    ],
                    [
                        0.0,
                        1.0,
                        0.0,
                        0.0,
                        0.0,
                        0.0,
                        0.0,
                        1.0,
                        0.0,
                        0.0,
                        0.0
                    ],
                    [
                        0.0,
                        0.0,
                        0.0,
                        0.0,
                        0.0,
                        0.0,
                        0.0,
                        0.0,
                        0.0,
                        0.0,
                        0.0
                    ],
                    [
                        0.0,
                        0.0,
                        0.0,
                        0.0,
                        0.0,
                        0.0,
                        0.0,
                        0.0,
                        0.0,
                        0.0,
                        0.0
                    ],
                    [
                        0.0,
                        0.0,
                        1.0,
                        1.0,
                        0.0,
                        0.0,
                        0.0,
                        0.0,
                        0.0,
                        0.0,
                        0.0
                    ],
                    [
                        0.0,
                        0.0,
                        0.0,
                        0.0,
                        0.0,
                        0.0,
                        0.0,
                        1.0,
                        1.0,
                        0.0,
                        0.0
                    ],
                    [
                        0.0,
                        0.0,
                        0.0,
                        0.0,
                        0.0,
                        0.0,
                        0.0,
                        1.0,
                        1.0,
                        0.0,
                        0.0
                    ]
                ]
            },
            "est_params": {
                "mui": [
                    282.2828005775298,
                    453.8133036107884,
                    405.46787451355823,
                    712.0015920284325,
                    18.80444628676909,
                    58.28993211728754,
                    365.5255334778105,
                    12.158740030543145,
                    95.35139198916673,
                    559.1347152819255,
                    324.0201418831654
                ],
                "Si": [
                    [
                        30415.047878500358,
                        49345.0618916654,
                        1886.504409818847,
                        3278.214037890516,
                        51.8686207842641,
                        133.97819439197406,
                        455.2139327887596,
                        -209.2775056836274,
                        19.22995322299642,
                        87.93057394953128,
                        -2131.2192132902514
                    ],
                    [
                        49345.0618916654,
                        81791.30523235002,
                        2636.167357755073,
                        4689.425749879082,
                        75.23746934866465,
                        292.02373110382376,
                        1228.8113436787075,
                        -347.81861817072604,
                        200.33913852797164,
                        963.6183143092853,
                        -4152.338640297148
                    ],
                    [
                        1886.504409818846,
                        2636.1673577550737,
                        229458.73664853917,
                        353682.49891173345,
                        10966.761049618553,
                        -1210.9670405497313,
                        -8494.656604548669,
                        23.529661445172696,
                        2831.998451901762,
                        13333.716533109699,
                        -4039.0379151448114
                    ],
                    [
                        3278.2140378905165,
                        4689.42574987908,
                        353682.4989117334,
                        555006.4788459274,
                        16969.493858616046,
                        -1680.762489984355,
                        -12081.227554833846,
                        333.33776617809195,
                        3782.126181743655,
                        17646.089793041127,
                        -6442.270134027186
                    ],
                    [
                        51.86862078426412,
                        75.23746934866477,
                        10966.761049618553,
                        16969.493858616046,
                        953.9491241471432,
                        -16.952604455497823,
                        -149.33672617304316,
                        20.937084326102323,
                        136.55341357476155,
                        655.9608288389162,
                        949.0348809642828
                    ],
                    [
                        133.9781943919741,
                        292.0237311038238,
                        -1210.9670405497313,
                        -1680.7624899843552,
                        -16.95260445549782,
                        1122.944136822246,
                        7285.054330711143,
                        105.06307014353852,
                        -89.25946208363462,
                        -595.6620338304358,
                        353.37812463641546
                    ],
                    [
                        455.2139327887599,
                        1228.8113436787075,
                        -8494.656604548669,
                        -12081.227554833846,
                        -149.3367261730432,
                        7285.054330711143,
                        50027.320303481254,
                        707.8048927441304,
                        -194.64763922208957,
                        -1670.2197364035637,
                        2625.2538448388445
                    ],
                    [
                        -209.2775056836274,
                        -347.81861817072604,
                        23.529661445172664,
                        333.33776617809195,
                        20.937084326102323,
                        105.06307014353855,
                        707.8048927441304,
                        147.5259365854241,
                        -24.81391940164877,
                        -145.92903215256106,
                        -84.29251925013376
                    ],
                    [
                        19.229953222996322,
                        200.33913852797178,
                        2831.998451901762,
                        3782.126181743654,
                        136.55341357476155,
                        -89.25946208363462,
                        -194.64763922208957,
                        -24.81391940164876,
                        4911.907288564092,
                        28440.562590767186,
                        6163.7218377112085
                    ],
                    [
                        87.93057394953175,
                        963.618314309285,
                        13333.716533109699,
                        17646.08979304113,
                        655.9608288389162,
                        -595.6620338304359,
                        -1670.2197364035642,
                        -145.92903215256106,
                        28440.562590767186,
                        168316.33783984566,
                        32268.941683543384
                    ],
                    [
                        -2131.2192132902524,
                        -4152.33864029715,
                        -4039.0379151448155,
                        -6442.270134027171,
                        949.034880964283,
                        353.37812463641586,
                        2625.2538448388445,
                        -84.29251925013386,
                        6163.7218377112085,
                        32268.941683543388,
                        84217.36117934507
                    ]
                ]
            },
            "est_tgt": [
                0,
                1,
                2,
                3,
                4,
                5,
                6,
                7,
                8,
                9,
                10
            ],
            "oracle_est_tgt": [
                1,
                3,
                4,
                5,
                7,
                8,
                9,
                10
            ]
        },
        "PKC": {
            "tgt_idx": 8,
            "true_params": {
                "Si": [
                    [
                        207126.90020440874,
                        310712.84259318636,
                        -4963.5691325851685,
                        -7844.6599442885745,
                        603.1355674549097,
                        405.7938179959922,
                        1088.8557987975958,
                        -377.14296753507,
                        -421.49978541081873,
                        1908.291466533055,
                        -16264.072014829657
                    ],
                    [
                        310712.84259318636,
                        469542.6074509017,
                        -7695.806620681361,
                        -11834.079313426839,
                        849.5037228857713,
                        559.4772726653304,
                        1223.3506236472936,
                        -588.4575422845688,
                        -174.26139006011826,
                        4471.578197595165,
                        -25403.96988336671
                    ],
                    [
                        -4963.5691325851685,
                        -7695.806620681361,
                        194300.44501723605,
                        302570.04278684553,
                        8809.739249737879,
                        -322.8332915999999,
                        -2575.5075326012025,
                        -71.7485690100199,
                        3397.84078290501,
                        17230.67580183567,
                        1242.9244714468923
                    ],
                    [
                        -7844.6599442885745,
                        -11834.079313426839,
                        302570.04278684553,
                        483230.6360533466,
                        14043.980377282562,
                        -153.76998131863715,
                        -1843.8059730661346,
                        113.69189955911821,
                        7281.52485637675,
                        35799.473651743516,
                        3559.6330467735384
                    ],
                    [
                        603.1355674549097,
                        849.5037228857713,
                        8809.739249737879,
                        14043.980377282562,
                        928.977090302204,
                        -3.566480965130262,
                        -50.243876617234484,
                        -5.553976080160315,
                        222.4000548505012,
                        1019.3955326332667,
                        183.57696202003993
                    ],
                    [
                        405.7938179959922,
                        559.4772726653304,
                        -322.8332915999999,
                        -153.76998131863715,
                        -3.566480965130262,
                        1231.3512483731465,
                        8017.838819767534,
                        105.51266197995993,
                        259.4069979342685,
                        1224.6888001643285,
                        1087.7748233547093
                    ],
                    [
                        1088.8557987975958,
                        1223.3506236472936,
                        -2575.5075326012025,
                        -1843.8059730661346,
                        -50.243876617234484,
                        8017.838819767534,
                        55182.75867190377,
                        694.2233077354708,
                        2304.287457282564,
                        11145.955668617236,
                        7514.578553266535
                    ],
                    [
                        -377.14296753507,
                        -588.4575422845688,
                        -71.7485690100199,
                        113.69189955911821,
                        -5.553976080160315,
                        105.51266197995993,
                        694.2233077354708,
                        353.71263190380756,
                        291.6385857074148,
                        1319.0254113827662,
                        491.6325634468936
                    ],
                    [
                        -421.49978541081873,
                        -174.26139006011826,
                        3397.84078290501,
                        7281.52485637675,
                        222.4000548505012,
                        259.4069979342685,
                        2304.287457282564,
                        291.6385857074148,
                        61835.341743597564,
                        307642.43401220837,
                        97211.47273131057
                    ],
                    [
                        1908.291466533055,
                        4471.578197595165,
                        17230.67580183567,
                        35799.473651743516,
                        1019.3955326332667,
                        1224.6888001643285,
