{
    "expt_args": {
        "save_dir": "expt_logs_30.04.24-noise-shift",
        "exp_name": "142",
        "num_nodes": 6,
        "obs_noise_mean": 0.0,
        "obs_noise_var": 1.0,
        "max_edge_strength": 1.0,
        "graph_sparsity_method": "adj_dense_prop",
        "adj_dense_prop": 0.8,
        "num_parents": null,
        "new_noise_mean": 2.0,
        "mix_samples": 65536,
        "stage2_samples": 65536,
        "gmm_tol": 0.001,
        "intv_targets": [
            0,
            1,
            2,
            3,
            4,
            5
        ]
    },
    "intv_args_dict": {
        "0": {
            "intv_type": "do",
            "inode": 0,
            "new_mui": 2.0,
            "true_params": {
                "Si": [
                    [
                        0.0,
                        0.0,
                        0.0,
                        0.0,
                        0.0,
                        0.0
                    ],
                    [
                        0.0,
                        1.0,
                        0.6311440395331003,
                        -0.4893970949836665,
                        -0.39336859658168144,
                        -1.4716589322994638
                    ],
                    [
                        0.0,
                        0.6311440395331003,
                        1.3983427986381596,
                        -1.0842927455214526,
                        -0.8715350376236035,
                        -2.057623592806366
                    ],
                    [
                        0.0,
                        -0.4893970949836665,
                        -1.0842927455214526,
                        1.8407743502776643,
                        0.6757993245171143,
                        1.595507436993673
                    ],
                    [
                        0.0,
                        -0.39336859658168144,
                        -0.8715350376236035,
                        0.6757993245171143,
                        1.5431953613558287,
                        2.062329074195494
                    ],
                    [
                        0.0,
                        -1.4716589322994638,
                        -2.057623592806366,
                        1.595507436993673,
                        2.062329074195494,
                        5.048184394834932
                    ]
                ],
                "mui": [
                    2.0,
                    1.4918457938248522,
                    2.1008742456065344,
                    -0.6230545773462968,
                    -2.83149734991662,
                    -5.8914097642767045
                ],
                "Ai": [
                    [
                        0.0,
                        0.0,
                        0.0,
                        0.0,
                        0.0,
                        0.0
                    ],
                    [
                        0.7459228969124261,
                        0.0,
                        0.0,
                        0.0,
                        0.0,
                        0.0
                    ],
                    [
                        0.5796523324657263,
                        0.6311440395331003,
                        0.0,
                        0.0,
                        0.0,
                        0.0
                    ],
                    [
                        0.5029949822544518,
                        0.0,
                        -0.7754126860576969,
                        0.0,
                        0.0,
                        0.0
                    ],
                    [
                        -0.7610503004001044,
                        0.0,
                        -0.6232627925515746,
                        -0.0,
                        0.0,
                        0.0
                    ],
                    [
                        -0.600117590480522,
                        -0.7592268038300571,
                        -0.6427191283482503,
                        0.0,
                        0.7798888477229942,
                        0.0
                    ]
                ]
            },
            "est_params": {
                "mui": [
                    2.0000005606092777,
                    1.4921289509607318,
                    2.100227090565858,
                    -0.6075845241122986,
                    -2.8329010182946734,
                    -5.916117471426055
                ],
                "Si": [
                    [
                        1.0080194966683604e-06,
                        2.5515742127033156e-09,
                        -1.2358250255547595e-06,
                        1.6588852623158758e-07,
                        -1.2323682023768944e-06,
                        3.744702446936715e-08
                    ],
                    [
                        2.551574212703177e-09,
                        1.00942702606613,
                        0.6338222717828137,
                        -0.5033894107132795,
                        -0.39645755998085447,
                        -1.4733630961186832
                    ],
                    [
                        -1.2358250255547593e-06,
                        0.6338222717828137,
                        1.3946911070072134,
                        -1.0983529687183267,
                        -0.8781768281971699,
                        -2.0393589488037205
                    ],
                    [
                        1.6588852623158753e-07,
                        -0.5033894107132795,
                        -1.0983529687183267,
                        1.8402639027558951,
                        0.7011646859744874,
                        1.6274148089320932
                    ],
                    [
                        -1.2323682023768944e-06,
                        -0.39645755998085447,
                        -0.8781768281971699,
                        0.7011646859744874,
                        1.5698692010393471,
                        2.0614050485062805
                    ],
                    [
                        3.744702446936696e-08,
                        -1.4733630961186834,
                        -2.0393589488037205,
                        1.6274148089320932,
                        2.061405048506281,
                        4.997832326425083
                    ]
                ]
            },
            "est_tgt": [
                0
            ]
        },
        "1": {
            "intv_type": "do",
            "inode": 1,
            "new_mui": 2.0,
            "true_params": {
                "Si": [
                    [
                        1.0,
                        0.0,
                        0.5796523324657263,
                        0.05352521015759382,
                        -1.1223260318417267,
                        -1.8479607880904885
                    ],
                    [
                        0.0,
                        0.0,
                        0.0,
                        0.0,
                        0.0,
                        0.0
                    ],
                    [
                        0.5796523324657263,
                        0.0,
                        1.335996826532957,
                        -0.7443866731441294,
                        -1.2738216946956347,
                        -2.1999696105817668
                    ],
                    [
                        0.05352521015759382,
                        0.0,
                        -0.7443866731441294,
                        1.604129781821627,
                        0.42321313937257077,
                        0.7763693411740151
                    ],
                    [
                        -1.1223260318417267,
                        0.0,
                        -1.2738216946956347,
                        0.42321313937257077,
                        2.6480722303287836,
                        3.557439163646666
                    ],
                    [
                        -1.8479607880904885,
                        0.0,
                        -2.1999696105817668,
                        0.7763693411740151,
                        3.557439163646666,
                        6.297363456138154
                    ]
                ],
                "mui": [
                    0.0,
                    2.0,
                    1.2622880790662006,
                    -0.978794189967333,
                    -0.7867371931633629,
                    -2.9433178645989275
                ],
                "Ai": [
                    [
                        0.0,
                        0.0,
                        0.0,
                        0.0,
                        0.0,
                        0.0
                    ],
                    [
                        0.0,
                        0.0,
                        0.0,
                        0.0,
                        0.0,
                        0.0
                    ],
                    [
                        0.5796523324657263,
                        0.6311440395331003,
                        0.0,
                        0.0,
                        0.0,
                        0.0
                    ],
                    [
                        0.5029949822544518,
                        0.0,
                        -0.7754126860576969,
                        0.0,
                        0.0,
                        0.0
                    ],
                    [
                        -0.7610503004001044,
                        0.0,
                        -0.6232627925515746,
                        -0.0,
                        0.0,
                        0.0
                    ],
                    [
                        -0.600117590480522,
                        -0.7592268038300571,
                        -0.6427191283482503,
                        0.0,
                        0.7798888477229942,
                        0.0
                    ]
                ]
            },
            "est_params": {
                "mui": [
                    0.0009284143986040798,
                    2.0000000376871405,
                    1.2627233977417482,
                    -0.9838225490489145,
                    -0.7953516664095407,
                    -2.943822520351501
                ],
                "Si": [
                    [
                        0.9972079744645441,
                        -6.945462021376717e-08,
                        0.5926812132344607,
                        0.045243561506753356,
                        -1.1403491750115256,
                        -1.8555301966500195
                    ],
                    [
                        -6.945462021376717e-08,
                        1.0028645889264154e-06,
                        1.8149215339030304e-07,
                        -4.0339090344279416e-07,
                        -3.4944568065351704e-07,
                        -7.669437745352328e-07
                    ],
                    [
                        0.5926812132344605,
                        1.8149215339030317e-07,
                        1.3497504768925568,
                        -0.7491908343329002,
                        -1.298644707565626,
                        -2.1986483038383726
                    ],
                    [
                        0.045243561506753356,
                        -4.033909034427941e-07,
                        -0.7491908343329002,
                        1.5930332083767929,
                        0.4212957514197974,
                        0.7672056609032432
                    ],
                    [
                        -1.1403491750115253,
                        -3.4944568065351704e-07,
                        -1.298644707565626,
                        0.42129575141979736,
                        2.695673631508966,
                        3.588377944617956
                    ],
                    [
                        -1.8555301966500195,
                        -7.669437745352333e-07,
                        -2.198648303838372,
                        0.7672056609032432,
                        3.588377944617956,
                        6.276567246869123
                    ]
                ]
            },
            "est_tgt": [
                1
            ]
        },
        "2": {
            "intv_type": "do",
            "inode": 2,
            "new_mui": 2.0,
            "true_params": {
                "Si": [
                    [
                        1.0,
                        0.7459228969124261,
                        0.0,
                        0.5029949822544518,
                        -0.7610503004001044,
                        -1.7599768892452765
                    ],
                    [
                        0.7459228969124261,
                        1.5564009681382258,
                        0.0,
                        0.37519547429565503,
                        -0.567684844770518,
                        -2.0720338635548137
                    ],
                    [
                        0.0,
                        0.0,
                        0.0,
                        0.0,
                        0.0,
                        0.0
                    ],
                    [
                        0.5029949822544518,
                        0.37519547429565503,
                        0.0,
                        1.2530039521731564,
                        -0.3828044823444957,
                        -0.8852595441741732
                    ],
                    [
                        -0.7610503004001044,
                        -0.567684844770518,
                        0.0,
                        -0.3828044823444957,
                        1.579197559739089,
                        2.119319787980353
                    ],
                    [
                        -1.7599768892452765,
                        -2.0720338635548137,
                        0.0,
                        -0.8852595441741732,
                        2.119319787980353,
                        5.282170605134184
                    ]
                ],
                "mui": [
                    0.0,
                    0.0,
                    2.0,
                    -1.5508253721153937,
                    -1.2465255851031491,
                    -2.2575896589198265
                ],
                "Ai": [
                    [
                        0.0,
                        0.0,
                        0.0,
                        0.0,
                        0.0,
                        0.0
                    ],
                    [
                        0.7459228969124261,
                        0.0,
                        0.0,
                        0.0,
                        0.0,
                        0.0
                    ],
                    [
                        0.0,
                        0.0,
                        0.0,
                        0.0,
                        0.0,
                        0.0
                    ],
                    [
                        0.5029949822544518,
                        0.0,
                        -0.7754126860576969,
                        0.0,
                        0.0,
                        0.0
                    ],
                    [
                        -0.7610503004001044,
                        0.0,
                        -0.6232627925515746,
                        -0.0,
                        0.0,
                        0.0
                    ],
                    [
                        -0.600117590480522,
                        -0.7592268038300571,
                        -0.6427191283482503,
                        0.0,
                        0.7798888477229942,
                        0.0
                    ]
                ]
            },
            "est_params": {
                "mui": [
                    0.0020100254064667894,
                    0.0050152096205756495,
                    1.9999997786924653,
                    -1.5598523487634477,
                    -1.2452392453424612,
                    -2.2707401816254436
                ],
                "Si": [
                    [
                        1.0212102364639855,
                        0.7636245136437189,
                        -1.580806184690855e-07,
                        0.5103938140184209,
                        -0.7649881085437321,
                        -1.795994770926251
                    ],
                    [
                        0.7636245136437189,
                        1.5610864704829406,
                        4.118401768804902e-07,
                        0.3774497154700734,
                        -0.5694855815942477,
                        -2.0994456051852524
                    ],
                    [
                        -1.5808061846908548e-07,
                        4.118401768804903e-07,
                        1.0054544440520608e-06,
                        -1.0382808348696432e-07,
                        1.1789352493714338e-06,
                        -1.8648931461640628e-07
                    ],
                    [
                        0.5103938140184209,
                        0.3774497154700734,
                        -1.0382808348696422e-07,
                        1.2476905440208512,
                        -0.37401414480726536,
                        -0.875221898019265
                    ],
                    [
                        -0.764988108543732,
                        -0.5694855815942477,
                        1.1789352493714338e-06,
                        -0.3740141448072653,
                        1.5947430955154152,
                        2.134592276152546
                    ],
                    [
                        -1.795994770926251,
                        -2.0994456051852524,
                        -1.8648931461640628e-07,
                        -0.875221898019265,
                        2.134592276152546,
                        5.351582233373783
                    ]
                ]
            },
            "est_tgt": [
                2
            ]
        },
        "3": {
            "intv_type": "do",
            "inode": 3,
            "new_mui": 2.0,
            "true_params": {
                "Si": [
                    [
                        1.0,
                        0.7459228969124261,
                        1.0504371228032672,
                        0.0,
                        -1.41574867495831,
                        -2.9457048821383522
                    ],
                    [
                        0.7459228969124261,
                        1.5564009681382258,
                        1.4146891411988674,
                        0.0,
                        -1.4494079495065129,
                        -3.6689276514331803
                    ],
                    [
                        1.0504371228032672,
                        1.4146891411988674,
                        2.501760947601366,
                        0.0,
                        -2.3586900023593484,
                        -5.151901353827314
                    ],
                    [
                        0.0,
                        0.0,
                        0.0,
                        0.0,
                        0.0,
                        0.0
                    ],
                    [
                        -1.41574867495831,
                        -1.4494079495065129,
                        -2.3586900023593484,
                        0.0,
                        3.547539672002039,
                        6.232706857901091
                    ],
                    [
                        -2.9457048821383522,
                        -3.6689276514331803,
                        -5.151901353827314,
                        0.0,
                        6.232706857901091,
                        13.725361647488656
                    ]
                ],
                "mui": [
                    0.0,
                    0.0,
                    0.0,
                    2.0,
                    0.0,
                    0.0
                ],
                "Ai": [
                    [
                        0.0,
                        0.0,
                        0.0,
                        0.0,
                        0.0,
                        0.0
                    ],
                    [
                        0.7459228969124261,
                        0.0,
                        0.0,
                        0.0,
                        0.0,
                        0.0
                    ],
                    [
                        0.5796523324657263,
                        0.6311440395331003,
                        0.0,
                        0.0,
                        0.0,
                        0.0
                    ],
                    [
                        0.0,
                        0.0,
                        0.0,
                        0.0,
                        0.0,
                        0.0
                    ],
                    [
                        -0.7610503004001044,
                        0.0,
                        -0.6232627925515746,
                        -0.0,
                        0.0,
                        0.0
                    ],
                    [
                        -0.600117590480522,
                        -0.7592268038300571,
                        -0.6427191283482503,
                        0.0,
                        0.7798888477229942,
                        0.0
                    ]
                ]
            },
            "est_params": {
                "mui": [
                    -0.01015578355030787,
                    -0.0019779972558340744,
                    0.010613642677465306,
                    1.9999994017654668,
                    0.015155807399629068,
                    0.021775946009014086
                ],
                "Si": [
                    [
                        1.0105375945950998,
                        0.7445972716020212,
                        1.059467146761831,
                        -4.409778260917097e-07,
                        -1.4253678236979412,
                        -2.9722583654594303
                    ],
                    [
                        0.7445972716020212,
                        1.5373591916754603,
                        1.4120977356933504,
                        -5.046923149691765e-07,
                        -1.4377773224716908,
                        -3.625862203532557
                    ],
                    [
                        1.059467146761831,
                        1.4120977356933504,
                        2.5089388198456,
                        1.9413280933711393e-07,
                        -2.3814282042329347,
                        -5.167454999183166
                    ],
                    [
                        -4.409778260917096e-07,
                        -5.046923149691765e-07,
                        1.9413280933711396e-07,
                        1.008025485110044e-06,
                        6.476002485744447e-07,
                        4.87634336417766e-07
                    ],
                    [
                        -1.4253678236979412,
                        -1.4377773224716912,
                        -2.3814282042329347,
                        6.476002485744447e-07,
                        3.5508772536133972,
                        6.234146370131865
                    ],
                    [
                        -2.9722583654594303,
                        -3.625862203532557,
                        -5.167454999183166,
                        4.876343364177654e-07,
                        6.234146370131865,
                        13.691157623454512
                    ]
                ]
            },
            "est_tgt": [
                3
            ]
        },
        "4": {
            "intv_type": "do",
            "inode": 4,
            "new_mui": 2.0,
            "true_params": {
                "Si": [
                    [
                        1.0,
                        0.7459228969124261,
                        1.0504371228032672,
                        -0.3115272886731484,
                        0.0,
                        -1.8415782793597602
                    ],
                    [
                        0.7459228969124261,
                        1.5564009681382258,
                        1.4146891411988674,
                        -0.7217724326180149,
                        0.0,
                        -2.538550555811998
                    ],
                    [
                        1.0504371228032672,
                        1.4146891411988674,
                        2.501760947601366,
                        -1.4115325743099774,
                        0.0,
                        -3.3123853257515354
                    ],
                    [
                        -0.3115272886731484,
                        -0.7217724326180149,
                        -1.4115325743099774,
                        1.9378236018657073,
                        0.0,
                        1.642160968752351
                    ],
                    [
                        0.0,
                        0.0,
                        0.0,
                        0.0,
                        0.0,
                        0.0
                    ],
                    [
                        -1.8415782793597602,
                        -2.538550555811998,
                        -3.3123853257515354,
                        1.642160968752351,
                        0.0,
                        6.161432553861365
                    ]
                ],
                "mui": [
                    0.0,
                    0.0,
                    0.0,
                    0.0,
                    2.0,
                    1.5597776954459883
                ],
                "Ai": [
                    [
                        0.0,
                        0.0,
                        0.0,
                        0.0,
                        0.0,
                        0.0
                    ],
                    [
                        0.7459228969124261,
                        0.0,
                        0.0,
                        0.0,
                        0.0,
                        0.0
                    ],
                    [
                        0.5796523324657263,
                        0.6311440395331003,
                        0.0,
                        0.0,
                        0.0,
                        0.0
                    ],
                    [
                        0.5029949822544518,
                        0.0,
                        -0.7754126860576969,
                        0.0,
                        0.0,
                        0.0
                    ],
                    [
                        0.0,
                        0.0,
                        0.0,
                        0.0,
                        0.0,
                        0.0
                    ],
                    [
                        -0.600117590480522,
                        -0.7592268038300571,
                        -0.6427191283482503,
                        0.0,
                        0.7798888477229942,
                        0.0
                    ]
                ]
            },
            "est_params": {
                "mui": [
                    -0.017807498089697837,
                    -0.007953241320963058,
                    -0.01298962297855228,
                    0.001606199584746097,
                    1.9999994626456177,
                    1.5764368105775621
                ],
                "Si": [
                    [
                        1.0231200038536061,
                        0.7599102960364085,
                        1.074655488832971,
                        -0.3035713709815326,
                        -8.93552867142091e-08,
                        -1.882118075955768
                    ],
                    [
                        0.7599102960364085,
                        1.5618540163155308,
                        1.4319519300138523,
                        -0.702261446900403,
                        7.659962412826504e-07,
                        -2.564380255566016
                    ],
                    [
                        1.074655488832971,
                        1.4319519300138523,
                        2.542241595708078,
                        -1.3976999028368575,
                        1.0481842458267866e-06,
                        -3.3578143484481706
                    ],
                    [
                        -0.3035713709815326,
                        -0.702261446900403,
                        -1.3976999028368575,
                        1.9330396892854764,
                        -9.597435510809279e-07,
                        1.6140590872333869
                    ],
                    [
                        -8.935528671420908e-08,
                        7.659962412826504e-07,
                        1.0481842458267864e-06,
                        -9.597435510809279e-07,
                        1.0027921446044241e-06,
                        8.306893873065552e-08
                    ],
                    [
                        -1.882118075955768,
                        -2.564380255566016,
                        -3.3578143484481706,
                        1.6140590872333866,
                        8.306893873065561e-08,
                        6.205808389036495
                    ]
                ]
            },
            "est_tgt": [
                4
            ]
        },
        "5": {
            "intv_type": "do",
            "inode": 5,
            "new_mui": 2.0,
            "true_params": {
                "Si": [
                    [
                        1.0,
                        0.7459228969124261,
                        1.0504371228032672,
                        -0.3115272886731484,
                        -1.41574867495831,
                        0.0
                    ],
                    [
                        0.7459228969124261,
                        1.5564009681382258,
                        1.4146891411988674,
                        -0.7217724326180149,
                        -1.4494079495065129,
                        0.0
                    ],
                    [
                        1.0504371228032672,
                        1.4146891411988674,
                        2.501760947601366,
                        -1.4115325743099774,
                        -2.3586900023593484,
                        0.0
                    ],
                    [
                        -0.3115272886731484,
                        -0.7217724326180149,
                        -1.4115325743099774,
                        1.9378236018657073,
                        1.116843670669479,
                        0.0
                    ],
                    [
                        -1.41574867495831,
                        -1.4494079495065129,
                        -2.3586900023593484,
                        1.116843670669479,
                        3.547539672002039,
                        0.0
                    ],
                    [
                        0.0,
                        0.0,
                        0.0,
                        0.0,
                        0.0,
                        0.0
                    ]
                ],
                "mui": [
                    0.0,
                    0.0,
                    0.0,
                    0.0,
                    0.0,
                    2.0
                ],
                "Ai": [
                    [
                        0.0,
                        0.0,
                        0.0,
                        0.0,
                        0.0,
                        0.0
                    ],
                    [
                        0.7459228969124261,
                        0.0,
                        0.0,
                        0.0,
                        0.0,
                        0.0
                    ],
                    [
                        0.5796523324657263,
                        0.6311440395331003,
                        0.0,
                        0.0,
                        0.0,
                        0.0
                    ],
                    [
                        0.5029949822544518,
                        0.0,
                        -0.7754126860576969,
                        0.0,
                        0.0,
                        0.0
                    ],
                    [
                        -0.7610503004001044,
                        0.0,
                        -0.6232627925515746,
                        -0.0,
                        0.0,
                        0.0
                    ],
                    [
                        0.0,
                        0.0,
                        0.0,
                        0.0,
                        0.0,
                        0.0
                    ]
                ]
            },
            "est_params": {
                "mui": [
                    0.004130354597391656,
                    0.005319612247045456,
                    -0.012224872915989986,
                    0.014814000600542289,
                    0.0017895537159673138,
                    1.999999746040458
                ],
                "Si": [
                    [
                        1.0132808460863214,
                        0.7606711440126214,
                        1.0552803260100911,
                        -0.29847703795134733,
                        -1.4468518259796919,
                        6.938744818755223e-07
                    ],
                    [
                        0.7606711440126214,
                        1.576046804766059,
                        1.4340553145291013,
                        -0.7350369292955973,
                        -1.4810715270073547,
                        2.0393681429121826e-07
                    ],
                    [
                        1.0552803260100914,
                        1.4340553145291013,
                        2.513078797424786,
                        -1.4185208160723795,
                        -2.383800408067476,
                        -4.010889015209447e-07
                    ],
                    [
                        -0.2984770379513473,
                        -0.7350369292955973,
                        -1.4185208160723795,
                        1.9390453386149158,
                        1.120427671560175,
                        5.442498017999512e-07
                    ],
                    [
                        -1.4468518259796919,
                        -1.4810715270073547,
                        -2.383800408067476,
                        1.120427671560175,
                        3.6007657225952627,
                        -4.3254098117146074e-07
                    ],
                    [
                        6.938744818755224e-07,
                        2.0393681429121826e-07,
                        -4.010889015209446e-07,
                        5.44249801799951e-07,
                        -4.3254098117146074e-07,
                        1.004065220853155e-06
                    ]
                ]
            },
            "est_tgt": [
                5
            ]
        },
        "obs": {
            "intv_type": "obs",
            "true_params": {
                "Si": [
                    [
                        1.0,
                        0.7459228969124261,
                        1.0504371228032672,
                        -0.3115272886731484,
                        -1.41574867495831,
                        -2.9457048821383522
                    ],
                    [
                        0.7459228969124261,
                        1.5564009681382258,
                        1.4146891411988674,
                        -0.7217724326180149,
                        -1.4494079495065129,
                        -3.6689276514331803
                    ],
                    [
                        1.0504371228032672,
                        1.4146891411988674,
                        2.501760947601366,
                        -1.4115325743099774,
                        -2.3586900023593484,
                        -5.151901353827314
                    ],
                    [
                        -0.3115272886731484,
                        -0.7217724326180149,
                        -1.4115325743099774,
                        1.9378236018657073,
                        1.116843670669479,
                        2.5131748921574903
                    ],
                    [
                        -1.41574867495831,
                        -1.4494079495065129,
                        -2.3586900023593484,
                        1.116843670669479,
                        3.547539672002039,
                        6.232706857901091
                    ],
                    [
                        -2.9457048821383522,
                        -3.6689276514331803,
                        -5.151901353827314,
                        2.5131748921574903,
                        6.232706857901091,
                        13.725361647488656
                    ]
                ],
                "mui": [
                    0.0,
                    0.0,
                    0.0,
                    0.0,
                    0.0,
                    0.0
                ],
                "Ai": [
                    [
                        0.0,
                        0.0,
                        0.0,
                        0.0,
                        0.0,
                        0.0
                    ],
                    [
                        0.7459228969124261,
                        0.0,
                        0.0,
                        0.0,
                        0.0,
                        0.0
                    ],
                    [
                        0.5796523324657263,
                        0.6311440395331003,
                        0.0,
                        0.0,
                        0.0,
                        0.0
                    ],
                    [
                        0.5029949822544518,
                        0.0,
                        -0.7754126860576969,
                        0.0,
                        0.0,
                        0.0
                    ],
                    [
                        -0.7610503004001044,
                        0.0,
                        -0.6232627925515746,
                        -0.0,
                        0.0,
                        0.0
                    ],
                    [
                        -0.600117590480522,
                        -0.7592268038300571,
                        -0.6427191283482503,
                        0.0,
                        0.7798888477229942,
                        0.0
                    ]
                ]
            },
            "est_params": {
                "mui": [
                    0.0052096708407542765,
                    0.028687607636637934,
                    0.012393688435281379,
