{
    "expt_args": {
        "save_dir": "all_expt_logs/expt_logs_sim_compsel_n48_middleout_oracle_corr-half6",
        "exp_name": "48",
        "num_nodes": 6,
        "num_tgt_prior": 7,
        "obs_noise_mean": 0.0,
        "obs_noise_var": 1.0,
        "obs_noise_gamma_shape": 2.0,
        "noise_type": "gaussian",
        "max_edge_strength": 1.0,
        "graph_sparsity_method": "adj_dense_prop",
        "adj_dense_prop": 0.8,
        "num_parents": null,
        "new_noise_mean": 1.0,
        "mix_samples": 16384,
        "stage2_samples": 16384,
        "gmm_tol": 0.001,
        "intv_type": "do",
        "new_noise_var": null,
        "dtype": "simulation",
        "cutoff_drop_ratio": 0.07,
        "intv_targets": [
            0,
            1,
            2,
            3,
            4,
            5
        ]
    },
    "intv_args_dict": {
        "0": {
            "intv_type": "do",
            "inode": 0,
            "new_mui": 1.0,
            "new_vari": null,
            "noise_type": "gaussian",
            "obs_noise_gamma_shape": 2.0,
            "true_params": {
                "Si": [
                    [
                        1e-09,
                        -9.197614440703777e-10,
                        6.705728568159286e-11,
                        -1.4373775215907338e-09,
                        2.4395024791711675e-09,
                        -1.437614270874364e-09
                    ],
                    [
                        -9.197614440703777e-10,
                        1.000000000845961,
                        -0.958894689811207,
                        0.15954243089807968,
                        -0.10471230970552857,
                        0.8635359005476272
                    ],
                    [
                        6.705728568159286e-11,
                        -0.958894689811207,
                        1.9194790260343446,
                        0.3995003757541221,
                        -1.2662416790255722,
                        -0.09358613945007443
                    ],
                    [
                        -1.4373775215907338e-09,
                        0.15954243089807968,
                        0.3995003757541221,
                        1.3306932037517847,
                        -1.5536115652212714,
                        0.9637219338445044
                    ],
                    [
                        2.4395024791711675e-09,
                        -0.10471230970552857,
                        -1.2662416790255722,
                        -1.5536115652212714,
                        3.489989304001224,
                        -1.9600920960685757
                    ],
                    [
                        -1.437614270874364e-09,
                        0.8635359005476272,
                        -0.09358613945007443,
                        0.9637219338445044,
                        -1.9600920960685757,
                        2.750476768775221
                    ]
                ],
                "mui": [
                    1.0,
                    -0.9197614440703776,
                    0.06705728568159286,
                    -1.4373775215907338,
                    2.4395024791711672,
                    -1.437614270874364
                ],
                "Ai": [
                    [
                        0.0,
                        0.0,
                        0.0,
                        0.0,
                        0.0,
                        0.0
                    ],
                    [
                        -0.9197614440703776,
                        0.0,
                        0.0,
                        0.0,
                        0.0,
                        0.0
                    ],
                    [
                        -0.8148970788738519,
                        -0.9588946897495303,
                        0.0,
                        0.0,
                        0.0,
                        0.0
                    ],
                    [
                        -0.8404183255735341,
                        0.6893171362890381,
                        0.5524847643607074,
                        0.0,
                        0.0,
                        0.0
                    ],
                    [
                        0.5724302102558325,
                        -0.8762412853882102,
                        -0.9346882500129732,
                        -0.7818523380504934,
                        0.0,
                        0.0
                    ],
                    [
                        0.6158921055247024,
                        0.8072622585459541,
                        -0.0,
                        -0.0,
                        -0.5374119054721148,
                        0.0
                    ]
                ]
            },
            "est_params": {
                "mui": [
                    0.9999986102438084,
                    -0.9307752482800548,
                    0.05137656422374821,
                    -1.4789576693976731,
                    2.529495369442626,
                    -1.4929686987032094
                ],
                "Si": [
                    [
                        1.0105728579955958e-06,
                        -1.8718289647695746e-06,
                        1.196389648082621e-06,
                        -5.644587458693925e-06,
                        4.781393303980233e-06,
                        2.692347833808323e-07
                    ],
                    [
                        -1.8718289647695746e-06,
                        0.9978034702720421,
                        -0.9382193618089264,
                        0.17840497254454077,
                        -0.13749808847729852,
                        0.8606160956469243
                    ],
                    [
                        1.1963896480826215e-06,
                        -0.9382193618089264,
                        1.8948855379666811,
                        0.4258226084076942,
                        -1.2808364062101791,
                        -0.04189899277386955
                    ],
                    [
                        -5.644587458693925e-06,
                        0.17840497254454077,
                        0.42582260840769426,
                        1.4547406098332385,
                        -1.7193630682694647,
                        1.0798538147632823
                    ],
                    [
                        4.781393303980234e-06,
                        -0.13749808847729852,
                        -1.2808364062101791,
                        -1.7193630682694647,
                        3.6911226308574214,
                        -2.1189094093219074
                    ],
                    [
                        2.692347833808321e-07,
                        0.8606160956469244,
                        -0.041898992773869534,
                        1.0798538147632823,
                        -2.1189094093219074,
                        2.8131819461724628
                    ]
                ]
            },
            "est_tgt": [
                0
            ],
            "oracle_est_tgt": [
                0
            ]
        },
        "1": {
            "intv_type": "do",
            "inode": 1,
            "new_mui": 1.0,
            "new_vari": null,
            "noise_type": "gaussian",
            "obs_noise_gamma_shape": 2.0,
            "true_params": {
                "Si": [
                    [
                        1.0,
                        0.0,
                        -0.8148970788738519,
                        -1.290636546173383,
                        2.34319213604819,
                        -0.6433672451962305
                    ],
                    [
                        0.0,
                        1e-09,
                        -9.588946897495303e-10,
                        1.5954242957603527e-10,
                        -1.0471230746176826e-10,
                        8.63535899225365e-10
                    ],
                    [
                        -0.8148970788738519,
                        -9.588946897495303e-10,
                        1.664057250076616,
                        1.60422071557225,
                        -3.2761101815711116,
                        1.2587319367471017
                    ],
                    [
                        -1.290636546173383,
                        1.5954242957603527e-10,
                        1.60422071557225,
                        2.9709821091945194,
                        -4.561114911282396,
                        1.6563045957884863
                    ],
                    [
                        2.34319213604819,
                        -1.0471230746176826e-10,
                        -3.2761101815711116,
                        -4.561114911282396,
                        8.96957401716513,
                        -3.377202325602769
                    ],
                    [
                        -0.6433672451962305,
                        8.63535899225365e-10,
                        1.2587319367471017,
                        1.6563045957884863,
                        -3.377202325602769,
                        2.4187039303946074
                    ]
                ],
                "mui": [
                    0.0,
                    1.0,
                    -0.9588946897495303,
                    0.15954242957603526,
                    -0.10471230746176825,
                    0.863535899225365
                ],
                "Ai": [
                    [
                        0.0,
                        0.0,
                        0.0,
                        0.0,
                        0.0,
                        0.0
                    ],
                    [
                        0.0,
                        0.0,
                        0.0,
                        0.0,
                        0.0,
                        0.0
                    ],
                    [
                        -0.8148970788738519,
                        -0.9588946897495303,
                        0.0,
                        0.0,
                        0.0,
                        0.0
                    ],
                    [
                        -0.8404183255735341,
                        0.6893171362890381,
                        0.5524847643607074,
                        0.0,
                        0.0,
                        0.0
                    ],
                    [
                        0.5724302102558325,
                        -0.8762412853882102,
                        -0.9346882500129732,
                        -0.7818523380504934,
                        0.0,
                        0.0
                    ],
                    [
                        0.6158921055247024,
                        0.8072622585459541,
                        -0.0,
                        -0.0,
                        -0.5374119054721148,
                        0.0
                    ]
                ]
            },
            "est_params": {
                "mui": [
                    0.002821489372696568,
                    0.9999997295450533,
                    -0.9401097277776291,
                    0.14289592659638153,
                    -0.12833253840097922,
                    0.891748294377276
                ],
                "Si": [
                    [
                        0.9600428980633147,
                        -1.303051733245264e-06,
                        -0.7674246723370812,
                        -1.2217738036935073,
                        2.218874502033449,
                        -0.5740706331312904
                    ],
                    [
                        -1.3030517332452637e-06,
                        1.0215467741676743e-06,
                        -1.5214544913117174e-06,
                        4.7076310421455476e-06,
                        -2.1009646079113087e-06,
                        -1.751119332276072e-06
                    ],
                    [
                        -0.7674246723370812,
                        -1.521454491311717e-06,
                        1.5861824890839318,
                        1.5296231040219805,
                        -3.135882024514447,
                        1.190465001739875
                    ],
                    [
                        -1.2217738036935073,
                        4.7076310421455476e-06,
                        1.52962310402198,
                        2.850763553192818,
                        -4.3655136838005575,
                        1.553712970342817
                    ],
                    [
                        2.2188745020334486,
                        -2.1009646079113087e-06,
                        -3.135882024514447,
                        -4.3655136838005575,
                        8.633279641383425,
                        -3.202803413688264
                    ],
                    [
                        -0.5740706331312904,
                        -1.7511193322760716e-06,
                        1.190465001739875,
                        1.553712970342817,
                        -3.202803413688264,
                        2.3221533617480183
                    ]
                ]
            },
            "est_tgt": [
                1,
                2
            ],
            "oracle_est_tgt": [
                1,
                2
            ]
        },
        "2": {
            "intv_type": "do",
            "inode": 2,
            "new_mui": 1.0,
            "new_vari": null,
            "noise_type": "gaussian",
            "obs_noise_gamma_shape": 2.0,
            "true_params": {
                "Si": [
                    [
                        1.0,
                        -0.9197614440703776,
                        0.0,
                        -1.4744256502691973,
                        2.5311463022031675,
                        -1.4868647524347405
                    ],
                    [
                        -0.9197614440703776,
                        1.8459611139984264,
                        0.0,
                        2.0454370015550407,
                        -3.743236278121847,
                        2.9353606665632386
                    ],
                    [
                        0.0,
                        0.0,
                        1e-09,
                        5.524847643607074e-10,
                        -1.3666497547656683e-09,
                        7.344538488216161e-10
                    ],
                    [
                        -1.4744256502691973,
                        2.0454370015550407,
                        5.524847643607074e-10,
                        3.649089112858705,
                        -5.489350987572964,
                        3.6931595494416842
                    ],
                    [
                        2.5311463022031675,
                        -3.743236278121847,
                        -1.3666497547656683e-09,
                        -5.489350987572964,
                        10.020744683102798,
                        -6.848127841088657
                    ],
                    [
                        -1.4868647524347405,
                        2.9353606665632386,
                        7.344538488216161e-10,
                        3.6931595494416842,
                        -6.848127841088657,
                        6.134123050325396
                    ]
                ],
                "mui": [
                    0.0,
                    0.0,
                    1.0,
                    0.5524847643607074,
                    -1.3666497547656682,
                    0.7344538488216161
                ],
                "Ai": [
                    [
                        0.0,
                        0.0,
                        0.0,
                        0.0,
                        0.0,
                        0.0
                    ],
                    [
                        -0.9197614440703776,
                        0.0,
                        0.0,
                        0.0,
                        0.0,
                        0.0
                    ],
                    [
                        0.0,
                        0.0,
                        0.0,
                        0.0,
                        0.0,
                        0.0
                    ],
                    [
                        -0.8404183255735341,
                        0.6893171362890381,
                        0.5524847643607074,
                        0.0,
                        0.0,
                        0.0
                    ],
                    [
                        0.5724302102558325,
                        -0.8762412853882102,
                        -0.9346882500129732,
                        -0.7818523380504934,
                        0.0,
                        0.0
                    ],
                    [
                        0.6158921055247024,
                        0.8072622585459541,
                        -0.0,
                        -0.0,
                        -0.5374119054721148,
                        0.0
                    ]
                ]
            },
            "est_params": {
                "mui": [
                    0.014425474880825791,
                    -0.03283961180989224,
                    0.999997579276345,
                    0.5721282792192438,
                    -1.3200987696667945,
                    0.7129149605580586
                ],
                "Si": [
                    [
                        0.9876491760855266,
                        -0.8788605161958843,
                        -1.0095806409561618e-06,
                        -1.4240914766125032,
                        2.4156428923321895,
                        -1.370672496463038
                    ],
                    [
                        -0.8788605161958846,
                        1.7694984171940504,
                        9.915798929493796e-07,
                        1.929514932649641,
                        -3.4928925267973945,
                        2.7396491035441697
                    ],
                    [
                        -1.0095806409561614e-06,
                        9.915798929493792e-07,
                        1.008914632175685e-06,
                        2.8106716197157777e-06,
                        -2.581057228812457e-06,
                        -7.82042076146991e-07
                    ],
                    [
                        -1.4240914766125032,
                        1.929514932649641,
                        2.8106716197157777e-06,
                        3.5110973866050057,
                        -5.174951746581235,
                        3.4351117289194115
                    ],
                    [
                        2.4156428923321895,
                        -3.4928925267973945,
                        -2.581057228812457e-06,
                        -5.174951746581235,
                        9.388737244890129,
                        -6.31869266904701
                    ],
                    [
                        -1.370672496463038,
                        2.7396491035441697,
                        -7.820420761469904e-07,
                        3.435111728919411,
                        -6.31869266904701,
                        5.756585737931274
                    ]
                ]
            },
            "est_tgt": [
                1,
                2
            ],
            "oracle_est_tgt": [
                1,
                2
            ]
        },
        "3": {
            "intv_type": "do",
            "inode": 3,
            "new_mui": 1.0,
            "new_vari": null,
            "noise_type": "gaussian",
            "obs_noise_gamma_shape": 2.0,
            "true_params": {
                "Si": [
                    [
                        1.0,
                        -0.9197614440703776,
                        0.06705728568159286,
                        0.0,
                        1.3156855032542285,
                        -0.8336616484449322
                    ],
                    [
                        -0.9197614440703776,
                        1.8459611139984264,
                        -1.020571395663472,
                        0.0,
                        -1.1900904842950597,
                        1.5632697205546695
                    ],
                    [
                        0.06705728568159286,
                        -1.020571395663472,
                        1.9239757055928308,
                        0.0,
                        -0.8656650776195383,
                        -0.317349998137301
                    ],
                    [
                        0.0,
                        0.0,
                        0.0,
                        1e-09,
                        -7.818523380504934e-10,
                        4.201767547895437e-10
                    ],
                    [
                        1.3156855032542285,
                        -1.1900904842950597,
                        -0.8656650776195383,
                        -7.818523380504934e-10,
                        3.6050715220541933,
                        -2.0878031734489046
                    ],
                    [
                        -0.8336616484449322,
                        1.5632697205546695,
                        -0.317349998137301,
                        4.201767547895437e-10,
                        -2.0878031734489046,
                        2.8705332990694257
                    ]
                ],
                "mui": [
                    0.0,
                    0.0,
                    0.0,
                    1.0,
                    -0.7818523380504934,
                    0.4201767547895437
                ],
                "Ai": [
                    [
                        0.0,
                        0.0,
                        0.0,
                        0.0,
                        0.0,
                        0.0
                    ],
                    [
                        -0.9197614440703776,
                        0.0,
                        0.0,
                        0.0,
                        0.0,
                        0.0
                    ],
                    [
                        -0.8148970788738519,
                        -0.9588946897495303,
                        0.0,
                        0.0,
                        0.0,
                        0.0
                    ],
                    [
                        0.0,
                        0.0,
                        0.0,
                        0.0,
                        0.0,
                        0.0
                    ],
                    [
                        0.5724302102558325,
                        -0.8762412853882102,
                        -0.9346882500129732,
                        -0.7818523380504934,
                        0.0,
                        0.0
                    ],
                    [
                        0.6158921055247024,
                        0.8072622585459541,
                        -0.0,
                        -0.0,
                        -0.5374119054721148,
                        0.0
                    ]
                ]
            },
            "est_params": {
                "mui": [
                    -0.012683000705764063,
                    -0.0020260664766977485,
                    0.023426658118780988,
                    1.0000030060974023,
                    -0.8287688762002171,
                    0.4295342545224666
                ],
                "Si": [
                    [
                        0.9929021425613025,
                        -0.9062368183130581,
                        0.04365462714689926,
                        -2.744614250363873e-06,
                        1.3196707144302002,
                        -0.833960977871155
                    ],
                    [
                        -0.9062368183130584,
                        1.811142694335759,
                        -0.9792881224052101,
                        3.7758702933550794e-06,
                        -1.1966698840961905,
                        1.5798436982807853
                    ],
                    [
                        0.04365462714689925,
                        -0.9792881224052101,
                        1.9445196463521932,
                        -2.2230507088997644e-06,
                        -0.9448798583784054,
                        -0.33636968910497766
                    ],
                    [
                        -2.7446142503638733e-06,
                        3.7758702933550803e-06,
                        -2.2230507088997644e-06,
                        1.012706270064022e-06,
                        -2.550720051926901e-06,
                        2.273337165581715e-06
                    ],
                    [
                        1.3196707144302,
                        -1.1966698840961905,
                        -0.9448798583784054,
                        -2.5507200519269014e-06,
                        3.697609559125654,
                        -2.0920473937715967
                    ],
                    [
                        -0.8339609778711551,
                        1.5798436982807849,
                        -0.33636968910497766,
                        2.273337165581715e-06,
                        -2.0920473937715967,
                        2.8433261678417368
                    ]
                ]
            },
            "est_tgt": [
                3,
                4
            ],
            "oracle_est_tgt": [
                3,
                4
            ]
        },
        "4": {
            "intv_type": "do",
            "inode": 4,
            "new_mui": 1.0,
            "new_vari": null,
            "noise_type": "gaussian",
            "obs_noise_gamma_shape": 2.0,
            "true_params": {
                "Si": [
                    [
                        1.0,
                        -0.9197614440703776,
                        0.06705728568159286,
                        -1.4373775215907338,
                        0.0,
                        -0.1265965951390389
                    ],
                    [
                        -0.9197614440703776,
                        1.8459611139984264,
                        -1.020571395663472,
                        1.481586854508629,
                        0.0,
                        0.9237009257054295
                    ],
                    [
                        0.06705728568159286,
                        -1.020571395663472,
                        1.9239757055928308,
                        0.303113740752899,
                        0.0,
                        -0.7825687170014832
                    ],
                    [
                        -1.4373775215907338,
                        1.481586854508629,
                        0.303113740752899,
                        3.396747341260051,
                        0.0,
                        0.31075968219623634
                    ],
                    [
                        0.0,
                        0.0,
                        0.0,
                        0.0,
                        1e-09,
                        -5.374119054721148e-10
                    ],
                    [
                        -0.1265965951390389,
                        0.9237009257054295,
                        -0.7825687170014832,
                        0.31075968219623634,
                        -5.374119054721148e-10,
                        1.667699052262324
                    ]
                ],
                "mui": [
                    0.0,
                    0.0,
                    0.0,
                    0.0,
                    1.0,
                    -0.5374119054721148
                ],
                "Ai": [
                    [
                        0.0,
                        0.0,
                        0.0,
                        0.0,
                        0.0,
                        0.0
                    ],
                    [
                        -0.9197614440703776,
                        0.0,
                        0.0,
                        0.0,
                        0.0,
                        0.0
                    ],
                    [
                        -0.8148970788738519,
                        -0.9588946897495303,
                        0.0,
                        0.0,
                        0.0,
                        0.0
                    ],
                    [
                        -0.8404183255735341,
                        0.6893171362890381,
                        0.5524847643607074,
                        0.0,
                        0.0,
                        0.0
                    ],
                    [
                        0.0,
                        0.0,
                        0.0,
                        0.0,
                        0.0,
                        0.0
                    ],
                    [
                        0.6158921055247024,
                        0.8072622585459541,
                        -0.0,
                        -0.0,
                        -0.5374119054721148,
                        0.0
                    ]
                ]
            },
            "est_params": {
                "mui": [
                    0.006123637118002159,
                    0.03579841062681318,
                    -0.03742830819939053,
                    -0.04245421349092423,
                    1.0000021352609092,
                    -0.5051187031652494
                ],
                "Si": [
                    [
                        0.937554084071156,
                        -0.8543312751958851,
                        0.04016788304516291,
                        -1.3723321971986728,
                        1.350212986982572e-06,
                        -0.09757882686547129
                    ],
                    [
                        -0.8543312751958851,
                        1.7259198428253864,
                        -0.9355284070606422,
                        1.429327218428198,
                        -2.215265236477935e-06,
                        0.8722085004999266
                    ],
                    [
                        0.04016788304516292,
                        -0.9355284070606423,
                        1.8452799173735002,
                        0.31519976335504,
                        -3.06603716867563e-07,
                        -0.7641071584451766
                    ],
                    [
                        -1.3723321971986728,
                        1.429327218428198,
                        0.31519976335504,
                        3.369374733020435,
                        1.81039912248922e-07,
                        0.3018765926174578
                    ],
                    [
                        1.350212986982572e-06,
                        -2.215265236477934e-06,
                        -3.06603716867563e-07,
                        1.8103991224892237e-07,
                        1.0080658576178765e-06,
                        -5.712052750135762e-07
                    ],
                    [
                        -0.09757882686547131,
                        0.8722085004999266,
                        -0.7641071584451766,
                        0.3018765926174578,
                        -5.712052750135762e-07,
                        1.6166529945362986
                    ]
                ]
            },
            "est_tgt": [
                3,
                4
            ],
            "oracle_est_tgt": [
                3,
                4
            ]
        },
        "5": {
            "intv_type": "do",
            "inode": 5,
            "new_mui": 1.0,
            "new_vari": null,
            "noise_type": "gaussian",
            "obs_noise_gamma_shape": 2.0,
            "true_params": {
                "Si": [
                    [
                        1.0,
                        -0.9197614440703776,
                        0.06705728568159286,
                        -1.4373775215907338,
                        2.4395024791711672,
                        0.0
                    ],
                    [
                        -0.9197614440703776,
                        1.8459611139984264,
                        -1.020571395663472,
                        1.481586854508629,
                        -2.348472630517507,
                        0.0
                    ],
                    [
                        0.06705728568159286,
                        -1.020571395663472,
                        1.9239757055928308,
                        0.303113740752899,
                        -1.1026552645224235,
                        0.0
                    ],
                    [
                        -1.4373775215907338,
                        1.481586854508629,
                        0.303113740752899,
                        3.396747341260051,
                        -5.060097589140288,
                        0.0
                    ],
                    [
                        2.4395024791711672,
                        -2.348472630517507,
                        -1.1026552645224235,
                        -5.060097589140288,
                        9.441161643932324,
                        0.0
                    ],
                    [
                        0.0,
                        0.0,
                        0.0,
                        0.0,
                        0.0,
                        1e-09
                    ]
                ],
                "mui": [
                    0.0,
                    0.0,
                    0.0,
                    0.0,
                    0.0,
                    1.0
                ],
                "Ai": [
                    [
                        0.0,
                        0.0,
                        0.0,
                        0.0,
                        0.0,
                        0.0
                    ],
                    [
                        -0.9197614440703776,
                        0.0,
                        0.0,
                        0.0,
                        0.0,
                        0.0
                    ],
                    [
                        -0.8148970788738519,
                        -0.9588946897495303,
                        0.0,
                        0.0,
                        0.0,
                        0.0
                    ],
                    [
                        -0.8404183255735341,
                        0.6893171362890381,
                        0.5524847643607074,
                        0.0,
                        0.0,
                        0.0
                    ],
                    [
                        0.5724302102558325,
                        -0.8762412853882102,
                        -0.9346882500129732,
                        -0.7818523380504934,
                        0.0,
                        0.0
                    ],
                    [
                        0.0,
                        0.0,
                        0.0,
                        0.0,
                        0.0,
                        0.0
                    ]
                ]
            },
            "est_params": {
                "mui": [
                    -0.024117138121974937,
                    0.03500777358485392,
                    -0.030897576976260485,
                    0.036929774762685566,
                    -0.034251731413877,
                    0.9999989075976314
                ],
                "Si": [
                    [
                        1.034913253519778,
                        -0.963867966940546,
                        0.07467465932576388,
                        -1.4785988069100315,
                        2.521301401660544,
                        1.3513009566847705e-07
                    ],
                    [
                        -0.9638679669405458,
                        1.8960001840470653,
                        -1.0108847131431382,
                        1.571096817322813,
                        -2.470385488074666,
                        1.1628283261611831e-06
                    ],
                    [
                        0.07467465932576388,
                        -1.0108847131431382,
                        1.898810919816636,
                        0.22775501465973277,
                        -1.0238284731459018,
                        -2.088038426369623e-07
                    ],
                    [
                        -1.4785988069100315,
                        1.571096817322813,
                        0.22775501465973277,
                        3.3933442995073935,
                        -5.063834646118511,
                        1.3689056173278817e-06
                    ],
                    [
                        2.521301401660544,
                        -2.470385488074666,
                        -1.0238284731459018,
                        -5.0638346461185115,
                        9.513997810181547,
                        -2.2507504712846727e-06
                    ],
                    [
                        1.3513009566847712e-07,
                        1.162828326161183e-06,
                        -2.0880384263696237e-07,
                        1.3689056173278812e-06,
                        -2.250750471284673e-06,
                        1.0037412457076927e-06
                    ]
                ]
            },
            "est_tgt": [
                5
            ],
            "oracle_est_tgt": [
                5
            ]
        },
        "obs": {
            "intv_type": "obs",
            "noise_type": "gaussian",
            "obs_noise_gamma_shape": 2.0,
            "true_params": {
                "Si": [
                    [
                        1.0,
                        -0.9197614440703776,
                        0.06705728568159286,
                        -1.4373775215907338,
                        2.4395024791711672,
                        -1.437614270874364
                    ],
                    [
                        -0.9197614440703776,
                        1.8459611139984264,
                        -1.020571395663472,
                        1.481586854508629,
                        -2.348472630517507,
                        2.1857980770209533
                    ],
                    [
                        0.06705728568159286,
                        -1.020571395663472,
                        1.9239757055928308,
                        0.303113740752899,
                        -1.1026552645224235,
                        -0.18998865021562894
                    ],
                    [
                        -1.4373775215907338,
                        1.481586854508629,
                        0.303113740752899,
                        3.396747341260051,
                        -5.060097589140288,
                        3.0301163694509734
                    ],
                    [
                        2.4395024791711672,
                        -2.348472630517507,
                        -1.1026552645224235,
                        -5.060097589140288,
                        9.441161643932324,
