{
    "expt_args": {
        "save_dir": "all_expt_logs/expt_logs_sim_compsel_n48_middleout_oracle_corr-half6",
        "exp_name": "3",
        "num_nodes": 6,
        "num_tgt_prior": 7,
        "obs_noise_mean": 0.0,
        "obs_noise_var": 1.0,
        "obs_noise_gamma_shape": 2.0,
        "noise_type": "gaussian",
        "max_edge_strength": 1.0,
        "graph_sparsity_method": "adj_dense_prop",
        "adj_dense_prop": 0.8,
        "num_parents": null,
        "new_noise_mean": 1.0,
        "mix_samples": 8192,
        "stage2_samples": 8192,
        "gmm_tol": 0.001,
        "intv_type": "do",
        "new_noise_var": null,
        "dtype": "simulation",
        "cutoff_drop_ratio": 0.07,
        "intv_targets": [
            1,
            2,
            3
        ]
    },
    "intv_args_dict": {
        "1": {
            "intv_type": "do",
            "inode": 1,
            "new_mui": 1.0,
            "new_vari": null,
            "noise_type": "gaussian",
            "obs_noise_gamma_shape": 2.0,
            "true_params": {
                "Si": [
                    [
                        1.0,
                        0.0,
                        -0.6113203002555485,
                        -0.5720550835294511,
                        0.8358157874605098,
                        0.5029128188841686
                    ],
                    [
                        0.0,
                        1e-09,
                        9.682902957351003e-10,
                        5.15291152600474e-10,
                        -4.1046282426935407e-10,
                        1.1129706171350066e-09
                    ],
                    [
                        -0.6113203002555485,
                        9.682902957351003e-10,
                        1.3737125104421202,
                        0.34970888592488836,
                        -1.1880147896276798,
                        0.06607501169084246
                    ],
                    [
                        -0.5720550835294511,
                        5.15291152600474e-10,
                        0.34970888592488836,
                        1.3272470188574124,
                        -1.2156718642974889,
                        -1.565980920150478
                    ],
                    [
                        0.8358157874605098,
                        -4.1046282426935407e-10,
                        -1.1880147896276798,
                        -1.2156718642974889,
                        2.7009672539193694,
                        1.8525283966743624
                    ],
                    [
                        0.5029128188841686,
                        1.1129706171350066e-09,
                        0.06607501169084246,
                        -1.565980920150478,
                        1.8525283966743624,
                        3.5774522646503257
                    ]
                ],
                "mui": [
                    0.0,
                    1.0,
                    0.9682902957351003,
                    0.515291152600474,
                    -0.41046282426935404,
                    1.1129706171350064
                ],
                "Ai": [
                    [
                        0.0,
                        0.0,
                        0.0,
                        0.0,
                        0.0,
                        0.0
                    ],
                    [
                        0.0,
                        0.0,
                        0.0,
                        0.0,
                        0.0,
                        0.0
                    ],
                    [
                        -0.6113203002555485,
                        0.9682902957351003,
                        0.0,
                        0.0,
                        0.0,
                        0.0
                    ],
                    [
                        -0.5720550835294511,
                        0.515291152600474,
                        0.0,
                        0.0,
                        0.0,
                        0.0
                    ],
                    [
                        -0.0,
                        0.6251787406534923,
                        -0.6770636310815461,
                        -0.7375391939750251,
                        0.0,
                        0.0
                    ],
                    [
                        0.0,
                        0.9459230419113633,
                        0.8760954725630572,
                        -0.7308168478966927,
                        0.7422930776896626,
                        0.0
                    ]
                ]
            },
            "est_params": {
                "mui": [
                    0.015371637370312441,
                    1.0000003352282119,
                    0.9756296439886144,
                    0.46965390128892714,
                    -0.39583563681098,
                    1.138900791036897
                ],
                "Si": [
                    [
                        1.0628055984198828,
                        1.7024734005546192e-06,
                        -0.6680194543285092,
                        -0.5776728522779905,
                        0.8672492201735488,
                        0.48554323089625906
                    ],
                    [
                        1.7024734005546192e-06,
                        1.012360924370136e-06,
                        -9.049899380233253e-07,
                        1.965011045337609e-06,
                        1.0593352205807887e-06,
                        -2.1262208504402544e-08
                    ],
                    [
                        -0.6680194543285092,
                        -9.049899380233253e-07,
                        1.4175305850014746,
                        0.3523941219281023,
                        -1.25009540048005,
                        0.04494365509114348
                    ],
                    [
                        -0.5776728522779905,
                        1.9650110453376087e-06,
                        0.35239412192810227,
                        1.3484949557502204,
                        -1.213144620288374,
                        -1.603780267937704
                    ],
                    [
                        0.8672492201735488,
                        1.059335220580789e-06,
                        -1.2500954004800502,
                        -1.213144620288374,
                        2.7771468366346803,
                        1.872077941790311
                    ],
                    [
                        0.4855432308962591,
                        -2.1262208504402544e-08,
                        0.04494365509114348,
                        -1.603780267937704,
                        1.872077941790311,
                        3.621437972254761
                    ]
                ]
            },
            "est_tgt": [
                1
            ],
            "oracle_est_tgt": [
                0,
                1,
                2,
                3,
                5
            ]
        },
        "2": {
            "intv_type": "do",
            "inode": 2,
            "new_mui": 1.0,
            "new_vari": null,
            "noise_type": "gaussian",
            "obs_noise_gamma_shape": 2.0,
            "true_params": {
                "Si": [
                    [
                        1.0,
                        0.7681654975849466,
                        0.0,
                        -0.1762261988909874,
                        0.6102144670809615,
                        1.3083724941775199
                    ],
                    [
                        0.7681654975849466,
                        1.5900782316799287,
                        0.0,
                        0.37992026684187485,
                        0.7138770190408569,
                        1.7563454754780299
                    ],
                    [
                        0.0,
                        0.0,
                        1e-09,
                        0.0,
                        -6.770636310815462e-10,
                        3.7351582605579806e-10
                    ],
                    [
                        -0.1762261988909874,
                        0.37992026684187485,
                        0.0,
                        1.2965806451238908,
                        -0.7187609699553503,
                        -1.1217189381298232
                    ],
                    [
                        0.6102144670809615,
                        0.7138770190408569,
                        -6.770636310815462e-10,
                        -0.7187609699553503,
                        1.9764151226454236,
                        2.667634611443373
                    ],
                    [
                        1.3083724941775199,
                        1.7563454754780299,
                        3.7351582605579806e-10,
                        -1.1217189381298232,
                        2.667634611443373,
                        5.461305459608504
                    ]
                ],
                "mui": [
                    0.0,
                    0.0,
                    1.0,
                    0.0,
                    -0.6770636310815461,
                    0.37351582605579803
                ],
                "Ai": [
                    [
                        0.0,
                        0.0,
                        0.0,
                        0.0,
                        0.0,
                        0.0
                    ],
                    [
                        0.7681654975849466,
                        0.0,
                        0.0,
                        0.0,
                        0.0,
                        0.0
                    ],
                    [
                        0.0,
                        0.0,
                        0.0,
                        0.0,
                        0.0,
                        0.0
                    ],
                    [
                        -0.5720550835294511,
                        0.515291152600474,
                        0.0,
                        0.0,
                        0.0,
                        0.0
                    ],
                    [
                        -0.0,
                        0.6251787406534923,
                        -0.6770636310815461,
                        -0.7375391939750251,
                        0.0,
                        0.0
                    ],
                    [
                        0.0,
                        0.9459230419113633,
                        0.8760954725630572,
                        -0.7308168478966927,
                        0.7422930776896626,
                        0.0
                    ]
                ]
            },
            "est_params": {
                "mui": [
                    0.011155650189906736,
                    0.006448754081470871,
                    0.999996050399851,
                    -0.010336386353103227,
                    -0.6563048904467844,
                    0.39620033353698486
                ],
                "Si": [
                    [
                        1.0325118544426293,
                        0.7918697534462039,
                        -2.0170586162461155e-06,
                        -0.2012617662487392,
                        0.679954230387054,
                        1.3467018948065106
                    ],
                    [
                        0.7918697534462041,
                        1.649952661190454,
                        -1.4675507323095306e-06,
                        0.3597103522235293,
                        0.8250517778995156,
                        1.8797641047045068
                    ],
                    [
                        -2.0170586162461155e-06,
                        -1.4675507323095303e-06,
                        1.0104842159252553e-06,
                        -9.266541600286142e-07,
                        1.2989821543257414e-06,
                        2.6628509749789723e-07
                    ],
                    [
                        -0.2012617662487392,
                        0.3597103522235293,
                        -9.266541600286142e-07,
                        1.284551478726849,
                        -0.6989881552672342,
                        -1.1341458425458506
                    ],
                    [
                        0.679954230387054,
                        0.8250517778995154,
                        1.2989821543257418e-06,
                        -0.698988155267234,
                        2.09722255640429,
                        2.871093318076823
                    ],
                    [
                        1.3467018948065106,
                        1.8797641047045068,
                        2.6628509749789765e-07,
                        -1.1341458425458506,
                        2.8710933180768237,
                        5.746957803698249
                    ]
                ]
            },
            "est_tgt": [
                2
            ],
            "oracle_est_tgt": [
                0,
                1,
                2,
                4,
                5
            ]
        },
        "3": {
            "intv_type": "do",
            "inode": 3,
            "new_mui": 1.0,
            "new_vari": null,
            "noise_type": "gaussian",
            "obs_noise_gamma_shape": 2.0,
            "true_params": {
                "Si": [
                    [
                        1.0,
                        0.7681654975849466,
                        0.13248689657447987,
                        0.0,
                        0.3905386791281776,
                        1.132590772516651
                    ],
                    [
                        0.7681654975849466,
                        1.5900782316799287,
                        1.070062158565721,
                        0.0,
                        0.26958293586072557,
                        2.641677797420873
                    ],
                    [
                        0.13248689657447987,
                        1.070062158565721,
                        1.9551388745787048,
                        0.0,
                        -0.6547733129778704,
                        2.2390510706357603
                    ],
                    [
                        0.0,
                        0.0,
                        0.0,
                        1e-09,
                        -7.375391939750251e-10,
                        -1.2782870861091672e-09
                    ],
                    [
                        0.3905386791281776,
                        0.26958293586072557,
                        -0.6547733129778704,
                        -7.375391939750251e-10,
                        1.6118607177071342,
                        0.8778338291746507
                    ],
                    [
                        1.132590772516651,
                        2.641677797420873,
                        2.2390510706357603,
                        -1.2782870861091672e-09,
                        0.8778338291746507,
                        6.112056379399865
                    ]
                ],
                "mui": [
                    0.0,
                    0.0,
                    0.0,
                    1.0,
                    -0.7375391939750251,
                    -1.278287086109167
                ],
                "Ai": [
                    [
                        0.0,
                        0.0,
                        0.0,
                        0.0,
                        0.0,
                        0.0
                    ],
                    [
                        0.7681654975849466,
                        0.0,
                        0.0,
                        0.0,
                        0.0,
                        0.0
                    ],
                    [
                        -0.6113203002555485,
                        0.9682902957351003,
                        0.0,
                        0.0,
                        0.0,
                        0.0
                    ],
                    [
                        0.0,
                        0.0,
                        0.0,
                        0.0,
                        0.0,
                        0.0
                    ],
                    [
                        -0.0,
                        0.6251787406534923,
                        -0.6770636310815461,
                        -0.7375391939750251,
                        0.0,
                        0.0
                    ],
                    [
                        0.0,
                        0.9459230419113633,
                        0.8760954725630572,
                        -0.7308168478966927,
                        0.7422930776896626,
                        0.0
                    ]
                ]
            },
            "est_params": {
                "mui": [
                    0.01995698980739822,
                    -0.01395319541392433,
                    0.007126193304775566,
                    0.9999981164418156,
                    -0.7555970181035992,
                    -1.2703830846484345
                ],
                "Si": [
                    [
                        1.0380918433709474,
                        0.772857829385918,
                        0.12352650240793894,
                        1.9787727231444596e-06,
                        0.40668948121422277,
                        1.1378320493405085
                    ],
                    [
                        0.772857829385918,
                        1.5593733968859447,
                        1.0597043375487964,
                        4.479333742183919e-06,
                        0.27681719452741227,
                        2.630127210234952
                    ],
                    [
                        0.12352650240793892,
                        1.0597043375487964,
                        1.8896100406718495,
                        -3.2968299083611206e-07,
                        -0.5687632978958336,
                        2.247761678628741
                    ],
                    [
                        1.97877272314446e-06,
                        4.479333742183919e-06,
                        -3.296829908361125e-07,
                        1.0193168442913728e-06,
                        3.7110606368438713e-06,
                        8.469568863406843e-06
                    ],
                    [
                        0.40668948121422277,
                        0.27681719452741227,
                        -0.5687632978958336,
                        3.7110606368438717e-06,
                        1.5559674737565838,
                        0.9478615148053842
                    ],
                    [
                        1.1378320493405085,
                        2.630127210234952,
                        2.2477616786287413,
                        8.469568863406843e-06,
                        0.9478615148053842,
                        6.184844026096376
                    ]
                ]
            },
            "est_tgt": [
                3
            ],
            "oracle_est_tgt": [
                0,
                2,
                3
            ]
        },
        "obs": {
            "intv_type": "obs",
            "noise_type": "gaussian",
            "obs_noise_gamma_shape": 2.0,
            "true_params": {
                "Si": [
                    [
                        1.0,
                        0.7681654975849466,
                        0.13248689657447987,
                        -0.1762261988909874,
                        0.5205124078155189,
                        1.3578584467931059
                    ],
                    [
                        0.7681654975849466,
                        1.5900782316799287,
                        1.070062158565721,
                        0.37992026684187485,
                        -0.010623151520607332,
                        2.156030626565755
                    ],
                    [
                        0.13248689657447987,
                        1.070062158565721,
                        1.9551388745787048,
                        0.4756037603550097,
                        -1.0055497270415952,
                        1.6310929256689926
                    ],
                    [
                        -0.1762261988909874,
                        0.37992026684187485,
                        0.4756037603550097,
                        1.2965806451238908,
                        -1.0407749788973506,
                        -0.9440734067055778
                    ],
                    [
                        0.5205124078155189,
                        -0.010623151520607332,
                        -1.0055497270415952,
                        -1.0407749788973506,
                        2.441792119979741,
                        1.6821350301664189
                    ],
                    [
                        1.3578584467931059,
                        2.156030626565755,
                        1.6310929256689926,
                        -0.9440734067055778,
                        1.6821350301664189,
                        6.407014116146865
                    ]
                ],
                "mui": [
                    0.0,
                    0.0,
                    0.0,
                    0.0,
                    0.0,
                    0.0
                ],
                "Ai": [
                    [
                        0.0,
                        0.0,
                        0.0,
                        0.0,
                        0.0,
                        0.0
                    ],
                    [
                        0.7681654975849466,
                        0.0,
                        0.0,
                        0.0,
                        0.0,
                        0.0
                    ],
                    [
                        -0.6113203002555485,
                        0.9682902957351003,
                        0.0,
                        0.0,
                        0.0,
                        0.0
                    ],
                    [
                        -0.5720550835294511,
                        0.515291152600474,
                        0.0,
                        0.0,
                        0.0,
                        0.0
                    ],
                    [
                        -0.0,
                        0.6251787406534923,
                        -0.6770636310815461,
                        -0.7375391939750251,
                        0.0,
                        0.0
                    ],
                    [
                        0.0,
                        0.9459230419113633,
                        0.8760954725630572,
                        -0.7308168478966927,
                        0.7422930776896626,
                        0.0
                    ]
                ]
            },
            "est_params": {
                "mui": [
                    -0.011427518261997413,
                    0.003084913214729522,
                    0.024609020112191862,
                    0.027028623892216348,
                    -0.02507911061511303,
                    -0.005199497128976245
                ],
                "Si": [
                    [
                        1.0233943074224559,
                        0.8168369651169837,
                        0.18303419056862055,
                        -0.18583090787088008,
                        0.4870968146544749,
                        1.409305307155716
                    ],
                    [
                        0.8168369651169837,
                        1.6644391073008238,
                        1.1415849350923895,
                        0.3868150934616748,
                        -0.06843035593833804,
                        2.235499315671436
                    ],
                    [
                        0.18303419056862055,
                        1.1415849350923895,
                        1.989980895794939,
                        0.5036879466889425,
                        -1.0531383050365384,
                        1.693026988442174
                    ],
                    [
                        -0.18583090787088008,
                        0.3868150934616748,
                        0.5036879466889425,
                        1.2717783941692493,
                        -1.0103728540077586,
                        -0.872789957411642
                    ],
                    [
                        0.4870968146544749,
                        -0.06843035593833804,
                        -1.0531383050365384,
                        -1.0103728540077586,
                        2.377548307795904,
                        1.5475558192732006
                    ],
                    [
                        1.409305307155716,
                        2.235499315671436,
                        1.693026988442174,
                        -0.872789957411642,
                        1.5475558192732006,
                        6.415614909677566
                    ]
                ]
            },
            "est_tgt": [
                0,
                1,
                2,
                3,
                4,
                5
            ],
            "oracle_est_tgt": [
                0,
                1,
                2,
                3,
                4,
                5
            ]
        }
    },
    "metric_dict": {
        "param_est_rel_err": 5.428651154230702,
        "est_num_comp": 4,
        "weight_precision_error": 0.00233101446651246,
        "gm_score_dict": {
            "1": -8.582358948477065,
            "2": -7.243012720496434,
            "3": -5.802895525536124,
            "4": -4.353144845511702,
            "5": -4.351860011468565,
            "6": -4.350271227299886,
            "7": -4.349742201734049
        },
        "est_dag": {
            "amat": [
                [
                    0,
                    1,
                    1,
                    1,
                    0,
                    0
                ],
                [
                    0,
                    0,
                    1,
                    1,
                    0,
                    1
                ],
                [
                    0,
                    0,
                    0,
                    0,
                    1,
                    1
                ],
                [
                    0,
                    0,
                    0,
                    0,
                    1,
                    1
                ],
                [
                    0,
                    0,
                    0,
                    0,
                    0,
                    0
                ],
                [
                    0,
                    0,
                    0,
                    0,
                    1,
                    0
                ]
            ],
            "nodes": [
                0,
                1,
                2,
                3,
                4,
                5
            ]
        },
        "oracle_est_dag": {
            "amat": [
                [
                    0,
                    0,
                    0,
                    0,
                    0,
                    0
                ],
                [
                    1,
                    0,
                    0,
                    0,
                    0,
                    0
                ],
                [
                    1,
                    0,
                    0,
                    0,
                    0,
                    1
                ],
                [
                    1,
                    1,
                    0,
                    0,
                    1,
                    1
                ],
                [
                    0,
                    0,
                    1,
                    0,
                    0,
                    1
                ],
                [
                    0,
                    1,
                    0,
                    0,
                    0,
                    0
                ]
            ],
            "nodes": [
                0,
                1,
                2,
                3,
                4,
                5
            ]
        },
        "igsp_dag": null,
        "intv_base_est_dag": null,
        "act_dag": {
            "amat": [
                [
                    0,
                    1,
                    1,
                    1,
                    0,
                    0
                ],
                [
                    0,
                    0,
                    1,
                    1,
                    1,
                    1
                ],
                [
                    0,
                    0,
                    0,
                    0,
                    1,
                    1
                ],
                [
                    0,
                    0,
                    0,
                    0,
                    1,
                    1
                ],
                [
                    0,
                    0,
                    0,
                    0,
                    0,
                    1
                ],
                [
                    0,
                    0,
                    0,
                    0,
                    0,
                    0
                ]
            ],
            "nodes": [
                0,
                1,
                2,
                3,
                4,
                5
            ]
        },
        "shd": 2,
        "oracle_shd": 8,
        "intv_base_shd": null,
        "igsp_shd": null,
        "avg_js": 0.75,
        "avg_oracle_js": 0.18333333333333335
    }
}