{
    "expt_args": {
        "save_dir": "all_expt_logs/expt_logs_sim_compsel_n48_middleout_oracle_corr-half6",
        "exp_name": "75",
        "num_nodes": 4,
        "num_tgt_prior": 5,
        "obs_noise_mean": 0.0,
        "obs_noise_var": 1.0,
        "obs_noise_gamma_shape": 2.0,
        "noise_type": "gaussian",
        "max_edge_strength": 1.0,
        "graph_sparsity_method": "adj_dense_prop",
        "adj_dense_prop": 0.8,
        "num_parents": null,
        "new_noise_mean": 1.0,
        "mix_samples": 524288,
        "stage2_samples": 524288,
        "gmm_tol": 0.001,
        "intv_type": "do",
        "new_noise_var": null,
        "dtype": "simulation",
        "cutoff_drop_ratio": 0.07,
        "intv_targets": [
            0,
            1,
            2,
            3
        ]
    },
    "intv_args_dict": {
        "0": {
            "intv_type": "do",
            "inode": 0,
            "new_mui": 1.0,
            "new_vari": null,
            "noise_type": "gaussian",
            "obs_noise_gamma_shape": 2.0,
            "true_params": {
                "Si": [
                    [
                        1e-09,
                        -9.570038213889715e-10,
                        -1.5559272456827744e-09,
                        1.7704700474192282e-10
                    ],
                    [
                        -9.570038213889715e-10,
                        1.0000000009158563,
                        0.7608265988481712,
                        -0.7726522994783837
                    ],
                    [
                        -1.5559272456827744e-09,
                        0.7608265988481712,
                        1.5788571136700007,
                        -0.5878544201004179
                    ],
                    [
                        1.7704700474192282e-10,
                        -0.7726522994783837,
                        -0.5878544201004179,
                        1.5969915756587514
                    ]
                ],
                "mui": [
                    1.0,
                    -0.9570038213889713,
                    -1.5559272456827742,
                    0.1770470047419228
                ],
                "Ai": [
                    [
                        0.0,
                        0.0,
                        0.0,
                        0.0
                    ],
                    [
                        -0.9570038213889713,
                        0.0,
                        0.0,
                        0.0
                    ],
                    [
                        -0.8278132845957064,
                        0.7608265973591428,
                        0.0,
                        0.0
                    ],
                    [
                        -0.5623841983017166,
                        -0.772652299308949,
                        0.0,
                        0.0
                    ]
                ]
            },
            "est_params": {
                "mui": [
                    0.999999686490269,
                    -0.9573986503150812,
                    -1.5564801547125442,
                    0.1759154311944029
                ],
                "Si": [
                    [
                        1.0116204520431312e-06,
                        -8.870385232667824e-08,
                        2.576176565272623e-07,
                        6.287183499718864e-07
                    ],
                    [
                        -8.870385232667828e-08,
                        0.9961553455094598,
                        0.7610743569444904,
                        -0.7637921761969773
                    ],
                    [
                        2.576176565272624e-07,
                        0.7610743569444904,
                        1.586332490780256,
                        -0.5800570637315995
                    ],
                    [
                        6.28718349971886e-07,
                        -0.7637921761969773,
                        -0.5800570637315995,
                        1.5890178946952964
                    ]
                ]
            },
            "est_tgt": [
                0
            ],
            "oracle_est_tgt": [
                0
            ]
        },
        "1": {
            "intv_type": "do",
            "inode": 1,
            "new_mui": 1.0,
            "new_vari": null,
            "noise_type": "gaussian",
            "obs_noise_gamma_shape": 2.0,
            "true_params": {
                "Si": [
                    [
                        1.0,
                        0.0,
                        -0.8278132845957064,
                        -0.5623841983017166
                    ],
                    [
                        0.0,
                        1e-09,
                        7.608265973591429e-10,
                        -7.72652299308949e-10
                    ],
                    [
                        -0.8278132845957064,
                        7.608265973591429e-10,
                        1.685274834731989,
                        0.4655491098130127
                    ],
                    [
                        -0.5623841983017166,
                        -7.72652299308949e-10,
                        0.4655491098130127,
                        1.316275987096456
                    ]
                ],
                "mui": [
                    0.0,
                    1.0,
                    0.7608265973591428,
                    -0.772652299308949
                ],
                "Ai": [
                    [
                        0.0,
                        0.0,
                        0.0,
                        0.0
                    ],
                    [
                        0.0,
                        0.0,
                        0.0,
                        0.0
                    ],
                    [
                        -0.8278132845957064,
                        0.7608265973591428,
                        0.0,
                        0.0
                    ],
                    [
                        -0.5623841983017166,
                        -0.772652299308949,
                        0.0,
                        0.0
                    ]
                ]
            },
            "est_params": {
                "mui": [
                    -0.0012316801946506317,
                    1.0000002885727455,
                    0.7665850454067027,
                    -0.7732606046018154
                ],
                "Si": [
                    [
                        0.9994811374165555,
                        -4.983864195303046e-07,
                        -0.8214494433768063,
                        -0.563433110462992
                    ],
                    [
                        -4.983864195303047e-07,
                        1.0113895743222245e-06,
                        2.58208754454365e-07,
                        2.857587523549502e-07
                    ],
                    [
                        -0.821449443376806,
                        2.5820875445436495e-07,
                        1.6753358056959784,
                        0.4582252253582496
                    ],
                    [
                        -0.563433110462992,
                        2.857587523549502e-07,
                        0.4582252253582496,
                        1.3135098535991625
                    ]
                ]
            },
            "est_tgt": [
                1
            ],
            "oracle_est_tgt": [
                1
            ]
        },
        "2": {
            "intv_type": "do",
            "inode": 2,
            "new_mui": 1.0,
            "new_vari": null,
            "noise_type": "gaussian",
            "obs_noise_gamma_shape": 2.0,
            "true_params": {
                "Si": [
                    [
                        1.0,
                        -0.9570038213889713,
                        0.0,
                        0.1770470047419228
                    ],
                    [
                        -0.9570038213889713,
                        1.915856314153094,
                        0.0,
                        -0.9420869594124404
                    ],
                    [
                        0.0,
                        0.0,
                        1e-09,
                        0.0
                    ],
                    [
                        0.1770470047419228,
                        -0.9420869594124404,
                        0.0,
                        1.628337217515492
                    ]
                ],
                "mui": [
                    0.0,
                    0.0,
                    1.0,
                    0.0
                ],
                "Ai": [
                    [
                        0.0,
                        0.0,
                        0.0,
                        0.0
                    ],
                    [
                        -0.9570038213889713,
                        0.0,
                        0.0,
                        0.0
                    ],
                    [
                        0.0,
                        0.0,
                        0.0,
                        0.0
                    ],
                    [
                        -0.5623841983017166,
                        -0.772652299308949,
                        0.0,
                        0.0
                    ]
                ]
            },
            "est_params": {
                "mui": [
                    -0.00359051089380479,
                    0.003630479703636148,
                    0.9999997662504276,
                    -0.004555717700771002
                ],
                "Si": [
                    [
                        0.9991315381560194,
                        -0.9566590359412837,
                        7.956961634413129e-08,
                        0.18480252379900397
                    ],
                    [
                        -0.9566590359412835,
                        1.914932103413666,
                        -1.0164389694463438e-07,
                        -0.9500360239675956
                    ],
                    [
                        7.956961634413113e-08,
                        -1.0164389694463434e-07,
                        1.0097559742835744e-06,
                        -1.6662948486803964e-07
                    ],
                    [
                        0.18480252379900397,
                        -0.9500360239675956,
                        -1.6662948486803953e-07,
                        1.6327925514291701
                    ]
                ]
            },
            "est_tgt": [
                2
            ],
            "oracle_est_tgt": [
                2
            ]
        },
        "3": {
            "intv_type": "do",
            "inode": 3,
            "new_mui": 1.0,
            "new_vari": null,
            "noise_type": "gaussian",
            "obs_noise_gamma_shape": 2.0,
            "true_params": {
                "Si": [
                    [
                        1.0,
                        -0.9570038213889713,
                        -1.5559272456827742,
                        0.0
                    ],
                    [
                        -0.9570038213889713,
                        1.915856314153094,
                        2.2498549172807745,
                        0.0
                    ],
                    [
                        -1.5559272456827742,
                        2.2498549172807745,
                        3.9997667051070755,
                        0.0
                    ],
                    [
                        0.0,
                        0.0,
                        0.0,
                        1e-09
                    ]
                ],
                "mui": [
                    0.0,
                    0.0,
                    0.0,
                    1.0
                ],
                "Ai": [
                    [
                        0.0,
                        0.0,
                        0.0,
                        0.0
                    ],
                    [
                        -0.9570038213889713,
                        0.0,
                        0.0,
                        0.0
                    ],
                    [
                        -0.8278132845957064,
                        0.7608265973591428,
                        0.0,
                        0.0
                    ],
                    [
                        0.0,
                        0.0,
                        0.0,
                        0.0
                    ]
                ]
            },
            "est_params": {
                "mui": [
                    -0.0019169604157020972,
                    0.0034937283376057938,
                    0.004543878486735407,
                    1.0000000940157812
                ],
                "Si": [
                    [
                        1.0000005541611712,
                        -0.9539532120870845,
                        -1.5502316500241944,
                        -6.770117381658114e-08
                    ],
                    [
                        -0.9539532120870845,
                        1.9138934499156652,
                        2.241544048693912,
                        1.3046231242411023e-07
                    ],
                    [
                        -1.5502316500241944,
                        2.241544048693912,
                        3.98476580554704,
                        -2.4977333410133998e-08
                    ],
                    [
                        -6.770117381658129e-08,
                        1.3046231242411026e-07,
                        -2.4977333410134004e-08,
                        1.0110474032930514e-06
                    ]
                ]
            },
            "est_tgt": [
                3
            ],
            "oracle_est_tgt": [
                3
            ]
        },
        "obs": {
            "intv_type": "obs",
            "noise_type": "gaussian",
            "obs_noise_gamma_shape": 2.0,
            "true_params": {
                "Si": [
                    [
                        1.0,
                        -0.9570038213889713,
                        -1.5559272456827742,
                        0.1770470047419228
                    ],
                    [
                        -0.9570038213889713,
                        1.915856314153094,
                        2.2498549172807745,
                        -0.9420869594124404
                    ],
                    [
                        -1.5559272456827742,
                        2.2498549172807745,
                        3.9997667051070755,
                        -0.8633266782694307
                    ],
                    [
                        0.1770470047419228,
                        -0.9420869594124404,
                        -0.8633266782694307,
                        1.628337217515492
                    ]
                ],
                "mui": [
                    0.0,
                    0.0,
                    0.0,
                    0.0
                ],
                "Ai": [
                    [
                        0.0,
                        0.0,
                        0.0,
                        0.0
                    ],
                    [
                        -0.9570038213889713,
                        0.0,
                        0.0,
                        0.0
                    ],
                    [
                        -0.8278132845957064,
                        0.7608265973591428,
                        0.0,
                        0.0
                    ],
                    [
                        -0.5623841983017166,
                        -0.772652299308949,
                        0.0,
                        0.0
                    ]
                ]
            },
            "est_params": {
                "mui": [
                    -0.0010102296496271193,
                    0.0013707939481836038,
                    -0.0028840451118061225,
                    -0.0023760010881374296
                ],
                "Si": [
                    [
                        1.0057122926896656,
                        -0.9638252686187329,
                        -1.5663528608726047,
                        0.17706194105093073
                    ],
                    [
                        -0.9638252686187329,
                        1.9210742183583773,
                        2.26270925265195,
                        -0.9456449349275317
                    ],
                    [
                        -1.5663528608726047,
                        2.26270925265195,
                        4.01934478068954,
                        -0.8669427568608377
                    ],
                    [
                        0.17706194105093073,
                        -0.9456449349275317,
                        -0.8669427568608377,
                        1.631574892723766
                    ]
                ]
            },
            "est_tgt": [
                0,
                1,
                2,
                3
            ],
            "oracle_est_tgt": [
                0,
                1,
                2,
                3
            ]
        }
    },
    "metric_dict": {
        "param_est_rel_err": 0.33261366118661473,
        "est_num_comp": 5,
        "weight_precision_error": 0.001839660938460691,
        "gm_score_dict": {
            "1": -5.924102655388954,
            "2": -5.822438533216953,
            "3": -3.7063190328905375,
            "4": -2.5406658235801314,
            "5": -1.356092962479222
        },
        "est_dag": {
            "amat": [
                [
                    0,
                    1,
                    1,
                    1
                ],
                [
                    0,
                    0,
                    1,
                    1
                ],
                [
                    0,
                    0,
                    0,
                    0
                ],
                [
                    0,
                    0,
                    0,
                    0
                ]
            ],
            "nodes": [
                0,
                1,
                2,
                3
            ]
        },
        "oracle_est_dag": {
            "amat": [
                [
                    0,
                    1,
                    1,
                    1
                ],
                [
                    0,
                    0,
                    1,
                    1
                ],
                [
                    0,
                    0,
                    0,
                    0
                ],
                [
                    0,
                    0,
                    0,
                    0
                ]
            ],
            "nodes": [
                0,
                1,
                2,
                3
            ]
        },
        "igsp_dag": null,
        "intv_base_est_dag": null,
        "act_dag": {
            "amat": [
                [
                    0,
                    1,
                    1,
                    1
                ],
                [
                    0,
                    0,
                    1,
                    1
                ],
                [
                    0,
                    0,
                    0,
                    0
                ],
                [
                    0,
                    0,
                    0,
                    0
                ]
            ],
            "nodes": [
                0,
                1,
                2,
                3
            ]
        },
        "shd": 0,
        "oracle_shd": 0,
        "intv_base_shd": null,
        "igsp_shd": null,
        "avg_js": 0.8,
        "avg_oracle_js": 0.8
    }
}