{
    "expt_args": {
        "save_dir": "all_expt_logs/expt_logs_sim_compsel_n48_middleout_oracle_corr-half6",
        "exp_name": "94",
        "num_nodes": 8,
        "num_tgt_prior": 9,
        "obs_noise_mean": 0.0,
        "obs_noise_var": 1.0,
        "obs_noise_gamma_shape": 2.0,
        "noise_type": "gaussian",
        "max_edge_strength": 1.0,
        "graph_sparsity_method": "adj_dense_prop",
        "adj_dense_prop": 0.8,
        "num_parents": null,
        "new_noise_mean": 1.0,
        "mix_samples": 65536,
        "stage2_samples": 65536,
        "gmm_tol": 0.001,
        "intv_type": "do",
        "new_noise_var": null,
        "dtype": "simulation",
        "cutoff_drop_ratio": 0.07,
        "intv_targets": [
            0,
            1,
            2,
            3,
            4,
            5,
            6,
            7
        ]
    },
    "intv_args_dict": {
        "0": {
            "intv_type": "do",
            "inode": 0,
            "new_mui": 1.0,
            "new_vari": null,
            "noise_type": "gaussian",
            "obs_noise_gamma_shape": 2.0,
            "true_params": {
                "Si": [
                    [
                        1e-09,
                        6.595832321292361e-10,
                        -1.5766279177409222e-09,
                        8.36756683314595e-10,
                        -1.42993069584081e-09,
                        1.2971967192150024e-09,
                        1.6592011260270363e-09,
                        -1.6298587760028564e-09
                    ],
                    [
                        6.595832321292361e-10,
                        1.00000000043505,
                        -0.9506571861942613,
                        0.19912595921381687,
                        -0.38321368468254,
                        -0.10060987926504598,
                        0.2401303256356602,
                        -0.4747082024298137
                    ],
                    [
                        -1.5766279177409222e-09,
                        -0.9506571861942613,
                        1.9037490861713362,
                        -0.9321645590667614,
                        1.6039650195994195,
                        -0.3613743882997054,
                        -2.732223909571708,
                        2.8222906494691085
                    ],
                    [
                        8.36756683314595e-10,
                        0.19912595921381687,
                        -0.9321645590667614,
                        1.5914981217105324,
                        -1.5157529099055962,
                        0.7076843643637949,
                        3.271140371296636,
                        -2.5208705087678407
                    ],
                    [
                        -1.42993069584081e-09,
                        -0.38321368468254,
                        1.6039650195994195,
                        -1.5157529099055962,
                        2.95250019734537,
                        -0.1772667746802301,
                        -4.759876616054175,
                        3.7188364857541654
                    ],
                    [
                        1.2971967192150024e-09,
                        -0.10060987926504598,
                        -0.3613743882997054,
                        0.7076843643637949,
                        -0.1772667746802301,
                        1.6744426264555745,
                        1.1763719481193495,
                        -1.9522332814225747
                    ],
                    [
                        1.6592011260270363e-09,
                        0.2401303256356602,
                        -2.732223909571708,
                        3.271140371296636,
                        -4.759876616054175,
                        1.1763719481193495,
                        9.92010791667822,
                        -7.9830991808192175
                    ],
                    [
                        -1.6298587760028564e-09,
                        -0.4747082024298137,
                        2.8222906494691085,
                        -2.5208705087678407,
                        3.7188364857541654,
                        -1.9522332814225747,
                        -7.9830991808192175,
                        8.644189094322904
                    ]
                ],
                "mui": [
                    1.0,
                    0.6595832321292361,
                    -1.5766279177409221,
                    0.836756683314595,
                    -1.42993069584081,
                    1.2971967192150022,
                    1.6592011260270363,
                    -1.6298587760028562
                ],
                "Ai": [
                    [
                        0.0,
                        0.0,
                        0.0,
                        0.0,
                        0.0,
                        0.0,
                        0.0,
                        0.0
                    ],
                    [
                        0.6595832321292361,
                        0.0,
                        0.0,
                        0.0,
                        0.0,
                        0.0,
                        0.0,
                        0.0
                    ],
                    [
                        -0.9495903789099385,
                        -0.9506571851543439,
                        0.0,
                        0.0,
                        0.0,
                        0.0,
                        0.0,
                        0.0
                    ],
                    [
                        0.0,
                        -0.5070830732282727,
                        -0.7428640343948195,
                        0.0,
                        0.0,
                        0.0,
                        0.0,
                        0.0
                    ],
                    [
                        -0.0,
                        0.5323321901209386,
                        0.8544508849798707,
                        -0.5185461573497585,
                        0.0,
                        0.0,
                        0.0,
                        0.0
                    ],
                    [
                        0.9295756170110416,
                        -0.6320878710587718,
                        -0.6403157108858177,
                        0.6744702735672342,
                        0.55203477634583,
                        0.0,
                        0.0,
                        0.0
                    ],
                    [
                        -0.876904316125749,
                        -0.9928220781191717,
                        -0.759049896718845,
                        0.918884339659743,
                        -0.8569173110300187,
                        -0.0,
                        0.0,
                        0.0
                    ],
                    [
                        0.9669281101750807,
                        0.0,
                        0.5360199741439686,
                        0.7475925680531026,
                        0.0,
                        -0.7978083794180808,
                        -0.8090167459453006,
                        0.0
                    ]
                ]
            },
            "est_params": {
                "mui": [
                    0.9999997315457579,
                    0.6607888319383601,
                    -1.5896933316989215,
                    0.8468282677041054,
                    -1.4393020595961021,
                    1.307896755984567,
                    1.6894825615639961,
                    -1.6722343837593645
                ],
                "Si": [
                    [
                        1.0135311854845772e-06,
                        3.1973704628918987e-07,
                        -1.177570440925861e-06,
                        -7.112170142418677e-07,
                        2.6416206115777452e-06,
                        1.1090058465787066e-06,
                        -2.849723712882996e-06,
                        -7.118487357181711e-08
                    ],
                    [
                        3.1973704628919013e-07,
                        1.01483248252232,
                        -0.9636903219953915,
                        0.19054005391956105,
                        -0.3773778887769857,
                        -0.10589552007744076,
                        0.224667933675658,
                        -0.4669105424201876
                    ],
                    [
                        -1.177570440925861e-06,
                        -0.9636903219953915,
                        1.948610583838699,
                        -0.9507482524619724,
                        1.6495105728715236,
                        -0.37406668325148285,
                        -2.8058833943518353,
                        2.9250246769568777
                    ],
                    [
                        -7.112170142418672e-07,
                        0.19054005391956105,
                        -0.9507482524619724,
                        1.6285464907361014,
                        -1.5354939307587747,
                        0.7482754466995768,
                        3.3533088640878113,
                        -2.6233796862653547
                    ],
                    [
                        2.6416206115777444e-06,
                        -0.37737788877698564,
                        1.6495105728715236,
                        -1.5354939307587747,
                        2.98677022951438,
                        -0.19740177442157,
                        -4.843658526189555,
                        3.8565630831192577
                    ],
                    [
                        1.1090058465787066e-06,
                        -0.10589552007744076,
                        -0.37406668325148285,
                        0.7482754466995768,
                        -0.19740177442157003,
                        1.7123043395616675,
                        1.252898814322168,
                        -2.027194929160748
                    ],
                    [
                        -2.849723712882996e-06,
                        0.224667933675658,
                        -2.8058833943518353,
                        3.3533088640878117,
                        -4.843658526189555,
                        1.252898814322168,
                        10.13708411324737,
                        -8.273693357554167
                    ],
                    [
                        -7.118487357181745e-08,
                        -0.46691054242018754,
                        2.9250246769568773,
                        -2.6233796862653547,
                        3.8565630831192577,
                        -2.027194929160748,
                        -8.273693357554167,
                        8.983592497132934
                    ]
                ]
            },
            "est_tgt": [
                0
            ],
            "oracle_est_tgt": [
                0
            ]
        },
        "1": {
            "intv_type": "do",
            "inode": 1,
            "new_mui": 1.0,
            "new_vari": null,
            "noise_type": "gaussian",
            "obs_noise_gamma_shape": 2.0,
            "true_params": {
                "Si": [
                    [
                        1.0,
                        0.0,
                        -0.9495903789099385,
                        0.7054165398995422,
                        -1.1771693757238377,
                        1.3635573091291189,
                        1.5008151904338571,
                        -1.3167492062350101
                    ],
                    [
                        0.0,
                        1e-09,
                        -9.50657185154344e-10,
                        1.991259586619062e-10,
                        -3.832136837393817e-10,
                        -1.006098801206552e-10,
                        2.4013032454127895e-10,
                        -4.747082013547862e-10
                    ],
                    [
                        -0.9495903789099385,
                        -9.50657185154344e-10,
                        1.9017218886220695,
                        -1.4127207939966642,
                        2.3574888893477226,
                        -1.7518407934344176,
                        -3.929101954143314,
                        3.621378262559154
                    ],
                    [
                        0.7054165398995422,
                        1.991259586619062e-10,
                        -1.4127207939966642,
                        2.0494594684008414,
                        -2.269839864537249,
                        1.6895942810488014,
                        4.282024047542552,
                        -3.3552004507969007
                    ],
                    [
                        -1.1771693757238377,
                        -3.832136837393817e-10,
                        2.3574888893477226,
                        -2.269839864537249,
                        4.191375207184464,
                        -1.8209597619195883,
                        -6.434569068328533,
                        5.086958646151557
                    ],
                    [
                        1.3635573091291189,
                        -1.006098801206552e-10,
                        -1.7518407934344176,
                        1.6895942810488014,
                        -1.8209597619195883,
                        3.5236088120845284,
                        3.2469789516764083,
                        -3.795456618942877
                    ],
                    [
                        1.5008151904338571,
                        2.4013032454127895e-10,
                        -3.929101954143314,
                        4.282024047542552,
                        -6.434569068328533,
                        3.2469789516764083,
                        12.114891577055648,
                        -9.84530455448444
                    ],
                    [
                        -1.3167492062350101,
                        -4.747082013547862e-10,
                        3.621378262559154,
                        -3.3552004507969007,
                        5.086958646151557,
                        -3.795456618942877,
                        -9.84530455448444,
                        10.152669687578845
                    ]
                ],
                "mui": [
                    0.0,
                    1.0,
                    -0.9506571851543439,
                    0.1991259586619062,
                    -0.3832136837393817,
                    -0.10060988012065519,
                    0.24013032454127894,
                    -0.4747082013547862
                ],
                "Ai": [
                    [
                        0.0,
                        0.0,
                        0.0,
                        0.0,
                        0.0,
                        0.0,
                        0.0,
                        0.0
                    ],
                    [
                        0.0,
                        0.0,
                        0.0,
                        0.0,
                        0.0,
                        0.0,
                        0.0,
                        0.0
                    ],
                    [
                        -0.9495903789099385,
                        -0.9506571851543439,
                        0.0,
                        0.0,
                        0.0,
                        0.0,
                        0.0,
                        0.0
                    ],
                    [
                        0.0,
                        -0.5070830732282727,
                        -0.7428640343948195,
                        0.0,
                        0.0,
                        0.0,
                        0.0,
                        0.0
                    ],
                    [
                        -0.0,
                        0.5323321901209386,
                        0.8544508849798707,
                        -0.5185461573497585,
                        0.0,
                        0.0,
                        0.0,
                        0.0
                    ],
                    [
                        0.9295756170110416,
                        -0.6320878710587718,
                        -0.6403157108858177,
                        0.6744702735672342,
                        0.55203477634583,
                        0.0,
                        0.0,
                        0.0
                    ],
                    [
                        -0.876904316125749,
                        -0.9928220781191717,
                        -0.759049896718845,
                        0.918884339659743,
                        -0.8569173110300187,
                        -0.0,
                        0.0,
                        0.0
                    ],
                    [
                        0.9669281101750807,
                        0.0,
                        0.5360199741439686,
                        0.7475925680531026,
                        0.0,
                        -0.7978083794180808,
                        -0.8090167459453006,
                        0.0
                    ]
                ]
            },
            "est_params": {
                "mui": [
                    -0.0022125617409819993,
                    1.0000010761666767,
                    -0.9576107732476239,
                    0.20033173467751295,
                    -0.40530440061324363,
                    -0.10940401664663715,
                    0.26990197470305793,
                    -0.4972032446679482
                ],
                "Si": [
                    [
                        1.0142276229308025,
                        1.44134736529126e-06,
                        -0.9670792455491294,
                        0.7222565296155266,
                        -1.2041743822273978,
                        1.388096577686118,
                        1.552186864662577,
                        -1.358178058518762
                    ],
                    [
                        1.4413473652912595e-06,
                        1.0183991913843812e-06,
                        -1.8341450452892043e-06,
                        -4.652636542487426e-07,
                        4.860231029176317e-07,
                        1.8824165483050249e-06,
                        3.0609255967804254e-07,
                        -1.4042508649536048e-06
                    ],
                    [
                        -0.9670792455491294,
                        -1.8341450452892045e-06,
                        1.925594869265928,
                        -1.4267208129205642,
                        2.3907277043341315,
                        -1.7826325964966834,
                        -3.9950426423081757,
                        3.686944239148342
                    ],
                    [
                        0.7222565296155266,
                        -4.6526365424874265e-07,
                        -1.4267208129205642,
                        2.04368717590714,
                        -2.2833273530279645,
                        1.7132166356171932,
                        4.307932981133365,
                        -3.3957616764358267
                    ],
                    [
                        -1.2041743822273978,
                        4.860231029176315e-07,
                        2.3907277043341315,
                        -2.2833273530279645,
                        4.261875720892497,
                        -1.8538359837305856,
                        -6.523111012683811,
                        5.163343504533844
                    ],
                    [
                        1.3880965776861183,
                        1.882416548305025e-06,
                        -1.7826325964966834,
                        1.7132166356171932,
                        -1.8538359837305853,
                        3.5444323394832935,
                        3.333447317033147,
                        -3.8653609741664154
                    ],
                    [
                        1.552186864662577,
                        3.060925596780423e-07,
                        -3.9950426423081757,
                        4.307932981133365,
                        -6.523111012683811,
                        3.333447317033147,
                        12.2575739272181,
                        -10.000191710052563
                    ],
                    [
                        -1.358178058518762,
                        -1.404250864953605e-06,
                        3.686944239148342,
                        -3.3957616764358267,
                        5.163343504533844,
                        -3.8653609741664154,
                        -10.000191710052563,
                        10.330810641322806
                    ]
                ]
            },
            "est_tgt": [
                1,
                2,
                3,
                5
            ],
            "oracle_est_tgt": [
                1,
                2,
                3,
                5,
                6
            ]
        },
        "2": {
            "intv_type": "do",
            "inode": 2,
            "new_mui": 1.0,
            "new_vari": null,
            "noise_type": "gaussian",
            "obs_noise_gamma_shape": 2.0,
            "true_params": {
                "Si": [
                    [
                        1.0,
                        0.6595832321292361,
                        0.0,
                        -0.3344634923979302,
                        0.5245521452831305,
                        0.5766463990156228,
                        -2.2885841905242685,
                        2.1083352945171803
                    ],
                    [
                        0.6595832321292361,
                        1.4350500401060498,
                        0.0,
                        -0.7276895845733318,
                        1.1412639686067374,
                        -0.1547328282545939,
                        -3.6497721606732596,
                        3.169928186691424
                    ],
                    [
                        0.0,
                        0.0,
                        1e-09,
                        -7.428640343948196e-10,
                        1.2396601754486432e-09,
                        -4.570198916887269e-10,
                        -2.5039422885571542e-09,
                        2.3710058844298052e-09
                    ],
                    [
                        -0.3344634923979302,
                        -0.7276895845733318,
                        -7.428640343948196e-10,
                        1.368999071453497,
                        -1.0972617988364568,
                        0.46667715998981635,
                        3.2139732041381253,
                        -2.272425713424971
                    ],
                    [
                        0.5245521452831305,
                        1.1412639686067374,
                        1.2396601754486432e-09,
                        -1.0972617988364568,
                        2.1765124383670957,
                        0.22767186257133615,
                        -4.4664019757340565,
                        3.118654921947565
                    ],
                    [
                        0.5766463990156228,
                        -0.1547328282545939,
                        -4.570198916887269e-10,
                        0.46667715998981635,
                        0.22767186257133615,
                        2.0742838339498464,
                        -0.11831517400758522,
                        -0.6527020778620962
                    ],
                    [
                        -2.2885841905242685,
                        -3.6497721606732596,
                        -2.5039422885571542e-09,
                        3.2139732041381253,
                        -4.4664019757340565,
                        -0.11831517400758522,
                        13.411050554003387,
                        -10.565525547999059
                    ],
                    [
                        2.1083352945171803,
                        3.169928186691424,
                        2.3710058844298052e-09,
                        -2.272425713424971,
                        3.118654921947565,
                        -0.6527020778620962,
                        -10.565525547999059,
                        10.408178373430662
                    ]
                ],
                "mui": [
                    0.0,
                    0.0,
                    1.0,
                    -0.7428640343948195,
                    1.2396601754486432,
                    -0.4570198916887269,
                    -2.503942288557154,
                    2.371005884429805
                ],
                "Ai": [
                    [
                        0.0,
                        0.0,
                        0.0,
                        0.0,
                        0.0,
                        0.0,
                        0.0,
                        0.0
                    ],
                    [
                        0.6595832321292361,
                        0.0,
                        0.0,
                        0.0,
                        0.0,
                        0.0,
                        0.0,
                        0.0
                    ],
                    [
                        0.0,
                        0.0,
                        0.0,
                        0.0,
                        0.0,
                        0.0,
                        0.0,
                        0.0
                    ],
                    [
                        0.0,
                        -0.5070830732282727,
                        -0.7428640343948195,
                        0.0,
                        0.0,
                        0.0,
                        0.0,
                        0.0
                    ],
                    [
                        -0.0,
                        0.5323321901209386,
                        0.8544508849798707,
                        -0.5185461573497585,
                        0.0,
                        0.0,
                        0.0,
                        0.0
                    ],
                    [
                        0.9295756170110416,
                        -0.6320878710587718,
                        -0.6403157108858177,
                        0.6744702735672342,
                        0.55203477634583,
                        0.0,
                        0.0,
                        0.0
                    ],
                    [
                        -0.876904316125749,
                        -0.9928220781191717,
                        -0.759049896718845,
                        0.918884339659743,
                        -0.8569173110300187,
                        -0.0,
                        0.0,
                        0.0
                    ],
                    [
                        0.9669281101750807,
                        0.0,
                        0.5360199741439686,
                        0.7475925680531026,
                        0.0,
                        -0.7978083794180808,
                        -0.8090167459453006,
                        0.0
                    ]
                ]
            },
            "est_params": {
                "mui": [
                    -0.0315667029887498,
                    -0.045322488583373725,
                    1.0000002106697552,
                    -0.7117137043619257,
                    1.1997732027640182,
                    -0.4747411450804237,
                    -2.356192363830763,
                    2.2550290216772777
                ],
                "Si": [
                    [
                        0.9966616288672804,
                        0.6484180295760249,
                        -1.0227557892025349e-08,
                        -0.3451457808138447,
                        0.5092568228405457,
                        0.5640525909917455,
                        -2.279638600102554,
                        2.1003847071435136
                    ],
                    [
                        0.648418029576025,
                        1.4207228628136186,
                        -5.307050727103653e-07,
                        -0.7357169950071353,
                        1.1298965138119161,
                        -0.16714022357154765,
                        -3.6163277494870174,
                        3.1317669473679906
                    ],
                    [
                        -1.0227557892025408e-08,
                        -5.307050727103653e-07,
                        1.006470589153012e-06,
                        -9.963407882705623e-07,
                        -7.540856211072767e-07,
                        -5.298820713147108e-07,
                        -9.032796493176466e-07,
                        -4.4601297901700325e-07
                    ],
                    [
                        -0.3451457808138447,
                        -0.7357169950071353,
                        -9.96340788270562e-07,
                        1.3654974154569925,
                        -1.0904324487880372,
                        0.4533352407641966,
                        3.2220491184017206,
                        -2.2718493999590703
                    ],
                    [
                        0.5092568228405457,
                        1.1298965138119161,
                        -7.540856211072766e-07,
                        -1.0904324487880372,
                        2.1503651487071282,
                        0.20328563474035694,
                        -4.429077623034584,
                        3.0789327107243114
                    ],
                    [
                        0.5640525909917455,
                        -0.16714022357154767,
                        -5.29882071314711e-07,
                        0.4533352407641966,
                        0.20328563474035694,
                        2.0223596577617977,
                        -0.10026578851106857,
                        -0.6314125484488314
                    ],
                    [
                        -2.279638600102554,
                        -3.6163277494870174,
                        -9.032796493176464e-07,
                        3.2220491184017206,
                        -4.429077623034584,
                        -0.10026578851106857,
                        13.376877212916682,
                        -10.503115391921506
                    ],
                    [
                        2.1003847071435136,
                        3.1317669473679906,
                        -4.4601297901700256e-07,
                        -2.2718493999590703,
                        3.0789327107243114,
                        -0.6314125484488314,
                        -10.503115391921506,
                        10.290375958454081
                    ]
                ]
            },
            "est_tgt": [
                1,
                2,
                3,
                5
            ],
            "oracle_est_tgt": [
                1,
                2,
                3,
                5,
                6
            ]
        },
        "3": {
            "intv_type": "do",
            "inode": 3,
            "new_mui": 1.0,
            "new_vari": null,
            "noise_type": "gaussian",
            "obs_noise_gamma_shape": 2.0,
            "true_params": {
                "Si": [
                    [
                        1.0,
                        0.6595832321292361,
                        -1.5766279177409221,
                        0.0,
                        -0.9960337330712979,
                        0.9723554229101982,
                        0.5185046950230856,
                        -1.0734082308223725
                    ],
                    [
                        0.6595832321292361,
                        1.4350500401060498,
                        -1.9905745230030887,
                        0.0,
                        -0.9369248320155789,
                        0.46343581593657956,
                        0.3106717476633127,
                        -1.0502897598342358
                    ],
                    [
                        -1.5766279177409221,
                        -1.9905745230030887,
                        4.389504674685657,
                        0.0,
                        2.6909692584792615,
                        -1.5325370504518623,
                        -2.2789530504371545,
                        3.8947584109252817
                    ],
                    [
                        0.0,
                        0.0,
                        0.0,
                        1e-09,
                        -5.185461573497585e-10,
                        3.8821476156967076e-10,
                        1.3632355184608473e-09,
                        -6.650087848432223e-10
                    ],
                    [
                        -0.9960337330712979,
                        -0.9369248320155789,
                        2.6909692584792615,
                        -5.185461573497585e-10,
                        2.8005458168245756,
                        -0.5107410600005078,
                        -2.638790190668211,
                        3.0216192074433996
                    ],
                    [
                        0.9723554229101982,
                        0.46343581593657956,
                        -1.5325370504518623,
                        3.8821476156967076e-10,
                        -0.5107410600005078,
                        2.3103064582908077,
                        0.2881629689770309,
                        -1.9575831972864546
                    ],
                    [
                        0.5185046950230856,
                        0.3106717476633127,
                        -2.2789530504371545,
                        1.3632355184608473e-09,
                        -2.638790190668211,
                        0.2881629689770309,
                        4.227943298248654,
                        -4.370583349754154
                    ],
                    [
                        -1.0734082308223725,
                        -1.0502897598342358,
                        3.8947584109252817,
                        -6.650087848432223e-10,
                        3.0216192074433996,
                        -1.9575831972864546,
                        -4.370583349754154,
                        7.147411107852554
                    ]
                ],
                "mui": [
                    0.0,
                    0.0,
                    0.0,
                    1.0,
                    -0.5185461573497585,
                    0.3882147615696707,
                    1.3632355184608471,
                    -0.6650087848432222
                ],
                "Ai": [
                    [
                        0.0,
                        0.0,
                        0.0,
                        0.0,
                        0.0,
                        0.0,
                        0.0,
                        0.0
                    ],
                    [
                        0.6595832321292361,
                        0.0,
                        0.0,
                        0.0,
                        0.0,
                        0.0,
                        0.0,
                        0.0
                    ],
                    [
                        -0.9495903789099385,
                        -0.9506571851543439,
                        0.0,
                        0.0,
                        0.0,
                        0.0,
                        0.0,
                        0.0
                    ],
                    [
                        0.0,
                        0.0,
                        0.0,
                        0.0,
                        0.0,
                        0.0,
                        0.0,
                        0.0
                    ],
                    [
                        -0.0,
                        0.5323321901209386,
                        0.8544508849798707,
                        -0.5185461573497585,
                        0.0,
                        0.0,
                        0.0,
                        0.0
                    ],
                    [
                        0.9295756170110416,
                        -0.6320878710587718,
                        -0.6403157108858177,
                        0.6744702735672342,
                        0.55203477634583,
                        0.0,
                        0.0,
                        0.0
                    ],
                    [
                        -0.876904316125749,
                        -0.9928220781191717,
                        -0.759049896718845,
                        0.918884339659743,
                        -0.8569173110300187,
                        -0.0,
                        0.0,
                        0.0
                    ],
                    [
                        0.9669281101750807,
                        0.0,
                        0.5360199741439686,
                        0.7475925680531026,
                        0.0,
                        -0.7978083794180808,
                        -0.8090167459453006,
                        0.0
                    ]
                ]
            },
            "est_params": {
                "mui": [
                    -0.003052393770159744,
                    -0.01173219258910131,
                    0.009303450608340204,
                    0.9999982088502145,
                    -0.5245005449335637,
                    0.37767865974569825,
                    1.3741988154105502,
                    -0.6587765853696347
                ],
                "Si": [
                    [
                        0.9764657922110647,
                        0.6248605009190549,
                        -1.5302053871551158,
                        2.738886495526309e-06,
                        -0.9790811293930487,
                        0.939447264507935,
                        0.5301953089345377,
                        -1.0497188508099558
                    ],
                    [
                        0.6248605009190549,
                        1.4014237142869883,
                        -1.9314378921829287,
                        -6.423181058983006e-07,
                        -0.9296723887960033,
                        0.40706993358111293,
                        0.33526791661258915,
                        -1.012534842597366
                    ],
                    [
                        -1.5302053871551158,
                        -1.9314378921829287,
                        4.293086326345968,
                        -1.0119656705022037e-06,
                        2.6652400628553594,
                        -1.4460580703578978,
                        -2.3038289407593355,
                        3.8126635730213625
                    ],
                    [
                        2.7388864955263086e-06,
                        -6.423181058983004e-07,
                        -1.011965670502204e-06,
                        1.0144696331918818e-06,
                        -1.2162119448643347e-06,
