{
    "expt_args": {
        "save_dir": "all_expt_logs/expt_logs_11.05.24-main_plus_oracle",
        "exp_name": "186",
        "num_nodes": 8,
        "obs_noise_mean": 0.0,
        "obs_noise_var": 1.0,
        "max_edge_strength": 1.0,
        "graph_sparsity_method": "adj_dense_prop",
        "adj_dense_prop": 0.8,
        "num_parents": null,
        "new_noise_mean": 1.0,
        "mix_samples": 4096,
        "stage2_samples": 4096,
        "gmm_tol": 0.001,
        "intv_type": "do",
        "new_noise_sigma": 0.0,
        "intv_targets": [
            0,
            1,
            2,
            3,
            4,
            5,
            6,
            7
        ]
    },
    "intv_args_dict": {
        "0": {
            "intv_type": "do",
            "inode": 0,
            "new_mui": 1.0,
            "new_sigmai": 0.0,
            "true_params": {
                "Si": [
                    [
                        0.0,
                        0.0,
                        0.0,
                        0.0,
                        0.0,
                        0.0,
                        0.0,
                        0.0
                    ],
                    [
                        0.0,
                        1.0,
                        0.7117593938240006,
                        -0.6237506019432478,
                        -0.5720627900389083,
                        0.2993974546294677,
                        0.44795320302919034,
                        0.10064060083449117
                    ],
                    [
                        0.0,
                        0.7117593938240006,
                        1.5066014346967087,
                        -1.320310711646198,
                        0.17297850884250554,
                        0.7789974904165087,
                        -1.0229367675689782,
                        0.6991737233204552
                    ],
                    [
                        0.0,
                        -0.6237506019432478,
                        -1.320310711646198,
                        2.157054769192235,
                        -0.15158977872294577,
                        -0.076307000382136,
                        2.1061481736716754,
                        -1.1850265308515135
                    ],
                    [
                        0.0,
                        -0.5720627900389083,
                        0.17297850884250554,
                        -0.15158977872294577,
                        1.6638293633907788,
                        0.8606834125864369,
                        -1.1533600916876288,
                        0.0001716659985566138
                    ],
                    [
                        0.0,
                        0.2993974546294677,
                        0.7789974904165087,
                        -0.076307000382136,
                        0.8606834125864369,
                        2.272687617657618,
                        0.6682537334302491,
                        -1.1351307509980118
                    ],
                    [
                        0.0,
                        0.44795320302919034,
                        -1.0229367675689782,
                        2.1061481736716754,
                        -1.1533600916876288,
                        0.6682537334302491,
                        4.892464363968861,
                        -2.7125665351644233
                    ],
                    [
                        0.0,
                        0.10064060083449117,
                        0.6991737233204552,
                        -1.1850265308515135,
                        0.0001716659985566138,
                        -1.1351307509980118,
                        -2.7125665351644233,
                        3.1566545870242733
                    ]
                ],
                "mui": [
                    1.0,
                    0.9752384802132359,
                    1.3807704093112454,
                    -0.4468691443384907,
                    0.5425777588917989,
                    1.6373621347930114,
                    1.069185301048212,
                    -1.2941405673039037
                ],
                "Ai": [
                    [
                        0.0,
                        0.0,
                        0.0,
                        0.0,
                        0.0,
                        0.0,
                        0.0,
                        0.0
                    ],
                    [
                        0.9752384802132359,
                        0.0,
                        0.0,
                        0.0,
                        0.0,
                        0.0,
                        0.0,
                        0.0
                    ],
                    [
                        0.6866352598008331,
                        0.7117593938240006,
                        0.0,
                        0.0,
                        0.0,
                        0.0,
                        0.0,
                        0.0
                    ],
                    [
                        0.7631695027471845,
                        0.0,
                        -0.8763503613097167,
                        0.0,
                        0.0,
                        0.0,
                        0.0,
                        0.0
                    ],
                    [
                        0.7021242517055983,
                        -0.9849896988075425,
                        0.5801495735098654,
                        0.0,
                        0.0,
                        0.0,
                        0.0,
                        0.0
                    ],
                    [
                        0.0,
                        0.5897035876918694,
                        0.6890658523255113,
                        0.6063677318037339,
                        0.7036517594152683,
                        0.0,
                        0.0,
                        0.0
                    ],
                    [
                        0.7137520764641483,
                        0.9066465738092444,
                        -0.6561687709633619,
                        0.8195428968189411,
                        -0.5714240572158593,
                        0.643428484949377,
                        0.0,
                        0.0
                    ],
                    [
                        -0.7121226515059067,
                        0.5004032304913317,
                        0.5415452369508102,
                        0.5357619287344009,
                        -0.0,
                        -0.5438439931334496,
                        -0.6433823990592272,
                        0.0
                    ]
                ]
            },
            "est_params": {
                "mui": [
                    1.000000699284494,
                    0.9810149964050414,
                    1.342170282876039,
                    -0.46334569070654924,
                    0.5375859947031263,
                    1.5714491339345082,
                    1.0577727882912484,
                    -1.3104416364060112
                ],
                "Si": [
                    [
                        1.004793386846837e-06,
                        5.734602807445618e-07,
                        -2.724496602219426e-06,
                        2.8877258079215443e-06,
                        -5.0504712195400115e-06,
                        -5.139362377315102e-06,
                        3.825145513019772e-06,
                        -1.2142556077289826e-06
                    ],
                    [
                        5.734602807445618e-07,
                        0.9546541826107436,
                        0.7571081534303203,
                        -0.657891368195159,
                        -0.36684333092579763,
                        0.38623665418064307,
                        0.30452554993702735,
                        0.11269031189305688
                    ],
                    [
                        -2.7244966022194265e-06,
                        0.7571081534303202,
                        1.7706417637547294,
                        -1.471725633764019,
                        0.3999694331626183,
                        1.0536166039625583,
                        -1.1642811409828628,
                        0.7092691392858268
                    ],
                    [
                        2.8877258079215448e-06,
                        -0.6578913681951591,
                        -1.471725633764019,
                        2.340049425416696,
                        -0.21852855606898605,
                        -0.12431552345419734,
                        2.246624112668925,
                        -1.2677800936290227
                    ],
                    [
                        -5.0504712195400115e-06,
                        -0.36684333092579763,
                        0.3999694331626183,
                        -0.21852855606898602,
                        1.5634230075296125,
                        1.0309714451007979,
                        -0.9895747564287942,
                        0.0690083683554041
                    ],
                    [
                        -5.139362377315102e-06,
                        0.38623665418064307,
                        1.0536166039625583,
                        -0.12431552345419737,
                        1.0309714451007979,
                        2.5769446715677335,
                        0.6255891677499533,
                        -1.1184034737726307
                    ],
                    [
                        3.825145513019772e-06,
                        0.3045255499370274,
                        -1.1642811409828628,
                        2.246624112668925,
                        -0.9895747564287942,
                        0.6255891677499533,
                        4.674907195779541,
                        -2.729692216916998
                    ],
                    [
                        -1.214255607728983e-06,
                        0.1126903118930569,
                        0.7092691392858268,
                        -1.2677800936290229,
                        0.06900836835540407,
                        -1.1184034737726305,
                        -2.729692216916998,
                        3.1734596690456955
                    ]
                ]
            },
            "est_tgt": [
                0
            ],
            "oracle_est_tgt": [
                0,
                1,
                3,
                4,
                7
            ]
        },
        "1": {
            "intv_type": "do",
            "inode": 1,
            "new_mui": 1.0,
            "new_sigmai": 0.0,
            "true_params": {
                "Si": [
                    [
                        1.0,
                        0.0,
                        0.6866352598008331,
                        0.16143644473273333,
                        1.1004754048358873,
                        1.3453782161604582,
                        0.6323241001193731,
                        -1.3922891539094797
                    ],
                    [
                        0.0,
                        0.0,
                        0.0,
                        0.0,
                        0.0,
                        0.0,
                        0.0,
                        0.0
                    ],
                    [
                        0.6866352598008331,
                        0.0,
                        1.4714679800017576,
                        -0.7655024061393335,
                        1.3357747890137819,
                        1.4896826605807076,
                        -0.9075956450547603,
                        -0.328452994636103
                    ],
                    [
                        0.16143644473273333,
                        0.0,
                        -0.7655024061393335,
                        1.7940516814556158,
                        -0.3307574514865275,
                        0.3276354182010819,
                        2.4876394083456352,
                        -1.3470181065481612
                    ],
                    [
                        1.1004754048358873,
                        0.0,
                        1.3357747890137819,
                        -0.3307574514865275,
                        2.547619644292389,
                        2.512513192898882,
                        -0.2012456124895294,
                        -1.474435561394022
                    ],
                    [
                        1.3453782161604582,
                        0.0,
                        1.4896826605807076,
                        0.3276354182010819,
                        2.512513192898882,
                        3.99309132633811,
                        1.3848527545040614,
                        -3.0384177889865285
                    ],
                    [
                        0.6323241001193731,
                        0.0,
                        -0.9075956450547603,
                        2.4876394083456352,
                        -0.2012456124895294,
                        1.3848527545040614,
                        5.091636059456524,
                        -3.638026801014791
                    ],
                    [
                        -1.3922891539094797,
                        0.0,
                        -0.328452994636103,
                        -1.3470181065481612,
                        -1.474435561394022,
                        -3.0384177889865285,
                        -3.638026801014791,
                        5.084995144581921
                    ]
                ],
                "mui": [
                    0.0,
                    1.0,
                    0.7117593938240006,
                    -0.6237506019432478,
                    -0.5720627900389083,
                    0.2993974546294677,
                    0.44795320302919034,
                    0.10064060083449117
                ],
                "Ai": [
                    [
                        0.0,
                        0.0,
                        0.0,
                        0.0,
                        0.0,
                        0.0,
                        0.0,
                        0.0
                    ],
                    [
                        0.0,
                        0.0,
                        0.0,
                        0.0,
                        0.0,
                        0.0,
                        0.0,
                        0.0
                    ],
                    [
                        0.6866352598008331,
                        0.7117593938240006,
                        0.0,
                        0.0,
                        0.0,
                        0.0,
                        0.0,
                        0.0
                    ],
                    [
                        0.7631695027471845,
                        0.0,
                        -0.8763503613097167,
                        0.0,
                        0.0,
                        0.0,
                        0.0,
                        0.0
                    ],
                    [
                        0.7021242517055983,
                        -0.9849896988075425,
                        0.5801495735098654,
                        0.0,
                        0.0,
                        0.0,
                        0.0,
                        0.0
                    ],
                    [
                        0.0,
                        0.5897035876918694,
                        0.6890658523255113,
                        0.6063677318037339,
                        0.7036517594152683,
                        0.0,
                        0.0,
                        0.0
                    ],
                    [
                        0.7137520764641483,
                        0.9066465738092444,
                        -0.6561687709633619,
                        0.8195428968189411,
                        -0.5714240572158593,
                        0.643428484949377,
                        0.0,
                        0.0
                    ],
                    [
                        -0.7121226515059067,
                        0.5004032304913317,
                        0.5415452369508102,
                        0.5357619287344009,
                        -0.0,
                        -0.5438439931334496,
                        -0.6433823990592272,
                        0.0
                    ]
                ]
            },
            "est_params": {
                "mui": [
                    0.043169550813443994,
                    1.0000017410919821,
                    0.8269656477914763,
                    -0.6939611812125237,
                    -0.5277778525417038,
                    0.40960839988230885,
                    0.41554480298225904,
                    0.1033022154704039
                ],
                "Si": [
                    [
                        0.9920101457963006,
                        -1.6828811236818747e-06,
                        0.7702226289643851,
                        0.11067857106746988,
                        1.167749479445562,
                        1.3539664633921482,
                        0.5451503098188837,
                        -1.3056556586468526
                    ],
                    [
                        -1.682881123681875e-06,
                        1.004556334560116e-06,
                        -1.929188611589128e-06,
                        2.0993795785053932e-06,
                        -5.394923322563647e-06,
                        -9.96023185182901e-06,
                        1.0339288717958785e-06,
                        9.70312808162015e-06
                    ],
                    [
                        0.7702226289643851,
                        -1.929188611589128e-06,
                        1.5280864313826634,
                        -0.6825227084507078,
                        1.4544260364239403,
                        1.6613584043477274,
                        -0.7608630722260955,
                        -0.48368484840719705
                    ],
                    [
                        0.11067857106746988,
                        2.0993795785053932e-06,
                        -0.6825227084507078,
                        1.4916410436788081,
                        -0.3356053740299423,
                        0.10922518577187794,
                        1.9173230708682223,
                        -1.0258024392666958
                    ],
                    [
                        1.167749479445562,
                        -5.394923322563647e-06,
                        1.45442603642394,
                        -0.3356053740299422,
                        2.626210927281475,
                        2.597768653158307,
                        -0.2117395630942667,
                        -1.3857342009350804
                    ],
                    [
                        1.3539664633921484,
                        -9.96023185182901e-06,
                        1.661358404347727,
                        0.10922518577187793,
                        2.597768653158307,
                        3.9228817565223246,
                        0.8877877423942673,
                        -2.6465598688004106
                    ],
                    [
                        0.5451503098188838,
                        1.0339288717958791e-06,
                        -0.7608630722260956,
                        1.9173230708682223,
                        -0.21173956309426667,
                        0.887787742394267,
                        4.0088663479473015,
                        -2.9288153545169977
                    ],
                    [
                        -1.3056556586468528,
                        9.703128081620151e-06,
                        -0.48368484840719705,
                        -1.0258024392666956,
                        -1.3857342009350804,
                        -2.6465598688004106,
                        -2.9288153545169977,
                        4.466522450913106
                    ]
                ]
            },
            "est_tgt": [
                1,
                6
            ],
            "oracle_est_tgt": [
                0,
                1,
                2,
                4,
                5,
                6
            ]
        },
        "2": {
            "intv_type": "do",
            "inode": 2,
            "new_mui": 1.0,
            "new_sigmai": 0.0,
            "true_params": {
                "Si": [
                    [
                        1.0,
                        0.9752384802132359,
                        0.0,
                        0.7631695027471845,
                        -0.2584756051851624,
                        0.8559861766450394,
                        2.921863916024269,
                        -2.1606317571545968
                    ],
                    [
                        0.9752384802132359,
                        1.951090093288622,
                        0.0,
                        0.7442722660042552,
                        -1.2370650551805167,
                        0.7314045111148737,
                        4.252485916819345,
                        -2.4531494230301565
                    ],
                    [
                        0.0,
                        0.0,
                        0.0,
                        0.0,
                        0.0,
                        0.0,
                        0.0,
                        0.0
                    ],
                    [
                        0.7631695027471845,
                        0.7442722660042552,
                        0.0,
                        1.582427689923385,
                        -0.19726069908143798,
                        1.2596302765923924,
                        3.4395745997027904,
                        -2.2212336495288216
                    ],
                    [
                        -0.2584756051851624,
                        -1.2370650551805167,
                        0.0,
                        -0.19726069908143798,
                        2.0370143452328096,
                        0.5842345040529854,
                        -2.255817778490403,
                        0.5929712393255122
                    ],
                    [
                        0.8559861766450394,
                        0.7314045111148737,
                        0.0,
                        1.2596302765923924,
                        0.5842345040529854,
                        2.6062086546750876,
                        3.649471586343396,
                        -3.3340847253452193
                    ],
                    [
                        2.921863916024269,
                        4.252485916819345,
                        0.0,
                        3.4395745997027904,
                        -2.255817778490403,
                        3.649471586343396,
                        13.39706967612097,
                        -8.714156696191111
                    ],
                    [
                        -2.1606317571545968,
                        -2.4531494230301565,
                        0.0,
                        -2.2212336495288216,
                        0.5929712393255122,
                        -3.3340847253452193,
                        -8.714156696191111,
                        7.540775486879698
                    ]
                ],
                "mui": [
                    0.0,
                    0.0,
                    1.0,
                    -0.8763503613097167,
                    0.5801495735098654,
                    0.56589853959699,
                    -1.341771667818554,
                    0.6275418302764146
                ],
                "Ai": [
                    [
                        0.0,
                        0.0,
                        0.0,
                        0.0,
                        0.0,
                        0.0,
                        0.0,
                        0.0
                    ],
                    [
                        0.9752384802132359,
                        0.0,
                        0.0,
                        0.0,
                        0.0,
                        0.0,
                        0.0,
                        0.0
                    ],
                    [
                        0.0,
                        0.0,
                        0.0,
                        0.0,
                        0.0,
                        0.0,
                        0.0,
                        0.0
                    ],
                    [
                        0.7631695027471845,
                        0.0,
                        -0.8763503613097167,
                        0.0,
                        0.0,
                        0.0,
                        0.0,
                        0.0
                    ],
                    [
                        0.7021242517055983,
                        -0.9849896988075425,
                        0.5801495735098654,
                        0.0,
                        0.0,
                        0.0,
                        0.0,
                        0.0
                    ],
                    [
                        0.0,
                        0.5897035876918694,
                        0.6890658523255113,
                        0.6063677318037339,
                        0.7036517594152683,
                        0.0,
                        0.0,
                        0.0
                    ],
                    [
                        0.7137520764641483,
                        0.9066465738092444,
                        -0.6561687709633619,
                        0.8195428968189411,
                        -0.5714240572158593,
                        0.643428484949377,
                        0.0,
                        0.0
                    ],
                    [
                        -0.7121226515059067,
                        0.5004032304913317,
                        0.5415452369508102,
                        0.5357619287344009,
                        -0.0,
                        -0.5438439931334496,
                        -0.6433823990592272,
                        0.0
                    ]
                ]
            },
            "est_params": {
                "mui": [
                    -0.04432457789524081,
                    -0.12124784640776305,
                    1.0000001996395593,
                    -0.8353349567700781,
                    0.6515641040881397,
                    0.5241496246381804,
                    -1.5488007799161583,
                    0.7179135808798478
                ],
                "Si": [
                    [
                        0.9538512560420573,
                        0.9544633499713696,
                        9.667160009071e-07,
                        0.7356874074426812,
                        -0.17475869211479636,
                        0.9657110227389722,
                        2.8714403914521127,
                        -2.265677912311074
                    ],
                    [
                        0.9544633499713696,
                        1.9900634267725246,
                        4.0730246291463617e-07,
                        0.7506729818195239,
                        -1.1987985082363073,
                        0.9096200470160274,
                        4.3722098015771556,
                        -2.7167235728816683
                    ],
                    [
                        9.667160009071e-07,
                        4.0730246291463617e-07,
                        1.001539651887205e-06,
                        7.347724900555993e-07,
                        2.951480347536154e-07,
                        1.889369270811944e-06,
                        3.4517728525255813e-06,
                        -2.8741176352433177e-06
                    ],
                    [
                        0.7356874074426812,
                        0.7506729818195239,
                        7.347724900555993e-07,
                        1.5895609989378554,
                        -0.22463944695231405,
                        1.3463849264831378,
                        3.616639086058524,
                        -2.4410674178896627
                    ],
                    [
                        -0.1747586921147963,
                        -1.1987985082363073,
                        2.951480347536154e-07,
                        -0.22463944695231403,
                        2.001188307078859,
                        0.46474944652054756,
                        -2.2570086232595985,
                        0.6813414097271473
                    ],
                    [
                        0.9657110227389722,
                        0.9096200470160274,
                        1.8893692708119442e-06,
                        1.3463849264831378,
                        0.4647494465205476,
                        2.7263382486182093,
                        4.211568106092309,
                        -3.667065893322101
                    ],
                    [
                        2.8714403914521127,
                        4.372209801577155,
                        3.4517728525255805e-06,
                        3.616639086058524,
                        -2.2570086232595985,
                        4.211568106092309,
                        14.126126186909618,
                        -9.56261980843378
                    ],
                    [
                        -2.265677912311074,
                        -2.7167235728816683,
                        -2.8741176352433177e-06,
                        -2.4410674178896627,
                        0.6813414097271473,
                        -3.6670658933221008,
                        -9.56261980843378,
                        8.178695487249817
                    ]
                ]
            },
            "est_tgt": [
                2,
                3,
                5,
                7
            ],
            "oracle_est_tgt": [
                0,
                2,
                3,
                4,
                5,
                7
            ]
        },
        "3": {
            "intv_type": "do",
            "inode": 3,
            "new_mui": 1.0,
            "new_sigmai": 0.0,
            "true_params": {
                "Si": [
                    [
                        1.0,
                        0.9752384802132359,
                        1.3807704093112454,
                        0.0,
                        0.5425777588917989,
                        1.9083291642586173,
                        1.609761639338668,
                        -1.549886185357273
                    ],
                    [
                        0.9752384802132359,
                        1.951090093288622,
                        2.0583398293241073,
                        0.0,
                        -0.042920081059766746,
                        2.538695726239177,
                        2.772404034277428,
                        -1.7678438759657942
                    ],
                    [
                        1.3807704093112454,
                        2.0583398293241073,
                        3.413128357926253,
                        0.0,
                        0.9221538230707129,
                        4.214555743147546,
                        2.7969505985892313,
                        -2.1964841904275136
                    ],
                    [
                        0.0,
                        0.0,
                        0.0,
                        0.0,
                        0.0,
                        0.0,
                        0.0,
                        0.0
                    ],
                    [
                        0.5425777588917989,
                        -0.042920081059766746,
                        0.9221538230707129,
                        0.0,
                        1.9582199878348259,
                        1.9880195240465997,
                        -0.09656150307432389,
                        -0.927517753785532
                    ],
                    [
                        1.9083291642586173,
                        2.538695726239177,
                        4.214555743147546,
                        0.0,
                        1.9880195240465997,
                        6.800057858993895,
                        4.137662567093396,
                        -4.1664901816758855
                    ],
                    [
                        1.609761639338668,
                        2.772404034277428,
                        2.7969505985892313,
                        0.0,
                        -0.09656150307432389,
                        4.137662567093396,
                        5.544757217495572,
                        -4.061994650786144
                    ],
                    [
                        -1.549886185357273,
                        -1.7678438759657942,
                        -2.1964841904275136,
                        0.0,
                        -0.927517753785532,
                        -4.1664901816758855,
                        -4.061994650786144,
                        4.908915243090082
                    ]
                ],
                "mui": [
                    0.0,
                    0.0,
                    0.0,
                    1.0,
                    0.0,
                    0.6063677318037339,
                    1.2096971678156079,
                    -0.5723053858013727
                ],
                "Ai": [
                    [
                        0.0,
                        0.0,
                        0.0,
                        0.0,
                        0.0,
                        0.0,
                        0.0,
                        0.0
                    ],
                    [
                        0.9752384802132359,
                        0.0,
                        0.0,
                        0.0,
                        0.0,
                        0.0,
                        0.0,
                        0.0
                    ],
                    [
                        0.6866352598008331,
                        0.7117593938240006,
                        0.0,
                        0.0,
                        0.0,
                        0.0,
                        0.0,
                        0.0
                    ],
                    [
                        0.0,
                        0.0,
                        0.0,
                        0.0,
                        0.0,
                        0.0,
                        0.0,
                        0.0
                    ],
                    [
                        0.7021242517055983,
                        -0.9849896988075425,
                        0.5801495735098654,
                        0.0,
                        0.0,
                        0.0,
                        0.0,
                        0.0
                    ],
                    [
                        0.0,
                        0.5897035876918694,
                        0.6890658523255113,
                        0.6063677318037339,
                        0.7036517594152683,
                        0.0,
                        0.0,
                        0.0
                    ],
                    [
                        0.7137520764641483,
                        0.9066465738092444,
                        -0.6561687709633619,
                        0.8195428968189411,
                        -0.5714240572158593,
                        0.643428484949377,
                        0.0,
                        0.0
                    ],
                    [
                        -0.7121226515059067,
                        0.5004032304913317,
                        0.5415452369508102,
                        0.5357619287344009,
                        -0.0,
                        -0.5438439931334496,
                        -0.6433823990592272,
                        0.0
                    ]
                ]
            },
            "est_params": {
                "mui": [
                    0.033521268939597004,
                    0.011494291278966002,
                    0.039706121897024514,
                    1.0000039831438685,
                    0.02529845889902342,
                    0.5995484439449676,
                    1.2402566586180477,
                    -0.5373158620030195
                ],
                "Si": [
                    [
                        0.9450052279295121,
                        0.944961637627375,
                        1.4075801896176312,
                        4.091903356469414e-07,
                        0.5541694685391261,
                        1.883542783717333,
                        1.5266670315554183,
                        -1.379911130178782
                    ],
                    [
                        0.944961637627375,
                        1.9018178189342285,
                        2.092353203492397,
                        -5.1058567537089435e-06,
                        0.029950036484013294,
                        2.619458298345228,
                        2.744287435588647,
                        -1.7206267880981252
                    ],
                    [
                        1.4075801896176312,
                        2.092353203492397,
                        3.533062702814121,
                        -4.201545412337987e-06,
                        1.0590992931411287,
                        4.478942094038832,
                        2.9158086352995496,
                        -2.2781022382136022
                    ],
                    [
                        4.091903356469414e-07,
                        -5.1058567537089435e-06,
                        -4.201545412337987e-06,
                        1.007156477759792e-06,
                        3.4336466786560263e-06,
                        -3.97403337954894e-06,
                        -4.138621328097309e-06,
                        -1.1843995921873978e-06
                    ],
                    [
                        0.5541694685391261,
                        0.029950036484013256,
                        1.0590992931411287,
                        3.4336466786560263e-06,
                        2.094910005460058,
                        2.233577781582857,
                        -0.008341278202007741,
                        -0.9869134577583268
                    ],
                    [
                        1.883542783717333,
                        2.619458298345228,
                        4.478942094038832,
                        -3.97403337954894e-06,
                        2.233577781582857,
                        7.278228855643035,
                        4.305801274498506,
                        -4.334243827486509
                    ],
                    [
                        1.5266670315554183,
                        2.7442874355886464,
                        2.9158086352995496,
                        -4.13862132809731e-06,
                        -0.008341278202007741,
                        4.305801274498506,
                        5.5144572510059655,
