{
    "expt_args": {
        "save_dir": "all_expt_logs/expt_logs_11.05.24-main_plus_oracle",
        "exp_name": "143",
        "num_nodes": 8,
        "obs_noise_mean": 0.0,
        "obs_noise_var": 1.0,
        "max_edge_strength": 1.0,
        "graph_sparsity_method": "adj_dense_prop",
        "adj_dense_prop": 0.8,
        "num_parents": null,
        "new_noise_mean": 1.0,
        "mix_samples": 131072,
        "stage2_samples": 131072,
        "gmm_tol": 0.001,
        "intv_type": "do",
        "new_noise_sigma": 0.0,
        "intv_targets": [
            0,
            1,
            2,
            3,
            4,
            5,
            6,
            7
        ]
    },
    "intv_args_dict": {
        "0": {
            "intv_type": "do",
            "inode": 0,
            "new_mui": 1.0,
            "new_sigmai": 0.0,
            "true_params": {
                "Si": [
                    [
                        0.0,
                        0.0,
                        0.0,
                        0.0,
                        0.0,
                        0.0,
                        0.0,
                        0.0
                    ],
                    [
                        0.0,
                        1.0,
                        -0.6338674183539174,
                        0.6088755425248572,
                        -0.9196142503262322,
                        -1.3314014426784029,
                        -0.2245934267706724,
                        1.0816012897699094
                    ],
                    [
                        0.0,
                        -0.6338674183539174,
                        1.40178790405066,
                        0.13335610589978492,
                        1.1584866234787075,
                        1.5948226420659863,
                        -1.0970355889518422,
                        -2.5432504402505316
                    ],
                    [
                        0.0,
                        0.6088755425248572,
                        0.13335610589978492,
                        1.6404044859316773,
                        -0.852452966935497,
                        -1.3326542058972828,
                        -1.8573011096643053,
                        0.13960673719864652
                    ],
                    [
                        0.0,
                        -0.9196142503262322,
                        1.1584866234787075,
                        -0.852452966935497,
                        2.526751072506913,
                        2.769870513835569,
                        -0.3256653410070596,
                        -2.9717457646648304
                    ],
                    [
                        0.0,
                        -1.3314014426784029,
                        1.5948226420659863,
                        -1.3326542058972828,
                        2.769870513835569,
                        4.497530731514185,
                        1.0301519552575389,
                        -3.383625320453784
                    ],
                    [
                        0.0,
                        -0.2245934267706724,
                        -1.0970355889518422,
                        -1.8573011096643053,
                        -0.3256653410070596,
                        1.0301519552575389,
                        4.840046629038593,
                        2.865252614806593
                    ],
                    [
                        0.0,
                        1.0816012897699094,
                        -2.5432504402505316,
                        0.13960673719864652,
                        -2.9717457646648304,
                        -3.383625320453784,
                        2.865252614806593,
                        6.891541962602911
                    ]
                ],
                "mui": [
                    1.0,
                    0.8874623768800066,
                    -1.1883971891905363,
                    -0.3686748190059914,
                    -1.6266274187225938,
                    -2.2224205998593467,
                    0.9591406053835914,
                    1.7258240206297857
                ],
                "Ai": [
                    [
                        0.0,
                        0.0,
                        0.0,
                        0.0,
                        0.0,
                        0.0,
                        0.0,
                        0.0
                    ],
                    [
                        0.8874623768800066,
                        0.0,
                        0.0,
                        0.0,
                        0.0,
                        0.0,
                        0.0,
                        0.0
                    ],
                    [
                        -0.6258637034713752,
                        -0.6338674183539174,
                        0.0,
                        0.0,
                        0.0,
                        0.0,
                        0.0,
                        0.0
                    ],
                    [
                        -0.5840163855128115,
                        0.9380444611520564,
                        0.519302474138857,
                        0.0,
                        0.0,
                        0.0,
                        0.0,
                        0.0
                    ],
                    [
                        -0.7956723686414318,
                        -0.0,
                        0.882698401859253,
                        -0.5914188828497373,
                        0.0,
                        0.0,
                        0.0,
                        0.0
                    ],
                    [
                        -0.6467930706430844,
                        0.0,
                        0.7178220686491948,
                        -0.5724813196779448,
                        0.5739662547581967,
                        0.0,
                        0.0,
                        0.0
                    ],
                    [
                        0.0,
                        0.0,
                        -0.953521180236235,
                        -0.8076076633710999,
                        -0.9960191307320254,
                        0.9412790368831783,
                        0.0,
                        0.0
                    ],
                    [
                        -0.5018022355783422,
                        -0.5140252488972765,
                        -0.9419890618390991,
                        0.8232927506970122,
                        0.0,
                        -0.5047133149809138,
                        0.7779768737346752,
                        0.0
                    ]
                ]
            },
            "est_params": {
                "mui": [
                    1.0000008228586796,
                    0.8816958846775996,
                    -1.1845355881047412,
                    -0.3662116006561272,
                    -1.6179377741349161,
                    -2.234804285031975,
                    0.930849334177698,
                    1.7131049477947118
                ],
                "Si": [
                    [
                        1.0114909178283745e-06,
                        -2.547425139631817e-07,
                        1.0157908088384292e-06,
                        1.4863235824873288e-06,
                        -1.5680342988581387e-07,
                        3.395511728296343e-07,
                        -3.569353419628873e-06,
                        -2.5297064282618523e-06
                    ],
                    [
                        -2.5474251396318173e-07,
                        0.9929002545457941,
                        -0.6469809169247108,
                        0.5959359135857306,
                        -0.9193516343699865,
                        -1.3248985938541964,
                        -0.18304132038831727,
                        1.1121658843637172
                    ],
                    [
                        1.0157908088384292e-06,
                        -0.6469809169247108,
                        1.4210960351123176,
                        0.13932501730211957,
                        1.1559233833348197,
                        1.5981107451243102,
                        -1.1301775420935445,
                        -2.5768227669603143
                    ],
                    [
                        1.4863235824873288e-06,
                        0.5959359135857306,
                        0.13932501730211957,
                        1.6508015019132098,
                        -0.8536526533165967,
                        -1.3280614188083077,
                        -1.8862527604027925,
                        0.13340768314146886
                    ],
                    [
                        -1.56803429885814e-07,
                        -0.9193516343699865,
                        1.1559233833348197,
                        -0.8536526533165968,
                        2.507775119025959,
                        2.752706724274246,
                        -0.3266261719556079,
                        -2.9764565817075774
                    ],
                    [
                        3.395511728296343e-07,
                        -1.3248985938541964,
                        1.5981107451243102,
                        -1.3280614188083077,
                        2.752706724274246,
                        4.476825911609384,
                        1.014168357441659,
                        -3.4005404716319436
                    ],
                    [
                        -3.569353419628873e-06,
                        -0.1830413203883173,
                        -1.1301775420935447,
                        -1.8862527604027923,
                        -0.32662617195560795,
                        1.014168357441659,
                        4.902799205147913,
                        2.9007933625355884
                    ],
                    [
                        -2.5297064282618523e-06,
                        1.1121658843637172,
                        -2.5768227669603143,
                        0.13340768314146886,
                        -2.9764565817075774,
                        -3.4005404716319436,
                        2.900793362535588,
                        6.963654141425302
                    ]
                ]
            },
            "est_tgt": [
                0
            ],
            "oracle_est_tgt": [
                0,
                1,
                2,
                3,
                4,
                5,
                7
            ]
        },
        "1": {
            "intv_type": "do",
            "inode": 1,
            "new_mui": 1.0,
            "new_sigmai": 0.0,
            "true_params": {
                "Si": [
                    [
                        1.0,
                        0.0,
                        -0.6258637034713752,
                        -0.9090289551992046,
                        -0.8105043703153505,
                        -1.0408519109585017,
                        1.1584588217371177,
                        0.7659435691741009
                    ],
                    [
                        0.0,
                        0.0,
                        0.0,
                        0.0,
                        0.0,
                        0.0,
                        0.0,
                        0.0
                    ],
                    [
                        -0.6258637034713752,
                        0.0,
                        1.3917053753229056,
                        1.088230702602546,
                        1.0828383796282457,
                        1.4023220785604917,
                        -1.964435373049706,
                        -2.337034901869198
                    ],
                    [
                        -0.9090289551992046,
                        0.0,
                        1.088230702602546,
                        2.0960087010372956,
                        0.4442495995776299,
                        0.42416809496760965,
                        -2.773624277456789,
                        -1.215218717333475
                    ],
                    [
                        -0.8105043703153505,
                        0.0,
                        1.0828383796282457,
                        0.4442495995776299,
                        2.3379780374041177,
                        2.3891097969265553,
                        -1.4711405946432765,
                        -2.5978904156517357
                    ],
                    [
                        -1.0408519109585017,
                        0.0,
                        1.4023220785604917,
                        0.42416809496760965,
                        2.3891097969265553,
                        3.808273630494017,
                        -0.4746561355328336,
                        -2.7408136305125437
                    ],
                    [
                        1.1584588217371177,
                        0.0,
                        -1.964435373049706,
                        -2.773624277456789,
                        -1.4711405946432765,
                        -0.4746561355328336,
                        6.131631263350551,
                        3.9954872395381473
                    ],
                    [
                        0.7659435691741009,
                        0.0,
                        -2.337034901869198,
                        -1.215218717333475,
                        -2.5978904156517357,
                        -2.7408136305125437,
                        3.9954872395381473,
                        6.3083501637301405
                    ]
                ],
                "mui": [
                    0.0,
                    1.0,
                    -0.6338674183539174,
                    0.6088755425248572,
                    -0.9196142503262322,
                    -1.3314014426784029,
                    -0.2245934267706724,
                    1.0816012897699094
                ],
                "Ai": [
                    [
                        0.0,
                        0.0,
                        0.0,
                        0.0,
                        0.0,
                        0.0,
                        0.0,
                        0.0
                    ],
                    [
                        0.0,
                        0.0,
                        0.0,
                        0.0,
                        0.0,
                        0.0,
                        0.0,
                        0.0
                    ],
                    [
                        -0.6258637034713752,
                        -0.6338674183539174,
                        0.0,
                        0.0,
                        0.0,
                        0.0,
                        0.0,
                        0.0
                    ],
                    [
                        -0.5840163855128115,
                        0.9380444611520564,
                        0.519302474138857,
                        0.0,
                        0.0,
                        0.0,
                        0.0,
                        0.0
                    ],
                    [
                        -0.7956723686414318,
                        -0.0,
                        0.882698401859253,
                        -0.5914188828497373,
                        0.0,
                        0.0,
                        0.0,
                        0.0
                    ],
                    [
                        -0.6467930706430844,
                        0.0,
                        0.7178220686491948,
                        -0.5724813196779448,
                        0.5739662547581967,
                        0.0,
                        0.0,
                        0.0
                    ],
                    [
                        0.0,
                        0.0,
                        -0.953521180236235,
                        -0.8076076633710999,
                        -0.9960191307320254,
                        0.9412790368831783,
                        0.0,
                        0.0
                    ],
                    [
                        -0.5018022355783422,
                        -0.5140252488972765,
                        -0.9419890618390991,
                        0.8232927506970122,
                        0.0,
                        -0.5047133149809138,
                        0.7779768737346752,
                        0.0
                    ]
                ]
            },
            "est_params": {
                "mui": [
                    0.008891724013001975,
                    0.9999988949571383,
                    -0.6263808941902185,
                    0.6098623945915557,
                    -0.9270519561986302,
                    -1.3397844283630849,
                    -0.24061249644049837,
                    1.0755912030141508
                ],
                "Si": [
                    [
                        1.00354782986237,
                        -6.437277010647733e-07,
                        -0.6280833926238648,
                        -0.9123785064487753,
                        -0.8054129163395585,
                        -1.0481491640126848,
                        1.1435707753229998,
                        0.7515806676706489
                    ],
                    [
                        -6.437277010647733e-07,
                        1.0081820577276455e-06,
                        -1.7708789124443762e-07,
                        6.516304674746604e-07,
                        -1.045266563187746e-06,
                        -1.2410057107846647e-06,
                        -3.9703617368371817e-07,
                        1.541059265206637e-06
                    ],
                    [
                        -0.6280833926238648,
                        -1.7708789124443751e-07,
                        1.403689930644105,
                        1.1011050505502562,
                        1.0999971140687006,
                        1.4325803636793801,
                        -1.9665385181426123,
                        -2.334133675358518
                    ],
                    [
                        -0.9123785064487753,
                        6.516304674746604e-07,
                        1.1011050505502562,
                        2.1114935955809613,
                        0.44485870788912363,
                        0.42786043572150234,
                        -2.7781297350875307,
                        -1.1958941274041226
                    ],
                    [
                        -0.8054129163395586,
                        -1.0452665631877458e-06,
                        1.0999971140687006,
                        0.44485870788912363,
                        2.348641276648473,
                        2.414731181228897,
                        -1.4900215139206567,
                        -2.647040932566969
                    ],
                    [
                        -1.0481491640126848,
                        -1.2410057107846647e-06,
                        1.4325803636793801,
                        0.42786043572150234,
                        2.414731181228897,
                        3.8832321039058844,
                        -0.46016453019645837,
                        -2.78966679029251
                    ],
                    [
                        1.1435707753229998,
                        -3.9703617368371817e-07,
                        -1.9665385181426123,
                        -2.7781297350875307,
                        -1.4900215139206567,
                        -0.46016453019645837,
                        6.166106894486755,
                        3.9714528866139465
                    ],
                    [
                        0.7515806676706488,
                        1.541059265206637e-06,
                        -2.334133675358518,
                        -1.1958941274041226,
                        -2.6470409325669686,
                        -2.78966679029251,
                        3.9714528866139465,
                        6.302572636285333
                    ]
                ]
            },
            "est_tgt": [
                1,
                2,
                3,
                4,
                5
            ],
            "oracle_est_tgt": [
                1,
                2,
                3,
                7
            ]
        },
        "2": {
            "intv_type": "do",
            "inode": 2,
            "new_mui": 1.0,
            "new_sigmai": 0.0,
            "true_params": {
                "Si": [
                    [
                        1.0,
                        0.8874623768800066,
                        0.0,
                        0.24846278160031743,
                        -0.9426179493652298,
                        -1.3300642658094997,
                        -0.5137565470576531,
                        -0.48181226543776645
                    ],
                    [
                        0.8874623768800066,
                        1.7875894703775108,
                        0.0,
                        1.158545831877292,
                        -1.3913151731113576,
                        -2.0358183216619024,
                        -1.4661470719771388,
                        -0.5234982440793565
                    ],
                    [
                        0.0,
                        0.0,
                        0.0,
                        0.0,
                        0.0,
                        0.0,
                        0.0,
                        0.0
                    ],
                    [
                        0.24846278160031743,
                        1.158545831877292,
                        0.0,
                        1.941661164938619,
                        -1.3460300469958808,
                        -2.044844576389493,
                        -2.1521980925661532,
                        0.23605451360713686
                    ],
                    [
                        -0.9426179493652298,
                        -1.3913151731113576,
                        0.0,
                        -1.3460300469958808,
                        2.546082643171845,
                        2.8416213345497865,
                        1.2258757530294309,
                        -0.40049899522333315
                    ],
                    [
                        -1.3300642658094997,
                        -2.0358183216619024,
                        0.0,
                        -2.044844576389493,
                        2.8416213345497865,
                        4.661906427095841,
                        3.2092777305233993,
                        0.1742031342929346
                    ],
                    [
                        -0.5137565470576531,
                        -1.4661470719771388,
                        0.0,
                        -2.1521980925661532,
                        1.2258757530294309,
                        3.2092777305233993,
                        4.5379618220089455,
                        1.1502158591228921
                    ],
                    [
                        -0.48181226543776645,
                        -0.5234982440793565,
                        0.0,
                        0.23605451360713686,
                        -0.40049899522333315,
                        0.1742031342929346,
                        1.1502158591228921,
                        2.5121264537693992
                    ]
                ],
                "mui": [
                    0.0,
                    0.0,
                    1.0,
                    0.519302474138857,
                    0.5755731127429455,
                    0.7508906468027459,
                    -1.2393980445582278,
                    -1.8576586230158116
                ],
                "Ai": [
                    [
                        0.0,
                        0.0,
                        0.0,
                        0.0,
                        0.0,
                        0.0,
                        0.0,
                        0.0
                    ],
                    [
                        0.8874623768800066,
                        0.0,
                        0.0,
                        0.0,
                        0.0,
                        0.0,
                        0.0,
                        0.0
                    ],
                    [
                        0.0,
                        0.0,
                        0.0,
                        0.0,
                        0.0,
                        0.0,
                        0.0,
                        0.0
                    ],
                    [
                        -0.5840163855128115,
                        0.9380444611520564,
                        0.519302474138857,
                        0.0,
                        0.0,
                        0.0,
                        0.0,
                        0.0
                    ],
                    [
                        -0.7956723686414318,
                        -0.0,
                        0.882698401859253,
                        -0.5914188828497373,
                        0.0,
                        0.0,
                        0.0,
                        0.0
                    ],
                    [
                        -0.6467930706430844,
                        0.0,
                        0.7178220686491948,
                        -0.5724813196779448,
                        0.5739662547581967,
                        0.0,
                        0.0,
                        0.0
                    ],
                    [
                        0.0,
                        0.0,
                        -0.953521180236235,
                        -0.8076076633710999,
                        -0.9960191307320254,
                        0.9412790368831783,
                        0.0,
                        0.0
                    ],
                    [
                        -0.5018022355783422,
                        -0.5140252488972765,
                        -0.9419890618390991,
                        0.8232927506970122,
                        0.0,
                        -0.5047133149809138,
                        0.7779768737346752,
                        0.0
                    ]
                ]
            },
            "est_params": {
                "mui": [
                    -0.008770599889275981,
                    -0.016807236071177744,
                    0.9999996130901194,
                    0.5267279190079209,
                    0.5750028033362714,
                    0.7619047423716411,
                    -1.221600317986352,
                    -1.8291178002723882
                ],
                "Si": [
                    [
                        1.0063778002807484,
                        0.8812912438168922,
                        -4.453123405948241e-07,
                        0.24439021645489792,
                        -0.9464817457744357,
                        -1.3251022680902065,
                        -0.4908638840206915,
                        -0.4659073795821003
                    ],
                    [
                        0.8812912438168921,
                        1.7525958378551854,
                        -4.5679862576272834e-07,
                        1.1352951212461952,
                        -1.3683924441434603,
                        -1.9982122251115157,
                        -1.424571179315227,
                        -0.5023091512879035
                    ],
                    [
                        -4.453123405948241e-07,
                        -4.567986257627284e-07,
                        1.0086859644393745e-06,
                        -1.3250437166555107e-06,
                        1.3244172538541383e-06,
                        2.4782537581284333e-06,
                        1.5201059631773636e-06,
                        -3.376893386495535e-07
                    ],
                    [
                        0.24439021645489792,
                        1.1352951212461952,
                        -1.3250437166555107e-06,
                        1.9219402177673761,
                        -1.3438081565397406,
                        -2.0441101672047273,
                        -2.128162910801579,
                        0.2639087446215071
                    ],
                    [
                        -0.9464817457744357,
                        -1.3683924441434603,
                        1.3244172538541383e-06,
                        -1.3438081565397406,
                        2.5532041483791197,
                        2.8442002868880865,
                        1.2093206373276266,
                        -0.43001509769390817
                    ],
                    [
                        -1.3251022680902065,
                        -1.9982122251115155,
                        2.4782537581284333e-06,
                        -2.0441101672047273,
                        2.8442002868880865,
                        4.652055585163226,
                        3.1779604351695734,
                        0.12532952438091755
                    ],
                    [
                        -0.4908638840206915,
                        -1.4245711793152271,
                        1.5201059631773634e-06,
                        -2.1281629108015787,
                        1.2093206373276266,
                        3.1779604351695734,
                        4.499325212258543,
                        1.1188076267564664
                    ],
                    [
                        -0.46590737958210027,
                        -0.5023091512879037,
                        -3.3768933864955344e-07,
                        0.2639087446215071,
                        -0.4300150976939082,
                        0.12532952438091755,
                        1.1188076267564666,
                        2.5549431719549665
                    ]
                ]
            },
            "est_tgt": [
                1,
                2,
                3,
                4,
                5
            ],
            "oracle_est_tgt": [
                2,
                3,
                4,
                5,
                6,
                7
            ]
        },
        "3": {
            "intv_type": "do",
            "inode": 3,
            "new_mui": 1.0,
            "new_sigmai": 0.0,
            "true_params": {
                "Si": [
                    [
                        1.0,
                        0.8874623768800066,
                        -1.1883971891905363,
                        0.0,
                        -1.8446686683139464,
                        -2.55862836618667,
                        0.5621039296628756,
                        1.8901545110121327
                    ],
                    [
                        0.8874623768800066,
                        1.7875894703775108,
                        -1.6885252125504695,
                        0.0,
                        -2.1965877981096247,
                        -3.0468324485902647,
                        0.9299685100260253,
                        2.487646453136223
                    ],
                    [
                        -1.1883971891905363,
                        -1.6885252125504695,
                        2.8140757833266274,
                        0.0,
                        3.4295550030632933,
                        4.757101607858755,
                        -1.6214232353398754,
                        -4.848945949972473
                    ],
                    [
                        0.0,
                        0.0,
                        0.0,
                        0.0,
                        0.0,
                        0.0,
                        0.0,
                        0.0
                    ],
                    [
                        -1.8446686683139464,
                        -2.1965877981096247,
                        3.4295550030632933,
                        0.0,
                        5.495014608968368,
                        6.808882134094107,
                        -2.3342349909592697,
                        -6.428357162593434
                    ],
                    [
                        -2.55862836618667,
                        -3.0468324485902647,
                        4.757101607858755,
                        0.0,
                        6.808882134094107,
                        9.97772419212395,
                        -1.9259513862379822,
                        -8.165299330161126
                    ],
                    [
                        0.5621039296628756,
                        0.9299685100260253,
                        -1.6214232353398754,
                        0.0,
                        -2.3342349909592697,
                        -1.9259513862379822,
                        3.0581464377213514,
                        4.118491162618516
                    ],
                    [
                        1.8901545110121327,
                        2.487646453136223,
                        -4.848945949972473,
                        0.0,
                        -6.428357162593434,
                        -8.165299330161126,
                        4.118491162618516,
                        10.665683371801814
                    ]
                ],
                "mui": [
                    0.0,
                    0.0,
                    0.0,
                    1.0,
                    -0.5914188828497373,
                    -0.9119358008604852,
                    -1.0769291941098462,
                    0.4457328841319008
                ],
                "Ai": [
                    [
                        0.0,
                        0.0,
                        0.0,
                        0.0,
                        0.0,
                        0.0,
                        0.0,
                        0.0
                    ],
                    [
                        0.8874623768800066,
                        0.0,
                        0.0,
                        0.0,
                        0.0,
                        0.0,
                        0.0,
                        0.0
                    ],
                    [
                        -0.6258637034713752,
                        -0.6338674183539174,
                        0.0,
                        0.0,
                        0.0,
                        0.0,
                        0.0,
                        0.0
                    ],
                    [
                        0.0,
                        0.0,
                        0.0,
                        0.0,
                        0.0,
                        0.0,
                        0.0,
                        0.0
                    ],
                    [
                        -0.7956723686414318,
                        -0.0,
                        0.882698401859253,
                        -0.5914188828497373,
                        0.0,
                        0.0,
                        0.0,
                        0.0
                    ],
                    [
                        -0.6467930706430844,
                        0.0,
                        0.7178220686491948,
                        -0.5724813196779448,
                        0.5739662547581967,
                        0.0,
                        0.0,
                        0.0
                    ],
                    [
                        0.0,
                        0.0,
                        -0.953521180236235,
                        -0.8076076633710999,
                        -0.9960191307320254,
                        0.9412790368831783,
                        0.0,
                        0.0
                    ],
                    [
                        -0.5018022355783422,
                        -0.5140252488972765,
                        -0.9419890618390991,
                        0.8232927506970122,
                        0.0,
                        -0.5047133149809138,
                        0.7779768737346752,
                        0.0
                    ]
                ]
            },
            "est_params": {
                "mui": [
                    -0.0012819443487811818,
                    0.004211156902593295,
                    0.0032040139529901446,
                    1.0000006791908578,
                    -0.577626150411178,
                    -0.9044846421716533,
                    -1.1038039604768213,
                    0.42233127532342996
                ],
                "Si": [
                    [
                        0.993608263089833,
                        0.8657660263932839,
                        -1.1852330569691378,
                        1.0918242199168223e-07,
                        -1.8265906142353134,
                        -2.5521669291587816,
                        0.5476788913491555,
                        1.8779018993414804
                    ],
                    [
                        0.8657660263932839,
                        1.7343118839288871,
                        -1.6376918133987528,
                        6.485391068938391e-07,
                        -2.1183354685602818,
                        -2.9568988839484756,
                        0.8929307705008374,
                        2.390603626341196
                    ],
                    [
                        -1.1852330569691378,
                        -1.6376918133987528,
                        2.7757700629167004,
                        -4.5430271826634496e-07,
                        3.3857206829531847,
                        4.714661457428844,
                        -1.593968466926871,
                        -4.7826089722903955
                    ],
                    [
                        1.0918242199168211e-07,
                        6.485391068938387e-07,
                        -4.5430271826634496e-07,
                        1.0131140991021893e-06,
                        -1.5013707940904297e-06,
                        -1.0691157055315828e-06,
                        1.1978034305954533e-06,
                        2.301135685833905e-06
                    ],
                    [
                        -1.8265906142353134,
                        -2.1183354685602818,
                        3.3857206829531847,
                        -1.5013707940904289e-06,
                        5.413465536146847,
                        6.7311742227884,
                        -2.2996043889535356,
                        -6.360378827503601
                    ],
                    [
                        -2.5521669291587816,
                        -2.9568988839484756,
                        4.714661457428844,
                        -1.0691157055315826e-06,
                        6.7311742227884,
                        9.922898458254698,
                        -1.881805310875379,
                        -8.080541848437754
                    ],
                    [
                        0.5476788913491555,
                        0.8929307705008375,
                        -1.593968466926871,
                        1.1978034305954533e-06,
