{
    "expt_args": {
        "save_dir": "all_expt_logs/expt_logs_11.05.24-main_plus_oracle",
        "exp_name": "179",
        "num_nodes": 6,
        "obs_noise_mean": 0.0,
        "obs_noise_var": 1.0,
        "max_edge_strength": 1.0,
        "graph_sparsity_method": "adj_dense_prop",
        "adj_dense_prop": 0.8,
        "num_parents": null,
        "new_noise_mean": 1.0,
        "mix_samples": 8192,
        "stage2_samples": 8192,
        "gmm_tol": 0.001,
        "intv_type": "do",
        "new_noise_sigma": 0.0,
        "intv_targets": [
            0,
            1,
            2,
            3,
            4,
            5
        ]
    },
    "intv_args_dict": {
        "0": {
            "intv_type": "do",
            "inode": 0,
            "new_mui": 1.0,
            "new_sigmai": 0.0,
            "true_params": {
                "Si": [
                    [
                        0.0,
                        0.0,
                        0.0,
                        0.0,
                        0.0,
                        0.0
                    ],
                    [
                        0.0,
                        1.0,
                        0.92642844364422,
                        1.3904885279482881,
                        0.5911512238930337,
                        -2.6139986650596985
                    ],
                    [
                        0.0,
                        0.92642844364422,
                        1.8582696611930516,
                        2.043683825847899,
                        0.8451486614030781,
                        -3.7763511976100492
                    ],
                    [
                        0.0,
                        1.3904885279482881,
                        2.043683825847899,
                        3.5042321036006494,
                        0.4142457243120994,
                        -4.731192692269773
                    ],
                    [
                        0.0,
                        0.5911512238930337,
                        0.8451486614030781,
                        0.4142457243120994,
                        1.8380098611469344,
                        -2.8867816666529604
                    ],
                    [
                        0.0,
                        -2.6139986650596985,
                        -3.7763511976100492,
                        -4.731192692269773,
                        -2.8867816666529604,
                        10.643066704471089
                    ]
                ],
                "mui": [
                    1.0,
                    0.743148728375646,
                    0.6884741198252309,
                    1.665083899014066,
                    0.039738159067197125,
                    -1.0430306187653333
                ],
                "Ai": [
                    [
                        0.0,
                        0.0,
                        0.0,
                        0.0,
                        0.0,
                        0.0
                    ],
                    [
                        0.743148728375646,
                        0.0,
                        0.0,
                        0.0,
                        0.0,
                        0.0
                    ],
                    [
                        -0.0,
                        0.92642844364422,
                        0.0,
                        0.0,
                        0.0,
                        0.0
                    ],
                    [
                        0.6317441176483718,
                        0.6905758196421565,
                        0.755495702995624,
                        0.0,
                        0.0,
                        0.0
                    ],
                    [
                        0.0,
                        0.7523345157974712,
                        0.7753367579090469,
                        -0.6324951987428253,
                        0.0,
                        0.0
                    ],
                    [
                        0.9456836363267942,
                        -0.5677568573577947,
                        -0.5360400555573405,
                        -0.695824922767704,
                        -0.9846930145868875,
                        0.0
                    ]
                ]
            },
            "est_params": {
                "mui": [
                    1.0000010320462827,
                    0.7579712711898089,
                    0.7243771870570387,
                    1.7193950093806527,
                    0.022079555946315277,
                    -1.0693227887589587
                ],
                "Si": [
                    [
                        1.0146341636105449e-06,
                        -9.690314023531593e-07,
                        1.318124294323106e-06,
                        5.026934064526483e-07,
                        -5.931111079734693e-06,
                        3.525571324691178e-06
                    ],
                    [
                        -9.690314023531593e-07,
                        1.0172041556326947,
                        0.9674071769297483,
                        1.4339521177814218,
                        0.6271249450377339,
                        -2.6622551907745455
                    ],
                    [
                        1.318124294323106e-06,
                        0.9674071769297483,
                        1.8676121215716806,
                        2.11883236000705,
                        0.8467440068906478,
                        -3.789734010650124
                    ],
                    [
                        5.026934064526483e-07,
                        1.4339521177814216,
                        2.11883236000705,
                        3.573600598435342,
                        0.49666902123654527,
                        -4.83600661659629
                    ],
                    [
                        -5.9311110797346926e-06,
                        0.6271249450377339,
                        0.8467440068906478,
                        0.4966690212365454,
                        1.8288152391119576,
                        -2.965079333087264
                    ],
                    [
                        3.525571324691178e-06,
                        -2.6622551907745455,
                        -3.789734010650124,
                        -4.83600661659629,
                        -2.9650793330872633,
                        10.703902488764921
                    ]
                ]
            },
            "est_tgt": [
                0
            ],
            "oracle_est_tgt": [
                0,
                3,
                4,
                5
            ]
        },
        "1": {
            "intv_type": "do",
            "inode": 1,
            "new_mui": 1.0,
            "new_sigmai": 0.0,
            "true_params": {
                "Si": [
                    [
                        1.0,
                        0.0,
                        0.0,
                        0.6317441176483718,
                        -0.39957512124661776,
                        0.8995591651494177
                    ],
                    [
                        0.0,
                        0.0,
                        0.0,
                        0.0,
                        0.0,
                        0.0
                    ],
                    [
                        0.0,
                        0.0,
                        1.0,
                        0.755495702995624,
                        0.2974893530934792,
                        -1.3546684826507238
                    ],
                    [
                        0.6317441176483718,
                        0.0,
                        0.755495702995624,
                        1.969874387428172,
                        -0.6601725031999396,
                        -0.5281663253722978
                    ],
                    [
                        -0.39957512124661776,
                        0.0,
                        0.2974893530934792,
                        -0.6601725031999396,
                        1.6482103691559522,
                        -1.7009546190312483
                    ],
                    [
                        0.8995591651494177,
                        0.0,
                        -1.3546684826507238,
                        -0.5281663253722978,
                        -1.7009546190312483,
                        4.619284375141521
                    ]
                ],
                "mui": [
                    0.0,
                    1.0,
                    0.92642844364422,
                    1.3904885279482881,
                    0.5911512238930337,
                    -2.6139986650596985
                ],
                "Ai": [
                    [
                        0.0,
                        0.0,
                        0.0,
                        0.0,
                        0.0,
                        0.0
                    ],
                    [
                        0.0,
                        0.0,
                        0.0,
                        0.0,
                        0.0,
                        0.0
                    ],
                    [
                        -0.0,
                        0.92642844364422,
                        0.0,
                        0.0,
                        0.0,
                        0.0
                    ],
                    [
                        0.6317441176483718,
                        0.6905758196421565,
                        0.755495702995624,
                        0.0,
                        0.0,
                        0.0
                    ],
                    [
                        0.0,
                        0.7523345157974712,
                        0.7753367579090469,
                        -0.6324951987428253,
                        0.0,
                        0.0
                    ],
                    [
                        0.9456836363267942,
                        -0.5677568573577947,
                        -0.5360400555573405,
                        -0.695824922767704,
                        -0.9846930145868875,
                        0.0
                    ]
                ]
            },
            "est_params": {
                "mui": [
                    -0.013060342375542627,
                    0.9999985859667866,
                    0.9658403008239108,
                    1.424899221753912,
                    0.5835033049053651,
                    -2.660960138668449
                ],
                "Si": [
                    [
                        1.0055017193521676,
                        3.8463030631817814e-06,
                        0.013935146603503788,
                        0.6433832102029791,
                        -0.41657894996740674,
                        0.9364054221131449
                    ],
                    [
                        3.8463030631817814e-06,
                        1.0190422679995489e-06,
                        3.489113025487863e-06,
                        3.987755918133885e-06,
                        3.8039447561171737e-06,
                        -9.434440521268636e-06
                    ],
                    [
                        0.013935146603503782,
                        3.489113025487862e-06,
                        0.9453050510147204,
                        0.7093440366667598,
                        0.24698917544150123,
                        -1.2129750597286386
                    ],
                    [
                        0.643383210202979,
                        3.987755918133886e-06,
                        0.7093440366667597,
                        1.9783321258409199,
                        -0.679353528729785,
                        -0.45166511683730104
                    ],
                    [
                        -0.41657894996740674,
                        3.8039447561171737e-06,
                        0.2469891754415012,
                        -0.679353528729785,
                        1.5344655116818404,
                        -1.5870560233086093
                    ],
                    [
                        0.9364054221131448,
                        -9.434440521268636e-06,
                        -1.2129750597286386,
                        -0.45166511683730104,
                        -1.5870560233086093,
                        4.406527328110682
                    ]
                ]
            },
            "est_tgt": [
                1,
                3,
                4,
                5
            ],
            "oracle_est_tgt": [
                1,
                2,
                3,
                4,
                5
            ]
        },
        "2": {
            "intv_type": "do",
            "inode": 2,
            "new_mui": 1.0,
            "new_sigmai": 0.0,
            "true_params": {
                "Si": [
                    [
                        1.0,
                        0.743148728375646,
                        0.0,
                        1.1449446598624098,
                        -0.16507556146121324,
                        -0.11037642751739529
                    ],
                    [
                        0.743148728375646,
                        1.5522700324863399,
                        0.0,
                        1.541439987679393,
                        0.1928729319201195,
                        -1.4410213527759104
                    ],
                    [
                        0.0,
                        0.0,
                        0.0,
                        0.0,
                        0.0,
                        0.0
                    ],
                    [
                        1.1449446598624098,
                        1.541439987679393,
                        0.0,
                        2.7877932368218854,
                        -0.6035873306159266,
                        -1.1378754794321289
                    ],
                    [
                        -0.16507556146121324,
                        0.1928729319201195,
                        0.0,
                        -0.6035873306159266,
                        1.5268710524831337,
                        -1.349122338773357
                    ],
                    [
                        -0.11037642751739529,
                        -1.4410213527759104,
                        0.0,
                        -1.1378754794321289,
                        -1.349122338773357,
                        3.8340020337064917
                    ]
                ],
                "mui": [
                    0.0,
                    0.0,
                    1.0,
                    0.755495702995624,
                    0.2974893530934792,
                    -1.3546684826507238
                ],
                "Ai": [
                    [
                        0.0,
                        0.0,
                        0.0,
                        0.0,
                        0.0,
                        0.0
                    ],
                    [
                        0.743148728375646,
                        0.0,
                        0.0,
                        0.0,
                        0.0,
                        0.0
                    ],
                    [
                        0.0,
                        0.0,
                        0.0,
                        0.0,
                        0.0,
                        0.0
                    ],
                    [
                        0.6317441176483718,
                        0.6905758196421565,
                        0.755495702995624,
                        0.0,
                        0.0,
                        0.0
                    ],
                    [
                        0.0,
                        0.7523345157974712,
                        0.7753367579090469,
                        -0.6324951987428253,
                        0.0,
                        0.0
                    ],
                    [
                        0.9456836363267942,
                        -0.5677568573577947,
                        -0.5360400555573405,
                        -0.695824922767704,
                        -0.9846930145868875,
                        0.0
                    ]
                ]
            },
            "est_params": {
                "mui": [
                    0.04012036014587159,
                    0.05440973422281993,
                    1.0000004815276116,
                    0.8499258863477042,
                    0.264999223532575,
                    -1.3552654245443192
                ],
                "Si": [
                    [
                        0.924771588556716,
                        0.7390196138468116,
                        5.613196509395954e-07,
                        1.1265938001164473,
                        -0.15239990437320453,
                        -0.19057576709118898
                    ],
                    [
                        0.7390196138468116,
                        1.559538143946005,
                        1.2985395687732868e-06,
                        1.5487419415495927,
                        0.17381443159529253,
                        -1.436424201151296
                    ],
                    [
                        5.613196509395955e-07,
                        1.2985395687732866e-06,
                        1.003451871644938e-06,
                        9.056952905969849e-07,
                        -7.47671442893572e-07,
                        6.790343492330265e-07
                    ],
                    [
                        1.1265938001164475,
                        1.5487419415495927,
                        9.056952905969849e-07,
                        2.770374148664862,
                        -0.5607077415899694,
                        -1.22121345269611
                    ],
                    [
                        -0.15239990437320453,
                        0.17381443159529253,
                        -7.476714428935719e-07,
                        -0.5607077415899693,
                        1.4011045211442263,
                        -1.2613735957428212
                    ],
                    [
                        -0.19057576709118898,
                        -1.436424201151296,
                        6.790343492330265e-07,
                        -1.22121345269611,
                        -1.2613735957428212,
                        3.758359876693721
                    ]
                ]
            },
            "est_tgt": [
                1,
                2,
                3,
                4,
                5
            ],
            "oracle_est_tgt": [
                1,
                2,
                3,
                5
            ]
        },
        "3": {
            "intv_type": "do",
            "inode": 3,
            "new_mui": 1.0,
            "new_sigmai": 0.0,
            "true_params": {
                "Si": [
                    [
                        1.0,
                        0.743148728375646,
                        0.6884741198252309,
                        0.0,
                        1.0928957306975773,
                        -0.9214606473758484
                    ],
                    [
                        0.743148728375646,
                        1.5522700324863399,
                        1.4380671103118825,
                        0.0,
                        2.282812614242382,
                        -3.1972595721952826
                    ],
                    [
                        0.6884741198252309,
                        1.4380671103118825,
                        2.332266274862178,
                        0.0,
                        2.89019929525301,
                        -4.261540954418284
                    ],
                    [
                        0.0,
                        0.0,
                        0.0,
                        0.0,
                        0.0,
                        0.0
                    ],
                    [
                        1.0928957306975773,
                        2.282812614242382,
                        2.89019929525301,
                        0.0,
                        4.958316474084882,
                        -6.694231094008552
                    ],
                    [
                        -0.9214606473758484,
                        -3.1972595721952826,
                        -4.261540954418284,
                        0.0,
                        -6.694231094008552,
                        10.819975037391107
                    ]
                ],
                "mui": [
                    0.0,
                    0.0,
                    0.0,
                    1.0,
                    -0.6324951987428253,
                    -0.07301131880589884
                ],
                "Ai": [
                    [
                        0.0,
                        0.0,
                        0.0,
                        0.0,
                        0.0,
                        0.0
                    ],
                    [
                        0.743148728375646,
                        0.0,
                        0.0,
                        0.0,
                        0.0,
                        0.0
                    ],
                    [
                        -0.0,
                        0.92642844364422,
                        0.0,
                        0.0,
                        0.0,
                        0.0
                    ],
                    [
                        0.0,
                        0.0,
                        0.0,
                        0.0,
                        0.0,
                        0.0
                    ],
                    [
                        0.0,
                        0.7523345157974712,
                        0.7753367579090469,
                        -0.6324951987428253,
                        0.0,
                        0.0
                    ],
                    [
                        0.9456836363267942,
                        -0.5677568573577947,
                        -0.5360400555573405,
                        -0.695824922767704,
                        -0.9846930145868875,
                        0.0
                    ]
                ]
            },
            "est_params": {
                "mui": [
                    0.09018105462841006,
                    0.007890749386654563,
                    -0.03856504525283824,
                    1.0000021293974586,
                    -0.6696503412048174,
                    0.10043185479718976
                ],
                "Si": [
                    [
                        0.9578838167141128,
                        0.6939658077267815,
                        0.6117235275949969,
                        -7.094790926053276e-07,
                        1.0079090486888655,
                        -0.8290037459090084
                    ],
                    [
                        0.6939658077267815,
                        1.4593791070769089,
                        1.3570006214126131,
                        1.8572375761431896e-06,
                        2.168351419936508,
                        -3.022295705499091
                    ],
                    [
                        0.6117235275949969,
                        1.3570006214126131,
                        2.279533358628379,
                        9.769306524444485e-07,
                        2.813873725921023,
                        -4.133361807035792
                    ],
                    [
                        -7.094790926053277e-07,
                        1.8572375761431896e-06,
                        9.769306524444485e-07,
                        1.0101573413754391e-06,
                        6.468261511500275e-06,
                        -7.261516083036726e-06
                    ],
                    [
                        1.0079090486888653,
                        2.168351419936508,
                        2.813873725921023,
                        6.468261511500275e-06,
                        4.789634365096494,
                        -6.422993630183779
                    ],
                    [
                        -0.8290037459090084,
                        -3.022295705499091,
                        -4.133361807035792,
                        -7.261516083036726e-06,
                        -6.42299363018378,
                        10.339540797919744
                    ]
                ]
            },
            "est_tgt": [
                1,
                2,
                3,
                4,
                5
            ],
            "oracle_est_tgt": [
                1,
                2,
                3,
                4,
                5
            ]
        },
        "4": {
            "intv_type": "do",
            "inode": 4,
            "new_mui": 1.0,
            "new_sigmai": 0.0,
            "true_params": {
                "Si": [
                    [
                        1.0,
                        0.743148728375646,
                        0.6884741198252309,
                        1.665083899014066,
                        0.0,
                        -1.0039007311193218
                    ],
                    [
                        0.743148728375646,
                        1.5522700324863399,
                        1.4380671103118825,
                        2.627893510139354,
                        0.0,
                        -2.7779437360744446
                    ],
                    [
                        0.6884741198252309,
                        1.4380671103118825,
                        2.332266274862178,
                        3.1900509976567717,
                        0.0,
                        -3.63529888668826
                    ],
                    [
                        1.665083899014066,
                        2.627893510139354,
                        3.1900509976567717,
                        6.276736494356533,
                        0.0,
                        -5.994866764812395
                    ],
                    [
                        0.0,
                        0.0,
                        0.0,
                        0.0,
                        0.0,
                        0.0
                    ],
                    [
                        -1.0039007311193218,
                        -2.7779437360744446,
                        -3.63529888668826,
                        -5.994866764812395,
                        0.0,
                        7.747867632410523
                    ]
                ],
                "mui": [
                    0.0,
                    0.0,
                    0.0,
                    0.0,
                    1.0,
                    -0.9846930145868875
                ],
                "Ai": [
                    [
                        0.0,
                        0.0,
                        0.0,
                        0.0,
                        0.0,
                        0.0
                    ],
                    [
                        0.743148728375646,
                        0.0,
                        0.0,
                        0.0,
                        0.0,
                        0.0
                    ],
                    [
                        -0.0,
                        0.92642844364422,
                        0.0,
                        0.0,
                        0.0,
                        0.0
                    ],
                    [
                        0.6317441176483718,
                        0.6905758196421565,
                        0.755495702995624,
                        0.0,
                        0.0,
                        0.0
                    ],
                    [
                        0.0,
                        0.0,
                        0.0,
                        0.0,
                        0.0,
                        0.0
                    ],
                    [
                        0.9456836363267942,
                        -0.5677568573577947,
                        -0.5360400555573405,
                        -0.695824922767704,
                        -0.9846930145868875,
                        0.0
                    ]
                ]
            },
            "est_params": {
                "mui": [
                    -0.05455422475913427,
                    -0.04859684769186062,
                    -0.03439971170850115,
                    -0.06773740589040327,
                    1.0000042049598694,
                    -0.9528315376423215
                ],
                "Si": [
                    [
                        1.0231245363817159,
                        0.7451642092070908,
                        0.711035784395088,
                        1.6517927024700156,
                        -1.1930544490938317e-06,
                        -1.0123424271891683
                    ],
                    [
                        0.7451642092070908,
                        1.4840917327216263,
                        1.3841027268459218,
                        2.53021628724785,
                        -9.226118198215025e-07,
                        -2.660229253706879
                    ],
                    [
                        0.711035784395088,
                        1.3841027268459218,
                        2.264744671361677,
                        3.118304060711028,
                        -1.7166163961184915e-07,
                        -3.5337321985173933
                    ],
                    [
                        1.6517927024700159,
                        2.53021628724785,
                        3.118304060711028,
                        6.072782014148339,
                        -4.3593016462804265e-06,
                        -5.810080244695791
                    ],
                    [
                        -1.1930544490938312e-06,
                        -9.226118198215023e-07,
                        -1.7166163961184925e-07,
                        -4.359301646280426e-06,
                        1.0083903499731638e-06,
                        5.037877245362662e-06
                    ],
                    [
                        -1.0123424271891683,
                        -2.660229253706879,
                        -3.5337321985173933,
                        -5.810080244695792,
                        5.037877245362661e-06,
                        7.493160583177909
                    ]
                ]
            },
            "est_tgt": [
                1,
                2,
                4,
                5
            ],
            "oracle_est_tgt": [
                2,
                4,
                5
            ]
        },
        "5": {
            "intv_type": "do",
            "inode": 5,
            "new_mui": 1.0,
            "new_sigmai": 0.0,
            "true_params": {
                "Si": [
                    [
                        1.0,
                        0.743148728375646,
                        0.6884741198252309,
                        1.665083899014066,
                        0.039738159067197125,
                        0.0
                    ],
                    [
                        0.743148728375646,
                        1.5522700324863399,
                        1.4380671103118825,
                        2.627893510139354,
                        0.6206825862718104,
                        0.0
                    ],
                    [
                        0.6884741198252309,
                        1.4380671103118825,
                        2.332266274862178,
                        3.1900509976567717,
                        0.8725073554903418,
                        0.0
                    ],
                    [
                        1.665083899014066,
                        2.627893510139354,
                        3.1900509976567717,
                        6.276736494356533,
                        0.48041309315134906,
                        0.0
                    ],
                    [
                        0.039738159067197125,
                        0.6206825862718104,
                        0.8725073554903418,
                        0.48041309315134906,
                        1.8395889824329843,
                        0.0
                    ],
                    [
                        0.0,
                        0.0,
                        0.0,
                        0.0,
                        0.0,
                        0.0
                    ]
                ],
                "mui": [
                    0.0,
                    0.0,
                    0.0,
                    0.0,
                    0.0,
                    1.0
                ],
                "Ai": [
                    [
                        0.0,
                        0.0,
                        0.0,
                        0.0,
                        0.0,
                        0.0
                    ],
                    [
                        0.743148728375646,
                        0.0,
                        0.0,
                        0.0,
                        0.0,
                        0.0
                    ],
                    [
                        -0.0,
                        0.92642844364422,
                        0.0,
                        0.0,
                        0.0,
                        0.0
                    ],
                    [
                        0.6317441176483718,
                        0.6905758196421565,
                        0.755495702995624,
                        0.0,
                        0.0,
                        0.0
                    ],
                    [
                        0.0,
                        0.7523345157974712,
                        0.7753367579090469,
                        -0.6324951987428253,
                        0.0,
                        0.0
                    ],
                    [
                        0.0,
                        0.0,
                        0.0,
                        0.0,
                        0.0,
                        0.0
                    ]
                ]
            },
            "est_params": {
                "mui": [
                    0.07843294877314833,
                    0.08853829727417639,
                    0.10610679817446407,
                    0.18589375020071944,
                    0.06438081233220871,
                    1.0000013604859332
                ],
                "Si": [
                    [
                        0.9769903796652587,
                        0.6885718686353705,
                        0.6594145584426954,
                        1.6073042719014021,
                        -0.0005008543332893737,
                        -1.6904280791094994e-08
                    ],
                    [
                        0.6885718686353705,
                        1.5735797320811644,
                        1.468221854839601,
                        2.615934577755995,
                        0.6687389712206133,
                        -5.019311369151293e-07
                    ],
                    [
                        0.6594145584426954,
                        1.468221854839601,
                        2.3507122165564382,
                        3.132661639802379,
                        0.9323628399600301,
                        -1.4157382802057288e-06
                    ],
                    [
                        1.6073042719014021,
                        2.615934577755995,
                        3.132661639802379,
                        6.151557823298221,
                        0.4859214713927741,
                        -2.9768731878037653e-06
                    ],
                    [
                        -0.0005008543332893692,
                        0.6687389712206133,
                        0.9323628399600303,
                        0.48592147139277414,
                        1.9377344709408413,
                        -1.6066503383199865e-06
                    ],
                    [
                        -1.690428079109504e-08,
                        -5.019311369151294e-07,
                        -1.4157382802057288e-06,
                        -2.9768731878037657e-06,
                        -1.6066503383199865e-06,
                        1.0033705143326122e-06
                    ]
                ]
            },
            "est_tgt": [
                1,
                2,
                5
            ],
            "oracle_est_tgt": [
                2,
                4,
                5
            ]
        },
        "obs": {
            "intv_type": "obs",
            "true_params": {
                "Si": [
                    [
                        1.0,
                        0.743148728375646,
                        0.6884741198252309,
                        1.665083899014066,
                        0.039738159067197125,
                        -1.0430306187653333
                    ],
                    [
                        0.743148728375646,
                        1.5522700324863399,
                        1.4380671103118825,
                        2.627893510139354,
                        0.6206825862718104,
                        -3.3891255430520193
                    ],
                    [
                        0.6884741198252309,
                        1.4380671103118825,
                        2.332266274862178,
                        3.1900509976567717,
                        0.8725073554903418,
                        -4.494450784815277
                    ],
                    [
                        1.665083899014066,
                        2.627893510139354,
                        3.1900509976567717,
                        6.276736494356533,
                        0.48041309315134906,
                        -6.467926181754608
                    ],
                    [
                        0.039738159067197125,
                        0.6206825862718104,
                        0.8725073554903418,
                        0.48041309315134906,
                        1.8395889824329843,
                        -2.928229783293414
                    ],
                    [
                        -1.0430306187653333,
                        -3.3891255430520193,
                        -4.494450784815277,
                        -6.467926181754608,
                        -2.928229783293414,
                        11.730979576153084
                    ]
                ],
                "mui": [
                    0.0,
                    0.0,
                    0.0,
                    0.0,
                    0.0,
                    0.0
                ],
                "Ai": [
                    [
                        0.0,
                        0.0,
                        0.0,
                        0.0,
                        0.0,
                        0.0
                    ],
                    [
                        0.743148728375646,
                        0.0,
                        0.0,
                        0.0,
                        0.0,
