{
    "expt_args": {
        "save_dir": "all_expt_logs/expt_logs_sim_compsel_backwardbugfixed_cameraready_half_mean_var",
        "exp_name": "54",
        "num_nodes": 6,
        "num_tgt_prior": 7,
        "obs_noise_mean": 0.0,
        "obs_noise_var": 1.0,
        "obs_noise_gamma_shape": null,
        "noise_type": "gaussian",
        "max_edge_strength": 1.0,
        "graph_sparsity_method": "adj_dense_prop",
        "adj_dense_prop": 0.8,
        "num_parents": null,
        "new_noise_mean": 1,
        "mix_samples": 1048576,
        "stage2_samples": 1048576,
        "gmm_tol": 0.001,
        "intv_type": "hard",
        "new_noise_var": 1.0,
        "dtype": "simulation",
        "cutoff_drop_ratio": 0.07,
        "intv_targets": [
            3,
            4,
            0
        ]
    },
    "intv_args_dict": {
        "3": {
            "intv_type": "hard",
            "inode": 3,
            "new_mui": 1,
            "new_vari": 1.0,
            "noise_type": "gaussian",
            "obs_noise_gamma_shape": null,
            "true_params": {
                "Si": [
                    [
                        1.0,
                        0.983331802931466,
                        0.882606334403256,
                        0.0,
                        0.8727718105563529,
                        0.055669002439244386
                    ],
                    [
                        0.983331802931466,
                        1.9669414346564476,
                        1.7654620388078741,
                        0.0,
                        1.745790212485443,
                        0.11135373349800237
                    ],
                    [
                        0.882606334403256,
                        1.7654620388078741,
                        2.5846207495324105,
                        0.0,
                        2.5558213704596753,
                        1.0837450365403412
                    ],
                    [
                        0.0,
                        0.0,
                        0.0,
                        1.0,
                        -0.941148043641317,
                        0.9258104559054505
                    ],
                    [
                        0.8727718105563529,
                        1.745790212485443,
                        2.5558213704596753,
                        -0.941148043641317,
                        4.413102531218778,
                        0.20034460648513863
                    ],
                    [
                        0.055669002439244386,
                        0.11135373349800237,
                        1.0837450365403412,
                        0.9258104559054505,
                        0.20034460648513863,
                        2.8312867109100495
                    ]
                ],
                "mui": [
                    0.0,
                    0.0,
                    0.0,
                    1.0,
                    -0.941148043641317,
                    0.9258104559054505
                ],
                "Ai": [
                    [
                        0.0,
                        0.0,
                        0.0,
                        0.0,
                        0.0,
                        0.0
                    ],
                    [
                        0.983331802931466,
                        0.0,
                        0.0,
                        0.0,
                        0.0,
                        0.0
                    ],
                    [
                        0.0,
                        0.8975671607203879,
                        0.0,
                        0.0,
                        0.0,
                        0.0
                    ],
                    [
                        0.0,
                        0.0,
                        0.0,
                        0.0,
                        0.0,
                        0.0
                    ],
                    [
                        -0.0,
                        -0.0,
                        0.9888574062256732,
                        -0.941148043641317,
                        0.0,
                        0.0
                    ],
                    [
                        0.0,
                        -0.8264117695530173,
                        0.9837975821289244,
                        0.9258104559054505,
                        0.0,
                        0.0
                    ]
                ]
            },
            "oracle_est_tgt": [
                3
            ]
        },
        "4": {
            "intv_type": "hard",
            "inode": 4,
            "new_mui": 1,
            "new_vari": 1.0,
            "noise_type": "gaussian",
            "obs_noise_gamma_shape": null,
            "true_params": {
                "Si": [
                    [
                        1.0,
                        0.983331802931466,
                        0.882606334403256,
                        0.7764023026830305,
                        0.0,
                        0.7744703722522625
                    ],
                    [
                        0.983331802931466,
                        1.9669414346564476,
                        1.7654620388078741,
                        0.5904189053909785,
                        0.0,
                        0.6579697294732213
                    ],
                    [
                        0.882606334403256,
                        1.7654620388078741,
                        2.5846207495324105,
                        -0.4474469723946968,
                        0.0,
                        0.6694939510340934
                    ],
                    [
                        0.7764023026830305,
                        0.5904189053909785,
                        -0.4474469723946968,
                        2.5880306352915032,
                        0.0,
                        1.467899440401975
                    ],
                    [
                        0.0,
                        0.0,
                        0.0,
                        0.0,
                        1.0,
                        0.0
                    ],
                    [
                        0.7744703722522625,
                        0.6579697294732213,
                        0.6694939510340934,
                        1.467899440401975,
                        0.0,
                        2.473889251972905
                    ]
                ],
                "mui": [
                    0.0,
                    0.0,
                    0.0,
                    0.0,
                    1.0,
                    0.0
                ],
                "Ai": [
                    [
                        0.0,
                        0.0,
                        0.0,
                        0.0,
                        0.0,
                        0.0
                    ],
                    [
                        0.983331802931466,
                        0.0,
                        0.0,
                        0.0,
                        0.0,
                        0.0
                    ],
                    [
                        0.0,
                        0.8975671607203879,
                        0.0,
                        0.0,
                        0.0,
                        0.0
                    ],
                    [
                        0.9465601723869959,
                        0.7042288360139223,
                        -0.9773875929421167,
                        0.0,
                        0.0,
                        0.0
                    ],
                    [
                        0.0,
                        0.0,
                        0.0,
                        0.0,
                        0.0,
                        0.0
                    ],
                    [
                        0.0,
                        -0.8264117695530173,
                        0.9837975821289244,
                        0.9258104559054505,
                        0.0,
                        0.0
                    ]
                ]
            },
            "oracle_est_tgt": [
                4
            ]
        },
        "0": {
            "intv_type": "hard",
            "inode": 0,
            "new_mui": 1,
            "new_vari": 1.0,
            "noise_type": "gaussian",
            "obs_noise_gamma_shape": null,
            "true_params": {
                "Si": [
                    [
                        1.0,
                        0.983331802931466,
                        0.882606334403256,
                        0.7764023026830305,
                        0.14206230230760514,
                        0.7744703722522625
                    ],
                    [
                        0.983331802931466,
                        1.9669414346564476,
                        1.7654620388078741,
                        0.5904189053909785,
                        1.1901186147478757,
                        0.6579697294732213
                    ],
                    [
                        0.882606334403256,
                        1.7654620388078741,
                        2.5846207495324105,
                        -0.4474469723946968,
                        2.9769352131621742,
                        0.6694939510340934
                    ],
                    [
                        0.7764023026830305,
                        0.5904189053909785,
                        -0.4474469723946968,
                        2.5880306352915032,
                        -2.878181221834143,
                        1.467899440401975
                    ],
                    [
                        0.14206230230760514,
                        1.1901186147478757,
                        2.9769352131621742,
                        -2.878181221834143,
                        6.6525590595637984,
                        -0.7194766346931513
                    ],
                    [
                        0.7744703722522625,
                        0.6579697294732213,
                        0.6694939510340934,
                        1.467899440401975,
                        -0.7194766346931513,
                        2.473889251972905
                    ]
                ],
                "mui": [
                    1.0,
                    0.983331802931466,
                    0.882606334403256,
                    0.7764023026830305,
                    0.14206230230760514,
                    0.7744703722522625
                ],
                "Ai": [
                    [
                        0.0,
                        0.0,
                        0.0,
                        0.0,
                        0.0,
                        0.0
                    ],
                    [
                        0.983331802931466,
                        0.0,
                        0.0,
                        0.0,
                        0.0,
                        0.0
                    ],
                    [
                        0.0,
                        0.8975671607203879,
                        0.0,
                        0.0,
                        0.0,
                        0.0
                    ],
                    [
                        0.9465601723869959,
                        0.7042288360139223,
                        -0.9773875929421167,
                        0.0,
                        0.0,
                        0.0
                    ],
                    [
                        -0.0,
                        -0.0,
                        0.9888574062256732,
                        -0.941148043641317,
                        0.0,
                        0.0
                    ],
                    [
                        0.0,
                        -0.8264117695530173,
                        0.9837975821289244,
                        0.9258104559054505,
                        0.0,
                        0.0
                    ]
                ]
            },
            "oracle_est_tgt": [
                0
            ]
        },
        "obs": {
            "intv_type": "obs",
            "noise_type": "gaussian",
            "obs_noise_gamma_shape": null,
            "true_params": {
                "Si": [
                    [
                        1.0,
                        0.983331802931466,
                        0.882606334403256,
                        0.7764023026830305,
                        0.14206230230760514,
                        0.7744703722522625
                    ],
                    [
                        0.983331802931466,
                        1.9669414346564476,
                        1.7654620388078741,
                        0.5904189053909785,
                        1.1901186147478757,
                        0.6579697294732213
                    ],
                    [
                        0.882606334403256,
                        1.7654620388078741,
                        2.5846207495324105,
                        -0.4474469723946968,
                        2.9769352131621742,
                        0.6694939510340934
                    ],
                    [
                        0.7764023026830305,
                        0.5904189053909785,
                        -0.4474469723946968,
                        2.5880306352915032,
                        -2.878181221834143,
                        1.467899440401975
                    ],
                    [
                        0.14206230230760514,
                        1.1901186147478757,
                        2.9769352131621742,
                        -2.878181221834143,
                        6.6525590595637984,
                        -0.7194766346931513
                    ],
                    [
                        0.7744703722522625,
                        0.6579697294732213,
                        0.6694939510340934,
                        1.467899440401975,
                        -0.7194766346931513,
                        2.473889251972905
                    ]
                ],
                "mui": [
                    0.0,
                    0.0,
                    0.0,
                    0.0,
                    0.0,
                    0.0
                ],
                "Ai": [
                    [
                        0.0,
                        0.0,
                        0.0,
                        0.0,
                        0.0,
                        0.0
                    ],
                    [
                        0.983331802931466,
                        0.0,
                        0.0,
                        0.0,
                        0.0,
                        0.0
                    ],
                    [
                        0.0,
                        0.8975671607203879,
                        0.0,
                        0.0,
                        0.0,
                        0.0
                    ],
                    [
                        0.9465601723869959,
                        0.7042288360139223,
                        -0.9773875929421167,
                        0.0,
                        0.0,
                        0.0
                    ],
                    [
                        -0.0,
                        -0.0,
                        0.9888574062256732,
                        -0.941148043641317,
                        0.0,
                        0.0
                    ],
                    [
                        0.0,
                        -0.8264117695530173,
                        0.9837975821289244,
                        0.9258104559054505,
                        0.0,
                        0.0
                    ]
                ]
            },
            "est_params": {
                "mui": [
                    0.2496355511957313,
                    0.24619745802297158,
                    0.22267967191423352,
                    0.44220868595617935,
                    0.05311458415893844,
                    0.4266346918227674
                ],
                "Si": [
                    [
                        1.1893812890803312,
                        1.1712136087127774,
                        1.050222884634702,
                        0.6667516164752149,
                        0.31585929620869424,
                        0.6813690908815303
                    ],
                    [
                        1.1712136087127774,
                        2.1542093197483934,
                        1.9336033489252804,
                        0.5265645894080221,
                        1.0599986156251122,
                        0.6083889583568654
                    ],
                    [
                        1.050222884634702,
                        1.9336033489252804,
                        2.735731066488128,
                        -0.2592880929115198,
                        2.1527759122734524,
                        0.8536007848920752
                    ],
                    [
                        0.6667516164752149,
                        0.5265645894080221,
                        -0.2592880929115198,
                        2.398114129223756,
                        -1.9050581162567517,
                        1.5280045645154292
                    ],
                    [
                        0.31585929620869424,
                        1.0599986156251122,
                        2.1527759122734524,
                        -1.9050581162567517,
                        5.158112346858828,
                        -0.520261671474779
                    ],
                    [
                        0.6813690908815303,
                        0.6083889583568654,
                        0.8536007848920752,
                        1.5280045645154292,
                        -0.520261671474779,
                        2.7518093927952556
                    ]
                ]
            },
            "est_tgt": [
                0,
                1,
                2,
                3,
                4,
                5
            ],
            "oracle_est_tgt": [
                0,
                1,
                2,
                3,
                4,
                5
            ]
        }
    },
    "metric_dict": {
        "param_est_rel_err": 11.275737335735833,
        "est_num_comp": 1,
        "weight_precision_error": 0.0,
        "gm_score_dict": {
            "1": -9.198149446115606,
            "2": -9.014959766804768,
            "3": -8.980399001442708,
            "4": -8.980603819048916,
            "5": -8.98087413510259,
            "6": -8.992042254628434,
            "7": -8.99255072944248
        },
        "est_dag": {
            "amat": [
                [
                    0,
                    0,
                    0,
                    1,
                    0,
                    0
                ],
                [
                    1,
                    0,
                    1,
                    1,
                    0,
                    1
                ],
                [
                    0,
                    0,
                    0,
                    1,
                    1,
                    1
                ],
                [
                    0,
                    0,
                    0,
                    0,
                    1,
                    1
                ],
                [
                    0,
                    0,
                    0,
                    0,
                    0,
                    0
                ],
                [
                    0,
                    0,
                    0,
                    0,
                    0,
                    0
                ]
            ],
            "nodes": [
                0,
                1,
                2,
                3,
                4,
                5
            ]
        },
        "oracle_est_dag": {
            "amat": [
                [
                    0,
                    1,
                    0,
                    1,
                    0,
                    0
                ],
                [
                    0,
                    0,
                    1,
                    1,
                    0,
                    1
                ],
                [
                    0,
                    0,
                    0,
                    1,
                    1,
                    1
                ],
                [
                    0,
                    0,
                    0,
                    0,
                    1,
                    1
                ],
                [
                    0,
                    0,
                    0,
                    0,
                    0,
                    0
                ],
                [
                    0,
                    0,
                    0,
                    0,
                    0,
                    0
                ]
            ],
            "nodes": [
                0,
                1,
                2,
                3,
                4,
                5
            ]
        },
        "igsp_dag": null,
        "intv_base_est_dag": null,
        "act_dag": {
            "amat": [
                [
                    0,
                    1,
                    0,
                    1,
                    0,
                    0
                ],
                [
                    0,
                    0,
                    1,
                    1,
                    0,
                    1
                ],
                [
                    0,
                    0,
                    0,
                    1,
                    1,
                    1
                ],
                [
                    0,
                    0,
                    0,
                    0,
                    1,
                    1
                ],
                [
                    0,
                    0,
                    0,
                    0,
                    0,
                    0
                ],
                [
                    0,
                    0,
                    0,
                    0,
                    0,
                    0
                ]
            ],
            "nodes": [
                0,
                1,
                2,
                3,
                4,
                5
            ]
        },
        "shd": 1,
        "oracle_shd": 0,
        "intv_base_shd": null,
        "igsp_shd": null,
        "avg_js": 0.0,
        "avg_oracle_js": 0.75
    }
}