{
    "expt_args": {
        "save_dir": "all_expt_logs/expt_logs_sim_compsel_backwardbugfixed_cameraready_half_mean_var",
        "exp_name": "133",
        "num_nodes": 6,
        "num_tgt_prior": 7,
        "obs_noise_mean": 0.0,
        "obs_noise_var": 1.0,
        "obs_noise_gamma_shape": null,
        "noise_type": "gaussian",
        "max_edge_strength": 1.0,
        "graph_sparsity_method": "adj_dense_prop",
        "adj_dense_prop": 0.8,
        "num_parents": null,
        "new_noise_mean": 1,
        "mix_samples": 2048,
        "stage2_samples": 2048,
        "gmm_tol": 0.001,
        "intv_type": "hard",
        "new_noise_var": 1.0,
        "dtype": "simulation",
        "cutoff_drop_ratio": 0.07,
        "intv_targets": [
            3,
            2,
            0
        ]
    },
    "intv_args_dict": {
        "3": {
            "intv_type": "hard",
            "inode": 3,
            "new_mui": 1,
            "new_vari": 1.0,
            "noise_type": "gaussian",
            "obs_noise_gamma_shape": null,
            "true_params": {
                "Si": [
                    [
                        1.0,
                        0.8356351991063973,
                        0.2754981030356016,
                        0.0,
                        -1.6676788917957772,
                        0.6404177157049995
                    ],
                    [
                        0.8356351991063973,
                        1.6982861859855882,
                        -0.36893288998768525,
                        0.0,
                        -2.254699216251011,
                        0.5693614555764751
                    ],
                    [
                        0.2754981030356016,
                        -0.36893288998768525,
                        1.4348784919194886,
                        0.0,
                        0.0565014586012403,
                        -0.5587246280964072
                    ],
                    [
                        0.0,
                        0.0,
                        0.0,
                        1.0,
                        0.7502348809084085,
                        0.17214426932244892
                    ],
                    [
                        -1.6676788917957772,
                        -2.254699216251011,
                        0.0565014586012403,
                        0.7502348809084085,
                        5.085546752683034,
                        -1.613251224325082
                    ],
                    [
                        0.6404177157049995,
                        0.5693614555764751,
                        -0.5587246280964072,
                        0.17214426932244892,
                        -1.613251224325082,
                        2.367622028659508
                    ]
                ],
                "mui": [
                    0.0,
                    0.0,
                    0.0,
                    1.0,
                    0.7502348809084085,
                    0.17214426932244892
                ],
                "Ai": [
                    [
                        0.0,
                        0.0,
                        0.0,
                        0.0,
                        0.0,
                        0.0
                    ],
                    [
                        0.8356351991063973,
                        0.0,
                        0.0,
                        0.0,
                        0.0,
                        0.0
                    ],
                    [
                        0.7761679316323544,
                        -0.599148802171275,
                        0.0,
                        0.0,
                        0.0,
                        0.0
                    ],
                    [
                        0.0,
                        0.0,
                        0.0,
                        0.0,
                        0.0,
                        0.0
                    ],
                    [
                        -0.9480899960995715,
                        -0.8611280334597107,
                        -0.0,
                        0.7502348809084085,
                        0.0,
                        0.0
                    ],
                    [
                        0.5550787945464635,
                        -0.9493542509019937,
                        -0.7146640877647352,
                        0.6559955914740078,
                        -0.6449331195660966,
                        0.0
                    ]
                ]
            },
            "oracle_est_tgt": [
                1,
                3,
                4,
                5
            ]
        },
        "2": {
            "intv_type": "hard",
            "inode": 2,
            "new_mui": 1,
            "new_vari": 1.0,
            "noise_type": "gaussian",
            "obs_noise_gamma_shape": null,
            "true_params": {
                "Si": [
                    [
                        1.0,
                        0.8356351991063973,
                        0.0,
                        0.5829969537196843,
                        -1.230294241651925,
                        0.9376659008071414
                    ],
                    [
                        0.8356351991063973,
                        1.6982861859855882,
                        0.0,
                        0.48717277549997146,
                        -1.889205207041971,
                        0.3895623697792505
                    ],
                    [
                        0.0,
                        0.0,
                        1.0,
                        0.6300918565084388,
                        0.4727168889289666,
                        -0.6061973855200647
                    ],
                    [
                        0.5829969537196843,
                        0.48717277549997146,
                        0.6300918565084388,
                        1.7369011956846827,
                        0.33083214799461325,
                        0.3368405970469367
                    ],
                    [
                        -1.230294241651925,
                        -1.889205207041971,
                        0.4727168889289666,
                        0.33083214799461325,
                        4.041479044662408,
                        -1.6166782919923253
                    ],
                    [
                        0.9376659008071414,
                        0.3895623697792505,
                        -0.6061973855200647,
                        0.3368405970469367,
                        -1.6166782919923253,
                        2.8474885885756924
                    ]
                ],
                "mui": [
                    0.0,
                    0.0,
                    1.0,
                    0.6300918565084388,
                    0.4727168889289666,
                    -0.6061973855200647
                ],
                "Ai": [
                    [
                        0.0,
                        0.0,
                        0.0,
                        0.0,
                        0.0,
                        0.0
                    ],
                    [
                        0.8356351991063973,
                        0.0,
                        0.0,
                        0.0,
                        0.0,
                        0.0
                    ],
                    [
                        0.0,
                        0.0,
                        0.0,
                        0.0,
                        0.0,
                        0.0
                    ],
                    [
                        0.5829969537196843,
                        -0.0,
                        0.6300918565084388,
                        0.0,
                        0.0,
                        0.0
                    ],
                    [
                        -0.9480899960995715,
                        -0.8611280334597107,
                        -0.0,
                        0.7502348809084085,
                        0.0,
                        0.0
                    ],
                    [
                        0.5550787945464635,
                        -0.9493542509019937,
                        -0.7146640877647352,
                        0.6559955914740078,
                        -0.6449331195660966,
                        0.0
                    ]
                ]
            },
            "oracle_est_tgt": [
                0,
                1,
                2,
                5
            ]
        },
        "0": {
            "intv_type": "hard",
            "inode": 0,
            "new_mui": 1,
            "new_vari": 1.0,
            "noise_type": "gaussian",
            "obs_noise_gamma_shape": null,
            "true_params": {
                "Si": [
                    [
                        1.0,
                        0.8356351991063973,
                        0.2754981030356016,
                        0.7565860649259397,
                        -1.1000616354791035,
                        0.7706596710312223
                    ],
                    [
                        0.8356351991063973,
                        1.6982861859855882,
                        -0.36893288998768525,
                        0.2547111659206073,
                        -2.0636060150205227,
                        0.6132085231221471
                    ],
                    [
                        0.2754981030356016,
                        -0.36893288998768525,
                        1.4348784919194886,
                        1.064719807662887,
                        0.8552913967040299,
                        -0.3754392147731412
                    ],
                    [
                        0.7565860649259397,
                        0.2547111659206073,
                        1.064719807662887,
                        2.1119586513502027,
                        0.6478144425251352,
                        0.3848753180457867
                    ],
                    [
                        -1.1000616354791035,
                        -2.0636060150205227,
                        0.8552913967040299,
                        0.6478144425251352,
                        4.305999412379516,
                        -1.6148920052864268
                    ],
                    [
                        0.7706596710312223,
                        0.6132085231221471,
                        -0.3754392147731412,
                        0.3848753180457867,
                        -1.6148920052864268,
                        2.407911497660114
                    ]
                ],
                "mui": [
                    1.0,
                    0.8356351991063973,
                    0.2754981030356016,
                    0.7565860649259397,
                    -1.1000616354791035,
                    0.7706596710312223
                ],
                "Ai": [
                    [
                        0.0,
                        0.0,
                        0.0,
                        0.0,
                        0.0,
                        0.0
                    ],
                    [
                        0.8356351991063973,
                        0.0,
                        0.0,
                        0.0,
                        0.0,
                        0.0
                    ],
                    [
                        0.7761679316323544,
                        -0.599148802171275,
                        0.0,
                        0.0,
                        0.0,
                        0.0
                    ],
                    [
                        0.5829969537196843,
                        -0.0,
                        0.6300918565084388,
                        0.0,
                        0.0,
                        0.0
                    ],
                    [
                        -0.9480899960995715,
                        -0.8611280334597107,
                        -0.0,
                        0.7502348809084085,
                        0.0,
                        0.0
                    ],
                    [
                        0.5550787945464635,
                        -0.9493542509019937,
                        -0.7146640877647352,
                        0.6559955914740078,
                        -0.6449331195660966,
                        0.0
                    ]
                ]
            },
            "oracle_est_tgt": [
                0,
                1,
                4
            ]
        },
        "obs": {
            "intv_type": "obs",
            "noise_type": "gaussian",
            "obs_noise_gamma_shape": null,
            "true_params": {
                "Si": [
                    [
                        1.0,
                        0.8356351991063973,
                        0.2754981030356016,
                        0.7565860649259397,
                        -1.1000616354791035,
                        0.7706596710312223
                    ],
                    [
                        0.8356351991063973,
                        1.6982861859855882,
                        -0.36893288998768525,
                        0.2547111659206073,
                        -2.0636060150205227,
                        0.6132085231221471
                    ],
                    [
                        0.2754981030356016,
                        -0.36893288998768525,
                        1.4348784919194886,
                        1.064719807662887,
                        0.8552913967040299,
                        -0.3754392147731412
                    ],
                    [
                        0.7565860649259397,
                        0.2547111659206073,
                        1.064719807662887,
                        2.1119586513502027,
                        0.6478144425251352,
                        0.3848753180457867
                    ],
                    [
                        -1.1000616354791035,
                        -2.0636060150205227,
                        0.8552913967040299,
                        0.6478144425251352,
                        4.305999412379516,
                        -1.6148920052864268
                    ],
                    [
                        0.7706596710312223,
                        0.6132085231221471,
                        -0.3754392147731412,
                        0.3848753180457867,
                        -1.6148920052864268,
                        2.407911497660114
                    ]
                ],
                "mui": [
                    0.0,
                    0.0,
                    0.0,
                    0.0,
                    0.0,
                    0.0
                ],
                "Ai": [
                    [
                        0.0,
                        0.0,
                        0.0,
                        0.0,
                        0.0,
                        0.0
                    ],
                    [
                        0.8356351991063973,
                        0.0,
                        0.0,
                        0.0,
                        0.0,
                        0.0
                    ],
                    [
                        0.7761679316323544,
                        -0.599148802171275,
                        0.0,
                        0.0,
                        0.0,
                        0.0
                    ],
                    [
                        0.5829969537196843,
                        -0.0,
                        0.6300918565084388,
                        0.0,
                        0.0,
                        0.0
                    ],
                    [
                        -0.9480899960995715,
                        -0.8611280334597107,
                        -0.0,
                        0.7502348809084085,
                        0.0,
                        0.0
                    ],
                    [
                        0.5550787945464635,
                        -0.9493542509019937,
                        -0.7146640877647352,
                        0.6559955914740078,
                        -0.6449331195660966,
                        0.0
                    ]
                ]
            },
            "est_params": {
                "mui": [
                    0.22909939425419953,
                    0.20938632229846538,
                    0.3151669153370829,
                    0.5471893834348263,
                    -0.006432657306116373,
                    0.05650313871500401
                ],
                "Si": [
                    [
                        1.223742033310671,
                        1.027797156208668,
                        0.16712234252905875,
                        0.5391344236927038,
                        -1.579581630530794,
                        0.9799580059169416
                    ],
                    [
                        1.027797156208668,
                        1.8810673352082579,
                        -0.3235596212010954,
                        0.25854502678760605,
                        -2.404081521555486,
                        0.8067389925658929
                    ],
                    [
                        0.16712234252905875,
                        -0.3235596212010954,
                        1.51629663156775,
                        0.747199837220298,
                        0.690338319371899,
                        -0.645211973839733
                    ],
                    [
                        0.5391344236927038,
                        0.25854502678760605,
                        0.747199837220298,
                        1.9429084382915989,
                        0.7402109855008958,
                        0.3199583627659186
                    ],
                    [
                        -1.579581630530794,
                        -2.404081521555486,
                        0.690338319371899,
                        0.7402109855008958,
                        5.043543203109813,
                        -1.961602935259354
                    ],
                    [
                        0.9799580059169416,
                        0.8067389925658929,
                        -0.645211973839733,
                        0.3199583627659186,
                        -1.961602935259354,
                        2.7240652985027585
                    ]
                ]
            },
            "est_tgt": [
                0,
                1,
                2,
                3,
                4,
                5
            ],
            "oracle_est_tgt": [
                0,
                1,
                2,
                3,
                4,
                5
            ]
        }
    },
    "metric_dict": {
        "param_est_rel_err": 9.167048997122091,
        "est_num_comp": 1,
        "weight_precision_error": 0.0,
        "gm_score_dict": {
            "1": -8.88644621105053,
            "2": -8.828135243219105,
            "3": -8.816269063771353,
            "4": -8.80784353352039,
            "5": -8.80092255451283,
            "6": -8.793878526301524,
            "7": -8.777022800264358
        },
        "est_dag": {
            "amat": [
                [
                    0,
                    0,
                    0,
                    1,
                    0,
                    0
                ],
                [
                    1,
                    0,
                    0,
                    1,
                    0,
                    0
                ],
                [
                    1,
                    0,
                    0,
                    1,
                    0,
                    0
                ],
                [
                    0,
                    0,
                    0,
                    0,
                    0,
                    0
                ],
                [
                    0,
                    1,
                    1,
                    1,
                    0,
                    1
                ],
                [
                    1,
                    0,
                    0,
                    1,
                    0,
                    0
                ]
            ],
            "nodes": [
                0,
                1,
                2,
                3,
                4,
                5
            ]
        },
        "oracle_est_dag": {
            "amat": [
                [
                    0,
                    0,
                    0,
                    1,
                    0,
                    0
                ],
                [
                    1,
                    0,
                    0,
                    1,
                    0,
                    0
                ],
                [
                    1,
                    0,
                    0,
                    1,
                    1,
                    0
                ],
                [
                    0,
                    0,
                    0,
                    0,
                    0,
                    0
                ],
                [
                    0,
                    1,
                    0,
                    1,
                    0,
                    1
                ],
                [
                    1,
                    0,
                    0,
                    1,
                    0,
                    0
                ]
            ],
            "nodes": [
                0,
                1,
                2,
                3,
                4,
                5
            ]
        },
        "igsp_dag": null,
        "intv_base_est_dag": null,
        "act_dag": {
            "amat": [
                [
                    0,
                    1,
                    1,
                    1,
                    1,
                    1
                ],
                [
                    0,
                    0,
                    1,
                    0,
                    1,
                    1
                ],
                [
                    0,
                    0,
                    0,
                    1,
                    0,
                    1
                ],
                [
                    0,
                    0,
                    0,
                    0,
                    1,
                    1
                ],
                [
                    0,
                    0,
                    0,
                    0,
                    0,
                    1
                ],
                [
                    0,
                    0,
                    0,
                    0,
                    0,
                    0
                ]
            ],
            "nodes": [
                0,
                1,
                2,
                3,
                4,
                5
            ]
        },
        "shd": 12,
        "oracle_shd": 12,
        "intv_base_shd": null,
        "igsp_shd": null,
        "avg_js": 0.0,
        "avg_oracle_js": 0.20833333333333331
    }
}