{
    "expt_args": {
        "save_dir": "all_expt_logs/expt_logs_sim_compsel_backwardbugfixed_cameraready_half_mean_var",
        "exp_name": "159",
        "num_nodes": 6,
        "num_tgt_prior": 7,
        "obs_noise_mean": 0.0,
        "obs_noise_var": 1.0,
        "obs_noise_gamma_shape": null,
        "noise_type": "gaussian",
        "max_edge_strength": 1.0,
        "graph_sparsity_method": "adj_dense_prop",
        "adj_dense_prop": 0.8,
        "num_parents": null,
        "new_noise_mean": 100,
        "mix_samples": 32768,
        "stage2_samples": 32768,
        "gmm_tol": 0.001,
        "intv_type": "hard",
        "new_noise_var": 1.0,
        "dtype": "simulation",
        "cutoff_drop_ratio": 0.07,
        "intv_targets": [
            0,
            2,
            5
        ]
    },
    "intv_args_dict": {
        "0": {
            "intv_type": "hard",
            "inode": 0,
            "new_mui": 100,
            "new_vari": 1.0,
            "noise_type": "gaussian",
            "obs_noise_gamma_shape": null,
            "true_params": {
                "Si": [
                    [
                        1.0,
                        -0.7861771303706637,
                        0.0,
                        -0.2629609743160233,
                        -1.4016400867091996,
                        1.894254221426016
                    ],
                    [
                        -0.7861771303706637,
                        1.6180744803178517,
                        0.0,
                        -0.4898619628466726,
                        1.5335417938928608,
                        -1.3448418584985955
                    ],
                    [
                        0.0,
                        0.0,
                        1.0,
                        -0.6372973335252119,
                        -1.3162545333921192,
                        1.560900078144583
                    ],
                    [
                        -0.2629609743160233,
                        -0.4898619628466726,
                        -0.6372973335252119,
                        1.960542167300313,
                        1.4953582838569794,
                        -2.8095582789912728
                    ],
                    [
                        -1.4016400867091996,
                        1.5335417938928608,
                        -1.3162545333921192,
                        1.4953582838569794,
                        5.229841470899232,
                        -6.198099601478762
                    ],
                    [
                        1.894254221426016,
                        -1.3448418584985955,
                        1.560900078144583,
                        -2.8095582789912728,
                        -6.198099601478762,
                        9.221637655773598
                    ]
                ],
                "mui": [
                    100.0,
                    -78.61771303706637,
                    0.0,
                    -26.296097431602327,
                    -140.16400867091997,
                    189.4254221426016
                ],
                "Ai": [
                    [
                        0.0,
                        0.0,
                        0.0,
                        0.0,
                        0.0,
                        0.0
                    ],
                    [
                        -0.7861771303706637,
                        0.0,
                        0.0,
                        0.0,
                        0.0,
                        0.0
                    ],
                    [
                        -0.0,
                        0.0,
                        0.0,
                        0.0,
                        0.0,
                        0.0
                    ],
                    [
                        -0.8106087140888131,
                        -0.6965958670339176,
                        -0.6372973335252119,
                        0.0,
                        0.0,
                        0.0
                    ],
                    [
                        -0.585206395797639,
                        0.8416137648467977,
                        -0.941147704307806,
                        0.58858998673258,
                        0.0,
                        0.0
                    ],
                    [
                        0.5333112588637392,
                        0.0,
                        0.0,
                        -0.7246304188521506,
                        -0.8350171008234802,
                        0.0
                    ]
                ]
            },
            "est_params": {
                "mui": [
                    99.99888338803794,
                    -78.59396031442856,
                    -0.006621852941545516,
                    -26.305929753037656,
                    -140.1606865976541,
                    189.4295825090935
                ],
                "Si": [
                    [
                        1.0189765727736797,
                        -0.8171588998320038,
                        0.0005989155407115257,
                        -0.25173174104723883,
                        -1.4302102964824386,
                        1.9333460220092735
                    ],
                    [
                        -0.8171588998320038,
                        1.6439490255537665,
                        -0.006496837752479939,
                        -0.4899219780212898,
                        1.588212730153869,
                        -1.414933134753415
                    ],
                    [
                        0.0005989155407115257,
                        -0.006496837752479939,
                        0.9880129076564189,
                        -0.6099697080798225,
                        -1.3030033504737597,
                        1.5282114008227652
                    ],
                    [
                        -0.25173174104723883,
                        -0.4899219780212898,
                        -0.6099697080798225,
                        1.9358519137199808,
                        1.44212762729957,
                        -2.7294581579983044
                    ],
                    [
                        -1.4302102964824386,
                        1.588212730153869,
                        -1.3030033504737597,
                        1.44212762729957,
                        5.265561106273021,
                        -6.217799610869497
                    ],
                    [
                        1.9333460220092735,
                        -1.414933134753415,
                        1.5282114008227652,
                        -2.7294581579983044,
                        -6.217799610869497,
                        9.196025005794016
                    ]
                ]
            },
            "est_tgt": [
                0
            ],
            "oracle_est_tgt": [
                0
            ]
        },
        "2": {
            "intv_type": "hard",
            "inode": 2,
            "new_mui": 100,
            "new_vari": 1.0,
            "noise_type": "gaussian",
            "obs_noise_gamma_shape": null,
            "true_params": {
                "Si": [
                    [
                        1.0,
                        -0.7861771303706637,
                        0.0,
                        -0.2629609743160233,
                        -1.4016400867091996,
                        1.894254221426016
                    ],
                    [
                        -0.7861771303706637,
                        1.6180744803178517,
                        0.0,
                        -0.4898619628466726,
                        1.5335417938928608,
                        -1.3448418584985955
                    ],
                    [
                        0.0,
                        0.0,
                        1.0,
                        -0.6372973335252119,
                        -1.3162545333921192,
                        1.560900078144583
                    ],
                    [
                        -0.2629609743160233,
                        -0.4898619628466726,
                        -0.6372973335252119,
                        1.960542167300313,
                        1.4953582838569794,
                        -2.8095582789912728
                    ],
                    [
                        -1.4016400867091996,
                        1.5335417938928608,
                        -1.3162545333921192,
                        1.4953582838569794,
                        5.229841470899232,
                        -6.198099601478762
                    ],
                    [
                        1.894254221426016,
                        -1.3448418584985955,
                        1.560900078144583,
                        -2.8095582789912728,
                        -6.198099601478762,
                        9.221637655773598
                    ]
                ],
                "mui": [
                    0.0,
                    0.0,
                    100.0,
                    -63.72973335252119,
                    -131.62545333921193,
                    156.0900078144583
                ],
                "Ai": [
                    [
                        0.0,
                        0.0,
                        0.0,
                        0.0,
                        0.0,
                        0.0
                    ],
                    [
                        -0.7861771303706637,
                        0.0,
                        0.0,
                        0.0,
                        0.0,
                        0.0
                    ],
                    [
                        0.0,
                        0.0,
                        0.0,
                        0.0,
                        0.0,
                        0.0
                    ],
                    [
                        -0.8106087140888131,
                        -0.6965958670339176,
                        -0.6372973335252119,
                        0.0,
                        0.0,
                        0.0
                    ],
                    [
                        -0.585206395797639,
                        0.8416137648467977,
                        -0.941147704307806,
                        0.58858998673258,
                        0.0,
                        0.0
                    ],
                    [
                        0.5333112588637392,
                        0.0,
                        0.0,
                        -0.7246304188521506,
                        -0.8350171008234802,
                        0.0
                    ]
                ]
            },
            "est_params": {
                "mui": [
                    0.0036115421152959687,
                    0.017270683657403287,
                    100.01565895199036,
                    -63.75290143030176,
                    -131.64824627522407,
                    156.1396164442153
                ],
                "Si": [
                    [
                        1.0012977074445184,
                        -0.7732729809176584,
                        -0.006343090004326013,
                        -0.26641597854956756,
                        -1.398919117707456,
                        1.8947264829446417
                    ],
                    [
                        -0.7732729809176584,
                        1.5952269466527544,
                        0.016225485422757945,
                        -0.5091059992352892,
                        1.4932742315078478,
                        -1.2945580168323865
                    ],
                    [
                        -0.006343090004326013,
                        0.016225485422757945,
                        1.012970599736044,
                        -0.6511090533007728,
                        -1.3332806170809315,
                        1.573945853962302
                    ],
                    [
                        -0.26641597854956756,
                        -0.5091059992352892,
                        -0.6511090533007728,
                        1.9937155017479455,
                        1.5171243637321308,
                        -2.8334856577375103
                    ],
                    [
                        -1.398919117707456,
                        1.4932742315078478,
                        -1.3332806170809315,
                        1.5171243637321308,
                        5.21368494762053,
                        -6.169917069397142
                    ],
                    [
                        1.8947264829446417,
                        -1.2945580168323865,
                        1.573945853962302,
                        -2.8334856577375103,
                        -6.169917069397142,
                        9.189327154545307
                    ]
                ]
            },
            "est_tgt": [
                2
            ],
            "oracle_est_tgt": [
                2
            ]
        },
        "5": {
            "intv_type": "hard",
            "inode": 5,
            "new_mui": 100,
            "new_vari": 1.0,
            "noise_type": "gaussian",
            "obs_noise_gamma_shape": null,
            "true_params": {
                "Si": [
                    [
                        1.0,
                        -0.7861771303706637,
                        0.0,
                        -0.2629609743160233,
                        -1.4016400867091996,
                        0.0
                    ],
                    [
                        -0.7861771303706637,
                        1.6180744803178517,
                        0.0,
                        -0.4898619628466726,
                        1.5335417938928608,
                        0.0
                    ],
                    [
                        0.0,
                        0.0,
                        1.0,
                        -0.6372973335252119,
                        -1.3162545333921192,
                        0.0
                    ],
                    [
                        -0.2629609743160233,
                        -0.4898619628466726,
                        -0.6372973335252119,
                        1.960542167300313,
                        1.4953582838569794,
                        0.0
                    ],
                    [
                        -1.4016400867091996,
                        1.5335417938928608,
                        -1.3162545333921192,
                        1.4953582838569794,
                        5.229841470899232,
                        0.0
                    ],
                    [
                        0.0,
                        0.0,
                        0.0,
                        0.0,
                        0.0,
                        1.0
                    ]
                ],
                "mui": [
                    0.0,
                    0.0,
                    0.0,
                    0.0,
                    0.0,
                    100.0
                ],
                "Ai": [
                    [
                        0.0,
                        0.0,
                        0.0,
                        0.0,
                        0.0,
                        0.0
                    ],
                    [
                        -0.7861771303706637,
                        0.0,
                        0.0,
                        0.0,
                        0.0,
                        0.0
                    ],
                    [
                        -0.0,
                        0.0,
                        0.0,
                        0.0,
                        0.0,
                        0.0
                    ],
                    [
                        -0.8106087140888131,
                        -0.6965958670339176,
                        -0.6372973335252119,
                        0.0,
                        0.0,
                        0.0
                    ],
                    [
                        -0.585206395797639,
                        0.8416137648467977,
                        -0.941147704307806,
                        0.58858998673258,
                        0.0,
                        0.0
                    ],
                    [
                        0.0,
                        0.0,
                        0.0,
                        0.0,
                        0.0,
                        0.0
                    ]
                ]
            },
            "est_params": {
                "mui": [
                    -0.007728581869137233,
                    -0.0012687426452554877,
                    0.0006243199994020246,
                    -0.004904672763868483,
                    0.006357580064936181,
                    99.99503364285295
                ],
                "Si": [
                    [
                        1.0160902908644358,
                        -0.8134257035925374,
                        0.002199889900940941,
                        -0.27174259926179206,
                        -1.4501324935635824,
                        0.0047630227351055585
                    ],
                    [
                        -0.8134257035925374,
                        1.6389074281872993,
                        0.014337939527276827,
                        -0.45270308619012495,
                        1.5768743003032397,
                        -0.007277015342650813
                    ],
                    [
                        0.002199889900940941,
                        0.014337939527276827,
                        0.9962586255556963,
                        -0.6439072817757285,
                        -1.2913335272183009,
                        0.018961492135120495
                    ],
                    [
                        -0.27174259926179206,
                        -0.45270308619012495,
                        -0.6439072817757285,
                        1.909300021840866,
                        1.5088587217498028,
                        -0.01908588405545863
                    ],
                    [
                        -1.4501324935635824,
                        1.5768743003032397,
                        -1.2913335272183009,
                        1.5088587217498028,
                        5.271941743381338,
                        -0.03985072299396682
                    ],
                    [
                        0.0047630227351055585,
                        -0.007277015342650813,
                        0.018961492135120495,
                        -0.01908588405545863,
                        -0.03985072299396682,
                        0.9870179144168061
                    ]
                ]
            },
            "est_tgt": [
                5
            ],
            "oracle_est_tgt": [
                5
            ]
        },
        "obs": {
            "intv_type": "obs",
            "noise_type": "gaussian",
            "obs_noise_gamma_shape": null,
            "true_params": {
                "Si": [
                    [
                        1.0,
                        -0.7861771303706637,
                        0.0,
                        -0.2629609743160233,
                        -1.4016400867091996,
                        1.894254221426016
                    ],
                    [
                        -0.7861771303706637,
                        1.6180744803178517,
                        0.0,
                        -0.4898619628466726,
                        1.5335417938928608,
                        -1.3448418584985955
                    ],
                    [
                        0.0,
                        0.0,
                        1.0,
                        -0.6372973335252119,
                        -1.3162545333921192,
                        1.560900078144583
                    ],
                    [
                        -0.2629609743160233,
                        -0.4898619628466726,
                        -0.6372973335252119,
                        1.960542167300313,
                        1.4953582838569794,
                        -2.8095582789912728
                    ],
                    [
                        -1.4016400867091996,
                        1.5335417938928608,
                        -1.3162545333921192,
                        1.4953582838569794,
                        5.229841470899232,
                        -6.198099601478762
                    ],
                    [
                        1.894254221426016,
                        -1.3448418584985955,
                        1.560900078144583,
                        -2.8095582789912728,
                        -6.198099601478762,
                        9.221637655773598
                    ]
                ],
                "mui": [
                    0.0,
                    0.0,
                    0.0,
                    0.0,
                    0.0,
                    0.0
                ],
                "Ai": [
                    [
                        0.0,
                        0.0,
                        0.0,
                        0.0,
                        0.0,
                        0.0
                    ],
                    [
                        -0.7861771303706637,
                        0.0,
                        0.0,
                        0.0,
                        0.0,
                        0.0
                    ],
                    [
                        -0.0,
                        0.0,
                        0.0,
                        0.0,
                        0.0,
                        0.0
                    ],
                    [
                        -0.8106087140888131,
                        -0.6965958670339176,
                        -0.6372973335252119,
                        0.0,
                        0.0,
                        0.0
                    ],
                    [
                        -0.585206395797639,
                        0.8416137648467977,
                        -0.941147704307806,
                        0.58858998673258,
                        0.0,
                        0.0
                    ],
                    [
                        0.5333112588637392,
                        0.0,
                        0.0,
                        -0.7246304188521506,
                        -0.8350171008234802,
                        0.0
                    ]
                ]
            },
            "est_params": {
                "mui": [
                    0.021374658137163667,
                    -0.008624273245013764,
                    0.005111793287996637,
                    -0.01210241176576747,
                    -0.04427425881985546,
                    0.05733625942699678
                ],
                "Si": [
                    [
                        1.006961217104547,
                        -0.7765242448641732,
                        4.3092089086665345e-05,
                        -0.26530168753609257,
                        -1.3975641675933008,
                        1.8753930087641992
                    ],
                    [
                        -0.7765242448641732,
                        1.5714729587590357,
                        -0.0050487937922794905,
                        -0.47146830189624966,
                        1.5163393409907415,
                        -1.3225874723639763
                    ],
                    [
                        4.3092089086665345e-05,
                        -0.0050487937922794905,
                        0.9776579961310394,
                        -0.62498566369145,
                        -1.2841101232659047,
                        1.5337123234593137
                    ],
                    [
                        -0.26530168753609257,
                        -0.47146830189624966,
                        -0.62498566369145,
                        1.937684480939282,
                        1.4637844352912914,
                        -2.7511771170733668
                    ],
                    [
                        -1.3975641675933008,
                        1.5163393409907415,
                        -1.2841101232659047,
                        1.4637844352912914,
                        5.151797408990503,
                        -6.083475564633123
                    ],
                    [
                        1.8753930087641992,
                        -1.3225874723639763,
                        1.5337123234593137,
                        -2.7511771170733668,
                        -6.083475564633123,
                        9.028087156343485
                    ]
                ]
            },
            "est_tgt": [
                0,
                1,
                2,
                3,
                4,
                5
            ],
            "oracle_est_tgt": [
                0,
                1,
                2,
                3,
                4,
                5
            ]
        }
    },
    "metric_dict": {
        "param_est_rel_err": 3.991318899641639,
        "est_num_comp": 4,
        "weight_precision_error": 0.0,
        "gm_score_dict": {
            "1": -19.544924969226027,
            "2": -13.278910630233124,
            "3": -11.497804255321144,
            "4": -9.885948962743765,
            "5": -9.88720072153004,
            "6": -9.887630278260612,
            "7": -9.88780562547414
        },
        "est_dag": {
            "amat": [
                [
                    0,
                    1,
                    0,
                    1,
                    1,
                    1
                ],
                [
                    0,
                    0,
                    0,
                    1,
                    1,
                    0
                ],
                [
                    0,
                    0,
                    0,
                    1,
                    1,
                    0
                ],
                [
                    0,
                    0,
                    0,
                    0,
                    0,
                    1
                ],
                [
                    0,
                    0,
                    0,
                    1,
                    0,
                    1
                ],
                [
                    0,
                    0,
                    0,
                    0,
                    0,
                    0
                ]
            ],
            "nodes": [
                0,
                1,
                2,
                3,
                4,
                5
            ]
        },
        "oracle_est_dag": {
            "amat": [
                [
                    0,
                    1,
                    0,
                    1,
                    1,
                    1
                ],
                [
                    0,
                    0,
                    0,
                    1,
                    1,
                    0
                ],
                [
                    0,
                    0,
                    0,
                    1,
                    1,
                    0
                ],
                [
                    0,
                    0,
                    0,
                    0,
                    1,
                    1
                ],
                [
                    0,
                    0,
                    0,
                    0,
                    0,
                    1
                ],
                [
                    0,
                    0,
                    0,
                    0,
                    0,
                    0
                ]
            ],
            "nodes": [
                0,
                1,
                2,
                3,
                4,
                5
            ]
        },
        "igsp_dag": null,
        "intv_base_est_dag": null,
        "act_dag": {
            "amat": [
                [
                    0,
                    1,
                    0,
                    1,
                    1,
                    1
                ],
                [
                    0,
                    0,
                    0,
                    1,
                    1,
                    0
                ],
                [
                    0,
                    0,
                    0,
                    1,
                    1,
                    0
                ],
                [
                    0,
                    0,
                    0,
                    0,
                    1,
                    1
                ],
                [
                    0,
                    0,
                    0,
                    0,
                    0,
                    1
                ],
                [
                    0,
                    0,
                    0,
                    0,
                    0,
                    0
                ]
            ],
            "nodes": [
                0,
                1,
                2,
                3,
                4,
                5
            ]
        },
        "shd": 1,
        "oracle_shd": 0,
        "intv_base_shd": null,
        "igsp_shd": null,
        "avg_js": 0.75,
        "avg_oracle_js": 0.75
    }
}