{
    "expt_args": {
        "save_dir": "all_expt_logs/expt_logs_sim_compsel_backwardbugfixed_cameraready_half_mean_var",
        "exp_name": "71",
        "num_nodes": 6,
        "num_tgt_prior": 7,
        "obs_noise_mean": 0.0,
        "obs_noise_var": 1.0,
        "obs_noise_gamma_shape": null,
        "noise_type": "gaussian",
        "max_edge_strength": 1.0,
        "graph_sparsity_method": "adj_dense_prop",
        "adj_dense_prop": 0.8,
        "num_parents": null,
        "new_noise_mean": 100,
        "mix_samples": 32768,
        "stage2_samples": 32768,
        "gmm_tol": 0.001,
        "intv_type": "hard",
        "new_noise_var": 1.0,
        "dtype": "simulation",
        "cutoff_drop_ratio": 0.07,
        "intv_targets": [
            0,
            4,
            5
        ]
    },
    "intv_args_dict": {
        "0": {
            "intv_type": "hard",
            "inode": 0,
            "new_mui": 100,
            "new_vari": 1.0,
            "noise_type": "gaussian",
            "obs_noise_gamma_shape": null,
            "true_params": {
                "Si": [
                    [
                        1.0,
                        0.8767838117895124,
                        1.3701438259901797,
                        -1.1122535838955687,
                        1.5984910561861083,
                        2.0674499794600085
                    ],
                    [
                        0.8767838117895124,
                        1.7687498526161471,
                        1.8553464449573023,
                        -0.5940610605963342,
                        2.915444748575843,
                        3.0220665313377424
                    ],
                    [
                        1.3701438259901797,
                        1.8553464449573023,
                        3.305044790807781,
                        -2.1183550492558973,
                        3.4326425432277032,
                        5.003178922027271
                    ],
                    [
                        -1.1122535838955687,
                        -0.5940610605963342,
                        -2.1183550492558973,
                        3.0941864039399323,
                        -0.760118425626446,
                        -3.5866498593119602
                    ],
                    [
                        1.5984910561861083,
                        2.915444748575843,
                        3.4326425432277032,
                        -0.760118425626446,
                        6.338087351854849,
                        5.10190691750072
                    ],
                    [
                        2.0674499794600085,
                        3.0220665313377424,
                        5.003178922027271,
                        -3.5866498593119602,
                        5.10190691750072,
                        8.981245468207108
                    ]
                ],
                "mui": [
                    100.0,
                    87.67838117895124,
                    137.01438259901798,
                    -111.22535838955687,
                    159.84910561861082,
                    206.74499794600086
                ],
                "Ai": [
                    [
                        0.0,
                        0.0,
                        0.0,
                        0.0,
                        0.0,
                        0.0
                    ],
                    [
                        0.8767838117895124,
                        0.0,
                        0.0,
                        0.0,
                        0.0,
                        0.0
                    ],
                    [
                        0.7967039620832701,
                        0.6540265185057661,
                        0.0,
                        0.0,
                        0.0,
                        0.0
                    ],
                    [
                        -0.7742668443108898,
                        0.9329382369478333,
                        -0.8436865248833175,
                        0.0,
                        0.0,
                        0.0
                    ],
                    [
                        0.5762019109189249,
                        0.7390291455787155,
                        0.8038450739809295,
                        0.6536845749132009,
                        0.0,
                        0.0
                    ],
                    [
                        -0.5442777309657153,
                        0.8521187161053954,
                        0.8866580065001618,
                        -0.5841786715354824,
                        0.0,
                        0.0
                    ]
                ]
            },
            "est_params": {
                "mui": [
                    99.9990092184673,
                    87.66624446387819,
                    136.98666671895123,
                    -111.2005056695029,
                    159.85220935812885,
                    206.71227750172233
                ],
                "Si": [
                    [
                        1.0218630238298478,
                        0.8916863973232843,
                        1.3926389810116118,
                        -1.137675833194788,
                        1.621179768605629,
                        2.086421397439588
                    ],
                    [
                        0.8916863973232843,
                        1.7805534319356726,
                        1.8680770429261053,
                        -0.6157677790907822,
                        2.922093448468263,
                        3.026295122755213
                    ],
                    [
                        1.3926389810116118,
                        1.8680770429261053,
                        3.3322102462183265,
                        -2.144431399084268,
                        3.4819287330565896,
                        5.021658434514512
                    ],
                    [
                        -1.137675833194788,
                        -0.6157677790907822,
                        -2.144431399084268,
                        3.136920578362446,
                        -0.7990272259119875,
                        -3.6280939175657703
                    ],
                    [
                        1.621179768605629,
                        2.922093448468263,
                        3.4819287330565896,
                        -0.7990272259119875,
                        6.377807609478775,
                        5.14706535193802
                    ],
                    [
                        2.086421397439588,
                        3.026295122755213,
                        5.021658434514512,
                        -3.6280939175657703,
                        5.14706535193802,
                        8.97965547375626
                    ]
                ]
            },
            "est_tgt": [
                0
            ],
            "oracle_est_tgt": [
                0
            ]
        },
        "4": {
            "intv_type": "hard",
            "inode": 4,
            "new_mui": 100,
            "new_vari": 1.0,
            "noise_type": "gaussian",
            "obs_noise_gamma_shape": null,
            "true_params": {
                "Si": [
                    [
                        1.0,
                        0.8767838117895124,
                        1.3701438259901797,
                        -1.1122535838955687,
                        0.0,
                        2.0674499794600085
                    ],
                    [
                        0.8767838117895124,
                        1.7687498526161471,
                        1.8553464449573023,
                        -0.5940610605963342,
                        0.0,
                        3.0220665313377424
                    ],
                    [
                        1.3701438259901797,
                        1.8553464449573023,
                        3.305044790807781,
                        -2.1183550492558973,
                        0.0,
                        5.003178922027271
                    ],
                    [
                        -1.1122535838955687,
                        -0.5940610605963342,
                        -2.1183550492558973,
                        3.0941864039399323,
                        0.0,
                        -3.5866498593119602
                    ],
                    [
                        0.0,
                        0.0,
                        0.0,
                        0.0,
                        1.0,
                        0.0
                    ],
                    [
                        2.0674499794600085,
                        3.0220665313377424,
                        5.003178922027271,
                        -3.5866498593119602,
                        0.0,
                        8.981245468207108
                    ]
                ],
                "mui": [
                    0.0,
                    0.0,
                    0.0,
                    0.0,
                    100.0,
                    0.0
                ],
                "Ai": [
                    [
                        0.0,
                        0.0,
                        0.0,
                        0.0,
                        0.0,
                        0.0
                    ],
                    [
                        0.8767838117895124,
                        0.0,
                        0.0,
                        0.0,
                        0.0,
                        0.0
                    ],
                    [
                        0.7967039620832701,
                        0.6540265185057661,
                        0.0,
                        0.0,
                        0.0,
                        0.0
                    ],
                    [
                        -0.7742668443108898,
                        0.9329382369478333,
                        -0.8436865248833175,
                        0.0,
                        0.0,
                        0.0
                    ],
                    [
                        0.0,
                        0.0,
                        0.0,
                        0.0,
                        0.0,
                        0.0
                    ],
                    [
                        -0.5442777309657153,
                        0.8521187161053954,
                        0.8866580065001618,
                        -0.5841786715354824,
                        0.0,
                        0.0
                    ]
                ]
            },
            "est_params": {
                "mui": [
                    0.00972388121104837,
                    -0.0009457372498332085,
                    -0.009218085245701333,
                    -0.003379083646832949,
                    100.0041998241018,
                    0.0006302868665517968
                ],
                "Si": [
                    [
                        0.9958311634856136,
                        0.8751640028124443,
                        1.354968435158941,
                        -1.094998954355525,
                        0.008006813719345291,
                        2.053727001097564
                    ],
                    [
                        0.8751640028124443,
                        1.7752478784963939,
                        1.8394307810290598,
                        -0.5629776767995941,
                        0.013351591495118269,
                        3.0072688814476183
                    ],
                    [
                        1.354968435158941,
                        1.8394307810290598,
                        3.217013440036524,
                        -2.035582550852654,
                        0.02115830909444864,
                        4.901748417428104
                    ],
                    [
                        -1.094998954355525,
                        -0.5629776767995941,
                        -2.035582550852654,
                        3.0374566231946165,
                        -0.026901685182796217,
                        -3.4793327062615673
                    ],
                    [
                        0.008006813719345291,
                        0.013351591495118269,
                        0.02115830909444864,
                        -0.026901685182796217,
                        1.0282715545526742,
                        0.04649605779524507
                    ],
                    [
                        2.053727001097564,
                        3.0072688814476183,
                        4.901748417428104,
                        -3.4793327062615673,
                        0.04649605779524507,
                        8.88872829915361
                    ]
                ]
            },
            "est_tgt": [
                4
            ],
            "oracle_est_tgt": [
                1,
                4
            ]
        },
        "5": {
            "intv_type": "hard",
            "inode": 5,
            "new_mui": 100,
            "new_vari": 1.0,
            "noise_type": "gaussian",
            "obs_noise_gamma_shape": null,
            "true_params": {
                "Si": [
                    [
                        1.0,
                        0.8767838117895124,
                        1.3701438259901797,
                        -1.1122535838955687,
                        1.5984910561861083,
                        0.0
                    ],
                    [
                        0.8767838117895124,
                        1.7687498526161471,
                        1.8553464449573023,
                        -0.5940610605963342,
                        2.915444748575843,
                        0.0
                    ],
                    [
                        1.3701438259901797,
                        1.8553464449573023,
                        3.305044790807781,
                        -2.1183550492558973,
                        3.4326425432277032,
                        0.0
                    ],
                    [
                        -1.1122535838955687,
                        -0.5940610605963342,
                        -2.1183550492558973,
                        3.0941864039399323,
                        -0.760118425626446,
                        0.0
                    ],
                    [
                        1.5984910561861083,
                        2.915444748575843,
                        3.4326425432277032,
                        -0.760118425626446,
                        6.338087351854849,
                        0.0
                    ],
                    [
                        0.0,
                        0.0,
                        0.0,
                        0.0,
                        0.0,
                        1.0
                    ]
                ],
                "mui": [
                    0.0,
                    0.0,
                    0.0,
                    0.0,
                    0.0,
                    100.0
                ],
                "Ai": [
                    [
                        0.0,
                        0.0,
                        0.0,
                        0.0,
                        0.0,
                        0.0
                    ],
                    [
                        0.8767838117895124,
                        0.0,
                        0.0,
                        0.0,
                        0.0,
                        0.0
                    ],
                    [
                        0.7967039620832701,
                        0.6540265185057661,
                        0.0,
                        0.0,
                        0.0,
                        0.0
                    ],
                    [
                        -0.7742668443108898,
                        0.9329382369478333,
                        -0.8436865248833175,
                        0.0,
                        0.0,
                        0.0
                    ],
                    [
                        0.5762019109189249,
                        0.7390291455787155,
                        0.8038450739809295,
                        0.6536845749132009,
                        0.0,
                        0.0
                    ],
                    [
                        0.0,
                        0.0,
                        0.0,
                        0.0,
                        0.0,
                        0.0
                    ]
                ]
            },
            "est_params": {
                "mui": [
                    0.0002504553454214641,
                    0.004340566304034727,
                    -0.0017066606658350868,
                    0.015146576883933647,
                    0.016605446553733957,
                    99.9988743868492
                ],
                "Si": [
                    [
                        1.0269340200635553,
                        0.9168329271871797,
                        1.4209379747850865,
                        -1.1139602666649027,
                        1.67724816092345,
                        -0.015214037953356203
                    ],
                    [
                        0.9168329271871797,
                        1.8371318385598763,
                        1.9474614793611151,
                        -0.6266835030860833,
                        3.045065848271336,
                        -0.025052499261698762
                    ],
                    [
                        1.4209379747850865,
                        1.9474614793611151,
                        3.4033535038301546,
                        -2.1387278025575536,
                        3.5722980932887123,
                        -0.013372015280695582
                    ],
                    [
                        -1.1139602666649027,
                        -0.6266835030860833,
                        -2.1387278025575536,
                        3.0682641726957165,
                        -0.7873620290878355,
                        0.009477741777414436
                    ],
                    [
                        1.67724816092345,
                        3.045065848271336,
                        3.5722980932887123,
                        -0.7873620290878355,
                        6.555070113258353,
                        -0.041478514898941186
                    ],
                    [
                        -0.015214037953356203,
                        -0.025052499261698762,
                        -0.013372015280695582,
                        0.009477741777414436,
                        -0.041478514898941186,
                        0.9971199065223796
                    ]
                ]
            },
            "est_tgt": [
                1,
                3,
                4,
                5
            ],
            "oracle_est_tgt": [
                1,
                3,
                4,
                5
            ]
        },
        "obs": {
            "intv_type": "obs",
            "noise_type": "gaussian",
            "obs_noise_gamma_shape": null,
            "true_params": {
                "Si": [
                    [
                        1.0,
                        0.8767838117895124,
                        1.3701438259901797,
                        -1.1122535838955687,
                        1.5984910561861083,
                        2.0674499794600085
                    ],
                    [
                        0.8767838117895124,
                        1.7687498526161471,
                        1.8553464449573023,
                        -0.5940610605963342,
                        2.915444748575843,
                        3.0220665313377424
                    ],
                    [
                        1.3701438259901797,
                        1.8553464449573023,
                        3.305044790807781,
                        -2.1183550492558973,
                        3.4326425432277032,
                        5.003178922027271
                    ],
                    [
                        -1.1122535838955687,
                        -0.5940610605963342,
                        -2.1183550492558973,
                        3.0941864039399323,
                        -0.760118425626446,
                        -3.5866498593119602
                    ],
                    [
                        1.5984910561861083,
                        2.915444748575843,
                        3.4326425432277032,
                        -0.760118425626446,
                        6.338087351854849,
                        5.10190691750072
                    ],
                    [
                        2.0674499794600085,
                        3.0220665313377424,
                        5.003178922027271,
                        -3.5866498593119602,
                        5.10190691750072,
                        8.981245468207108
                    ]
                ],
                "mui": [
                    0.0,
                    0.0,
                    0.0,
                    0.0,
                    0.0,
                    0.0
                ],
                "Ai": [
                    [
                        0.0,
                        0.0,
                        0.0,
                        0.0,
                        0.0,
                        0.0
                    ],
                    [
                        0.8767838117895124,
                        0.0,
                        0.0,
                        0.0,
                        0.0,
                        0.0
                    ],
                    [
                        0.7967039620832701,
                        0.6540265185057661,
                        0.0,
                        0.0,
                        0.0,
                        0.0
                    ],
                    [
                        -0.7742668443108898,
                        0.9329382369478333,
                        -0.8436865248833175,
                        0.0,
                        0.0,
                        0.0
                    ],
                    [
                        0.5762019109189249,
                        0.7390291455787155,
                        0.8038450739809295,
                        0.6536845749132009,
                        0.0,
                        0.0
                    ],
                    [
                        -0.5442777309657153,
                        0.8521187161053954,
                        0.8866580065001618,
                        -0.5841786715354824,
                        0.0,
                        0.0
                    ]
                ]
            },
            "est_params": {
                "mui": [
                    0.0030238016200682923,
                    0.017215661232495467,
                    0.01158188726161044,
                    0.013076854720507736,
                    0.046898287475546134,
                    0.017278154354611844
                ],
                "Si": [
                    [
                        1.0001616354935925,
                        0.8825768490717991,
                        1.3685318503334083,
                        -1.1011027599297356,
                        1.614463108577772,
                        2.080402603440462
                    ],
                    [
                        0.8825768490717991,
                        1.7706002801294567,
                        1.8393286978584995,
                        -0.5691178417387504,
                        2.9173748652454323,
                        3.002333250076086
                    ],
                    [
                        1.3685318503334083,
                        1.8393286978584995,
                        3.271501947274179,
                        -2.0784126648583516,
                        3.42059108387479,
                        4.954237952851034
                    ],
                    [
                        -1.1011027599297356,
                        -0.5691178417387504,
                        -2.0784126648583516,
                        3.053973575094848,
                        -0.7625335172261117,
                        -3.5208546261985028
                    ],
                    [
                        1.614463108577772,
                        2.9173748652454323,
                        3.42059108387479,
                        -0.7625335172261117,
                        6.309658661338232,
                        5.102494031763104
                    ],
                    [
                        2.080402603440462,
                        3.002333250076086,
                        4.954237952851034,
                        -3.5208546261985028,
                        5.102494031763104,
                        8.858436955591413
                    ]
                ]
            },
            "est_tgt": [
                0,
                1,
                2,
                3,
                4,
                5
            ],
            "oracle_est_tgt": [
                0,
                1,
                2,
                3,
                4,
                5
            ]
        }
    },
    "metric_dict": {
        "param_est_rel_err": 5.132418420990465,
        "est_num_comp": 4,
        "weight_precision_error": 0.0,
        "gm_score_dict": {
            "1": -19.557398321556647,
            "2": -14.753346722912708,
            "3": -11.509336292056208,
            "4": -9.90214533990753,
            "5": -9.903296846164434,
            "6": -9.903770537541483,
            "7": -9.903849506983903
        },
        "est_dag": {
            "amat": [
                [
                    0,
                    1,
                    1,
                    1,
                    1,
                    0
                ],
                [
                    0,
                    0,
                    0,
                    0,
                    1,
                    0
                ],
                [
                    0,
                    1,
                    0,
                    0,
                    1,
                    1
                ],
                [
                    0,
                    1,
                    0,
                    0,
                    1,
                    0
                ],
                [
                    0,
                    0,
                    0,
                    0,
                    0,
                    0
                ],
                [
                    0,
                    1,
                    0,
                    1,
                    0,
                    0
                ]
            ],
            "nodes": [
                0,
                1,
                2,
                3,
                4,
                5
            ]
        },
        "oracle_est_dag": {
            "amat": [
                [
                    0,
                    1,
                    1,
                    1,
                    1,
                    0
                ],
                [
                    0,
                    0,
                    0,
                    0,
                    0,
                    0
                ],
                [
                    0,
                    0,
                    0,
                    0,
                    1,
                    1
                ],
                [
                    0,
                    1,
                    0,
                    0,
                    1,
                    0
                ],
                [
                    0,
                    1,
                    0,
                    0,
                    0,
                    0
                ],
                [
                    0,
                    1,
                    0,
                    1,
                    1,
                    0
                ]
            ],
            "nodes": [
                0,
                1,
                2,
                3,
                4,
                5
            ]
        },
        "igsp_dag": null,
        "intv_base_est_dag": null,
        "act_dag": {
            "amat": [
                [
                    0,
                    1,
                    1,
                    1,
                    1,
                    1
                ],
                [
                    0,
                    0,
                    1,
                    1,
                    1,
                    1
                ],
                [
                    0,
                    0,
                    0,
                    1,
                    1,
                    1
                ],
                [
                    0,
                    0,
                    0,
                    0,
                    1,
                    1
                ],
                [
                    0,
                    0,
                    0,
                    0,
                    0,
                    0
                ],
                [
                    0,
                    0,
                    0,
                    0,
                    0,
                    0
                ]
            ],
            "nodes": [
                0,
                1,
                2,
                3,
                4,
                5
            ]
        },
        "shd": 6,
        "oracle_shd": 8,
        "intv_base_shd": null,
        "igsp_shd": null,
        "avg_js": 0.5625,
        "avg_oracle_js": 0.4375
    }
}