{
    "expt_args": {
        "save_dir": "all_expt_logs/expt_logs_sim_compsel_backwardbugfixed_cameraready_half_mean_var",
        "exp_name": "208",
        "num_nodes": 6,
        "num_tgt_prior": 7,
        "obs_noise_mean": 0.0,
        "obs_noise_var": 1.0,
        "obs_noise_gamma_shape": null,
        "noise_type": "gaussian",
        "max_edge_strength": 1.0,
        "graph_sparsity_method": "adj_dense_prop",
        "adj_dense_prop": 0.8,
        "num_parents": null,
        "new_noise_mean": 100,
        "mix_samples": 1048576,
        "stage2_samples": 1048576,
        "gmm_tol": 0.001,
        "intv_type": "hard",
        "new_noise_var": 1.0,
        "dtype": "simulation",
        "cutoff_drop_ratio": 0.07,
        "intv_targets": [
            4,
            5,
            3
        ]
    },
    "intv_args_dict": {
        "4": {
            "intv_type": "hard",
            "inode": 4,
            "new_mui": 100,
            "new_vari": 1.0,
            "noise_type": "gaussian",
            "obs_noise_gamma_shape": null,
            "true_params": {
                "Si": [
                    [
                        1.0,
                        -0.7511825533243561,
                        -1.2381471832346902,
                        1.2021168263429753,
                        0.0,
                        -0.11265607674926696
                    ],
                    [
                        -0.7511825533243561,
                        1.5642752284188992,
                        1.4824963169600003,
                        -0.45572376935278824,
                        0.0,
                        1.049965113947142
                    ],
                    [
                        -1.2381471832346902,
                        1.4824963169600003,
                        2.8381782421597403,
                        -2.149088520565505,
                        0.0,
                        0.8224666616142846
                    ],
                    [
                        1.2021168263429753,
                        -0.45572376935278824,
                        -2.149088520565505,
                        3.4692157312682355,
                        0.0,
                        1.0907592489336086
                    ],
                    [
                        0.0,
                        0.0,
                        0.0,
                        0.0,
                        1.0,
                        0.6754733572158899
                    ],
                    [
                        -0.11265607674926696,
                        1.049965113947142,
                        0.8224666616142846,
                        1.0907592489336086,
                        0.6754733572158899,
                        3.2887142097594784
                    ]
                ],
                "mui": [
                    0.0,
                    0.0,
                    0.0,
                    0.0,
                    100.0,
                    67.54733572158898
                ],
                "Ai": [
                    [
                        0.0,
                        0.0,
                        0.0,
                        0.0,
                        0.0,
                        0.0
                    ],
                    [
                        -0.7511825533243561,
                        0.0,
                        0.0,
                        0.0,
                        0.0,
                        0.0
                    ],
                    [
                        -0.8231775992026946,
                        0.5524217544664064,
                        0.0,
                        0.0,
                        0.0,
                        0.0
                    ],
                    [
                        0.7908447180844721,
                        0.9487634750187501,
                        -0.9077811532774207,
                        0.0,
                        0.0,
                        0.0
                    ],
                    [
                        0.0,
                        0.0,
                        0.0,
                        0.0,
                        0.0,
                        0.0
                    ],
                    [
                        -0.0,
                        0.0,
                        0.9942194766411594,
                        0.9303038966463824,
                        0.6754733572158899,
                        0.0
                    ]
                ]
            },
            "est_params": {
                "mui": [
                    -0.0002131214024939397,
                    0.002143588576875713,
                    -0.0014939188800496706,
                    0.0021577833358322474,
                    100.00084369828674,
                    67.54649492971409
                ],
                "Si": [
                    [
                        0.9985039634114528,
                        -0.7487505375024744,
                        -1.2388995653655643,
                        1.2044633079084144,
                        -0.0009461337289997577,
                        -0.10549491412220403
                    ],
                    [
                        -0.7487505375024744,
                        1.5617174231185496,
                        1.4810888339501653,
                        -0.4546349874348918,
                        0.0009341015850413739,
                        1.0470229092223307
                    ],
                    [
                        -1.2388995653655643,
                        1.4810888339501653,
                        2.8416567918088926,
                        -2.1548855931930877,
                        1.1420038383897781e-05,
                        0.8123466584752835
                    ],
                    [
                        1.2044633079084144,
                        -0.4546349874348918,
                        -2.1548855931930877,
                        3.4828787412002384,
                        -0.001133427277098801,
                        1.1038609365559857
                    ],
                    [
                        -0.0009461337289997577,
                        0.0009341015850413739,
                        1.1420038383897781e-05,
                        -0.001133427277098801,
                        0.9981540631988309,
                        0.6751792259808842
                    ],
                    [
                        -0.10549491412220403,
                        1.0470229092223307,
                        0.8123466584752835,
                        1.1038609365559857,
                        0.6751792259808842,
                        3.2904474713978042
                    ]
                ]
            },
            "est_tgt": [
                4
            ],
            "oracle_est_tgt": [
                4
            ]
        },
        "5": {
            "intv_type": "hard",
            "inode": 5,
            "new_mui": 100,
            "new_vari": 1.0,
            "noise_type": "gaussian",
            "obs_noise_gamma_shape": null,
            "true_params": {
                "Si": [
                    [
                        1.0,
                        -0.7511825533243561,
                        -1.2381471832346902,
                        1.2021168263429753,
                        0.03578629540954135,
                        0.0
                    ],
                    [
                        -0.7511825533243561,
                        1.5642752284188992,
                        1.4824963169600003,
                        -0.45572376935278824,
                        0.34178818392247823,
                        0.0
                    ],
                    [
                        -1.2381471832346902,
                        1.4824963169600003,
                        2.8381782421597403,
                        -2.149088520565505,
                        0.13586703683732196,
                        0.0
                    ],
                    [
                        1.2021168263429753,
                        -0.45572376935278824,
                        -2.149088520565505,
                        3.4692157312682355,
                        -0.35572161595347873,
                        0.0
                    ],
                    [
                        0.03578629540954135,
                        0.34178818392247823,
                        0.13586703683732196,
                        -0.35572161595347873,
                        1.479930078956864,
                        0.0
                    ],
                    [
                        0.0,
                        0.0,
                        0.0,
                        0.0,
                        0.0,
                        1.0
                    ]
                ],
                "mui": [
                    0.0,
                    0.0,
                    0.0,
                    0.0,
                    0.0,
                    100.0
                ],
                "Ai": [
                    [
                        0.0,
                        0.0,
                        0.0,
                        0.0,
                        0.0,
                        0.0
                    ],
                    [
                        -0.7511825533243561,
                        0.0,
                        0.0,
                        0.0,
                        0.0,
                        0.0
                    ],
                    [
                        -0.8231775992026946,
                        0.5524217544664064,
                        0.0,
                        0.0,
                        0.0,
                        0.0
                    ],
                    [
                        0.7908447180844721,
                        0.9487634750187501,
                        -0.9077811532774207,
                        0.0,
                        0.0,
                        0.0
                    ],
                    [
                        0.7560058360006678,
                        0.9366344716486055,
                        -0.5545028562607395,
                        -0.5849616283639933,
                        0.0,
                        0.0
                    ],
                    [
                        0.0,
                        0.0,
                        0.0,
                        0.0,
                        0.0,
                        0.0
                    ]
                ]
            },
            "est_params": {
                "mui": [
                    -0.0014513027890863993,
                    0.0016235001372470587,
                    0.0021778909276384925,
                    0.0007236442318841101,
                    -0.0009806821654630006,
                    100.00019576020762
                ],
                "Si": [
                    [
                        0.9999187332224168,
                        -0.7487091998396798,
                        -1.2382927053100372,
                        1.2042293649373075,
                        0.0380434223301257,
                        -0.0010014401813708768
                    ],
                    [
                        -0.7487091998396798,
                        1.5631786886586272,
                        1.4777065874855795,
                        -0.45195168779487604,
                        0.3410064579431308,
                        0.003167378590096323
                    ],
                    [
                        -1.2382927053100372,
                        1.4777065874855795,
                        2.839349343866891,
                        -2.151970423697313,
                        0.1310800018607985,
                        0.0030034693500429507
                    ],
                    [
                        1.2042293649373075,
                        -0.45195168779487604,
                        -2.151970423697313,
                        3.4770651975979328,
                        -0.35349299377844845,
                        0.0014339910889670446
                    ],
                    [
                        0.0380434223301257,
                        0.3410064579431308,
                        0.1310800018607985,
                        -0.35349299377844845,
                        1.4803929998443786,
                        -0.00134028239567284
                    ],
                    [
                        -0.0010014401813708768,
                        0.003167378590096323,
                        0.0030034693500429507,
                        0.0014339910889670446,
                        -0.00134028239567284,
                        1.0077868937030448
                    ]
                ]
            },
            "est_tgt": [
                5
            ],
            "oracle_est_tgt": [
                5
            ]
        },
        "3": {
            "intv_type": "hard",
            "inode": 3,
            "new_mui": 100,
            "new_vari": 1.0,
            "noise_type": "gaussian",
            "obs_noise_gamma_shape": null,
            "true_params": {
                "Si": [
                    [
                        1.0,
                        -0.7511825533243561,
                        -1.2381471832346902,
                        0.0,
                        0.738978511630884,
                        -0.7318297483586047
                    ],
                    [
                        -0.7511825533243561,
                        1.5642752284188992,
                        1.4824963169600003,
                        0.0,
                        0.07520726571769432,
                        1.5247272166317765
                    ],
                    [
                        -1.2381471832346902,
                        1.4824963169600003,
                        2.8381782421597403,
                        0.0,
                        -1.1212672836510411,
                        2.064385910110272
                    ],
                    [
                        0.0,
                        0.0,
                        0.0,
                        1.0,
                        -0.5849616283639933,
                        0.5351779016928822
                    ],
                    [
                        0.738978511630884,
                        0.07520726571769432,
                        -1.1212672836510411,
                        -0.5849616283639933,
                        2.5930398031361426,
                        0.09255144703677154
                    ],
                    [
                        -0.7318297483586047,
                        1.5247272166317765,
                        2.064385910110272,
                        0.5351779016928822,
                        0.09255144703677154,
                        3.612846803124258
                    ]
                ],
                "mui": [
                    0.0,
                    0.0,
                    0.0,
                    100.0,
                    -58.496162836399336,
                    53.51779016928822
                ],
                "Ai": [
                    [
                        0.0,
                        0.0,
                        0.0,
                        0.0,
                        0.0,
                        0.0
                    ],
                    [
                        -0.7511825533243561,
                        0.0,
                        0.0,
                        0.0,
                        0.0,
                        0.0
                    ],
                    [
                        -0.8231775992026946,
                        0.5524217544664064,
                        0.0,
                        0.0,
                        0.0,
                        0.0
                    ],
                    [
                        0.0,
                        0.0,
                        0.0,
                        0.0,
                        0.0,
                        0.0
                    ],
                    [
                        0.7560058360006678,
                        0.9366344716486055,
                        -0.5545028562607395,
                        -0.5849616283639933,
                        0.0,
                        0.0
                    ],
                    [
                        -0.0,
                        0.0,
                        0.9942194766411594,
                        0.9303038966463824,
                        0.6754733572158899,
                        0.0
                    ]
                ]
            },
            "est_params": {
                "mui": [
                    -0.0004175123525496504,
                    -0.0014266925335306403,
                    -0.0008201184650109948,
                    100.0009019170404,
                    -58.4947642246013,
                    53.5162331141208
                ],
                "Si": [
                    [
                        1.0015810978256068,
                        -0.7534389228549224,
                        -1.2400326431479787,
                        -0.0010783134132435522,
                        0.7402064297994794,
                        -0.7325372127289386
                    ],
                    [
                        -0.7534389228549224,
                        1.567620837036647,
                        1.4870745138344976,
                        -0.002485359899120445,
                        0.07565750813644866,
                        1.5275294191896092
                    ],
                    [
                        -1.2400326431479787,
                        1.4870745138344976,
                        2.8421638779697336,
                        0.00011417145222870429,
                        -1.1213420829134972,
                        2.067256946286352
                    ],
                    [
                        -0.0010783134132435522,
                        -0.002485359899120445,
                        0.00011417145222870429,
                        0.9989513907511807,
                        -0.5830834333140293,
                        0.5362104388569231
                    ],
                    [
                        0.7402064297994794,
                        0.07565750813644866,
                        -1.1213420829134972,
                        -0.5830834333140293,
                        2.5882602118873983,
                        0.0897025581984621
                    ],
                    [
                        -0.7325372127289386,
                        1.5275294191896092,
                        2.067256946286352,
                        0.5362104388569231,
                        0.0897025581984621,
                        3.61146774010465
                    ]
                ]
            },
            "est_tgt": [
                3
            ],
            "oracle_est_tgt": [
                3
            ]
        },
        "obs": {
            "intv_type": "obs",
            "noise_type": "gaussian",
            "obs_noise_gamma_shape": null,
            "true_params": {
                "Si": [
                    [
                        1.0,
                        -0.7511825533243561,
                        -1.2381471832346902,
                        1.2021168263429753,
                        0.03578629540954135,
                        -0.08848338764666448
                    ],
                    [
                        -0.7511825533243561,
                        1.5642752284188992,
                        1.4824963169600003,
                        -0.45572376935278824,
                        0.34178818392247823,
                        1.2808339259979804
                    ],
                    [
                        -1.2381471832346902,
                        1.4824963169600003,
                        2.8381782421597403,
                        -2.149088520565505,
                        0.13586703683732196,
                        0.9142412251217654
                    ],
                    [
                        1.2021168263429753,
                        -0.45572376935278824,
                        -2.149088520565505,
                        3.4692157312682355,
                        -0.35572161595347873,
                        0.850478774771251
                    ],
                    [
                        0.03578629540954135,
                        0.34178818392247823,
                        0.13586703683732196,
                        -0.35572161595347873,
                        1.479930078956864,
                        0.8038057876920879
                    ],
                    [
                        -0.08848338764666448,
                        1.2808339259979804,
                        0.9142412251217654,
                        0.850478774771251,
                        0.8038057876920879,
                        3.2431095445110074
                    ]
                ],
                "mui": [
                    0.0,
                    0.0,
                    0.0,
                    0.0,
                    0.0,
                    0.0
                ],
                "Ai": [
                    [
                        0.0,
                        0.0,
                        0.0,
                        0.0,
                        0.0,
                        0.0
                    ],
                    [
                        -0.7511825533243561,
                        0.0,
                        0.0,
                        0.0,
                        0.0,
                        0.0
                    ],
                    [
                        -0.8231775992026946,
                        0.5524217544664064,
                        0.0,
                        0.0,
                        0.0,
                        0.0
                    ],
                    [
                        0.7908447180844721,
                        0.9487634750187501,
                        -0.9077811532774207,
                        0.0,
                        0.0,
                        0.0
                    ],
                    [
                        0.7560058360006678,
                        0.9366344716486055,
                        -0.5545028562607395,
                        -0.5849616283639933,
                        0.0,
                        0.0
                    ],
                    [
                        -0.0,
                        0.0,
                        0.9942194766411594,
                        0.9303038966463824,
                        0.6754733572158899,
                        0.0
                    ]
                ]
            },
            "est_params": {
                "mui": [
                    -0.00039406937936783016,
                    0.006808871549952319,
                    0.005058965069225755,
                    -0.00010639064228442729,
                    0.002791428838117907,
                    0.005101724258433445
                ],
                "Si": [
                    [
                        0.9982914488899755,
                        -0.7493291929812956,
                        -1.2325211043173445,
                        1.1992835732308424,
                        0.03294637127054533,
                        -0.08695393523225373
                    ],
                    [
                        -0.7493291929812956,
                        1.5625920844186583,
                        1.4777361827027566,
                        -0.45281610709516357,
                        0.3446275291804463,
                        1.2806793999199158
                    ],
                    [
                        -1.2325211043173445,
                        1.4777361827027566,
                        2.826570569209837,
                        -2.1420848112708466,
                        0.14082256210775862,
                        0.9098084674091731
                    ],
                    [
                        1.1992835732308424,
                        -0.45281610709516357,
                        -2.1420848112708466,
                        3.465409590929743,
                        -0.3543698925806117,
                        0.8563469100877907
                    ],
                    [
                        0.03294637127054533,
                        0.3446275291804463,
                        0.14082256210775862,
                        -0.3543698925806117,
                        1.4747076861210309,
                        0.8048983929398223
                    ],
                    [
                        -0.08695393523225373,
                        1.2806793999199158,
                        0.9098084674091731,
                        0.8563469100877907,
                        0.8048983929398223,
                        3.243385652934425
                    ]
                ]
            },
            "est_tgt": [
                0,
                1,
                2,
                3,
                4,
                5
            ],
            "oracle_est_tgt": [
                0,
                1,
                2,
                3,
                4,
                5
            ]
        }
    },
    "metric_dict": {
        "param_est_rel_err": 0.4512435186302089,
        "est_num_comp": 4,
        "weight_precision_error": 0.0,
        "gm_score_dict": {
            "1": -19.55870824904072,
            "2": -14.749019431714723,
            "3": -11.509846955193245,
            "4": -9.90133044630508,
            "5": -9.903092152886892,
            "6": -9.903898529639735,
            "7": -9.904250686365685
        },
        "est_dag": {
            "amat": [
                [
                    0,
                    1,
                    1,
                    1,
                    1,
                    0
                ],
                [
                    0,
                    0,
                    1,
                    1,
                    1,
                    0
                ],
                [
                    0,
                    0,
                    0,
                    1,
                    1,
                    1
                ],
                [
                    0,
                    0,
                    0,
                    0,
                    1,
                    1
                ],
                [
                    0,
                    0,
                    0,
                    0,
                    0,
                    1
                ],
                [
                    0,
                    0,
                    0,
                    0,
                    0,
                    0
                ]
            ],
            "nodes": [
                0,
                1,
                2,
                3,
                4,
                5
            ]
        },
        "oracle_est_dag": {
            "amat": [
                [
                    0,
                    1,
                    1,
                    1,
                    1,
                    0
                ],
                [
                    0,
                    0,
                    0,
                    1,
                    1,
                    0
                ],
                [
                    0,
                    1,
                    0,
                    1,
                    1,
                    1
                ],
                [
                    0,
                    0,
                    0,
                    0,
                    1,
                    1
                ],
                [
                    0,
                    0,
                    0,
                    0,
                    0,
                    1
                ],
                [
                    0,
                    0,
                    0,
                    0,
                    0,
                    0
                ]
            ],
            "nodes": [
                0,
                1,
                2,
                3,
                4,
                5
            ]
        },
        "igsp_dag": null,
        "intv_base_est_dag": null,
        "act_dag": {
            "amat": [
                [
                    0,
                    1,
                    1,
                    1,
                    1,
                    0
                ],
                [
                    0,
                    0,
                    1,
                    1,
                    1,
                    0
                ],
                [
                    0,
                    0,
                    0,
                    1,
                    1,
                    1
                ],
                [
                    0,
                    0,
                    0,
                    0,
                    1,
                    1
                ],
                [
                    0,
                    0,
                    0,
                    0,
                    0,
                    1
                ],
                [
                    0,
                    0,
                    0,
                    0,
                    0,
                    0
                ]
            ],
            "nodes": [
                0,
                1,
                2,
                3,
                4,
                5
            ]
        },
        "shd": 0,
        "oracle_shd": 1,
        "intv_base_shd": null,
        "igsp_shd": null,
        "avg_js": 0.75,
        "avg_oracle_js": 0.75
    }
}