{
    "expt_args": {
        "save_dir": "all_expt_logs/expt_logs_sim_compsel_backwardbugfixed_cameraready_half_mean_var",
        "exp_name": "29",
        "num_nodes": 6,
        "num_tgt_prior": 7,
        "obs_noise_mean": 0.0,
        "obs_noise_var": 1.0,
        "obs_noise_gamma_shape": null,
        "noise_type": "gaussian",
        "max_edge_strength": 1.0,
        "graph_sparsity_method": "adj_dense_prop",
        "adj_dense_prop": 0.8,
        "num_parents": null,
        "new_noise_mean": 100,
        "mix_samples": 131072,
        "stage2_samples": 131072,
        "gmm_tol": 0.001,
        "intv_type": "hard",
        "new_noise_var": 1.0,
        "dtype": "simulation",
        "cutoff_drop_ratio": 0.07,
        "intv_targets": [
            2,
            5,
            4
        ]
    },
    "intv_args_dict": {
        "2": {
            "intv_type": "hard",
            "inode": 2,
            "new_mui": 100,
            "new_vari": 1.0,
            "noise_type": "gaussian",
            "obs_noise_gamma_shape": null,
            "true_params": {
                "Si": [
                    [
                        1.0,
                        0.983331802931466,
                        0.0,
                        1.6390507833808938,
                        -1.5425894382076963,
                        0.7048133776956994
                    ],
                    [
                        0.983331802931466,
                        1.9669414346564476,
                        0.0,
                        2.3159595979320886,
                        -2.1796608447461163,
                        0.5186360595985252
                    ],
                    [
                        0.0,
                        0.0,
                        1.0,
                        -0.9773875929421167,
                        1.9087238272024423,
                        0.07892192911085243
                    ],
                    [
                        1.6390507833808938,
                        2.3159595979320886,
                        -0.9773875929421167,
                        5.13771223081223,
                        -5.801844774854893,
                        1.881059882439665
                    ],
                    [
                        -1.5425894382076963,
                        -2.1796608447461163,
                        1.9087238272024423,
                        -5.801844774854893,
                        8.347850552333828,
                        -1.6923132942153722
                    ],
                    [
                        0.7048133776956994,
                        0.5186360595985252,
                        0.07892192911085243,
                        1.881059882439665,
                        -1.6923132942153722,
                        2.390541166616305
                    ]
                ],
                "mui": [
                    0.0,
                    0.0,
                    100.0,
                    -97.73875929421168,
                    190.87238272024422,
                    7.8921929110852425
                ],
                "Ai": [
                    [
                        0.0,
                        0.0,
                        0.0,
                        0.0,
                        0.0,
                        0.0
                    ],
                    [
                        0.983331802931466,
                        0.0,
                        0.0,
                        0.0,
                        0.0,
                        0.0
                    ],
                    [
                        0.0,
                        0.0,
                        0.0,
                        0.0,
                        0.0,
                        0.0
                    ],
                    [
                        0.9465601723869959,
                        0.7042288360139223,
                        -0.9773875929421167,
                        0.0,
                        0.0,
                        0.0
                    ],
                    [
                        -0.0,
                        -0.0,
                        0.9888574062256732,
                        -0.941148043641317,
                        0.0,
                        0.0
                    ],
                    [
                        0.0,
                        -0.8264117695530173,
                        0.9837975821289244,
                        0.9258104559054505,
                        0.0,
                        0.0
                    ]
                ]
            },
            "est_params": {
                "mui": [
                    0.011899394980390814,
                    0.017065463113749655,
                    100.00229139459927,
                    -97.71733989047904,
                    190.8450214853419,
                    7.906200645060877
                ],
                "Si": [
                    [
                        1.0026672676335036,
                        0.9884380692787424,
                        -0.007765454793101737,
                        1.659537868756259,
                        -1.549349487434421,
                        0.7134951370783219
                    ],
                    [
                        0.9884380692787424,
                        1.9666230859104747,
                        -0.008392882713362521,
                        2.3419569786208725,
                        -2.1941386192717665,
                        0.5399287355075997
                    ],
                    [
                        -0.007765454793101737,
                        -0.008392882713362521,
                        1.0136574230143973,
                        -1.0000145312946322,
                        1.9400402676893427,
                        0.08602030810297569
                    ],
                    [
                        1.659537868756259,
                        2.3419569786208725,
                        -1.0000145312946322,
                        5.217206758000004,
                        -5.864288376646366,
                        1.9086782703347935
                    ],
                    [
                        -1.549349487434421,
                        -2.1941386192717665,
                        1.9400402676893427,
                        -5.864288376646366,
                        8.387556857996788,
                        -1.6917871128814301
                    ],
                    [
                        0.7134951370783219,
                        0.5399287355075997,
                        0.08602030810297569,
                        1.9086782703347935,
                        -1.6917871128814301,
                        2.4131828616491604
                    ]
                ]
            },
            "est_tgt": [
                2
            ],
            "oracle_est_tgt": [
                2
            ]
        },
        "5": {
            "intv_type": "hard",
            "inode": 5,
            "new_mui": 100,
            "new_vari": 1.0,
            "noise_type": "gaussian",
            "obs_noise_gamma_shape": null,
            "true_params": {
                "Si": [
                    [
                        1.0,
                        0.983331802931466,
                        0.882606334403256,
                        0.7764023026830305,
                        0.14206230230760514,
                        0.0
                    ],
                    [
                        0.983331802931466,
                        1.9669414346564476,
                        1.7654620388078741,
                        0.5904189053909785,
                        1.1901186147478757,
                        0.0
                    ],
                    [
                        0.882606334403256,
                        1.7654620388078741,
                        2.5846207495324105,
                        -0.4474469723946968,
                        2.9769352131621742,
                        0.0
                    ],
                    [
                        0.7764023026830305,
                        0.5904189053909785,
                        -0.4474469723946968,
                        2.5880306352915032,
                        -2.878181221834143,
                        0.0
                    ],
                    [
                        0.14206230230760514,
                        1.1901186147478757,
                        2.9769352131621742,
                        -2.878181221834143,
                        6.6525590595637984,
                        0.0
                    ],
                    [
                        0.0,
                        0.0,
                        0.0,
                        0.0,
                        0.0,
                        1.0
                    ]
                ],
                "mui": [
                    0.0,
                    0.0,
                    0.0,
                    0.0,
                    0.0,
                    100.0
                ],
                "Ai": [
                    [
                        0.0,
                        0.0,
                        0.0,
                        0.0,
                        0.0,
                        0.0
                    ],
                    [
                        0.983331802931466,
                        0.0,
                        0.0,
                        0.0,
                        0.0,
                        0.0
                    ],
                    [
                        0.0,
                        0.8975671607203879,
                        0.0,
                        0.0,
                        0.0,
                        0.0
                    ],
                    [
                        0.9465601723869959,
                        0.7042288360139223,
                        -0.9773875929421167,
                        0.0,
                        0.0,
                        0.0
                    ],
                    [
                        -0.0,
                        -0.0,
                        0.9888574062256732,
                        -0.941148043641317,
                        0.0,
                        0.0
                    ],
                    [
                        0.0,
                        0.0,
                        0.0,
                        0.0,
                        0.0,
                        0.0
                    ]
                ]
            },
            "est_params": {
                "mui": [
                    0.006077270481279226,
                    0.0013362184344535189,
                    0.0036372367464355846,
                    0.006663544002678909,
                    -0.004666623450858184,
                    100.00884870317256
                ],
                "Si": [
                    [
                        1.0132554786255406,
                        0.9908413093247805,
                        0.8836199012226406,
                        0.7872117117039034,
                        0.13646356015479735,
                        0.001684041500544433
                    ],
                    [
                        0.9908413093247805,
                        1.9652826633172884,
                        1.7581152371065778,
                        0.5982057933324965,
                        1.1829425415310002,
                        -0.003126630301486399
                    ],
                    [
                        0.8836199012226406,
                        1.7581152371065778,
                        2.590459477641981,
                        -0.4646424644243505,
                        2.998942460927603,
                        0.010757428572636325
                    ],
                    [
                        0.7872117117039034,
                        0.5982057933324965,
                        -0.4646424644243505,
                        2.616245979694679,
                        -2.913397440045647,
                        -0.021658252121778403
                    ],
                    [
                        0.13646356015479735,
                        1.1829425415310002,
                        2.998942460927603,
                        -2.913397440045647,
                        6.689746113898013,
                        0.023051564155235568
                    ],
                    [
                        0.001684041500544433,
                        -0.003126630301486399,
                        0.010757428572636325,
                        -0.021658252121778403,
                        0.023051564155235568,
                        1.003317030967298
                    ]
                ]
            },
            "est_tgt": [
                5
            ],
            "oracle_est_tgt": [
                5
            ]
        },
        "4": {
            "intv_type": "hard",
            "inode": 4,
            "new_mui": 100,
            "new_vari": 1.0,
            "noise_type": "gaussian",
            "obs_noise_gamma_shape": null,
            "true_params": {
                "Si": [
                    [
                        1.0,
                        0.983331802931466,
                        0.882606334403256,
                        0.7764023026830305,
                        0.0,
                        0.7744703722522625
                    ],
                    [
                        0.983331802931466,
                        1.9669414346564476,
                        1.7654620388078741,
                        0.5904189053909785,
                        0.0,
                        0.6579697294732213
                    ],
                    [
                        0.882606334403256,
                        1.7654620388078741,
                        2.5846207495324105,
                        -0.4474469723946968,
                        0.0,
                        0.6694939510340934
                    ],
                    [
                        0.7764023026830305,
                        0.5904189053909785,
                        -0.4474469723946968,
                        2.5880306352915032,
                        0.0,
                        1.467899440401975
                    ],
                    [
                        0.0,
                        0.0,
                        0.0,
                        0.0,
                        1.0,
                        0.0
                    ],
                    [
                        0.7744703722522625,
                        0.6579697294732213,
                        0.6694939510340934,
                        1.467899440401975,
                        0.0,
                        2.473889251972905
                    ]
                ],
                "mui": [
                    0.0,
                    0.0,
                    0.0,
                    0.0,
                    100.0,
                    0.0
                ],
                "Ai": [
                    [
                        0.0,
                        0.0,
                        0.0,
                        0.0,
                        0.0,
                        0.0
                    ],
                    [
                        0.983331802931466,
                        0.0,
                        0.0,
                        0.0,
                        0.0,
                        0.0
                    ],
                    [
                        0.0,
                        0.8975671607203879,
                        0.0,
                        0.0,
                        0.0,
                        0.0
                    ],
                    [
                        0.9465601723869959,
                        0.7042288360139223,
                        -0.9773875929421167,
                        0.0,
                        0.0,
                        0.0
                    ],
                    [
                        0.0,
                        0.0,
                        0.0,
                        0.0,
                        0.0,
                        0.0
                    ],
                    [
                        0.0,
                        -0.8264117695530173,
                        0.9837975821289244,
                        0.9258104559054505,
                        0.0,
                        0.0
                    ]
                ]
            },
            "est_params": {
                "mui": [
                    0.002601816010422829,
                    -0.002359801072811132,
                    0.0034780792156636764,
                    -0.0031139813713142853,
                    99.99709851398276,
                    0.005600563744893502
                ],
                "Si": [
                    [
                        1.014422122701526,
                        1.0025724535293985,
                        0.8966725387618962,
                        0.791537871422956,
                        0.010003472907735782,
                        0.7790890700806113
                    ],
                    [
                        1.0025724535293985,
                        2.0131182676166666,
                        1.800136780707284,
                        0.6068141594440826,
                        0.009895738149616473,
                        0.6629373109198508
                    ],
                    [
                        0.8966725387618962,
                        1.800136780707284,
                        2.6137543843917515,
                        -0.44148780393422454,
                        0.019793545885578263,
                        0.6604288199790276
                    ],
                    [
                        0.791537871422956,
                        0.6068141594440826,
                        -0.44148780393422454,
                        2.633887746344281,
                        -0.005166403715141531,
                        1.5013438979578826
                    ],
                    [
                        0.010003472907735782,
                        0.009895738149616473,
                        0.019793545885578263,
                        -0.005166403715141531,
                        0.9997444897236567,
                        0.014520398369203394
                    ],
                    [
                        0.7790890700806113,
                        0.6629373109198508,
                        0.6604288199790276,
                        1.5013438979578826,
                        0.014520398369203394,
                        2.473871507205146
                    ]
                ]
            },
            "est_tgt": [
                4
            ],
            "oracle_est_tgt": [
                4
            ]
        },
        "obs": {
            "intv_type": "obs",
            "noise_type": "gaussian",
            "obs_noise_gamma_shape": null,
            "true_params": {
                "Si": [
                    [
                        1.0,
                        0.983331802931466,
                        0.882606334403256,
                        0.7764023026830305,
                        0.14206230230760514,
                        0.7744703722522625
                    ],
                    [
                        0.983331802931466,
                        1.9669414346564476,
                        1.7654620388078741,
                        0.5904189053909785,
                        1.1901186147478757,
                        0.6579697294732213
                    ],
                    [
                        0.882606334403256,
                        1.7654620388078741,
                        2.5846207495324105,
                        -0.4474469723946968,
                        2.9769352131621742,
                        0.6694939510340934
                    ],
                    [
                        0.7764023026830305,
                        0.5904189053909785,
                        -0.4474469723946968,
                        2.5880306352915032,
                        -2.878181221834143,
                        1.467899440401975
                    ],
                    [
                        0.14206230230760514,
                        1.1901186147478757,
                        2.9769352131621742,
                        -2.878181221834143,
                        6.6525590595637984,
                        -0.7194766346931513
                    ],
                    [
                        0.7744703722522625,
                        0.6579697294732213,
                        0.6694939510340934,
                        1.467899440401975,
                        -0.7194766346931513,
                        2.473889251972905
                    ]
                ],
                "mui": [
                    0.0,
                    0.0,
                    0.0,
                    0.0,
                    0.0,
                    0.0
                ],
                "Ai": [
                    [
                        0.0,
                        0.0,
                        0.0,
                        0.0,
                        0.0,
                        0.0
                    ],
                    [
                        0.983331802931466,
                        0.0,
                        0.0,
                        0.0,
                        0.0,
                        0.0
                    ],
                    [
                        0.0,
                        0.8975671607203879,
                        0.0,
                        0.0,
                        0.0,
                        0.0
                    ],
                    [
                        0.9465601723869959,
                        0.7042288360139223,
                        -0.9773875929421167,
                        0.0,
                        0.0,
                        0.0
                    ],
                    [
                        -0.0,
                        -0.0,
                        0.9888574062256732,
                        -0.941148043641317,
                        0.0,
                        0.0
                    ],
                    [
                        0.0,
                        -0.8264117695530173,
                        0.9837975821289244,
                        0.9258104559054505,
                        0.0,
                        0.0
                    ]
                ]
            },
            "est_params": {
                "mui": [
                    0.010092424453743814,
                    0.015211223197144382,
                    0.02136728495045775,
                    -0.005185722974236931,
                    0.029967954098065488,
                    0.008815695281222872
                ],
                "Si": [
                    [
                        1.0098115563520056,
                        0.9972254380242591,
                        0.8923370920357567,
                        0.7833498689611207,
                        0.15154648199553789,
                        0.7770664903798723
                    ],
                    [
                        0.9972254380242591,
                        1.9710314498549029,
                        1.7695714261034432,
                        0.5999324457500534,
                        1.1973788176619111,
                        0.6767323118050895
                    ],
                    [
                        0.8923370920357567,
                        1.7695714261034432,
                        2.603104594076097,
                        -0.4503553646700665,
                        3.014980314852238,
                        0.6788594669206337
                    ],
                    [
                        0.7833498689611207,
                        0.5999324457500534,
                        -0.4503553646700665,
                        2.6048978982103463,
                        -2.903099848019552,
                        1.481239067069636
                    ],
                    [
                        0.15154648199553789,
                        1.1973788176619111,
                        3.014980314852238,
                        -2.903099848019552,
                        6.750457771938653,
                        -0.7238710438884353
                    ],
                    [
                        0.7770664903798723,
                        0.6767323118050895,
                        0.6788594669206337,
                        1.481239067069636,
                        -0.7238710438884353,
                        2.472151773319702
                    ]
                ]
            },
            "est_tgt": [
                0,
                1,
                2,
                3,
                4,
                5
            ],
            "oracle_est_tgt": [
                0,
                1,
                2,
                3,
                4,
                5
            ]
        }
    },
    "metric_dict": {
        "param_est_rel_err": 2.4581716084167002,
        "est_num_comp": 4,
        "weight_precision_error": 0.0,
        "gm_score_dict": {
            "1": -19.56688843915031,
            "2": -13.33718104583032,
            "3": -11.523075363112545,
            "4": -9.913139766215822,
            "5": -9.914805386191894,
            "6": -9.915484964628574,
            "7": -9.915721666701655
        },
        "est_dag": {
            "amat": [
                [
                    0,
                    0,
                    0,
                    1,
                    0,
                    0
                ],
                [
                    1,
                    0,
                    1,
                    1,
                    0,
                    1
                ],
                [
                    0,
                    0,
                    0,
                    1,
                    1,
                    1
                ],
                [
                    0,
                    0,
                    0,
                    0,
                    1,
                    1
                ],
                [
                    0,
                    0,
                    0,
                    0,
                    0,
                    0
                ],
                [
                    0,
                    0,
                    0,
                    0,
                    0,
                    0
                ]
            ],
            "nodes": [
                0,
                1,
                2,
                3,
                4,
                5
            ]
        },
        "oracle_est_dag": {
            "amat": [
                [
                    0,
                    0,
                    0,
                    1,
                    0,
                    0
                ],
                [
                    1,
                    0,
                    1,
                    1,
                    0,
                    1
                ],
                [
                    0,
                    0,
                    0,
                    1,
                    1,
                    1
                ],
                [
                    0,
                    0,
                    0,
                    0,
                    1,
                    1
                ],
                [
                    0,
                    0,
                    0,
                    0,
                    0,
                    0
                ],
                [
                    0,
                    0,
                    0,
                    0,
                    0,
                    0
                ]
            ],
            "nodes": [
                0,
                1,
                2,
                3,
                4,
                5
            ]
        },
        "igsp_dag": null,
        "intv_base_est_dag": null,
        "act_dag": {
            "amat": [
                [
                    0,
                    1,
                    0,
                    1,
                    0,
                    0
                ],
                [
                    0,
                    0,
                    1,
                    1,
                    0,
                    1
                ],
                [
                    0,
                    0,
                    0,
                    1,
                    1,
                    1
                ],
                [
                    0,
                    0,
                    0,
                    0,
                    1,
                    1
                ],
                [
                    0,
                    0,
                    0,
                    0,
                    0,
                    0
                ],
                [
                    0,
                    0,
                    0,
                    0,
                    0,
                    0
                ]
            ],
            "nodes": [
                0,
                1,
                2,
                3,
                4,
                5
            ]
        },
        "shd": 1,
        "oracle_shd": 1,
        "intv_base_shd": null,
        "igsp_shd": null,
        "avg_js": 0.75,
        "avg_oracle_js": 0.75
    }
}