{
    "expt_args": {
        "save_dir": "all_expt_logs/expt_logs_sim_compsel_backwardbugfixed_cameraready_half_mean_var",
        "exp_name": "30",
        "num_nodes": 6,
        "num_tgt_prior": 7,
        "obs_noise_mean": 0.0,
        "obs_noise_var": 1.0,
        "obs_noise_gamma_shape": null,
        "noise_type": "gaussian",
        "max_edge_strength": 1.0,
        "graph_sparsity_method": "adj_dense_prop",
        "adj_dense_prop": 0.8,
        "num_parents": null,
        "new_noise_mean": 100,
        "mix_samples": 262144,
        "stage2_samples": 262144,
        "gmm_tol": 0.001,
        "intv_type": "hard",
        "new_noise_var": 1.0,
        "dtype": "simulation",
        "cutoff_drop_ratio": 0.07,
        "intv_targets": [
            3,
            1,
            0
        ]
    },
    "intv_args_dict": {
        "3": {
            "intv_type": "hard",
            "inode": 3,
            "new_mui": 100,
            "new_vari": 1.0,
            "noise_type": "gaussian",
            "obs_noise_gamma_shape": null,
            "true_params": {
                "Si": [
                    [
                        1.0,
                        0.983331802931466,
                        0.882606334403256,
                        0.0,
                        0.8727718105563529,
                        0.055669002439244386
                    ],
                    [
                        0.983331802931466,
                        1.9669414346564476,
                        1.7654620388078741,
                        0.0,
                        1.745790212485443,
                        0.11135373349800237
                    ],
                    [
                        0.882606334403256,
                        1.7654620388078741,
                        2.5846207495324105,
                        0.0,
                        2.5558213704596753,
                        1.0837450365403412
                    ],
                    [
                        0.0,
                        0.0,
                        0.0,
                        1.0,
                        -0.941148043641317,
                        0.9258104559054505
                    ],
                    [
                        0.8727718105563529,
                        1.745790212485443,
                        2.5558213704596753,
                        -0.941148043641317,
                        4.413102531218778,
                        0.20034460648513863
                    ],
                    [
                        0.055669002439244386,
                        0.11135373349800237,
                        1.0837450365403412,
                        0.9258104559054505,
                        0.20034460648513863,
                        2.8312867109100495
                    ]
                ],
                "mui": [
                    0.0,
                    0.0,
                    0.0,
                    100.0,
                    -94.1148043641317,
                    92.58104559054505
                ],
                "Ai": [
                    [
                        0.0,
                        0.0,
                        0.0,
                        0.0,
                        0.0,
                        0.0
                    ],
                    [
                        0.983331802931466,
                        0.0,
                        0.0,
                        0.0,
                        0.0,
                        0.0
                    ],
                    [
                        0.0,
                        0.8975671607203879,
                        0.0,
                        0.0,
                        0.0,
                        0.0
                    ],
                    [
                        0.0,
                        0.0,
                        0.0,
                        0.0,
                        0.0,
                        0.0
                    ],
                    [
                        -0.0,
                        -0.0,
                        0.9888574062256732,
                        -0.941148043641317,
                        0.0,
                        0.0
                    ],
                    [
                        0.0,
                        -0.8264117695530173,
                        0.9837975821289244,
                        0.9258104559054505,
                        0.0,
                        0.0
                    ]
                ]
            },
            "est_params": {
                "mui": [
                    0.00898833273083502,
                    0.009200840774101585,
                    0.010623015309529674,
                    100.00195126405998,
                    -94.11186625414275,
                    92.5931367850434
                ],
                "Si": [
                    [
                        1.0079698474129428,
                        0.9896625837069615,
                        0.8815423349462584,
                        0.00036689246715074545,
                        0.8832497334349302,
                        0.051355053971510536
                    ],
                    [
                        0.9896625837069615,
                        1.9660147268984256,
                        1.7575038186370924,
                        0.003913953828585373,
                        1.7470608853807357,
                        0.1089487964372588
                    ],
                    [
                        0.8815423349462584,
                        1.7575038186370924,
                        2.586755812333805,
                        0.004259730424434201,
                        2.5603882694967237,
                        1.107912908855418
                    ],
                    [
                        0.00036689246715074545,
                        0.003913953828585373,
                        0.004259730424434201,
                        1.002962242957823,
                        -0.9401527780741727,
                        0.9242949183406359
                    ],
                    [
                        0.8832497334349302,
                        1.7470608853807357,
                        2.5603882694967237,
                        -0.9401527780741727,
                        4.411592868833186,
                        0.2199911074384924
                    ],
                    [
                        0.051355053971510536,
                        0.1089487964372588,
                        1.107912908855418,
                        0.9242949183406359,
                        0.2199911074384924,
                        2.8662439904138246
                    ]
                ]
            },
            "est_tgt": [
                3
            ],
            "oracle_est_tgt": [
                3
            ]
        },
        "1": {
            "intv_type": "hard",
            "inode": 1,
            "new_mui": 100,
            "new_vari": 1.0,
            "noise_type": "gaussian",
            "obs_noise_gamma_shape": null,
            "true_params": {
                "Si": [
                    [
                        1.0,
                        0.0,
                        0.0,
                        0.9465601723869959,
                        -0.8908532544308089,
                        0.8763353047395465
                    ],
                    [
                        0.0,
                        1.0,
                        0.8975671607203879,
                        -0.17304217070646766,
                        1.0504242348911434,
                        -0.10359161799059961
                    ],
                    [
                        0.0,
                        0.8975671607203879,
                        1.8056268080036586,
                        -1.1327045627880137,
                        2.8515501252655717,
                        -0.014058505323401124
                    ],
                    [
                        0.9465601723869959,
                        -0.17304217070646766,
                        -1.1327045627880137,
                        2.8812062596292907,
                        -3.8317249305557635,
                        1.6961029571486104
                    ],
                    [
                        -0.8908532544308089,
                        1.0504242348911434,
                        2.8515501252655717,
                        -3.8317249305557635,
                        7.425996882756825,
                        -1.6101858370441753
                    ],
                    [
                        0.8763353047395465,
                        -0.10359161799059961,
                        -0.014058505323401124,
                        1.6961029571486104,
                        -1.6101858370441753,
                        2.642048460809301
                    ]
                ],
                "mui": [
                    0.0,
                    100.0,
                    89.75671607203878,
                    -17.304217070646764,
                    105.04242348911434,
                    -10.359161799059962
                ],
                "Ai": [
                    [
                        0.0,
                        0.0,
                        0.0,
                        0.0,
                        0.0,
                        0.0
                    ],
                    [
                        0.0,
                        0.0,
                        0.0,
                        0.0,
                        0.0,
                        0.0
                    ],
                    [
                        0.0,
                        0.8975671607203879,
                        0.0,
                        0.0,
                        0.0,
                        0.0
                    ],
                    [
                        0.9465601723869959,
                        0.7042288360139223,
                        -0.9773875929421167,
                        0.0,
                        0.0,
                        0.0
                    ],
                    [
                        -0.0,
                        -0.0,
                        0.9888574062256732,
                        -0.941148043641317,
                        0.0,
                        0.0
                    ],
                    [
                        0.0,
                        -0.8264117695530173,
                        0.9837975821289244,
                        0.9258104559054505,
                        0.0,
                        0.0
                    ]
                ]
            },
            "est_params": {
                "mui": [
                    0.00634712023208332,
                    100.00018438588093,
                    89.7635367455998,
                    -17.3072869103621,
                    105.05258570486026,
                    -10.35130712057297
                ],
                "Si": [
                    [
                        1.0121308668304785,
                        0.004672363441318394,
                        0.0012260839544026125,
                        0.9596618525443846,
                        -0.8937566024050031,
                        0.8811843416061502
                    ],
                    [
                        0.004672363441318394,
                        1.0042927713341494,
                        0.9011808540254859,
                        -0.17015554424754595,
                        1.0542561251844333,
                        -0.09478966228377267
                    ],
                    [
                        0.0012260839544026125,
                        0.9011808540254859,
                        1.8179021619238014,
                        -1.1407217455350358,
                        2.882425527605348,
                        -0.016958274059580038
                    ],
                    [
                        0.9596618525443846,
                        -0.17015554424754595,
                        -1.1407217455350358,
                        2.9166770230808674,
                        -3.87730850815707,
                        1.7214427891417334
                    ],
                    [
                        -0.8937566024050031,
                        1.0542561251844333,
                        2.882425527605348,
                        -3.87730850815707,
                        7.521491970816264,
                        -1.6293498127521933
                    ],
                    [
                        0.8811843416061502,
                        -0.09478966228377267,
                        -0.016958274059580038,
                        1.7214427891417334,
                        -1.6293498127521933,
                        2.642035461860408
                    ]
                ]
            },
            "est_tgt": [
                0,
                1
            ],
            "oracle_est_tgt": [
                1
            ]
        },
        "0": {
            "intv_type": "hard",
            "inode": 0,
            "new_mui": 100,
            "new_vari": 1.0,
            "noise_type": "gaussian",
            "obs_noise_gamma_shape": null,
            "true_params": {
                "Si": [
                    [
                        1.0,
                        0.983331802931466,
                        0.882606334403256,
                        0.7764023026830305,
                        0.14206230230760514,
                        0.7744703722522625
                    ],
                    [
                        0.983331802931466,
                        1.9669414346564476,
                        1.7654620388078741,
                        0.5904189053909785,
                        1.1901186147478757,
                        0.6579697294732213
                    ],
                    [
                        0.882606334403256,
                        1.7654620388078741,
                        2.5846207495324105,
                        -0.4474469723946968,
                        2.9769352131621742,
                        0.6694939510340934
                    ],
                    [
                        0.7764023026830305,
                        0.5904189053909785,
                        -0.4474469723946968,
                        2.5880306352915032,
                        -2.878181221834143,
                        1.467899440401975
                    ],
                    [
                        0.14206230230760514,
                        1.1901186147478757,
                        2.9769352131621742,
                        -2.878181221834143,
                        6.6525590595637984,
                        -0.7194766346931513
                    ],
                    [
                        0.7744703722522625,
                        0.6579697294732213,
                        0.6694939510340934,
                        1.467899440401975,
                        -0.7194766346931513,
                        2.473889251972905
                    ]
                ],
                "mui": [
                    100.0,
                    98.33318029314661,
                    88.26063344032559,
                    77.64023026830304,
                    14.206230230760514,
                    77.44703722522624
                ],
                "Ai": [
                    [
                        0.0,
                        0.0,
                        0.0,
                        0.0,
                        0.0,
                        0.0
                    ],
                    [
                        0.983331802931466,
                        0.0,
                        0.0,
                        0.0,
                        0.0,
                        0.0
                    ],
                    [
                        0.0,
                        0.8975671607203879,
                        0.0,
                        0.0,
                        0.0,
                        0.0
                    ],
                    [
                        0.9465601723869959,
                        0.7042288360139223,
                        -0.9773875929421167,
                        0.0,
                        0.0,
                        0.0
                    ],
                    [
                        -0.0,
                        -0.0,
                        0.9888574062256732,
                        -0.941148043641317,
                        0.0,
                        0.0
                    ],
                    [
                        0.0,
                        -0.8264117695530173,
                        0.9837975821289244,
                        0.9258104559054505,
                        0.0,
                        0.0
                    ]
                ]
            },
            "est_params": {
                "mui": [
                    99.99438922778151,
                    98.33284824635422,
                    88.25769603572188,
                    77.6379382586162,
                    14.209628594113688,
                    77.45407078786656
                ],
                "Si": [
                    [
                        0.9969258116912952,
                        0.9788670053794623,
                        0.8773040915811035,
                        0.768826235703444,
                        0.14246512289480756,
                        0.7552054352804356
                    ],
                    [
                        0.9788670053794623,
                        1.9602301090647576,
                        1.7567726614473065,
                        0.5855196906435289,
                        1.190392121681957,
                        0.6447638481967233
                    ],
                    [
                        0.8773040915811035,
                        1.7567726614473065,
                        2.56766668967633,
                        -0.4454763051333239,
                        2.9581686858629146,
                        0.6549116074910406
                    ],
                    [
                        0.768826235703444,
                        0.5855196906435289,
                        -0.4454763051333239,
                        2.5659067480199,
                        -2.8547842243101664,
                        1.4401782349561423
                    ],
                    [
                        0.14246512289480756,
                        1.190392121681957,
                        2.9581686858629146,
                        -2.8547842243101664,
                        6.607921060845353,
                        -0.7072447560075632
                    ],
                    [
                        0.7552054352804356,
                        0.6447638481967233,
                        0.6549116074910406,
                        1.4401782349561423,
                        -0.7072447560075632,
                        2.4256187282241184
                    ]
                ]
            },
            "est_tgt": [
                0
            ],
            "oracle_est_tgt": [
                0
            ]
        },
        "obs": {
            "intv_type": "obs",
            "noise_type": "gaussian",
            "obs_noise_gamma_shape": null,
            "true_params": {
                "Si": [
                    [
                        1.0,
                        0.983331802931466,
                        0.882606334403256,
                        0.7764023026830305,
                        0.14206230230760514,
                        0.7744703722522625
                    ],
                    [
                        0.983331802931466,
                        1.9669414346564476,
                        1.7654620388078741,
                        0.5904189053909785,
                        1.1901186147478757,
                        0.6579697294732213
                    ],
                    [
                        0.882606334403256,
                        1.7654620388078741,
                        2.5846207495324105,
                        -0.4474469723946968,
                        2.9769352131621742,
                        0.6694939510340934
                    ],
                    [
                        0.7764023026830305,
                        0.5904189053909785,
                        -0.4474469723946968,
                        2.5880306352915032,
                        -2.878181221834143,
                        1.467899440401975
                    ],
                    [
                        0.14206230230760514,
                        1.1901186147478757,
                        2.9769352131621742,
                        -2.878181221834143,
                        6.6525590595637984,
                        -0.7194766346931513
                    ],
                    [
                        0.7744703722522625,
                        0.6579697294732213,
                        0.6694939510340934,
                        1.467899440401975,
                        -0.7194766346931513,
                        2.473889251972905
                    ]
                ],
                "mui": [
                    0.0,
                    0.0,
                    0.0,
                    0.0,
                    0.0,
                    0.0
                ],
                "Ai": [
                    [
                        0.0,
                        0.0,
                        0.0,
                        0.0,
                        0.0,
                        0.0
                    ],
                    [
                        0.983331802931466,
                        0.0,
                        0.0,
                        0.0,
                        0.0,
                        0.0
                    ],
                    [
                        0.0,
                        0.8975671607203879,
                        0.0,
                        0.0,
                        0.0,
                        0.0
                    ],
                    [
                        0.9465601723869959,
                        0.7042288360139223,
                        -0.9773875929421167,
                        0.0,
                        0.0,
                        0.0
                    ],
                    [
                        -0.0,
                        -0.0,
                        0.9888574062256732,
                        -0.941148043641317,
                        0.0,
                        0.0
                    ],
                    [
                        0.0,
                        -0.8264117695530173,
                        0.9837975821289244,
                        0.9258104559054505,
                        0.0,
                        0.0
                    ]
                ]
            },
            "est_params": {
                "mui": [
                    -0.005848421877844474,
                    -0.006547169271527259,
                    -0.0005027754808711947,
                    -0.0019424535748591486,
                    0.0026368365011568847,
                    -0.0010474426010045862
                ],
                "Si": [
                    [
                        0.9910437813763496,
                        0.9749073933678991,
                        0.8758741170139193,
                        0.7728963364767597,
                        0.13579134454636255,
                        0.7707010474541662
                    ],
                    [
                        0.9749073933678991,
                        1.9502528450948817,
                        1.7547561911036489,
                        0.5890977430568661,
                        1.1777127850686797,
                        0.6526475843353584
                    ],
                    [
                        0.8758741170139193,
                        1.7547561911036489,
                        2.5834361201922365,
                        -0.45701789529945813,
                        2.9782069055032214,
                        0.6589646719332971
                    ],
                    [
                        0.7728963364767597,
                        0.5890977430568661,
                        -0.45701789529945813,
                        2.5919946956515254,
                        -2.8898992731313085,
                        1.4697749808856326
                    ],
                    [
                        0.13579134454636255,
                        1.1777127850686797,
                        2.9782069055032214,
                        -2.8898992731313085,
                        6.656091674689061,
                        -0.7381043356959137
                    ],
                    [
                        0.7707010474541662,
                        0.6526475843353584,
                        0.6589646719332971,
                        1.4697749808856326,
                        -0.7381043356959137,
                        2.469910221756809
                    ]
                ]
            },
            "est_tgt": [
                0,
                1,
                2,
                3,
                4,
                5
            ],
            "oracle_est_tgt": [
                0,
                1,
                2,
                3,
                4,
                5
            ]
        }
    },
    "metric_dict": {
        "param_est_rel_err": 1.6022148293550225,
        "est_num_comp": 4,
        "weight_precision_error": 0.0,
        "gm_score_dict": {
            "1": -19.558251788656186,
            "2": -14.749265510063891,
            "3": -11.51091947795097,
            "4": -9.900694539240435,
            "5": -9.902323558664959,
            "6": -9.903092005170253,
            "7": -9.903376174620908
        },
        "est_dag": {
            "amat": [
                [
                    0,
                    1,
                    0,
                    1,
                    0,
                    0
                ],
                [
                    0,
                    0,
                    1,
                    1,
                    0,
                    1
                ],
                [
                    0,
                    0,
                    0,
                    1,
                    1,
                    1
                ],
                [
                    0,
                    0,
                    0,
                    0,
                    1,
                    1
                ],
                [
                    0,
                    0,
                    0,
                    0,
                    0,
                    0
                ],
                [
                    0,
                    0,
                    0,
                    0,
                    0,
                    0
                ]
            ],
            "nodes": [
                0,
                1,
                2,
                3,
                4,
                5
            ]
        },
        "oracle_est_dag": {
            "amat": [
                [
                    0,
                    1,
                    0,
                    1,
                    0,
                    0
                ],
                [
                    0,
                    0,
                    1,
                    1,
                    0,
                    1
                ],
                [
                    0,
                    0,
                    0,
                    1,
                    1,
                    1
                ],
                [
                    0,
                    0,
                    0,
                    0,
                    1,
                    1
                ],
                [
                    0,
                    0,
                    0,
                    0,
                    0,
                    0
                ],
                [
                    0,
                    0,
                    0,
                    0,
                    0,
                    0
                ]
            ],
            "nodes": [
                0,
                1,
                2,
                3,
                4,
                5
            ]
        },
        "igsp_dag": null,
        "intv_base_est_dag": null,
        "act_dag": {
            "amat": [
                [
                    0,
                    1,
                    0,
                    1,
                    0,
                    0
                ],
                [
                    0,
                    0,
                    1,
                    1,
                    0,
                    1
                ],
                [
                    0,
                    0,
                    0,
                    1,
                    1,
                    1
                ],
                [
                    0,
                    0,
                    0,
                    0,
                    1,
                    1
                ],
                [
                    0,
                    0,
                    0,
                    0,
                    0,
                    0
                ],
                [
                    0,
                    0,
                    0,
                    0,
                    0,
                    0
                ]
            ],
            "nodes": [
                0,
                1,
                2,
                3,
                4,
                5
            ]
        },
        "shd": 0,
        "oracle_shd": 0,
        "intv_base_shd": null,
        "igsp_shd": null,
        "avg_js": 0.625,
        "avg_oracle_js": 0.75
    }
}