{
    "expt_args": {
        "save_dir": "all_expt_logs/expt_logs_sim_compsel_backwardbugfixed_cameraready_half_mean_var",
        "exp_name": "120",
        "num_nodes": 6,
        "num_tgt_prior": 7,
        "obs_noise_mean": 0.0,
        "obs_noise_var": 1.0,
        "obs_noise_gamma_shape": null,
        "noise_type": "gaussian",
        "max_edge_strength": 1.0,
        "graph_sparsity_method": "adj_dense_prop",
        "adj_dense_prop": 0.8,
        "num_parents": null,
        "new_noise_mean": 100,
        "mix_samples": 1048576,
        "stage2_samples": 1048576,
        "gmm_tol": 0.001,
        "intv_type": "hard",
        "new_noise_var": 1.0,
        "dtype": "simulation",
        "cutoff_drop_ratio": 0.07,
        "intv_targets": [
            4,
            5,
            0
        ]
    },
    "intv_args_dict": {
        "4": {
            "intv_type": "hard",
            "inode": 4,
            "new_mui": 100,
            "new_vari": 1.0,
            "noise_type": "gaussian",
            "obs_noise_gamma_shape": null,
            "true_params": {
                "Si": [
                    [
                        1.0,
                        -0.9761543835689996,
                        -1.6378912397930243,
                        0.5328185918117407,
                        0.0,
                        -0.28040220423498813
                    ],
                    [
                        -0.9761543835689996,
                        1.9528773805609738,
                        2.2596611622445053,
                        -0.8935593466404177,
                        0.0,
                        0.6733150862496078
                    ],
                    [
                        -1.6378912397930243,
                        2.2596611622445053,
                        4.119379308707093,
                        -0.4925939867519147,
                        0.0,
                        1.1318840641760652
                    ],
                    [
                        0.5328185918117407,
                        -0.8935593466404177,
                        -0.4925939867519147,
                        1.816346244479916,
                        0.0,
                        0.6091940950500703
                    ],
                    [
                        0.0,
                        0.0,
                        0.0,
                        0.0,
                        1.0,
                        0.5713444622503261
                    ],
                    [
                        -0.28040220423498813,
                        0.6733150862496078,
                        1.1318840641760652,
                        0.6091940950500703,
                        0.5713444622503261,
                        2.156380174988662
                    ]
                ],
                "mui": [
                    0.0,
                    0.0,
                    0.0,
                    0.0,
                    100.0,
                    57.13444622503261
                ],
                "Ai": [
                    [
                        0.0,
                        0.0,
                        0.0,
                        0.0,
                        0.0,
                        0.0
                    ],
                    [
                        -0.9761543835689996,
                        0.0,
                        0.0,
                        0.0,
                        0.0,
                        0.0
                    ],
                    [
                        -0.9928226051051726,
                        0.6608264487112809,
                        0.0,
                        0.0,
                        0.0,
                        0.0
                    ],
                    [
                        0.7906660852922638,
                        -0.787710316926166,
                        0.6268880053722472,
                        0.0,
                        0.0,
                        0.0
                    ],
                    [
                        0.0,
                        0.0,
                        0.0,
                        0.0,
                        0.0,
                        0.0
                    ],
                    [
                        0.0,
                        0.6429783183083859,
                        -0.0,
                        0.6517113048567514,
                        0.5713444622503261,
                        0.0
                    ]
                ]
            },
            "est_params": {
                "mui": [
                    0.0003592931727945638,
                    0.003455455849752398,
                    0.0023097459214700376,
                    0.000901668386925975,
                    100.00376747177123,
                    57.140869116294624
                ],
                "Si": [
                    [
                        1.000318981061935,
                        -0.9764201163205607,
                        -1.6381452216693981,
                        0.5323340379685128,
                        0.005011570735650511,
                        -0.276092849625839
                    ],
                    [
                        -0.9764201163205607,
                        1.949971230917348,
                        2.255319485721814,
                        -0.8930076456248937,
                        -0.005226908670473182,
                        0.6678544218382015
                    ],
                    [
                        -1.6381452216693981,
                        2.255319485721814,
                        4.116025482892401,
                        -0.49033095584858216,
                        -0.010911541720084367,
                        1.1208902664041447
                    ],
                    [
                        0.5323340379685128,
                        -0.8930076456248937,
                        -0.49033095584858216,
                        1.812931433887384,
                        0.0016212014542102279,
                        0.6098477764014191
                    ],
                    [
                        0.005011570735650511,
                        -0.005226908670473182,
                        -0.010911541720084367,
                        0.0016212014542102279,
                        1.0032402255049917,
                        0.5702331136951001
                    ],
                    [
                        -0.276092849625839,
                        0.6678544218382015,
                        1.1208902664041447,
                        0.6098477764014191,
                        0.5702331136951001,
                        2.153058421797319
                    ]
                ]
            },
            "est_tgt": [
                4
            ],
            "oracle_est_tgt": [
                4
            ]
        },
        "5": {
            "intv_type": "hard",
            "inode": 5,
            "new_mui": 100,
            "new_vari": 1.0,
            "noise_type": "gaussian",
            "obs_noise_gamma_shape": null,
            "true_params": {
                "Si": [
                    [
                        1.0,
                        -0.9761543835689996,
                        -1.6378912397930243,
                        0.5328185918117407,
                        1.2895598277273594,
                        0.0
                    ],
                    [
                        -0.9761543835689996,
                        1.9528773805609738,
                        2.2596611622445053,
                        -0.8935593466404177,
                        -1.0080587560877061,
                        0.0
                    ],
                    [
                        -1.6378912397930243,
                        2.2596611622445053,
                        4.119379308707093,
                        -0.4925939867519147,
                        -2.729271253099932,
                        0.0
                    ],
                    [
                        0.5328185918117407,
                        -0.8935593466404177,
                        -0.4925939867519147,
                        1.816346244479916,
                        0.10272209100177146,
                        0.0
                    ],
                    [
                        1.2895598277273594,
                        -1.0080587560877061,
                        -2.729271253099932,
                        0.10272209100177146,
                        3.338640139119861,
                        0.0
                    ],
                    [
                        0.0,
                        0.0,
                        0.0,
                        0.0,
                        0.0,
                        1.0
                    ]
                ],
                "mui": [
                    0.0,
                    0.0,
                    0.0,
                    0.0,
                    0.0,
                    100.0
                ],
                "Ai": [
                    [
                        0.0,
                        0.0,
                        0.0,
                        0.0,
                        0.0,
                        0.0
                    ],
                    [
                        -0.9761543835689996,
                        0.0,
                        0.0,
                        0.0,
                        0.0,
                        0.0
                    ],
                    [
                        -0.9928226051051726,
                        0.6608264487112809,
                        0.0,
                        0.0,
                        0.0,
                        0.0
                    ],
                    [
                        0.7906660852922638,
                        -0.787710316926166,
                        0.6268880053722472,
                        0.0,
                        0.0,
                        0.0
                    ],
                    [
                        0.7571346011263433,
                        0.7680557228791036,
                        -0.7828152176189267,
                        -0.0,
                        0.0,
                        0.0
                    ],
                    [
                        0.0,
                        0.0,
                        0.0,
                        0.0,
                        0.0,
                        0.0
                    ]
                ]
            },
            "est_params": {
                "mui": [
                    -0.0001039656608018028,
                    0.0009333823414879801,
                    -0.002934068981500095,
                    -0.004722728890724848,
                    0.003327557721560343,
                    99.9980921916904
                ],
                "Si": [
                    [
                        1.0000181985042975,
                        -0.9764063338672903,
                        -1.6396878585837629,
                        0.5331886800861295,
                        1.2913193433599754,
                        0.004153200594701997
                    ],
                    [
                        -0.9764063338672903,
                        1.9530085017199612,
                        2.261990553192714,
                        -0.8929732482321453,
                        -1.0097330138213676,
                        -0.0012541280735821512
                    ],
                    [
                        -1.6396878585837629,
                        2.261990553192714,
                        4.12327396350215,
                        -0.4946968958999785,
                        -2.735339691993263,
                        -0.005645115885660573
                    ],
                    [
                        0.5331886800861295,
                        -0.8929732482321453,
                        -0.4946968958999785,
                        1.8193964355341685,
                        0.10147608709183648,
                        -0.0016758384027686
                    ],
                    [
                        1.2913193433599754,
                        -1.0097330138213676,
                        -2.735339691993263,
                        0.10147608709183648,
                        3.3452029046499185,
                        0.00822371675436214
                    ],
                    [
                        0.004153200594701997,
                        -0.0012541280735821512,
                        -0.005645115885660573,
                        -0.0016758384027686,
                        0.00822371675436214,
                        0.9992646496583071
                    ]
                ]
            },
            "est_tgt": [
                5
            ],
            "oracle_est_tgt": [
                5
            ]
        },
        "0": {
            "intv_type": "hard",
            "inode": 0,
            "new_mui": 100,
            "new_vari": 1.0,
            "noise_type": "gaussian",
            "obs_noise_gamma_shape": null,
            "true_params": {
                "Si": [
                    [
                        1.0,
                        -0.9761543835689996,
                        -1.6378912397930243,
                        0.5328185918117407,
                        1.2895598277273594,
                        0.4563806620775232
                    ],
                    [
                        -0.9761543835689996,
                        1.9528773805609738,
                        2.2596611622445053,
                        -0.8935593466404177,
                        -1.0080587560877061,
                        0.09736629833594468
                    ],
                    [
                        -1.6378912397930243,
                        2.2596611622445053,
                        4.119379308707093,
                        -0.4925939867519147,
                        -2.729271253099932,
                        -0.42746995226158885
                    ],
                    [
                        0.5328185918117407,
                        -0.8935593466404177,
                        -0.4925939867519147,
                        1.816346244479916,
                        0.10272209100177146,
                        0.6678837928947065
                    ],
                    [
                        1.2895598277273594,
                        -1.0080587560877061,
                        -2.729271253099932,
                        0.10272209100177146,
                        3.338640139119861,
                        1.3262987791518523
                    ],
                    [
                        0.4563806620775232,
                        0.09736629833594468,
                        -0.42746995226158885,
                        0.6678837928947065,
                        1.3262987791518523,
                        2.255645299681823
                    ]
                ],
                "mui": [
                    100.0,
                    -97.61543835689996,
                    -163.78912397930242,
                    53.28185918117407,
                    128.95598277273595,
                    45.63806620775232
                ],
                "Ai": [
                    [
                        0.0,
                        0.0,
                        0.0,
                        0.0,
                        0.0,
                        0.0
                    ],
                    [
                        -0.9761543835689996,
                        0.0,
                        0.0,
                        0.0,
                        0.0,
                        0.0
                    ],
                    [
                        -0.9928226051051726,
                        0.6608264487112809,
                        0.0,
                        0.0,
                        0.0,
                        0.0
                    ],
                    [
                        0.7906660852922638,
                        -0.787710316926166,
                        0.6268880053722472,
                        0.0,
                        0.0,
                        0.0
                    ],
                    [
                        0.7571346011263433,
                        0.7680557228791036,
                        -0.7828152176189267,
                        -0.0,
                        0.0,
                        0.0
                    ],
                    [
                        0.0,
                        0.6429783183083859,
                        -0.0,
                        0.6517113048567514,
                        0.5713444622503261,
                        0.0
                    ]
                ]
            },
            "est_params": {
                "mui": [
                    99.9991391414393,
                    -97.61321782154879,
                    -163.78611009113484,
                    53.28372952538617,
                    128.9553288334373,
                    45.64062311090767
                ],
                "Si": [
                    [
                        1.0001568623796826,
                        -0.9742249141201439,
                        -1.6393196827779208,
                        0.5296606373504184,
                        1.291011893647439,
                        0.4575733847694779
                    ],
                    [
                        -0.9742249141201439,
                        1.9522556824939195,
                        2.257258560686316,
                        -0.8934573230537954,
                        -1.0059589057540488,
                        0.09996337623351514
                    ],
                    [
                        -1.6393196827779208,
                        2.257258560686316,
                        4.127876498589713,
                        -0.48249680319584104,
                        -2.737619125053019,
                        -0.4268672460141599
                    ],
                    [
                        0.5296606373504184,
                        -0.8934573230537954,
                        -0.48249680319584104,
                        1.8253266033582933,
                        0.09161319517003837,
                        0.6693157532801544
                    ],
                    [
                        1.291011893647439,
                        -1.0059589057540488,
                        -2.737619125053019,
                        0.09161319517003837,
                        3.3429658697925437,
                        1.324367050296324
                    ],
                    [
                        0.4575733847694779,
                        0.09996337623351514,
                        -0.4268672460141599,
                        0.6693157532801544,
                        1.324367050296324,
                        2.2660488989258525
                    ]
                ]
            },
            "est_tgt": [
                0
            ],
            "oracle_est_tgt": [
                0
            ]
        },
        "obs": {
            "intv_type": "obs",
            "noise_type": "gaussian",
            "obs_noise_gamma_shape": null,
            "true_params": {
                "Si": [
                    [
                        1.0,
                        -0.9761543835689996,
                        -1.6378912397930243,
                        0.5328185918117407,
                        1.2895598277273594,
                        0.4563806620775232
                    ],
                    [
                        -0.9761543835689996,
                        1.9528773805609738,
                        2.2596611622445053,
                        -0.8935593466404177,
                        -1.0080587560877061,
                        0.09736629833594468
                    ],
                    [
                        -1.6378912397930243,
                        2.2596611622445053,
                        4.119379308707093,
                        -0.4925939867519147,
                        -2.729271253099932,
                        -0.42746995226158885
                    ],
                    [
                        0.5328185918117407,
                        -0.8935593466404177,
                        -0.4925939867519147,
                        1.816346244479916,
                        0.10272209100177146,
                        0.6678837928947065
                    ],
                    [
                        1.2895598277273594,
                        -1.0080587560877061,
                        -2.729271253099932,
                        0.10272209100177146,
                        3.338640139119861,
                        1.3262987791518523
                    ],
                    [
                        0.4563806620775232,
                        0.09736629833594468,
                        -0.42746995226158885,
                        0.6678837928947065,
                        1.3262987791518523,
                        2.255645299681823
                    ]
                ],
                "mui": [
                    0.0,
                    0.0,
                    0.0,
                    0.0,
                    0.0,
                    0.0
                ],
                "Ai": [
                    [
                        0.0,
                        0.0,
                        0.0,
                        0.0,
                        0.0,
                        0.0
                    ],
                    [
                        -0.9761543835689996,
                        0.0,
                        0.0,
                        0.0,
                        0.0,
                        0.0
                    ],
                    [
                        -0.9928226051051726,
                        0.6608264487112809,
                        0.0,
                        0.0,
                        0.0,
                        0.0
                    ],
                    [
                        0.7906660852922638,
                        -0.787710316926166,
                        0.6268880053722472,
                        0.0,
                        0.0,
                        0.0
                    ],
                    [
                        0.7571346011263433,
                        0.7680557228791036,
                        -0.7828152176189267,
                        -0.0,
                        0.0,
                        0.0
                    ],
                    [
                        0.0,
                        0.6429783183083859,
                        -0.0,
                        0.6517113048567514,
                        0.5713444622503261,
                        0.0
                    ]
                ]
            },
            "est_params": {
                "mui": [
                    -0.001270130065220483,
                    0.001124612368632266,
                    0.001442483867809136,
                    -0.00022797913233929472,
                    0.0008728947954836443,
                    -0.0009676555712157266
                ],
                "Si": [
                    [
                        1.0003472872157728,
                        -0.9753882655924057,
                        -1.6372586782442162,
                        0.5319867516948149,
                        1.2899529189197783,
                        0.457260368453923
                    ],
                    [
                        -0.9753882655924057,
                        1.9516219362774345,
                        2.2586821329944526,
                        -0.8932134756279074,
                        -1.0064553503955336,
                        0.09680823395829569
                    ],
                    [
                        -1.6372586782442162,
                        2.2586821329944526,
                        4.11805455315171,
                        -0.49036683140340276,
                        -2.726686482672502,
                        -0.42565372021300096
                    ],
                    [
                        0.5319867516948149,
                        -0.8932134756279074,
                        -0.49036683140340276,
                        1.8185968232895533,
                        0.10802531089796777,
                        0.6741063770335406
                    ],
                    [
                        1.2899529189197783,
                        -1.0064553503955336,
                        -2.726686482672502,
                        0.10802531089796777,
                        3.336517187227319,
                        1.3283596134968438
                    ],
                    [
                        0.457260368453923,
                        0.09680823395829569,
                        -0.42565372021300096,
                        0.6741063770335406,
                        1.3283596134968438,
                        2.2608220159155707
                    ]
                ]
            },
            "est_tgt": [
                0,
                1,
                2,
                3,
                4,
                5
            ],
            "oracle_est_tgt": [
                0,
                1,
                2,
                3,
                4,
                5
            ]
        }
    },
    "metric_dict": {
        "param_est_rel_err": 0.46400957792720954,
        "est_num_comp": 4,
        "weight_precision_error": 0.0,
        "gm_score_dict": {
            "1": -19.559124184541606,
            "2": -14.750148364486565,
            "3": -11.511371382830667,
            "4": -9.901771834141284,
            "5": -9.903493320585145,
            "6": -9.904261157797196,
            "7": -9.904115367705984
        },
        "est_dag": {
            "amat": [
                [
                    0,
                    1,
                    1,
                    1,
                    1,
                    0
                ],
                [
                    0,
                    0,
                    1,
                    1,
                    1,
                    1
                ],
                [
                    0,
                    0,
                    0,
                    0,
                    1,
                    0
                ],
                [
                    0,
                    0,
                    1,
                    0,
                    1,
                    1
                ],
                [
                    0,
                    0,
                    0,
                    0,
                    0,
                    1
                ],
                [
                    0,
                    0,
                    0,
                    0,
                    0,
                    0
                ]
            ],
            "nodes": [
                0,
                1,
                2,
                3,
                4,
                5
            ]
        },
        "oracle_est_dag": {
            "amat": [
                [
                    0,
                    1,
                    1,
                    1,
                    1,
                    0
                ],
                [
                    0,
                    0,
                    0,
                    0,
                    1,
                    1
                ],
                [
                    0,
                    1,
                    0,
                    0,
                    1,
                    0
                ],
                [
                    0,
                    1,
                    1,
                    0,
                    1,
                    1
                ],
                [
                    0,
                    0,
                    0,
                    0,
                    0,
                    1
                ],
                [
                    0,
                    0,
                    0,
                    0,
                    0,
                    0
                ]
            ],
            "nodes": [
                0,
                1,
                2,
                3,
                4,
                5
            ]
        },
        "igsp_dag": null,
        "intv_base_est_dag": null,
        "act_dag": {
            "amat": [
                [
                    0,
                    1,
                    1,
                    1,
                    1,
                    0
                ],
                [
                    0,
                    0,
                    1,
                    1,
                    1,
                    1
                ],
                [
                    0,
                    0,
                    0,
                    1,
                    1,
                    0
                ],
                [
                    0,
                    0,
                    0,
                    0,
                    0,
                    1
                ],
                [
                    0,
                    0,
                    0,
                    0,
                    0,
                    1
                ],
                [
                    0,
                    0,
                    0,
                    0,
                    0,
                    0
                ]
            ],
            "nodes": [
                0,
                1,
                2,
                3,
                4,
                5
            ]
        },
        "shd": 2,
        "oracle_shd": 4,
        "intv_base_shd": null,
        "igsp_shd": null,
        "avg_js": 0.75,
        "avg_oracle_js": 0.75
    }
}