{
    "expt_args": {
        "save_dir": "all_expt_logs/expt_logs_sim_compsel_backwardbugfixed_cameraready_half_mean_var",
        "exp_name": "173",
        "num_nodes": 6,
        "num_tgt_prior": 7,
        "obs_noise_mean": 0.0,
        "obs_noise_var": 1.0,
        "obs_noise_gamma_shape": null,
        "noise_type": "gaussian",
        "max_edge_strength": 1.0,
        "graph_sparsity_method": "adj_dense_prop",
        "adj_dense_prop": 0.8,
        "num_parents": null,
        "new_noise_mean": 1000,
        "mix_samples": 262144,
        "stage2_samples": 262144,
        "gmm_tol": 0.001,
        "intv_type": "hard",
        "new_noise_var": 1.0,
        "dtype": "simulation",
        "cutoff_drop_ratio": 0.07,
        "intv_targets": [
            3,
            2,
            0
        ]
    },
    "intv_args_dict": {
        "3": {
            "intv_type": "hard",
            "inode": 3,
            "new_mui": 1000,
            "new_vari": 1.0,
            "noise_type": "gaussian",
            "obs_noise_gamma_shape": null,
            "true_params": {
                "Si": [
                    [
                        1.0,
                        0.639772908850907,
                        -0.5171846148519137,
                        0.0,
                        0.12503829375013423,
                        -0.6096790346898957
                    ],
                    [
                        0.639772908850907,
                        1.4093093748995509,
                        -1.1392685063419472,
                        0.0,
                        0.2754377954515326,
                        -0.46960118609815293
                    ],
                    [
                        -0.5171846148519137,
                        -1.1392685063419472,
                        1.9209707624595358,
                        0.0,
                        -1.1385540404668073,
                        -0.941853000857438
                    ],
                    [
                        0.0,
                        0.0,
                        0.0,
                        1.0,
                        -0.5973567600135066,
                        -1.359627184275774
                    ],
                    [
                        0.12503829375013423,
                        0.2754377954515326,
                        -1.1385540404668073,
                        -0.5973567600135066,
                        2.249528003930423,
                        2.743921200621016
                    ],
                    [
                        -0.6096790346898957,
                        -0.46960118609815293,
                        -0.941853000857438,
                        -1.359627184275774,
                        2.743921200621016,
                        5.634190483848091
                    ]
                ],
                "mui": [
                    0.0,
                    0.0,
                    0.0,
                    1000.0,
                    -597.3567600135066,
                    -1359.627184275774
                ],
                "Ai": [
                    [
                        0.0,
                        0.0,
                        0.0,
                        0.0,
                        0.0,
                        0.0
                    ],
                    [
                        0.639772908850907,
                        0.0,
                        0.0,
                        0.0,
                        0.0,
                        0.0
                    ],
                    [
                        0.0,
                        -0.8083878008852023,
                        0.0,
                        0.0,
                        0.0,
                        0.0
                    ],
                    [
                        0.0,
                        0.0,
                        0.0,
                        0.0,
                        0.0,
                        0.0
                    ],
                    [
                        0.0,
                        -0.5449554390342748,
                        -0.9158934867210746,
                        -0.5973567600135066,
                        0.0,
                        0.0
                    ],
                    [
                        -0.5587882624383271,
                        -0.7046553122117716,
                        -0.576677481756735,
                        -0.8738626635863253,
                        0.8131899615205918,
                        0.0
                    ]
                ]
            },
            "est_params": {
                "mui": [
                    -0.0009349185672813836,
                    -0.00040547831543382904,
                    -0.0028109800946492197,
                    1000.0064138951723,
                    -597.3636467017557,
                    -1359.6402048622658
                ],
                "Si": [
                    [
                        1.0003943829249695,
                        0.6429737853073973,
                        -0.5186601190136941,
                        0.00645217455687542,
                        0.1250838328356253,
                        -0.6115700238584028
                    ],
                    [
                        0.6429737853073973,
                        1.4172877301903586,
                        -1.1453210130139129,
                        0.010051216299624122,
                        0.272629831960573,
                        -0.4778815115583117
                    ],
                    [
                        -0.5186601190136941,
                        -1.1453210130139129,
                        1.9202866817287148,
                        -0.009544712026765564,
                        -1.136297420566077,
                        -0.9268017028442016
                    ],
                    [
                        0.00645217455687542,
                        0.010051216299624122,
                        -0.009544712026765564,
                        1.0055441296298204,
                        -0.5985570888918182,
                        -1.3754808794923823
                    ],
                    [
                        0.1250838328356253,
                        0.272629831960573,
                        -1.136297420566077,
                        -0.5985570888918182,
                        2.2502110007842493,
                        2.740593013031701
                    ],
                    [
                        -0.6115700238584028,
                        -0.4778815115583117,
                        -0.9268017028442016,
                        -1.3754808794923823,
                        2.740593013031701,
                        5.64926759291407
                    ]
                ]
            },
            "est_tgt": [
                3
            ],
            "oracle_est_tgt": [
                3
            ]
        },
        "2": {
            "intv_type": "hard",
            "inode": 2,
            "new_mui": 1000,
            "new_vari": 1.0,
            "noise_type": "gaussian",
            "obs_noise_gamma_shape": null,
            "true_params": {
                "Si": [
                    [
                        1.0,
                        0.639772908850907,
                        0.0,
                        -0.055732030245081665,
                        -0.31535582140890434,
                        -1.2173496891490572
                    ],
                    [
                        0.639772908850907,
                        1.4093093748995509,
                        0.0,
                        -0.9424064137300101,
                        -0.20505796721179712,
                        -0.6937922312482412
                    ],
                    [
                        0.0,
                        0.0,
                        1.0,
                        0.0,
                        -0.9158934867210746,
                        -1.3214728709804064
                    ],
                    [
                        -0.055732030245081665,
                        -0.9424064137300101,
                        0.0,
                        1.8253026565220931,
                        -0.57678738000113,
                        -1.3688874585881674
                    ],
                    [
                        -0.31535582140890434,
                        -0.20505796721179712,
                        -0.9158934867210746,
                        -0.57678738000113,
                        2.2951561741016224,
                        3.21931838399395
                    ],
                    [
                        -1.2173496891490572,
                        -0.6937922312482412,
                        -1.3214728709804064,
                        -1.3688874585881674,
                        3.21931838399395,
                        6.74532577986094
                    ]
                ],
                "mui": [
                    0.0,
                    0.0,
                    1000.0,
                    0.0,
                    -915.8934867210746,
                    -1321.4728709804065
                ],
                "Ai": [
                    [
                        0.0,
                        0.0,
                        0.0,
                        0.0,
                        0.0,
                        0.0
                    ],
                    [
                        0.639772908850907,
                        0.0,
                        0.0,
                        0.0,
                        0.0,
                        0.0
                    ],
                    [
                        0.0,
                        0.0,
                        0.0,
                        0.0,
                        0.0,
                        0.0
                    ],
                    [
                        0.5243824199252209,
                        -0.9067505706239475,
                        -0.0,
                        0.0,
                        0.0,
                        0.0
                    ],
                    [
                        0.0,
                        -0.5449554390342748,
                        -0.9158934867210746,
                        -0.5973567600135066,
                        0.0,
                        0.0
                    ],
                    [
                        -0.5587882624383271,
                        -0.7046553122117716,
                        -0.576677481756735,
                        -0.8738626635863253,
                        0.8131899615205918,
                        0.0
                    ]
                ]
            },
            "est_params": {
                "mui": [
                    0.003423045990270234,
                    0.0017761801882785356,
                    999.9998131001341,
                    0.002283988906576886,
                    -915.8939145486848,
                    -1321.4753398098544
                ],
                "Si": [
                    [
                        0.995482572327161,
                        0.6381667451852554,
                        -0.00062471392978588,
                        -0.05350780176542654,
                        -0.31395112887619697,
                        -1.215295199233365
                    ],
                    [
                        0.6381667451852554,
                        1.4100965527127882,
                        0.002544836020081748,
                        -0.9510229640549992,
                        -0.20267828797154644,
                        -0.6894743308532059
                    ],
                    [
                        -0.00062471392978588,
                        0.002544836020081748,
                        0.9984225659261882,
                        -0.000570267829396275,
                        -0.9247241909032586,
                        -1.3295498359993005
                    ],
                    [
                        -0.05350780176542654,
                        -0.9510229640549992,
                        -0.000570267829396275,
                        1.8465435594402548,
                        -0.5810968502056542,
                        -1.3821459269709333
                    ],
                    [
                        -0.31395112887619697,
                        -0.20267828797154644,
                        -0.9247241909032586,
                        -0.5810968502056542,
                        2.318634543297239,
                        3.2427763310217674
                    ],
                    [
                        -1.215295199233365,
                        -0.6894743308532059,
                        -1.3295498359993005,
                        -1.3821459269709333,
                        3.2427763310217674,
                        6.768740990822588
                    ]
                ]
            },
            "est_tgt": [
                2
            ],
            "oracle_est_tgt": [
                2
            ]
        },
        "0": {
            "intv_type": "hard",
            "inode": 0,
            "new_mui": 1000,
            "new_vari": 1.0,
            "noise_type": "gaussian",
            "obs_noise_gamma_shape": null,
            "true_params": {
                "Si": [
                    [
                        1.0,
                        0.639772908850907,
                        -0.5171846148519137,
                        -0.055732030245081665,
                        0.15833019876631096,
                        -0.533904251333803
                    ],
                    [
                        0.639772908850907,
                        1.4093093748995509,
                        -1.1392685063419472,
                        -0.9424064137300101,
                        0.8383906373732395,
                        0.8117201926450108
                    ],
                    [
                        -0.5171846148519137,
                        -1.1392685063419472,
                        1.9209707624595358,
                        0.761829848335313,
                        -1.5936382503499709,
                        -1.9776575724468195
                    ],
                    [
                        -0.055732030245081665,
                        -0.9424064137300101,
                        0.761829848335313,
                        1.8253026565220931,
                        -1.2745423760811472,
                        -2.3756249354664014
                    ],
                    [
                        0.15833019876631096,
                        0.8383906373732395,
                        -1.5936382503499709,
                        -1.2745423760811472,
                        2.7640738600888985,
                        3.6012579315909026
                    ],
                    [
                        -0.533904251333803,
                        0.8117201926450108,
                        -1.9776575724468195,
                        -2.3756249354664014,
                        3.6012579315909026,
                        6.871303804395045
                    ]
                ],
                "mui": [
                    1000.0,
                    639.772908850907,
                    -517.1846148519137,
                    -55.73203024508167,
                    158.33019876631096,
                    -533.904251333803
                ],
                "Ai": [
                    [
                        0.0,
                        0.0,
                        0.0,
                        0.0,
                        0.0,
                        0.0
                    ],
                    [
                        0.639772908850907,
                        0.0,
                        0.0,
                        0.0,
                        0.0,
                        0.0
                    ],
                    [
                        0.0,
                        -0.8083878008852023,
                        0.0,
                        0.0,
                        0.0,
                        0.0
                    ],
                    [
                        0.5243824199252209,
                        -0.9067505706239475,
                        -0.0,
                        0.0,
                        0.0,
                        0.0
                    ],
                    [
                        0.0,
                        -0.5449554390342748,
                        -0.9158934867210746,
                        -0.5973567600135066,
                        0.0,
                        0.0
                    ],
                    [
                        -0.5587882624383271,
                        -0.7046553122117716,
                        -0.576677481756735,
                        -0.8738626635863253,
                        0.8131899615205918,
                        0.0
                    ]
                ]
            },
            "est_params": {
                "mui": [
                    999.9997733669641,
                    639.76791456628,
                    -517.1762581210392,
                    -55.72921376490432,
                    158.3281158374182,
                    -533.9048240409613
                ],
                "Si": [
                    [
                        0.9999530910459233,
                        0.6371024996627362,
                        -0.5226566469388506,
                        -0.05077687040598762,
                        0.15664085089853272,
                        -0.5340587774526371
                    ],
                    [
                        0.6371024996627362,
                        1.4160535306489368,
                        -1.151098539562124,
                        -0.9543426068217736,
                        0.8449617501240578,
                        0.8350132611508312
                    ],
                    [
                        -0.5226566469388506,
                        -1.151098539562124,
                        1.9268501579453055,
                        0.7701443214522095,
                        -1.5945634398372754,
                        -1.9819916695312823
                    ],
                    [
                        -0.05077687040598762,
                        -0.9543426068217736,
                        0.7701443214522095,
                        1.8473513189681738,
                        -1.2921684175043198,
                        -2.4157370239696365
                    ],
                    [
                        0.15664085089853272,
                        0.8449617501240578,
                        -1.5945634398372754,
                        -1.2921684175043198,
                        2.780902212701218,
                        3.6384000502343192
                    ],
                    [
                        -0.5340587774526371,
                        0.8350132611508312,
                        -1.9819916695312823,
                        -2.4157370239696365,
                        3.6384000502343192,
                        6.940334470912034
                    ]
                ]
            },
            "est_tgt": [
                0
            ],
            "oracle_est_tgt": [
                0
            ]
        },
        "obs": {
            "intv_type": "obs",
            "noise_type": "gaussian",
            "obs_noise_gamma_shape": null,
            "true_params": {
                "Si": [
                    [
                        1.0,
                        0.639772908850907,
                        -0.5171846148519137,
                        -0.055732030245081665,
                        0.15833019876631096,
                        -0.533904251333803
                    ],
                    [
                        0.639772908850907,
                        1.4093093748995509,
                        -1.1392685063419472,
                        -0.9424064137300101,
                        0.8383906373732395,
                        0.8117201926450108
                    ],
                    [
                        -0.5171846148519137,
                        -1.1392685063419472,
                        1.9209707624595358,
                        0.761829848335313,
                        -1.5936382503499709,
                        -1.9776575724468195
                    ],
                    [
                        -0.055732030245081665,
                        -0.9424064137300101,
                        0.761829848335313,
                        1.8253026565220931,
                        -1.2745423760811472,
                        -2.3756249354664014
                    ],
                    [
                        0.15833019876631096,
                        0.8383906373732395,
                        -1.5936382503499709,
                        -1.2745423760811472,
                        2.7640738600888985,
                        3.6012579315909026
                    ],
                    [
                        -0.533904251333803,
                        0.8117201926450108,
                        -1.9776575724468195,
                        -2.3756249354664014,
                        3.6012579315909026,
                        6.871303804395045
                    ]
                ],
                "mui": [
                    0.0,
                    0.0,
                    0.0,
                    0.0,
                    0.0,
                    0.0
                ],
                "Ai": [
                    [
                        0.0,
                        0.0,
                        0.0,
                        0.0,
                        0.0,
                        0.0
                    ],
                    [
                        0.639772908850907,
                        0.0,
                        0.0,
                        0.0,
                        0.0,
                        0.0
                    ],
                    [
                        0.0,
                        -0.8083878008852023,
                        0.0,
                        0.0,
                        0.0,
                        0.0
                    ],
                    [
                        0.5243824199252209,
                        -0.9067505706239475,
                        -0.0,
                        0.0,
                        0.0,
                        0.0
                    ],
                    [
                        0.0,
                        -0.5449554390342748,
                        -0.9158934867210746,
                        -0.5973567600135066,
                        0.0,
                        0.0
                    ],
                    [
                        -0.5587882624383271,
                        -0.7046553122117716,
                        -0.576677481756735,
                        -0.8738626635863253,
                        0.8131899615205918,
                        0.0
                    ]
                ]
            },
            "est_params": {
                "mui": [
                    -0.001562562008577747,
                    0.0008126939012100456,
                    -0.0024702785793470306,
                    0.0004383864638413942,
                    -0.0010333162363026377,
                    0.004691607923030697
                ],
                "Si": [
                    [
                        0.999240314378645,
                        0.6424641280588421,
                        -0.5162834514855047,
                        -0.05789160398433009,
                        0.15501747393490564,
                        -0.5413539466959212
                    ],
                    [
                        0.6424641280588421,
                        1.4209800470998275,
                        -1.1446003012866455,
                        -0.9487606816171533,
                        0.8329946094946171,
                        0.8055737097679001
                    ],
                    [
                        -0.5162834514855047,
                        -1.1446003012866455,
                        1.92458151764858,
                        0.7687147706551761,
                        -1.5924289072367377,
                        -1.983909432387276
                    ],
                    [
                        -0.05789160398433009,
                        -0.9487606816171533,
                        0.7687147706551761,
                        1.8314973588470098,
                        -1.2727001563629519,
                        -2.383795695221472
                    ],
                    [
                        0.15501747393490564,
                        0.8329946094946171,
                        -1.5924289072367377,
                        -1.2727001563629519,
                        2.763318296418581,
                        3.6127970214584764
                    ],
                    [
                        -0.5413539466959212,
                        0.8055737097679001,
                        -1.983909432387276,
                        -2.383795695221472,
                        3.6127970214584764,
                        6.92258652237984
                    ]
                ]
            },
            "est_tgt": [
                0,
                1,
                2,
                3,
                4,
                5
            ],
            "oracle_est_tgt": [
                0,
                1,
                2,
                3,
                4,
                5
            ]
        }
    },
    "metric_dict": {
        "param_est_rel_err": 1.2201998443912758,
        "est_num_comp": 4,
        "weight_precision_error": 0.0,
        "gm_score_dict": {
            "1": -26.470546420458124,
            "2": -15.607465434289663,
            "3": -12.666716342001354,
            "4": -9.905844103063439,
            "5": -9.90757317396577,
            "6": -9.90826110962004,
            "7": -9.908511696427805
        },
        "est_dag": {
            "amat": [
                [
                    0,
                    1,
                    0,
                    1,
                    1,
                    1
                ],
                [
                    0,
                    0,
                    1,
                    1,
                    0,
                    1
                ],
                [
                    0,
                    0,
                    0,
                    0,
                    1,
                    1
                ],
                [
                    0,
                    0,
                    0,
                    0,
                    1,
                    1
                ],
                [
                    0,
                    0,
                    0,
                    0,
                    0,
                    0
                ],
                [
                    0,
                    0,
                    0,
                    0,
                    1,
                    0
                ]
            ],
            "nodes": [
                0,
                1,
                2,
                3,
                4,
                5
            ]
        },
        "oracle_est_dag": {
            "amat": [
                [
                    0,
                    1,
                    0,
                    1,
                    1,
                    1
                ],
                [
                    0,
                    0,
                    1,
                    1,
                    0,
                    1
                ],
                [
                    0,
                    0,
                    0,
                    0,
                    1,
                    1
                ],
                [
                    0,
                    0,
                    0,
                    0,
                    1,
                    1
                ],
                [
                    0,
                    0,
                    0,
                    0,
                    0,
                    0
                ],
                [
                    0,
                    0,
                    0,
                    0,
                    1,
                    0
                ]
            ],
            "nodes": [
                0,
                1,
                2,
                3,
                4,
                5
            ]
        },
        "igsp_dag": null,
        "intv_base_est_dag": null,
        "act_dag": {
            "amat": [
                [
                    0,
                    1,
                    0,
                    1,
                    0,
                    1
                ],
                [
                    0,
                    0,
                    1,
                    1,
                    1,
                    1
                ],
                [
                    0,
                    0,
                    0,
                    0,
                    1,
                    1
                ],
                [
                    0,
                    0,
                    0,
                    0,
                    1,
                    1
                ],
                [
                    0,
                    0,
                    0,
                    0,
                    0,
                    1
                ],
                [
                    0,
                    0,
                    0,
                    0,
                    0,
                    0
                ]
            ],
            "nodes": [
                0,
                1,
                2,
                3,
                4,
                5
            ]
        },
        "shd": 3,
        "oracle_shd": 3,
        "intv_base_shd": null,
        "igsp_shd": null,
        "avg_js": 0.75,
        "avg_oracle_js": 0.75
    }
}