{
    "expt_args": {
        "save_dir": "all_expt_logs/expt_logs_sim_compsel_backwardbugfixed_cameraready_half_mean_var",
        "exp_name": "50",
        "num_nodes": 6,
        "num_tgt_prior": 7,
        "obs_noise_mean": 0.0,
        "obs_noise_var": 1.0,
        "obs_noise_gamma_shape": null,
        "noise_type": "gaussian",
        "max_edge_strength": 1.0,
        "graph_sparsity_method": "adj_dense_prop",
        "adj_dense_prop": 0.8,
        "num_parents": null,
        "new_noise_mean": 1,
        "mix_samples": 65536,
        "stage2_samples": 65536,
        "gmm_tol": 0.001,
        "intv_type": "hard",
        "new_noise_var": 1.0,
        "dtype": "simulation",
        "cutoff_drop_ratio": 0.07,
        "intv_targets": [
            2,
            5,
            3
        ]
    },
    "intv_args_dict": {
        "2": {
            "intv_type": "hard",
            "inode": 2,
            "new_mui": 1,
            "new_vari": 1.0,
            "noise_type": "gaussian",
            "obs_noise_gamma_shape": null,
            "true_params": {
                "Si": [
                    [
                        1.0,
                        0.983331802931466,
                        0.0,
                        1.6390507833808938,
                        -1.5425894382076963,
                        0.7048133776956994
                    ],
                    [
                        0.983331802931466,
                        1.9669414346564476,
                        0.0,
                        2.3159595979320886,
                        -2.1796608447461163,
                        0.5186360595985252
                    ],
                    [
                        0.0,
                        0.0,
                        1.0,
                        -0.9773875929421167,
                        1.9087238272024423,
                        0.07892192911085243
                    ],
                    [
                        1.6390507833808938,
                        2.3159595979320886,
                        -0.9773875929421167,
                        5.13771223081223,
                        -5.801844774854893,
                        1.881059882439665
                    ],
                    [
                        -1.5425894382076963,
                        -2.1796608447461163,
                        1.9087238272024423,
                        -5.801844774854893,
                        8.347850552333828,
                        -1.6923132942153722
                    ],
                    [
                        0.7048133776956994,
                        0.5186360595985252,
                        0.07892192911085243,
                        1.881059882439665,
                        -1.6923132942153722,
                        2.390541166616305
                    ]
                ],
                "mui": [
                    0.0,
                    0.0,
                    1.0,
                    -0.9773875929421167,
                    1.9087238272024423,
                    0.07892192911085243
                ],
                "Ai": [
                    [
                        0.0,
                        0.0,
                        0.0,
                        0.0,
                        0.0,
                        0.0
                    ],
                    [
                        0.983331802931466,
                        0.0,
                        0.0,
                        0.0,
                        0.0,
                        0.0
                    ],
                    [
                        0.0,
                        0.0,
                        0.0,
                        0.0,
                        0.0,
                        0.0
                    ],
                    [
                        0.9465601723869959,
                        0.7042288360139223,
                        -0.9773875929421167,
                        0.0,
                        0.0,
                        0.0
                    ],
                    [
                        -0.0,
                        -0.0,
                        0.9888574062256732,
                        -0.941148043641317,
                        0.0,
                        0.0
                    ],
                    [
                        0.0,
                        -0.8264117695530173,
                        0.9837975821289244,
                        0.9258104559054505,
                        0.0,
                        0.0
                    ]
                ]
            },
            "oracle_est_tgt": [
                2
            ]
        },
        "5": {
            "intv_type": "hard",
            "inode": 5,
            "new_mui": 1,
            "new_vari": 1.0,
            "noise_type": "gaussian",
            "obs_noise_gamma_shape": null,
            "true_params": {
                "Si": [
                    [
                        1.0,
                        0.983331802931466,
                        0.882606334403256,
                        0.7764023026830305,
                        0.14206230230760514,
                        0.0
                    ],
                    [
                        0.983331802931466,
                        1.9669414346564476,
                        1.7654620388078741,
                        0.5904189053909785,
                        1.1901186147478757,
                        0.0
                    ],
                    [
                        0.882606334403256,
                        1.7654620388078741,
                        2.5846207495324105,
                        -0.4474469723946968,
                        2.9769352131621742,
                        0.0
                    ],
                    [
                        0.7764023026830305,
                        0.5904189053909785,
                        -0.4474469723946968,
                        2.5880306352915032,
                        -2.878181221834143,
                        0.0
                    ],
                    [
                        0.14206230230760514,
                        1.1901186147478757,
                        2.9769352131621742,
                        -2.878181221834143,
                        6.6525590595637984,
                        0.0
                    ],
                    [
                        0.0,
                        0.0,
                        0.0,
                        0.0,
                        0.0,
                        1.0
                    ]
                ],
                "mui": [
                    0.0,
                    0.0,
                    0.0,
                    0.0,
                    0.0,
                    1.0
                ],
                "Ai": [
                    [
                        0.0,
                        0.0,
                        0.0,
                        0.0,
                        0.0,
                        0.0
                    ],
                    [
                        0.983331802931466,
                        0.0,
                        0.0,
                        0.0,
                        0.0,
                        0.0
                    ],
                    [
                        0.0,
                        0.8975671607203879,
                        0.0,
                        0.0,
                        0.0,
                        0.0
                    ],
                    [
                        0.9465601723869959,
                        0.7042288360139223,
                        -0.9773875929421167,
                        0.0,
                        0.0,
                        0.0
                    ],
                    [
                        -0.0,
                        -0.0,
                        0.9888574062256732,
                        -0.941148043641317,
                        0.0,
                        0.0
                    ],
                    [
                        0.0,
                        0.0,
                        0.0,
                        0.0,
                        0.0,
                        0.0
                    ]
                ]
            },
            "oracle_est_tgt": [
                5
            ]
        },
        "3": {
            "intv_type": "hard",
            "inode": 3,
            "new_mui": 1,
            "new_vari": 1.0,
            "noise_type": "gaussian",
            "obs_noise_gamma_shape": null,
            "true_params": {
                "Si": [
                    [
                        1.0,
                        0.983331802931466,
                        0.882606334403256,
                        0.0,
                        0.8727718105563529,
                        0.055669002439244386
                    ],
                    [
                        0.983331802931466,
                        1.9669414346564476,
                        1.7654620388078741,
                        0.0,
                        1.745790212485443,
                        0.11135373349800237
                    ],
                    [
                        0.882606334403256,
                        1.7654620388078741,
                        2.5846207495324105,
                        0.0,
                        2.5558213704596753,
                        1.0837450365403412
                    ],
                    [
                        0.0,
                        0.0,
                        0.0,
                        1.0,
                        -0.941148043641317,
                        0.9258104559054505
                    ],
                    [
                        0.8727718105563529,
                        1.745790212485443,
                        2.5558213704596753,
                        -0.941148043641317,
                        4.413102531218778,
                        0.20034460648513863
                    ],
                    [
                        0.055669002439244386,
                        0.11135373349800237,
                        1.0837450365403412,
                        0.9258104559054505,
                        0.20034460648513863,
                        2.8312867109100495
                    ]
                ],
                "mui": [
                    0.0,
                    0.0,
                    0.0,
                    1.0,
                    -0.941148043641317,
                    0.9258104559054505
                ],
                "Ai": [
                    [
                        0.0,
                        0.0,
                        0.0,
                        0.0,
                        0.0,
                        0.0
                    ],
                    [
                        0.983331802931466,
                        0.0,
                        0.0,
                        0.0,
                        0.0,
                        0.0
                    ],
                    [
                        0.0,
                        0.8975671607203879,
                        0.0,
                        0.0,
                        0.0,
                        0.0
                    ],
                    [
                        0.0,
                        0.0,
                        0.0,
                        0.0,
                        0.0,
                        0.0
                    ],
                    [
                        -0.0,
                        -0.0,
                        0.9888574062256732,
                        -0.941148043641317,
                        0.0,
                        0.0
                    ],
                    [
                        0.0,
                        -0.8264117695530173,
                        0.9837975821289244,
                        0.9258104559054505,
                        0.0,
                        0.0
                    ]
                ]
            },
            "oracle_est_tgt": [
                3
            ]
        },
        "obs": {
            "intv_type": "obs",
            "noise_type": "gaussian",
            "obs_noise_gamma_shape": null,
            "true_params": {
                "Si": [
                    [
                        1.0,
                        0.983331802931466,
                        0.882606334403256,
                        0.7764023026830305,
                        0.14206230230760514,
                        0.7744703722522625
                    ],
                    [
                        0.983331802931466,
                        1.9669414346564476,
                        1.7654620388078741,
                        0.5904189053909785,
                        1.1901186147478757,
                        0.6579697294732213
                    ],
                    [
                        0.882606334403256,
                        1.7654620388078741,
                        2.5846207495324105,
                        -0.4474469723946968,
                        2.9769352131621742,
                        0.6694939510340934
                    ],
                    [
                        0.7764023026830305,
                        0.5904189053909785,
                        -0.4474469723946968,
                        2.5880306352915032,
                        -2.878181221834143,
                        1.467899440401975
                    ],
                    [
                        0.14206230230760514,
                        1.1901186147478757,
                        2.9769352131621742,
                        -2.878181221834143,
                        6.6525590595637984,
                        -0.7194766346931513
                    ],
                    [
                        0.7744703722522625,
                        0.6579697294732213,
                        0.6694939510340934,
                        1.467899440401975,
                        -0.7194766346931513,
                        2.473889251972905
                    ]
                ],
                "mui": [
                    0.0,
                    0.0,
                    0.0,
                    0.0,
                    0.0,
                    0.0
                ],
                "Ai": [
                    [
                        0.0,
                        0.0,
                        0.0,
                        0.0,
                        0.0,
                        0.0
                    ],
                    [
                        0.983331802931466,
                        0.0,
                        0.0,
                        0.0,
                        0.0,
                        0.0
                    ],
                    [
                        0.0,
                        0.8975671607203879,
                        0.0,
                        0.0,
                        0.0,
                        0.0
                    ],
                    [
                        0.9465601723869959,
                        0.7042288360139223,
                        -0.9773875929421167,
                        0.0,
                        0.0,
                        0.0
                    ],
                    [
                        -0.0,
                        -0.0,
                        0.9888574062256732,
                        -0.941148043641317,
                        0.0,
                        0.0
                    ],
                    [
                        0.0,
                        -0.8264117695530173,
                        0.9837975821289244,
                        0.9258104559054505,
                        0.0,
                        0.0
                    ]
                ]
            },
            "est_params": {
                "mui": [
                    0.008988332730835016,
                    0.009200840774101588,
                    0.25500313584929546,
                    0.016527186275608424,
                    0.23087710144145815,
                    0.5125873426887181
                ],
                "Si": [
                    [
                        1.0079698474129428,
                        0.9896625837069615,
                        0.6560797154747081,
                        0.8051938352967809,
                        -0.09716195037048217,
                        0.38089093049095474
                    ],
                    [
                        0.9896625837069615,
                        1.9660147268984256,
                        1.3106372807497928,
                        0.8840968451182908,
                        0.47679119361259076,
                        0.32190163310192293
                    ],
                    [
                        0.6560797154747081,
                        1.3106372807497928,
                        2.3692996854971513,
                        -0.7336487064191443,
                        3.0295381897698905,
                        0.349601119680422
                    ],
                    [
                        0.8051938352967809,
                        0.8840968451182908,
                        -0.7336487064191443,
                        3.356401607944974,
                        -3.8603899735997356,
                        1.276862636470791
                    ],
                    [
                        -0.09716195037048217,
                        0.47679119361259076,
                        3.0295381897698905,
                        -3.8603899735997356,
                        7.590758610447145,
                        -0.8508470914745615
                    ],
                    [
                        0.38089093049095474,
                        0.32190163310192293,
                        0.349601119680422,
                        1.276862636470791,
                        -0.8508470914745615,
                        2.3876574463691322
                    ]
                ]
            },
            "est_tgt": [
                0,
                1,
                2,
                3,
                4,
                5
            ],
            "oracle_est_tgt": [
                0,
                1,
                2,
                3,
                4,
                5
            ]
        }
    },
    "metric_dict": {
        "param_est_rel_err": 12.361532681133204,
        "est_num_comp": 1,
        "weight_precision_error": 0.0,
        "gm_score_dict": {
            "1": -9.109305070153223,
            "2": -9.01431541952925,
            "3": -9.017627513916027,
            "4": -8.960020730761668,
            "5": -8.96534273871514,
            "6": -8.965284548111791,
            "7": -8.968177594722682
        },
        "est_dag": {
            "amat": [
                [
                    0,
                    1,
                    0,
                    1,
                    0,
                    0
                ],
                [
                    0,
                    0,
                    1,
                    1,
                    0,
                    1
                ],
                [
                    0,
                    0,
                    0,
                    1,
                    1,
                    1
                ],
                [
                    0,
                    0,
                    0,
                    0,
                    1,
                    1
                ],
                [
                    0,
                    0,
                    0,
                    0,
                    0,
                    0
                ],
                [
                    0,
                    0,
                    0,
                    0,
                    0,
                    0
                ]
            ],
            "nodes": [
                0,
                1,
                2,
                3,
                4,
                5
            ]
        },
        "oracle_est_dag": {
            "amat": [
                [
                    0,
                    0,
                    0,
                    1,
                    0,
                    0
                ],
                [
                    1,
                    0,
                    1,
                    1,
                    0,
                    1
                ],
                [
                    0,
                    0,
                    0,
                    1,
                    1,
                    1
                ],
                [
                    0,
                    0,
                    0,
                    0,
                    1,
                    1
                ],
                [
                    0,
                    0,
                    0,
                    0,
                    0,
                    0
                ],
                [
                    0,
                    0,
                    0,
                    0,
                    0,
                    0
                ]
            ],
            "nodes": [
                0,
                1,
                2,
                3,
                4,
                5
            ]
        },
        "igsp_dag": null,
        "intv_base_est_dag": null,
        "act_dag": {
            "amat": [
                [
                    0,
                    1,
                    0,
                    1,
                    0,
                    0
                ],
                [
                    0,
                    0,
                    1,
                    1,
                    0,
                    1
                ],
                [
                    0,
                    0,
                    0,
                    1,
                    1,
                    1
                ],
                [
                    0,
                    0,
                    0,
                    0,
                    1,
                    1
                ],
                [
                    0,
                    0,
                    0,
                    0,
                    0,
                    0
                ],
                [
                    0,
                    0,
                    0,
                    0,
                    0,
                    0
                ]
            ],
            "nodes": [
                0,
                1,
                2,
                3,
                4,
                5
            ]
        },
        "shd": 0,
        "oracle_shd": 1,
        "intv_base_shd": null,
        "igsp_shd": null,
        "avg_js": 0.0,
        "avg_oracle_js": 0.75
    }
}