{
    "expt_args": {
        "save_dir": "all_expt_logs/expt_logs_sim_compsel_backwardbugfixed_cameraready_half_mean_var",
        "exp_name": "188",
        "num_nodes": 6,
        "num_tgt_prior": 7,
        "obs_noise_mean": 0.0,
        "obs_noise_var": 1.0,
        "obs_noise_gamma_shape": null,
        "noise_type": "gaussian",
        "max_edge_strength": 1.0,
        "graph_sparsity_method": "adj_dense_prop",
        "adj_dense_prop": 0.8,
        "num_parents": null,
        "new_noise_mean": 10,
        "mix_samples": 2048,
        "stage2_samples": 2048,
        "gmm_tol": 0.001,
        "intv_type": "hard",
        "new_noise_var": 1.0,
        "dtype": "simulation",
        "cutoff_drop_ratio": 0.07,
        "intv_targets": [
            1,
            4,
            0
        ]
    },
    "intv_args_dict": {
        "1": {
            "intv_type": "hard",
            "inode": 1,
            "new_mui": 10,
            "new_vari": 1.0,
            "noise_type": "gaussian",
            "obs_noise_gamma_shape": null,
            "true_params": {
                "Si": [
                    [
                        1.0,
                        0.0,
                        -0.7401494002475333,
                        -0.1600085720587131,
                        0.1590746019254712,
                        1.560739196525931
                    ],
                    [
                        0.0,
                        1.0,
                        -0.8594387506862612,
                        -0.1281996789558904,
                        -0.766766161699126,
                        0.9443866394393019
                    ],
                    [
                        -0.7401494002475333,
                        -0.8594387506862612,
                        2.2864561008679445,
                        -0.3351071672693484,
                        1.035802164946307,
                        -2.0439539060289054
                    ],
                    [
                        -0.1600085720587131,
                        -0.1281996789558904,
                        -0.3351071672693484,
                        1.3598149686753451,
                        0.351818195369589,
                        -0.5551664688642168
                    ],
                    [
                        0.1590746019254712,
                        -0.766766161699126,
                        1.035802164946307,
                        0.351818195369589,
                        2.1689136760373673,
                        -0.1307221637653877
                    ],
                    [
                        1.560739196525931,
                        0.9443866394393019,
                        -2.0439539060289054,
                        -0.5551664688642168,
                        -0.1307221637653877,
                        4.6460986507727196
                    ]
                ],
                "mui": [
                    0.0,
                    10.0,
                    -8.594387506862612,
                    -1.281996789558904,
                    -7.667661616991261,
                    9.44386639439302
                ],
                "Ai": [
                    [
                        0.0,
                        0.0,
                        0.0,
                        0.0,
                        0.0,
                        0.0
                    ],
                    [
                        0.0,
                        0.0,
                        0.0,
                        0.0,
                        0.0,
                        0.0
                    ],
                    [
                        -0.7401494002475333,
                        -0.8594387506862612,
                        0.0,
                        0.0,
                        0.0,
                        0.0
                    ],
                    [
                        -0.5772435105427557,
                        -0.6126800746077137,
                        -0.5637171878332994,
                        0.0,
                        0.0,
                        0.0
                    ],
                    [
                        0.8470808051902841,
                        0.0,
                        0.8089715455844921,
                        0.5577601114419242,
                        0.0,
                        0.0
                    ],
                    [
                        0.9398158454219975,
                        0.7385009808481771,
                        -0.6184347638611026,
                        -0.5125011214295565,
                        0.5103558829555783,
                        0.0
                    ]
                ]
            },
            "oracle_est_tgt": [
                1,
                3
            ]
        },
        "4": {
            "intv_type": "hard",
            "inode": 4,
            "new_mui": 10,
            "new_vari": 1.0,
            "noise_type": "gaussian",
            "obs_noise_gamma_shape": null,
            "true_params": {
                "Si": [
                    [
                        1.0,
                        0.0,
                        -0.7401494002475333,
                        -0.1600085720587131,
                        0.0,
                        1.4795545376044499
                    ],
                    [
                        0.0,
                        1.0,
                        -0.8594387506862612,
                        -0.1281996789558904,
                        0.0,
                        1.335710260913719
                    ],
                    [
                        -0.7401494002475333,
                        -0.8594387506862612,
                        2.2864561008679445,
                        -0.3351071672693484,
                        0.0,
                        -2.5725816344873778
                    ],
                    [
                        -0.1600085720587131,
                        -0.1281996789558904,
                        -0.3351071672693484,
                        1.3598149686753451,
                        0.0,
                        -0.7347189546019016
                    ],
                    [
                        0.0,
                        0.0,
                        0.0,
                        0.0,
                        1.0,
                        0.5103558829555783
                    ],
                    [
                        1.4795545376044499,
                        1.335710260913719,
                        -2.5725816344873778,
                        -0.7347189546019016,
                        0.5103558829555783,
                        5.604913467494439
                    ]
                ],
                "mui": [
                    0.0,
                    0.0,
                    0.0,
                    0.0,
                    10.0,
                    5.103558829555784
                ],
                "Ai": [
                    [
                        0.0,
                        0.0,
                        0.0,
                        0.0,
                        0.0,
                        0.0
                    ],
                    [
                        0.0,
                        0.0,
                        0.0,
                        0.0,
                        0.0,
                        0.0
                    ],
                    [
                        -0.7401494002475333,
                        -0.8594387506862612,
                        0.0,
                        0.0,
                        0.0,
                        0.0
                    ],
                    [
                        -0.5772435105427557,
                        -0.6126800746077137,
                        -0.5637171878332994,
                        0.0,
                        0.0,
                        0.0
                    ],
                    [
                        0.0,
                        0.0,
                        0.0,
                        0.0,
                        0.0,
                        0.0
                    ],
                    [
                        0.9398158454219975,
                        0.7385009808481771,
                        -0.6184347638611026,
                        -0.5125011214295565,
                        0.5103558829555783,
                        0.0
                    ]
                ]
            },
            "est_params": {
                "mui": [
                    0.03698032411394869,
                    0.0017018767840324576,
                    0.00705903447524012,
                    -0.028606538652930214,
                    5.0345310389753175,
                    2.636290437522955
                ],
                "Si": [
                    [
                        0.9229363659514672,
                        -0.021976669520802173,
                        -0.6591908425327783,
                        -0.1681261590521614,
                        0.33920429337548014,
                        1.5125716523340123
                    ],
                    [
                        -0.02197666952080218,
                        0.9828420339401209,
                        -0.8233441595560407,
                        -0.2067987274123152,
                        -0.19566497612481823,
                        1.2602022049198098
                    ],
                    [
                        -0.6591908425327783,
                        -0.8233441595560407,
                        2.17983078587677,
                        -0.2562404356572039,
                        -0.13152736156472086,
                        -2.5614964524362573
                    ],
                    [
                        -0.1681261590521614,
                        -0.2067987274123152,
                        -0.2562404356572039,
                        1.4088709935012371,
                        0.43117730408218297,
                        -0.6313374991868944
                    ],
                    [
                        0.33920429337548014,
                        -0.19566497612481829,
                        -0.13152736156472083,
                        0.43117730408218297,
                        26.659771049345096,
                        13.661316358193972
                    ],
                    [
                        1.5125716523340125,
                        1.2602022049198098,
                        -2.5614964524362573,
                        -0.6313374991868944,
                        13.661316358193972,
                        12.266428784253078
                    ]
                ]
            },
            "est_tgt": [
                0,
                1,
                2,
                4,
                5
            ],
            "oracle_est_tgt": [
                2,
                4,
                5
            ]
        },
        "0": {
            "intv_type": "hard",
            "inode": 0,
            "new_mui": 10,
            "new_vari": 1.0,
            "noise_type": "gaussian",
            "obs_noise_gamma_shape": null,
            "true_params": {
                "Si": [
                    [
                        1.0,
                        0.0,
                        -0.7401494002475333,
                        -0.1600085720587131,
                        0.1590746019254712,
                        1.560739196525931
                    ],
                    [
                        0.0,
                        1.0,
                        -0.8594387506862612,
                        -0.1281996789558904,
                        -0.766766161699126,
                        0.9443866394393019
                    ],
                    [
                        -0.7401494002475333,
                        -0.8594387506862612,
                        2.2864561008679445,
                        -0.3351071672693484,
                        1.035802164946307,
                        -2.0439539060289054
                    ],
                    [
                        -0.1600085720587131,
                        -0.1281996789558904,
                        -0.3351071672693484,
                        1.3598149686753451,
                        0.351818195369589,
                        -0.5551664688642168
                    ],
                    [
                        0.1590746019254712,
                        -0.766766161699126,
                        1.035802164946307,
                        0.351818195369589,
                        2.1689136760373673,
                        -0.1307221637653877
                    ],
                    [
                        1.560739196525931,
                        0.9443866394393019,
                        -2.0439539060289054,
                        -0.5551664688642168,
                        -0.1307221637653877,
                        4.6460986507727196
                    ]
                ],
                "mui": [
                    10.0,
                    0.0,
                    -7.401494002475333,
                    -1.600085720587131,
                    1.590746019254712,
                    15.60739196525931
                ],
                "Ai": [
                    [
                        0.0,
                        0.0,
                        0.0,
                        0.0,
                        0.0,
                        0.0
                    ],
                    [
                        0.0,
                        0.0,
                        0.0,
                        0.0,
                        0.0,
                        0.0
                    ],
                    [
                        -0.7401494002475333,
                        -0.8594387506862612,
                        0.0,
                        0.0,
                        0.0,
                        0.0
                    ],
                    [
                        -0.5772435105427557,
                        -0.6126800746077137,
                        -0.5637171878332994,
                        0.0,
                        0.0,
                        0.0
                    ],
                    [
                        0.8470808051902841,
                        0.0,
                        0.8089715455844921,
                        0.5577601114419242,
                        0.0,
                        0.0
                    ],
                    [
                        0.9398158454219975,
                        0.7385009808481771,
                        -0.6184347638611026,
                        -0.5125011214295565,
                        0.5103558829555783,
                        0.0
                    ]
                ]
            },
            "est_params": {
                "mui": [
                    4.983084207176862,
                    5.0366200044103,
                    -7.914529648190998,
                    -1.4763210357091796,
                    -3.000582917829037,
                    12.540372349924004
                ],
                "Si": [
                    [
                        25.5915469878017,
                        -24.639032005993442,
                        2.4573335175626942,
                        -0.990122383729901,
                        23.090461251905936,
                        16.484560834825373
                    ],
                    [
                        -24.639032005993442,
                        25.77451517908539,
                        -4.132359180559738,
                        0.6606227164627404,
                        -23.859594302602762,
                        -13.957913887806939
                    ],
                    [
                        2.4573335175626942,
                        -4.132359180559739,
                        2.8346472731953773,
                        -0.4128465501836698,
                        4.187253624963248,
                        -0.16012836204540054
                    ],
                    [
                        -0.990122383729901,
                        0.6606227164627404,
                        -0.4128465501836698,
                        1.3987661731470367,
                        -0.4058632547574764,
                        -1.1098563846940148
                    ],
                    [
                        23.090461251905936,
                        -23.859594302602762,
                        4.187253624963248,
                        -0.40586325475747637,
                        23.70915695251327,
                        13.647305531042889
                    ],
                    [
                        16.484560834825373,
                        -13.957913887806939,
                        -0.16012836204540054,
                        -1.1098563846940148,
                        13.647305531042889,
                        13.68534033593583
                    ]
                ]
            },
            "est_tgt": [
                0,
                1,
                3,
                4,
                5
            ],
            "oracle_est_tgt": [
                0
            ]
        },
        "obs": {
            "intv_type": "obs",
            "noise_type": "gaussian",
            "obs_noise_gamma_shape": null,
            "true_params": {
                "Si": [
                    [
                        1.0,
                        0.0,
                        -0.7401494002475333,
                        -0.1600085720587131,
                        0.1590746019254712,
                        1.560739196525931
                    ],
                    [
                        0.0,
                        1.0,
                        -0.8594387506862612,
                        -0.1281996789558904,
                        -0.766766161699126,
                        0.9443866394393019
                    ],
                    [
                        -0.7401494002475333,
                        -0.8594387506862612,
                        2.2864561008679445,
                        -0.3351071672693484,
                        1.035802164946307,
                        -2.0439539060289054
                    ],
                    [
                        -0.1600085720587131,
                        -0.1281996789558904,
                        -0.3351071672693484,
                        1.3598149686753451,
                        0.351818195369589,
                        -0.5551664688642168
                    ],
                    [
                        0.1590746019254712,
                        -0.766766161699126,
                        1.035802164946307,
                        0.351818195369589,
                        2.1689136760373673,
                        -0.1307221637653877
                    ],
                    [
                        1.560739196525931,
                        0.9443866394393019,
                        -2.0439539060289054,
                        -0.5551664688642168,
                        -0.1307221637653877,
                        4.6460986507727196
                    ]
                ],
                "mui": [
                    0.0,
                    0.0,
                    0.0,
                    0.0,
                    0.0,
                    0.0
                ],
                "Ai": [
                    [
                        0.0,
                        0.0,
                        0.0,
                        0.0,
                        0.0,
                        0.0
                    ],
                    [
                        0.0,
                        0.0,
                        0.0,
                        0.0,
                        0.0,
                        0.0
                    ],
                    [
                        -0.7401494002475333,
                        -0.8594387506862612,
                        0.0,
                        0.0,
                        0.0,
                        0.0
                    ],
                    [
                        -0.5772435105427557,
                        -0.6126800746077137,
                        -0.5637171878332994,
                        0.0,
                        0.0,
                        0.0
                    ],
                    [
                        0.8470808051902841,
                        0.0,
                        0.8089715455844921,
                        0.5577601114419242,
                        0.0,
                        0.0
                    ],
                    [
                        0.9398158454219975,
                        0.7385009808481771,
                        -0.6184347638611026,
                        -0.5125011214295565,
                        0.5103558829555783,
                        0.0
                    ]
                ]
            },
            "est_tgt": [
                0,
                1,
                2,
                3,
                4,
                5
            ],
            "oracle_est_tgt": [
                0,
                1,
                2,
                3,
                4,
                5
            ]
        }
    },
    "metric_dict": {
        "param_est_rel_err": 426.0761753564434,
        "est_num_comp": 2,
        "weight_precision_error": 1.697373811909708e-05,
        "gm_score_dict": {
            "1": -12.799028248940285,
            "2": -11.000980682186501,
            "3": -10.370128626986823,
            "4": -9.904507417187506,
            "5": -9.899085481873865,
            "6": -9.890254925476402,
            "7": -9.881416523114916
        },
        "est_dag": {
            "amat": [
                [
                    0,
                    0,
                    1,
                    0,
                    0,
                    0
                ],
                [
                    1,
                    0,
                    1,
                    0,
                    0,
                    0
                ],
                [
                    0,
                    0,
                    0,
                    0,
                    0,
                    0
                ],
                [
                    0,
                    0,
                    1,
                    0,
                    0,
                    0
                ],
                [
                    0,
                    1,
                    1,
                    1,
                    0,
                    0
                ],
                [
                    1,
                    1,
                    1,
                    1,
                    0,
                    0
                ]
            ],
            "nodes": [
                0,
                1,
                2,
                3,
                4,
                5
            ]
        },
        "oracle_est_dag": {
            "amat": [
                [
                    0,
                    0,
                    1,
                    0,
                    0,
                    1
                ],
                [
                    0,
                    0,
                    1,
                    0,
                    1,
                    1
                ],
                [
                    0,
                    0,
                    0,
                    0,
                    0,
                    0
                ],
                [
                    0,
                    0,
                    1,
                    0,
                    0,
                    0
                ],
                [
                    0,
                    0,
                    1,
                    1,
                    0,
                    0
                ],
                [
                    0,
                    0,
                    1,
                    1,
                    1,
                    0
                ]
            ],
            "nodes": [
                0,
                1,
                2,
                3,
                4,
                5
            ]
        },
        "igsp_dag": null,
        "intv_base_est_dag": null,
        "act_dag": {
            "amat": [
                [
                    0,
                    0,
                    1,
                    1,
                    1,
                    1
                ],
                [
                    0,
                    0,
                    1,
                    1,
                    0,
                    1
                ],
                [
                    0,
                    0,
                    0,
                    1,
                    1,
                    1
                ],
                [
                    0,
                    0,
                    0,
                    0,
                    1,
                    1
                ],
                [
                    0,
                    0,
                    0,
                    0,
                    0,
                    1
                ],
                [
                    0,
                    0,
                    0,
                    0,
                    0,
                    0
                ]
            ],
            "nodes": [
                0,
                1,
                2,
                3,
                4,
                5
            ]
        },
        "shd": 13,
        "oracle_shd": 10,
        "intv_base_shd": null,
        "igsp_shd": null,
        "avg_js": 0.13333333333333333,
        "avg_oracle_js": 0.4583333333333333
    }
}