{
    "expt_args": {
        "save_dir": "all_expt_logs/expt_logs_sim_compsel_backwardbugfixed_cameraready_half_mean_var",
        "exp_name": "191",
        "num_nodes": 6,
        "num_tgt_prior": 7,
        "obs_noise_mean": 0.0,
        "obs_noise_var": 1.0,
        "obs_noise_gamma_shape": null,
        "noise_type": "gaussian",
        "max_edge_strength": 1.0,
        "graph_sparsity_method": "adj_dense_prop",
        "adj_dense_prop": 0.8,
        "num_parents": null,
        "new_noise_mean": 10,
        "mix_samples": 16384,
        "stage2_samples": 16384,
        "gmm_tol": 0.001,
        "intv_type": "hard",
        "new_noise_var": 1.0,
        "dtype": "simulation",
        "cutoff_drop_ratio": 0.07,
        "intv_targets": [
            5,
            4,
            2
        ]
    },
    "intv_args_dict": {
        "5": {
            "intv_type": "hard",
            "inode": 5,
            "new_mui": 10,
            "new_vari": 1.0,
            "noise_type": "gaussian",
            "obs_noise_gamma_shape": null,
            "true_params": {
                "Si": [
                    [
                        1.0,
                        0.8535898323854898,
                        1.5157402313388837,
                        1.7191612281838853,
                        -0.7648276362853906,
                        0.0
                    ],
                    [
                        0.8535898323854898,
                        1.7286156019518886,
                        2.2400908970850044,
                        2.8131101118983555,
                        -0.6833033821821303,
                        0.0
                    ],
                    [
                        1.5157402313388837,
                        2.2400908970850044,
                        4.192896207909618,
                        4.684965615835578,
                        -1.2149035949505924,
                        0.0
                    ],
                    [
                        1.7191612281838853,
                        2.8131101118983555,
                        4.684965615835578,
                        6.415628814138197,
                        -2.3425358086360886,
                        0.0
                    ],
                    [
                        -0.7648276362853906,
                        -0.6833033821821303,
                        -1.2149035949505924,
                        -2.3425358086360886,
                        2.5180110988131483,
                        0.0
                    ],
                    [
                        0.0,
                        0.0,
                        0.0,
                        0.0,
                        0.0,
                        1.0
                    ]
                ],
                "mui": [
                    0.0,
                    0.0,
                    0.0,
                    0.0,
                    0.0,
                    10.0
                ],
                "Ai": [
                    [
                        0.0,
                        0.0,
                        0.0,
                        0.0,
                        0.0,
                        0.0
                    ],
                    [
                        0.8535898323854898,
                        0.0,
                        0.0,
                        0.0,
                        0.0,
                        0.0
                    ],
                    [
                        0.7080133990275089,
                        0.9462704470765031,
                        0.0,
                        0.0,
                        0.0,
                        0.0
                    ],
                    [
                        -0.0,
                        0.5831340967296115,
                        0.8058134679313103,
                        0.0,
                        0.0,
                        0.0
                    ],
                    [
                        -0.7198534530869964,
                        0.5576894617124817,
                        0.7508790547024947,
                        -0.9650926290256708,
                        0.0,
                        0.0
                    ],
                    [
                        0.0,
                        0.0,
                        0.0,
                        0.0,
                        0.0,
                        0.0
                    ]
                ]
            },
            "est_params": {
                "mui": [
                    -0.0022386084421529336,
                    -0.004489745966701098,
                    0.01658331284581965,
                    0.021587016469538253,
                    -0.02307783951780493,
                    10.012040568597
                ],
                "Si": [
                    [
                        1.0293550072219009,
                        0.8961209699883699,
                        1.5576924131691594,
                        1.7886130611267044,
                        -0.7829912323097973,
                        0.021309013026460443
                    ],
                    [
                        0.8961209699883699,
                        1.7725929173509085,
                        2.3199712963281414,
                        2.908865378659537,
                        -0.7014027668510223,
                        0.014197330070665017
                    ],
                    [
                        1.5576924131691596,
                        2.319971296328142,
                        4.256241994735303,
                        4.782368809268158,
                        -1.1786297161138672,
                        0.009309099088110378
                    ],
                    [
                        1.7886130611267044,
                        2.908865378659537,
                        4.782368809268158,
                        6.583667843260029,
                        -2.3654827679206387,
                        -0.0007420403050872813
                    ],
                    [
                        -0.7829912323097973,
                        -0.7014027668510224,
                        -1.1786297161138672,
                        -2.3654827679206387,
                        2.57674718588028,
                        -0.003007715022809761
                    ],
                    [
                        0.021309013026460443,
                        0.014197330070665017,
                        0.009309099088110364,
                        -0.0007420403050872804,
                        -0.003007715022809752,
                        1.0216154201177572
                    ]
                ]
            },
            "est_tgt": [
                2,
                4,
                5
            ],
            "oracle_est_tgt": [
                0,
                2,
                4,
                5
            ]
        },
        "4": {
            "intv_type": "hard",
            "inode": 4,
            "new_mui": 10,
            "new_vari": 1.0,
            "noise_type": "gaussian",
            "obs_noise_gamma_shape": null,
            "true_params": {
                "Si": [
                    [
                        1.0,
                        0.8535898323854898,
                        1.5157402313388837,
                        1.7191612281838853,
                        0.0,
                        3.8427915682050195
                    ],
                    [
                        0.8535898323854898,
                        1.7286156019518886,
                        2.2400908970850044,
                        2.8131101118983555,
                        0.0,
                        5.96495726270178
                    ],
                    [
                        1.5157402313388837,
                        2.2400908970850044,
                        4.192896207909618,
                        4.684965615835578,
                        0.0,
                        9.615240735787262
                    ],
                    [
                        1.7191612281838853,
                        2.8131101118983555,
                        4.684965615835578,
                        6.415628814138197,
                        0.0,
                        12.108821112223332
                    ],
                    [
                        0.0,
                        0.0,
                        0.0,
                        0.0,
                        1.0,
                        0.8836018733538157
                    ],
                    [
                        3.8427915682050195,
                        5.96495726270178,
                        9.615240735787262,
                        12.108821112223332,
                        0.8836018733538157,
                        26.09702915271873
                    ]
                ],
                "mui": [
                    0.0,
                    0.0,
                    0.0,
                    0.0,
                    10.0,
                    8.836018733538157
                ],
                "Ai": [
                    [
                        0.0,
                        0.0,
                        0.0,
                        0.0,
                        0.0,
                        0.0
                    ],
                    [
                        0.8535898323854898,
                        0.0,
                        0.0,
                        0.0,
                        0.0,
                        0.0
                    ],
                    [
                        0.7080133990275089,
                        0.9462704470765031,
                        0.0,
                        0.0,
                        0.0,
                        0.0
                    ],
                    [
                        -0.0,
                        0.5831340967296115,
                        0.8058134679313103,
                        0.0,
                        0.0,
                        0.0
                    ],
                    [
                        0.0,
                        0.0,
                        0.0,
                        0.0,
                        0.0,
                        0.0
                    ],
                    [
                        0.6660445722433832,
                        0.9873883781519446,
                        0.5390119330258756,
                        0.8823606645078578,
                        0.8836018733538157,
                        0.0
                    ]
                ]
            },
            "est_params": {
                "mui": [
                    -0.0070000218927657246,
                    -0.009837351935649474,
                    -0.0009170866346307983,
                    0.007006828883927543,
                    10.031838325626538,
                    8.868460881960837
                ],
                "Si": [
                    [
                        1.006061859118984,
                        0.869150315422886,
                        1.5038020119880502,
                        1.6889514115501054,
                        0.01110135406512398,
                        3.8389816258892684
                    ],
                    [
                        0.8691503154228859,
                        1.7200239742899963,
                        2.218499135929196,
                        2.7628612550597014,
                        -0.00036825733714520393,
                        5.914723151837537
                    ],
                    [
                        1.5038020119880502,
                        2.218499135929196,
                        4.108213619365906,
                        4.548019918294685,
                        0.01575497394784362,
                        9.426425306776805
                    ],
                    [
                        1.6889514115501054,
                        2.762861255059702,
                        4.548019918294685,
                        6.19588614456557,
                        0.018016715952896348,
                        11.790820561517743
                    ],
                    [
                        0.01110135406512398,
                        -0.00036825733714520914,
                        0.01575497394784362,
                        0.01801671595289635,
                        0.9947877365501773,
                        0.9042608142873125
                    ],
                    [
                        3.8389816258892684,
                        5.914723151837537,
                        9.426425306776805,
                        11.790820561517743,
                        0.9042608142873125,
                        25.692430209481277
                    ]
                ]
            },
            "est_tgt": [
                2,
                4,
                5
            ],
            "oracle_est_tgt": [
                0,
                2,
                4,
                5
            ]
        },
        "2": {
            "intv_type": "hard",
            "inode": 2,
            "new_mui": 10,
            "new_vari": 1.0,
            "noise_type": "gaussian",
            "obs_noise_gamma_shape": null,
            "true_params": {
                "Si": [
                    [
                        1.0,
                        0.8535898323854898,
                        0.0,
                        0.49775733588569304,
                        -0.7241973348474225,
                        1.3081686243562203
                    ],
                    [
                        0.8535898323854898,
                        1.7286156019518886,
                        0.0,
                        1.0080146976369282,
                        -0.6232564384412388,
                        2.614065792296019
                    ],
                    [
                        0.0,
                        0.0,
                        1.0,
                        0.8058134679313103,
                        -0.026805583567626592,
                        1.2263445762024308
                    ],
                    [
                        0.49775733588569304,
                        1.0080146976369282,
                        0.8058134679313103,
                        2.237143085296167,
                        -1.350135009541569,
                        2.542158879951565
                    ],
                    [
                        -0.7241973348474225,
                        -0.6232564384412388,
                        -0.026805583567626592,
                        -1.350135009541569,
                        2.456609999191248,
                        -0.13283322425749444
                    ],
                    [
                        1.3081686243562203,
                        2.614065792296019,
                        1.2263445762024308,
                        2.542158879951565,
                        -0.13283322425749444,
                        7.239140468244933
                    ]
                ],
                "mui": [
                    0.0,
                    0.0,
                    10.0,
                    8.058134679313103,
                    -0.2680558356762659,
                    12.263445762024308
                ],
                "Ai": [
                    [
                        0.0,
                        0.0,
                        0.0,
                        0.0,
                        0.0,
                        0.0
                    ],
                    [
                        0.8535898323854898,
                        0.0,
                        0.0,
                        0.0,
                        0.0,
                        0.0
                    ],
                    [
                        0.0,
                        0.0,
                        0.0,
                        0.0,
                        0.0,
                        0.0
                    ],
                    [
                        -0.0,
                        0.5831340967296115,
                        0.8058134679313103,
                        0.0,
                        0.0,
                        0.0
                    ],
                    [
                        -0.7198534530869964,
                        0.5576894617124817,
                        0.7508790547024947,
                        -0.9650926290256708,
                        0.0,
                        0.0
                    ],
                    [
                        0.6660445722433832,
                        0.9873883781519446,
                        0.5390119330258756,
                        0.8823606645078578,
                        0.8836018733538157,
                        0.0
                    ]
                ]
            },
            "est_params": {
                "mui": [
                    -0.024074532843315066,
                    -0.015372491596050659,
                    9.967186277898973,
                    7.99821361380207,
                    -0.21751044301921924,
                    12.220335316946404
                ],
                "Si": [
                    [
                        1.0086457982382189,
                        0.8712371025144638,
                        0.01092719571484605,
                        0.5078763066124687,
                        -0.7262514022698136,
                        1.3069225290522928
                    ],
                    [
                        0.8712371025144638,
                        1.7262969242928212,
                        0.0055634281365465,
                        0.9968330488827816,
                        -0.6647309647621956,
                        2.558320294017331
                    ],
                    [
                        0.010927195714846051,
                        0.005563428136546505,
                        0.981357542502974,
                        0.786793587473667,
                        -0.027212432296037387,
                        1.243470843004923
                    ],
                    [
                        0.5078763066124687,
                        0.9968330488827816,
                        0.786793587473667,
                        2.1625459354290864,
                        -1.343301145214108,
                        2.4608285108813144
                    ],
                    [
                        -0.7262514022698136,
                        -0.6647309647621956,
                        -0.027212432296037387,
                        -1.343301145214108,
                        2.403933415619252,
                        -0.17696853314160585
                    ],
                    [
                        1.3069225290522928,
                        2.558320294017331,
                        1.243470843004923,
                        2.4608285108813144,
                        -0.17696853314160588,
                        7.065660559016938
                    ]
                ]
            },
            "est_tgt": [
                0,
                2,
                5
            ],
            "oracle_est_tgt": [
                0,
                2,
                4,
                5
            ]
        },
        "obs": {
            "intv_type": "obs",
            "noise_type": "gaussian",
            "obs_noise_gamma_shape": null,
            "true_params": {
                "Si": [
                    [
                        1.0,
                        0.8535898323854898,
                        1.5157402313388837,
                        1.7191612281838853,
                        -0.7648276362853906,
                        3.1669884359904774
                    ],
                    [
                        0.8535898323854898,
                        1.7286156019518886,
                        2.2400908970850044,
                        2.8131101118983555,
                        -0.6833033821821303,
                        5.361189114136651
                    ],
                    [
                        1.5157402313388837,
                        2.2400908970850044,
                        4.192896207909618,
                        4.684965615835578,
                        -1.2149035949505924,
                        8.541749643344634
                    ],
                    [
                        1.7191612281838853,
                        2.8131101118983555,
                        4.684965615835578,
                        6.415628814138197,
                        -2.3425358086360886,
                        10.03895208331409
                    ],
                    [
                        -0.7648276362853906,
                        -0.6833033821821303,
                        -1.2149035949505924,
                        -2.3425358086360886,
                        2.5180110988131483,
                        -1.6809847780271703
                    ],
                    [
                        3.1669884359904774,
                        5.361189114136651,
                        8.541749643344634,
                        10.03895208331409,
                        -1.6809847780271703,
                        20.37969140145605
                    ]
                ],
                "mui": [
                    0.0,
                    0.0,
                    0.0,
                    0.0,
                    0.0,
                    0.0
                ],
                "Ai": [
                    [
                        0.0,
                        0.0,
                        0.0,
                        0.0,
                        0.0,
                        0.0
                    ],
                    [
                        0.8535898323854898,
                        0.0,
                        0.0,
                        0.0,
                        0.0,
                        0.0
                    ],
                    [
                        0.7080133990275089,
                        0.9462704470765031,
                        0.0,
                        0.0,
                        0.0,
                        0.0
                    ],
                    [
                        -0.0,
                        0.5831340967296115,
                        0.8058134679313103,
                        0.0,
                        0.0,
                        0.0
                    ],
                    [
                        -0.7198534530869964,
                        0.5576894617124817,
                        0.7508790547024947,
                        -0.9650926290256708,
                        0.0,
                        0.0
                    ],
                    [
                        0.6660445722433832,
                        0.9873883781519446,
                        0.5390119330258756,
                        0.8823606645078578,
                        0.8836018733538157,
                        0.0
                    ]
                ]
            },
            "est_params": {
                "mui": [
                    -0.016554433961760075,
                    -0.03825278099362377,
                    -0.016306513806041773,
                    -0.04647755931549746,
                    0.03475396787194289,
                    -0.07045960616434377
                ],
                "Si": [
                    [
                        0.9991597650273228,
                        0.8399815301349367,
                        1.4938216815798302,
                        1.7364344336305202,
                        -0.8004977706907865,
                        3.1455710327191055
                    ],
                    [
                        0.8399815301349367,
                        1.724539170061945,
                        2.2342471622053184,
                        2.835556580452161,
                        -0.7112071295009285,
                        5.361733705992154
                    ],
                    [
                        1.4938216815798302,
                        2.2342471622053184,
                        4.192091550306376,
                        4.742606268556497,
                        -1.276437213445526,
                        8.501714606568603
                    ],
                    [
                        1.7364344336305206,
                        2.835556580452161,
                        4.742606268556497,
                        6.561180588501826,
                        -2.4813689448557845,
                        10.078521239694615
                    ],
                    [
                        -0.8004977706907865,
                        -0.7112071295009285,
                        -1.276437213445526,
                        -2.4813689448557845,
                        2.6185499909674497,
                        -1.7958020156305226
                    ],
                    [
                        3.1455710327191055,
                        5.361733705992154,
                        8.501714606568603,
                        10.078521239694615,
                        -1.7958020156305228,
                        20.313504002585223
                    ]
                ]
            },
            "est_tgt": [
                0,
                1,
                2,
                3,
                4,
                5
            ],
            "oracle_est_tgt": [
                0,
                1,
                2,
                3,
                4,
                5
            ]
        }
    },
    "metric_dict": {
        "param_est_rel_err": 7.196308636037363,
        "est_num_comp": 4,
        "weight_precision_error": 0.002850131984799137,
        "gm_score_dict": {
            "1": -12.894734015802431,
            "2": -11.416575403226528,
            "3": -10.949778105333804,
            "4": -9.87589887257103,
            "5": -9.875769021184048,
            "6": -9.875857173940751,
            "7": -9.876273153991992
        },
        "est_dag": {
            "amat": [
                [
                    0,
                    0,
                    0,
                    0,
                    1,
                    0
                ],
                [
                    1,
                    0,
                    0,
                    1,
                    1,
                    1
                ],
                [
                    1,
                    0,
                    0,
                    1,
                    1,
                    0
                ],
                [
                    0,
                    0,
                    0,
                    0,
                    1,
                    0
                ],
                [
                    0,
                    0,
                    0,
                    0,
                    0,
                    0
                ],
                [
                    0,
                    0,
                    1,
                    0,
                    1,
                    0
                ]
            ],
            "nodes": [
                0,
                1,
                2,
                3,
                4,
                5
            ]
        },
        "oracle_est_dag": {
            "amat": [
                [
                    0,
                    0,
                    0,
                    0,
                    0,
                    0
                ],
                [
                    1,
                    0,
                    0,
                    1,
                    1,
                    1
                ],
                [
                    1,
                    0,
                    0,
                    1,
                    0,
                    0
                ],
                [
                    1,
                    0,
                    0,
                    0,
                    1,
                    0
                ],
                [
                    1,
                    0,
                    0,
                    0,
                    0,
                    0
                ],
                [
                    1,
                    0,
                    1,
                    0,
                    1,
                    0
                ]
            ],
            "nodes": [
                0,
                1,
                2,
                3,
                4,
                5
            ]
        },
        "igsp_dag": null,
        "intv_base_est_dag": null,
        "act_dag": {
            "amat": [
                [
                    0,
                    1,
                    1,
                    0,
                    1,
                    1
                ],
                [
                    0,
                    0,
                    1,
                    1,
                    1,
                    1
                ],
                [
                    0,
                    0,
                    0,
                    1,
                    1,
                    1
                ],
                [
                    0,
                    0,
                    0,
                    0,
                    1,
                    1
                ],
                [
                    0,
                    0,
                    0,
                    0,
                    0,
                    1
                ],
                [
                    0,
                    0,
                    0,
                    0,
                    0,
                    0
                ]
            ],
            "nodes": [
                0,
                1,
                2,
                3,
                4,
                5
            ]
        },
        "shd": 7,
        "oracle_shd": 10,
        "intv_base_shd": null,
        "igsp_shd": null,
        "avg_js": 0.25,
        "avg_oracle_js": 0.1875
    }
}