{
    "expt_args": {
        "save_dir": "all_expt_logs/expt_logs_11.05.24-sparsity_n6-corr",
        "exp_name": "172",
        "num_nodes": 6,
        "obs_noise_mean": 0.0,
        "obs_noise_var": 1.0,
        "max_edge_strength": 1.0,
        "graph_sparsity_method": "adj_dense_prop",
        "adj_dense_prop": 0.9,
        "num_parents": null,
        "new_noise_mean": 1.0,
        "mix_samples": 16384,
        "stage2_samples": 16384,
        "gmm_tol": 0.001,
        "intv_type": "do",
        "new_noise_var": null,
        "intv_targets": [
            0,
            1,
            2,
            3,
            4,
            5
        ]
    },
    "intv_args_dict": {
        "0": {
            "intv_type": "do",
            "inode": 0,
            "new_mui": 1.0,
            "new_vari": null,
            "true_params": {
                "Si": [
                    [
                        1e-09,
                        -9.870324432484214e-10,
                        -1.3062126680688347e-09,
                        1.4277673909813372e-09,
                        1.7874305245443966e-09,
                        4.337676176100977e-09
                    ],
                    [
                        -9.870324432484214e-10,
                        1.0000000009742331,
                        0.5237163917360341,
                        -0.9382356982158204,
                        -1.5234810394215539,
                        -2.9520652661456523
                    ],
                    [
                        -1.3062126680688347e-09,
                        0.5237163917360341,
                        1.2742788593287746,
                        -1.1270037751048365,
                        -1.8160765115517747,
                        -2.9445047125851924
                    ],
                    [
                        1.4277673909813372e-09,
                        -0.9382356982158204,
                        -1.1270037751048365,
                        2.2843172653285895,
                        2.8452762239607585,
                        5.103383776267028
                    ],
                    [
                        1.7874305245443966e-09,
                        -1.5234810394215539,
                        -1.8160765115517747,
                        2.8452762239607585,
                        4.948613315215775,
                        7.9384785644819
                    ],
                    [
                        4.337676176100977e-09,
                        -2.9520652661456523,
                        -2.9445047125851924,
                        5.103383776267028,
                        7.9384785644819,
                        14.579566871812265
                    ]
                ],
                "mui": [
                    1.0,
                    -0.9870324432484212,
                    -1.3062126680688346,
                    1.427767390981337,
                    1.7874305245443964,
                    4.3376761761009766
                ],
                "Ai": [
                    [
                        0.0,
                        0.0,
                        0.0,
                        0.0,
                        0.0,
                        0.0
                    ],
                    [
                        -0.9870324432484212,
                        0.0,
                        0.0,
                        0.0,
                        0.0,
                        0.0
                    ],
                    [
                        -0.7892875996369251,
                        0.5237163904467599,
                        0.0,
                        0.0,
                        0.0,
                        0.0
                    ],
                    [
                        0.0,
                        -0.6053435637663386,
                        -0.6356343607200323,
                        0.0,
                        0.0,
                        0.0
                    ],
                    [
                        -0.5199508872441488,
                        -0.5249114287628422,
                        -0.5296011898462116,
                        0.7686861497879902,
                        0.0,
                        0.0
                    ],
                    [
                        0.7914884439501061,
                        -0.869223307095025,
                        -0.0,
                        0.7478568716586287,
                        0.9065921449215136,
                        0.0
                    ]
                ]
            },
            "est_params": {
                "mui": [
                    0.9999994887197019,
                    -1.027185644443868,
                    -1.3294358122290815,
                    1.4638178449295562,
                    1.8434334160098231,
                    4.439919336203447
                ],
                "Si": [
                    [
                        1.0141693099852225e-06,
                        -1.3331770979231567e-06,
                        4.412644883402805e-07,
                        2.4846358284315542e-06,
                        2.5617750378425464e-06,
                        3.744188949845264e-06
                    ],
                    [
                        -1.3331770979231565e-06,
                        1.0117757425375862,
                        0.5220489321488404,
                        -0.9176654929655429,
                        -1.511322549310973,
                        -2.9249212518124352
                    ],
                    [
                        4.4126448834028087e-07,
                        0.5220489321488404,
                        1.2329725539686613,
                        -1.0928688423047739,
                        -1.7358760607660577,
                        -2.8082862083403732
                    ],
                    [
                        2.484635828431554e-06,
                        -0.9176654929655429,
                        -1.0928688423047739,
                        2.233284487764622,
                        2.734414771376383,
                        4.892362930394968
                    ],
                    [
                        2.5617750378425464e-06,
                        -1.511322549310973,
                        -1.7358760607660577,
                        2.734414771376383,
                        4.790749202236389,
                        7.635994072306969
                    ],
                    [
                        3.7441889498452623e-06,
                        -2.9249212518124352,
                        -2.8082862083403732,
                        4.892362930394968,
                        7.635994072306969,
                        13.99192830092998
                    ]
                ]
            },
            "est_tgt": [
                0
            ],
            "oracle_est_tgt": [
                0
            ]
        },
        "1": {
            "intv_type": "do",
            "inode": 1,
            "new_mui": 1.0,
            "new_vari": null,
            "true_params": {
                "Si": [
                    [
                        1.0,
                        0.0,
                        -0.7892875996369251,
                        0.5016983188194657,
                        0.28370531370286967,
                        1.4238919880543406
                    ],
                    [
                        0.0,
                        1e-09,
                        5.237163904467599e-10,
                        -9.382356968065678e-10,
                        -1.5234810376573022e-09,
                        -2.9520652618642253e-09
                    ],
                    [
                        -0.7892875996369251,
                        5.237163904467599e-10,
                        1.6229749152148978,
                        -1.0316186230142985,
                        -1.2421296061156946,
                        -2.522320034552169
                    ],
                    [
                        0.5016983188194657,
                        -9.382356968065678e-10,
                        -1.0316186230142985,
                        1.6557322445145286,
                        1.5582264088249946,
                        3.048014981447294
                    ],
                    [
                        0.28370531370286967,
                        -1.5234810376573022e-09,
                        -1.2421296061156946,
                        1.5582264088249946,
                        2.708107547263736,
                        3.845028835998996
                    ],
                    [
                        1.4238919880543406,
                        -2.9520652618642253e-09,
                        -2.522320034552169,
                        3.048014981447294,
                        3.845028835998996,
                        7.892345945051364
                    ]
                ],
                "mui": [
                    0.0,
                    1.0,
                    0.5237163904467599,
                    -0.9382356968065677,
                    -1.523481037657302,
                    -2.952065261864225
                ],
                "Ai": [
                    [
                        0.0,
                        0.0,
                        0.0,
                        0.0,
                        0.0,
                        0.0
                    ],
                    [
                        0.0,
                        0.0,
                        0.0,
                        0.0,
                        0.0,
                        0.0
                    ],
                    [
                        -0.7892875996369251,
                        0.5237163904467599,
                        0.0,
                        0.0,
                        0.0,
                        0.0
                    ],
                    [
                        0.0,
                        -0.6053435637663386,
                        -0.6356343607200323,
                        0.0,
                        0.0,
                        0.0
                    ],
                    [
                        -0.5199508872441488,
                        -0.5249114287628422,
                        -0.5296011898462116,
                        0.7686861497879902,
                        0.0,
                        0.0
                    ],
                    [
                        0.7914884439501061,
                        -0.869223307095025,
                        -0.0,
                        0.7478568716586287,
                        0.9065921449215136,
                        0.0
                    ]
                ]
            },
            "est_params": {
                "mui": [
                    -0.004530699293288822,
                    1.0000035251873258,
                    0.5113681511409052,
                    -0.9422488284601648,
                    -1.5296389085604014,
                    -2.960038381449414
                ],
                "Si": [
                    [
                        0.9353393469953732,
                        3.7565190947432756e-06,
                        -0.7003312002920136,
                        0.4493649102420048,
                        0.25639916035617033,
                        1.2982330735053182
                    ],
                    [
                        3.7565190947432756e-06,
                        1.0241761040215045e-06,
                        2.373112770914557e-06,
                        -1.7152197567345097e-06,
                        -9.373032545464331e-07,
                        3.9686719919857563e-07
                    ],
                    [
                        -0.7003312002920136,
                        2.3731127709145556e-06,
                        1.5166439007766912,
                        -0.9620906166743373,
                        -1.1826141210313088,
                        -2.3337966005186312
                    ],
                    [
                        0.44936491024200487,
                        -1.7152197567345097e-06,
                        -0.9620906166743373,
                        1.5976286764412666,
                        1.4731618267026652,
                        2.9000643616869204
                    ],
                    [
                        0.2563991603561703,
                        -9.373032545464333e-07,
                        -1.1826141210313088,
                        1.4731618267026652,
                        2.6137101674375094,
                        3.6716774046379
                    ],
                    [
                        1.2982330735053182,
                        3.9686719919857526e-07,
                        -2.3337966005186312,
                        2.9000643616869204,
                        3.6716774046379,
                        7.521699078891392
                    ]
                ]
            },
            "est_tgt": [
                1,
                2,
                3,
                4,
                5
            ],
            "oracle_est_tgt": [
                1,
                2,
                4,
                5
            ]
        },
        "2": {
            "intv_type": "do",
            "inode": 2,
            "new_mui": 1.0,
            "new_vari": null,
            "true_params": {
                "Si": [
                    [
                        1.0,
                        -0.9870324432484212,
                        0.0,
                        0.5974937367489956,
                        0.4574388828006834,
                        2.5109903432100817
                    ],
                    [
                        -0.9870324432484212,
                        1.9742330440249478,
                        0.0,
                        -1.1950892665753288,
                        -1.4417376602209164,
                        -4.698097906186243
                    ],
                    [
                        0.0,
                        0.0,
                        1e-09,
                        -6.356343607200324e-10,
                        -1.018204519261044e-09,
                        -1.398459743612464e-09
                    ],
                    [
                        0.5974937367489956,
                        -1.1950892665753288,
                        -6.356343607200324e-10,
                        1.7234395960516404,
                        1.641432763689468,
                        4.288705027309246
                    ],
                    [
                        0.4574388828006834,
                        -1.4417376602209164,
                        -1.018204519261044e-09,
                        1.641432763689468,
                        2.7806854539511305,
                        5.363753928271247
                    ],
                    [
                        2.5109903432100817,
                        -4.698097906186243,
                        -1.398459743612464e-09,
                        4.288705027309246,
                        5.363753928271247,
                        15.14119074244526
                    ]
                ],
                "mui": [
                    0.0,
                    0.0,
                    1.0,
                    -0.6356343607200323,
                    -1.0182045192610438,
                    -1.398459743612464
                ],
                "Ai": [
                    [
                        0.0,
                        0.0,
                        0.0,
                        0.0,
                        0.0,
                        0.0
                    ],
                    [
                        -0.9870324432484212,
                        0.0,
                        0.0,
                        0.0,
                        0.0,
                        0.0
                    ],
                    [
                        0.0,
                        0.0,
                        0.0,
                        0.0,
                        0.0,
                        0.0
                    ],
                    [
                        0.0,
                        -0.6053435637663386,
                        -0.6356343607200323,
                        0.0,
                        0.0,
                        0.0
                    ],
                    [
                        -0.5199508872441488,
                        -0.5249114287628422,
                        -0.5296011898462116,
                        0.7686861497879902,
                        0.0,
                        0.0
                    ],
                    [
                        0.7914884439501061,
                        -0.869223307095025,
                        -0.0,
                        0.7478568716586287,
                        0.9065921449215136,
                        0.0
                    ]
                ]
            },
            "est_params": {
                "mui": [
                    0.003245839388795085,
                    -0.0069433223267439705,
                    1.0000034531021413,
                    -0.6047156399112629,
                    -1.007686641385529,
                    -1.3408828040334497
                ],
                "Si": [
                    [
                        0.9717930393278916,
                        -0.9881441611535651,
                        1.1945922201506768e-07,
                        0.5940246218265962,
                        0.5042637808937739,
                        2.5575183198897142
                    ],
                    [
                        -0.9881441611535648,
                        2.007549429817503,
                        1.963814975443159e-06,
                        -1.2454468509615628,
                        -1.5294159594193397,
                        -4.866021482441014
                    ],
                    [
                        1.1945922201506786e-07,
                        1.963814975443159e-06,
                        1.0101560341252978e-06,
                        -2.380276028451802e-06,
                        -4.044654168745993e-06,
                        -8.187185267819898e-06
                    ],
                    [
                        0.5940246218265962,
                        -1.2454468509615628,
                        -2.380276028451802e-06,
                        1.8199464014670457,
                        1.7654243787186976,
                        4.531329687349853
                    ],
                    [
                        0.5042637808937739,
                        -1.5294159594193397,
                        -4.044654168745992e-06,
                        1.7654243787186972,
                        2.9714346595188776,
                        5.739490787996538
                    ],
                    [
                        2.5575183198897142,
                        -4.866021482441014,
                        -8.187185267819898e-06,
                        4.531329687349853,
                        5.739490787996538,
                        15.895443965247718
                    ]
                ]
            },
            "est_tgt": [
                1,
                2,
                4,
                5
            ],
            "oracle_est_tgt": [
                1,
                2,
                4,
                5
            ]
        },
        "3": {
            "intv_type": "do",
            "inode": 3,
            "new_mui": 1.0,
            "new_vari": null,
            "true_params": {
                "Si": [
                    [
                        1.0,
                        -0.9870324432484212,
                        -1.3062126680688346,
                        0.0,
                        0.6899255059781084,
                        2.2749210927813355
                    ],
                    [
                        -0.9870324432484212,
                        1.9742330440249478,
                        1.8129906716127808,
                        0.0,
                        -1.483251110110385,
                        -3.841977953510798
                    ],
                    [
                        -1.3062126680688346,
                        1.8129906716127808,
                        2.9804703918460866,
                        0.0,
                        -1.8509537539011243,
                        -4.287806113329158
                    ],
                    [
                        0.0,
                        0.0,
                        0.0,
                        1e-09,
                        7.686861497879903e-10,
                        1.4447416969663828e-09
                    ],
                    [
                        0.6899255059781084,
                        -1.483251110110385,
                        -1.8509537539011243,
                        7.686861497879903e-10,
                        2.400115391463654,
                        4.011270261731658
                    ],
                    [
                        2.2749210927813355,
                        -3.841977953510798,
                        -4.287806113329158,
                        1.4447416969663828e-09,
                        4.011270261731658,
                        9.776696649895252
                    ]
                ],
                "mui": [
                    0.0,
                    0.0,
                    0.0,
                    1.0,
                    0.7686861497879902,
                    1.4447416969663827
                ],
                "Ai": [
                    [
                        0.0,
                        0.0,
                        0.0,
                        0.0,
                        0.0,
                        0.0
                    ],
                    [
                        -0.9870324432484212,
                        0.0,
                        0.0,
                        0.0,
                        0.0,
                        0.0
                    ],
                    [
                        -0.7892875996369251,
                        0.5237163904467599,
                        0.0,
                        0.0,
                        0.0,
                        0.0
                    ],
                    [
                        0.0,
                        0.0,
                        0.0,
                        0.0,
                        0.0,
                        0.0
                    ],
                    [
                        -0.5199508872441488,
                        -0.5249114287628422,
                        -0.5296011898462116,
                        0.7686861497879902,
                        0.0,
                        0.0
                    ],
                    [
                        0.7914884439501061,
                        -0.869223307095025,
                        -0.0,
                        0.7478568716586287,
                        0.9065921449215136,
                        0.0
                    ]
                ]
            },
            "est_params": {
                "mui": [
                    -0.011287564200594572,
                    -0.014558688166799156,
                    -0.04653365664989674,
                    0.9999992504184211,
                    0.7916202988797144,
                    1.4462719880922974
                ],
                "Si": [
                    [
                        1.0036352219766056,
                        -0.9839411233398022,
                        -1.308461245579935,
                        -1.9044069149633943e-06,
                        0.7035324313643959,
                        2.253022069515198
                    ],
                    [
                        -0.9839411233398022,
                        1.9498243300582458,
                        1.8265007103940285,
                        9.65450572984965e-07,
                        -1.4866969307077025,
                        -3.791503244284485
                    ],
                    [
                        -1.308461245579935,
                        1.8265007103940285,
                        2.9674347646793606,
                        1.697528958559216e-06,
                        -1.9205888316682482,
                        -4.325088717594672
                    ],
                    [
                        -1.904406914963394e-06,
                        9.654505729849642e-07,
                        1.6975289585592155e-06,
                        1.0115261776965789e-06,
                        -3.716557013936889e-06,
                        -8.019026412075644e-06
                    ],
                    [
                        0.7035324313643959,
                        -1.4866969307077025,
                        -1.9205888316682482,
                        -3.716557013936889e-06,
                        2.493694944768688,
                        4.106487862394958
                    ],
                    [
                        2.253022069515198,
                        -3.791503244284485,
                        -4.325088717594672,
                        -8.019026412075644e-06,
                        4.106487862394958,
                        9.731691382606693
                    ]
                ]
            },
            "est_tgt": [
                1,
                3,
                4,
                5
            ],
            "oracle_est_tgt": [
                1,
                3,
                4,
                5
            ]
        },
        "4": {
            "intv_type": "do",
            "inode": 4,
            "new_mui": 1.0,
            "new_vari": null,
            "true_params": {
                "Si": [
                    [
                        1.0,
                        -0.9870324432484212,
                        -1.3062126680688346,
                        1.427767390981337,
                        0.0,
                        2.717205702956086
                    ],
                    [
                        -0.9870324432484212,
                        1.9742330440249478,
                        1.8129906716127808,
                        -2.3474884331173005,
                        0.0,
                        -4.252859503984528
                    ],
                    [
                        -1.3062126680688346,
                        1.8129906716127808,
                        2.9804703918460866,
                        -2.99197162639528,
                        0.0,
                        -4.8473125200367635
                    ],
                    [
                        1.427767390981337,
                        -2.3474884331173005,
                        -2.99197162639528,
                        4.322836986039724,
                        0.0,
                        6.403416394881942
                    ],
                    [
                        0.0,
                        0.0,
                        0.0,
                        0.0,
                        1e-09,
                        9.065921449215137e-10
                    ],
                    [
                        2.717205702956086,
                        -4.252859503984528,
                        -4.8473125200367635,
                        6.403416394881942,
                        9.065921449215137e-10,
                        11.636160470214898
                    ]
                ],
                "mui": [
                    0.0,
                    0.0,
                    0.0,
                    0.0,
                    1.0,
                    0.9065921449215136
                ],
                "Ai": [
                    [
                        0.0,
                        0.0,
                        0.0,
                        0.0,
                        0.0,
                        0.0
                    ],
                    [
                        -0.9870324432484212,
                        0.0,
                        0.0,
                        0.0,
                        0.0,
                        0.0
                    ],
                    [
                        -0.7892875996369251,
                        0.5237163904467599,
                        0.0,
                        0.0,
                        0.0,
                        0.0
                    ],
                    [
                        0.0,
                        -0.6053435637663386,
                        -0.6356343607200323,
                        0.0,
                        0.0,
                        0.0
                    ],
                    [
                        0.0,
                        0.0,
                        0.0,
                        0.0,
                        0.0,
                        0.0
                    ],
                    [
                        0.7914884439501061,
                        -0.869223307095025,
                        -0.0,
                        0.7478568716586287,
                        0.9065921449215136,
                        0.0
                    ]
                ]
            },
            "est_params": {
                "mui": [
                    0.24228902916972275,
                    -0.47333282198046983,
                    -0.5662640836542356,
                    0.7375942858531528,
                    1.147841302915942,
                    2.194345181001506
                ],
                "Si": [
                    [
                        0.8459632107062153,
                        -0.7082108223677935,
                        -0.9424982693754185,
                        0.9971431706063838,
                        0.4656508121547805,
                        2.458374445319578
                    ],
                    [
                        -0.7082108223677935,
                        1.4402088230674115,
                        1.1453363520159558,
                        -1.5314347987415762,
                        -0.8582448761440779,
                        -3.728309596780082
                    ],
                    [
                        -0.9424982693754185,
                        1.1453363520159558,
                        2.101755742724825,
                        -1.9299614509977698,
                        -1.056637870962877,
                        -4.135314189191783
                    ],
                    [
                        0.9971431706063837,
                        -1.5314347987415762,
                        -1.9299614509977698,
                        3.023573889647663,
                        1.4546227678403512,
                        5.71814619565424
                    ],
                    [
                        0.4656508121547805,
                        -0.858244876144078,
                        -1.056637870962877,
                        1.4546227678403512,
                        2.1959762237307086,
                        4.206553554899867
                    ],
                    [
                        2.4583744453195777,
                        -3.728309596780082,
                        -4.135314189191783,
                        5.71814619565424,
                        4.206553554899867,
                        14.274366536988273
                    ]
                ]
            },
            "est_tgt": [
                0,
                1,
                2,
                3,
                4,
                5
            ],
            "oracle_est_tgt": [
                1,
                3,
                4,
                5
            ]
        },
        "5": {
            "intv_type": "do",
            "inode": 5,
            "new_mui": 1.0,
            "new_vari": null,
            "true_params": {
                "Si": [
                    [
                        1.0,
                        -0.9870324432484212,
                        -1.3062126680688346,
                        1.427767390981337,
                        1.7874305245443964,
                        0.0
                    ],
                    [
                        -0.9870324432484212,
                        1.9742330440249478,
                        1.8129906716127808,
                        -2.3474884331173005,
                        -3.287732955435165,
                        0.0
                    ],
                    [
                        -1.3062126680688346,
                        1.8129906716127808,
                        2.9804703918460866,
                        -2.99197162639528,
                        -4.150840903669822,
                        0.0
                    ],
                    [
                        1.427767390981337,
                        -2.3474884331173005,
                        -2.99197162639528,
                        4.322836986039724,
                        5.397311237997879,
                        0.0
                    ],
                    [
                        1.7874305245443964,
                        -3.287732955435165,
                        -4.150840903669822,
                        5.397311237997879,
                        8.143521192093925,
                        0.0
                    ],
                    [
                        0.0,
                        0.0,
                        0.0,
                        0.0,
                        0.0,
                        1e-09
                    ]
                ],
                "mui": [
                    0.0,
                    0.0,
                    0.0,
                    0.0,
                    0.0,
                    1.0
                ],
                "Ai": [
                    [
                        0.0,
                        0.0,
                        0.0,
                        0.0,
                        0.0,
                        0.0
                    ],
                    [
                        -0.9870324432484212,
                        0.0,
                        0.0,
                        0.0,
                        0.0,
                        0.0
                    ],
                    [
                        -0.7892875996369251,
                        0.5237163904467599,
                        0.0,
                        0.0,
                        0.0,
                        0.0
                    ],
                    [
                        0.0,
                        -0.6053435637663386,
                        -0.6356343607200323,
                        0.0,
                        0.0,
                        0.0
                    ],
                    [
                        -0.5199508872441488,
                        -0.5249114287628422,
                        -0.5296011898462116,
                        0.7686861497879902,
                        0.0,
                        0.0
                    ],
                    [
                        0.0,
                        0.0,
                        0.0,
                        0.0,
                        0.0,
                        0.0
                    ]
                ]
            },
            "est_params": {
                "mui": [
                    -0.002539345350783637,
                    0.01281321728784928,
                    0.013277090444869005,
                    -0.0422029375442779,
                    -0.027067065798510394,
                    0.9999965326494173
                ],
                "Si": [
                    [
                        0.9253352053095965,
                        -0.9312079460381769,
                        -1.2268048911591947,
                        1.3424877151063404,
                        1.6706324108099992,
                        2.1553313616981848e-07
                    ],
                    [
                        -0.9312079460381769,
                        1.9721322419416942,
                        1.813971554707537,
                        -2.3282280491664635,
                        -3.2511468166052846,
                        2.72766847717305e-06
                    ],
                    [
                        -1.2268048911591947,
                        1.813971554707537,
                        2.9234584040813902,
                        -2.9333232907561464,
                        -4.07731450995073,
                        3.1864241330815267e-07
                    ],
                    [
                        1.3424877151063404,
                        -2.3282280491664635,
                        -2.9333232907561464,
                        4.313600131882759,
                        5.344814600008783,
                        -1.0895214891912198e-06
                    ],
                    [
                        1.6706324108099992,
                        -3.2511468166052846,
                        -4.07731450995073,
                        5.344814600008783,
                        8.092891913124836,
                        -4.084439727389744e-06
                    ],
                    [
                        2.1553313616981797e-07,
                        2.7276684771730506e-06,
                        3.186424133081524e-07,
                        -1.0895214891912194e-06,
                        -4.084439727389744e-06,
                        1.010187678296659e-06
                    ]
                ]
            },
            "est_tgt": [
                1,
                3,
                5
            ],
            "oracle_est_tgt": [
                1,
                3,
                5
            ]
        },
        "obs": {
            "intv_type": "obs",
            "true_params": {
                "Si": [
                    [
                        1.0,
                        -0.9870324432484212,
                        -1.3062126680688346,
                        1.427767390981337,
                        1.7874305245443964,
                        4.3376761761009766
                    ],
                    [
                        -0.9870324432484212,
                        1.9742330440249478,
                        1.8129906716127808,
                        -2.3474884331173005,
                        -3.287732955435165,
                        -7.2334923759816405
                    ],
                    [
                        -1.3062126680688346,
                        1.8129906716127808,
                        2.9804703918460866,
                        -2.99197162639528,
                        -4.150840903669822,
                        -8.61043227812274
                    ],
                    [
                        1.427767390981337,
                        -2.3474884331173005,
                        -2.99197162639528,
                        4.322836986039724,
                        5.397311237997879,
                        11.296576366947429
                    ],
                    [
                        1.7874305245443964,
                        -3.287732955435165,
                        -4.150840903669822,
                        5.397311237997879,
                        8.143521192093925,
                        15.691773359480505
                    ],
                    [
                        4.3376761761009766,
                        -7.2334923759816405,
                        -8.61043227812274,
                        11.296576366947429,
                        15.691773359480505,
                        33.39500146171081
                    ]
                ],
                "mui": [
