{
    "expt_args": {
        "save_dir": "all_expt_logs/expt_logs_11.05.24-sparsity_n6-corr",
        "exp_name": "158",
        "num_nodes": 6,
        "obs_noise_mean": 0.0,
        "obs_noise_var": 1.0,
        "max_edge_strength": 1.0,
        "graph_sparsity_method": "adj_dense_prop",
        "adj_dense_prop": 0.6,
        "num_parents": null,
        "new_noise_mean": 1.0,
        "mix_samples": 65536,
        "stage2_samples": 65536,
        "gmm_tol": 0.001,
        "intv_type": "do",
        "new_noise_var": null,
        "intv_targets": [
            0,
            1,
            2,
            3,
            4,
            5
        ]
    },
    "intv_args_dict": {
        "0": {
            "intv_type": "do",
            "inode": 0,
            "new_mui": 1.0,
            "new_vari": null,
            "true_params": {
                "Si": [
                    [
                        1e-09,
                        5.495428185933109e-10,
                        5.592431528398776e-10,
                        4.720594560928853e-10,
                        -1.30053713234073e-09,
                        -3.1164961963909745e-10
                    ],
                    [
                        5.495428185933109e-10,
                        1.0000000003019973,
                        3.073280584906361e-10,
                        0.8590039579514431,
                        -1.3913923106825064,
                        -0.812287138455978
                    ],
                    [
                        5.592431528398776e-10,
                        3.073280584906361e-10,
                        1.000000000312753,
                        2.6399601855326294e-10,
                        -0.9582727624600029,
                        -0.7915422391951716
                    ],
                    [
                        4.720594560928853e-10,
                        0.8590039579514431,
                        2.639960185532629e-10,
                        1.7378877995534046,
                        -2.1578277305323703,
                        -2.1320322463130994
                    ],
                    [
                        -1.30053713234073e-09,
                        -1.3913923106825064,
                        -0.9582727624600029,
                        -2.1578277305323703,
                        4.780889252053052,
                        4.095388567108383
                    ],
                    [
                        -3.1164961963909745e-10,
                        -0.812287138455978,
                        -0.7915422391951716,
                        -2.1320322463130994,
                        4.095388567108383,
                        5.025783915567531
                    ]
                ],
                "mui": [
                    1.0,
                    0.5495428185933109,
                    0.5592431528398776,
                    0.47205945609288524,
                    -1.30053713234073,
                    -0.31164961963909743
                ],
                "Ai": [
                    [
                        0.0,
                        0.0,
                        0.0,
                        0.0,
                        0.0,
                        0.0
                    ],
                    [
                        0.5495428185933109,
                        0.0,
                        0.0,
                        0.0,
                        0.0,
                        0.0
                    ],
                    [
                        0.5592431528398776,
                        -0.0,
                        0.0,
                        0.0,
                        0.0,
                        0.0
                    ],
                    [
                        -0.0,
                        0.8590039576920262,
                        -0.0,
                        0.0,
                        0.0,
                        0.0
                    ],
                    [
                        0.0,
                        -0.5645011595578799,
                        -0.9582727617326864,
                        -0.9626162289538441,
                        0.0,
                        0.0
                    ],
                    [
                        0.5774015211969533,
                        0.8860434531141481,
                        0.0,
                        -0.6391443961399155,
                        0.8260093270204911,
                        0.0
                    ]
                ]
            },
            "est_params": {
                "mui": [
                    0.9999991165908695,
                    0.5513988472132014,
                    0.5654680215150538,
                    0.48142012371513154,
                    -1.3210991728351569,
                    -0.3218234633431235
                ],
                "Si": [
                    [
                        1.0108460168738345e-06,
                        -9.309261545117639e-07,
                        1.3923890851121327e-07,
                        2.84962876106526e-07,
                        8.839058371920455e-07,
                        -1.798616966337769e-06
                    ],
                    [
                        -9.309261545117635e-07,
                        0.9891220241229658,
                        0.0006633171295126125,
                        0.8440512394686033,
                        -1.3707827906064651,
                        -0.7864042564652779
                    ],
                    [
                        1.3923890851121324e-07,
                        0.0006633171295126102,
                        1.0182725492648197,
                        -0.00016640254231563853,
                        -0.9869463096289375,
                        -0.7989939770848399
                    ],
                    [
                        2.8496287610652586e-07,
                        0.8440512394686033,
                        -0.00016640254231564225,
                        1.7117351973786108,
                        -2.1115643450319435,
                        -2.070173227185984
                    ],
                    [
                        8.839058371920457e-07,
                        -1.3707827906064651,
                        -0.9869463096289373,
                        -2.1115643450319435,
                        4.739640735475601,
                        4.003542946760789
                    ],
                    [
                        -1.7986169663377685e-06,
                        -0.7864042564652779,
                        -0.7989939770848399,
                        -2.070173227185984,
                        4.003542946760789,
                        4.886422037254353
                    ]
                ]
            },
            "est_tgt": [
                0
            ],
            "oracle_est_tgt": [
                0
            ]
        },
        "1": {
            "intv_type": "do",
            "inode": 1,
            "new_mui": 1.0,
            "new_vari": null,
            "true_params": {
                "Si": [
                    [
                        1.0,
                        0.0,
                        0.5592431528398776,
                        0.0,
                        -0.5359074805519644,
                        0.13473694384097828
                    ],
                    [
                        0.0,
                        1e-09,
                        0.0,
                        8.590039576920263e-10,
                        -1.3913923099678058e-09,
                        -8.122871382847133e-10
                    ],
                    [
                        0.5592431528398776,
                        0.0,
                        1.3127529039982866,
                        0.0,
                        -1.2579753507870424,
                        -0.7161915257432455
                    ],
                    [
                        0.0,
                        8.590039576920263e-10,
                        0.0,
                        1.0000000007378878,
                        -0.9626162301490556,
                        -1.4342743802948412
                    ],
                    [
                        -0.5359074805519644,
                        -1.3913923099678058e-09,
                        -1.2579753507870424,
                        -0.9626162301490556,
                        3.1321135197716363,
                        2.892971954027086
                    ],
                    [
                        0.13473694384097828,
                        -8.122871382847133e-10,
                        -0.7161915257432455,
                        -1.4342743802948412,
                        2.892971954027086,
                        4.3841275651430545
                    ]
                ],
                "mui": [
                    0.0,
                    1.0,
                    0.0,
                    0.8590039576920262,
                    -1.3913923099678056,
                    -0.8122871382847132
                ],
                "Ai": [
                    [
                        0.0,
                        0.0,
                        0.0,
                        0.0,
                        0.0,
                        0.0
                    ],
                    [
                        0.0,
                        0.0,
                        0.0,
                        0.0,
                        0.0,
                        0.0
                    ],
                    [
                        0.5592431528398776,
                        -0.0,
                        0.0,
                        0.0,
                        0.0,
                        0.0
                    ],
                    [
                        -0.0,
                        0.8590039576920262,
                        -0.0,
                        0.0,
                        0.0,
                        0.0
                    ],
                    [
                        0.0,
                        -0.5645011595578799,
                        -0.9582727617326864,
                        -0.9626162289538441,
                        0.0,
                        0.0
                    ],
                    [
                        0.5774015211969533,
                        0.8860434531141481,
                        0.0,
                        -0.6391443961399155,
                        0.8260093270204911,
                        0.0
                    ]
                ]
            },
            "est_params": {
                "mui": [
                    0.010741353329737269,
                    1.0000006267237749,
                    0.022407140762448093,
                    0.8613038144320584,
                    -1.4152460206495343,
                    -0.8383720514215548
                ],
                "Si": [
                    [
                        0.9882339969220504,
                        -1.1226911568523216e-06,
                        0.5558869217922314,
                        -0.0008940226374600503,
                        -0.5293699881287156,
                        0.13580290449438867
                    ],
                    [
                        -1.1226911568523216e-06,
                        1.012223505487257e-06,
                        -1.5731753021350698e-06,
                        -2.008931611931762e-07,
                        1.6703486398007583e-06,
                        2.336799307193763e-06
                    ],
                    [
                        0.5558869217922314,
                        -1.5731753021350696e-06,
                        1.293426223978062,
                        0.0033169487337767136,
                        -1.2368282283061311,
                        -0.7051683565060866
                    ],
                    [
                        -0.0008940226374600546,
                        -2.0089316119317658e-07,
                        0.0033169487337767144,
                        0.9887229388169687,
                        -0.9651254269900059,
                        -1.4435572081083485
                    ],
                    [
                        -0.5293699881287156,
                        1.6703486398007583e-06,
                        -1.2368282283061311,
                        -0.9651254269900059,
                        3.1086421879688033,
                        2.9130251636610214
                    ],
                    [
                        0.13580290449438867,
                        2.336799307193763e-06,
                        -0.7051683565060866,
                        -1.443557208108349,
                        2.9130251636610214,
                        4.441646524533542
                    ]
                ]
            },
            "est_tgt": [
                1
            ],
            "oracle_est_tgt": [
                1
            ]
        },
        "2": {
            "intv_type": "do",
            "inode": 2,
            "new_mui": 1.0,
            "new_vari": null,
            "true_params": {
                "Si": [
                    [
                        1.0,
                        0.5495428185933109,
                        0.0,
                        0.47205945609288524,
                        -0.7646296517887656,
                        0.13101495771687754
                    ],
                    [
                        0.5495428185933109,
                        1.3019973094674806,
                        0.0,
                        1.1184208417369357,
                        -1.8115890439918256,
                        -0.7402888091430969
                    ],
                    [
                        0.0,
                        0.0,
                        1e-09,
                        0.0,
                        -9.582727617326865e-10,
                        -7.915422390208838e-10
                    ],
                    [
                        0.47205945609288524,
                        1.1184208417369357,
                        0.0,
                        1.960727929417275,
                        -2.5187783874543364,
                        -2.0701853964861208
                    ],
                    [
                        -0.7646296517887656,
                        -1.8115890439918256,
                        -9.582727617326865e-10,
                        -2.5187783874543364,
                        4.447261069795761,
                        3.236697278548793
                    ],
                    [
                        0.13101495771687754,
                        -0.7402888091430969,
                        -7.915422390208838e-10,
                        -2.0701853964861208,
                        3.236697278548793,
                        4.416409719088307
                    ]
                ],
                "mui": [
                    0.0,
                    0.0,
                    1.0,
                    0.0,
                    -0.9582727617326864,
                    -0.7915422390208837
                ],
                "Ai": [
                    [
                        0.0,
                        0.0,
                        0.0,
                        0.0,
                        0.0,
                        0.0
                    ],
                    [
                        0.5495428185933109,
                        0.0,
                        0.0,
                        0.0,
                        0.0,
                        0.0
                    ],
                    [
                        0.0,
                        0.0,
                        0.0,
                        0.0,
                        0.0,
                        0.0
                    ],
                    [
                        -0.0,
                        0.8590039576920262,
                        -0.0,
                        0.0,
                        0.0,
                        0.0
                    ],
                    [
                        0.0,
                        -0.5645011595578799,
                        -0.9582727617326864,
                        -0.9626162289538441,
                        0.0,
                        0.0
                    ],
                    [
                        0.5774015211969533,
                        0.8860434531141481,
                        0.0,
                        -0.6391443961399155,
                        0.8260093270204911,
                        0.0
                    ]
                ]
            },
            "est_params": {
                "mui": [
                    -0.003818313617028068,
                    -0.011407595570922387,
                    1.0000007137530442,
                    -0.01684343527304176,
                    -0.9271458069724471,
                    -0.7665473750466335
                ],
                "Si": [
                    [
                        0.9936467133679043,
                        0.5575188339660174,
                        1.8151327765136504e-06,
                        0.47350213611051994,
                        -0.7795282448830009,
                        0.12078374418836894
                    ],
                    [
                        0.5575188339660174,
                        1.3134597209164742,
                        2.964062086896829e-06,
                        1.1303234913511462,
                        -1.825261547436581,
                        -0.7397246884136343
                    ],
                    [
                        1.8151327765136504e-06,
                        2.9640620868968296e-06,
                        1.0127131648922496e-06,
                        2.621158482945268e-06,
                        -4.839715050880314e-06,
                        -2.773567939991788e-06
                    ],
                    [
                        0.47350213611052,
                        1.130323491351146,
                        2.6211584829452684e-06,
                        1.9840534435999104,
                        -2.5428873520789828,
                        -2.0956776095174754
                    ],
                    [
                        -0.7795282448830009,
                        -1.8252615474365805,
                        -4.839715050880313e-06,
                        -2.5428873520789828,
                        4.474960592544893,
                        3.249395144382889
                    ],
                    [
                        0.12078374418836892,
                        -0.7397246884136343,
                        -2.773567939991788e-06,
                        -2.095677609517475,
                        3.249395144382889,
                        4.432304539051488
                    ]
                ]
            },
            "est_tgt": [
                2
            ],
            "oracle_est_tgt": [
                2
            ]
        },
        "3": {
            "intv_type": "do",
            "inode": 3,
            "new_mui": 1.0,
            "new_vari": null,
            "true_params": {
                "Si": [
                    [
                        1.0,
                        0.5495428185933109,
                        0.5592431528398776,
                        0.0,
                        -0.846125038874594,
                        0.36541316388146206
                    ],
                    [
                        0.5495428185933109,
                        1.3019973094674806,
                        0.3073280584906361,
                        0.0,
                        -1.0294830983033991,
                        0.6205704102359749
                    ],
                    [
                        0.5592431528398776,
                        0.3073280584906361,
                        1.3127529039982866,
                        0.0,
                        -1.4314623961696782,
                        -0.58718742916262
                    ],
                    [
                        0.0,
                        0.0,
                        0.0,
                        1e-09,
                        -9.62616228953844e-10,
                        -1.4342743795970836e-09
                    ],
                    [
                        -0.846125038874594,
                        -1.0294830983033991,
                        -1.4314623961696782,
                        -9.62616228953844e-10,
                        2.9528758273581444,
                        1.0383823316340097
                    ],
                    [
                        0.36541316388146206,
                        0.6205704102359749,
                        -0.58718742916262,
                        -1.4342743795970836e-09,
                        1.0383823316340097,
                        2.61855595773618
                    ]
                ],
                "mui": [
                    0.0,
                    0.0,
                    0.0,
                    1.0,
                    -0.9626162289538441,
                    -1.4342743795970834
                ],
                "Ai": [
                    [
                        0.0,
                        0.0,
                        0.0,
                        0.0,
                        0.0,
                        0.0
                    ],
                    [
                        0.5495428185933109,
                        0.0,
                        0.0,
                        0.0,
                        0.0,
                        0.0
                    ],
                    [
                        0.5592431528398776,
                        -0.0,
                        0.0,
                        0.0,
                        0.0,
                        0.0
                    ],
                    [
                        0.0,
                        0.0,
                        0.0,
                        0.0,
                        0.0,
                        0.0
                    ],
                    [
                        0.0,
                        -0.5645011595578799,
                        -0.9582727617326864,
                        -0.9626162289538441,
                        0.0,
                        0.0
                    ],
                    [
                        0.5774015211969533,
                        0.8860434531141481,
                        0.0,
                        -0.6391443961399155,
                        0.8260093270204911,
                        0.0
                    ]
                ]
            },
            "est_params": {
                "mui": [
                    -0.002688813757207243,
                    -0.0028925350080901673,
                    -0.0079514227716812,
                    0.9999995432639227,
                    -0.9583952294763455,
                    -1.433447451759013
                ],
                "Si": [
                    [
                        1.0090499697835886,
                        0.5419011910983752,
                        0.5525996231342993,
                        1.967588297925847e-07,
                        -0.8381331821696427,
                        0.369632564958851
                    ],
                    [
                        0.5419011910983752,
                        1.3029368020317165,
                        0.2990480721162891,
                        4.284107044790598e-07,
                        -1.0256983215721325,
                        0.6384076075453089
                    ],
                    [
                        0.5525996231342993,
                        0.2990480721162891,
                        1.3091209900198928,
                        -6.322275445380647e-07,
                        -1.4354424374612398,
                        -0.6102218408255664
                    ],
                    [
                        1.9675882979258467e-07,
                        4.2841070447905957e-07,
                        -6.322275445380651e-07,
                        1.011840272218271e-06,
                        -4.023378440675989e-07,
                        7.426949692707127e-07
                    ],
                    [
                        -0.8381331821696427,
                        -1.0256983215721325,
                        -1.4354424374612393,
                        -4.023378440675982e-07,
                        2.940540204247229,
                        1.038993453709736
                    ],
                    [
                        0.369632564958851,
                        0.6384076075453089,
                        -0.6102218408255664,
                        7.426949692707123e-07,
                        1.0389934537097363,
                        2.6851193050541164
                    ]
                ]
            },
            "est_tgt": [
                3
            ],
            "oracle_est_tgt": [
                3
            ]
        },
        "4": {
            "intv_type": "do",
            "inode": 4,
            "new_mui": 1.0,
            "new_vari": null,
            "true_params": {
                "Si": [
                    [
                        1.0,
                        0.5495428185933109,
                        0.5592431528398776,
                        0.47205945609288524,
                        0.0,
                        0.7626061818108283
                    ],
                    [
                        0.5495428185933109,
                        1.3019973094674806,
                        0.3073280584906361,
                        1.1184208417369357,
                        0.0,
                        0.756100637922286
                    ],
                    [
                        0.5592431528398776,
                        0.3073280584906361,
                        1.3127529039982866,
                        0.2639960185532629,
                        0.0,
                        0.42648228549106854
                    ],
                    [
                        0.47205945609288524,
                        1.1184208417369357,
                        0.2639960185532629,
                        1.960727929417275,
                        0.0,
                        0.010349044248793904
                    ],
                    [
                        0.0,
                        0.0,
                        0.0,
                        0.0,
                        1e-09,
                        8.260093270204911e-10
                    ],
                    [
                        0.7626061818108283,
                        0.756100637922286,
                        0.42648228549106854,
                        0.010349044248793904,
                        8.260093270204911e-10,
                        2.1036534566235154
                    ]
                ],
                "mui": [
                    0.0,
                    0.0,
                    0.0,
                    0.0,
                    1.0,
                    0.8260093270204911
                ],
                "Ai": [
                    [
                        0.0,
                        0.0,
                        0.0,
                        0.0,
                        0.0,
                        0.0
                    ],
                    [
                        0.5495428185933109,
                        0.0,
                        0.0,
                        0.0,
                        0.0,
                        0.0
                    ],
                    [
                        0.5592431528398776,
                        -0.0,
                        0.0,
                        0.0,
                        0.0,
                        0.0
                    ],
                    [
                        -0.0,
                        0.8590039576920262,
                        -0.0,
                        0.0,
                        0.0,
                        0.0
                    ],
                    [
                        0.0,
                        0.0,
                        0.0,
                        0.0,
                        0.0,
                        0.0
                    ],
                    [
                        0.5774015211969533,
                        0.8860434531141481,
                        0.0,
                        -0.6391443961399155,
                        0.8260093270204911,
                        0.0
                    ]
                ]
            },
            "est_params": {
                "mui": [
                    -0.015227558659825176,
                    -0.0007044551969719866,
                    -0.016782790338393968,
                    0.0081226149023717,
                    1.0000017279025515,
                    0.799008020876584
                ],
                "Si": [
                    [
                        1.0018840820764534,
                        0.561052781226848,
                        0.5388185100877305,
                        0.4799980799294781,
                        -1.2958323183312785e-06,
                        0.7596358693708312
                    ],
                    [
                        0.561052781226848,
                        1.3266011538008609,
                        0.3070704909421015,
                        1.1437645145109,
                        1.865720270435411e-06,
                        0.7437480619697205
                    ],
                    [
                        0.5388185100877305,
                        0.3070704909421014,
                        1.292510699777431,
                        0.2498492358057421,
                        -2.8983424847755474e-06,
                        0.4104978133233489
                    ],
                    [
                        0.4799980799294781,
                        1.1437645145109,
                        0.24984923580574206,
                        1.9866115252172003,
                        2.2203866334643647e-06,
                        0.006061224259160439
                    ],
                    [
                        -1.295832318331278e-06,
                        1.8657202704354112e-06,
                        -2.898342484775548e-06,
                        2.220386633464365e-06,
                        1.0153880799691665e-06,
                        -1.7132622923159556e-06
                    ],
                    [
                        0.7596358693708313,
                        0.7437480619697205,
                        0.41049781332334884,
                        0.006061224259160437,
                        -1.7132622923159556e-06,
                        2.0385188925862145
                    ]
                ]
            },
            "est_tgt": [
                4
            ],
            "oracle_est_tgt": [
                4
            ]
        },
        "5": {
            "intv_type": "do",
            "inode": 5,
            "new_mui": 1.0,
            "new_vari": null,
            "true_params": {
                "Si": [
                    [
                        1.0,
                        0.5495428185933109,
                        0.5592431528398776,
                        0.47205945609288524,
                        -1.30053713234073,
                        0.0
                    ],
                    [
                        0.5495428185933109,
                        1.3019973094674806,
                        0.3073280584906361,
                        1.1184208417369357,
                        -2.106093151359592,
                        0.0
                    ],
                    [
                        0.5592431528398776,
                        0.3073280584906361,
                        1.3127529039982866,
                        0.2639960185532629,
                        -1.6855892480082493,
                        0.0
                    ],
                    [
                        0.47205945609288524,
                        1.1184208417369357,
                        0.2639960185532629,
                        1.960727929417275,
                        -2.7717585812398053,
                        0.0
                    ],
                    [
                        -1.30053713234073,
                        -2.106093151359592,
                        -1.6855892480082493,
                        -2.7717585812398053,
                        6.472286082958705,
                        0.0
                    ],
                    [
                        0.0,
                        0.0,
                        0.0,
                        0.0,
                        0.0,
                        1e-09
                    ]
                ],
                "mui": [
                    0.0,
                    0.0,
                    0.0,
                    0.0,
                    0.0,
                    1.0
                ],
                "Ai": [
                    [
                        0.0,
                        0.0,
                        0.0,
                        0.0,
                        0.0,
                        0.0
                    ],
                    [
                        0.5495428185933109,
                        0.0,
                        0.0,
                        0.0,
                        0.0,
                        0.0
                    ],
                    [
                        0.5592431528398776,
                        -0.0,
                        0.0,
                        0.0,
                        0.0,
                        0.0
                    ],
                    [
                        -0.0,
                        0.8590039576920262,
                        -0.0,
                        0.0,
                        0.0,
                        0.0
                    ],
                    [
                        0.0,
                        -0.5645011595578799,
                        -0.9582727617326864,
                        -0.9626162289538441,
                        0.0,
                        0.0
                    ],
                    [
                        0.0,
                        0.0,
                        0.0,
                        0.0,
                        0.0,
                        0.0
                    ]
                ]
            },
            "est_params": {
                "mui": [
                    0.022393944490592947,
                    0.011071639332950488,
                    0.013569336137687798,
                    -0.001861269254188798,
                    -0.02345298944538581,
                    0.9999992623725288
                ],
                "Si": [
                    [
                        1.011576344920429,
                        0.5305294544479144,
                        0.5778235059143153,
                        0.46074382566159655,
                        -1.2842621671915064,
                        -4.908757232675173e-09
                    ],
                    [
                        0.5305294544479144,
                        1.2733529692716865,
                        0.30487519724815215,
                        1.0922462347886963,
                        -2.0730339065075034,
                        1.9186574508532113e-07
                    ],
                    [
                        0.5778235059143153,
                        0.30487519724815215,
                        1.3585919745536408,
                        0.24794819384550937,
                        -1.698758501374289,
                        -8.047680874662644e-07
                    ],
                    [
                        0.46074382566159655,
                        1.0922462347886963,
                        0.24794819384550937,
                        1.942885838033335,
                        -2.7227965393461546,
                        8.186519589522895e-07
                    ],
                    [
                        -1.2842621671915062,
                        -2.0730339065075034,
                        -1.6987585013742887,
                        -2.7227965393461546,
                        6.410377709690903,
                        -5.507141067995818e-07
                    ],
                    [
                        -4.9087572326748715e-09,
                        1.9186574508532103e-07,
                        -8.047680874662644e-07,
                        8.186519589522895e-07,
                        -5.507141067995818e-07,
                        1.008768698305884e-06
                    ]
                ]
            },
            "est_tgt": [
                5
            ],
            "oracle_est_tgt": [
                5
            ]
        },
        "obs": {
            "intv_type": "obs",
            "true_params": {
                "Si": [
                    [
                        1.0,
                        0.5495428185933109,
                        0.5592431528398776,
                        0.47205945609288524,
                        -1.30053713234073,
                        -0.31164961963909743
                    ],
                    [
                        0.5495428185933109,
                        1.3019973094674806,
                        0.3073280584906361,
                        1.1184208417369357,
                        -2.106093151359592,
                        -0.9835519486747161
                    ],
                    [
                        0.5592431528398776,
                        0.3073280584906361,
                        1.3127529039982866,
                        0.2639960185532629,
                        -1.6855892480082493,
                        -0.9658301548892012
                    ],
                    [
                        0.47205945609288524,
                        1.1184208417369357,
                        0.2639960185532629,
                        1.960727929417275,
                        -2.7717585812398053,
                        -2.279149396104369
                    ],
                    [
                        -1.30053713234073,
                        -2.106093151359592,
                        -1.6855892480082493,
                        -2.7717585812398053,
                        6.472286082958705,
                        4.500700469323583
                    ],
                    [
                        -0.31164961963909743,
                        -0.9835519486747161,
                        -0.9658301548892012,
                        -2.279149396104369,
                        4.500700469323583,
                        5.1229094008916
                    ]
                ],
                "mui": [
                    0.0,
                    0.0,
                    0.0,
                    0.0,
                    0.0,
                    0.0
                ],
                "Ai": [
                    [
                        0.0,
                        0.0,
                        0.0,
                        0.0,
                        0.0,
                        0.0
                    ],
                    [
                        0.5495428185933109,
                        0.0,
                        0.0,
                        0.0,
                        0.0,
                        0.0
                    ],
                    [
                        0.5592431528398776,
                        -0.0,
                        0.0,
                        0.0,
                        0.0,
