{
    "expt_args": {
        "save_dir": "all_expt_logs/expt_logs_11.05.24-sparsity_n6-corr",
        "exp_name": "372",
        "num_nodes": 6,
        "obs_noise_mean": 0.0,
        "obs_noise_var": 1.0,
        "max_edge_strength": 1.0,
        "graph_sparsity_method": "adj_dense_prop",
        "adj_dense_prop": 0.95,
        "num_parents": null,
        "new_noise_mean": 1.0,
        "mix_samples": 16384,
        "stage2_samples": 16384,
        "gmm_tol": 0.001,
        "intv_type": "do",
        "new_noise_var": null,
        "intv_targets": [
            0,
            1,
            2,
            3,
            4,
            5
        ]
    },
    "intv_args_dict": {
        "0": {
            "intv_type": "do",
            "inode": 0,
            "new_mui": 1.0,
            "new_vari": null,
            "true_params": {
                "Si": [
                    [
                        1e-09,
                        -7.55776876108004e-10,
                        1.0306603792564255e-09,
                        -6.265228167623457e-10,
                        -1.5985856218371558e-09,
                        2.7692642900000175e-11
                    ],
                    [
                        -7.55776876108004e-10,
                        1.0000000005711986,
                        -0.6983904028596747,
                        0.2802837886805033,
                        1.8046502320669429,
                        -0.48224912063363856
                    ],
                    [
                        1.0306603792564255e-09,
                        -0.6983904028596747,
                        1.4877491547807382,
                        0.7740224275070702,
                        -1.3242780884141887,
                        0.3193351431365255
                    ],
                    [
                        -6.265228167623457e-10,
                        0.2802837886805033,
                        0.7740224275070702,
                        2.0190127305028382,
                        1.2754147004421925,
                        -0.38656152817190503
                    ],
                    [
                        -1.5985856218371558e-09,
                        1.8046502320669429,
                        -1.3242780884141887,
                        1.2754147004421925,
                        4.9524005236653785,
                        -2.0490316424146133
                    ],
                    [
                        2.7692642900000175e-11,
                        -0.48224912063363856,
                        0.3193351431365255,
                        -0.38656152817190503,
                        -2.0490316424146133,
                        2.257831685310861
                    ]
                ],
                "mui": [
                    1.0,
                    -0.7557768761080039,
                    1.0306603792564255,
                    -0.6265228167623457,
                    -1.5985856218371557,
                    0.027692642900000175
                ],
                "Ai": [
                    [
                        0.0,
                        0.0,
                        0.0,
                        0.0,
                        0.0,
                        0.0
                    ],
                    [
                        -0.7557768761080039,
                        0.0,
                        0.0,
                        0.0,
                        0.0,
                        0.0
                    ],
                    [
                        0.502833062868042,
                        -0.6983904020807254,
                        0.0,
                        0.0,
                        0.0,
                        0.0
                    ],
                    [
                        -0.9023231979306064,
                        0.9575618035230962,
                        0.9697699356953924,
                        0.0,
                        0.0,
                        0.0
                    ],
                    [
                        0.547840287983248,
                        0.9636995228957895,
                        -0.8703841413050205,
                        0.8315956446976005,
                        0.0,
                        0.0
                    ],
                    [
                        0.0,
                        0.6791942455160802,
                        -0.6473159738450741,
                        0.5845631608233282,
                        -0.9848812673754277,
                        0.0
                    ]
                ]
            },
            "est_params": {
                "mui": [
                    0.9999968248003549,
                    -0.7284802803502075,
                    1.0311197039815065,
                    -0.602384241911798,
                    -1.558611517891229,
                    0.028303496735842062
                ],
                "Si": [
                    [
                        1.0165827530547045e-06,
                        1.2038898227837102e-06,
                        -4.739971505101778e-06,
                        -4.779008142843451e-06,
                        4.732139975222442e-06,
                        -3.832988893420662e-06
                    ],
                    [
                        1.20388982278371e-06,
                        1.0214324487250053,
                        -0.7311413691498243,
                        0.2631723389725954,
                        1.8061403006711643,
                        -0.4552451342793214
                    ],
                    [
                        -4.739971505101778e-06,
                        -0.7311413691498243,
                        1.5512628723988244,
                        0.8057581555475688,
                        -1.3570710857410804,
                        0.2808656818369634
                    ],
                    [
                        -4.779008142843451e-06,
                        0.2631723389725954,
                        0.8057581555475688,
                        2.0323213873567694,
                        1.2674445970056383,
                        -0.4111252979414788
                    ],
                    [
                        4.732139975222442e-06,
                        1.8061403006711647,
                        -1.3570710857410804,
                        1.2674445970056383,
                        4.927708925177854,
                        -1.9936431409306723
                    ],
                    [
                        -3.83298889342066e-06,
                        -0.4552451342793213,
                        0.2808656818369634,
                        -0.4111252979414787,
                        -1.9936431409306723,
                        2.24582769140443
                    ]
                ]
            },
            "est_tgt": [
                0,
                1,
                2,
                3,
                4,
                5
            ],
            "oracle_est_tgt": [
                0,
                1,
                2,
                3,
                4,
                5
            ]
        },
        "1": {
            "intv_type": "do",
            "inode": 1,
            "new_mui": 1.0,
            "new_vari": null,
            "true_params": {
                "Si": [
                    [
                        1.0,
                        0.0,
                        0.502833062868042,
                        -0.41469081088754817,
                        -0.23467270789112743,
                        -0.33678009098250505
                    ],
                    [
                        0.0,
                        1e-09,
                        -6.983904020807255e-10,
                        2.8028378820699184e-10,
                        1.804650230858769e-09,
                        -4.822491206127091e-10
                    ],
                    [
                        0.502833062868042,
                        -6.983904020807255e-10,
                        1.2528410896010054,
                        0.7612496849178271,
                        -0.18192888416284342,
                        -0.18680717846471506
                    ],
                    [
                        -0.41469081088754817,
                        2.8028378820699184e-10,
                        0.7612496849178271,
                        2.1124221968917767,
                        0.8669171123812867,
                        -0.11173530888458369
                    ],
                    [
                        -0.23467270789112743,
                        1.804650230858769e-09,
                        -0.18192888416284342,
                        0.8669171123812867,
                        1.750709348457012,
                        -1.099707560480787
                    ],
                    [
                        -0.33678009098250505,
                        -4.822491206127091e-10,
                        -0.18680717846471506,
                        -0.11173530888458369,
                        -1.099707560480787,
                        2.138688300893111
                    ]
                ],
                "mui": [
                    0.0,
                    1.0,
                    -0.6983904020807254,
                    0.28028378820699185,
                    1.8046502308587689,
                    -0.4822491206127091
                ],
                "Ai": [
                    [
                        0.0,
                        0.0,
                        0.0,
                        0.0,
                        0.0,
                        0.0
                    ],
                    [
                        0.0,
                        0.0,
                        0.0,
                        0.0,
                        0.0,
                        0.0
                    ],
                    [
                        0.502833062868042,
                        -0.6983904020807254,
                        0.0,
                        0.0,
                        0.0,
                        0.0
                    ],
                    [
                        -0.9023231979306064,
                        0.9575618035230962,
                        0.9697699356953924,
                        0.0,
                        0.0,
                        0.0
                    ],
                    [
                        0.547840287983248,
                        0.9636995228957895,
                        -0.8703841413050205,
                        0.8315956446976005,
                        0.0,
                        0.0
                    ],
                    [
                        0.0,
                        0.6791942455160802,
                        -0.6473159738450741,
                        0.5845631608233282,
                        -0.9848812673754277,
                        0.0
                    ]
                ]
            },
            "est_params": {
                "mui": [
                    -0.030697699824604886,
                    0.9999984207523179,
                    -0.7302180428284433,
                    0.2884109362917112,
                    1.8429475061910097,
                    -0.5001888008753816
                ],
                "Si": [
                    [
                        0.9580305242736632,
                        4.196700095665521e-06,
                        0.46373385531883116,
                        -0.40831923135225723,
                        -0.2322813887403214,
                        -0.3078659202541228
                    ],
                    [
                        4.196700095665521e-06,
                        1.0128950630844433e-06,
                        1.6986563625241281e-06,
                        1.4338857886023491e-06,
                        1.974924508464677e-06,
                        -2.9342866781549475e-06
                    ],
                    [
                        0.4637338553188312,
                        1.6986563625241281e-06,
                        1.2500598592725105,
                        0.7885604895877196,
                        -0.20933741482911838,
                        -0.14041506685805422
                    ],
                    [
                        -0.40831923135225723,
                        1.433885788602349e-06,
                        0.7885604895877196,
                        2.1263607284593196,
                        0.8508548879844732,
                        -0.13678793339213427
                    ],
                    [
                        -0.2322813887403214,
                        1.9749245084646788e-06,
                        -0.20933741482911836,
                        0.8508548879844731,
                        1.7711482583132407,
                        -1.1557366152018045
                    ],
                    [
                        -0.30786592025412285,
                        -2.934286678154947e-06,
                        -0.14041506685805422,
                        -0.13678793339213427,
                        -1.1557366152018045,
                        2.1462984998275423
                    ]
                ]
            },
            "est_tgt": [
                0,
                1,
                2,
                3,
                5
            ],
            "oracle_est_tgt": [
                0,
                1,
                2,
                3
            ]
        },
        "2": {
            "intv_type": "do",
            "inode": 2,
            "new_mui": 1.0,
            "new_vari": null,
            "true_params": {
                "Si": [
                    [
                        1.0,
                        -0.7557768761080039,
                        0.0,
                        -1.6260262664776381,
                        -1.5326978883044093,
                        0.04569107967628927
                    ],
                    [
                        -0.7557768761080039,
                        1.571198686459573,
                        0.0,
                        2.1864748556711264,
                        2.9183813702744166,
                        -0.5289773835430949
                    ],
                    [
                        0.0,
                        0.0,
                        1e-09,
                        9.697699356953924e-10,
                        -6.392768642206011e-11,
                        -1.746301413980238e-11
                    ],
                    [
                        -1.6260262664776381,
                        2.1864748556711264,
                        9.697699356953924e-10,
                        4.5608860277820655,
                        5.009115032960102,
                        -0.7822164702261316
                    ],
                    [
                        -1.5326978883044093,
                        2.9183813702744166,
                        -6.392768642206011e-11,
                        5.009115032960102,
                        7.138327326895952,
                        -2.1201129151060294
                    ],
                    [
                        0.04569107967628927,
                        -0.5289773835430949,
                        -1.746301413980238e-11,
                        -0.7822164702261316,
                        -2.1201129151060294,
                        2.271526167625866
                    ]
                ],
                "mui": [
                    0.0,
                    0.0,
                    1.0,
                    0.9697699356953924,
                    -0.0639276864220601,
                    -0.017463014139802377
                ],
                "Ai": [
                    [
                        0.0,
                        0.0,
                        0.0,
                        0.0,
                        0.0,
                        0.0
                    ],
                    [
                        -0.7557768761080039,
                        0.0,
                        0.0,
                        0.0,
                        0.0,
                        0.0
                    ],
                    [
                        0.0,
                        0.0,
                        0.0,
                        0.0,
                        0.0,
                        0.0
                    ],
                    [
                        -0.9023231979306064,
                        0.9575618035230962,
                        0.9697699356953924,
                        0.0,
                        0.0,
                        0.0
                    ],
                    [
                        0.547840287983248,
                        0.9636995228957895,
                        -0.8703841413050205,
                        0.8315956446976005,
                        0.0,
                        0.0
                    ],
                    [
                        0.0,
                        0.6791942455160802,
                        -0.6473159738450741,
                        0.5845631608233282,
                        -0.9848812673754277,
                        0.0
                    ]
                ]
            },
            "est_params": {
                "mui": [
                    0.014815703986705345,
                    -0.053236618490834955,
                    1.0000002059763617,
                    0.9036699998177947,
                    -0.15363429398035655,
                    -0.0015288255833525504
                ],
                "Si": [
                    [
                        0.9929528860792837,
                        -0.7156494481905243,
                        -1.9138232826319102e-07,
                        -1.5700442695543895,
                        -1.4104599795013368,
                        -0.019998397884814004
                    ],
                    [
                        -0.7156494481905243,
                        1.5436970796044274,
                        -2.2912464933498294e-06,
                        2.1282315596686794,
                        2.8465536250967927,
                        -0.5098338249261329
                    ],
                    [
                        -1.9138232826319083e-07,
                        -2.29124649334983e-06,
                        1.0054711533522363e-06,
                        -2.0971357497753644e-06,
                        -4.180805635908524e-06,
                        1.4025641167085502e-06
                    ],
                    [
                        -1.5700442695543895,
                        2.1282315596686794,
                        -2.0971357497753644e-06,
                        4.48665275296298,
                        4.84309128500152,
                        -0.7034917761926072
                    ],
                    [
                        -1.4104599795013368,
                        2.8465536250967927,
                        -4.180805635908523e-06,
                        4.84309128500152,
                        6.9600603486454435,
                        -2.095550819703577
                    ],
                    [
                        -0.019998397884814004,
                        -0.5098338249261329,
                        1.4025641167085505e-06,
                        -0.7034917761926072,
                        -2.095550819703577,
                        2.333552570317844
                    ]
                ]
            },
            "est_tgt": [
                0,
                1,
                2,
                3
            ],
            "oracle_est_tgt": [
                0,
                1,
                2,
                3
            ]
        },
        "3": {
            "intv_type": "do",
            "inode": 3,
            "new_mui": 1.0,
            "new_vari": null,
            "true_params": {
                "Si": [
                    [
                        1.0,
                        -0.7557768761080039,
                        1.0306603792564255,
                        0.0,
                        -1.0775719761139162,
                        -0.11920177872526438
                    ],
                    [
                        -0.7557768761080039,
                        1.571198686459573,
                        -1.4773396838434372,
                        0.0,
                        2.385971435195394,
                        -0.32644388846395334
                    ],
                    [
                        1.0306603792564255,
                        -1.4773396838434372,
                        2.5500099710874764,
                        0.0,
                        -3.0785625084943864,
                        0.37795574537228044
                    ],
                    [
                        0.0,
                        0.0,
                        0.0,
                        1e-09,
                        8.315956446976006e-10,
                        -2.344598116703305e-10
                    ],
                    [
                        -1.0775719761139162,
                        2.385971435195394,
                        -3.0785625084943864,
                        8.315956446976006e-10,
                        5.388554178125126,
                        -1.6937453108074774
                    ],
                    [
                        -0.11920177872526438,
                        -0.32644388846395334,
                        0.37795574537228044,
                        -2.344598116703305e-10,
                        -1.6937453108074774,
                        2.2017624262675906
                    ]
                ],
                "mui": [
                    0.0,
                    0.0,
                    0.0,
                    1.0,
                    0.8315956446976005,
                    -0.23445981167033048
                ],
                "Ai": [
                    [
                        0.0,
                        0.0,
                        0.0,
                        0.0,
                        0.0,
                        0.0
                    ],
                    [
                        -0.7557768761080039,
                        0.0,
                        0.0,
                        0.0,
                        0.0,
                        0.0
                    ],
                    [
                        0.502833062868042,
                        -0.6983904020807254,
                        0.0,
                        0.0,
                        0.0,
                        0.0
                    ],
                    [
                        0.0,
                        0.0,
                        0.0,
                        0.0,
                        0.0,
                        0.0
                    ],
                    [
                        0.547840287983248,
                        0.9636995228957895,
                        -0.8703841413050205,
                        0.8315956446976005,
                        0.0,
                        0.0
                    ],
                    [
                        0.0,
                        0.6791942455160802,
                        -0.6473159738450741,
                        0.5845631608233282,
                        -0.9848812673754277,
                        0.0
                    ]
                ]
            },
            "est_params": {
                "mui": [
                    -0.0059306846867008,
                    -0.03296596334560493,
                    0.013287066799544086,
                    0.999994734852939,
                    0.7647351986954574,
                    -0.2002449219624803
                ],
                "Si": [
                    [
                        1.0044558559623837,
                        -0.7781237048293309,
                        1.035649636613556,
                        1.6758848051240922e-06,
                        -1.1013745610150614,
                        -0.09175434582680407
                    ],
                    [
                        -0.7781237048293309,
                        1.5770373083107068,
                        -1.4880311020253423,
                        -2.4246182121427827e-06,
                        2.4122162058045915,
                        -0.3104736985637614
                    ],
                    [
                        1.035649636613556,
                        -1.4880311020253425,
                        2.5223731555187827,
                        8.674865144970824e-07,
                        -3.0592298458200156,
                        0.3104150766835893
                    ],
                    [
                        1.6758848051240922e-06,
                        -2.424618212142783e-06,
                        8.674865144970826e-07,
                        1.0186988926771953e-06,
                        -4.4826840125165075e-06,
                        2.817564995109621e-06
                    ],
                    [
                        -1.1013745610150616,
                        2.412216205804591,
                        -3.059229845820015,
                        -4.4826840125165075e-06,
                        5.453997987941106,
                        -1.6475260917598162
                    ],
                    [
                        -0.09175434582680404,
                        -0.3104736985637614,
                        0.3104150766835893,
                        2.8175649951096193e-06,
                        -1.6475260917598162,
                        2.2095068926841095
                    ]
                ]
            },
            "est_tgt": [
                0,
                1,
                3,
                5
            ],
            "oracle_est_tgt": [
                0,
                1,
                3,
                5
            ]
        },
        "4": {
            "intv_type": "do",
            "inode": 4,
            "new_mui": 1.0,
            "new_vari": null,
            "true_params": {
                "Si": [
                    [
                        1.0,
                        -0.7557768761080039,
                        1.0306603792564255,
                        -0.6265228167623457,
                        0.0,
                        -1.5467243903431138
                    ],
                    [
                        -0.7557768761080039,
                        1.571198686459573,
                        -1.4773396838434372,
                        0.7537952454700247,
                        0.0,
                        2.464095613858409
                    ],
                    [
                        1.0306603792564255,
                        -1.4773396838434372,
                        2.5500099710874764,
                        0.12829018421571925,
                        0.0,
                        -2.5790690841003987
                    ],
                    [
                        -0.6265228167623457,
                        0.7537952454700247,
                        0.12829018421571925,
                        2.411543570034131,
                        0.0,
                        1.8386286392525844
                    ],
                    [
                        0.0,
                        0.0,
                        0.0,
                        0.0,
                        1e-09,
                        -9.848812673754278e-10
                    ],
                    [
                        -1.5467243903431138,
                        2.464095613858409,
                        -2.5790690841003987,
                        1.8386286392525844,
                        -9.848812673754278e-10,
                        5.417866747033994
                    ]
                ],
                "mui": [
                    0.0,
                    0.0,
                    0.0,
                    0.0,
                    1.0,
                    -0.9848812673754277
                ],
                "Ai": [
                    [
                        0.0,
                        0.0,
                        0.0,
                        0.0,
                        0.0,
                        0.0
                    ],
                    [
                        -0.7557768761080039,
                        0.0,
                        0.0,
                        0.0,
                        0.0,
                        0.0
                    ],
                    [
                        0.502833062868042,
                        -0.6983904020807254,
                        0.0,
                        0.0,
                        0.0,
                        0.0
                    ],
                    [
                        -0.9023231979306064,
                        0.9575618035230962,
                        0.9697699356953924,
                        0.0,
                        0.0,
                        0.0
                    ],
                    [
                        0.0,
                        0.0,
                        0.0,
                        0.0,
                        0.0,
                        0.0
                    ],
                    [
                        0.0,
                        0.6791942455160802,
                        -0.6473159738450741,
                        0.5845631608233282,
                        -0.9848812673754277,
                        0.0
                    ]
                ]
            },
            "est_params": {
                "mui": [
                    -0.0324931430856644,
                    -0.004359851132281458,
                    -0.00017329925830904448,
                    0.060573171401825186,
                    1.0000002500996903,
                    -0.954342345915083
                ],
                "Si": [
                    [
                        1.040228565786292,
                        -0.7487133094412514,
                        1.0430389203157928,
                        -0.6429433022660579,
                        -1.1938660564099386e-06,
                        -1.5447946868794198
                    ],
                    [
                        -0.7487133094412514,
                        1.5409815207864894,
                        -1.445705417925218,
                        0.7226910544783878,
                        8.975133992427727e-07,
                        2.38798939066987
                    ],
                    [
                        1.0430389203157926,
                        -1.445705417925218,
                        2.4802925916795484,
                        0.10709262611609123,
                        -1.4832678469519385e-06,
                        -2.528112626672874
                    ],
                    [
                        -0.6429433022660579,
                        0.7226910544783878,
                        0.10709262611609123,
                        2.3858238028123337,
                        -3.4576917269256196e-06,
                        1.8022655557160796
                    ],
                    [
                        -1.193866056409939e-06,
                        8.975133992427727e-07,
                        -1.4832678469519391e-06,
                        -3.4576917269256196e-06,
                        1.013394016321782e-06,
                        2.6045401536400127e-06
                    ],
                    [
                        -1.5447946868794198,
                        2.38798939066987,
                        -2.528112626672874,
                        1.8022655557160796,
                        2.604540153640012e-06,
                        5.306116846774954
                    ]
                ]
            },
            "est_tgt": [
                0,
                4,
                5
            ],
            "oracle_est_tgt": [
                0,
                4,
                5
            ]
        },
        "5": {
            "intv_type": "do",
            "inode": 5,
            "new_mui": 1.0,
            "new_vari": null,
            "true_params": {
                "Si": [
                    [
                        1.0,
                        -0.7557768761080039,
                        1.0306603792564255,
                        -0.6265228167623457,
                        -1.5985856218371557,
                        0.0
                    ],
                    [
                        -0.7557768761080039,
                        1.571198686459573,
                        -1.4773396838434372,
                        0.7537952454700247,
                        3.012824278322025,
                        0.0
                    ],
                    [
                        1.0306603792564255,
                        -1.4773396838434372,
                        2.5500099710874764,
                        0.12829018421571925,
                        -2.9718769500431415,
                        0.0
                    ],
                    [
                        -0.6265228167623457,
                        0.7537952454700247,
                        0.12829018421571925,
                        2.411543570034131,
                        2.2769650660698426,
                        0.0
                    ],
                    [
                        -1.5985856218371557,
                        3.012824278322025,
                        -2.9718769500431415,
                        2.2769650660698426,
                        7.507876511454389,
                        0.0
                    ],
                    [
                        0.0,
                        0.0,
                        0.0,
                        0.0,
                        0.0,
                        1e-09
                    ]
                ],
                "mui": [
                    0.0,
                    0.0,
                    0.0,
                    0.0,
                    0.0,
                    1.0
                ],
                "Ai": [
                    [
                        0.0,
                        0.0,
                        0.0,
                        0.0,
                        0.0,
                        0.0
                    ],
                    [
                        -0.7557768761080039,
                        0.0,
                        0.0,
                        0.0,
                        0.0,
                        0.0
                    ],
                    [
                        0.502833062868042,
                        -0.6983904020807254,
                        0.0,
                        0.0,
                        0.0,
                        0.0
                    ],
                    [
                        -0.9023231979306064,
                        0.9575618035230962,
                        0.9697699356953924,
                        0.0,
                        0.0,
                        0.0
                    ],
                    [
                        0.547840287983248,
                        0.9636995228957895,
                        -0.8703841413050205,
                        0.8315956446976005,
                        0.0,
                        0.0
                    ],
                    [
                        0.0,
                        0.0,
                        0.0,
                        0.0,
                        0.0,
                        0.0
                    ]
                ]
            },
            "est_params": {
                "mui": [
                    0.005591451592022521,
                    0.0023254437028826535,
                    0.017834453562929717,
                    -0.0033534360149620555,
                    -0.025291703745311284,
                    1.000000427551162
                ],
                "Si": [
                    [
                        0.9965027014009366,
                        -0.7577874697844517,
                        1.0341563600269088,
                        -0.6459539568547654,
                        -1.6212538759245836,
                        2.7267505238397176e-06
                    ],
                    [
                        -0.7577874697844518,
                        1.5859265416753645,
                        -1.5110536788868136,
                        0.7754314572435921,
                        3.0541878872527115,
                        -4.511714956223084e-06
                    ],
                    [
                        1.0341563600269088,
                        -1.5110536788868134,
                        2.527054775496153,
                        0.011462420982374641,
                        -3.100491229808074,
                        6.688028726422691e-06
                    ],
                    [
                        -0.6459539568547653,
                        0.775431457243592,
                        0.011462420982374641,
                        2.32993986392439,
                        2.273382902710604,
                        -4.366866753588104e-07
                    ],
                    [
                        -1.6212538759245836,
                        3.0541878872527115,
                        -3.1004912298080742,
                        2.273382902710604,
                        7.59478678960111,
                        -7.551005737795721e-06
                    ],
                    [
                        2.7267505238397176e-06,
                        -4.511714956223084e-06,
                        6.688028726422691e-06,
                        -4.366866753588098e-07,
                        -7.551005737795719e-06,
                        1.0066603483228083e-06
                    ]
                ]
            },
            "est_tgt": [
                4,
                5
            ],
            "oracle_est_tgt": [
                4,
                5
            ]
        },
        "obs": {
            "intv_type": "obs",
            "true_params": {
                "Si": [
                    [
                        1.0,
                        -0.7557768761080039,
                        1.0306603792564255,
                        -0.6265228167623457,
                        -1.5985856218371557,
                        0.027692642900000175
                    ],
                    [
                        -0.7557768761080039,
                        1.571198686459573,
                        -1.4773396838434372,
                        0.7537952454700247,
                        3.012824278322025,
                        -0.5031785797548457
                    ],
                    [
                        1.0306603792564255,
                        -1.4773396838434372,
                        2.5500099710874764,
                        0.12829018421571925,
                        -2.9718769500431415,
                        0.34787685294191073
                    ],
                    [
                        -0.6265228167623457,
                        0.7537952454700247,
                        0.12829018421571925,
                        2.411543570034131,
                        2.2769650660698426,
                        -0.4039116007878568
                    ],
                    [
                        -1.5985856218371557,
                        3.012824278322025,
                        -2.9718769500431415,
                        2.2769650660698426,
                        7.507876511454389,
                        -2.0933007031409554
                    ],
                    [
