{
    "expt_args": {
        "save_dir": "all_expt_logs/expt_logs_11.05.24-sparsity_n6-corr",
        "exp_name": "559",
        "num_nodes": 6,
        "obs_noise_mean": 0.0,
        "obs_noise_var": 1.0,
        "max_edge_strength": 1.0,
        "graph_sparsity_method": "adj_dense_prop",
        "adj_dense_prop": 0.9,
        "num_parents": null,
        "new_noise_mean": 1.0,
        "mix_samples": 131072,
        "stage2_samples": 131072,
        "gmm_tol": 0.001,
        "intv_type": "do",
        "new_noise_var": null,
        "intv_targets": [
            0,
            1,
            2,
            3,
            4,
            5
        ]
    },
    "intv_args_dict": {
        "0": {
            "intv_type": "do",
            "inode": 0,
            "new_mui": 1.0,
            "new_vari": null,
            "true_params": {
                "Si": [
                    [
                        1e-09,
                        -9.81761338518062e-10,
                        -1.6953629212909518e-09,
                        0.0,
                        -9.046667526626534e-10,
                        1.8603228224054642e-09
                    ],
                    [
                        -9.81761338518062e-10,
                        1.0000000009638552,
                        0.8877162616099431,
                        0.0,
                        1.158945079728365,
                        -0.878693890949425
                    ],
                    [
                        -1.6953629212909518e-09,
                        0.8877162616099431,
                        1.7880401610458843,
                        0.0,
                        1.6346868690601526,
                        -2.0952107138504514
                    ],
                    [
                        0.0,
                        0.0,
                        0.0,
                        1.0,
                        0.0,
                        0.6307911637543727
                    ],
                    [
                        -9.046667526626534e-10,
                        1.158945079728365,
                        1.6346868690601526,
                        0.0,
                        2.7102351545557912,
                        -2.623427624148096
                    ],
                    [
                        1.8603228224054642e-09,
                        -0.878693890949425,
                        -2.0952107138504514,
                        0.6307911637543727,
                        -2.623427624148096,
                        4.552947793759729
                    ]
                ],
                "mui": [
                    1.0,
                    -0.9817613385180619,
                    -1.6953629212909518,
                    0.0,
                    -0.9046667526626533,
                    1.860322822405464
                ],
                "Ai": [
                    [
                        0.0,
                        0.0,
                        0.0,
                        0.0,
                        0.0,
                        0.0
                    ],
                    [
                        -0.9817613385180619,
                        0.0,
                        0.0,
                        0.0,
                        0.0,
                        0.0
                    ],
                    [
                        -0.8238374177026085,
                        0.8877162599455013,
                        0.0,
                        0.0,
                        0.0,
                        0.0
                    ],
                    [
                        0.0,
                        -0.0,
                        0.0,
                        0.0,
                        0.0,
                        0.0
                    ],
                    [
                        0.7322811358339064,
                        0.6211022298590831,
                        0.6058724766561493,
                        -0.0,
                        0.0,
                        0.0
                    ],
                    [
                        0.5060184792445601,
                        0.7908113193076308,
                        -0.8254904650552922,
                        0.6307911637543727,
                        -0.8082383861610618,
                        0.0
                    ]
                ]
            },
            "est_params": {
                "mui": [
                    0.9999990026650504,
                    -0.9783561387814018,
                    -1.7026175183814978,
                    0.0052849788306005745,
                    -0.9094319382452949,
                    1.8715950980121137
                ],
                "Si": [
                    [
                        1.0149184878538887e-06,
                        -9.791237698860371e-07,
                        -1.4503810322536683e-07,
                        -9.465688852101591e-07,
                        -8.940806271319132e-07,
                        -6.95536583464099e-07
                    ],
                    [
                        -9.791237698860371e-07,
                        0.9973096002929099,
                        0.8748483686689195,
                        0.005245541183678318,
                        1.1370941451824452,
                        -0.8343320804941402
                    ],
                    [
                        -1.4503810322536713e-07,
                        0.8748483686689195,
                        1.7609875404128554,
                        0.005655991592673411,
                        1.6022855119904036,
                        -2.0378398795410204
                    ],
                    [
                        -9.465688852101589e-07,
                        0.0052455411836783185,
                        0.005655991592673406,
                        0.9926931895357555,
                        0.006569466872955832,
                        0.630420272497103
                    ],
                    [
                        -8.940806271319127e-07,
                        1.1370941451824452,
                        1.6022855119904034,
                        0.006569466872955832,
                        2.683789184678138,
                        -2.5817447330973557
                    ],
                    [
                        -6.955365834640989e-07,
                        -0.8343320804941402,
                        -2.0378398795410204,
                        0.630420272497103,
                        -2.5817447330973557,
                        4.510376370626103
                    ]
                ]
            },
            "est_tgt": [
                0
            ],
            "oracle_est_tgt": [
                0
            ]
        },
        "1": {
            "intv_type": "do",
            "inode": 1,
            "new_mui": 1.0,
            "new_vari": null,
            "true_params": {
                "Si": [
                    [
                        1.0,
                        0.0,
                        -0.8238374177026085,
                        0.0,
                        0.23314071920842042,
                        0.9976551336723946
                    ],
                    [
                        0.0,
                        1e-09,
                        8.877162599455013e-10,
                        0.0,
                        1.158945078840198e-09,
                        -8.78693889123032e-10
                    ],
                    [
                        -0.8238374177026085,
                        8.877162599455013e-10,
                        1.6787080915949426,
                        0.0,
                        0.4138024296109697,
                        -2.137085487669711
                    ],
                    [
                        0.0,
                        0.0,
                        0.0,
                        1.0,
                        0.0,
                        0.6307911637543727
                    ],
                    [
                        0.23314071920842042,
                        1.158945078840198e-09,
                        0.4138024296109697,
                        0.0,
                        1.4214360542656295,
                        -1.372475629491034
                    ],
                    [
                        0.9976551336723946,
                        -8.78693889123032e-10,
                        -2.137085487669711,
                        0.6307911637543727,
                        -1.372475629491034,
                        4.776160606031755
                    ]
                ],
                "mui": [
                    0.0,
                    1.0,
                    0.8877162599455013,
                    0.0,
                    1.158945078840198,
                    -0.8786938891230319
                ],
                "Ai": [
                    [
                        0.0,
                        0.0,
                        0.0,
                        0.0,
                        0.0,
                        0.0
                    ],
                    [
                        0.0,
                        0.0,
                        0.0,
                        0.0,
                        0.0,
                        0.0
                    ],
                    [
                        -0.8238374177026085,
                        0.8877162599455013,
                        0.0,
                        0.0,
                        0.0,
                        0.0
                    ],
                    [
                        0.0,
                        -0.0,
                        0.0,
                        0.0,
                        0.0,
                        0.0
                    ],
                    [
                        0.7322811358339064,
                        0.6211022298590831,
                        0.6058724766561493,
                        -0.0,
                        0.0,
                        0.0
                    ],
                    [
                        0.5060184792445601,
                        0.7908113193076308,
                        -0.8254904650552922,
                        0.6307911637543727,
                        -0.8082383861610618,
                        0.0
                    ]
                ]
            },
            "est_params": {
                "mui": [
                    0.0060449117839731815,
                    0.9999999406724622,
                    0.8722499197340331,
                    3.566192329893368e-05,
                    1.1679791260794596,
                    -0.880627291166362
                ],
                "Si": [
                    [
                        1.0030985134497807,
                        -3.7187274174017566e-07,
                        -0.8371221203645707,
                        0.006797202529525496,
                        0.2075268873572502,
                        1.0427711477013446
                    ],
                    [
                        -3.718727417401756e-07,
                        1.0113581949235032e-06,
                        3.630052205884389e-07,
                        8.2097172879468e-07,
                        -7.55611694031691e-08,
                        -1.1361737355481366e-07
                    ],
                    [
                        -0.8371221203645708,
                        3.6300522058843886e-07,
                        1.6992020852386134,
                        -0.004723531789322051,
                        0.4361713149895348,
                        -2.193768240051652
                    ],
                    [
                        0.006797202529525491,
                        8.2097172879468e-07,
                        -0.004723531789322042,
                        0.9957594282572703,
                        -0.0007200605900299871,
                        0.64251755903264
                    ],
                    [
                        0.2075268873572502,
                        -7.556116940316917e-08,
                        0.4361713149895348,
                        -0.0007200605900299863,
                        1.4230291780702335,
                        -1.4038821463239182
                    ],
                    [
                        1.0427711477013446,
                        -1.1361737355481384e-07,
                        -2.193768240051652,
                        0.64251755903264,
                        -1.4038821463239182,
                        4.901843348068866
                    ]
                ]
            },
            "est_tgt": [
                1,
                5
            ],
            "oracle_est_tgt": [
                1
            ]
        },
        "2": {
            "intv_type": "do",
            "inode": 2,
            "new_mui": 1.0,
            "new_vari": null,
            "true_params": {
                "Si": [
                    [
                        1.0,
                        -0.9817613385180619,
                        0.0,
                        0.0,
                        0.12250697929089999,
                        -0.3693843433496776
                    ],
                    [
                        -0.9817613385180619,
                        1.9638553258087765,
                        0.0,
                        0.0,
                        0.5008296138926447,
                        0.6514599227598834
                    ],
                    [
                        0.0,
                        0.0,
                        1e-09,
                        0.0,
                        6.058724766561493e-10,
                        -1.3151798578072641e-09
                    ],
                    [
                        0.0,
                        0.0,
                        0.0,
                        1.0,
                        0.0,
                        0.6307911637543727
                    ],
                    [
                        0.12250697929089999,
                        0.5008296138926447,
                        6.058724766561493e-10,
                        0.0,
                        1.4007759402779878,
                        -0.674108362775267
                    ],
                    [
                        -0.3693843433496776,
                        0.6514599227598834,
                        -1.3151798578072641e-09,
                        0.6307911637543727,
                        -0.674108362775267,
                        2.271004325898658
                    ]
                ],
                "mui": [
                    0.0,
                    0.0,
                    1.0,
                    0.0,
                    0.6058724766561493,
                    -1.315179857807264
                ],
                "Ai": [
                    [
                        0.0,
                        0.0,
                        0.0,
                        0.0,
                        0.0,
                        0.0
                    ],
                    [
                        -0.9817613385180619,
                        0.0,
                        0.0,
                        0.0,
                        0.0,
                        0.0
                    ],
                    [
                        0.0,
                        0.0,
                        0.0,
                        0.0,
                        0.0,
                        0.0
                    ],
                    [
                        0.0,
                        -0.0,
                        0.0,
                        0.0,
                        0.0,
                        0.0
                    ],
                    [
                        0.7322811358339064,
                        0.6211022298590831,
                        0.6058724766561493,
                        -0.0,
                        0.0,
                        0.0
                    ],
                    [
                        0.5060184792445601,
                        0.7908113193076308,
                        -0.8254904650552922,
                        0.6307911637543727,
                        -0.8082383861610618,
                        0.0
                    ]
                ]
            },
            "est_params": {
                "mui": [
                    0.004526490358711107,
                    -0.006395168346652902,
                    0.9999993914639064,
                    0.01436760620518557,
                    0.5992311662094074,
                    -1.2957116940839055
                ],
                "Si": [
                    [
                        1.0088306096955633,
                        -0.9925324948663922,
                        2.113099078514558e-07,
                        -0.018810074726765373,
                        0.12032916304198682,
                        -0.39421091831467975
                    ],
                    [
                        -0.9925324948663922,
                        1.984042335274664,
                        -7.79978557366518e-07,
                        0.02146966627795528,
                        0.5031360600263759,
                        0.6841192470924906
                    ],
                    [
                        2.1130990785145574e-07,
                        -7.799785573665178e-07,
                        1.0096975301755565e-06,
                        -5.547628475365777e-07,
                        6.390246075974847e-07,
                        -1.6721770902483608e-06
                    ],
                    [
                        -0.01881007472676537,
                        0.021469666277955272,
                        -5.547628475365779e-07,
                        0.9900218146828622,
                        -0.00775799737810267,
                        0.6513861200757821
                    ],
                    [
                        0.12032916304198682,
                        0.503136060026376,
                        6.390246075974849e-07,
                        -0.007757997378102673,
                        1.3931435607866538,
                        -0.6739307869643814
                    ],
                    [
                        -0.39421091831467975,
                        0.6841192470924905,
                        -1.6721770902483608e-06,
                        0.651386120075782,
                        -0.6739307869643811,
                        2.3101879845336386
                    ]
                ]
            },
            "est_tgt": [
                2
            ],
            "oracle_est_tgt": [
                2
            ]
        },
        "3": {
            "intv_type": "do",
            "inode": 3,
            "new_mui": 1.0,
            "new_vari": null,
            "true_params": {
                "Si": [
                    [
                        1.0,
                        -0.9817613385180619,
                        -1.6953629212909518,
                        0.0,
                        -0.9046667526626533,
                        1.860322822405464
                    ],
                    [
                        -0.9817613385180619,
                        1.9638553258087765,
                        2.5521580308259977,
                        0.0,
                        2.047111920847073,
                        -2.705086913323519
                    ],
                    [
                        -1.6953629212909518,
                        2.5521580308259977,
                        4.662295593059818,
                        0.0,
                        3.168425336115369,
                        -5.249133045434085
                    ],
                    [
                        0.0,
                        0.0,
                        0.0,
                        1e-09,
                        0.0,
                        6.307911637543728e-10
                    ],
                    [
                        -0.9046667526626533,
                        2.047111920847073,
                        3.168425336115369,
                        0.0,
                        3.5286570871105596,
                        -4.306399829114897
                    ],
                    [
                        1.860322822405464,
                        -2.705086913323519,
                        -5.249133045434085,
                        6.307911637543728e-10,
                        -4.306399829114897,
                        7.615851301988862
                    ]
                ],
                "mui": [
                    0.0,
                    0.0,
                    0.0,
                    1.0,
                    0.0,
                    0.6307911637543727
                ],
                "Ai": [
                    [
                        0.0,
                        0.0,
                        0.0,
                        0.0,
                        0.0,
                        0.0
                    ],
                    [
                        -0.9817613385180619,
                        0.0,
                        0.0,
                        0.0,
                        0.0,
                        0.0
                    ],
                    [
                        -0.8238374177026085,
                        0.8877162599455013,
                        0.0,
                        0.0,
                        0.0,
                        0.0
                    ],
                    [
                        0.0,
                        0.0,
                        0.0,
                        0.0,
                        0.0,
                        0.0
                    ],
                    [
                        0.7322811358339064,
                        0.6211022298590831,
                        0.6058724766561493,
                        -0.0,
                        0.0,
                        0.0
                    ],
                    [
                        0.5060184792445601,
                        0.7908113193076308,
                        -0.8254904650552922,
                        0.6307911637543727,
                        -0.8082383861610618,
                        0.0
                    ]
                ]
            },
            "est_params": {
                "mui": [
                    0.0009829629896258435,
                    0.0006974460062300914,
                    -0.0028695677074925346,
                    1.0000007218724747,
                    -0.015175795621257116,
                    0.6528166164902389
                ],
                "Si": [
                    [
                        0.9986812806092844,
                        -0.9793314024394494,
                        -1.691520740367514,
                        4.989918643584998e-07,
                        -0.8970307314992778,
                        1.83984635631729
                    ],
                    [
                        -0.9793314024394494,
                        1.9679586549425203,
                        2.555541877599316,
                        -9.722151804797237e-07,
                        2.0383615423676447,
                        -2.6838496697971594
                    ],
                    [
                        -1.691520740367514,
                        2.555541877599316,
                        4.657255804201551,
                        -1.1307218165784583e-06,
                        3.1533100216895202,
                        -5.2041916951905
                    ],
                    [
                        4.989918643584998e-07,
                        -9.722151804797237e-07,
                        -1.1307218165784583e-06,
                        1.0109923538758478e-06,
                        3.892670193154552e-07,
                        7.493184321759254e-07
                    ],
                    [
                        -0.8970307314992778,
                        2.038361542367644,
                        3.1533100216895202,
                        3.892670193154552e-07,
                        3.5122998241341965,
                        -4.259553835652224
                    ],
                    [
                        1.83984635631729,
                        -2.6838496697971594,
                        -5.2041916951905,
                        7.493184321759255e-07,
                        -4.259553835652224,
                        7.50257712905042
                    ]
                ]
            },
            "est_tgt": [
                3
            ],
            "oracle_est_tgt": [
                3
            ]
        },
        "4": {
            "intv_type": "do",
            "inode": 4,
            "new_mui": 1.0,
            "new_vari": null,
            "true_params": {
                "Si": [
                    [
                        1.0,
                        -0.9817613385180619,
                        -1.6953629212909518,
                        0.0,
                        0.0,
                        1.1291364262198327
                    ],
                    [
                        -0.9817613385180619,
                        1.9638553258087765,
                        2.5521580308259977,
                        0.0,
                        0.0,
                        -1.0505324781270093
                    ],
                    [
                        -1.6953629212909518,
                        2.5521580308259977,
                        4.662295593059818,
                        0.0,
                        0.0,
                        -2.688290065100379
                    ],
                    [
                        0.0,
                        0.0,
                        0.0,
                        1.0,
                        0.0,
                        0.6307911637543727
                    ],
                    [
                        0.0,
                        0.0,
                        0.0,
                        0.0,
                        1e-09,
                        -8.082383861610619e-10
                    ],
                    [
                        1.1291364262198327,
                        -1.0505324781270093,
                        -2.688290065100379,
                        0.6307911637543727,
                        -8.082383861610619e-10,
                        3.3576462312193414
                    ]
                ],
                "mui": [
                    0.0,
                    0.0,
                    0.0,
                    0.0,
                    1.0,
                    -0.8082383861610618
                ],
                "Ai": [
                    [
                        0.0,
                        0.0,
                        0.0,
                        0.0,
                        0.0,
                        0.0
                    ],
                    [
                        -0.9817613385180619,
                        0.0,
                        0.0,
                        0.0,
                        0.0,
                        0.0
                    ],
                    [
                        -0.8238374177026085,
                        0.8877162599455013,
                        0.0,
                        0.0,
                        0.0,
                        0.0
                    ],
                    [
                        0.0,
                        -0.0,
                        0.0,
                        0.0,
                        0.0,
                        0.0
                    ],
                    [
                        0.0,
                        0.0,
                        0.0,
                        0.0,
                        0.0,
                        0.0
                    ],
                    [
                        0.5060184792445601,
                        0.7908113193076308,
                        -0.8254904650552922,
                        0.6307911637543727,
                        -0.8082383861610618,
                        0.0
                    ]
                ]
            },
            "est_params": {
                "mui": [
                    -0.0010609243388059121,
                    0.014324734962693294,
                    0.014417937377492786,
                    -0.0034325440512418116,
                    0.9999999431145419,
                    -0.8102578013891356
                ],
                "Si": [
                    [
                        1.0047567821832062,
                        -0.9738418007311875,
                        -1.7037471971608757,
                        0.0009949848176455645,
                        1.1269633290286219e-07,
                        1.143974986440663
                    ],
                    [
                        -0.9738418007311875,
                        1.9519130532238067,
                        2.5443739677558064,
                        -0.006642574765246852,
                        1.0095011727596618e-06,
                        -1.0611382129296913
                    ],
                    [
                        -1.7037471971608757,
                        2.5443739677558064,
                        4.690344127514759,
                        0.0037738030145868253,
                        -5.631612811651361e-07,
                        -2.7258547231911563
                    ],
                    [
                        0.0009949848176455656,
                        -0.006642574765246858,
                        0.0037738030145868283,
                        0.9865009307653646,
                        -1.2026110199756012e-08,
                        0.6180609279893129
                    ],
                    [
                        1.1269633290286235e-07,
                        1.0095011727596622e-06,
                        -5.631612811651361e-07,
                        -1.2026110199755954e-08,
                        1.0098841254065735e-06,
                        5.41230317591083e-07
                    ],
                    [
                        1.143974986440663,
                        -1.0611382129296913,
                        -2.7258547231911563,
                        0.6180609279893129,
                        5.412303175910829e-07,
                        3.378445349521383
                    ]
                ]
            },
            "est_tgt": [
                4
            ],
            "oracle_est_tgt": [
                4
            ]
        },
        "5": {
            "intv_type": "do",
            "inode": 5,
            "new_mui": 1.0,
            "new_vari": null,
            "true_params": {
                "Si": [
                    [
                        1.0,
                        -0.9817613385180619,
                        -1.6953629212909518,
                        0.0,
                        -0.9046667526626533,
                        0.0
                    ],
                    [
                        -0.9817613385180619,
                        1.9638553258087765,
                        2.5521580308259977,
                        0.0,
                        2.047111920847073,
                        0.0
                    ],
                    [
                        -1.6953629212909518,
                        2.5521580308259977,
                        4.662295593059818,
                        0.0,
                        3.168425336115369,
                        0.0
                    ],
                    [
                        0.0,
                        0.0,
                        0.0,
                        1.0,
                        0.0,
                        0.0
                    ],
                    [
                        -0.9046667526626533,
                        2.047111920847073,
                        3.168425336115369,
                        0.0,
                        3.5286570871105596,
                        0.0
                    ],
                    [
                        0.0,
                        0.0,
                        0.0,
                        0.0,
                        0.0,
                        1e-09
                    ]
                ],
                "mui": [
                    0.0,
                    0.0,
                    0.0,
                    0.0,
                    0.0,
                    1.0
                ],
                "Ai": [
                    [
                        0.0,
                        0.0,
                        0.0,
                        0.0,
                        0.0,
                        0.0
                    ],
                    [
                        -0.9817613385180619,
                        0.0,
                        0.0,
                        0.0,
                        0.0,
                        0.0
                    ],
                    [
                        -0.8238374177026085,
                        0.8877162599455013,
                        0.0,
                        0.0,
                        0.0,
                        0.0
                    ],
                    [
                        0.0,
                        -0.0,
                        0.0,
                        0.0,
                        0.0,
                        0.0
                    ],
                    [
                        0.7322811358339064,
                        0.6211022298590831,
                        0.6058724766561493,
                        -0.0,
                        0.0,
                        0.0
                    ],
                    [
                        0.0,
                        0.0,
                        0.0,
                        0.0,
                        0.0,
                        0.0
                    ]
                ]
            },
            "est_params": {
                "mui": [
                    0.005025088914156027,
                    0.005506756126109262,
                    0.011316258874877236,
                    -0.002439490108330042,
                    0.004361796664039218,
                    1.0000002250299307
                ],
                "Si": [
                    [
                        0.991616358117597,
                        -0.9666177288629734,
                        -1.6786959901796448,
                        -0.004376077279141341,
                        -0.8902115364879831,
                        -1.2713324948602495e-07
                    ],
                    [
                        -0.9666177288629734,
                        1.9480369671907434,
                        2.528005208840481,
                        0.017792718448835274,
                        2.0313344360370897,
                        6.393183885951267e-08
                    ],
                    [
                        -1.6786959901796448,
                        2.528005208840481,
                        4.625700922897336,
                        0.028132332287209946,
                        3.149278236425379,
                        5.945762301774734e-07
                    ],
                    [
                        -0.004376077279141334,
                        0.017792718448835274,
                        0.028132332287209946,
                        0.9938133617878704,
                        0.022301866955406913,
                        1.0858911080795618e-06
                    ],
                    [
                        -0.8902115364879831,
                        2.0313344360370897,
                        3.149278236425379,
                        0.02230186695540691,
                        3.527079688836217,
                        3.659209062566732e-07
                    ],
                    [
                        -1.2713324948602487e-07,
                        6.393183885951251e-08,
                        5.945762301774732e-07,
                        1.0858911080795618e-06,
                        3.659209062566732e-07,
                        1.006500090958219e-06
                    ]
                ]
            },
            "est_tgt": [
                5
            ],
            "oracle_est_tgt": [
                5
            ]
        },
        "obs": {
            "intv_type": "obs",
            "true_params": {
                "Si": [
                    [
                        1.0,
                        -0.9817613385180619,
                        -1.6953629212909518,
                        0.0,
                        -0.9046667526626533,
                        1.860322822405464
                    ],
                    [
                        -0.9817613385180619,
                        1.9638553258087765,
                        2.5521580308259977,
                        0.0,
                        2.047111920847073,
                        -2.705086913323519
                    ],
                    [
                        -1.6953629212909518,
                        2.5521580308259977,
                        4.662295593059818,
                        0.0,
                        3.168425336115369,
                        -5.249133045434085
                    ],
                    [
                        0.0,
                        0.0,
                        0.0,
                        1.0,
                        0.0,
                        0.6307911637543727
                    ],
                    [
                        -0.9046667526626533,
                        2.047111920847073,
                        3.168425336115369,
                        0.0,
                        3.5286570871105596,
                        -4.306399829114897
                    ],
                    [
                        1.860322822405464,
                        -2.705086913323519,
                        -5.249133045434085,
                        0.6307911637543727,
                        -4.306399829114897,
                        8.01374879386156
                    ]
                ],
                "mui": [
                    0.0,
                    0.0,
                    0.0,
                    0.0,
                    0.0,
                    0.0
                ],
                "Ai": [
                    [
                        0.0,
                        0.0,
                        0.0,
                        0.0,
                        0.0,
                        0.0
                    ],
                    [
                        -0.9817613385180619,
                        0.0,
                        0.0,
                        0.0,
                        0.0,
                        0.0
                    ],
                    [
                        -0.8238374177026085,
                        0.8877162599455013,
                        0.0,
                        0.0,
                        0.0,
                        0.0
                    ],
                    [
                        0.0,
                        -0.0,
                        0.0,
                        0.0,
                        0.0,
                        0.0
                    ],
                    [
                        0.7322811358339064,
                        0.6211022298590831,
                        0.6058724766561493,
                        -0.0,
                        0.0,
                        0.0
                    ],
                    [
                        0.5060184792445601,
                        0.7908113193076308,
