{
    "expt_args": {
        "save_dir": "all_expt_logs/expt_logs_11.05.24-sparsity_n6-corr",
        "exp_name": "344",
        "num_nodes": 6,
        "obs_noise_mean": 0.0,
        "obs_noise_var": 1.0,
        "max_edge_strength": 1.0,
        "graph_sparsity_method": "adj_dense_prop",
        "adj_dense_prop": 0.6,
        "num_parents": null,
        "new_noise_mean": 1.0,
        "mix_samples": 1024,
        "stage2_samples": 1024,
        "gmm_tol": 0.001,
        "intv_type": "do",
        "new_noise_var": null,
        "intv_targets": [
            0,
            1,
            2,
            3,
            4,
            5
        ]
    },
    "intv_args_dict": {
        "0": {
            "intv_type": "do",
            "inode": 0,
            "new_mui": 1.0,
            "new_vari": null,
            "true_params": {
                "Si": [
                    [
                        1e-09,
                        0.0,
                        0.0,
                        9.2760703544659e-10,
                        1.871935302906094e-10,
                        9.959251115820586e-11
                    ],
                    [
                        0.0,
                        1.0,
                        0.833260649111149,
                        -0.8039288563201137,
                        -0.035661043104797285,
                        1.3551843339616754
                    ],
                    [
                        0.0,
                        0.833260649111149,
                        1.6943233093571335,
                        -1.6346810590191416,
                        -0.750331087309959,
                        1.2684396206884525
                    ],
                    [
                        9.2760703544659e-10,
                        -0.8039288563201137,
                        -1.6346810590191416,
                        2.5771382896147017,
                        1.470826741946238,
                        -0.826411663655501
                    ],
                    [
                        1.871935302906094e-10,
                        -0.035661043104797285,
                        -0.750331087309959,
                        1.470826741946238,
                        2.078431233259682,
                        0.6801841511274169
                    ],
                    [
                        9.959251115820586e-11,
                        1.3551843339616754,
                        1.2684396206884525,
                        -0.826411663655501,
                        0.6801841511274169,
                        3.296870495509252
                    ]
                ],
                "mui": [
                    1.0,
                    0.0,
                    0.0,
                    0.92760703544659,
                    0.1871935302906094,
                    0.09959251115820586
                ],
                "Ai": [
                    [
                        0.0,
                        0.0,
                        0.0,
                        0.0,
                        0.0,
                        0.0
                    ],
                    [
                        0.0,
                        0.0,
                        0.0,
                        0.0,
                        0.0,
                        0.0
                    ],
                    [
                        0.0,
                        0.833260649111149,
                        0.0,
                        0.0,
                        0.0,
                        0.0
                    ],
                    [
                        0.92760703544659,
                        0.0,
                        -0.9647987783626599,
                        0.0,
                        0.0,
                        0.0
                    ],
                    [
                        -0.5056437943940653,
                        0.5648000322917233,
                        0.0,
                        0.7469082253684212,
                        0.0,
                        0.0
                    ],
                    [
                        -0.0,
                        0.9386892119999002,
                        0.5226070080627164,
                        -0.0,
                        0.5320296647196783,
                        0.0
                    ]
                ]
            },
            "est_params": {
                "mui": [
                    0.9999991853349498,
                    -0.06815913660900222,
                    0.01364173124763086,
                    0.8750828066615214,
                    0.04885840479370566,
                    -0.0011520037951880389
                ],
                "Si": [
                    [
                        1.0009453248750775e-06,
                        -1.9166317996053425e-06,
                        2.6617432951338383e-06,
                        -4.07010401893285e-06,
                        -6.77244074356247e-06,
                        -9.028865539760272e-07
                    ],
                    [
                        -1.9166317996053425e-06,
                        1.0133296764179052,
                        0.8160712567902935,
                        -0.7695423495889715,
                        -0.010031273524182791,
                        1.4195112300034454
                    ],
                    [
                        2.6617432951338387e-06,
                        0.8160712567902935,
                        1.7557163749202744,
                        -1.6680463201839892,
                        -0.8287315953472172,
                        1.309140542804763
                    ],
                    [
                        -4.07010401893285e-06,
                        -0.7695423495889715,
                        -1.6680463201839892,
                        2.442992520256443,
                        1.5039342966930602,
                        -1.0106508061661215
                    ],
                    [
                        -6.77244074356247e-06,
                        -0.010031273524182843,
                        -0.8287315953472173,
                        1.5039342966930602,
                        2.284048022770264,
                        0.5300087281396172
                    ],
                    [
                        -9.02886553976028e-07,
                        1.4195112300034454,
                        1.309140542804763,
                        -1.0106508061661215,
                        0.5300087281396172,
                        3.2348150473708865
                    ]
                ]
            },
            "est_tgt": [
                0
            ],
            "oracle_est_tgt": [
                0
            ]
        },
        "1": {
            "intv_type": "do",
            "inode": 1,
            "new_mui": 1.0,
            "new_vari": null,
            "true_params": {
                "Si": [
                    [
                        1.0,
                        0.0,
                        0.0,
                        0.92760703544659,
                        0.1871935302906094,
                        0.09959251115820586
                    ],
                    [
                        0.0,
                        1e-09,
                        8.332606491111491e-10,
                        -8.039288563201138e-10,
                        -3.5661043104797286e-11,
                        1.3551843339616754e-09
                    ],
                    [
                        0.0,
                        8.332606491111491e-10,
                        1.0000000006943233,
                        -0.9647987790325422,
                        -0.7206161434141899,
                        0.13921784403550835
                    ],
                    [
                        0.92760703544659,
                        -8.039288563201138e-10,
                        -0.9647987790325422,
                        2.7912914955863934,
                        1.6157998358904966,
                        0.355442840895534
                    ],
                    [
                        0.1871935302906094,
                        -3.5661043104797286e-11,
                        -0.7206161434141899,
                        1.6157998358904966,
                        2.1122009410132514,
                        0.7471545117630113
                    ],
                    [
                        0.09959251115820586,
                        1.3551843339616754e-09,
                        0.13921784403550835,
                        0.355442840895534,
                        0.7471545117630113,
                        1.4702645865995057
                    ]
                ],
                "mui": [
                    0.0,
                    1.0,
                    0.833260649111149,
                    -0.8039288563201137,
                    -0.035661043104797285,
                    1.3551843339616754
                ],
                "Ai": [
                    [
                        0.0,
                        0.0,
                        0.0,
                        0.0,
                        0.0,
                        0.0
                    ],
                    [
                        0.0,
                        0.0,
                        0.0,
                        0.0,
                        0.0,
                        0.0
                    ],
                    [
                        0.0,
                        0.833260649111149,
                        0.0,
                        0.0,
                        0.0,
                        0.0
                    ],
                    [
                        0.92760703544659,
                        0.0,
                        -0.9647987783626599,
                        0.0,
                        0.0,
                        0.0
                    ],
                    [
                        -0.5056437943940653,
                        0.5648000322917233,
                        0.0,
                        0.7469082253684212,
                        0.0,
                        0.0
                    ],
                    [
                        -0.0,
                        0.9386892119999002,
                        0.5226070080627164,
                        -0.0,
                        0.5320296647196783,
                        0.0
                    ]
                ]
            },
            "est_params": {
                "mui": [
                    0.06459119701121814,
                    0.9999978710705182,
                    0.8751319757962679,
                    -0.7261963664359649,
                    -0.07287346986161065,
                    1.3866020105971748
                ],
                "Si": [
                    [
                        1.0440858945815437,
                        -1.7501751703315201e-06,
                        -0.06221910506387161,
                        1.1003915495100043,
                        0.20380721667487722,
                        0.20589338554443895
                    ],
                    [
                        -1.7501751703315201e-06,
                        1.0010995437195506e-06,
                        1.45101987765268e-06,
                        -5.668095023388512e-06,
                        -7.5924140167277635e-06,
                        -2.5932021244668927e-06
                    ],
                    [
                        -0.06221910506387161,
                        1.4510198776526803e-06,
                        0.9003585311655126,
                        -1.0150954734577806,
                        -0.8459389549630635,
                        0.07097565735130756
                    ],
                    [
                        1.1003915495100043,
                        -5.6680950233885106e-06,
                        -1.0150954734577808,
                        3.4299731175528443,
                        2.0712357910439105,
                        0.5946893614970702
                    ],
                    [
                        0.20380721667487725,
                        -7.5924140167277635e-06,
                        -0.8459389549630635,
                        2.0712357910439105,
                        2.428561644592086,
                        0.7630540685309163
                    ],
                    [
                        0.20589338554443892,
                        -2.5932021244668935e-06,
                        0.07097565735130756,
                        0.5946893614970702,
                        0.7630540685309163,
                        1.4300955776525162
                    ]
                ]
            },
            "est_tgt": [
                1,
                2,
                5
            ],
            "oracle_est_tgt": [
                1,
                5
            ]
        },
        "2": {
            "intv_type": "do",
            "inode": 2,
            "new_mui": 1.0,
            "new_vari": null,
            "true_params": {
                "Si": [
                    [
                        1.0,
                        0.0,
                        0.0,
                        0.92760703544659,
                        0.1871935302906094,
                        0.09959251115820586
                    ],
                    [
                        0.0,
                        1.0,
                        0.0,
                        0.0,
                        0.5648000322917233,
                        1.2391795838137292
                    ],
                    [
                        0.0,
                        0.0,
                        1e-09,
                        -9.6479877836266e-10,
                        -7.20616143384475e-10,
                        1.392178429062866e-10
                    ],
                    [
                        0.92760703544659,
                        0.0,
                        -9.6479877836266e-10,
                        1.8604548131408478,
                        0.9205502617513244,
                        0.4897600466129586
                    ],
                    [
                        0.1871935302906094,
                        0.5648000322917233,
                        -7.20616143384475e-10,
                        0.9205502617513244,
                        1.9119123919016847,
                        1.5473658057096884
                    ],
                    [
                        0.09959251115820586,
                        1.2391795838137292,
                        1.392178429062866e-10,
                        0.4897600466129586,
                        1.5473658057096884,
                        2.98644901793965
                    ]
                ],
                "mui": [
                    0.0,
                    0.0,
                    1.0,
                    -0.9647987783626599,
                    -0.720616143384475,
                    0.13921784290628658
                ],
                "Ai": [
                    [
                        0.0,
                        0.0,
                        0.0,
                        0.0,
                        0.0,
                        0.0
                    ],
                    [
                        0.0,
                        0.0,
                        0.0,
                        0.0,
                        0.0,
                        0.0
                    ],
                    [
                        0.0,
                        0.0,
                        0.0,
                        0.0,
                        0.0,
                        0.0
                    ],
                    [
                        0.92760703544659,
                        0.0,
                        -0.9647987783626599,
                        0.0,
                        0.0,
                        0.0
                    ],
                    [
                        -0.5056437943940653,
                        0.5648000322917233,
                        0.0,
                        0.7469082253684212,
                        0.0,
                        0.0
                    ],
                    [
                        -0.0,
                        0.9386892119999002,
                        0.5226070080627164,
                        -0.0,
                        0.5320296647196783,
                        0.0
                    ]
                ]
            },
            "est_params": {
                "mui": [
                    0.07086083478679825,
                    0.03185038225925157,
                    0.9999968107342986,
                    -0.8114696925972498,
                    -0.6953037509581499,
                    0.09142636708751618
                ],
                "Si": [
                    [
                        1.1851818989961072,
                        0.07203293182742351,
                        -3.7655726594284577e-06,
                        1.175203821865386,
                        0.36906841704315363,
                        0.3609113524521808
                    ],
                    [
                        0.0720329318274235,
                        1.0635018353546855,
                        -2.1850688862457675e-06,
                        0.03985103441903994,
                        0.484704472968238,
                        1.2329792835340996
                    ],
                    [
                        -3.7655726594284572e-06,
                        -2.1850688862457675e-06,
                        1.0021637033429194e-06,
                        -3.331543340306894e-06,
                        -6.473899064047258e-07,
                        -6.586556502275048e-07
                    ],
                    [
                        1.175203821865386,
                        0.03985103441903994,
                        -3.3315433403068947e-06,
                        2.2927599680079633,
                        1.134935568085432,
                        0.7201083016087401
                    ],
                    [
                        0.36906841704315363,
                        0.484704472968238,
                        -6.473899064047258e-07,
                        1.1349355680854318,
                        1.7997610676541402,
                        1.366881353711854
                    ],
                    [
                        0.36091135245218087,
                        1.2329792835340996,
                        -6.586556502275044e-07,
                        0.7201083016087401,
                        1.366881353711854,
                        2.9244010937917664
                    ]
                ]
            },
            "est_tgt": [
                2
            ],
            "oracle_est_tgt": [
                2,
                4
            ]
        },
        "3": {
            "intv_type": "do",
            "inode": 3,
            "new_mui": 1.0,
            "new_vari": null,
            "true_params": {
                "Si": [
                    [
                        1.0,
                        0.0,
                        0.0,
                        0.0,
                        -0.5056437943940653,
                        -0.2690174983990605
                    ],
                    [
                        0.0,
                        1.0,
                        0.833260649111149,
                        0.0,
                        0.5648000322917233,
                        1.6746474385821037
                    ],
                    [
                        0.0,
                        0.833260649111149,
                        1.6943233093571335,
                        0.0,
                        0.47062564152539926,
                        1.9180248197679632
                    ],
                    [
                        0.0,
                        0.0,
                        0.0,
                        1e-09,
                        7.469082253684212e-10,
                        3.9737733271913104e-10
                    ],
                    [
                        -0.5056437943940653,
                        0.5648000322917233,
                        0.47062564152539926,
                        7.469082253684212e-10,
                        1.5746747238438312,
                        1.6138976210538067
                    ],
                    [
                        -0.2690174983990605,
                        1.6746474385821037,
                        1.9180248197679632,
                        3.9737733271913104e-10,
                        1.6138976210538067,
                        4.432988107170395
                    ]
                ],
                "mui": [
                    0.0,
                    0.0,
                    0.0,
                    1.0,
                    0.7469082253684212,
                    0.397377332719131
                ],
                "Ai": [
                    [
                        0.0,
                        0.0,
                        0.0,
                        0.0,
                        0.0,
                        0.0
                    ],
                    [
                        0.0,
                        0.0,
                        0.0,
                        0.0,
                        0.0,
                        0.0
                    ],
                    [
                        0.0,
                        0.833260649111149,
                        0.0,
                        0.0,
                        0.0,
                        0.0
                    ],
                    [
                        0.0,
                        0.0,
                        0.0,
                        0.0,
                        0.0,
                        0.0
                    ],
                    [
                        -0.5056437943940653,
                        0.5648000322917233,
                        0.0,
                        0.7469082253684212,
                        0.0,
                        0.0
                    ],
                    [
                        -0.0,
                        0.9386892119999002,
                        0.5226070080627164,
                        -0.0,
                        0.5320296647196783,
                        0.0
                    ]
                ]
            },
            "est_params": {
                "mui": [
                    -0.048961857700912756,
                    0.07873658821712323,
                    0.19352265510226507,
                    0.9999866434079688,
                    0.8860461574955135,
                    0.6806745317623297
                ],
                "Si": [
                    [
                        0.9681840334524456,
                        -0.030721993254553628,
                        -0.04703507243449037,
                        -2.4545833089182962e-05,
                        -0.5290911058806619,
                        -0.42043984316916094
                    ],
                    [
                        -0.030721993254553652,
                        0.9197678347255263,
                        0.8366514313875522,
                        -1.0942488388603445e-06,
                        0.5051819495145274,
                        1.6582208375885932
                    ],
                    [
                        -0.04703507243449039,
                        0.8366514313875522,
                        1.7726949554458968,
                        5.184838014468358e-06,
                        0.45287547771110276,
                        2.0737613440027456
                    ],
                    [
                        -2.4545833089182962e-05,
                        -1.0942488388603445e-06,
                        5.184838014468359e-06,
                        1.0695178046456406e-06,
                        4.298180180416781e-05,
                        3.628249525754519e-05
                    ],
                    [
                        -0.5290911058806619,
                        0.5051819495145273,
                        0.45287547771110276,
                        4.298180180416781e-05,
                        1.5760428866123712,
                        1.697518104244041
                    ],
                    [
                        -0.4204398431691609,
                        1.6582208375885934,
                        2.073761344002746,
                        3.628249525754519e-05,
                        1.6975181042440408,
                        4.749861089403064
                    ]
                ]
            },
            "est_tgt": [
                2,
                3,
                4,
                5
            ],
            "oracle_est_tgt": [
                3,
                4
            ]
        },
        "4": {
            "intv_type": "do",
            "inode": 4,
            "new_mui": 1.0,
            "new_vari": null,
            "true_params": {
                "Si": [
                    [
                        1.0,
                        0.0,
                        0.0,
                        0.92760703544659,
                        0.0,
                        0.0
                    ],
                    [
                        0.0,
                        1.0,
                        0.833260649111149,
                        -0.8039288563201137,
                        0.0,
                        1.3741570667682748
                    ],
                    [
                        0.0,
                        0.833260649111149,
                        1.6943233093571335,
                        -1.6346810590191416,
                        0.0,
                        1.6676380174987218
                    ],
                    [
                        0.92760703544659,
                        -0.8039288563201137,
                        -1.6346810590191416,
                        3.4375931009642584,
                        0.0,
                        -1.6089351220338948
                    ],
                    [
                        0.0,
                        0.0,
                        0.0,
                        0.0,
                        1e-09,
                        5.320296647196783e-10
                    ],
                    [
                        0.0,
                        1.3741570667682748,
                        1.6676380174987218,
                        -1.6089351220338948,
                        5.320296647196783e-10,
                        3.161425729308508
                    ]
                ],
                "mui": [
                    0.0,
                    0.0,
                    0.0,
                    0.0,
                    1.0,
                    0.5320296647196783
                ],
                "Ai": [
                    [
                        0.0,
                        0.0,
                        0.0,
                        0.0,
                        0.0,
                        0.0
                    ],
                    [
                        0.0,
                        0.0,
                        0.0,
                        0.0,
                        0.0,
                        0.0
                    ],
                    [
                        0.0,
                        0.833260649111149,
                        0.0,
                        0.0,
                        0.0,
                        0.0
                    ],
                    [
                        0.92760703544659,
                        0.0,
                        -0.9647987783626599,
                        0.0,
                        0.0,
                        0.0
                    ],
                    [
                        0.0,
                        0.0,
                        0.0,
                        0.0,
                        0.0,
                        0.0
                    ],
                    [
                        -0.0,
                        0.9386892119999002,
                        0.5226070080627164,
                        -0.0,
                        0.5320296647196783,
                        0.0
                    ]
                ]
            },
            "est_params": {
                "mui": [
                    -0.004786852863140084,
                    -0.1598873738111371,
                    -0.084045515068464,
                    -0.0368487892373727,
                    0.9999996466529616,
                    0.4365684991135544
                ],
                "Si": [
                    [
                        0.9725162321447286,
                        -0.016498797615844055,
                        -0.057365499977313994,
                        0.8721734350066047,
                        3.6359398127435715e-06,
                        -0.1778964652138144
                    ],
                    [
                        -0.016498797615844052,
                        1.1453957706610436,
                        0.962561786224316,
                        -1.1025096975669457,
                        5.175412480931252e-06,
                        1.6304187625257913
                    ],
                    [
                        -0.05736549997731399,
                        0.962561786224316,
                        1.9204107857602808,
                        -2.143784271958443,
                        -8.69794075140061e-07,
                        2.0517694907729767
                    ],
                    [
                        0.8721734350066047,
                        -1.1025096975669457,
                        -2.1437842719584435,
                        4.02540137699278,
                        7.454333549317338e-06,
                        -2.381317195515117
                    ],
                    [
                        3.6359398127435736e-06,
                        5.175412480931251e-06,
                        -8.697940751400616e-07,
                        7.454333549317336e-06,
                        1.001827562080482e-06,
                        7.007261825024202e-06
                    ],
                    [
                        -0.17789646521381441,
                        1.6304187625257909,
                        2.0517694907729767,
                        -2.381317195515117,
                        7.007261825024204e-06,
                        3.6972412410908446
                    ]
                ]
            },
            "est_tgt": [
                1,
                3,
                4
            ],
            "oracle_est_tgt": [
                4,
                5
            ]
        },
        "5": {
            "intv_type": "do",
            "inode": 5,
            "new_mui": 1.0,
            "new_vari": null,
            "true_params": {
                "Si": [
                    [
                        1.0,
                        0.0,
                        0.0,
                        0.92760703544659,
                        0.1871935302906094,
                        0.0
                    ],
                    [
                        0.0,
                        1.0,
                        0.833260649111149,
                        -0.8039288563201137,
                        -0.035661043104797285,
                        0.0
                    ],
                    [
                        0.0,
                        0.833260649111149,
                        1.6943233093571335,
                        -1.6346810590191416,
                        -0.750331087309959,
                        0.0
                    ],
                    [
                        0.92760703544659,
                        -0.8039288563201137,
                        -1.6346810590191416,
                        3.4375931009642584,
                        1.6444687774602496,
                        0.0
                    ],
                    [
                        0.1871935302906094,
                        -0.035661043104797285,
                        -0.750331087309959,
                        1.6444687774602496,
                        2.113472651007302,
                        0.0
                    ],
                    [
                        0.0,
                        0.0,
                        0.0,
                        0.0,
                        0.0,
                        1e-09
                    ]
                ],
                "mui": [
                    0.0,
                    0.0,
                    0.0,
                    0.0,
                    0.0,
                    1.0
                ],
                "Ai": [
                    [
                        0.0,
                        0.0,
                        0.0,
                        0.0,
                        0.0,
                        0.0
                    ],
                    [
                        0.0,
                        0.0,
                        0.0,
                        0.0,
                        0.0,
                        0.0
                    ],
                    [
                        0.0,
                        0.833260649111149,
                        0.0,
                        0.0,
                        0.0,
                        0.0
                    ],
                    [
                        0.92760703544659,
                        0.0,
                        -0.9647987783626599,
                        0.0,
                        0.0,
                        0.0
                    ],
                    [
                        -0.5056437943940653,
                        0.5648000322917233,
                        0.0,
                        0.7469082253684212,
                        0.0,
                        0.0
                    ],
                    [
                        0.0,
                        0.0,
                        0.0,
                        0.0,
                        0.0,
                        0.0
                    ]
                ]
            },
            "est_params": {
                "mui": [
                    -0.008430920649501947,
                    -0.05444930453000697,
                    -0.01114592768250317,
                    0.051366154807222675,
                    0.0760479637714662,
                    0.999996866586212
                ],
                "Si": [
                    [
                        0.9630500082408442,
                        -0.010012457552767015,
                        0.05409098727551156,
                        0.9894068090374506,
                        0.20830360238687348,
                        -1.6660056971279272e-06
                    ],
                    [
                        -0.01001245755276701,
                        0.9499034088721213,
                        0.797873067144597,
                        -0.7042814568126525,
                        0.03912905309411457,
                        -2.378549309022166e-06
                    ],
                    [
                        0.05409098727551158,
                        0.797873067144597,
                        1.6688520668608273,
                        -1.5172767520634232,
                        -0.7132609238506584,
                        -5.428508090371884e-07
                    ],
                    [
                        0.9894068090374508,
                        -0.7042814568126525,
                        -1.5172767520634232,
                        3.2879567491643953,
                        1.5554919448386724,
                        -1.9154546510333313e-07
                    ],
                    [
                        0.20830360238687348,
                        0.03912905309411457,
                        -0.7132609238506585,
                        1.5554919448386724,
                        2.120573422012902,
                        -1.6801345389048194e-06
                    ],
                    [
                        -1.6660056971279276e-06,
                        -2.3785493090221662e-06,
                        -5.428508090371892e-07,
                        -1.9154546510333276e-07,
                        -1.68013453890482e-06,
                        1.0029356298818648e-06
                    ]
                ]
            },
            "est_tgt": [
                1,
                2,
                5
            ],
            "oracle_est_tgt": [
                1,
                2,
                5
            ]
        },
        "obs": {
            "intv_type": "obs",
            "true_params": {
                "Si": [
                    [
                        1.0,
                        0.0,
                        0.0,
                        0.92760703544659,
                        0.1871935302906094,
                        0.09959251115820586
                    ],
                    [
                        0.0,
                        1.0,
                        0.833260649111149,
                        -0.8039288563201137,
                        -0.035661043104797285,
                        1.3551843339616754
                    ],
                    [
                        0.0,
                        0.833260649111149,
                        1.6943233093571335,
                        -1.6346810590191416,
                        -0.750331087309959,
                        1.2684396206884525
                    ],
                    [
                        0.92760703544659,
                        -0.8039288563201137,
                        -1.6346810590191416,
                        3.4375931009642584,
                        1.6444687774602496,
                        -0.734028949719739
                    ],
                    [
                        0.1871935302906094,
                        -0.035661043104797285,
                        -0.750331087309959,
                        1.6444687774602496,
                        2.113472651007302,
                        0.6988272248629853
                    ],
                    [
                        0.09959251115820586,
                        1.3551843339616754,
                        1.2684396206884525,
                        -0.734028949719739,
                        0.6988272248629853,
                        3.306789163778131
                    ]
                ],
                "mui": [
                    0.0,
                    0.0,
                    0.0,
                    0.0,
                    0.0,
                    0.0
                ],
                "Ai": [
                    [
                        0.0,
                        0.0,
                        0.0,
                        0.0,
                        0.0,
                        0.0
                    ],
                    [
                        0.0,
                        0.0,
                        0.0,
                        0.0,
                        0.0,
                        0.0
                    ],
                    [
                        0.0,
                        0.833260649111149,
                        0.0,
                        0.0,
                        0.0,
                        0.0
                    ],
                    [
                        0.92760703544659,
                        0.0,
                        -0.9647987783626599,
                        0.0,
                        0.0,
                        0.0
                    ],
