{
    "expt_args": {
        "save_dir": "all_expt_logs/expt_logs_11.05.24-sparsity_n6-corr",
        "exp_name": "57",
        "num_nodes": 6,
        "obs_noise_mean": 0.0,
        "obs_noise_var": 1.0,
        "max_edge_strength": 1.0,
        "graph_sparsity_method": "adj_dense_prop",
        "adj_dense_prop": 1.0,
        "num_parents": null,
        "new_noise_mean": 1.0,
        "mix_samples": 2048,
        "stage2_samples": 2048,
        "gmm_tol": 0.001,
        "intv_type": "do",
        "new_noise_var": null,
        "intv_targets": [
            0,
            1,
            2,
            3,
            4,
            5
        ]
    },
    "intv_args_dict": {
        "0": {
            "intv_type": "do",
            "inode": 0,
            "new_mui": 1.0,
            "new_vari": null,
            "true_params": {
                "Si": [
                    [
                        1e-09,
                        5.705034757740024e-10,
                        -1.0837925338452142e-09,
                        -2.3042698434196152e-10,
                        -1.7117563005474614e-11,
                        -1.1701444600021143e-09
                    ],
                    [
                        5.705034757740024e-10,
                        1.0000000003254743,
                        -0.7125348361135819,
                        -1.18286574701426,
                        -1.0489264395866196,
                        -1.4577298731961108
                    ],
                    [
                        -1.0837925338452142e-09,
                        -0.7125348361135819,
                        1.5077058929688842,
                        1.4734499050885421,
                        2.143095442253699,
                        3.451932255833457
                    ],
                    [
                        -2.3042698434196152e-10,
                        -1.18286574701426,
                        1.4734499050885421,
                        2.796848992344192,
                        3.0895986807679283,
                        4.946874035299345
                    ],
                    [
                        -1.7117563005474614e-11,
                        -1.0489264395866196,
                        2.143095442253699,
                        3.0895986807679283,
                        4.986617681038654,
                        7.341944495869336
                    ],
                    [
                        -1.1701444600021143e-09,
                        -1.4577298731961108,
                        3.451932255833457,
                        4.946874035299345,
                        7.341944495869336,
                        12.47679635645395
                    ]
                ],
                "mui": [
                    1.0,
                    0.5705034757740024,
                    -1.0837925338452141,
                    -0.23042698434196152,
                    -0.017117563005474613,
                    -1.1701444600021143
                ],
                "Ai": [
                    [
                        0.0,
                        0.0,
                        0.0,
                        0.0,
                        0.0,
                        0.0
                    ],
                    [
                        0.5705034757740024,
                        0.0,
                        0.0,
                        0.0,
                        0.0,
                        0.0
                    ],
                    [
                        -0.6772889335851031,
                        -0.7125348354952745,
                        0.0,
                        0.0,
                        0.0,
                        0.0
                    ],
                    [
                        0.8715118524939236,
                        -0.7335292702219904,
                        0.6306168544706756,
                        0.0,
                        0.0,
                        0.0
                    ],
                    [
                        0.6823491882354041,
                        0.6561334985727869,
                        0.7848150152019802,
                        0.9687083284118536,
                        0.0,
                        0.0
                    ],
                    [
                        -0.7302238318536556,
                        0.9862645636485854,
                        0.7150764081107872,
                        0.9284821221571922,
                        0.7972035549050431,
                        0.0
                    ]
                ]
            },
            "est_params": {
                "mui": [
                    0.9999955553925411,
                    0.47336496157004343,
                    -1.0568512211995342,
                    -0.23112068545165293,
                    -0.023953109363172638,
                    -1.2179411933822162
                ],
                "Si": [
                    [
                        1.0043652756093375e-06,
                        3.495237135244005e-07,
                        -1.3322906136686638e-06,
                        -4.062513016155399e-06,
                        -5.429483479505201e-06,
                        -6.573297142905446e-06
                    ],
                    [
                        3.495237135244011e-07,
                        0.9171132758131447,
                        -0.6397707947619776,
                        -1.07193419284677,
                        -0.9802873140358704,
                        -1.439679366683101
                    ],
                    [
                        -1.3322906136686642e-06,
                        -0.6397707947619776,
                        1.4471631599766637,
                        1.3532586200096088,
                        2.0515725508647833,
                        3.4411739375968406
                    ],
                    [
                        -4.062513016155398e-06,
                        -1.0719341928467703,
                        1.353258620009609,
                        2.730239841287219,
                        2.9959652423324155,
                        4.998859083597546
                    ],
                    [
                        -5.429483479505202e-06,
                        -0.9802873140358704,
                        2.0515725508647833,
                        2.995965242332415,
                        4.961905760503085,
                        7.31164475651737
                    ],
                    [
                        -6.5732971429054454e-06,
                        -1.439679366683101,
                        3.44117393759684,
                        4.998859083597546,
                        7.31164475651737,
                        12.6459681034125
                    ]
                ]
            },
            "est_tgt": [
                0
            ],
            "oracle_est_tgt": [
                0
            ]
        },
        "1": {
            "intv_type": "do",
            "inode": 1,
            "new_mui": 1.0,
            "new_vari": null,
            "true_params": {
                "Si": [
                    [
                        1.0,
                        0.0,
                        -0.6772889335851031,
                        0.4444020356286876,
                        0.5812986166043694,
                        -0.3385045009849895
                    ],
                    [
                        0.0,
                        1e-09,
                        -7.125348354952745e-10,
                        -1.1828657468828008e-09,
                        -1.0489264395768542e-09,
                        -1.4577298725285393e-09
                    ],
                    [
                        -0.6772889335851031,
                        -7.125348354952745e-10,
                        1.4587203000645521,
                        0.3296282745195058,
                        1.001991694777537,
                        2.642514293171157
                    ],
                    [
                        0.4444020356286876,
                        -1.1828657468828008e-09,
                        0.3296282745195058,
                        1.5951707878125818,
                        2.1071898141566523,
                        3.072143213024968
                    ],
                    [
                        0.5812986166043694,
                        -1.0489264395768542e-09,
                        1.001991694777537,
                        2.1071898141566523,
                        4.224279088161385,
                        5.616120894185249
                    ],
                    [
                        -0.3385045009849895,
                        -1.4577298725285393e-09,
                        2.642514293171157,
                        3.072143213024968,
                        5.616120894185249,
                        10.466405273134713
                    ]
                ],
                "mui": [
                    0.0,
                    1.0,
                    -0.7125348354952745,
                    -1.1828657468828008,
                    -1.048926439576854,
                    -1.4577298725285392
                ],
                "Ai": [
                    [
                        0.0,
                        0.0,
                        0.0,
                        0.0,
                        0.0,
                        0.0
                    ],
                    [
                        0.0,
                        0.0,
                        0.0,
                        0.0,
                        0.0,
                        0.0
                    ],
                    [
                        -0.6772889335851031,
                        -0.7125348354952745,
                        0.0,
                        0.0,
                        0.0,
                        0.0
                    ],
                    [
                        0.8715118524939236,
                        -0.7335292702219904,
                        0.6306168544706756,
                        0.0,
                        0.0,
                        0.0
                    ],
                    [
                        0.6823491882354041,
                        0.6561334985727869,
                        0.7848150152019802,
                        0.9687083284118536,
                        0.0,
                        0.0
                    ],
                    [
                        -0.7302238318536556,
                        0.9862645636485854,
                        0.7150764081107872,
                        0.9284821221571922,
                        0.7972035549050431,
                        0.0
                    ]
                ]
            },
            "est_params": {
                "mui": [
                    0.12285919769858396,
                    0.9311943763118468,
                    -0.7633029181168793,
                    -1.1393451185590957,
                    -1.045789417569673,
                    -1.6169917197188486
                ],
                "Si": [
                    [
                        1.1150039044170934,
                        0.11479044883252568,
                        -0.9221656515590335,
                        0.3039025341924365,
                        0.35389483548102063,
                        -0.8875813868097464
                    ],
                    [
                        0.11479044883252568,
                        0.23331649373609586,
                        -0.15197858474129916,
                        -0.15504754017204508,
                        -0.05120185801560368,
                        -0.1122220430471307
                    ],
                    [
                        -0.9221656515590335,
                        -0.15197858474129916,
                        1.7837790145376669,
                        0.5025350972688014,
                        1.2065582509424386,
                        3.2600206714793147
                    ],
                    [
                        0.3039025341924365,
                        -0.15504754017204506,
                        0.5025350972688014,
                        1.6344527637851205,
                        2.0051897638663116,
                        3.017888056688149
                    ],
                    [
                        0.3538948354810206,
                        -0.05120185801560368,
                        1.2065582509424386,
                        2.0051897638663116,
                        3.9801715381710374,
                        5.562072817776203
                    ],
                    [
                        -0.8875813868097464,
                        -0.1122220430471307,
                        3.2600206714793147,
                        3.017888056688149,
                        5.562072817776203,
                        11.117261111987647
                    ]
                ]
            },
            "est_tgt": [
                1
            ],
            "oracle_est_tgt": [
                1
            ]
        },
        "2": {
            "intv_type": "do",
            "inode": 2,
            "new_mui": 1.0,
            "new_vari": null,
            "true_params": {
                "Si": [
                    [
                        1.0,
                        0.5705034757740024,
                        0.0,
                        0.45303085425031064,
                        1.4955303912827482,
                        1.4453167230967434
                    ],
                    [
                        0.5705034757740024,
                        1.3254742158702177,
                        0.0,
                        -0.47507359323932274,
                        0.7987628717273374,
                        1.0863522778126753
                    ],
                    [
                        0.0,
                        0.0,
                        1e-09,
                        6.306168544706756e-10,
                        1.3956988141646095e-09,
                        2.413248939646593e-09
                    ],
                    [
                        0.45303085425031064,
                        -0.47507359323932274,
                        6.306168544706756e-10,
                        1.7433021455728497,
                        1.6861648446812199,
                        2.1634793079936405
                    ],
                    [
                        1.4955303912827482,
                        0.7987628717273374,
                        1.3956988141646095e-09,
                        1.6861648446812199,
                        4.177970955243007,
                        4.5919867942710155
                    ],
                    [
                        1.4453167230967434,
                        1.0863522778126753,
                        2.413248939646593e-09,
                        2.1634793079936405,
                        4.5919867942710155,
                        6.685526096788325
                    ]
                ],
                "mui": [
                    0.0,
                    0.0,
                    1.0,
                    0.6306168544706756,
                    1.3956988141646094,
                    2.413248939646593
                ],
                "Ai": [
                    [
                        0.0,
                        0.0,
                        0.0,
                        0.0,
                        0.0,
                        0.0
                    ],
                    [
                        0.5705034757740024,
                        0.0,
                        0.0,
                        0.0,
                        0.0,
                        0.0
                    ],
                    [
                        0.0,
                        0.0,
                        0.0,
                        0.0,
                        0.0,
                        0.0
                    ],
                    [
                        0.8715118524939236,
                        -0.7335292702219904,
                        0.6306168544706756,
                        0.0,
                        0.0,
                        0.0
                    ],
                    [
                        0.6823491882354041,
                        0.6561334985727869,
                        0.7848150152019802,
                        0.9687083284118536,
                        0.0,
                        0.0
                    ],
                    [
                        -0.7302238318536556,
                        0.9862645636485854,
                        0.7150764081107872,
                        0.9284821221571922,
                        0.7972035549050431,
                        0.0
                    ]
                ]
            },
            "est_params": {
                "mui": [
                    0.014317768344988772,
                    0.03536577835234585,
                    0.999999015319841,
                    0.6191346182811991,
                    1.33175179675853,
                    2.2901505447510098
                ],
                "Si": [
                    [
                        0.8886374752470817,
                        0.5385597657799688,
                        -4.436951273385023e-06,
                        0.3973211506260114,
                        1.2462222609352411,
                        1.2714148506054817
                    ],
                    [
                        0.5385597657799688,
                        1.1595063734475681,
                        -1.0185906051683897e-06,
                        -0.3584002704499647,
                        0.7620636922292586,
                        1.130036457504866
                    ],
                    [
                        -4.436951273385023e-06,
                        -1.0185906051683893e-06,
                        1.0037516121133968e-06,
                        -2.9774471825766964e-06,
                        -6.7534120831518555e-06,
                        -6.2464128844960654e-06
                    ],
                    [
                        0.3973211506260114,
                        -0.35840027044996464,
                        -2.9774471825766955e-06,
                        1.5307218114294165,
                        1.432858879283168,
                        1.8177073372557009
                    ],
                    [
                        1.2462222609352411,
                        0.7620636922292587,
                        -6.753412083151855e-06,
                        1.432858879283168,
                        3.5673999489253805,
                        3.9638511249780137
                    ],
                    [
                        1.2714148506054817,
                        1.130036457504866,
                        -6.246412884496065e-06,
                        1.8177073372557004,
                        3.9638511249780137,
                        5.980508476469296
                    ]
                ]
            },
            "est_tgt": [
                2,
                3
            ],
            "oracle_est_tgt": [
                2,
                3
            ]
        },
        "3": {
            "intv_type": "do",
            "inode": 3,
            "new_mui": 1.0,
            "new_vari": null,
            "true_params": {
                "Si": [
                    [
                        1.0,
                        0.5705034757740024,
                        -1.0837925338452141,
                        0.0,
                        0.2060989758174113,
                        -0.7782481063148035
                    ],
                    [
                        0.5705034757740024,
                        1.3254742158702177,
                        -1.3308422430718823,
                        0.0,
                        0.21450564287891782,
                        0.11002378508949018
                    ],
                    [
                        -1.0837925338452141,
                        -1.3308422430718823,
                        2.6823121482129073,
                        0.0,
                        0.49238371669608594,
                        1.7894367785539331
                    ],
                    [
                        0.0,
                        0.0,
                        0.0,
                        1e-09,
                        9.687083284118536e-10,
                        1.700739845233244e-09
                    ],
                    [
                        0.2060989758174113,
                        0.21450564287891782,
                        0.49238371669608594,
                        9.687083284118536e-10,
                        1.66780594181335,
                        1.7427337365636921
                    ],
                    [
                        -0.7782481063148035,
                        0.11002378508949018,
                        1.7894367785539331,
                        1.700739845233244e-09,
                        1.7427337365636921,
                        4.345705430488614
                    ]
                ],
                "mui": [
                    0.0,
                    0.0,
                    0.0,
                    1.0,
                    0.9687083284118536,
                    1.7007398452332438
                ],
                "Ai": [
                    [
                        0.0,
                        0.0,
                        0.0,
                        0.0,
                        0.0,
                        0.0
                    ],
                    [
                        0.5705034757740024,
                        0.0,
                        0.0,
                        0.0,
                        0.0,
                        0.0
                    ],
                    [
                        -0.6772889335851031,
                        -0.7125348354952745,
                        0.0,
                        0.0,
                        0.0,
                        0.0
                    ],
                    [
                        0.0,
                        0.0,
                        0.0,
                        0.0,
                        0.0,
                        0.0
                    ],
                    [
                        0.6823491882354041,
                        0.6561334985727869,
                        0.7848150152019802,
                        0.9687083284118536,
                        0.0,
                        0.0
                    ],
                    [
                        -0.7302238318536556,
                        0.9862645636485854,
                        0.7150764081107872,
                        0.9284821221571922,
                        0.7972035549050431,
                        0.0
                    ]
                ]
            },
            "est_params": {
                "mui": [
                    0.011223400919016788,
                    -0.02438226573755114,
                    0.019681542528231025,
                    1.0000017572589892,
                    0.9311254221492307,
                    1.6947276850766118
                ],
                "Si": [
                    [
                        1.0262316084482017,
                        0.5906787754028165,
                        -1.0544355642070753,
                        2.2522648976532264e-06,
                        0.20786207212660707,
                        -0.6645308753152409
                    ],
                    [
                        0.5906787754028165,
                        1.385696859488326,
                        -1.426987525453959,
                        2.922030463149968e-06,
                        0.14760150970534178,
                        0.1470682170481797
                    ],
                    [
                        -1.0544355642070753,
                        -1.426987525453959,
                        2.6036162342801363,
                        -4.3862733552492655e-06,
                        0.3483039898339088,
                        1.3033378607187038
                    ],
                    [
                        2.252264897653227e-06,
                        2.9220304631499674e-06,
                        -4.3862733552492655e-06,
                        1.0013605135569134e-06,
                        7.814141898864252e-07,
                        -3.5128193236425426e-07
                    ],
                    [
                        0.2078620721266071,
                        0.14760150970534175,
                        0.3483039898339088,
                        7.814141898864249e-07,
                        1.357873138292343,
                        1.366894194771123
                    ],
                    [
                        -0.6645308753152409,
                        0.1470682170481797,
                        1.3033378607187038,
                        -3.512819323642539e-07,
                        1.366894194771123,
                        3.740525951802258
                    ]
                ]
            },
            "est_tgt": [
                2,
                3,
                4
            ],
            "oracle_est_tgt": [
                2,
                3
            ]
        },
        "4": {
            "intv_type": "do",
            "inode": 4,
            "new_mui": 1.0,
            "new_vari": null,
            "true_params": {
                "Si": [
                    [
                        1.0,
                        0.5705034757740024,
                        -1.0837925338452141,
                        -0.23042698434196152,
                        0.0,
                        -1.1564982779228388
                    ],
                    [
                        0.5705034757740024,
                        1.3254742158702177,
                        -1.3308422430718823,
                        -1.3143251423620115,
                        0.0,
                        -1.281308273345609
                    ],
                    [
                        -1.0837925338452141,
                        -1.3308422430718823,
                        2.6823121482129073,
                        1.723184950065093,
                        0.0,
                        2.9968531485322285
                    ],
                    [
                        -0.23042698434196152,
                        -1.3143251423620115,
                        1.723184950065093,
                        2.849945587404026,
                        0.0,
                        2.7503233940731637
                    ],
                    [
                        0.0,
                        0.0,
                        0.0,
                        0.0,
                        1e-09,
                        7.972035549050432e-10
                    ],
                    [
                        -1.1564982779228388,
                        -1.281308273345609,
                        2.9968531485322285,
                        2.7503233940731637,
                        7.972035549050432e-10,
                        5.277398746197526
                    ]
                ],
                "mui": [
                    0.0,
                    0.0,
                    0.0,
                    0.0,
                    1.0,
                    0.7972035549050431
                ],
                "Ai": [
                    [
                        0.0,
                        0.0,
                        0.0,
                        0.0,
                        0.0,
                        0.0
                    ],
                    [
                        0.5705034757740024,
                        0.0,
                        0.0,
                        0.0,
                        0.0,
                        0.0
                    ],
                    [
                        -0.6772889335851031,
                        -0.7125348354952745,
                        0.0,
                        0.0,
                        0.0,
                        0.0
                    ],
                    [
                        0.8715118524939236,
                        -0.7335292702219904,
                        0.6306168544706756,
                        0.0,
                        0.0,
                        0.0
                    ],
                    [
                        0.0,
                        0.0,
                        0.0,
                        0.0,
                        0.0,
                        0.0
                    ],
                    [
                        -0.7302238318536556,
                        0.9862645636485854,
                        0.7150764081107872,
                        0.9284821221571922,
                        0.7972035549050431,
                        0.0
                    ]
                ]
            },
            "est_params": {
                "mui": [
                    0.0046781250154639105,
                    0.0648661556665073,
                    -0.09599517395336658,
                    -0.03341290877677776,
                    1.0000020481969072,
                    0.7571429139549009
                ],
                "Si": [
                    [
                        0.8358234169802017,
                        0.42980555112211566,
                        -0.8262023168800895,
                        -0.18297744613069145,
                        -7.031473604456218e-07,
                        -1.0081262089880418
                    ],
                    [
                        0.4298055511221157,
                        1.149839359528464,
                        -1.080979082737768,
                        -1.1372159120888647,
                        6.355325028374958e-07,
                        -1.0700725288874444
                    ],
                    [
                        -0.8262023168800894,
                        -1.080979082737768,
                        2.3205112156418903,
                        1.589812661353722,
                        7.19704876132724e-06,
                        2.8028113316648766
                    ],
                    [
                        -0.18297744613069142,
                        -1.137215912088865,
                        1.589812661353722,
                        2.5927232042058295,
                        1.9183895640384006e-06,
                        2.527799329327791
                    ],
                    [
                        -7.031473604456216e-07,
                        6.355325028374954e-07,
                        7.19704876132724e-06,
                        1.9183895640384e-06,
                        1.0130929908006408e-06,
                        9.385523853039657e-06
                    ],
                    [
                        -1.008126208988042,
                        -1.0700725288874444,
                        2.8028113316648766,
                        2.5277993293277916,
                        9.385523853039656e-06,
                        5.197187726241074
                    ]
                ]
            },
            "est_tgt": [
                4,
                5
            ],
            "oracle_est_tgt": [
                4,
                5
            ]
        },
        "5": {
            "intv_type": "do",
            "inode": 5,
            "new_mui": 1.0,
            "new_vari": null,
            "true_params": {
                "Si": [
                    [
                        1.0,
                        0.5705034757740024,
                        -1.0837925338452141,
                        -0.23042698434196152,
                        -0.017117563005474613,
                        0.0
                    ],
                    [
                        0.5705034757740024,
                        1.3254742158702177,
                        -1.3308422430718823,
                        -1.3143251423620115,
                        -1.0586920687682577,
                        0.0
                    ],
                    [
                        -1.0837925338452141,
                        -1.3308422430718823,
                        2.6823121482129073,
                        1.723184950065093,
                        2.1616473292181055,
                        0.0
                    ],
                    [
                        -0.23042698434196152,
                        -1.3143251423620115,
                        1.723184950065093,
                        2.849945587404026,
                        3.0935430291866193,
                        0.0
                    ],
                    [
                        -0.017117563005474613,
                        -1.0586920687682577,
                        2.1616473292181055,
                        3.0935430291866193,
                        4.986910692001606,
                        0.0
                    ],
                    [
                        0.0,
                        0.0,
                        0.0,
                        0.0,
                        0.0,
                        1e-09
                    ]
                ],
                "mui": [
                    0.0,
                    0.0,
                    0.0,
                    0.0,
                    0.0,
                    1.0
                ],
                "Ai": [
                    [
                        0.0,
                        0.0,
                        0.0,
                        0.0,
                        0.0,
                        0.0
                    ],
                    [
                        0.5705034757740024,
                        0.0,
                        0.0,
                        0.0,
                        0.0,
                        0.0
                    ],
                    [
                        -0.6772889335851031,
                        -0.7125348354952745,
                        0.0,
                        0.0,
                        0.0,
                        0.0
                    ],
                    [
                        0.8715118524939236,
                        -0.7335292702219904,
                        0.6306168544706756,
                        0.0,
                        0.0,
                        0.0
                    ],
                    [
                        0.6823491882354041,
                        0.6561334985727869,
                        0.7848150152019802,
                        0.9687083284118536,
                        0.0,
                        0.0
                    ],
                    [
                        0.0,
                        0.0,
                        0.0,
                        0.0,
                        0.0,
                        0.0
                    ]
                ]
            },
            "est_params": {
                "mui": [
                    0.012390482742222726,
                    -0.03468664858684388,
                    0.03210532076157582,
                    0.10922011947906365,
                    0.09752238475009241,
                    0.9999986202407769
                ],
                "Si": [
                    [
                        1.0479859253663835,
                        0.603989439500731,
                        -1.160781924002256,
                        -0.2393013519508303,
                        -0.0231546031137467,
                        -8.681910486052799e-07
                    ],
                    [
                        0.603989439500731,
                        1.3951883115315933,
                        -1.313347902330668,
                        -1.422759432633757,
                        -1.0687386226395508,
                        -8.065439154038851e-07
                    ],
                    [
                        -1.1607819240022563,
                        -1.313347902330668,
                        2.7229615383383043,
                        1.7419445254652683,
                        2.036454914769662,
                        1.3229815769717693e-06
                    ],
                    [
                        -0.2393013519508303,
                        -1.4227594326337571,
                        1.7419445254652683,
                        3.0745928669756286,
                        3.1283737143969397,
                        1.4008851534869686e-06
                    ],
                    [
                        -0.02315460311374666,
                        -1.0687386226395508,
                        2.036454914769662,
                        3.1283737143969397,
                        4.756832599026619,
                        1.8986755224312254e-06
                    ],
                    [
                        -8.6819104860528e-07,
                        -8.065439154038845e-07,
                        1.3229815769717689e-06,
                        1.400885153486968e-06,
                        1.8986755224312258e-06,
                        1.0012474056119633e-06
                    ]
                ]
            },
            "est_tgt": [
                4,
                5
            ],
            "oracle_est_tgt": [
                4,
                5
            ]
        },
        "obs": {
            "intv_type": "obs",
            "true_params": {
                "Si": [
                    [
                        1.0,
                        0.5705034757740024,
                        -1.0837925338452141,
                        -0.23042698434196152,
                        -0.017117563005474613,
                        -1.1701444600021143
                    ],
                    [
                        0.5705034757740024,
                        1.3254742158702177,
                        -1.3308422430718823,
                        -1.3143251423620115,
                        -1.0586920687682577,
                        -2.125301354117439
                    ],
                    [
                        -1.0837925338452141,
                        -1.3308422430718823,
                        2.6823121482129073,
                        1.723184950065093,
                        2.1616473292181055,
                        4.720126083835894
                    ],
                    [
                        -0.23042698434196152,
                        -1.3143251423620115,
                        1.723184950065093,
                        2.849945587404026,
                        3.0935430291866193,
                        5.216506894192452
                    ],
                    [
                        -0.017117563005474613,
                        -1.0586920687682577,
                        2.1616473292181055,
                        3.0935430291866193,
                        4.986910692001606,
                        7.361974517368899
                    ],
                    [
                        -1.1701444600021143,
                        -2.125301354117439,
                        4.720126083835894,
                        5.216506894192452,
                        7.361974517368899,
                        13.846034412358351
                    ]
                ],
                "mui": [
                    0.0,
                    0.0,
                    0.0,
                    0.0,
                    0.0,
                    0.0
                ],
                "Ai": [
                    [
                        0.0,
