{
    "expt_args": {
        "save_dir": "all_expt_logs/expt_logs_11.05.24-sparsity_n6-corr",
        "exp_name": "473",
        "num_nodes": 6,
        "obs_noise_mean": 0.0,
        "obs_noise_var": 1.0,
        "max_edge_strength": 1.0,
        "graph_sparsity_method": "adj_dense_prop",
        "adj_dense_prop": 0.6,
        "num_parents": null,
        "new_noise_mean": 1.0,
        "mix_samples": 2048,
        "stage2_samples": 2048,
        "gmm_tol": 0.001,
        "intv_type": "do",
        "new_noise_var": null,
        "intv_targets": [
            0,
            1,
            2,
            3,
            4,
            5
        ]
    },
    "intv_args_dict": {
        "0": {
            "intv_type": "do",
            "inode": 0,
            "new_mui": 1.0,
            "new_vari": null,
            "true_params": {
                "Si": [
                    [
                        1e-09,
                        7.660061164400004e-10,
                        0.0,
                        -7.070419848991425e-10,
                        1.6147503384024972e-09,
                        1.9986342128504577e-10
                    ],
                    [
                        7.660061164400004e-10,
                        1.0000000005867653,
                        0.0,
                        -5.415984850126215e-10,
                        0.9944281896227193,
                        -0.6182968746844438
                    ],
                    [
                        0.0,
                        0.0,
                        1.0,
                        0.8647067777965175,
                        0.6570171465997832,
                        0.8137780092763496
                    ],
                    [
                        -7.070419848991425e-10,
                        -5.415984850126215e-10,
                        0.8647067777965175,
                        1.7477178120671444,
                        0.5681271786516644,
                        0.703679360101705
                    ],
                    [
                        1.6147503384024972e-09,
                        0.9944281896227193,
                        0.6570171465997832,
                        0.5681271786516644,
                        2.420558955389825,
                        -0.08018573518617511
                    ],
                    [
                        1.9986342128504577e-10,
                        -0.6182968746844438,
                        0.8137780092763496,
                        0.703679360101705,
                        -0.08018573518617511,
                        2.044525673855593
                    ]
                ],
                "mui": [
                    1.0,
                    0.7660061164400003,
                    0.0,
                    -0.7070419848991425,
                    1.614750338402497,
                    0.19986342128504575
                ],
                "Ai": [
                    [
                        0.0,
                        0.0,
                        0.0,
                        0.0,
                        0.0,
                        0.0
                    ],
                    [
                        0.7660061164400003,
                        0.0,
                        0.0,
                        0.0,
                        0.0,
                        0.0
                    ],
                    [
                        -0.0,
                        -0.0,
                        0.0,
                        0.0,
                        0.0,
                        0.0
                    ],
                    [
                        -0.7070419848991425,
                        0.0,
                        0.8647067777965175,
                        0.0,
                        0.0,
                        0.0
                    ],
                    [
                        0.8530122637386173,
                        0.9944281883858106,
                        0.6570171465997832,
                        -0.0,
                        0.0,
                        0.0
                    ],
                    [
                        0.6734826091863391,
                        -0.6182968748375405,
                        0.8137780092763496,
                        -0.0,
                        -0.0,
                        0.0
                    ]
                ]
            },
            "est_params": {
                "mui": [
                    0.9999987867103263,
                    0.6792938507029389,
                    0.030752574217271254,
                    -0.6258406397514756,
                    1.4558288862418403,
                    0.2618792467944505
                ],
                "Si": [
                    [
                        1.0070723778727115e-06,
                        2.2210016955838144e-06,
                        7.396579938774994e-07,
                        -1.78652873810825e-07,
                        3.4286437966411986e-06,
                        1.0792913656810204e-08
                    ],
                    [
                        2.2210016955838135e-06,
                        1.0076295876011674,
                        -0.04954792265130647,
                        -0.05833030525885099,
                        0.9617137386060559,
                        -0.6424007029695226
                    ],
                    [
                        7.396579938774994e-07,
                        -0.04954792265130644,
                        0.9793174588641497,
                        0.8754334070197948,
                        0.5759414245399355,
                        0.7461608246115186
                    ],
                    [
                        -1.7865287381082538e-07,
                        -0.058330305258851,
                        0.8754334070197948,
                        1.8374422034645723,
                        0.5971531160028967,
                        0.6801433204531042
                    ],
                    [
                        3.4286437966411977e-06,
                        0.9617137386060559,
                        0.5759414245399355,
                        0.5971531160028967,
                        2.2208656545339873,
                        -0.11007333008625708
                    ],
                    [
                        1.0792913656810392e-08,
                        -0.6424007029695226,
                        0.7461608246115186,
                        0.6801433204531042,
                        -0.11007333008625712,
                        1.9529232901727231
                    ]
                ]
            },
            "est_tgt": [
                0
            ],
            "oracle_est_tgt": [
                0
            ]
        },
        "1": {
            "intv_type": "do",
            "inode": 1,
            "new_mui": 1.0,
            "new_vari": null,
            "true_params": {
                "Si": [
                    [
                        1.0,
                        0.0,
                        0.0,
                        -0.7070419848991425,
                        0.8530122637386173,
                        0.6734826091863391
                    ],
                    [
                        0.0,
                        1e-09,
                        0.0,
                        0.0,
                        9.944281883858106e-10,
                        -6.182968748375406e-10
                    ],
                    [
                        0.0,
                        0.0,
                        1.0,
                        0.8647067777965175,
                        0.6570171465997832,
                        0.8137780092763496
                    ],
                    [
                        -0.7070419848991425,
                        0.0,
                        0.8647067777965175,
                        2.247626179977355,
                        -0.03498830430370217,
                        0.22749887944885414
                    ],
                    [
                        0.8530122637386173,
                        9.944281883858106e-10,
                        0.6570171465997832,
                        -0.03498830430370217,
                        2.1593014540034887,
                        1.1091550300561768
                    ],
                    [
                        0.6734826091863391,
                        -6.182968748375406e-10,
                        0.8137780092763496,
                        0.22749887944885414,
                        1.1091550300561768,
                        2.1158134736405088
                    ]
                ],
                "mui": [
                    0.0,
                    1.0,
                    0.0,
                    0.0,
                    0.9944281883858106,
                    -0.6182968748375405
                ],
                "Ai": [
                    [
                        0.0,
                        0.0,
                        0.0,
                        0.0,
                        0.0,
                        0.0
                    ],
                    [
                        0.0,
                        0.0,
                        0.0,
                        0.0,
                        0.0,
                        0.0
                    ],
                    [
                        -0.0,
                        -0.0,
                        0.0,
                        0.0,
                        0.0,
                        0.0
                    ],
                    [
                        -0.7070419848991425,
                        0.0,
                        0.8647067777965175,
                        0.0,
                        0.0,
                        0.0
                    ],
                    [
                        0.8530122637386173,
                        0.9944281883858106,
                        0.6570171465997832,
                        -0.0,
                        0.0,
                        0.0
                    ],
                    [
                        0.6734826091863391,
                        -0.6182968748375405,
                        0.8137780092763496,
                        -0.0,
                        -0.0,
                        0.0
                    ]
                ]
            },
            "est_params": {
                "mui": [
                    -0.06986182699658118,
                    1.0000015053979516,
                    -0.06354004235826481,
                    -0.050629581225462954,
                    0.9732770117082415,
                    -0.6157264001702104
                ],
                "Si": [
                    [
                        1.0952269538366128,
                        4.3872567737100954e-07,
                        -0.031138010163930356,
                        -0.8907515902315206,
                        0.9005354639655464,
                        0.6969365080131373
                    ],
                    [
                        4.387256773710088e-07,
                        1.0035106699081856e-06,
                        2.5611308884753407e-06,
                        3.445485373540994e-06,
                        -3.2852335891767746e-06,
                        2.5730841049111096e-06
                    ],
                    [
                        -0.031138010163930342,
                        2.561130888475341e-06,
                        0.992792188977197,
                        0.9816195353921116,
                        0.6808109820963935,
                        0.8977561637675512
                    ],
                    [
                        -0.8907515902315208,
                        3.4454853735409954e-06,
                        0.9816195353921116,
                        2.6779602882540168,
                        -0.029286655874901014,
                        0.2962741911604115
                    ],
                    [
                        0.9005354639655466,
                        -3.2852335891767746e-06,
                        0.6808109820963935,
                        -0.029286655874901025,
                        2.2120864179222313,
                        1.2110153351717996
                    ],
                    [
                        0.6969365080131372,
                        2.57308410491111e-06,
                        0.8977561637675512,
                        0.2962741911604115,
                        1.2110153351717994,
                        2.17532952398074
                    ]
                ]
            },
            "est_tgt": [
                1,
                4,
                5
            ],
            "oracle_est_tgt": [
                1,
                4,
                5
            ]
        },
        "2": {
            "intv_type": "do",
            "inode": 2,
            "new_mui": 1.0,
            "new_vari": null,
            "true_params": {
                "Si": [
                    [
                        1.0,
                        0.7660061164400003,
                        0.0,
                        -0.7070419848991425,
                        1.614750338402497,
                        0.19986342128504575
                    ],
                    [
                        0.7660061164400003,
                        1.5867653704234912,
                        0.0,
                        -0.5415984850126214,
                        2.231336824125684,
                        -0.4652002716805709
                    ],
                    [
                        0.0,
                        0.0,
                        1e-09,
                        8.647067777965175e-10,
                        6.570171465997832e-10,
                        8.137780092763496e-10
                    ],
                    [
                        -0.7070419848991425,
                        -0.5415984850126214,
                        8.647067777965175e-10,
                        1.4999083691578372,
                        -1.1416962838125364,
                        -0.1413118293904329
                    ],
                    [
                        1.614750338402497,
                        2.231336824125684,
                        6.570171465997832e-10,
                        -1.1416962838125364,
                        4.5963060776589355,
                        -0.2921223134403291
                    ],
                    [
                        0.19986342128504575,
                        -0.4652002716805709,
                        8.137780092763496e-10,
                        -0.1413118293904329,
                        -0.2921223134403291,
                        1.4222364132638674
                    ]
                ],
                "mui": [
                    0.0,
                    0.0,
                    1.0,
                    0.8647067777965175,
                    0.6570171465997832,
                    0.8137780092763496
                ],
                "Ai": [
                    [
                        0.0,
                        0.0,
                        0.0,
                        0.0,
                        0.0,
                        0.0
                    ],
                    [
                        0.7660061164400003,
                        0.0,
                        0.0,
                        0.0,
                        0.0,
                        0.0
                    ],
                    [
                        0.0,
                        0.0,
                        0.0,
                        0.0,
                        0.0,
                        0.0
                    ],
                    [
                        -0.7070419848991425,
                        0.0,
                        0.8647067777965175,
                        0.0,
                        0.0,
                        0.0
                    ],
                    [
                        0.8530122637386173,
                        0.9944281883858106,
                        0.6570171465997832,
                        -0.0,
                        0.0,
                        0.0
                    ],
                    [
                        0.6734826091863391,
                        -0.6182968748375405,
                        0.8137780092763496,
                        -0.0,
                        -0.0,
                        0.0
                    ]
                ]
            },
            "est_params": {
                "mui": [
                    -0.06697357222694533,
                    -0.13109790696191534,
                    1.0000005251104176,
                    0.8803982978212472,
                    0.591292809042598,
                    0.9017656006466989
                ],
                "Si": [
                    [
                        0.925382285876299,
                        0.6523579224812345,
                        3.058874508882229e-07,
                        -0.6072522254857745,
                        1.3920289749445744,
                        0.2183353154896407
                    ],
                    [
                        0.6523579224812345,
                        1.5386256152752138,
                        -1.5205978395370274e-06,
                        -0.41173857627171845,
                        2.156778358587552,
                        -0.5672650242285926
                    ],
                    [
                        3.0588745088822306e-07,
                        -1.5205978395370267e-06,
                        1.0014820508344545e-06,
                        -1.2752002393059657e-06,
                        -3.3132142900980553e-06,
                        1.992755178303917e-06
                    ],
                    [
                        -0.6072522254857745,
                        -0.41173857627171845,
                        -1.275200239305965e-06,
                        1.4767479218202686,
                        -0.9560912574636504,
                        -0.160813633684569
                    ],
                    [
                        1.3920289749445747,
                        2.156778358587552,
                        -3.3132142900980566e-06,
                        -0.9560912574636504,
                        4.565024636186915,
                        -0.37792966181145665
                    ],
                    [
                        0.21833531548964064,
                        -0.5672650242285926,
                        1.9927551783039176e-06,
                        -0.16081363368456902,
                        -0.37792966181145654,
                        1.489875756057789
                    ]
                ]
            },
            "est_tgt": [
                2,
                4,
                5
            ],
            "oracle_est_tgt": [
                2,
                4,
                5
            ]
        },
        "3": {
            "intv_type": "do",
            "inode": 3,
            "new_mui": 1.0,
            "new_vari": null,
            "true_params": {
                "Si": [
                    [
                        1.0,
                        0.7660061164400003,
                        0.0,
                        0.0,
                        1.614750338402497,
                        0.19986342128504575
                    ],
                    [
                        0.7660061164400003,
                        1.5867653704234912,
                        0.0,
                        0.0,
                        2.231336824125684,
                        -0.4652002716805709
                    ],
                    [
                        0.0,
                        0.0,
                        1.0,
                        0.0,
                        0.6570171465997832,
                        0.8137780092763496
                    ],
                    [
                        0.0,
                        0.0,
                        0.0,
                        1e-09,
                        0.0,
                        0.0
                    ],
                    [
                        1.614750338402497,
                        2.231336824125684,
                        0.6570171465997832,
                        0.0,
                        5.0279776081533845,
                        0.2425437916454039
                    ],
                    [
                        0.19986342128504575,
                        -0.4652002716805709,
                        0.8137780092763496,
                        0.0,
                        0.2425437916454039,
                        2.0844710609834114
                    ]
                ],
                "mui": [
                    0.0,
                    0.0,
                    0.0,
                    1.0,
                    0.0,
                    0.0
                ],
                "Ai": [
                    [
                        0.0,
                        0.0,
                        0.0,
                        0.0,
                        0.0,
                        0.0
                    ],
                    [
                        0.7660061164400003,
                        0.0,
                        0.0,
                        0.0,
                        0.0,
                        0.0
                    ],
                    [
                        -0.0,
                        -0.0,
                        0.0,
                        0.0,
                        0.0,
                        0.0
                    ],
                    [
                        0.0,
                        0.0,
                        0.0,
                        0.0,
                        0.0,
                        0.0
                    ],
                    [
                        0.8530122637386173,
                        0.9944281883858106,
                        0.6570171465997832,
                        -0.0,
                        0.0,
                        0.0
                    ],
                    [
                        0.6734826091863391,
                        -0.6182968748375405,
                        0.8137780092763496,
                        -0.0,
                        -0.0,
                        0.0
                    ]
                ]
            },
            "est_params": {
                "mui": [
                    0.0011012776932409472,
                    -0.05538065287810673,
                    -0.12044036319684259,
                    1.00000099780478,
                    -0.06383751356651092,
                    -0.08770735176033419
                ],
                "Si": [
                    [
                        1.0542830085082942,
                        0.7480903811077622,
                        -0.033898757992697676,
                        -4.110881966833375e-06,
                        1.6576670182990665,
                        0.11549958574009864
                    ],
                    [
                        0.7480903811077622,
                        1.519065377502454,
                        0.08251096626828038,
                        -5.868452362143753e-06,
                        2.224606361723977,
                        -0.4986890960533921
                    ],
                    [
                        -0.033898757992697676,
                        0.08251096626828038,
                        0.9720173322101946,
                        -5.337106897723932e-07,
                        0.6241947258479114,
                        0.6594225386490209
                    ],
                    [
                        -4.1108819668333744e-06,
                        -5.868452362143753e-06,
                        -5.33710689772393e-07,
                        1.0014001087300156e-06,
                        -8.374819701443794e-06,
                        -4.746603510768716e-07
                    ],
                    [
                        1.6576670182990665,
                        2.224606361723977,
                        0.6241947258479112,
                        -8.374819701443794e-06,
                        4.923031640559359,
                        -0.010611487263322845
                    ],
                    [
                        0.11549958574009866,
                        -0.4986890960533921,
                        0.6594225386490209,
                        -4.746603510768714e-07,
                        -0.01061148726332287,
                        1.8304170100627726
                    ]
                ]
            },
            "est_tgt": [
                3
            ],
            "oracle_est_tgt": [
                3
            ]
        },
        "4": {
            "intv_type": "do",
            "inode": 4,
            "new_mui": 1.0,
            "new_vari": null,
            "true_params": {
                "Si": [
                    [
                        1.0,
                        0.7660061164400003,
                        0.0,
                        -0.7070419848991425,
                        0.0,
                        0.19986342128504575
                    ],
                    [
                        0.7660061164400003,
                        1.5867653704234912,
                        0.0,
                        -0.5415984850126214,
                        0.0,
                        -0.4652002716805709
                    ],
                    [
                        0.0,
                        0.0,
                        1.0,
                        0.8647067777965175,
                        0.0,
                        0.8137780092763496
                    ],
                    [
                        -0.7070419848991425,
                        -0.5415984850126214,
                        0.8647067777965175,
                        2.247626179977355,
                        0.0,
                        0.5623675301489045
                    ],
                    [
                        0.0,
                        0.0,
                        0.0,
                        0.0,
                        1e-09,
                        0.0
                    ],
                    [
                        0.19986342128504575,
                        -0.4652002716805709,
                        0.8137780092763496,
                        0.5623675301489045,
                        0.0,
                        2.0844710609834114
                    ]
                ],
                "mui": [
                    0.0,
                    0.0,
                    0.0,
                    0.0,
                    1.0,
                    0.0
                ],
                "Ai": [
                    [
                        0.0,
                        0.0,
                        0.0,
                        0.0,
                        0.0,
                        0.0
                    ],
                    [
                        0.7660061164400003,
                        0.0,
                        0.0,
                        0.0,
                        0.0,
                        0.0
                    ],
                    [
                        -0.0,
                        -0.0,
                        0.0,
                        0.0,
                        0.0,
                        0.0
                    ],
                    [
                        -0.7070419848991425,
                        0.0,
                        0.8647067777965175,
                        0.0,
                        0.0,
                        0.0
                    ],
                    [
                        0.0,
                        0.0,
                        0.0,
                        0.0,
                        0.0,
                        0.0
                    ],
                    [
                        0.6734826091863391,
                        -0.6182968748375405,
                        0.8137780092763496,
                        -0.0,
                        -0.0,
                        0.0
                    ]
                ]
            },
            "est_params": {
                "mui": [
                    -0.07098648070659658,
                    -0.055019038866011276,
                    0.13150034337697836,
                    0.1212790294376136,
                    0.9999997567096094,
                    0.13093748401907965
                ],
                "Si": [
                    [
                        1.0301665763278165,
                        0.8210711459174387,
                        0.08094205148177795,
                        -0.6243401287160176,
                        -1.4681920811795775e-06,
                        0.25507188991836244
                    ],
                    [
                        0.8210711459174387,
                        1.9282355921141263,
                        -0.030590745182604486,
                        -0.539930551362254,
                        -2.0527931910255974e-06,
                        -0.6068799604689904
                    ],
                    [
                        0.08094205148177795,
                        -0.03059074518260448,
                        1.0219129323647989,
                        0.8700915513147439,
                        2.8958487537959132e-06,
                        0.811952730623599
                    ],
                    [
                        -0.6243401287160176,
                        -0.539930551362254,
                        0.8700915513147439,
                        2.0860257428023394,
                        4.647768652731023e-06,
                        0.47663609461057294
                    ],
                    [
                        -1.468192081179577e-06,
                        -2.0527931910255982e-06,
                        2.8958487537959132e-06,
                        4.647768652731023e-06,
                        1.0012038087806119e-06,
                        1.5176041569563871e-06
                    ],
                    [
                        0.25507188991836244,
                        -0.6068799604689904,
                        0.8119527306235991,
                        0.47663609461057305,
                        1.5176041569563876e-06,
                        2.021779550819809
                    ]
                ]
            },
            "est_tgt": [
                1,
                2,
                4
            ],
            "oracle_est_tgt": [
                1,
                2,
                4
            ]
        },
        "5": {
            "intv_type": "do",
            "inode": 5,
            "new_mui": 1.0,
            "new_vari": null,
            "true_params": {
                "Si": [
                    [
                        1.0,
                        0.7660061164400003,
                        0.0,
                        -0.7070419848991425,
                        1.614750338402497,
                        0.0
                    ],
                    [
                        0.7660061164400003,
                        1.5867653704234912,
                        0.0,
                        -0.5415984850126214,
                        2.231336824125684,
                        0.0
                    ],
                    [
                        0.0,
                        0.0,
                        1.0,
                        0.8647067777965175,
                        0.6570171465997832,
                        0.0
                    ],
                    [
                        -0.7070419848991425,
                        -0.5415984850126214,
                        0.8647067777965175,
                        2.247626179977355,
                        -0.5735691045873028,
                        0.0
                    ],
                    [
                        1.614750338402497,
                        2.231336824125684,
                        0.6570171465997832,
                        -0.5735691045873028,
                        5.0279776081533845,
                        0.0
                    ],
                    [
                        0.0,
                        0.0,
                        0.0,
                        0.0,
                        0.0,
                        1e-09
                    ]
                ],
                "mui": [
                    0.0,
                    0.0,
                    0.0,
                    0.0,
                    0.0,
                    1.0
                ],
                "Ai": [
                    [
                        0.0,
                        0.0,
                        0.0,
                        0.0,
                        0.0,
                        0.0
                    ],
                    [
                        0.7660061164400003,
                        0.0,
                        0.0,
                        0.0,
                        0.0,
                        0.0
                    ],
                    [
                        -0.0,
                        -0.0,
                        0.0,
                        0.0,
                        0.0,
                        0.0
                    ],
                    [
                        -0.7070419848991425,
                        0.0,
                        0.8647067777965175,
                        0.0,
                        0.0,
                        0.0
                    ],
                    [
                        0.8530122637386173,
                        0.9944281883858106,
                        0.6570171465997832,
                        -0.0,
                        0.0,
                        0.0
                    ],
                    [
                        0.0,
                        0.0,
                        0.0,
                        0.0,
                        0.0,
                        0.0
                    ]
                ]
            },
            "est_params": {
                "mui": [
                    -0.004028454120786309,
                    -0.0005169527196882403,
                    0.0019325802105843318,
                    0.06433328250912397,
                    0.041105415008595346,
                    0.9999964884401784
                ],
                "Si": [
                    [
                        1.037362349057562,
                        0.7481637822440562,
                        -0.03488251766050871,
                        -0.7222551866332333,
                        1.6234965314874388,
                        4.071911713525128e-07
                    ],
                    [
                        0.7481637822440562,
                        1.6095654635005519,
                        -0.039846105297839565,
                        -0.6084637816408912,
                        2.3667750039143565,
                        1.642517113633862e-06
                    ],
                    [
                        -0.03488251766050871,
                        -0.039846105297839586,
                        0.8375352542639652,
                        0.8073176004192945,
                        0.4384379219064493,
                        -6.380601848022303e-07
                    ],
                    [
                        -0.7222551866332334,
                        -0.6084637816408912,
                        0.8073176004192943,
                        2.3402537609007,
                        -0.7849449920245631,
                        -5.1849799231805845e-06
                    ],
                    [
                        1.6234965314874388,
                        2.3667750039143565,
                        0.43843792190644926,
                        -0.7849449920245631,
                        5.10614971148839,
                        2.2969599699077734e-06
                    ],
                    [
                        4.071911713525134e-07,
                        1.642517113633861e-06,
                        -6.380601848022304e-07,
                        -5.184979923180584e-06,
                        2.296959969907772e-06,
                        1.0016385489807366e-06
                    ]
                ]
            },
            "est_tgt": [
                2,
                5
            ],
            "oracle_est_tgt": [
                2,
                5
            ]
        },
        "obs": {
            "intv_type": "obs",
            "true_params": {
                "Si": [
                    [
                        1.0,
                        0.7660061164400003,
                        0.0,
                        -0.7070419848991425,
                        1.614750338402497,
                        0.19986342128504575
                    ],
                    [
                        0.7660061164400003,
                        1.5867653704234912,
                        0.0,
                        -0.5415984850126214,
                        2.231336824125684,
                        -0.4652002716805709
                    ],
                    [
                        0.0,
                        0.0,
                        1.0,
                        0.8647067777965175,
                        0.6570171465997832,
                        0.8137780092763496
                    ],
                    [
                        -0.7070419848991425,
                        -0.5415984850126214,
                        0.8647067777965175,
                        2.247626179977355,
                        -0.5735691045873028,
                        0.5623675301489045
                    ],
                    [
                        1.614750338402497,
                        2.231336824125684,
                        0.6570171465997832,
                        -0.5735691045873028,
                        5.0279776081533845,
                        0.2425437916454039
                    ],
                    [
                        0.19986342128504575,
                        -0.4652002716805709,
                        0.8137780092763496,
                        0.5623675301489045,
                        0.2425437916454039,
                        2.0844710609834114
                    ]
                ],
                "mui": [
                    0.0,
                    0.0,
                    0.0,
                    0.0,
                    0.0,
                    0.0
                ],
                "Ai": [
                    [
                        0.0,
                        0.0,
                        0.0,
                        0.0,
                        0.0,
                        0.0
                    ],
                    [
                        0.7660061164400003,
                        0.0,
                        0.0,
                        0.0,
                        0.0,
                        0.0
                    ],
                    [
                        -0.0,
                        -0.0,
                        0.0,
                        0.0,
                        0.0,
                        0.0
                    ],
                    [
                        -0.7070419848991425,
                        0.0,
                        0.8647067777965175,
                        0.0,
                        0.0,
                        0.0
                    ],
                    [
                        0.8530122637386173,
