{
    "expt_args": {
        "save_dir": "all_expt_logs/expt_logs_11.05.24-sparsity_n6-corr",
        "exp_name": "622",
        "num_nodes": 6,
        "obs_noise_mean": 0.0,
        "obs_noise_var": 1.0,
        "max_edge_strength": 1.0,
        "graph_sparsity_method": "adj_dense_prop",
        "adj_dense_prop": 0.9,
        "num_parents": null,
        "new_noise_mean": 1.0,
        "mix_samples": 65536,
        "stage2_samples": 65536,
        "gmm_tol": 0.001,
        "intv_type": "do",
        "new_noise_var": null,
        "intv_targets": [
            0,
            1,
            2,
            3,
            4,
            5
        ]
    },
    "intv_args_dict": {
        "0": {
            "intv_type": "do",
            "inode": 0,
            "new_mui": 1.0,
            "new_vari": null,
            "true_params": {
                "Si": [
                    [
                        1e-09,
                        -9.421572573745765e-10,
                        1.850164724489323e-11,
                        -8.793606698810126e-10,
                        -1.6676706734790054e-09,
                        -4.567669737057606e-10
                    ],
                    [
                        -9.421572573745765e-10,
                        1.0000000008876604,
                        -0.6848712971863568,
                        -0.543986278927286,
                        0.8144374312832184,
                        1.0549801915817554
                    ],
                    [
                        1.850164724489323e-11,
                        -0.6848712971863568,
                        1.4690486936861886,
                        1.1668503804299482,
                        -0.3837849272142295,
                        -0.43865314769143526
                    ],
                    [
                        -8.793606698810126e-10,
                        -0.543986278927286,
                        1.1668503804299482,
                        1.92681734603865,
                        0.5802165773617496,
                        -0.4317166498159684
                    ],
                    [
                        -1.6676706734790054e-09,
                        0.8144374312832184,
                        -0.3837849272142295,
                        0.5802165773617496,
                        2.476903150236048,
                        1.3603922002728033
                    ],
                    [
                        -4.567669737057606e-10,
                        1.0549801915817554,
                        -0.43865314769143526,
                        -0.4317166498159684,
                        1.3603922002728033,
                        2.4766631555018024
                    ]
                ],
                "mui": [
                    1.0,
                    -0.9421572573745765,
                    0.018501647244893227,
                    -0.8793606698810126,
                    -1.6676706734790052,
                    -0.4567669737057606
                ],
                "Ai": [
                    [
                        0.0,
                        0.0,
                        0.0,
                        0.0,
                        0.0,
                        0.0
                    ],
                    [
                        -0.9421572573745765,
                        0.0,
                        0.0,
                        0.0,
                        0.0,
                        0.0
                    ],
                    [
                        -0.62675481575035,
                        -0.6848712971689253,
                        0.0,
                        0.0,
                        0.0,
                        0.0
                    ],
                    [
                        -0.8940563394114891,
                        -0.0,
                        0.7942897913877773,
                        0.0,
                        0.0,
                        0.0
                    ],
                    [
                        0.0,
                        0.9336049612933276,
                        -0.5289886913406876,
                        0.8850530256455218,
                        0.0,
                        0.0
                    ],
                    [
                        0.6406347897524496,
                        0.7587803492033529,
                        0.628023273590671,
                        -0.548400521667024,
                        0.5255070319372965,
                        0.0
                    ]
                ]
            },
            "est_params": {
                "mui": [
                    1.0000008419593471,
                    -0.9430922919811461,
                    0.025102166080644115,
                    -0.877323481815212,
                    -1.6637767510193446,
                    -0.4687699449177454
                ],
                "Si": [
                    [
                        1.010776755149952e-06,
                        -3.142596551201489e-07,
                        -1.4887492602870823e-06,
                        -5.060587304581895e-07,
                        1.6122004435092076e-06,
                        -8.942091398415709e-07
                    ],
                    [
                        -3.1425965512014874e-07,
                        0.9966165295646844,
                        -0.6843806014101983,
                        -0.5352864489549444,
                        0.8356394710036336,
                        1.0530779988137635
                    ],
                    [
                        -1.4887492602870823e-06,
                        -0.6843806014101984,
                        1.4503071626556547,
                        1.1503961958928424,
                        -0.40441470017618053,
                        -0.46246123072833245
                    ],
                    [
                        -5.060587304581894e-07,
                        -0.5352864489549444,
                        1.1503961958928424,
                        1.948464090693667,
                        0.6108976083500469,
                        -0.44245046512760133
                    ],
                    [
                        1.6122004435092076e-06,
                        0.8356394710036336,
                        -0.4044147001761805,
                        0.610897608350047,
                        2.5556597604099376,
                        1.3756175132399207
                    ],
                    [
                        -8.942091398415714e-07,
                        1.0530779988137637,
                        -0.4624612307283324,
                        -0.44245046512760133,
                        1.3756175132399207,
                        2.429512797261381
                    ]
                ]
            },
            "est_tgt": [
                0
            ],
            "oracle_est_tgt": [
                0
            ]
        },
        "1": {
            "intv_type": "do",
            "inode": 1,
            "new_mui": 1.0,
            "new_vari": null,
            "true_params": {
                "Si": [
                    [
                        1.0,
                        0.0,
                        -0.62675481575035,
                        -1.3918812912651193,
                        -0.9003425383983382,
                        0.5371902697739572
                    ],
                    [
                        0.0,
                        1e-09,
                        -6.848712971689253e-10,
                        -5.439862797557821e-10,
                        8.144374297120104e-10,
                        1.054980191151409e-09
                    ],
                    [
                        -0.62675481575035,
                        -6.848712971689253e-10,
                        1.3928215995353037,
                        1.666658094013567,
                        0.738293912974683,
                        -0.05281408495918116
                    ],
                    [
                        -1.3918812912651193,
                        -5.439862797557821e-10,
                        1.666658094013567,
                        3.5682298019726155,
                        2.276429297861915,
                        -0.6055269877390606
                    ],
                    [
                        -0.9003425383983382,
                        8.144374297120104e-10,
                        0.738293912974683,
                        2.276429297861915,
                        2.6242115076518884,
                        0.017521594000669993
                    ],
                    [
                        0.5371902697739572,
                        1.054980191151409e-09,
                        -0.05281408495918116,
                        -0.6055269877390606,
                        0.017521594000669993,
                        1.6522533386241032
                    ]
                ],
                "mui": [
                    0.0,
                    1.0,
                    -0.6848712971689253,
                    -0.5439862797557821,
                    0.8144374297120104,
                    1.054980191151409
                ],
                "Ai": [
                    [
                        0.0,
                        0.0,
                        0.0,
                        0.0,
                        0.0,
                        0.0
                    ],
                    [
                        0.0,
                        0.0,
                        0.0,
                        0.0,
                        0.0,
                        0.0
                    ],
                    [
                        -0.62675481575035,
                        -0.6848712971689253,
                        0.0,
                        0.0,
                        0.0,
                        0.0
                    ],
                    [
                        -0.8940563394114891,
                        -0.0,
                        0.7942897913877773,
                        0.0,
                        0.0,
                        0.0
                    ],
                    [
                        0.0,
                        0.9336049612933276,
                        -0.5289886913406876,
                        0.8850530256455218,
                        0.0,
                        0.0
                    ],
                    [
                        0.6406347897524496,
                        0.7587803492033529,
                        0.628023273590671,
                        -0.548400521667024,
                        0.5255070319372965,
                        0.0
                    ]
                ]
            },
            "est_params": {
                "mui": [
                    0.004820900452678789,
                    0.9999993878450547,
                    -0.6740874383705399,
                    -0.5280862740949055,
                    0.8241195682187448,
                    1.0511581259684477
                ],
                "Si": [
                    [
                        1.0096109355384426,
                        -1.8500946301290608e-07,
                        -0.6357496563347883,
                        -1.412363520698018,
                        -0.9157999414636997,
                        0.5414352705453963
                    ],
                    [
                        -1.850094630129064e-07,
                        1.0116542830904384e-06,
                        -1.9793938372919822e-07,
                        4.2238942103183635e-07,
                        1.205296054846729e-06,
                        1.4636443081553084e-06
                    ],
                    [
                        -0.6357496563347883,
                        -1.9793938372919843e-07,
                        1.3967427866968607,
                        1.706011936393723,
                        0.7816240088020491,
                        -0.04180128844672993
                    ],
                    [
                        -1.412363520698018,
                        4.2238942103183645e-07,
                        1.706011936393723,
                        3.632978275449672,
                        2.3213074511070464,
                        -0.5990574426604397
                    ],
                    [
                        -0.9157999414636999,
                        1.2052960548467287e-06,
                        0.7816240088020491,
                        2.3213074511070464,
                        2.629838206339231,
                        0.027488067234208113
                    ],
                    [
                        0.5414352705453963,
                        1.4636443081553084e-06,
                        -0.04180128844672993,
                        -0.5990574426604397,
                        0.0274880672342081,
                        1.6657221355107652
                    ]
                ]
            },
            "est_tgt": [
                1,
                2
            ],
            "oracle_est_tgt": [
                1,
                2
            ]
        },
        "2": {
            "intv_type": "do",
            "inode": 2,
            "new_mui": 1.0,
            "new_vari": null,
            "true_params": {
                "Si": [
                    [
                        1.0,
                        -0.9421572573745765,
                        0.0,
                        -0.8940563394114891,
                        -1.6708899580971173,
                        -0.46201908264318414
                    ],
                    [
                        -0.9421572573745765,
                        1.887660297623584,
                        0.0,
                        0.842341668678282,
                        2.5078460615888285,
                        1.6846909531723642
                    ],
                    [
                        0.0,
                        0.0,
                        1e-09,
                        7.942897913877774e-10,
                        1.7399989176641506e-10,
                        2.8387250431840185e-10
                    ],
                    [
                        -0.8940563394114891,
                        0.842341668678282,
                        7.942897913877774e-10,
                        1.799336738672768,
                        2.3789227852794532,
                        0.32977215693877465
                    ],
                    [
                        -1.6708899580971173,
                        2.5078460615888285,
                        1.7399989176641506e-10,
                        2.3789227852794532,
                        5.44681033405587,
                        2.390208709187148
                    ],
                    [
                        -0.46201908264318414,
                        1.6846909531723642,
                        2.8387250431840185e-10,
                        0.32977215693877465,
                        2.390208709187148,
                        3.0575491536345294
                    ]
                ],
                "mui": [
                    0.0,
                    0.0,
                    1.0,
                    0.7942897913877773,
                    0.17399989176641506,
                    0.28387250431840183
                ],
                "Ai": [
                    [
                        0.0,
                        0.0,
                        0.0,
                        0.0,
                        0.0,
                        0.0
                    ],
                    [
                        -0.9421572573745765,
                        0.0,
                        0.0,
                        0.0,
                        0.0,
                        0.0
                    ],
                    [
                        0.0,
                        0.0,
                        0.0,
                        0.0,
                        0.0,
                        0.0
                    ],
                    [
                        -0.8940563394114891,
                        -0.0,
                        0.7942897913877773,
                        0.0,
                        0.0,
                        0.0
                    ],
                    [
                        0.0,
                        0.9336049612933276,
                        -0.5289886913406876,
                        0.8850530256455218,
                        0.0,
                        0.0
                    ],
                    [
                        0.6406347897524496,
                        0.7587803492033529,
                        0.628023273590671,
                        -0.548400521667024,
                        0.5255070319372965,
                        0.0
                    ]
                ]
            },
            "est_params": {
                "mui": [
                    -0.01448165405659049,
                    0.008083169600772185,
                    1.0000009033222468,
                    0.8161079147303999,
                    0.1832732553201002,
                    0.2838023416250036
                ],
                "Si": [
                    [
                        1.0062632544334205,
                        -0.9460465450090143,
                        6.635161656513709e-07,
                        -0.8989824523027856,
                        -1.6753909652820664,
                        -0.4635590646682487
                    ],
                    [
                        -0.9460465450090142,
                        1.9204677872175666,
                        -1.8958555090250571e-07,
                        0.8387258506958146,
                        2.516771135760504,
                        1.7047122058774904
                    ],
                    [
                        6.635161656513708e-07,
                        -1.8958555090250548e-07,
                        1.0112298219228964e-06,
                        -1.2045050725263933e-06,
                        -1.8658757201594967e-06,
                        1.7764338289186669e-06
                    ],
                    [
                        -0.8989824523027856,
                        0.8387258506958146,
                        -1.2045050725263931e-06,
                        1.8022423903661053,
                        2.365109560806084,
                        0.32699539085352103
                    ],
                    [
                        -1.6753909652820664,
                        2.5167711357605045,
                        -1.8658757201594967e-06,
                        2.365109560806084,
                        5.400020023560403,
                        2.3856747332360024
                    ],
                    [
                        -0.4635590646682487,
                        1.7047122058774904,
                        1.7764338289186669e-06,
                        0.326995390853521,
                        2.3856747332360024,
                        3.060394942286544
                    ]
                ]
            },
            "est_tgt": [
                1,
                2
            ],
            "oracle_est_tgt": [
                1,
                2
            ]
        },
        "3": {
            "intv_type": "do",
            "inode": 3,
            "new_mui": 1.0,
            "new_vari": null,
            "true_params": {
                "Si": [
                    [
                        1.0,
                        -0.9421572573745765,
                        0.018501647244893227,
                        0.0,
                        -0.8893898519671423,
                        -0.5300167792755516
                    ],
                    [
                        -0.9421572573745765,
                        1.887660297623584,
                        -0.7023027583940857,
                        0.0,
                        2.13383923618566,
                        1.509025869577084
                    ],
                    [
                        0.018501647244893227,
                        -0.7023027583940857,
                        1.4693910046366208,
                        0.0,
                        -1.432964564177212,
                        -0.35126193944344897
                    ],
                    [
                        0.0,
                        0.0,
                        0.0,
                        1e-09,
                        8.850530256455218e-10,
                        -8.329893305292186e-11
                    ],
                    [
                        -0.8893898519671423,
                        2.13383923618566,
                        -1.432964564177212,
                        8.850530256455218e-10,
                        3.7501849478302978,
                        2.1201546640846978
                    ],
                    [
                        -0.5300167792755516,
                        1.509025869577084,
                        -0.35126193944344897,
                        -8.329893305292186e-11,
                        2.1201546640846978,
                        2.6990275000378934
                    ]
                ],
                "mui": [
                    0.0,
                    0.0,
                    0.0,
                    1.0,
                    0.8850530256455218,
                    -0.08329893305292185
                ],
                "Ai": [
                    [
                        0.0,
                        0.0,
                        0.0,
                        0.0,
                        0.0,
                        0.0
                    ],
                    [
                        -0.9421572573745765,
                        0.0,
                        0.0,
                        0.0,
                        0.0,
                        0.0
                    ],
                    [
                        -0.62675481575035,
                        -0.6848712971689253,
                        0.0,
                        0.0,
                        0.0,
                        0.0
                    ],
                    [
                        0.0,
                        0.0,
                        0.0,
                        0.0,
                        0.0,
                        0.0
                    ],
                    [
                        0.0,
                        0.9336049612933276,
                        -0.5289886913406876,
                        0.8850530256455218,
                        0.0,
                        0.0
                    ],
                    [
                        0.6406347897524496,
                        0.7587803492033529,
                        0.628023273590671,
                        -0.548400521667024,
                        0.5255070319372965,
                        0.0
                    ]
                ]
            },
            "est_params": {
                "mui": [
                    0.007188772591723391,
                    -0.01261551298349559,
                    -0.0008282467538327048,
                    1.0000006196747702,
                    0.854417582310646,
                    -0.09432948687633051
                ],
                "Si": [
                    [
                        1.011752112803596,
                        -0.973334831464096,
                        0.009134136316012342,
                        4.182838001196865e-07,
                        -0.9163491756260241,
                        -0.5527135054820463
                    ],
                    [
                        -0.973334831464096,
                        1.9265185882159177,
                        -0.6991200857993224,
                        -5.118383065731298e-07,
                        2.163829934929987,
                        1.5223599443758065
                    ],
                    [
                        0.009134136316012339,
                        -0.6991200857993224,
                        1.5021491965524933,
                        -3.5820811114333873e-07,
                        -1.4361627655502947,
                        -0.3350321001620267
                    ],
                    [
                        4.182838001196863e-07,
                        -5.118383065731295e-07,
                        -3.582081111433391e-07,
                        1.0064192413645874e-06,
                        2.7905359016963195e-07,
                        -3.319132410357878e-07
                    ],
                    [
                        -0.9163491756260242,
                        2.163829934929987,
                        -1.4361627655502949,
                        2.790535901696321e-07,
                        3.7597895475582988,
                        2.107773075528694
                    ],
                    [
                        -0.5527135054820463,
                        1.5223599443758065,
                        -0.3350321001620268,
                        -3.3191324103578806e-07,
                        2.107773075528694,
                        2.664471162849216
                    ]
                ]
            },
            "est_tgt": [
                3
            ],
            "oracle_est_tgt": [
                3
            ]
        },
        "4": {
            "intv_type": "do",
            "inode": 4,
            "new_mui": 1.0,
            "new_vari": null,
            "true_params": {
                "Si": [
                    [
                        1.0,
                        -0.9421572573745765,
                        0.018501647244893227,
                        -0.8793606698810126,
                        0.0,
                        0.41960569216306387
                    ],
                    [
                        -0.9421572573745765,
                        1.887660297623584,
                        -0.7023027583940857,
                        0.28450975722238303,
                        0.0,
                        0.23165304665769676
                    ],
                    [
                        0.018501647244893227,
                        -0.7023027583940857,
                        1.4693910046366208,
                        1.1505807595310462,
                        0.0,
                        -0.22920807319822722
                    ],
                    [
                        -0.8793606698810126,
                        0.28450975722238303,
                        1.1505807595310462,
                        2.700092532998958,
                        0.0,
                        -1.1056092834435713
                    ],
                    [
                        0.0,
                        0.0,
                        0.0,
                        0.0,
                        1e-09,
                        5.255070319372966e-10
                    ],
                    [
                        0.41960569216306387,
                        0.23165304665769676,
                        -0.22920807319822722,
                        -1.1056092834435713,
                        5.255070319372966e-10,
                        1.9069564876279193
                    ]
                ],
                "mui": [
                    0.0,
                    0.0,
                    0.0,
                    0.0,
                    1.0,
                    0.5255070319372965
                ],
                "Ai": [
                    [
                        0.0,
                        0.0,
                        0.0,
                        0.0,
                        0.0,
                        0.0
                    ],
                    [
                        -0.9421572573745765,
                        0.0,
                        0.0,
                        0.0,
                        0.0,
                        0.0
                    ],
                    [
                        -0.62675481575035,
                        -0.6848712971689253,
                        0.0,
                        0.0,
                        0.0,
                        0.0
                    ],
                    [
                        -0.8940563394114891,
                        -0.0,
                        0.7942897913877773,
                        0.0,
                        0.0,
                        0.0
                    ],
                    [
                        0.0,
                        0.0,
                        0.0,
                        0.0,
                        0.0,
                        0.0
                    ],
                    [
                        0.6406347897524496,
                        0.7587803492033529,
                        0.628023273590671,
                        -0.548400521667024,
                        0.5255070319372965,
                        0.0
                    ]
                ]
            },
            "est_params": {
                "mui": [
                    0.022846234181568555,
                    -0.021504830121276162,
                    0.01125085935948149,
                    -0.005406160608399923,
                    0.9999993820190385,
                    0.5307037101176527
                ],
                "Si": [
                    [
                        1.0448699965815573,
                        -0.9866477743011629,
                        0.014264645760315223,
                        -0.9184461441611796,
                        4.894567390423183e-07,
                        0.43402557723109897
                    ],
                    [
                        -0.9866477743011629,
                        1.9350427531539482,
                        -0.6991742593307585,
                        0.31650239008312886,
                        5.29195653100645e-07,
                        0.229284280549299
                    ],
                    [
                        0.014264645760315218,
                        -0.6991742593307584,
                        1.4686915074430942,
                        1.1497413269730699,
                        -1.5611550211728699e-06,
                        -0.21811852315509436
                    ],
                    [
                        -0.9184461441611796,
                        0.31650239008312886,
                        1.1497413269730699,
                        2.721131886322072,
                        -1.5508776414552761e-06,
                        -1.1167261781128097
                    ],
                    [
                        4.894567390423182e-07,
                        5.291956531006453e-07,
                        -1.5611550211728699e-06,
                        -1.5508776414552761e-06,
                        1.007006646041391e-06,
                        2.8546681088561704e-08
                    ],
                    [
                        0.43402557723109897,
                        0.22928428054929895,
                        -0.2181185231550944,
                        -1.1167261781128097,
                        2.8546681088561518e-08,
                        1.9392061764733717
                    ]
                ]
            },
            "est_tgt": [
                4
            ],
            "oracle_est_tgt": [
                4
            ]
        },
        "5": {
            "intv_type": "do",
            "inode": 5,
            "new_mui": 1.0,
            "new_vari": null,
            "true_params": {
                "Si": [
                    [
                        1.0,
                        -0.9421572573745765,
                        0.018501647244893227,
                        -0.8793606698810126,
                        -1.6676706734790052,
                        0.0
                    ],
                    [
                        -0.9421572573745765,
                        1.887660297623584,
                        -0.7023027583940857,
                        0.28450975722238303,
                        2.3856454576410027,
                        0.0
                    ],
                    [
                        0.018501647244893227,
                        -0.7023027583940857,
                        1.4693910046366208,
                        1.1505807595310462,
                        -0.4146395817047369,
                        0.0
                    ],
                    [
                        -0.8793606698810126,
                        0.28450975722238303,
                        1.1505807595310462,
                        2.700092532998958,
                        2.0467005764666832,
                        0.0
                    ],
                    [
                        -1.6676706734790052,
                        2.3856454576410027,
                        -0.4146395817047369,
                        2.0467005764666832,
                        5.258028622636841,
                        0.0
                    ],
                    [
                        0.0,
                        0.0,
                        0.0,
                        0.0,
                        0.0,
                        1e-09
                    ]
                ],
                "mui": [
                    0.0,
                    0.0,
                    0.0,
                    0.0,
                    0.0,
                    1.0
                ],
                "Ai": [
                    [
                        0.0,
                        0.0,
                        0.0,
                        0.0,
                        0.0,
                        0.0
                    ],
                    [
                        -0.9421572573745765,
                        0.0,
                        0.0,
                        0.0,
                        0.0,
                        0.0
                    ],
                    [
                        -0.62675481575035,
                        -0.6848712971689253,
                        0.0,
                        0.0,
                        0.0,
                        0.0
                    ],
                    [
                        -0.8940563394114891,
                        -0.0,
                        0.7942897913877773,
                        0.0,
                        0.0,
                        0.0
                    ],
                    [
                        0.0,
                        0.9336049612933276,
                        -0.5289886913406876,
                        0.8850530256455218,
                        0.0,
                        0.0
                    ],
                    [
                        0.0,
                        0.0,
                        0.0,
                        0.0,
                        0.0,
                        0.0
                    ]
                ]
            },
            "est_params": {
                "mui": [
                    0.002398848428695167,
                    -0.006557697472451447,
                    0.009529126391186204,
                    -0.00024827917002132955,
                    -0.020904423376301426,
                    0.9999999787741011
                ],
                "Si": [
                    [
                        0.9956867292690099,
                        -0.9230282655814156,
                        -0.006030677919805034,
                        -0.885411820870122,
                        -1.6492620676708551,
                        -4.6464289322157447e-07
                    ],
                    [
                        -0.9230282655814156,
                        1.8577048081622451,
                        -0.6921454767954545,
                        0.27507149282115195,
                        2.3537380115136983,
                        2.823128513768186e-08
                    ],
                    [
                        -0.006030677919805034,
                        -0.6921454767954545,
                        1.4846615785151782,
                        1.1776352648110429,
                        -0.40770334107943224,
                        7.574995418292277e-09
                    ],
                    [
                        -0.885411820870122,
                        0.27507149282115195,
                        1.1776352648110429,
                        2.7084778448828524,
                        2.022332264809111,
                        8.553350223557521e-07
                    ],
                    [
                        -1.649262067670855,
                        2.353738011513698,
                        -0.4077033410794321,
                        2.022332264809111,
                        5.211332680871008,
                        1.186113744079569e-06
                    ],
                    [
                        -4.646428932215743e-07,
                        2.8231285137681643e-08,
                        7.574995418292132e-09,
                        8.553350223557518e-07,
                        1.186113744079569e-06,
                        1.007469416271146e-06
                    ]
                ]
            },
            "est_tgt": [
                5
            ],
            "oracle_est_tgt": [
                5
            ]
        },
        "obs": {
            "intv_type": "obs",
            "true_params": {
                "Si": [
                    [
                        1.0,
                        -0.9421572573745765,
                        0.018501647244893227,
                        -0.8793606698810126,
                        -1.6676706734790052,
                        -0.4567669737057606
                    ],
                    [
                        -0.9421572573745765,
                        1.887660297623584,
                        -0.7023027583940857,
                        0.28450975722238303,
                        2.3856454576410027,
                        1.4853265103573137
                    ],
                    [
                        0.018501647244893227,
                        -0.7023027583940857,
                        1.4693910046366208,
                        1.1505807595310462,
                        -0.4146395817047369,
                        -0.4471040891036058
                    ],
                    [
                        -0.8793606698810126,
                        0.28450975722238303,
                        1.1505807595310462,
                        2.700092532998958,
                        2.0467005764666832,
                        -0.030053738240210834
                    ],
                    [
                        -1.6676706734790052,
                        2.3856454576410027,
                        -0.4146395817047369,
                        2.0467005764666832,
                        5.258028622636841,
                        2.122129086173919
                    ],
                    [
                        -0.4567669737057606,
                        1.4853265103573137,
                        -0.4471040891036058,
                        -0.030053738240210834,
                        2.122129086173919,
                        2.6852992235614854
                    ]
                ],
                "mui": [
                    0.0,
                    0.0,
                    0.0,
                    0.0,
                    0.0,
                    0.0
                ],
                "Ai": [
                    [
                        0.0,
                        0.0,
                        0.0,
                        0.0,
                        0.0,
