{
    "expt_args": {
        "save_dir": "all_expt_logs/expt_logs_11.05.24-sparsity_n6-corr",
        "exp_name": "98",
        "num_nodes": 6,
        "obs_noise_mean": 0.0,
        "obs_noise_var": 1.0,
        "max_edge_strength": 1.0,
        "graph_sparsity_method": "adj_dense_prop",
        "adj_dense_prop": 0.8,
        "num_parents": null,
        "new_noise_mean": 1.0,
        "mix_samples": 4096,
        "stage2_samples": 4096,
        "gmm_tol": 0.001,
        "intv_type": "do",
        "new_noise_var": null,
        "intv_targets": [
            0,
            1,
            2,
            3,
            4,
            5
        ]
    },
    "intv_args_dict": {
        "0": {
            "intv_type": "do",
            "inode": 0,
            "new_mui": 1.0,
            "new_vari": null,
            "true_params": {
                "Si": [
                    [
                        1e-09,
                        -9.255088145233333e-10,
                        -6.797680080473871e-10,
                        2.2962615515249537e-10,
                        7.398611309571303e-10,
                        -1.470991308502793e-09
                    ],
                    [
                        -9.255088145233333e-10,
                        1.0000000008565666,
                        6.291312832788248e-10,
                        0.9789443095378301,
                        -6.847479982240263e-10,
                        1.6021897157491642
                    ],
                    [
                        -6.797680080473871e-10,
                        6.291312832788248e-10,
                        1.0000000004620846,
                        -0.6900674572065664,
                        -5.029339272224154e-10,
                        -0.05198845280058726
                    ],
                    [
                        2.2962615515249537e-10,
                        0.9789443095378301,
                        -0.6900674572065664,
                        2.434525056925427,
                        1.6989146684846268e-10,
                        2.5879160119429567
                    ],
                    [
                        7.398611309571303e-10,
                        -6.847479982240263e-10,
                        -5.029339272224155e-10,
                        1.6989146684846268e-10,
                        1.0000000005473946,
                        -1.0883292931369853e-09
                    ],
                    [
                        -1.470991308502793e-09,
                        1.6021897157491642,
                        -0.05198845280058726,
                        2.5879160119429567,
                        -1.0883292931369853e-09,
                        4.537156039084898
                    ]
                ],
                "mui": [
                    1.0,
                    -0.9255088145233332,
                    -0.679768008047387,
                    0.22962615515249535,
                    0.7398611309571302,
                    -1.4709913085027928
                ],
                "Ai": [
                    [
                        0.0,
                        0.0,
                        0.0,
                        0.0,
                        0.0,
                        0.0
                    ],
                    [
                        -0.9255088145233332,
                        0.0,
                        0.0,
                        0.0,
                        0.0,
                        0.0
                    ],
                    [
                        -0.679768008047387,
                        -0.0,
                        0.0,
                        0.0,
                        0.0,
                        0.0
                    ],
                    [
                        0.6665619620563791,
                        0.9789443097503511,
                        -0.6900674570504739,
                        0.0,
                        0.0,
                        0.0
                    ],
                    [
                        0.7398611309571302,
                        0.0,
                        -0.0,
                        -0.0,
                        0.0,
                        0.0
                    ],
                    [
                        -0.67911168574774,
                        0.6393138277364021,
                        0.6267522140176136,
                        0.9835859681301973,
                        0.0,
                        0.0
                    ]
                ]
            },
            "est_params": {
                "mui": [
                    1.0000017705399393,
                    -0.9311794748286111,
                    -0.7281359076080178,
                    0.2304843016164493,
                    0.7859059299319842,
                    -1.505715919581445
                ],
                "Si": [
                    [
                        1.010607584342014e-06,
                        -2.1349486949143358e-07,
                        -6.711613681359997e-07,
                        -5.673199018042778e-06,
                        -4.77537152286876e-06,
                        -8.614426048694384e-06
                    ],
                    [
                        -2.1349486949143348e-07,
                        1.0195139379174207,
                        0.061521072351362,
                        0.9400599025336113,
                        -0.015515391914178266,
                        1.575506587804925
                    ],
                    [
                        -6.711613681360001e-07,
                        0.061521072351362,
                        1.059164638948688,
                        -0.611312844647887,
                        -0.0023068549511547154,
                        0.07295160974478773
                    ],
                    [
                        -5.673199018042778e-06,
                        0.9400599025336113,
                        -0.611312844647887,
                        2.3708318522928957,
                        0.029170657308315806,
                        2.5348500157295053
                    ],
                    [
                        -4.77537152286876e-06,
                        -0.01551539191417825,
                        -0.0023068549511547215,
                        0.029170657308315796,
                        0.9636428842908975,
                        0.027152880321413143
                    ],
                    [
                        -8.614426048694382e-06,
                        1.5755065878049253,
                        0.07295160974478773,
                        2.5348500157295053,
                        0.027152880321413164,
                        4.456200904721254
                    ]
                ]
            },
            "est_tgt": [
                0
            ],
            "oracle_est_tgt": [
                0
            ]
        },
        "1": {
            "intv_type": "do",
            "inode": 1,
            "new_mui": 1.0,
            "new_vari": null,
            "true_params": {
                "Si": [
                    [
                        1.0,
                        0.0,
                        -0.679768008047387,
                        1.1356477427539056,
                        0.7398611309571302,
                        0.011849394701690578
                    ],
                    [
                        0.0,
                        1e-09,
                        0.0,
                        9.789443097503512e-10,
                        0.0,
                        1.602189714387749e-09
                    ],
                    [
                        -0.679768008047387,
                        0.0,
                        1.4620845447647124,
                        -1.4620444609858076,
                        -0.5029339272224154,
                        -0.06004329323345556
                    ],
                    [
                        1.1356477427539056,
                        9.789443097503512e-10,
                        -1.4620444609858076,
                        2.7658888918604805,
                        0.8402216233228167,
                        1.0329182481547377
                    ],
                    [
                        0.7398611309571302,
                        0.0,
                        -0.5029339272224154,
                        0.8402216233228167,
                        1.5473944931011638,
                        0.008766906565150218
                    ],
                    [
                        0.011849394701690578,
                        1.602189714387749e-09,
                        -0.06004329323345556,
                        1.0329182481547377,
                        0.008766906565150218,
                        1.9702845667529947
                    ]
                ],
                "mui": [
                    0.0,
                    1.0,
                    0.0,
                    0.9789443097503511,
                    0.0,
                    1.6021897143877488
                ],
                "Ai": [
                    [
                        0.0,
                        0.0,
                        0.0,
                        0.0,
                        0.0,
                        0.0
                    ],
                    [
                        0.0,
                        0.0,
                        0.0,
                        0.0,
                        0.0,
                        0.0
                    ],
                    [
                        -0.679768008047387,
                        -0.0,
                        0.0,
                        0.0,
                        0.0,
                        0.0
                    ],
                    [
                        0.6665619620563791,
                        0.9789443097503511,
                        -0.6900674570504739,
                        0.0,
                        0.0,
                        0.0
                    ],
                    [
                        0.7398611309571302,
                        0.0,
                        -0.0,
                        -0.0,
                        0.0,
                        0.0
                    ],
                    [
                        -0.67911168574774,
                        0.6393138277364021,
                        0.6267522140176136,
                        0.9835859681301973,
                        0.0,
                        0.0
                    ]
                ]
            },
            "est_params": {
                "mui": [
                    -0.011449251540857153,
                    0.9999954574047195,
                    -0.010793544965226895,
                    0.9516983820353255,
                    0.03527523228448853,
                    1.5239845981454065
                ],
                "Si": [
                    [
                        0.8952976673572801,
                        2.580848978130237e-06,
                        -0.5906386670018925,
                        0.9460946207081121,
                        0.610166982670749,
                        -0.002331236057171645
                    ],
                    [
                        2.5808489781302376e-06,
                        1.0143578619731141e-06,
                        -9.617895937747504e-06,
                        7.223754355317163e-06,
                        -2.228517449499107e-06,
                        3.1200185783201908e-06
                    ],
                    [
                        -0.5906386670018926,
                        -9.617895937747504e-06,
                        1.4581387490486255,
                        -1.3975525138463265,
                        -0.4153054811162333,
                        -0.04900929900968322
                    ],
                    [
                        0.9460946207081121,
                        7.223754355317163e-06,
                        -1.3975525138463267,
                        2.4955297222798323,
                        0.6285039046233531,
                        0.9221785226789884
                    ],
                    [
                        0.610166982670749,
                        -2.2285174494991074e-06,
                        -0.4153054811162333,
                        0.6285039046233533,
                        1.358227815615088,
                        -0.10226262791638276
                    ],
                    [
                        -0.0023312360571716593,
                        3.1200185783201895e-06,
                        -0.04900929900968325,
                        0.9221785226789884,
                        -0.10226262791638277,
                        1.8718748648154386
                    ]
                ]
            },
            "est_tgt": [
                1,
                2
            ],
            "oracle_est_tgt": [
                1
            ]
        },
        "2": {
            "intv_type": "do",
            "inode": 2,
            "new_mui": 1.0,
            "new_vari": null,
            "true_params": {
                "Si": [
                    [
                        1.0,
                        -0.9255088145233332,
                        0.0,
                        -0.23945962554503109,
                        0.7398611309571302,
                        -1.506331396184236
                    ],
                    [
                        -0.9255088145233332,
                        1.8565665657603856,
                        0.0,
                        1.200566303914734,
                        -0.6847479982240262,
                        2.9963126991494984
                    ],
                    [
                        0.0,
                        0.0,
                        1e-09,
                        -6.900674570504739e-10,
                        0.0,
                        -5.1988453800520095e-11
                    ],
                    [
                        -0.23945962554503109,
                        1.200566303914734,
                        -6.900674570504739e-10,
                        2.0156728743349506,
                        -0.1771668693743176,
                        2.912746024283501
                    ],
                    [
                        0.7398611309571302,
                        -0.6847479982240262,
                        0.0,
                        -0.1771668693743176,
                        1.5473944931011638,
                        -1.1144760503771018
                    ],
                    [
                        -1.506331396184236,
                        2.9963126991494984,
                        -5.1988453800520095e-11,
                        2.912746024283501,
                        -1.1144760503771018,
                        6.8034875127255665
                    ]
                ],
                "mui": [
                    0.0,
                    0.0,
                    1.0,
                    -0.6900674570504739,
                    0.0,
                    -0.05198845380052009
                ],
                "Ai": [
                    [
                        0.0,
                        0.0,
                        0.0,
                        0.0,
                        0.0,
                        0.0
                    ],
                    [
                        -0.9255088145233332,
                        0.0,
                        0.0,
                        0.0,
                        0.0,
                        0.0
                    ],
                    [
                        0.0,
                        0.0,
                        0.0,
                        0.0,
                        0.0,
                        0.0
                    ],
                    [
                        0.6665619620563791,
                        0.9789443097503511,
                        -0.6900674570504739,
                        0.0,
                        0.0,
                        0.0
                    ],
                    [
                        0.7398611309571302,
                        0.0,
                        -0.0,
                        -0.0,
                        0.0,
                        0.0
                    ],
                    [
                        -0.67911168574774,
                        0.6393138277364021,
                        0.6267522140176136,
                        0.9835859681301973,
                        0.0,
                        0.0
                    ]
                ]
            },
            "est_params": {
                "mui": [
                    -0.027633323028686516,
                    -0.02304807225897102,
                    0.9999996732947937,
                    -0.6238245918376887,
                    -0.08249637416100909,
                    -0.030937101638072905
                ],
                "Si": [
                    [
                        0.9687666784900204,
                        -0.877644819711165,
                        8.895186707699963e-07,
                        -0.22583545486378215,
                        0.7525683489133889,
                        -1.4118636153257969
                    ],
                    [
                        -0.877644819711165,
                        1.8782364429703116,
                        -2.4153964402549023e-06,
                        1.2619030374148168,
                        -0.6513480501451173,
                        3.025264863060832
                    ],
                    [
                        8.895186707699966e-07,
                        -2.4153964402549014e-06,
                        1.0027376085427298e-06,
                        6.585801940365148e-08,
                        8.790464342455003e-07,
                        -2.4402812244307364e-06
                    ],
                    [
                        -0.22583545486378215,
                        1.2619030374148168,
                        6.585801940365222e-08,
                        2.139950686725787,
                        -0.11586083818876214,
                        3.051139371822534
                    ],
                    [
                        0.7525683489133889,
                        -0.6513480501451173,
                        8.790464342455005e-07,
                        -0.11586083818876217,
                        1.485801453438498,
                        -0.9924533756896381
                    ],
                    [
                        -1.411863615325797,
                        3.025264863060832,
                        -2.4402812244307364e-06,
                        3.051139371822534,
                        -0.9924533756896383,
                        6.8646131592752075
                    ]
                ]
            },
            "est_tgt": [
                2,
                3
            ],
            "oracle_est_tgt": [
                2,
                3
            ]
        },
        "3": {
            "intv_type": "do",
            "inode": 3,
            "new_mui": 1.0,
            "new_vari": null,
            "true_params": {
                "Si": [
                    [
                        1.0,
                        -0.9255088145233332,
                        -0.679768008047387,
                        0.0,
                        0.7398611309571302,
                        -1.696848372626475
                    ],
                    [
                        -0.9255088145233332,
                        1.8565665657603856,
                        0.6291312832788248,
                        0.0,
                        -0.6847479982240262,
                        2.2097619535117783
                    ],
                    [
                        -0.679768008047387,
                        0.6291312832788248,
                        1.4620845447647124,
                        0.0,
                        -0.5029339272224154,
                        1.7802154522363627
                    ],
                    [
                        0.0,
                        0.0,
                        0.0,
                        1e-09,
                        0.0,
                        9.835859681301973e-10
                    ],
                    [
                        0.7398611309571302,
                        -0.6847479982240262,
                        -0.5029339272224154,
                        0.0,
                        1.5473944931011638,
                        -1.2554321560341897
                    ],
                    [
                        -1.696848372626475,
                        2.2097619535117783,
                        1.7802154522363627,
                        9.835859681301973e-10,
                        -1.2554321560341897,
                        4.680834908763508
                    ]
                ],
                "mui": [
                    0.0,
                    0.0,
                    0.0,
                    1.0,
                    0.0,
                    0.9835859681301973
                ],
                "Ai": [
                    [
                        0.0,
                        0.0,
                        0.0,
                        0.0,
                        0.0,
                        0.0
                    ],
                    [
                        -0.9255088145233332,
                        0.0,
                        0.0,
                        0.0,
                        0.0,
                        0.0
                    ],
                    [
                        -0.679768008047387,
                        -0.0,
                        0.0,
                        0.0,
                        0.0,
                        0.0
                    ],
                    [
                        0.0,
                        0.0,
                        0.0,
                        0.0,
                        0.0,
                        0.0
                    ],
                    [
                        0.7398611309571302,
                        0.0,
                        -0.0,
                        -0.0,
                        0.0,
                        0.0
                    ],
                    [
                        -0.67911168574774,
                        0.6393138277364021,
                        0.6267522140176136,
                        0.9835859681301973,
                        0.0,
                        0.0
                    ]
                ]
            },
            "est_params": {
                "mui": [
                    0.02210739836491126,
                    -0.05282941976796349,
                    0.05470780447118669,
                    1.0000026057996445,
                    -0.00835306081076851,
                    0.9543369082712725
                ],
                "Si": [
                    [
                        1.0386649746029144,
                        -1.0132381203001102,
                        -0.7003917767278094,
                        7.888420743546688e-07,
                        0.8066629498253985,
                        -1.8109793529719722
                    ],
                    [
                        -1.0132381203001102,
                        1.9840856877316053,
                        0.70206022102088,
                        5.351127750513669e-07,
                        -0.8490920518915704,
                        2.4564867130500163
                    ],
                    [
                        -0.7003917767278094,
                        0.70206022102088,
                        1.3099806223940664,
                        -4.708770104182418e-06,
                        -0.5265999354375703,
                        1.7433049789240902
                    ],
                    [
                        7.888420743546693e-07,
                        5.351127750513663e-07,
                        -4.708770104182418e-06,
                        1.0064400175226916e-06,
                        3.387732990685343e-06,
                        -2.9247048760073e-06
                    ],
                    [
                        0.8066629498253985,
                        -0.8490920518915703,
                        -0.5265999354375703,
                        3.387732990685344e-06,
                        1.6343352793884058,
                        -1.506572510883415
                    ],
                    [
                        -1.8109793529719724,
                        2.4564867130500168,
                        1.7433049789240902,
                        -2.9247048760073006e-06,
                        -1.506572510883415,
                        4.91674266124839
                    ]
                ]
            },
            "est_tgt": [
                2,
                3,
                5
            ],
            "oracle_est_tgt": [
                2,
                3,
                5
            ]
        },
        "4": {
            "intv_type": "do",
            "inode": 4,
            "new_mui": 1.0,
            "new_vari": null,
            "true_params": {
                "Si": [
                    [
                        1.0,
                        -0.9255088145233332,
                        -0.679768008047387,
                        0.22962615515249535,
                        0.0,
                        -1.4709913085027928
                    ],
                    [
                        -0.9255088145233332,
                        1.8565665657603856,
                        0.6291312832788248,
                        0.7664232791116141,
                        0.0,
                        2.9636051364942952
                    ],
                    [
                        -0.679768008047387,
                        0.6291312832788248,
                        1.4620845447647124,
                        -0.8461599711340659,
                        0.0,
                        0.9479443778354427
                    ],
                    [
                        0.22962615515249535,
                        0.7664232791116141,
                        -0.8461599711340659,
                        2.4872532280028166,
                        0.0,
                        2.2501379338465006
                    ],
                    [
                        0.0,
                        0.0,
                        0.0,
                        0.0,
                        1e-09,
                        0.0
                    ],
                    [
                        -1.4709913085027928,
                        2.9636051364942952,
                        0.9479443778354427,
                        2.2501379338465006,
                        0.0,
                        6.700971466611842
                    ]
                ],
                "mui": [
                    0.0,
                    0.0,
                    0.0,
                    0.0,
                    1.0,
                    0.0
                ],
                "Ai": [
                    [
                        0.0,
                        0.0,
                        0.0,
                        0.0,
                        0.0,
                        0.0
                    ],
                    [
                        -0.9255088145233332,
                        0.0,
                        0.0,
                        0.0,
                        0.0,
                        0.0
                    ],
                    [
                        -0.679768008047387,
                        -0.0,
                        0.0,
                        0.0,
                        0.0,
                        0.0
                    ],
                    [
                        0.6665619620563791,
                        0.9789443097503511,
                        -0.6900674570504739,
                        0.0,
                        0.0,
                        0.0
                    ],
                    [
                        0.0,
                        0.0,
                        0.0,
                        0.0,
                        0.0,
                        0.0
                    ],
                    [
                        -0.67911168574774,
                        0.6393138277364021,
                        0.6267522140176136,
                        0.9835859681301973,
                        0.0,
                        0.0
                    ]
                ]
            },
            "est_params": {
                "mui": [
                    -0.016663414929839755,
                    0.012601508826995634,
                    0.02479484087404078,
                    0.0754996356367075,
                    1.000000287890727,
                    0.09557770540926196
                ],
                "Si": [
                    [
                        0.9834966890435047,
                        -0.9641523312160697,
                        -0.6652602732249886,
                        0.16243994295647712,
                        -1.6578919116783269e-06,
                        -1.5374111922968552
                    ],
                    [
                        -0.9641523312160697,
                        1.9339356167429333,
                        0.5508340114133082,
                        0.8899905225142913,
                        4.296236388221657e-07,
                        3.0792682168289622
                    ],
                    [
                        -0.6652602732249886,
                        0.5508340114133081,
                        1.4306083211369038,
                        -0.9363726163401508,
                        1.3871660304511479e-08,
                        0.6750560337861944
                    ],
                    [
                        0.16243994295647712,
                        0.8899905225142912,
                        -0.9363726163401508,
                        2.5882554105395124,
                        2.0922313001086206e-06,
                        2.4647364747594973
                    ],
                    [
                        -1.6578919116783269e-06,
                        4.296236388221644e-07,
                        1.3871660304512129e-08,
                        2.0922313001086206e-06,
                        1.0018486032839459e-06,
                        3.3806550187781427e-06
                    ],
                    [
                        -1.5374111922968552,
                        3.0792682168289622,
                        0.6750560337861944,
                        2.4647364747594973,
                        3.380655018778143e-06,
                        6.725733060932073
                    ]
                ]
            },
            "est_tgt": [
                4
            ],
            "oracle_est_tgt": [
                4
            ]
        },
        "5": {
            "intv_type": "do",
            "inode": 5,
            "new_mui": 1.0,
            "new_vari": null,
            "true_params": {
                "Si": [
                    [
                        1.0,
                        -0.9255088145233332,
                        -0.679768008047387,
                        0.22962615515249535,
                        0.7398611309571302,
                        0.0
                    ],
                    [
                        -0.9255088145233332,
                        1.8565665657603856,
                        0.6291312832788248,
                        0.7664232791116141,
                        -0.6847479982240262,
                        0.0
                    ],
                    [
                        -0.679768008047387,
                        0.6291312832788248,
                        1.4620845447647124,
                        -0.8461599711340659,
                        -0.5029339272224154,
                        0.0
                    ],
                    [
                        0.22962615515249535,
                        0.7664232791116141,
                        -0.8461599711340659,
                        2.4872532280028166,
                        0.16989146684846268,
                        0.0
                    ],
                    [
                        0.7398611309571302,
                        -0.6847479982240262,
                        -0.5029339272224154,
                        0.16989146684846268,
                        1.5473944931011638,
                        0.0
                    ],
                    [
                        0.0,
                        0.0,
                        0.0,
                        0.0,
                        0.0,
                        1e-09
                    ]
                ],
                "mui": [
                    0.0,
                    0.0,
                    0.0,
                    0.0,
                    0.0,
                    1.0
                ],
                "Ai": [
                    [
                        0.0,
                        0.0,
                        0.0,
                        0.0,
                        0.0,
                        0.0
                    ],
                    [
                        -0.9255088145233332,
                        0.0,
                        0.0,
                        0.0,
                        0.0,
                        0.0
                    ],
                    [
                        -0.679768008047387,
                        -0.0,
                        0.0,
                        0.0,
                        0.0,
                        0.0
                    ],
                    [
                        0.6665619620563791,
                        0.9789443097503511,
                        -0.6900674570504739,
                        0.0,
                        0.0,
                        0.0
                    ],
                    [
                        0.7398611309571302,
                        0.0,
                        -0.0,
                        -0.0,
                        0.0,
                        0.0
                    ],
                    [
                        0.0,
                        0.0,
                        0.0,
                        0.0,
                        0.0,
                        0.0
                    ]
                ]
            },
            "est_params": {
                "mui": [
                    -0.007111459710523093,
                    0.002371494758331956,
                    0.0828758416243637,
                    -0.07177017668598623,
                    -0.025277144637160468,
                    0.9999973836878702
                ],
                "Si": [
                    [
                        1.022452992846143,
                        -0.9840813824470769,
                        -0.6450243039128507,
                        0.14071123247758988,
                        0.7558004009465641,
                        -7.314784042148123e-07
                    ],
                    [
                        -0.9840813824470769,
                        1.9319467548415976,
                        0.5930189197991181,
                        0.9147369362119087,
                        -0.7592523405291713,
                        -8.72400430567969e-07
                    ],
                    [
                        -0.6450243039128507,
                        0.5930189197991181,
                        1.4783061220276574,
                        -0.9462524180132079,
                        -0.5098711784023184,
                        1.2105223907182304e-06
                    ],
                    [
                        0.1407112324775899,
                        0.9147369362119087,
                        -0.9462524180132079,
                        2.8659887658614447,
                        0.08944170525212265,
                        -2.2511032978262856e-06
                    ],
                    [
                        0.7558004009465642,
                        -0.7592523405291713,
                        -0.5098711784023184,
                        0.08944170525212268,
                        1.620897580224332,
                        -2.7411645167609496e-06
                    ],
                    [
                        -7.314784042148122e-07,
                        -8.724004305679685e-07,
                        1.21052239071823e-06,
                        -2.2511032978262844e-06,
                        -2.741164516760949e-06,
                        1.0040294771449971e-06
                    ]
                ]
            },
            "est_tgt": [
                2,
                3,
                5
            ],
            "oracle_est_tgt": [
                2,
                3,
                5
            ]
        },
        "obs": {
            "intv_type": "obs",
            "true_params": {
                "Si": [
                    [
                        1.0,
                        -0.9255088145233332,
                        -0.679768008047387,
                        0.22962615515249535,
                        0.7398611309571302,
                        -1.4709913085027928
                    ],
                    [
                        -0.9255088145233332,
                        1.8565665657603856,
                        0.6291312832788248,
                        0.7664232791116141,
                        -0.6847479982240262,
                        2.9636051364942952
                    ],
                    [
                        -0.679768008047387,
                        0.6291312832788248,
                        1.4620845447647124,
                        -0.8461599711340659,
                        -0.5029339272224154,
                        0.9479443778354427
                    ],
                    [
                        0.22962615515249535,
                        0.7664232791116141,
                        -0.8461599711340659,
                        2.4872532280028166,
                        0.16989146684846268,
                        2.2501379338465006
                    ],
                    [
                        0.7398611309571302,
                        -0.6847479982240262,
                        -0.5029339272224154,
                        0.16989146684846268,
                        1.5473944931011638,
                        -1.0883292931369852
                    ],
                    [
                        -1.4709913085027928,
                        2.9636051364942952,
                        0.9479443778354427,
                        2.2501379338465006,
                        -1.0883292931369852,
                        6.700971466611842
                    ]
                ],
                "mui": [
                    0.0,
                    0.0,
                    0.0,
                    0.0,
                    0.0,
                    0.0
                ],
                "Ai": [
                    [
                        0.0,
                        0.0,
                        0.0,
                        0.0,
                        0.0,
                        0.0
                    ],
                    [
                        -0.9255088145233332,
                        0.0,
                        0.0,
                        0.0,
                        0.0,
                        0.0
                    ],
                    [
