{
    "expt_args": {
        "save_dir": "all_expt_logs/expt_logs_11.05.24-sparsity_n6-corr",
        "exp_name": "96",
        "num_nodes": 6,
        "obs_noise_mean": 0.0,
        "obs_noise_var": 1.0,
        "max_edge_strength": 1.0,
        "graph_sparsity_method": "adj_dense_prop",
        "adj_dense_prop": 0.8,
        "num_parents": null,
        "new_noise_mean": 1.0,
        "mix_samples": 1024,
        "stage2_samples": 1024,
        "gmm_tol": 0.001,
        "intv_type": "do",
        "new_noise_var": null,
        "intv_targets": [
            0,
            1,
            2,
            3,
            4,
            5
        ]
    },
    "intv_args_dict": {
        "0": {
            "intv_type": "do",
            "inode": 0,
            "new_mui": 1.0,
            "new_vari": null,
            "true_params": {
                "Si": [
                    [
                        1e-09,
                        0.0,
                        -6.772889335851032e-10,
                        4.444020356286876e-10,
                        5.812986166043695e-10,
                        -3.1760448672215565e-10
                    ],
                    [
                        0.0,
                        1.0,
                        -0.7125348354952745,
                        -1.1828657468828008,
                        -1.705059938149641,
                        -0.11200513524420959
                    ],
                    [
                        -6.772889335851032e-10,
                        -0.7125348354952745,
                        1.5077058922529982,
                        1.4734499045378184,
                        2.6106134163099397,
                        0.665324036137995
                    ],
                    [
                        4.444020356286876e-10,
                        -1.1828657468828008,
                        1.4734499045378184,
                        2.7968489924885884,
                        3.865716521866439,
                        1.430205717870273
                    ],
                    [
                        5.812986166043695e-10,
                        -1.705059938149641,
                        2.6106134163099397,
                        3.865716521866439,
                        6.79360039841575,
                        1.9076084835623535
                    ],
                    [
                        -3.1760448672215565e-10,
                        -0.11200513524420959,
                        0.665324036137995,
                        1.430205717870273,
                        1.9076084835623535,
                        2.217453744443433
                    ]
                ],
                "mui": [
                    1.0,
                    0.0,
                    -0.6772889335851031,
                    0.4444020356286876,
                    0.5812986166043694,
                    -0.31760448672215563
                ],
                "Ai": [
                    [
                        0.0,
                        0.0,
                        0.0,
                        0.0,
                        0.0,
                        0.0
                    ],
                    [
                        0.0,
                        0.0,
                        0.0,
                        0.0,
                        0.0,
                        0.0
                    ],
                    [
                        -0.6772889335851031,
                        -0.7125348354952745,
                        0.0,
                        0.0,
                        0.0,
                        0.0
                    ],
                    [
                        0.8715118524939236,
                        -0.7335292702219904,
                        0.6306168544706756,
                        0.0,
                        0.0,
                        0.0
                    ],
                    [
                        0.6823491882354041,
                        0.0,
                        0.7848150152019802,
                        0.9687083284118536,
                        0.0,
                        0.0
                    ],
                    [
                        -0.7302238318536556,
                        0.9862645636485854,
                        0.0,
                        0.9284821221571922,
                        0.0,
                        0.0
                    ]
                ]
            },
            "est_params": {
                "mui": [
                    0.9999977708130844,
                    -0.12980701184311355,
                    -0.6317557243678599,
                    0.4904982436811897,
                    0.6007784866598466,
                    -0.3553206941317893
                ],
                "Si": [
                    [
                        1.0039193793429479e-06,
                        -1.6391571364519514e-06,
                        4.167771637472164e-06,
                        -2.0238246379086295e-06,
                        4.66395812257426e-06,
                        -2.8487985451255937e-06
                    ],
                    [
                        -1.6391571364519519e-06,
                        1.0165525919423666,
                        -0.7332452003021885,
                        -1.1194695102618348,
                        -1.8592919602489213,
                        -0.13216407508423345
                    ],
                    [
                        4.167771637472165e-06,
                        -0.7332452003021885,
                        1.4187283253761291,
                        1.31966550362616,
                        2.5480510681307638,
                        0.6173253020510336
                    ],
                    [
                        -2.02382463790863e-06,
                        -1.1194695102618346,
                        1.31966550362616,
                        2.6383315538202026,
                        3.8005747194671597,
                        1.3872154189858765
                    ],
                    [
                        4.663958122574261e-06,
                        -1.859291960248921,
                        2.5480510681307638,
                        3.8005747194671597,
                        7.053583399386252,
                        1.6994391777058389
                    ],
                    [
                        -2.8487985451255937e-06,
                        -0.13216407508423342,
                        0.6173253020510335,
                        1.3872154189858765,
                        1.6994391777058386,
                        2.04537070833663
                    ]
                ]
            },
            "est_tgt": [
                0
            ],
            "oracle_est_tgt": [
                0
            ]
        },
        "1": {
            "intv_type": "do",
            "inode": 1,
            "new_mui": 1.0,
            "new_vari": null,
            "true_params": {
                "Si": [
                    [
                        1.0,
                        0.0,
                        -0.6772889335851031,
                        0.4444020356286876,
                        0.5812986166043694,
                        -0.31760448672215563
                    ],
                    [
                        0.0,
                        1e-09,
                        -7.125348354952745e-10,
                        -1.1828657468828008e-09,
                        -1.705059938149641e-09,
                        -1.1200513524420959e-10
                    ],
                    [
                        -0.6772889335851031,
                        -7.125348354952745e-10,
                        1.4587203000645521,
                        0.3296282745195058,
                        1.001991695245055,
                        0.8006264795007265
                    ],
                    [
                        0.4444020356286876,
                        -1.1828657468828008e-09,
                        0.3296282745195058,
                        1.5951707878125818,
                        2.10718981493277,
                        1.1565745997644226
                    ],
                    [
                        0.5812986166043694,
                        -1.705059938149641e-09,
                        1.001991695245055,
                        2.10718981493277,
                        4.224279089968368,
                        1.5320099662070878
                    ],
                    [
                        -0.31760448672215563,
                        -1.1200513524420959e-10,
                        0.8006264795007265,
                        1.1565745997644226,
                        1.5320099662070878,
                        2.3057812040200756
                    ]
                ],
                "mui": [
                    0.0,
                    1.0,
                    -0.7125348354952745,
                    -1.1828657468828008,
                    -1.705059938149641,
                    -0.11200513524420959
                ],
                "Ai": [
                    [
                        0.0,
                        0.0,
                        0.0,
                        0.0,
                        0.0,
                        0.0
                    ],
                    [
                        0.0,
                        0.0,
                        0.0,
                        0.0,
                        0.0,
                        0.0
                    ],
                    [
                        -0.6772889335851031,
                        -0.7125348354952745,
                        0.0,
                        0.0,
                        0.0,
                        0.0
                    ],
                    [
                        0.8715118524939236,
                        -0.7335292702219904,
                        0.6306168544706756,
                        0.0,
                        0.0,
                        0.0
                    ],
                    [
                        0.6823491882354041,
                        0.0,
                        0.7848150152019802,
                        0.9687083284118536,
                        0.0,
                        0.0
                    ],
                    [
                        -0.7302238318536556,
                        0.9862645636485854,
                        0.0,
                        0.9284821221571922,
                        0.0,
                        0.0
                    ]
                ]
            },
            "est_params": {
                "mui": [
                    -0.10383887306233217,
                    1.0000001529580684,
                    -0.6848027926702488,
                    -1.3541187399278887,
                    -1.7902511558262897,
                    -0.1730702264573066
                ],
                "Si": [
                    [
                        1.040202626196294,
                        2.0737511845777996e-06,
                        -0.7342653765126075,
                        0.3384523562086049,
                        0.4406687778981174,
                        -0.4847570803684834
                    ],
                    [
                        2.0737511845777988e-06,
                        1.0049640466782787e-06,
                        2.3953964766658965e-06,
                        -1.4850770236148603e-06,
                        4.93281244419476e-06,
                        -7.057729619195036e-06
                    ],
                    [
                        -0.7342653765126074,
                        2.3953964766658974e-06,
                        1.6255419409196676,
                        0.4472351199987868,
                        1.1980813971117987,
                        1.0591021001370335
                    ],
                    [
                        0.3384523562086049,
                        -1.4850770236148597e-06,
                        0.4472351199987869,
                        1.626401566884733,
                        2.0608344479616534,
                        1.3827206499284652
                    ],
                    [
                        0.4406687778981173,
                        4.932812444194763e-06,
                        1.1980813971117987,
                        2.0608344479616534,
                        4.271366585629949,
                        1.6378349703771327
                    ],
                    [
                        -0.4847570803684834,
                        -7.057729619195035e-06,
                        1.0591021001370335,
                        1.3827206499284652,
                        1.6378349703771327,
                        2.689005404671595
                    ]
                ]
            },
            "est_tgt": [
                1
            ],
            "oracle_est_tgt": [
                1
            ]
        },
        "2": {
            "intv_type": "do",
            "inode": 2,
            "new_mui": 1.0,
            "new_vari": null,
            "true_params": {
                "Si": [
                    [
                        1.0,
                        0.0,
                        0.0,
                        0.8715118524939236,
                        1.526589978055911,
                        0.07895934243504843
                    ],
                    [
                        0.0,
                        1.0,
                        0.0,
                        -0.7335292702219904,
                        -0.7105759131979112,
                        0.30519575016845524
                    ],
                    [
                        0.0,
                        0.0,
                        1e-09,
                        6.306168544706756e-10,
                        1.3956988141646095e-09,
                        5.855164753070262e-10
                    ],
                    [
                        0.8715118524939236,
                        -0.7335292702219904,
                        6.306168544706756e-10,
                        2.297598099707474,
                        2.820377820111558,
                        0.77342610942778
                    ],
                    [
                        1.526589978055911,
                        -0.7105759131979112,
                        1.3956988141646095e-09,
                        2.820377820111558,
                        4.773790917000255,
                        0.8031021572875469
                    ],
                    [
                        0.07895934243504843,
                        0.30519575016845524,
                        5.855164753070262e-10,
                        0.77342610942778,
                        0.8031021572875469,
                        1.961458075187014
                    ]
                ],
                "mui": [
                    0.0,
                    0.0,
                    1.0,
                    0.6306168544706756,
                    1.3956988141646094,
                    0.5855164753070261
                ],
                "Ai": [
                    [
                        0.0,
                        0.0,
                        0.0,
                        0.0,
                        0.0,
                        0.0
                    ],
                    [
                        0.0,
                        0.0,
                        0.0,
                        0.0,
                        0.0,
                        0.0
                    ],
                    [
                        0.0,
                        0.0,
                        0.0,
                        0.0,
                        0.0,
                        0.0
                    ],
                    [
                        0.8715118524939236,
                        -0.7335292702219904,
                        0.6306168544706756,
                        0.0,
                        0.0,
                        0.0
                    ],
                    [
                        0.6823491882354041,
                        0.0,
                        0.7848150152019802,
                        0.9687083284118536,
                        0.0,
                        0.0
                    ],
                    [
                        -0.7302238318536556,
                        0.9862645636485854,
                        0.0,
                        0.9284821221571922,
                        0.0,
                        0.0
                    ]
                ]
            },
            "est_params": {
                "mui": [
                    -0.021022249053725416,
                    -0.08887851652919569,
                    1.0000049807527676,
                    0.6856534749997476,
                    1.4678998590948698,
                    0.6492751808910668
                ],
                "Si": [
                    [
                        1.1922262585158105,
                        -0.04620144135457475,
                        -3.317028858128808e-06,
                        1.0889289403007198,
                        1.7950593476806764,
                        -0.09799601420177038
                    ],
                    [
                        -0.046201441354574733,
                        0.9344719066924748,
                        5.145489759550475e-06,
                        -0.7270427806748839,
                        -0.6350678581141648,
                        0.2598710612567045
                    ],
                    [
                        -3.317028858128811e-06,
                        5.145489759550474e-06,
                        1.0079867021563682e-06,
                        -2.6052599338823005e-06,
                        -5.852949481102186e-07,
                        5.392877293185123e-06
                    ],
                    [
                        1.0889289403007198,
                        -0.7270427806748839,
                        -2.6052599338823005e-06,
                        2.4551273290796964,
                        2.909004666222089,
                        0.5778119364966106
                    ],
                    [
                        1.7950593476806764,
                        -0.6350678581141647,
                        -5.852949481102185e-07,
                        2.909004666222089,
                        4.725314078155295,
                        0.4461620104502948
                    ],
                    [
                        -0.09799601420177036,
                        0.2598710612567045,
                        5.392877293185123e-06,
                        0.5778119364966107,
                        0.4461620104502947,
                        1.748303069103004
                    ]
                ]
            },
            "est_tgt": [
                2,
                3
            ],
            "oracle_est_tgt": [
                2,
                4
            ]
        },
        "3": {
            "intv_type": "do",
            "inode": 3,
            "new_mui": 1.0,
            "new_vari": null,
            "true_params": {
                "Si": [
                    [
                        1.0,
                        0.0,
                        -0.6772889335851031,
                        0.0,
                        0.15080266352767852,
                        -0.7302238318536556
                    ],
                    [
                        0.0,
                        1.0,
                        -0.7125348354952745,
                        0.0,
                        -0.5592080377511643,
                        0.9862645636485854
                    ],
                    [
                        -0.6772889335851031,
                        -0.7125348354952745,
                        1.966426191351124,
                        0.0,
                        1.0811332472261868,
                        -0.20817533825957346
                    ],
                    [
                        0.0,
                        0.0,
                        0.0,
                        1e-09,
                        9.687083284118536e-10,
                        9.284821221571922e-10
                    ],
                    [
                        0.15080266352767852,
                        -0.5592080377511643,
                        1.0811332472261868,
                        9.687083284118536e-10,
                        1.95138968183743,
                        -0.6616467692569243
                    ],
                    [
                        -0.7302238318536556,
                        0.9862645636485854,
                        -0.20817533825957346,
                        9.284821221571922e-10,
                        -0.6616467692569243,
                        2.505944634978049
                    ]
                ],
                "mui": [
                    0.0,
                    0.0,
                    0.0,
                    1.0,
                    0.9687083284118536,
                    0.9284821221571922
                ],
                "Ai": [
                    [
                        0.0,
                        0.0,
                        0.0,
                        0.0,
                        0.0,
                        0.0
                    ],
                    [
                        0.0,
                        0.0,
                        0.0,
                        0.0,
                        0.0,
                        0.0
                    ],
                    [
                        -0.6772889335851031,
                        -0.7125348354952745,
                        0.0,
                        0.0,
                        0.0,
                        0.0
                    ],
                    [
                        0.0,
                        0.0,
                        0.0,
                        0.0,
                        0.0,
                        0.0
                    ],
                    [
                        0.6823491882354041,
                        0.0,
                        0.7848150152019802,
                        0.9687083284118536,
                        0.0,
                        0.0
                    ],
                    [
                        -0.7302238318536556,
                        0.9862645636485854,
                        0.0,
                        0.9284821221571922,
                        0.0,
                        0.0
                    ]
                ]
            },
            "est_params": {
                "mui": [
                    0.0013333854007866062,
                    0.01274830126320888,
                    0.16085086327888504,
                    0.9999972675471664,
                    1.0844961408514264,
                    0.9470299838243247
                ],
                "Si": [
                    [
                        0.982648927285396,
                        -0.1001986550182627,
                        -0.797222517099124,
                        -2.978907125812593e-08,
                        -0.013185576290266614,
                        -0.8437378590480604
                    ],
                    [
                        -0.1001986550182627,
                        1.0038564958897307,
                        -0.6557618607556331,
                        3.3854916375096725e-06,
                        -0.6579952680389597,
                        1.1735403007205953
                    ],
                    [
                        -0.7972225170991241,
                        -0.6557618607556331,
                        2.142715232061703,
                        1.5989169964936318e-06,
                        1.141938759772545,
                        -0.0927340540725827
                    ],
                    [
                        -2.978907125812555e-08,
                        3.3854916375096725e-06,
                        1.5989169964936329e-06,
                        1.0015414439822221e-06,
                        -3.520564625697037e-06,
                        4.237349275818209e-06
                    ],
                    [
                        -0.013185576290266614,
                        -0.6579952680389597,
                        1.141938759772545,
                        -3.5205646256970362e-06,
                        1.811982926988427,
                        -0.634250604801965
                    ],
                    [
                        -0.8437378590480604,
                        1.1735403007205953,
                        -0.09273405407258271,
                        4.237349275818209e-06,
                        -0.634250604801965,
                        2.8962021114480625
                    ]
                ]
            },
            "est_tgt": [
                2,
                3
            ],
            "oracle_est_tgt": [
                2,
                3,
                4,
                5
            ]
        },
        "4": {
            "intv_type": "do",
            "inode": 4,
            "new_mui": 1.0,
            "new_vari": null,
            "true_params": {
                "Si": [
                    [
                        1.0,
                        0.0,
                        -0.6772889335851031,
                        0.4444020356286876,
                        0.0,
                        -0.31760448672215563
                    ],
                    [
                        0.0,
                        1.0,
                        -0.7125348354952745,
                        -1.1828657468828008,
                        0.0,
                        -0.11200513524420959
                    ],
                    [
                        -0.6772889335851031,
                        -0.7125348354952745,
                        1.966426191351124,
                        1.1724613240448043,
                        0.0,
                        0.8804340400367778
                    ],
                    [
                        0.4444020356286876,
                        -1.1828657468828008,
                        1.1724613240448043,
                        2.9943421615620167,
                        0.0,
                        1.2890616375872868
                    ],
                    [
                        0.0,
                        0.0,
                        0.0,
                        0.0,
                        1e-09,
                        0.0
                    ],
                    [
                        -0.31760448672215563,
                        -0.11200513524420959,
                        0.8804340400367778,
                        1.2890616375872868,
                        0.0,
                        2.318326354328604
                    ]
                ],
                "mui": [
                    0.0,
                    0.0,
                    0.0,
                    0.0,
                    1.0,
                    0.0
                ],
                "Ai": [
                    [
                        0.0,
                        0.0,
                        0.0,
                        0.0,
                        0.0,
                        0.0
                    ],
                    [
                        0.0,
                        0.0,
                        0.0,
                        0.0,
                        0.0,
                        0.0
                    ],
                    [
                        -0.6772889335851031,
                        -0.7125348354952745,
                        0.0,
                        0.0,
                        0.0,
                        0.0
                    ],
                    [
                        0.8715118524939236,
                        -0.7335292702219904,
                        0.6306168544706756,
                        0.0,
                        0.0,
                        0.0
                    ],
                    [
                        0.0,
                        0.0,
                        0.0,
                        0.0,
                        0.0,
                        0.0
                    ],
                    [
                        -0.7302238318536556,
                        0.9862645636485854,
                        0.0,
                        0.9284821221571922,
                        0.0,
                        0.0
                    ]
                ]
            },
            "est_params": {
                "mui": [
                    -0.049409678622655495,
                    -0.01813284510041519,
                    0.022735366251505126,
                    -0.05157139623666134,
                    1.0000007962674484,
                    -0.16968860467925653
                ],
                "Si": [
                    [
                        0.902064480381914,
                        0.12183834818360005,
                        -0.6768237251182846,
                        0.2288832363721895,
                        -5.138746955856075e-07,
                        -0.3686924470348181
                    ],
                    [
                        0.12183834818360005,
                        0.8461670293342247,
                        -0.7110006723427764,
                        -0.9634049828565788,
                        9.156740752243468e-07,
                        -0.1158670534985138
                    ],
                    [
                        -0.6768237251182846,
                        -0.7110006723427765,
                        2.0262321167222623,
                        1.2294635715094533,
                        -1.478752180688163e-06,
                        1.139168848974839
                    ],
                    [
                        0.2288832363721895,
                        -0.9634049828565788,
                        1.2294635715094533,
                        2.5979027430522805,
                        -2.933772266562067e-06,
                        1.2220184285333722
                    ],
                    [
                        -5.138746955856078e-07,
                        9.156740752243465e-07,
                        -1.478752180688163e-06,
                        -2.933772266562066e-06,
                        1.0007664607696884e-06,
                        -3.867557786836282e-06
                    ],
                    [
                        -0.3686924470348181,
                        -0.11586705349851377,
                        1.1391688489748388,
                        1.2220184285333722,
                        -3.867557786836281e-06,
                        2.3165776979761286
                    ]
                ]
            },
            "est_tgt": [
                2,
                4
            ],
            "oracle_est_tgt": [
                2,
                4
            ]
        },
        "5": {
            "intv_type": "do",
            "inode": 5,
            "new_mui": 1.0,
            "new_vari": null,
            "true_params": {
                "Si": [
                    [
                        1.0,
                        0.0,
                        -0.6772889335851031,
                        0.4444020356286876,
                        0.5812986166043694,
                        0.0
                    ],
                    [
                        0.0,
                        1.0,
                        -0.7125348354952745,
                        -1.1828657468828008,
                        -1.705059938149641,
                        0.0
                    ],
                    [
                        -0.6772889335851031,
                        -0.7125348354952745,
                        1.966426191351124,
                        1.1724613240448043,
                        2.216906296569178,
                        0.0
                    ],
                    [
                        0.4444020356286876,
                        -1.1828657468828008,
                        1.1724613240448043,
                        2.9943421615620167,
                        4.12404681013523,
                        0.0
                    ],
                    [
                        0.5812986166043694,
                        -1.705059938149641,
                        2.216906296569178,
                        4.12404681013523,
                        7.131508479743996,
                        0.0
                    ],
                    [
                        0.0,
                        0.0,
                        0.0,
                        0.0,
                        0.0,
                        1e-09
                    ]
                ],
                "mui": [
                    0.0,
                    0.0,
                    0.0,
                    0.0,
                    0.0,
                    1.0
                ],
                "Ai": [
                    [
                        0.0,
                        0.0,
                        0.0,
                        0.0,
                        0.0,
                        0.0
                    ],
                    [
                        0.0,
                        0.0,
                        0.0,
                        0.0,
                        0.0,
                        0.0
                    ],
                    [
                        -0.6772889335851031,
                        -0.7125348354952745,
                        0.0,
                        0.0,
                        0.0,
                        0.0
                    ],
                    [
                        0.8715118524939236,
                        -0.7335292702219904,
                        0.6306168544706756,
                        0.0,
                        0.0,
                        0.0
                    ],
                    [
                        0.6823491882354041,
                        0.0,
                        0.7848150152019802,
                        0.9687083284118536,
                        0.0,
                        0.0
                    ],
                    [
                        0.0,
                        0.0,
                        0.0,
                        0.0,
                        0.0,
                        0.0
                    ]
                ]
            },
            "est_params": {
                "mui": [
                    0.08491358372391833,
                    0.06636998646788783,
                    -0.3531623674047744,
                    -0.17188990787310657,
                    -0.5800072335609472,
                    0.9999970702680513
                ],
                "Si": [
                    [
                        0.8652768307618284,
                        -0.05492719912844936,
                        -0.7006631208955508,
                        0.4269200768869834,
                        0.2880560116869717,
                        2.223495352714528e-06
                    ],
                    [
                        -0.05492719912844936,
                        0.8090641021661236,
                        -0.5345571074552659,
                        -0.9676554151957746,
                        -1.3370813875945464,
                        4.061288496490828e-06
                    ],
                    [
                        -0.7006631208955508,
                        -0.5345571074552659,
                        1.9813985825479692,
                        0.9169039370022053,
                        2.0330187835112876,
                        -1.3214057949772697e-05
                    ],
                    [
                        0.4269200768869834,
                        -0.9676554151957746,
                        0.9169039370022053,
                        2.5690874067435057,
                        3.3585076142808923,
                        -3.7141244315919248e-06
                    ],
                    [
                        0.2880560116869717,
                        -1.3370813875945466,
                        2.033018783511287,
                        3.3585076142808923,
                        6.047253234117348,
                        -1.3470572930116465e-05
                    ],
                    [
                        2.223495352714528e-06,
                        4.061288496490827e-06,
                        -1.3214057949772694e-05,
                        -3.7141244315919235e-06,
                        -1.3470572930116467e-05,
                        1.001875235506878e-06
                    ]
                ]
            },
            "est_tgt": [
                5
            ],
            "oracle_est_tgt": [
                3,
                5
            ]
        },
        "obs": {
            "intv_type": "obs",
            "true_params": {
                "Si": [
                    [
                        1.0,
                        0.0,
                        -0.6772889335851031,
                        0.4444020356286876,
                        0.5812986166043694,
                        -0.31760448672215563
                    ],
                    [
                        0.0,
                        1.0,
                        -0.7125348354952745,
                        -1.1828657468828008,
                        -1.705059938149641,
                        -0.11200513524420959
                    ],
                    [
                        -0.6772889335851031,
                        -0.7125348354952745,
                        1.966426191351124,
                        1.1724613240448043,
                        2.216906296569178,
                        0.8804340400367778
                    ],
                    [
                        0.4444020356286876,
                        -1.1828657468828008,
                        1.1724613240448043,
                        2.9943421615620167,
                        4.12404681013523,
                        1.2890616375872868
                    ],
                    [
                        0.5812986166043694,
                        -1.705059938149641,
                        2.216906296569178,
                        4.12404681013523,
                        7.131508479743996,
                        1.7229854349880465
                    ],
                    [
                        -0.31760448672215563,
                        -0.11200513524420959,
                        0.8804340400367778,
                        1.2890616375872868,
                        1.7229854349880465,
                        2.318326354328604
                    ]
                ],
                "mui": [
                    0.0,
                    0.0,
                    0.0,
                    0.0,
                    0.0,
                    0.0
                ],
                "Ai": [
                    [
                        0.0,
                        0.0,
                        0.0,
                        0.0,
                        0.0,
                        0.0
                    ],
                    [
                        0.0,
                        0.0,
                        0.0,
                        0.0,
                        0.0,
                        0.0
                    ],
                    [
                        -0.6772889335851031,
                        -0.7125348354952745,
                        0.0,
                        0.0,
                        0.0,
