{
    "expt_args": {
        "save_dir": "all_expt_logs/expt_logs_11.05.24-sparsity_n6-corr",
        "exp_name": "123",
        "num_nodes": 6,
        "obs_noise_mean": 0.0,
        "obs_noise_var": 1.0,
        "max_edge_strength": 1.0,
        "graph_sparsity_method": "adj_dense_prop",
        "adj_dense_prop": 1.0,
        "num_parents": null,
        "new_noise_mean": 1.0,
        "mix_samples": 8192,
        "stage2_samples": 8192,
        "gmm_tol": 0.001,
        "intv_type": "do",
        "new_noise_var": null,
        "intv_targets": [
            0,
            1,
            2,
            3,
            4,
            5
        ]
    },
    "intv_args_dict": {
        "0": {
            "intv_type": "do",
            "inode": 0,
            "new_mui": 1.0,
            "new_vari": null,
            "true_params": {
                "Si": [
                    [
                        1e-09,
                        5.705034757740024e-10,
                        -1.0837925338452142e-09,
                        -2.3042698434196152e-10,
                        -1.7117563005474614e-11,
                        -1.1701444600021143e-09
                    ],
                    [
                        5.705034757740024e-10,
                        1.0000000003254743,
                        -0.7125348361135819,
                        -1.18286574701426,
                        -1.0489264395866196,
                        -1.4577298731961108
                    ],
                    [
                        -1.0837925338452142e-09,
                        -0.7125348361135819,
                        1.5077058929688842,
                        1.4734499050885421,
                        2.143095442253699,
                        3.451932255833457
                    ],
                    [
                        -2.3042698434196152e-10,
                        -1.18286574701426,
                        1.4734499050885421,
                        2.796848992344192,
                        3.0895986807679283,
                        4.946874035299345
                    ],
                    [
                        -1.7117563005474614e-11,
                        -1.0489264395866196,
                        2.143095442253699,
                        3.0895986807679283,
                        4.986617681038654,
                        7.341944495869336
                    ],
                    [
                        -1.1701444600021143e-09,
                        -1.4577298731961108,
                        3.451932255833457,
                        4.946874035299345,
                        7.341944495869336,
                        12.47679635645395
                    ]
                ],
                "mui": [
                    1.0,
                    0.5705034757740024,
                    -1.0837925338452141,
                    -0.23042698434196152,
                    -0.017117563005474613,
                    -1.1701444600021143
                ],
                "Ai": [
                    [
                        0.0,
                        0.0,
                        0.0,
                        0.0,
                        0.0,
                        0.0
                    ],
                    [
                        0.5705034757740024,
                        0.0,
                        0.0,
                        0.0,
                        0.0,
                        0.0
                    ],
                    [
                        -0.6772889335851031,
                        -0.7125348354952745,
                        0.0,
                        0.0,
                        0.0,
                        0.0
                    ],
                    [
                        0.8715118524939236,
                        -0.7335292702219904,
                        0.6306168544706756,
                        0.0,
                        0.0,
                        0.0
                    ],
                    [
                        0.6823491882354041,
                        0.6561334985727869,
                        0.7848150152019802,
                        0.9687083284118536,
                        0.0,
                        0.0
                    ],
                    [
                        -0.7302238318536556,
                        0.9862645636485854,
                        0.7150764081107872,
                        0.9284821221571922,
                        0.7972035549050431,
                        0.0
                    ]
                ]
            },
            "est_params": {
                "mui": [
                    1.000001073317642,
                    0.5373070028187541,
                    -1.0699728067948446,
                    -0.21481872430851254,
                    -0.03811904510380915,
                    -1.181861038654316
                ],
                "Si": [
                    [
                        1.0222933833257701e-06,
                        5.185092848611215e-06,
                        2.6505663149801167e-06,
                        -8.190563542633196e-07,
                        -1.994060548637341e-06,
                        5.90911569528236e-06
                    ],
                    [
                        5.185092848611215e-06,
                        0.9440210576289335,
                        -0.6817102875759713,
                        -1.0910601861227829,
                        -0.9813495803165015,
                        -1.3326262398286417
                    ],
                    [
                        2.650566314980116e-06,
                        -0.6817102875759714,
                        1.5049795339995602,
                        1.423831862178392,
                        2.090452367434261,
                        3.3795893699481496
                    ],
                    [
                        -8.190563542633199e-07,
                        -1.0910601861227829,
                        1.423831862178392,
                        2.628578297380735,
                        2.8949925407398305,
                        4.66192010939626
                    ],
                    [
                        -1.9940605486373437e-06,
                        -0.9813495803165015,
                        2.090452367434261,
                        2.8949925407398305,
                        4.730704827052515,
                        6.939629710826266
                    ],
                    [
                        5.909115695282358e-06,
                        -1.3326262398286417,
                        3.3795893699481496,
                        4.66192010939626,
                        6.939629710826266,
                        11.926703895809151
                    ]
                ]
            },
            "est_tgt": [
                0
            ],
            "oracle_est_tgt": [
                0
            ]
        },
        "1": {
            "intv_type": "do",
            "inode": 1,
            "new_mui": 1.0,
            "new_vari": null,
            "true_params": {
                "Si": [
                    [
                        1.0,
                        0.0,
                        -0.6772889335851031,
                        0.4444020356286876,
                        0.5812986166043694,
                        -0.3385045009849895
                    ],
                    [
                        0.0,
                        1e-09,
                        -7.125348354952745e-10,
                        -1.1828657468828008e-09,
                        -1.0489264395768542e-09,
                        -1.4577298725285393e-09
                    ],
                    [
                        -0.6772889335851031,
                        -7.125348354952745e-10,
                        1.4587203000645521,
                        0.3296282745195058,
                        1.001991694777537,
                        2.642514293171157
                    ],
                    [
                        0.4444020356286876,
                        -1.1828657468828008e-09,
                        0.3296282745195058,
                        1.5951707878125818,
                        2.1071898141566523,
                        3.072143213024968
                    ],
                    [
                        0.5812986166043694,
                        -1.0489264395768542e-09,
                        1.001991694777537,
                        2.1071898141566523,
                        4.224279088161385,
                        5.616120894185249
                    ],
                    [
                        -0.3385045009849895,
                        -1.4577298725285393e-09,
                        2.642514293171157,
                        3.072143213024968,
                        5.616120894185249,
                        10.466405273134713
                    ]
                ],
                "mui": [
                    0.0,
                    1.0,
                    -0.7125348354952745,
                    -1.1828657468828008,
                    -1.048926439576854,
                    -1.4577298725285392
                ],
                "Ai": [
                    [
                        0.0,
                        0.0,
                        0.0,
                        0.0,
                        0.0,
                        0.0
                    ],
                    [
                        0.0,
                        0.0,
                        0.0,
                        0.0,
                        0.0,
                        0.0
                    ],
                    [
                        -0.6772889335851031,
                        -0.7125348354952745,
                        0.0,
                        0.0,
                        0.0,
                        0.0
                    ],
                    [
                        0.8715118524939236,
                        -0.7335292702219904,
                        0.6306168544706756,
                        0.0,
                        0.0,
                        0.0
                    ],
                    [
                        0.6823491882354041,
                        0.6561334985727869,
                        0.7848150152019802,
                        0.9687083284118536,
                        0.0,
                        0.0
                    ],
                    [
                        -0.7302238318536556,
                        0.9862645636485854,
                        0.7150764081107872,
                        0.9284821221571922,
                        0.7972035549050431,
                        0.0
                    ]
                ]
            },
            "est_params": {
                "mui": [
                    0.0442379026741484,
                    1.000000028618692,
                    -0.7751267031973121,
                    -1.1476394170070152,
                    -1.0169419056978646,
                    -1.4917567122252517
                ],
                "Si": [
                    [
                        1.029133527808568,
                        -4.703476243687982e-07,
                        -0.6714390074402684,
                        0.4387861896112456,
                        0.5439010582117515,
                        -0.4200627336289752
                    ],
                    [
                        -4.703476243687979e-07,
                        1.0021244406472647e-06,
                        8.322462792202062e-07,
                        -1.051982273578733e-06,
                        -1.3498955528314079e-06,
                        -1.2136458381670207e-06
                    ],
                    [
                        -0.6714390074402684,
                        8.322462792202067e-07,
                        1.4299080282882508,
                        0.37307350001468725,
                        1.102546248218191,
                        2.775957384162047
                    ],
                    [
                        0.4387861896112456,
                        -1.051982273578733e-06,
                        0.3730735000146873,
                        1.597630941267752,
                        2.1457496865383527,
                        3.094981890845587
                    ],
                    [
                        0.5439010582117515,
                        -1.349895552831407e-06,
                        1.102546248218191,
                        2.1457496865383527,
                        4.395389744237441,
                        5.8743588842053365
                    ],
                    [
                        -0.42006273362897517,
                        -1.2136458381670205e-06,
                        2.775957384162047,
                        3.0949818908455864,
                        5.8743588842053365,
                        10.851741274534648
                    ]
                ]
            },
            "est_tgt": [
                1,
                2
            ],
            "oracle_est_tgt": [
                1,
                2,
                3,
                4,
                5
            ]
        },
        "2": {
            "intv_type": "do",
            "inode": 2,
            "new_mui": 1.0,
            "new_vari": null,
            "true_params": {
                "Si": [
                    [
                        1.0,
                        0.5705034757740024,
                        0.0,
                        0.45303085425031064,
                        1.4955303912827482,
                        1.4453167230967434
                    ],
                    [
                        0.5705034757740024,
                        1.3254742158702177,
                        0.0,
                        -0.47507359323932274,
                        0.7987628717273374,
                        1.0863522778126753
                    ],
                    [
                        0.0,
                        0.0,
                        1e-09,
                        6.306168544706756e-10,
                        1.3956988141646095e-09,
                        2.413248939646593e-09
                    ],
                    [
                        0.45303085425031064,
                        -0.47507359323932274,
                        6.306168544706756e-10,
                        1.7433021455728497,
                        1.6861648446812199,
                        2.1634793079936405
                    ],
                    [
                        1.4955303912827482,
                        0.7987628717273374,
                        1.3956988141646095e-09,
                        1.6861648446812199,
                        4.177970955243007,
                        4.5919867942710155
                    ],
                    [
                        1.4453167230967434,
                        1.0863522778126753,
                        2.413248939646593e-09,
                        2.1634793079936405,
                        4.5919867942710155,
                        6.685526096788325
                    ]
                ],
                "mui": [
                    0.0,
                    0.0,
                    1.0,
                    0.6306168544706756,
                    1.3956988141646094,
                    2.413248939646593
                ],
                "Ai": [
                    [
                        0.0,
                        0.0,
                        0.0,
                        0.0,
                        0.0,
                        0.0
                    ],
                    [
                        0.5705034757740024,
                        0.0,
                        0.0,
                        0.0,
                        0.0,
                        0.0
                    ],
                    [
                        0.0,
                        0.0,
                        0.0,
                        0.0,
                        0.0,
                        0.0
                    ],
                    [
                        0.8715118524939236,
                        -0.7335292702219904,
                        0.6306168544706756,
                        0.0,
                        0.0,
                        0.0
                    ],
                    [
                        0.6823491882354041,
                        0.6561334985727869,
                        0.7848150152019802,
                        0.9687083284118536,
                        0.0,
                        0.0
                    ],
                    [
                        -0.7302238318536556,
                        0.9862645636485854,
                        0.7150764081107872,
                        0.9284821221571922,
                        0.7972035549050431,
                        0.0
                    ]
                ]
            },
            "est_params": {
                "mui": [
                    0.549280155870588,
                    0.07157645527494226,
                    0.05096101472652759,
                    -0.1308876065179888,
                    -0.12566861542229188,
                    1.005465298155713
                ],
                "Si": [
                    [
                        2.331823589850092,
                        1.0175281394648856,
                        -1.8550514099864563,
                        0.1608307200187777,
                        1.3999707402529524,
                        -0.019919126783033394
                    ],
                    [
                        1.0175281394648856,
                        0.5729761846719051,
                        -0.8170891512507573,
                        0.10819027229597894,
                        0.5552297578831079,
                        -0.00867925237495836
                    ],
                    [
                        -1.8550514099864561,
                        -0.8170891512507573,
                        1.7849146053627212,
                        -0.21798820490151324,
                        -0.865165667612548,
                        0.011099445930832286
                    ],
                    [
                        0.16083072001877766,
                        0.10819027229597894,
                        -0.21798820490151322,
                        0.2995222936909222,
                        0.22926459974872757,
                        -0.008913047540614182
                    ],
                    [
                        1.3999707402529524,
                        0.5552297578831079,
                        -0.865165667612548,
                        0.22926459974872757,
                        1.5002703213332607,
                        -0.02598884342879779
                    ],
                    [
                        -0.01991912678303339,
                        -0.00867925237495836,
                        0.011099445930832286,
                        -0.008913047540614182,
                        -0.02598884342879779,
                        0.0005837286779547102
                    ]
                ]
            },
            "est_tgt": [
                0,
                1,
                2,
                3,
                4,
                5
            ],
            "oracle_est_tgt": [
                1,
                2,
                3,
                4,
                5
            ]
        },
        "3": {
            "intv_type": "do",
            "inode": 3,
            "new_mui": 1.0,
            "new_vari": null,
            "true_params": {
                "Si": [
                    [
                        1.0,
                        0.5705034757740024,
                        -1.0837925338452141,
                        0.0,
                        0.2060989758174113,
                        -0.7782481063148035
                    ],
                    [
                        0.5705034757740024,
                        1.3254742158702177,
                        -1.3308422430718823,
                        0.0,
                        0.21450564287891782,
                        0.11002378508949018
                    ],
                    [
                        -1.0837925338452141,
                        -1.3308422430718823,
                        2.6823121482129073,
                        0.0,
                        0.49238371669608594,
                        1.7894367785539331
                    ],
                    [
                        0.0,
                        0.0,
                        0.0,
                        1e-09,
                        9.687083284118536e-10,
                        1.700739845233244e-09
                    ],
                    [
                        0.2060989758174113,
                        0.21450564287891782,
                        0.49238371669608594,
                        9.687083284118536e-10,
                        1.66780594181335,
                        1.7427337365636921
                    ],
                    [
                        -0.7782481063148035,
                        0.11002378508949018,
                        1.7894367785539331,
                        1.700739845233244e-09,
                        1.7427337365636921,
                        4.345705430488614
                    ]
                ],
                "mui": [
                    0.0,
                    0.0,
                    0.0,
                    1.0,
                    0.9687083284118536,
                    1.7007398452332438
                ],
                "Ai": [
                    [
                        0.0,
                        0.0,
                        0.0,
                        0.0,
                        0.0,
                        0.0
                    ],
                    [
                        0.5705034757740024,
                        0.0,
                        0.0,
                        0.0,
                        0.0,
                        0.0
                    ],
                    [
                        -0.6772889335851031,
                        -0.7125348354952745,
                        0.0,
                        0.0,
                        0.0,
                        0.0
                    ],
                    [
                        0.0,
                        0.0,
                        0.0,
                        0.0,
                        0.0,
                        0.0
                    ],
                    [
                        0.6823491882354041,
                        0.6561334985727869,
                        0.7848150152019802,
                        0.9687083284118536,
                        0.0,
                        0.0
                    ],
                    [
                        -0.7302238318536556,
                        0.9862645636485854,
                        0.7150764081107872,
                        0.9284821221571922,
                        0.7972035549050431,
                        0.0
                    ]
                ]
            },
            "est_params": {
                "mui": [
                    0.03329694696097604,
                    -0.00805781668093377,
                    -0.004600082798853366,
                    0.9999991719526752,
                    0.9924978859491587,
                    1.6569364844515653
                ],
                "Si": [
                    [
                        1.0249640215003986,
                        0.5817346542597083,
                        -1.0586538472906002,
                        1.704231890924744e-06,
                        0.25562639366167583,
                        -0.6956926526782439
                    ],
                    [
                        0.5817346542597084,
                        1.2759667292877734,
                        -1.289011871832707,
                        -4.636956045325737e-06,
                        0.2282238581435639,
                        0.11473709519614433
                    ],
                    [
                        -1.0586538472906002,
                        -1.2890118718327068,
                        2.560947083732941,
                        -1.7627158532854095e-06,
                        0.45449698775940756,
                        1.6583882023238392
                    ],
                    [
                        1.7042318909247438e-06,
                        -4.636956045325737e-06,
                        -1.7627158532854095e-06,
                        1.02565854200564e-06,
                        -2.2570543152757456e-06,
                        -1.4112993621415303e-05
                    ],
                    [
                        0.25562639366167583,
                        0.22822385814356397,
                        0.45449698775940744,
                        -2.2570543152757443e-06,
                        1.7661040810644253,
                        1.7639734350156455
                    ],
                    [
                        -0.6956926526782439,
                        0.11473709519614436,
                        1.6583882023238392,
                        -1.4112993621415303e-05,
                        1.7639734350156455,
                        4.158995453261825
                    ]
                ]
            },
            "est_tgt": [
                3
            ],
            "oracle_est_tgt": [
                1,
                2,
                3,
                4,
                5
            ]
        },
        "4": {
            "intv_type": "do",
            "inode": 4,
            "new_mui": 1.0,
            "new_vari": null,
            "true_params": {
                "Si": [
                    [
                        1.0,
                        0.5705034757740024,
                        -1.0837925338452141,
                        -0.23042698434196152,
                        0.0,
                        -1.1564982779228388
                    ],
                    [
                        0.5705034757740024,
                        1.3254742158702177,
                        -1.3308422430718823,
                        -1.3143251423620115,
                        0.0,
                        -1.281308273345609
                    ],
                    [
                        -1.0837925338452141,
                        -1.3308422430718823,
                        2.6823121482129073,
                        1.723184950065093,
                        0.0,
                        2.9968531485322285
                    ],
                    [
                        -0.23042698434196152,
                        -1.3143251423620115,
                        1.723184950065093,
                        2.849945587404026,
                        0.0,
                        2.7503233940731637
                    ],
                    [
                        0.0,
                        0.0,
                        0.0,
                        0.0,
                        1e-09,
                        7.972035549050432e-10
                    ],
                    [
                        -1.1564982779228388,
                        -1.281308273345609,
                        2.9968531485322285,
                        2.7503233940731637,
                        7.972035549050432e-10,
                        5.277398746197526
                    ]
                ],
                "mui": [
                    0.0,
                    0.0,
                    0.0,
                    0.0,
                    1.0,
                    0.7972035549050431
                ],
                "Ai": [
                    [
                        0.0,
                        0.0,
                        0.0,
                        0.0,
                        0.0,
                        0.0
                    ],
                    [
                        0.5705034757740024,
                        0.0,
                        0.0,
                        0.0,
                        0.0,
                        0.0
                    ],
                    [
                        -0.6772889335851031,
                        -0.7125348354952745,
                        0.0,
                        0.0,
                        0.0,
                        0.0
                    ],
                    [
                        0.8715118524939236,
                        -0.7335292702219904,
                        0.6306168544706756,
                        0.0,
                        0.0,
                        0.0
                    ],
                    [
                        0.0,
                        0.0,
                        0.0,
                        0.0,
                        0.0,
                        0.0
                    ],
                    [
                        -0.7302238318536556,
                        0.9862645636485854,
                        0.7150764081107872,
                        0.9284821221571922,
                        0.7972035549050431,
                        0.0
                    ]
                ]
            },
            "est_params": {
                "mui": [
                    -0.031575424948554136,
                    0.010924673901070993,
                    -8.908412363812429e-05,
                    -0.08877114855452355,
                    0.9999989792412163,
                    0.7655994961504506
                ],
                "Si": [
                    [
                        0.9219800770683121,
                        0.5172877990880549,
                        -0.9712204998757568,
                        -0.1913486793360335,
                        7.812913314146486e-07,
                        -1.0424731819211714
                    ],
                    [
                        0.5172877990880549,
                        1.2033791424074318,
                        -1.2247782115331516,
                        -1.2188242448282616,
                        3.120998664236082e-06,
                        -1.1695401653770328
                    ],
                    [
                        -0.9712204998757568,
                        -1.2247782115331518,
                        2.520958734601125,
                        1.6987320105663275,
                        -4.21984032048003e-06,
                        2.865749908095435
                    ],
                    [
                        -0.1913486793360335,
                        -1.2188242448282616,
                        1.6987320105663275,
                        2.834200911086204,
                        -3.7773773275561073e-06,
                        2.7880921232402804
                    ],
                    [
                        7.81291331414649e-07,
                        3.120998664236082e-06,
                        -4.219840320480032e-06,
                        -3.777377327556107e-06,
                        1.0070091765677887e-06,
                        -3.231584013988684e-06
                    ],
                    [
                        -1.0424731819211714,
                        -1.1695401653770328,
                        2.865749908095435,
                        2.788092123240281,
                        -3.231584013988684e-06,
                        5.2838936022343885
                    ]
                ]
            },
            "est_tgt": [
                4,
                5
            ],
            "oracle_est_tgt": [
                1,
                2,
                3,
                4,
                5
            ]
        },
        "5": {
            "intv_type": "do",
            "inode": 5,
            "new_mui": 1.0,
            "new_vari": null,
            "true_params": {
                "Si": [
                    [
                        1.0,
                        0.5705034757740024,
                        -1.0837925338452141,
                        -0.23042698434196152,
                        -0.017117563005474613,
                        0.0
                    ],
                    [
                        0.5705034757740024,
                        1.3254742158702177,
                        -1.3308422430718823,
                        -1.3143251423620115,
                        -1.0586920687682577,
                        0.0
                    ],
                    [
                        -1.0837925338452141,
                        -1.3308422430718823,
                        2.6823121482129073,
                        1.723184950065093,
                        2.1616473292181055,
                        0.0
                    ],
                    [
                        -0.23042698434196152,
                        -1.3143251423620115,
                        1.723184950065093,
                        2.849945587404026,
                        3.0935430291866193,
                        0.0
                    ],
                    [
                        -0.017117563005474613,
                        -1.0586920687682577,
                        2.1616473292181055,
                        3.0935430291866193,
                        4.986910692001606,
                        0.0
                    ],
                    [
                        0.0,
                        0.0,
                        0.0,
                        0.0,
                        0.0,
                        1e-09
                    ]
                ],
                "mui": [
                    0.0,
                    0.0,
                    0.0,
                    0.0,
                    0.0,
                    1.0
                ],
                "Ai": [
                    [
                        0.0,
                        0.0,
                        0.0,
                        0.0,
                        0.0,
                        0.0
                    ],
                    [
                        0.5705034757740024,
                        0.0,
                        0.0,
                        0.0,
                        0.0,
                        0.0
                    ],
                    [
                        -0.6772889335851031,
                        -0.7125348354952745,
                        0.0,
                        0.0,
                        0.0,
                        0.0
                    ],
                    [
                        0.8715118524939236,
                        -0.7335292702219904,
                        0.6306168544706756,
                        0.0,
                        0.0,
                        0.0
                    ],
                    [
                        0.6823491882354041,
                        0.6561334985727869,
                        0.7848150152019802,
                        0.9687083284118536,
                        0.0,
                        0.0
                    ],
                    [
                        0.0,
                        0.0,
                        0.0,
                        0.0,
                        0.0,
                        0.0
                    ]
                ]
            },
            "est_params": {
                "mui": [
                    0.009985346888317394,
                    -0.006673676030417267,
                    0.02116427950070831,
                    -0.039075131371519384,
                    0.006137667030590441,
                    1.0000028744643514
                ],
                "Si": [
                    [
                        1.0054040318527793,
                        0.5877485814754636,
                        -1.0692873430048795,
                        -0.21967121274697887,
                        0.03754828393220137,
                        -8.802137964042944e-07
                    ],
                    [
                        0.5877485814754635,
                        1.3837518138383176,
                        -1.373415494627754,
                        -1.3651470323403194,
                        -1.0926171835313014,
                        3.0722990135404167e-06
                    ],
                    [
                        -1.0692873430048795,
                        -1.373415494627754,
                        2.674754336928732,
                        1.8229674441841761,
                        2.2314436699313105,
                        1.8726852876536174e-06
                    ],
                    [
                        -0.21967121274697887,
                        -1.3651470323403194,
                        1.8229674441841761,
                        3.0510780959829775,
                        3.3261611280928323,
                        -2.8998919534050566e-06
                    ],
                    [
                        0.03754828393220135,
                        -1.0926171835313014,
                        2.2314436699313105,
                        3.3261611280928323,
                        5.276115314319243,
                        1.5559534074760178e-06
                    ],
                    [
                        -8.802137964042944e-07,
                        3.0722990135404184e-06,
                        1.8726852876536182e-06,
                        -2.8998919534050574e-06,
                        1.555953407476019e-06,
                        1.0075155563524203e-06
                    ]
                ]
            },
            "est_tgt": [
                4,
                5
            ],
            "oracle_est_tgt": [
                1,
                5
            ]
        },
        "obs": {
            "intv_type": "obs",
            "true_params": {
                "Si": [
                    [
                        1.0,
                        0.5705034757740024,
                        -1.0837925338452141,
                        -0.23042698434196152,
                        -0.017117563005474613,
                        -1.1701444600021143
                    ],
                    [
                        0.5705034757740024,
                        1.3254742158702177,
                        -1.3308422430718823,
                        -1.3143251423620115,
                        -1.0586920687682577,
                        -2.125301354117439
                    ],
                    [
                        -1.0837925338452141,
                        -1.3308422430718823,
                        2.6823121482129073,
                        1.723184950065093,
                        2.1616473292181055,
                        4.720126083835894
                    ],
                    [
                        -0.23042698434196152,
                        -1.3143251423620115,
                        1.723184950065093,
                        2.849945587404026,
                        3.0935430291866193,
                        5.216506894192452
                    ],
                    [
                        -0.017117563005474613,
                        -1.0586920687682577,
                        2.1616473292181055,
                        3.0935430291866193,
                        4.986910692001606,
                        7.361974517368899
                    ],
                    [
                        -1.1701444600021143,
                        -2.125301354117439,
                        4.720126083835894,
                        5.216506894192452,
                        7.361974517368899,
