{
    "expt_args": {
        "save_dir": "all_expt_logs/expt_logs_11.05.24-sparsity_n6-corr",
        "exp_name": "569",
        "num_nodes": 6,
        "obs_noise_mean": 0.0,
        "obs_noise_var": 1.0,
        "max_edge_strength": 1.0,
        "graph_sparsity_method": "adj_dense_prop",
        "adj_dense_prop": 1.0,
        "num_parents": null,
        "new_noise_mean": 1.0,
        "mix_samples": 2048,
        "stage2_samples": 2048,
        "gmm_tol": 0.001,
        "intv_type": "do",
        "new_noise_var": null,
        "intv_targets": [
            0,
            1,
            2,
            3,
            4,
            5
        ]
    },
    "intv_args_dict": {
        "0": {
            "intv_type": "do",
            "inode": 0,
            "new_mui": 1.0,
            "new_vari": null,
            "true_params": {
                "Si": [
                    [
                        1e-09,
                        -7.557076548554656e-10,
                        -4.68365390539939e-10,
                        -1.3212740797768049e-09,
                        1.1597212576670753e-09,
                        -2.2171904291912026e-09
                    ],
                    [
                        -7.557076548554656e-10,
                        1.000000000571094,
                        -0.6859647669240165,
                        0.018482164709456836,
                        -0.05604051796257848,
                        -0.06032829344974537
                    ],
                    [
                        -4.68365390539939e-10,
                        -0.6859647669240165,
                        1.4705476621660774,
                        0.744181575566374,
                        -0.4581125527717116,
                        1.122828411190585
                    ],
                    [
                        -1.3212740797768049e-09,
                        0.018482164709456836,
                        0.744181575566374,
                        1.5731781795561834,
                        0.15737990452951228,
                        -0.20536794811660297
                    ],
                    [
                        1.1597212576670753e-09,
                        -0.05604051796257848,
                        -0.4581125527717116,
                        0.15737990452951228,
                        1.5351166455231553,
                        -2.0313967529880355
                    ],
                    [
                        -2.2171904291912026e-09,
                        -0.06032829344974537,
                        1.122828411190585,
                        -0.20536794811660297,
                        -2.0313967529880355,
                        4.1243287590473
                    ]
                ],
                "mui": [
                    1.0,
                    -0.7557076548554655,
                    -0.468365390539939,
                    -1.3212740797768048,
                    1.1597212576670752,
                    -2.2171904291912026
                ],
                "Ai": [
                    [
                        0.0,
                        0.0,
                        0.0,
                        0.0,
                        0.0,
                        0.0
                    ],
                    [
                        -0.7557076548554655,
                        0.0,
                        0.0,
                        0.0,
                        0.0,
                        0.0
                    ],
                    [
                        -0.9867542161330443,
                        -0.6859647672779638,
                        0.0,
                        0.0,
                        0.0,
                        0.0
                    ],
                    [
                        -0.5604724789516942,
                        0.5376612435043029,
                        0.7568596880763168,
                        0.0,
                        0.0,
                        0.0
                    ],
                    [
                        0.9268193857584585,
                        -0.683898197409025,
                        -0.900897308744457,
                        0.5342376435485321,
                        0.0,
                        0.0
                    ],
                    [
                        -0.8871227512017252,
                        0.5807492920328678,
                        0.9984258122830846,
                        -0.5144886939098612,
                        -0.95138677959052,
                        0.0
                    ]
                ]
            },
            "est_params": {
                "mui": [
                    1.0023872403613279,
                    -0.7605853080158221,
                    -0.40909935257789415,
                    -1.3261217203029303,
                    1.0614653383359056,
                    -2.1013209189302313
                ],
                "Si": [
                    [
                        0.13137411267966853,
                        -0.0788925289635222,
                        -0.06840191887380401,
                        -0.14933755708315788,
                        0.17939756956990302,
                        -0.32924426837682613
                    ],
                    [
                        -0.0788925289635222,
                        0.9140077240067479,
                        -0.598289511220087,
                        0.1727800303240156,
                        -0.056542859187364694,
                        -0.06207655330427902
                    ],
                    [
                        -0.06840191887380404,
                        -0.598289511220087,
                        1.5570705211722984,
                        0.8203406956409688,
                        -0.6330979515103109,
                        1.4303730788097149
                    ],
                    [
                        -0.14933755708315785,
                        0.1727800303240156,
                        0.8203406956409688,
                        1.883272795554511,
                        0.03507788443920351,
                        -0.04404674547790904
                    ],
                    [
                        0.17939756956990308,
                        -0.05654285918736468,
                        -0.633097951510311,
                        0.035077884439203545,
                        1.914069696479747,
                        -2.784103457752554
                    ],
                    [
                        -0.32924426837682613,
                        -0.06207655330427895,
                        1.430373078809715,
                        -0.04404674547790907,
                        -2.784103457752554,
                        5.525358137776282
                    ]
                ]
            },
            "est_tgt": [
                0
            ],
            "oracle_est_tgt": [
                0
            ]
        },
        "1": {
            "intv_type": "do",
            "inode": 1,
            "new_mui": 1.0,
            "new_vari": null,
            "true_params": {
                "Si": [
                    [
                        1.0,
                        0.0,
                        -0.9867542161330443,
                        -1.3073069671821405,
                        1.1173710099229992,
                        -2.2627809836217665
                    ],
                    [
                        0.0,
                        1e-09,
                        -6.859647672779639e-10,
                        1.84821637109599e-11,
                        -5.6040517086168253e-11,
                        -6.032829512529316e-11
                    ],
                    [
                        -0.9867542161330443,
                        -6.859647672779639e-10,
                        1.9736838835268862,
                        2.046850349710719,
                        -1.5991249274776036,
                        3.3142540010420696
                    ],
                    [
                        -1.3073069671821405,
                        1.84821637109599e-11,
                        2.046850349710719,
                        3.2818880938782873,
                        -1.3023312501276618,
                        2.7538963914756667
                    ],
                    [
                        1.1173710099229992,
                        -5.6040517086168253e-11,
                        -1.5991249274776036,
                        -1.3023312501276618,
                        2.7804940784424006,
                        -4.56314345217109
                    ],
                    [
                        -2.2627809836217665,
                        -6.032829512529316e-11,
                        3.3142540010420696,
                        2.7538963914756667,
                        -4.56314345217109,
                        9.24086703078257
                    ]
                ],
                "mui": [
                    0.0,
                    1.0,
                    -0.6859647672779638,
                    0.018482163710959898,
                    -0.05604051708616825,
                    -0.06032829512529315
                ],
                "Ai": [
                    [
                        0.0,
                        0.0,
                        0.0,
                        0.0,
                        0.0,
                        0.0
                    ],
                    [
                        0.0,
                        0.0,
                        0.0,
                        0.0,
                        0.0,
                        0.0
                    ],
                    [
                        -0.9867542161330443,
                        -0.6859647672779638,
                        0.0,
                        0.0,
                        0.0,
                        0.0
                    ],
                    [
                        -0.5604724789516942,
                        0.5376612435043029,
                        0.7568596880763168,
                        0.0,
                        0.0,
                        0.0
                    ],
                    [
                        0.9268193857584585,
                        -0.683898197409025,
                        -0.900897308744457,
                        0.5342376435485321,
                        0.0,
                        0.0
                    ],
                    [
                        -0.8871227512017252,
                        0.5807492920328678,
                        0.9984258122830846,
                        -0.5144886939098612,
                        -0.95138677959052,
                        0.0
                    ]
                ]
            },
            "est_params": {
                "mui": [
                    0.038226528828343834,
                    0.9999916271141142,
                    -0.6767090090232022,
                    0.0783184548240279,
                    -0.00441479825611813,
                    -0.20134959403012181
                ],
                "Si": [
                    [
                        1.0237779953652595,
                        -4.38778455542424e-06,
                        -1.0152485337756738,
                        -1.331445809941433,
                        1.0787471663376174,
                        -2.3755018352457893
                    ],
                    [
                        -4.38778455542424e-06,
                        1.0167590058276905e-06,
                        9.032230728194816e-06,
                        4.918821810984661e-06,
                        -1.2223723323795862e-05,
                        2.447702772832093e-05
                    ],
                    [
                        -1.0152485337756738,
                        9.032230728194814e-06,
                        1.9846287004530543,
                        2.110896996030385,
                        -1.5112525535855608,
                        3.317542709352986
                    ],
                    [
                        -1.331445809941433,
                        4.918821810984659e-06,
                        2.110896996030385,
                        3.361490417412435,
                        -1.17620290560816,
                        2.764538103906677
                    ],
                    [
                        1.0787471663376174,
                        -1.2223723323795862e-05,
                        -1.5112525535855608,
                        -1.1762029056081602,
                        2.564582414728936,
                        -4.4584375007685
                    ],
                    [
                        -2.3755018352457893,
                        2.447702772832093e-05,
                        3.317542709352986,
                        2.764538103906677,
                        -4.4584375007685,
                        9.609224278811967
                    ]
                ]
            },
            "est_tgt": [
                1,
                2,
                5
            ],
            "oracle_est_tgt": [
                1,
                2,
                3
            ]
        },
        "2": {
            "intv_type": "do",
            "inode": 2,
            "new_mui": 1.0,
            "new_vari": null,
            "true_params": {
                "Si": [
                    [
                        1.0,
                        -0.7557076548554655,
                        0.0,
                        -0.9667871963870043,
                        0.927152375071628,
                        -1.7106788670940274
                    ],
                    [
                        -0.7557076548554655,
                        1.5710940596071474,
                        0.0,
                        1.2682697284302162,
                        -1.0973154687109679,
                        1.9742782105797927
                    ],
                    [
                        0.0,
                        0.0,
                        1e-09,
                        7.568596880763168e-10,
                        -4.965543724896885e-10,
                        1.0814453252262318e-09
                    ],
                    [
                        -0.9667871963870043,
                        1.2682697284302162,
                        7.568596880763168e-10,
                        2.223757096437274,
                        -0.575389746273282,
                        0.9975259787312218
                    ],
                    [
                        0.927152375071628,
                        -1.0973154687109679,
                        -4.965543724896885e-10,
                        -0.575389746273282,
                        2.302360004085171,
                        -3.3541664985384783
                    ],
                    [
                        -1.7106788670940274,
                        1.9742782105797927,
                        1.0814453252262318e-09,
                        0.9975259787312218,
                        -3.3541664985384783,
                        6.342036642465329
                    ]
                ],
                "mui": [
                    0.0,
                    0.0,
                    1.0,
                    0.7568596880763168,
                    -0.4965543724896884,
                    1.0814453252262317
                ],
                "Ai": [
                    [
                        0.0,
                        0.0,
                        0.0,
                        0.0,
                        0.0,
                        0.0
                    ],
                    [
                        -0.7557076548554655,
                        0.0,
                        0.0,
                        0.0,
                        0.0,
                        0.0
                    ],
                    [
                        0.0,
                        0.0,
                        0.0,
                        0.0,
                        0.0,
                        0.0
                    ],
                    [
                        -0.5604724789516942,
                        0.5376612435043029,
                        0.7568596880763168,
                        0.0,
                        0.0,
                        0.0
                    ],
                    [
                        0.9268193857584585,
                        -0.683898197409025,
                        -0.900897308744457,
                        0.5342376435485321,
                        0.0,
                        0.0
                    ],
                    [
                        -0.8871227512017252,
                        0.5807492920328678,
                        0.9984258122830846,
                        -0.5144886939098612,
                        -0.95138677959052,
                        0.0
                    ]
                ]
            },
            "est_params": {
                "mui": [
                    -0.06913067468937319,
                    0.07342944401991972,
                    1.0000134712477287,
                    0.9159965514700779,
                    -0.5239086572811191,
                    1.1369061609008257
                ],
                "Si": [
                    [
                        0.9119241745808917,
                        -0.577265275752497,
                        7.617394970451723e-06,
                        -0.8638636741469733,
                        0.7878639082463281,
                        -1.4337441367383057
                    ],
                    [
                        -0.5772652757524969,
                        1.3174902343904988,
                        -1.696172913544557e-06,
                        0.9905481591452681,
                        -0.907204308213718,
                        1.7067736344494207
                    ],
                    [
                        7.617394970451723e-06,
                        -1.696172913544557e-06,
                        1.036835513434318e-06,
                        -4.015270014360459e-06,
                        1.1577449231847511e-05,
                        -2.1013217845779674e-05
                    ],
                    [
                        -0.8638636741469731,
                        0.9905481591452682,
                        -4.015270014360461e-06,
                        1.9639545715737974,
                        -0.46015817560834593,
                        0.8187568664128025
                    ],
                    [
                        0.7878639082463281,
                        -0.907204308213718,
                        1.1577449231847511e-05,
                        -0.46015817560834593,
                        2.1021843204584245,
                        -2.985908943080938
                    ],
                    [
                        -1.4337441367383057,
                        1.7067736344494207,
                        -2.1013217845779678e-05,
                        0.8187568664128024,
                        -2.985908943080938,
                        5.651147845874729
                    ]
                ]
            },
            "est_tgt": [
                1,
                2,
                3,
                5
            ],
            "oracle_est_tgt": [
                1,
                2,
                5
            ]
        },
        "3": {
            "intv_type": "do",
            "inode": 3,
            "new_mui": 1.0,
            "new_vari": null,
            "true_params": {
                "Si": [
                    [
                        1.0,
                        -0.7557076548554655,
                        -0.468365390539939,
                        0.0,
                        1.8655956085287906,
                        -3.568530530254401
                    ],
                    [
                        -0.7557076548554655,
                        1.5710940596071474,
                        -0.3320174563775623,
                        0.0,
                        -1.475759266904737,
                        2.6553402745289127
                    ],
                    [
                        -0.468365390539939,
                        -0.3320174563775623,
                        1.6899138010023407,
                        0.0,
                        -1.7294627789789268,
                        3.5553202742582277
                    ],
                    [
                        0.0,
                        0.0,
                        0.0,
                        1e-09,
                        5.342376435485321e-10,
                        -1.0227553251415271e-09
                    ],
                    [
                        1.8655956085287906,
                        -1.475759266904737,
                        -1.7294627789789268,
                        5.342376435485321e-10,
                        5.29640764185738,
                        -9.277730948309356
                    ],
                    [
                        -3.568530530254401,
                        2.6553402745289127,
                        3.5553202742582277,
                        -1.0227553251415271e-09,
                        -9.277730948309356,
                        18.084245708383985
                    ]
                ],
                "mui": [
                    0.0,
                    0.0,
                    0.0,
                    1.0,
                    0.5342376435485321,
                    -1.0227553251415271
                ],
                "Ai": [
                    [
                        0.0,
                        0.0,
                        0.0,
                        0.0,
                        0.0,
                        0.0
                    ],
                    [
                        -0.7557076548554655,
                        0.0,
                        0.0,
                        0.0,
                        0.0,
                        0.0
                    ],
                    [
                        -0.9867542161330443,
                        -0.6859647672779638,
                        0.0,
                        0.0,
                        0.0,
                        0.0
                    ],
                    [
                        0.0,
                        0.0,
                        0.0,
                        0.0,
                        0.0,
                        0.0
                    ],
                    [
                        0.9268193857584585,
                        -0.683898197409025,
                        -0.900897308744457,
                        0.5342376435485321,
                        0.0,
                        0.0
                    ],
                    [
                        -0.8871227512017252,
                        0.5807492920328678,
                        0.9984258122830846,
                        -0.5144886939098612,
                        -0.95138677959052,
                        0.0
                    ]
                ]
            },
            "est_params": {
                "mui": [
                    0.002891044656505389,
                    0.0940722923786307,
                    -0.1329841314013209,
                    1.0000005664705054,
                    0.6907049049402769,
                    -1.2038206422407385
                ],
                "Si": [
                    [
                        1.0009174842002635,
                        -0.68656793843903,
                        -0.5253619159560612,
                        -2.581163851209571e-07,
                        1.8695169085536025,
                        -3.6318405335428867
                    ],
                    [
                        -0.68656793843903,
                        1.5914849006344614,
                        -0.36300560960921857,
                        1.1486572326930633e-06,
                        -1.3204111936878558,
                        2.460152158922422
                    ],
                    [
                        -0.5253619159560612,
                        -0.3630056096092186,
                        1.695188367636941,
                        -2.014836223016237e-07,
                        -1.8112155079631909,
                        3.689237646757291
                    ],
                    [
                        -2.5811638512095726e-07,
                        1.1486572326930629e-06,
                        -2.0148362230162323e-07,
                        1.0032747430759555e-06,
                        -1.6207669560938614e-06,
                        1.4951052330644722e-06
                    ],
                    [
                        1.8695169085536025,
                        -1.320411193687856,
                        -1.8112155079631909,
                        -1.6207669560938604e-06,
                        5.2640971744769285,
                        -9.241213792991436
                    ],
                    [
                        -3.6318405335428867,
                        2.4601521589224222,
                        3.689237646757291,
                        1.4951052330644733e-06,
                        -9.241213792991436,
                        18.0392280865859
                    ]
                ]
            },
            "est_tgt": [
                1,
                2,
                3
            ],
            "oracle_est_tgt": [
                1,
                3,
                5
            ]
        },
        "4": {
            "intv_type": "do",
            "inode": 4,
            "new_mui": 1.0,
            "new_vari": null,
            "true_params": {
                "Si": [
                    [
                        1.0,
                        -0.7557076548554655,
                        -0.468365390539939,
                        -1.3212740797768048,
                        0.0,
                        -1.1138469566366562
                    ],
                    [
                        -0.7557076548554655,
                        1.5710940596071474,
                        -0.3320174563775623,
                        1.0169790999604023,
                        0.0,
                        0.7280981692652947
                    ],
                    [
                        -0.468365390539939,
                        -0.3320174563775623,
                        1.6899138010023407,
                        1.3630206253324966,
                        0.0,
                        1.2086735492442768
                    ],
                    [
                        -1.3212740797768048,
                        1.0169790999604023,
                        1.3630206253324966,
                        3.3189433717004606,
                        0.0,
                        1.4160583235965885
                    ],
                    [
                        0.0,
                        0.0,
                        0.0,
                        0.0,
                        1e-09,
                        -9.5138677959052e-10
                    ],
                    [
                        -1.1138469566366562,
                        0.7280981692652947,
                        1.2086735492442768,
                        1.4160583235965885,
                        -9.5138677959052e-10,
                        2.8891863466074623
                    ]
                ],
                "mui": [
                    0.0,
                    0.0,
                    0.0,
                    0.0,
                    1.0,
                    -0.95138677959052
                ],
                "Ai": [
                    [
                        0.0,
                        0.0,
                        0.0,
                        0.0,
                        0.0,
                        0.0
                    ],
                    [
                        -0.7557076548554655,
                        0.0,
                        0.0,
                        0.0,
                        0.0,
                        0.0
                    ],
                    [
                        -0.9867542161330443,
                        -0.6859647672779638,
                        0.0,
                        0.0,
                        0.0,
                        0.0
                    ],
                    [
                        -0.5604724789516942,
                        0.5376612435043029,
                        0.7568596880763168,
                        0.0,
                        0.0,
                        0.0
                    ],
                    [
                        0.0,
                        0.0,
                        0.0,
                        0.0,
                        0.0,
                        0.0
                    ],
                    [
                        -0.8871227512017252,
                        0.5807492920328678,
                        0.9984258122830846,
                        -0.5144886939098612,
                        -0.95138677959052,
                        0.0
                    ]
                ]
            },
            "est_params": {
                "mui": [
                    0.011495513331224312,
                    0.004547263335076464,
                    -0.04116732554371334,
                    0.04937212375146344,
                    0.9999990940449218,
                    -1.0906976341351011
                ],
                "Si": [
                    [
                        0.9834390829404407,
                        -0.6623293741166791,
                        -0.5029474976453233,
                        -1.300458676119727,
                        6.30346200044007e-07,
                        -1.0530929033042993
                    ],
                    [
                        -0.6623293741166791,
                        1.5236002396600976,
                        -0.36885826955543805,
                        0.9380420956343184,
                        -1.3044090917264093e-06,
                        0.5333640408049385
                    ],
                    [
                        -0.5029474976453233,
                        -0.36885826955543805,
                        1.5912990792514254,
                        1.2722306202179092,
                        -2.4343119783312616e-06,
                        1.212468084905372
                    ],
                    [
                        -1.300458676119727,
                        0.9380420956343186,
                        1.2722306202179092,
                        3.1829222797570997,
                        -4.870375377882608e-06,
                        1.3400662391367484
                    ],
                    [
                        6.30346200044007e-07,
                        -1.3044090917264093e-06,
                        -2.4343119783312616e-06,
                        -4.870375377882608e-06,
                        1.0047442592191107e-06,
                        -2.2978917417157116e-06
                    ],
                    [
                        -1.0530929033042993,
                        0.5333640408049385,
                        1.212468084905372,
                        1.3400662391367484,
                        -2.2978917417157116e-06,
                        2.639336677922248
                    ]
                ]
            },
            "est_tgt": [
                1,
                4,
                5
            ],
            "oracle_est_tgt": [
                1,
                4,
                5
            ]
        },
        "5": {
            "intv_type": "do",
            "inode": 5,
            "new_mui": 1.0,
            "new_vari": null,
            "true_params": {
                "Si": [
                    [
                        1.0,
                        -0.7557076548554655,
                        -0.468365390539939,
                        -1.3212740797768048,
                        1.1597212576670752,
                        0.0
                    ],
                    [
                        -0.7557076548554655,
                        1.5710940596071474,
                        -0.3320174563775623,
                        1.0169790999604023,
                        -0.9324507490037848,
                        0.0
                    ],
                    [
                        -0.468365390539939,
                        -0.3320174563775623,
                        1.6899138010023407,
                        1.3630206253324966,
                        -1.001285851993247,
                        0.0
                    ],
                    [
                        -1.3212740797768048,
                        1.0169790999604023,
                        1.3630206253324966,
                        3.3189433717004606,
                        -1.3749297314598417,
                        0.0
                    ],
                    [
                        1.1597212576670752,
                        -0.9324507490037848,
                        -1.001285851993247,
                        -1.3749297314598417,
                        2.8800700396631047,
                        0.0
                    ],
                    [
                        0.0,
                        0.0,
                        0.0,
                        0.0,
                        0.0,
                        1e-09
                    ]
                ],
                "mui": [
                    0.0,
                    0.0,
                    0.0,
                    0.0,
                    0.0,
                    1.0
                ],
                "Ai": [
                    [
                        0.0,
                        0.0,
                        0.0,
                        0.0,
                        0.0,
                        0.0
                    ],
                    [
                        -0.7557076548554655,
                        0.0,
                        0.0,
                        0.0,
                        0.0,
                        0.0
                    ],
                    [
                        -0.9867542161330443,
                        -0.6859647672779638,
                        0.0,
                        0.0,
                        0.0,
                        0.0
                    ],
                    [
                        -0.5604724789516942,
                        0.5376612435043029,
                        0.7568596880763168,
                        0.0,
                        0.0,
                        0.0
                    ],
                    [
                        0.9268193857584585,
                        -0.683898197409025,
                        -0.900897308744457,
                        0.5342376435485321,
                        0.0,
                        0.0
                    ],
                    [
                        0.0,
                        0.0,
                        0.0,
                        0.0,
                        0.0,
                        0.0
                    ]
                ]
            },
            "est_params": {
                "mui": [
                    -0.021682637568974452,
                    -0.062360023628141435,
                    0.024660410012568683,
                    -0.04688418804516043,
                    -0.06806101533065671,
                    1.0000018149329557
                ],
                "Si": [
                    [
                        0.9890341394461984,
                        -0.7552316037184739,
                        -0.4893527111284274,
                        -1.34780602573084,
                        1.2017044601584537,
                        -2.324349100612608e-06
                    ],
                    [
                        -0.7552316037184738,
                        1.7580035702304122,
                        -0.385944045592043,
                        1.0420150637020047,
                        -1.0271639486049864,
                        2.288694190118006e-06
                    ],
                    [
                        -0.48935271112842726,
                        -0.385944045592043,
                        1.7655131779888138,
                        1.399776199304888,
                        -1.1029527713116807,
                        2.371232467235941e-07
                    ],
                    [
                        -1.34780602573084,
                        1.0420150637020047,
                        1.399776199304888,
                        3.488626550039452,
                        -1.4694740781895432,
                        4.527015061299979e-06
                    ],
                    [
                        1.2017044601584537,
                        -1.0271639486049864,
                        -1.1029527713116807,
                        -1.4694740781895432,
                        3.0818406135567287,
                        -1.5268807290658878e-06
                    ],
                    [
                        -2.324349100612608e-06,
                        2.288694190118006e-06,
                        2.371232467235941e-07,
                        4.527015061299981e-06,
                        -1.526880729065888e-06,
                        1.0019078215706495e-06
                    ]
                ]
            },
            "est_tgt": [
                1,
                4,
                5
            ],
            "oracle_est_tgt": [
                1,
                2,
                3,
                4,
                5
            ]
        },
        "obs": {
            "intv_type": "obs",
            "true_params": {
                "Si": [
                    [
                        1.0,
                        -0.7557076548554655,
                        -0.468365390539939,
                        -1.3212740797768048,
                        1.1597212576670752,
                        -2.2171904291912026
                    ],
                    [
                        -0.7557076548554655,
                        1.5710940596071474,
                        -0.3320174563775623,
                        1.0169790999604023,
                        -0.9324507490037848,
                        1.6152194844867735
                    ],
                    [
                        -0.468365390539939,
                        -0.3320174563775623,
                        1.6899138010023407,
                        1.3630206253324966,
                        -1.001285851993247,
                        2.1612836714216823
                    ],
                    [
                        -1.3212740797768048,
                        1.0169790999604023,
                        1.3630206253324966,
                        3.3189433717004606,
                        -1.3749297314598417,
                        2.7241482929734255
                    ],
                    [
                        1.1597212576670752,
                        -0.9324507490037848,
                        -1.001285851993247,
                        -1.3749297314598417,
                        2.8800700396631047,
                        -4.602719623445736
                    ],
                    [
                        -2.2171904291912026,
                        1.6152194844867735,
                        2.1612836714216823,
                        2.7241482929734255,
                        -4.602719623445736,
                        9.040262153428435
