{
    "expt_args": {
        "save_dir": "all_expt_logs/expt_logs_11.05.24-sparsity_n6-corr",
        "exp_name": "638",
        "num_nodes": 6,
        "obs_noise_mean": 0.0,
        "obs_noise_var": 1.0,
        "max_edge_strength": 1.0,
        "graph_sparsity_method": "adj_dense_prop",
        "adj_dense_prop": 1.0,
        "num_parents": null,
        "new_noise_mean": 1.0,
        "mix_samples": 65536,
        "stage2_samples": 65536,
        "gmm_tol": 0.001,
        "intv_type": "do",
        "new_noise_var": null,
        "intv_targets": [
            0,
            1,
            2,
            3,
            4,
            5
        ]
    },
    "intv_args_dict": {
        "0": {
            "intv_type": "do",
            "inode": 0,
            "new_mui": 1.0,
            "new_vari": null,
            "true_params": {
                "Si": [
                    [
                        1e-09,
                        7.001635989208615e-10,
                        1.4013947776612749e-09,
                        -1.2082194258129988e-09,
                        1.145165712503002e-09,
                        -3.227668915678601e-09
                    ],
                    [
                        7.001635989208615e-10,
                        1.000000000490229,
                        0.6655426473767463,
                        -1.452192418969747,
                        1.1847041378392769,
                        -1.947878244279711
                    ],
                    [
                        1.4013947776612749e-09,
                        0.6655426473767463,
                        1.442947016135087,
                        -1.917447893710312,
                        2.616092965179522,
                        -4.047856039935732
                    ],
                    [
                        -1.2082194258129988e-09,
                        -1.452192418969747,
                        -1.917447893710312,
                        4.013172350111528,
                        -4.43262672513066,
                        6.991794731350977
                    ],
                    [
                        1.145165712503002e-09,
                        1.1847041378392769,
                        2.616092965179522,
                        -4.43262672513066,
                        6.692845448698839,
                        -9.477022023458227
                    ],
                    [
                        -3.227668915678601e-09,
                        -1.947878244279711,
                        -4.047856039935732,
                        6.991794731350977,
                        -9.477022023458227,
                        15.158670873128775
                    ]
                ],
                "mui": [
                    1.0,
                    0.7001635989208614,
                    1.4013947776612747,
                    -1.2082194258129988,
                    1.145165712503002,
                    -3.2276689156786005
                ],
                "Ai": [
                    [
                        0.0,
                        0.0,
                        0.0,
                        0.0,
                        0.0,
                        0.0
                    ],
                    [
                        0.7001635989208614,
                        0.0,
                        0.0,
                        0.0,
                        0.0,
                        0.0
                    ],
                    [
                        0.9354060431256586,
                        0.6655426463955407,
                        0.0,
                        0.0,
                        0.0,
                        0.0
                    ],
                    [
                        0.6980790045003529,
                        -0.8192933693551314,
                        -0.9509519069834692,
                        0.0,
                        0.0,
                        0.0
                    ],
                    [
                        -0.7138014770734655,
                        -0.8298345850948567,
                        0.9011779699719369,
                        -0.974227887067264,
                        0.0,
                        0.0
                    ],
                    [
                        -0.822297558136613,
                        0.6243363939665445,
                        -0.709377298264341,
                        0.9289354048634915,
                        -0.6339986636792776,
                        0.0
                    ]
                ]
            },
            "est_params": {
                "mui": [
                    1.000001533358889,
                    0.7018742566279964,
                    1.4104898001902173,
                    -1.2186341160963554,
                    1.1633833003757135,
                    -3.244543129780704
                ],
                "Si": [
                    [
                        1.0068241804636774e-06,
                        -5.57879317800362e-07,
                        -1.284592188864535e-07,
                        -8.867951102606928e-07,
                        3.7780134524225493e-07,
                        -2.1270567303263316e-06
                    ],
                    [
                        -5.578793178003623e-07,
                        1.0059241922219868,
                        0.6638878596613437,
                        -1.4632256411146545,
                        1.202145714548105,
                        -1.96927071784984
                    ],
                    [
                        -1.2845921888645327e-07,
                        0.6638878596613437,
                        1.4677744318116053,
                        -1.9355346769244348,
                        2.6595540988627393,
                        -4.076891140153164
                    ],
                    [
                        -8.867951102606928e-07,
                        -1.4632256411146545,
                        -1.9355346769244348,
                        4.04187374645109,
                        -4.470464629648522,
                        7.015302126994952
                    ],
                    [
                        3.778013452422552e-07,
                        1.202145714548105,
                        2.6595540988627393,
                        -4.470464629648522,
                        6.749089266738539,
                        -9.498785933493599
                    ],
                    [
                        -2.127056730326332e-06,
                        -1.96927071784984,
                        -4.076891140153164,
                        7.015302126994952,
                        -9.498785933493599,
                        15.080092000513384
                    ]
                ]
            },
            "est_tgt": [
                0,
                1
            ],
            "oracle_est_tgt": [
                0
            ]
        },
        "1": {
            "intv_type": "do",
            "inode": 1,
            "new_mui": 1.0,
            "new_vari": null,
            "true_params": {
                "Si": [
                    [
                        1.0,
                        0.0,
                        0.9354060431256586,
                        -0.19144715601385343,
                        0.3156790002584108,
                        -1.8638354754863662
                    ],
                    [
                        0.0,
                        1e-09,
                        6.655426463955408e-10,
                        -1.452192418123796e-09,
                        1.1847041370374736e-09,
                        -1.9478782420198147e-09
                    ],
                    [
                        0.9354060431256586,
                        6.655426463955408e-10,
                        1.8749844659589483,
                        -1.1300327346245445,
                        2.1229098823330825,
                        -4.494902963820661
                    ],
                    [
                        -0.19144715601385343,
                        -1.452192418123796e-09,
                        -1.1300327346245445,
                        1.9409615450501523,
                        -2.7726442067545234,
                        4.5199267168500485
                    ],
                    [
                        0.3156790002584108,
                        1.1847041370374736e-09,
                        2.1229098823330825,
                        -2.7726442067545234,
                        5.388974787681403,
                        -7.7577363298512125
                    ],
                    [
                        -1.8638354754863662,
                        -1.9478782420198147e-09,
                        -4.494902963820661,
                        4.5199267168500485,
                        -7.7577363298512125,
                        14.838323900452442
                    ]
                ],
                "mui": [
                    0.0,
                    1.0,
                    0.6655426463955407,
                    -1.4521924181237957,
                    1.1847041370374736,
                    -1.9478782420198146
                ],
                "Ai": [
                    [
                        0.0,
                        0.0,
                        0.0,
                        0.0,
                        0.0,
                        0.0
                    ],
                    [
                        0.0,
                        0.0,
                        0.0,
                        0.0,
                        0.0,
                        0.0
                    ],
                    [
                        0.9354060431256586,
                        0.6655426463955407,
                        0.0,
                        0.0,
                        0.0,
                        0.0
                    ],
                    [
                        0.6980790045003529,
                        -0.8192933693551314,
                        -0.9509519069834692,
                        0.0,
                        0.0,
                        0.0
                    ],
                    [
                        -0.7138014770734655,
                        -0.8298345850948567,
                        0.9011779699719369,
                        -0.974227887067264,
                        0.0,
                        0.0
                    ],
                    [
                        -0.822297558136613,
                        0.6243363939665445,
                        -0.709377298264341,
                        0.9289354048634915,
                        -0.6339986636792776,
                        0.0
                    ]
                ]
            },
            "est_params": {
                "mui": [
                    0.0030904449717151393,
                    1.0000004472757869,
                    0.6624857842365333,
                    -1.4518787023683812,
                    1.1700184423453666,
                    -1.9262222453194726
                ],
                "Si": [
                    [
                        1.012365001413931,
                        6.878560422317096e-07,
                        0.9425684676595276,
                        -0.18097732430511923,
                        0.30340632809171547,
                        -1.8527479015643165
                    ],
                    [
                        6.878560422317098e-07,
                        1.012934274997994e-06,
                        -2.858913286093543e-07,
                        -3.6575148060911365e-07,
                        -1.7049857862204538e-06,
                        1.196017749580763e-06
                    ],
                    [
                        0.9425684676595276,
                        -2.858913286093547e-07,
                        1.9014067697724162,
                        -1.1348653141741352,
                        2.141041471487703,
                        -4.52731207611461
                    ],
                    [
                        -0.18097732430511923,
                        -3.657514806091135e-07,
                        -1.1348653141741352,
                        1.9432352822649694,
                        -2.7922131165353568,
                        4.517996631481123
                    ],
                    [
                        0.30340632809171547,
                        -1.7049857862204538e-06,
                        2.141041471487703,
                        -2.7922131165353568,
                        5.450110064999606,
                        -7.806778910368609
                    ],
                    [
                        -1.852747901564316,
                        1.1960177495807635e-06,
                        -4.52731207611461,
                        4.5179966314811235,
                        -7.806778910368609,
                        14.862681435714068
                    ]
                ]
            },
            "est_tgt": [
                1,
                2
            ],
            "oracle_est_tgt": [
                1,
                2
            ]
        },
        "2": {
            "intv_type": "do",
            "inode": 2,
            "new_mui": 1.0,
            "new_vari": null,
            "true_params": {
                "Si": [
                    [
                        1.0,
                        0.7001635989208614,
                        0.0,
                        0.12443961044066543,
                        -1.4160539854295633,
                        0.6282127527660886
                    ],
                    [
                        0.7001635989208614,
                        1.4902290652538128,
                        0.0,
                        -0.7321652838606851,
                        -1.0231255916843796,
                        0.32318742660978084
                    ],
                    [
                        0.0,
                        0.0,
                        1e-09,
                        -9.509519069834693e-10,
                        1.8276218370150276e-09,
                        -2.7514599953623332e-09
                    ],
                    [
                        0.12443961044066543,
                        -0.7321652838606851,
                        -9.509519069834693e-10,
                        1.6867268426202178,
                        -1.1245054319881134,
                        1.720351403384765
                    ],
                    [
                        -1.4160539854295633,
                        -1.0231255916843796,
                        1.8276218370150276e-09,
                        -1.1245054319881134,
                        3.95533097993918,
                        -3.0266242738009987
                    ],
                    [
                        0.6282127527660886,
                        0.32318742660978084,
                        -2.7514599953623332e-09,
                        1.720351403384765,
                        -3.0266242738009987,
                        4.202170934326666
                    ]
                ],
                "mui": [
                    0.0,
                    0.0,
                    1.0,
                    -0.9509519069834692,
                    1.8276218370150275,
                    -2.751459995362333
                ],
                "Ai": [
                    [
                        0.0,
                        0.0,
                        0.0,
                        0.0,
                        0.0,
                        0.0
                    ],
                    [
                        0.7001635989208614,
                        0.0,
                        0.0,
                        0.0,
                        0.0,
                        0.0
                    ],
                    [
                        0.0,
                        0.0,
                        0.0,
                        0.0,
                        0.0,
                        0.0
                    ],
                    [
                        0.6980790045003529,
                        -0.8192933693551314,
                        -0.9509519069834692,
                        0.0,
                        0.0,
                        0.0
                    ],
                    [
                        -0.7138014770734655,
                        -0.8298345850948567,
                        0.9011779699719369,
                        -0.974227887067264,
                        0.0,
                        0.0
                    ],
                    [
                        -0.822297558136613,
                        0.6243363939665445,
                        -0.709377298264341,
                        0.9289354048634915,
                        -0.6339986636792776,
                        0.0
                    ]
                ]
            },
            "est_params": {
                "mui": [
                    -0.004715309283167977,
                    -0.005389094208384093,
                    1.00000080159984,
                    -0.9434081124158357,
                    1.8150099371774462,
                    -2.732971228462283
                ],
                "Si": [
                    [
                        1.0140222083802821,
                        0.7105013148125392,
                        3.280012989574856e-07,
                        0.12956559981690957,
                        -1.433376250979387,
                        0.6360089346267084
                    ],
                    [
                        0.7105013148125392,
                        1.480916925794883,
                        -9.581751332026968e-08,
                        -0.7084605997866683,
                        -1.0409791096508403,
                        0.34581420191146267
                    ],
                    [
                        3.280012989574855e-07,
                        -9.581751332026959e-08,
                        1.007792534804188e-06,
                        -1.8478647556201745e-07,
                        2.337306605415586e-07,
                        1.6771428137852664e-07
                    ],
                    [
                        0.12956559981690954,
                        -0.7084605997866683,
                        -1.8478647556201764e-07,
                        1.6588257923407848,
                        -1.150271927759716,
                        1.7217082583534724
                    ],
                    [
                        -1.433376250979387,
                        -1.0409791096508403,
                        2.337306605415589e-07,
                        -1.150271927759716,
                        4.041247354862026,
                        -3.109458702988088
                    ],
                    [
                        0.6360089346267084,
                        0.34581420191146267,
                        1.6771428137852674e-07,
                        1.7217082583534724,
                        -3.1094587029880887,
                        4.277676321118598
                    ]
                ]
            },
            "est_tgt": [
                1,
                2
            ],
            "oracle_est_tgt": [
                1,
                2
            ]
        },
        "3": {
            "intv_type": "do",
            "inode": 3,
            "new_mui": 1.0,
            "new_vari": null,
            "true_params": {
                "Si": [
                    [
                        1.0,
                        0.7001635989208614,
                        1.4013947776612747,
                        0.0,
                        -0.03191534582041892,
                        -1.3590432961778287
                    ],
                    [
                        0.7001635989208614,
                        1.4902290652538128,
                        1.6467482574317591,
                        0.0,
                        -0.2524081774768011,
                        -0.6534779594605065
                    ],
                    [
                        1.4013947776612747,
                        1.6467482574317591,
                        3.406854337027473,
                        0.0,
                        0.7033357562132863,
                        -2.986897689578412
                    ],
                    [
                        0.0,
                        0.0,
                        0.0,
                        1e-09,
                        -9.742278870672642e-10,
                        1.5465945833832232e-09
                    ],
                    [
                        -0.03191534582041892,
                        -0.2524081774768011,
                        0.7033357562132863,
                        -9.742278870672642e-10,
                        1.8660689461610223,
                        -1.8133593380180866
                    ],
                    [
                        -1.3590432961778287,
                        -0.6534779594605065,
                        -2.986897689578412,
                        1.5465945833832232e-09,
                        -1.8133593380180866,
                        4.978052722838402
                    ]
                ],
                "mui": [
                    0.0,
                    0.0,
                    0.0,
                    1.0,
                    -0.974227887067264,
                    1.546594583383223
                ],
                "Ai": [
                    [
                        0.0,
                        0.0,
                        0.0,
                        0.0,
                        0.0,
                        0.0
                    ],
                    [
                        0.7001635989208614,
                        0.0,
                        0.0,
                        0.0,
                        0.0,
                        0.0
                    ],
                    [
                        0.9354060431256586,
                        0.6655426463955407,
                        0.0,
                        0.0,
                        0.0,
                        0.0
                    ],
                    [
                        0.0,
                        0.0,
                        0.0,
                        0.0,
                        0.0,
                        0.0
                    ],
                    [
                        -0.7138014770734655,
                        -0.8298345850948567,
                        0.9011779699719369,
                        -0.974227887067264,
                        0.0,
                        0.0
                    ],
                    [
                        -0.822297558136613,
                        0.6243363939665445,
                        -0.709377298264341,
                        0.9289354048634915,
                        -0.6339986636792776,
                        0.0
                    ]
                ]
            },
            "est_params": {
                "mui": [
                    -0.0008418106215553116,
                    -0.004749618222954264,
                    -0.004981993340978721,
                    1.0000008836763954,
                    -0.9650118225694347,
                    1.5344185087289806
                ],
                "Si": [
                    [
                        0.9904424126254741,
                        0.6901323095921823,
                        1.3837227434204928,
                        4.538741794542714e-07,
                        -0.03111087097326066,
                        -1.3444467996466432
                    ],
                    [
                        0.6901323095921823,
                        1.47352358369918,
                        1.6158693144239873,
                        2.2535830119732133e-07,
                        -0.23749922487791406,
                        -0.6711493523237623
                    ],
                    [
                        1.3837227434204928,
                        1.6158693144239873,
                        3.37729541187103,
                        -8.549709397272223e-08,
                        0.7318531659045443,
                        -3.001736651053147
                    ],
                    [
                        4.5387417945427107e-07,
                        2.2535830119732133e-07,
                        -8.54970939727225e-08,
                        1.006038645341938e-06,
                        -1.979416579668338e-07,
                        -3.4542195787897534e-07
                    ],
                    [
                        -0.03111087097326065,
                        -0.2374992248779141,
                        0.7318531659045443,
                        -1.979416579668338e-07,
                        1.869521964706331,
                        -1.8220213757198223
                    ],
                    [
                        -1.3444467996466432,
                        -0.6711493523237623,
                        -3.001736651053147,
                        -3.454219578789755e-07,
                        -1.8220213757198223,
                        4.962372612751873
                    ]
                ]
            },
            "est_tgt": [
                3,
                4
            ],
            "oracle_est_tgt": [
                3,
                4
            ]
        },
        "4": {
            "intv_type": "do",
            "inode": 4,
            "new_mui": 1.0,
            "new_vari": null,
            "true_params": {
                "Si": [
                    [
                        1.0,
                        0.7001635989208614,
                        1.4013947776612747,
                        -1.2082194258129988,
                        0.0,
                        -2.5016353842603696
                    ],
                    [
                        0.7001635989208614,
                        1.4902290652538128,
                        1.6467482574317591,
                        -2.2981436795871217,
                        0.0,
                        -2.948331436114257
                    ],
                    [
                        1.4013947776612747,
                        1.6467482574317591,
                        3.406854337027473,
                        -3.6106402856203603,
                        0.0,
                        -5.895035355560516
                    ],
                    [
                        -1.2082194258129988,
                        -2.2981436795871217,
                        -3.6106402856203603,
                        5.472966529563626,
                        0.0,
                        7.204039775571104
                    ],
                    [
                        0.0,
                        0.0,
                        0.0,
                        0.0,
                        1e-09,
                        -6.339986636792777e-10
                    ],
                    [
                        -2.5016353842603696,
                        -2.948331436114257,
                        -5.895035355560516,
                        7.204039775571104,
                        -6.339986636792777e-10,
                        12.090229910458753
                    ]
                ],
                "mui": [
                    0.0,
                    0.0,
                    0.0,
                    0.0,
                    1.0,
                    -0.6339986636792776
                ],
                "Ai": [
                    [
                        0.0,
                        0.0,
                        0.0,
                        0.0,
                        0.0,
                        0.0
                    ],
                    [
                        0.7001635989208614,
                        0.0,
                        0.0,
                        0.0,
                        0.0,
                        0.0
                    ],
                    [
                        0.9354060431256586,
                        0.6655426463955407,
                        0.0,
                        0.0,
                        0.0,
                        0.0
                    ],
                    [
                        0.6980790045003529,
                        -0.8192933693551314,
                        -0.9509519069834692,
                        0.0,
                        0.0,
                        0.0
                    ],
                    [
                        0.0,
                        0.0,
                        0.0,
                        0.0,
                        0.0,
                        0.0
                    ],
                    [
                        -0.822297558136613,
                        0.6243363939665445,
                        -0.709377298264341,
                        0.9289354048634915,
                        -0.6339986636792776,
                        0.0
                    ]
                ]
            },
            "est_params": {
                "mui": [
                    -0.0029965256551812685,
                    -0.005076956476495524,
                    -0.009024490287954335,
                    0.012164386262491422,
                    1.0000002279449483,
                    -0.626774012841914
                ],
                "Si": [
                    [
                        1.009747871225687,
                        0.6915295537706297,
                        1.409579539612012,
                        -1.2045324578336922,
                        -4.4278687073484607e-07,
                        -2.4981257553481613
                    ],
                    [
                        0.6915295537706297,
                        1.4793693998365736,
                        1.6269072111423086,
                        -2.2840730183120868,
                        -2.3435644594947807e-07,
                        -2.9269942462456533
                    ],
                    [
                        1.4095795396120123,
                        1.6269072111423086,
                        3.3888872841020845,
                        -3.574757705148016,
                        -6.910827775579942e-07,
                        -5.862691963008443
                    ],
                    [
                        -1.2045324578336922,
                        -2.2840730183120868,
                        -3.574757705148016,
                        5.427087839938726,
                        7.709738436071002e-07,
                        7.150982141771807
                    ],
                    [
                        -4.427868707348462e-07,
                        -2.343564459494779e-07,
                        -6.910827775579946e-07,
                        7.709738436071002e-07,
                        1.0047897895347556e-06,
                        1.275053647025115e-06
                    ],
                    [
                        -2.4981257553481617,
                        -2.9269942462456533,
                        -5.862691963008443,
                        7.150982141771807,
                        1.275053647025115e-06,
                        12.000196026418456
                    ]
                ]
            },
            "est_tgt": [
                3,
                4
            ],
            "oracle_est_tgt": [
                3,
                4
            ]
        },
        "5": {
            "intv_type": "do",
            "inode": 5,
            "new_mui": 1.0,
            "new_vari": null,
            "true_params": {
                "Si": [
                    [
                        1.0,
                        0.7001635989208614,
                        1.4013947776612747,
                        -1.2082194258129988,
                        1.145165712503002,
                        0.0
                    ],
                    [
                        0.7001635989208614,
                        1.4902290652538128,
                        1.6467482574317591,
                        -2.2981436795871217,
                        1.986507483664348,
                        0.0
                    ],
                    [
                        1.4013947776612747,
                        1.6467482574317591,
                        3.406854337027473,
                        -3.6106402856203603,
                        4.220922212633153,
                        0.0
                    ],
                    [
                        -1.2082194258129988,
                        -2.2981436795871217,
                        -3.6106402856203603,
                        5.472966529563626,
                        -5.816238183368159,
                        0.0
                    ],
                    [
                        1.145165712503002,
                        1.986507483664348,
                        4.220922212633153,
                        -5.816238183368159,
                        8.004249956479942,
                        0.0
                    ],
                    [
                        0.0,
                        0.0,
                        0.0,
                        0.0,
                        0.0,
                        1e-09
                    ]
                ],
                "mui": [
                    0.0,
                    0.0,
                    0.0,
                    0.0,
                    0.0,
                    1.0
                ],
                "Ai": [
                    [
                        0.0,
                        0.0,
                        0.0,
                        0.0,
                        0.0,
                        0.0
                    ],
                    [
                        0.7001635989208614,
                        0.0,
                        0.0,
                        0.0,
                        0.0,
                        0.0
                    ],
                    [
                        0.9354060431256586,
                        0.6655426463955407,
                        0.0,
                        0.0,
                        0.0,
                        0.0
                    ],
                    [
                        0.6980790045003529,
                        -0.8192933693551314,
                        -0.9509519069834692,
                        0.0,
                        0.0,
                        0.0
                    ],
                    [
                        -0.7138014770734655,
                        -0.8298345850948567,
                        0.9011779699719369,
                        -0.974227887067264,
                        0.0,
                        0.0
                    ],
                    [
                        0.0,
                        0.0,
                        0.0,
                        0.0,
                        0.0,
                        0.0
                    ]
                ]
            },
            "est_params": {
                "mui": [
                    -0.01380328979559921,
                    -0.014409327688515562,
                    -0.02007326233860792,
                    0.02155144174131787,
                    -0.01808201671862835,
                    1.0000006801035213
                ],
                "Si": [
                    [
                        0.9905341792249968,
                        0.6799623181831879,
                        1.37392111648536,
                        -1.1682763808016121,
                        1.1001312331614306,
                        4.5978912332825085e-07
                    ],
                    [
                        0.6799623181831879,
                        1.4660689042543014,
                        1.60910525431034,
                        -2.2644466286897895,
                        1.956018732484192,
                        7.278403449157732e-07
                    ],
                    [
                        1.37392111648536,
                        1.60910525431034,
                        3.323413638557829,
                        -3.5012388329205586,
                        4.09048749992708,
                        3.2556840447475583e-07
                    ],
                    [
                        -1.1682763808016121,
                        -2.2644466286897895,
                        -3.5012388329205586,
                        5.3753150602249935,
                        -5.681132299914586,
                        -2.2557307416805068e-08
                    ],
                    [
                        1.1001312331614306,
                        1.956018732484192,
                        4.09048749992708,
                        -5.681132299914586,
                        7.807328228323046,
                        -1.2214599393374873e-07
                    ],
                    [
                        4.5978912332825085e-07,
                        7.278403449157733e-07,
                        3.2556840447475604e-07,
                        -2.2557307416804836e-08,
                        -1.221459939337489e-07,
                        1.004098966811389e-06
                    ]
                ]
            },
            "est_tgt": [
                5
            ],
            "oracle_est_tgt": [
                5
            ]
        },
        "obs": {
            "intv_type": "obs",
            "true_params": {
                "Si": [
                    [
                        1.0,
                        0.7001635989208614,
                        1.4013947776612747,
                        -1.2082194258129988,
                        1.145165712503002,
                        -3.2276689156786005
                    ],
                    [
                        0.7001635989208614,
                        1.4902290652538128,
                        1.6467482574317591,
                        -2.2981436795871217,
                        1.986507483664348,
                        -4.207774526146338
                    ],
                    [
                        1.4013947776612747,
                        1.6467482574317591,
                        3.406854337027473,
                        -3.6106402856203603,
                        4.220922212633153,
                        -8.571094397864114
                    ],
                    [
                        -1.2082194258129988,
                        -2.2981436795871217,
                        -3.6106402856203603,
                        5.472966529563626,
                        -5.816238183368159,
                        10.891527011466907
                    ],
                    [
                        1.145165712503002,
                        1.986507483664348,
                        4.220922212633153,
                        -5.816238183368159,
                        8.004249956479942,
                        -13.173237793308887
                    ],
                    [
                        -3.2276689156786005,
                        -4.207774526146338,
                        -8.571094397864114,
                        10.891527011466907,
                        -13.173237793308887,
                        25.576517491948806
                    ]
                ],
                "mui": [
                    0.0,
                    0.0,
                    0.0,
                    0.0,
                    0.0,
                    0.0
                ],
                "Ai": [
                    [
