{
    "expt_args": {
        "save_dir": "all_expt_logs/expt_logs_11.05.24-sparsity_n6-corr",
        "exp_name": "352",
        "num_nodes": 6,
        "obs_noise_mean": 0.0,
        "obs_noise_var": 1.0,
        "max_edge_strength": 1.0,
        "graph_sparsity_method": "adj_dense_prop",
        "adj_dense_prop": 0.8,
        "num_parents": null,
        "new_noise_mean": 1.0,
        "mix_samples": 1024,
        "stage2_samples": 1024,
        "gmm_tol": 0.001,
        "intv_type": "do",
        "new_noise_var": null,
        "intv_targets": [
            0,
            1,
            2,
            3,
            4,
            5
        ]
    },
    "intv_args_dict": {
        "0": {
            "intv_type": "do",
            "inode": 0,
            "new_mui": 1.0,
            "new_vari": null,
            "true_params": {
                "Si": [
                    [
                        1e-09,
                        7.54969288398931e-10,
                        6.322093136843522e-10,
                        -1.8369534227536595e-09,
                        4.856226926475907e-11,
                        -3.460816545348764e-11
                    ],
                    [
                        7.54969288398931e-10,
                        1.0000000005699787,
                        4.772986156714518e-10,
                        -0.8279303230944141,
                        0.16215251468542285,
                        0.737516019319683
                    ],
                    [
                        6.322093136843522e-10,
                        4.772986156714519e-10,
                        1.0000000003996887,
                        -0.7044689896677946,
                        -0.37742686149392585,
                        -0.28822118643369427
                    ],
                    [
                        -1.8369534227536595e-09,
                        -0.8279303230944141,
                        -0.7044689896677946,
                        2.181745176744508,
                        0.667395325256425,
                        0.0015635522658440926
                    ],
                    [
                        4.856226926475907e-11,
                        0.16215251468542285,
                        -0.37742686149392585,
                        0.667395325256425,
                        1.4557840974728307,
                        1.2112174514257399
                    ],
                    [
                        -3.460816545348764e-11,
                        0.737516019319683,
                        -0.28822118643369427,
                        0.0015635522658440926,
                        1.2112174514257399,
                        2.3775487040891763
                    ]
                ],
                "mui": [
                    1.0,
                    0.754969288398931,
                    0.6322093136843521,
                    -1.8369534227536595,
                    0.04856226926475907,
                    -0.03460816545348764
                ],
                "Ai": [
                    [
                        0.0,
                        0.0,
                        0.0,
                        0.0,
                        0.0,
                        0.0
                    ],
                    [
                        0.754969288398931,
                        0.0,
                        0.0,
                        0.0,
                        0.0,
                        0.0
                    ],
                    [
                        0.6322093136843521,
                        -0.0,
                        0.0,
                        0.0,
                        0.0,
                        0.0
                    ],
                    [
                        -0.7665196011946209,
                        -0.8279303217075706,
                        -0.7044689885064556,
                        0.0,
                        0.0,
                        0.0
                    ],
                    [
                        0.5754260245318585,
                        0.6057251175331804,
                        -0.0,
                        0.5357607895910506,
                        0.0,
                        0.0
                    ],
                    [
                        -0.5350086886088996,
                        0.6136886108700761,
                        0.0,
                        0.0,
                        0.7636477839641205,
                        0.0
                    ]
                ]
            },
            "est_params": {
                "mui": [
                    -0.04457337780166516,
                    -1.1107904218402214,
                    0.23832273992515315,
                    0.8328691248848678,
                    -0.2454654051714063,
                    -1.3625908754436076
                ],
                "Si": [
                    [
                        0.32607003251373295,
                        0.09031777974836659,
                        -0.20541680739716708,
                        0.032486244297107524,
                        0.3565335225831533,
                        0.05763030498236755
                    ],
                    [
                        0.09031777974836658,
                        0.4395223344899368,
                        -0.31473829196888986,
                        -0.010892204727681007,
                        0.7363241722577795,
                        0.46806830891679785
                    ],
                    [
                        -0.20541680739716708,
                        -0.31473829196888986,
                        1.0650270588036135,
                        -0.3477771830441031,
                        -0.7604895660295393,
                        -0.6541463052545111
                    ],
                    [
                        0.03248624429710752,
                        -0.010892204727681007,
                        -0.3477771830441031,
                        0.818622234933797,
                        0.03665928041581909,
                        0.21095560675104008
                    ],
                    [
                        0.3565335225831533,
                        0.7363241722577795,
                        -0.7604895660295393,
                        0.03665928041581909,
                        2.121056616914498,
                        1.5113848949483975
                    ],
                    [
                        0.05763030498236755,
                        0.4680683089167979,
                        -0.6541463052545111,
                        0.21095560675104,
                        1.5113848949483975,
                        1.9056274907762962
                    ]
                ]
            },
            "est_tgt": [
                0,
                1,
                3,
                4,
                5
            ],
            "oracle_est_tgt": [
                0
            ]
        },
        "1": {
            "intv_type": "do",
            "inode": 1,
            "new_mui": 1.0,
            "new_vari": null,
            "true_params": {
                "Si": [
                    [
                        1.0,
                        0.0,
                        0.6322093136843521,
                        -1.2118914569301968,
                        -0.07385789933171236,
                        -0.5914101097618069
                    ],
                    [
                        0.0,
                        1e-09,
                        0.0,
                        -8.279303217075707e-10,
                        1.6215251464875984e-10,
                        7.375160193458112e-10
                    ],
                    [
                        0.6322093136843521,
                        0.0,
                        1.3996886163092395,
                        -1.4706380547522249,
                        -0.4241205133712972,
                        -0.6621161660103139
                    ],
                    [
                        -1.2118914569301968,
                        -8.279303217075707e-10,
                        -1.4706380547522249,
                        2.9649574598331725,
                        0.8911540660571327,
                        1.3289002863156067
                    ],
                    [
                        -0.07385789933171236,
                        1.6215251464875984e-10,
                        -0.4241205133712972,
                        0.8911540660571327,
                        1.434945648783543,
                        1.1353076827668884
                    ],
                    [
                        -0.5914101097618069,
                        7.375160193458112e-10,
                        -0.6621161660103139,
                        1.3289002863156067,
                        1.1353076827668884,
                        2.18338474376869
                    ]
                ],
                "mui": [
                    0.0,
                    1.0,
                    0.0,
                    -0.8279303217075706,
                    0.16215251464875982,
                    0.7375160193458111
                ],
                "Ai": [
                    [
                        0.0,
                        0.0,
                        0.0,
                        0.0,
                        0.0,
                        0.0
                    ],
                    [
                        0.0,
                        0.0,
                        0.0,
                        0.0,
                        0.0,
                        0.0
                    ],
                    [
                        0.6322093136843521,
                        -0.0,
                        0.0,
                        0.0,
                        0.0,
                        0.0
                    ],
                    [
                        -0.7665196011946209,
                        -0.8279303217075706,
                        -0.7044689885064556,
                        0.0,
                        0.0,
                        0.0
                    ],
                    [
                        0.5754260245318585,
                        0.6057251175331804,
                        -0.0,
                        0.5357607895910506,
                        0.0,
                        0.0
                    ],
                    [
                        -0.5350086886088996,
                        0.6136886108700761,
                        0.0,
                        0.0,
                        0.7636477839641205,
                        0.0
                    ]
                ]
            },
            "est_params": {
                "mui": [
                    0.8769978694224669,
                    0.7073779383549957,
                    0.7393755555155741,
                    -1.7379766276499404,
                    -0.17503108598632625,
                    -0.4245240151672245
                ],
                "Si": [
                    [
                        0.12683573670538897,
                        0.032691713335437855,
                        0.04859261149115975,
                        -0.16223194276758246,
                        -0.05997835989036438,
                        -0.10788616649106768
                    ],
                    [
                        0.032691713335437855,
                        0.39467268474514305,
                        0.1314711452644515,
                        -0.38319004794831224,
                        -0.06676604704831747,
                        0.15130640846052365
                    ],
                    [
                        0.04859261149115975,
                        0.1314711452644515,
                        0.8927412640785355,
                        -0.749138895640601,
                        -0.4312502568156731,
                        -0.49017409308669746
                    ],
                    [
                        -0.16223194276758246,
                        -0.38319004794831224,
                        -0.749138895640601,
                        2.0071708964618864,
                        1.1481485455064866,
                        1.2742336185613579
                    ],
                    [
                        -0.059978359890364374,
                        -0.06676604704831748,
                        -0.4312502568156731,
                        1.1481485455064866,
                        1.962953383466232,
                        1.8453789785231172
                    ],
                    [
                        -0.1078861664910677,
                        0.15130640846052362,
                        -0.49017409308669746,
                        1.2742336185613579,
                        1.8453789785231172,
                        2.6194319185830133
                    ]
                ]
            },
            "est_tgt": [
                0,
                1,
                3,
                5
            ],
            "oracle_est_tgt": [
                1,
                2,
                3,
                5
            ]
        },
        "2": {
            "intv_type": "do",
            "inode": 2,
            "new_mui": 1.0,
            "new_vari": null,
            "true_params": {
                "Si": [
                    [
                        1.0,
                        0.754969288398931,
                        0.0,
                        -1.3915815670180836,
                        0.2871750463552827,
                        0.14760795299721535
                    ],
                    [
                        0.754969288398931,
                        1.5699786264255882,
                        0.0,
                        -1.8785316671082823,
                        0.3789608550415376,
                        0.8489554905821417
                    ],
                    [
                        0.0,
                        0.0,
                        1e-09,
                        -7.044689885064556e-10,
                        -3.774268615246274e-10,
                        -2.8822118641181467e-10
                    ],
                    [
                        -1.3915815670180836,
                        -1.8785316671082823,
                        -7.044689885064556e-10,
                        3.6219678757635827,
                        0.0018823052225217518,
                        -0.4068878417885448
                    ],
                    [
                        0.2871750463552827,
                        0.3789608550415376,
                        -3.774268615246274e-10,
                        0.0018823052225217518,
                        1.395802569061752,
                        1.144824354468271
                    ],
                    [
                        0.14760795299721535,
                        0.8489554905821417,
                        -2.8822118641181467e-10,
                        -0.4068878417885448,
                        1.144824354468271,
                        2.316265359662444
                    ]
                ],
                "mui": [
                    0.0,
                    0.0,
                    1.0,
                    -0.7044689885064556,
                    -0.37742686152462734,
                    -0.28822118641181466
                ],
                "Ai": [
                    [
                        0.0,
                        0.0,
                        0.0,
                        0.0,
                        0.0,
                        0.0
                    ],
                    [
                        0.754969288398931,
                        0.0,
                        0.0,
                        0.0,
                        0.0,
                        0.0
                    ],
                    [
                        0.0,
                        0.0,
                        0.0,
                        0.0,
                        0.0,
                        0.0
                    ],
                    [
                        -0.7665196011946209,
                        -0.8279303217075706,
                        -0.7044689885064556,
                        0.0,
                        0.0,
                        0.0
                    ],
                    [
                        0.5754260245318585,
                        0.6057251175331804,
                        -0.0,
                        0.5357607895910506,
                        0.0,
                        0.0
                    ],
                    [
                        -0.5350086886088996,
                        0.6136886108700761,
                        0.0,
                        0.0,
                        0.7636477839641205,
                        0.0
                    ]
                ]
            },
            "est_params": {
                "mui": [
                    0.13186567984391512,
                    0.5364367572665756,
                    0.5654568399670471,
                    -1.1551842163679227,
                    -0.2701906229058832,
                    0.5603411177016967
                ],
                "Si": [
                    [
                        0.6006879543781072,
                        0.14166821038860158,
                        0.13450465594756245,
                        -0.6033058804504264,
                        0.28094492404681976,
                        0.11166828225681831
                    ],
                    [
                        0.14166821038860158,
                        0.7471622519770874,
                        0.014507840941824444,
                        -0.6048228381588011,
                        0.35176525191621016,
                        0.11892554531410449
                    ],
                    [
                        0.13450465594756245,
                        0.014507840941824456,
                        0.6653648245089357,
                        -0.45563638688690977,
                        -0.055867517054324155,
                        -0.17331976986672515
                    ],
                    [
                        -0.6033058804504264,
                        -0.6048228381588011,
                        -0.45563638688690977,
                        1.8133121437515975,
                        0.0869269364393888,
                        0.2446946636412934
                    ],
                    [
                        0.28094492404681976,
                        0.3517652519162103,
                        -0.05586751705432416,
                        0.08692693643938879,
                        1.3813847725873516,
                        0.5648484611869177
                    ],
                    [
                        0.11166828225681832,
                        0.11892554531410449,
                        -0.17331976986672512,
                        0.24469466364129341,
                        0.5648484611869177,
                        0.8957614059889579
                    ]
                ]
            },
            "est_tgt": [
                3,
                5
            ],
            "oracle_est_tgt": [
                2,
                4
            ]
        },
        "3": {
            "intv_type": "do",
            "inode": 3,
            "new_mui": 1.0,
            "new_vari": null,
            "true_params": {
                "Si": [
                    [
                        1.0,
                        0.754969288398931,
                        0.6322093136843521,
                        0.0,
                        1.0327298854812426,
                        0.716949253719481
                    ],
                    [
                        0.754969288398931,
                        1.5699786264255882,
                        0.4772986156714518,
                        0.0,
                        1.3854044642832635,
                        1.6175239224644369
                    ],
                    [
                        0.6322093136843521,
                        0.4772986156714518,
                        1.3996886163092395,
                        0.0,
                        0.6529014521214158,
                        0.4532619956405015
                    ],
                    [
                        0.0,
                        0.0,
                        0.0,
                        1e-09,
                        5.357607895910506e-10,
                        4.0913253970607316e-10
                    ],
                    [
                        1.0327298854812426,
                        1.3854044642832635,
                        0.6529014521214158,
                        5.357607895910506e-10,
                        2.433433934663725,
                        2.155973911089703
                    ],
                    [
                        0.716949253719481,
                        1.6175239224644369,
                        0.4532619956405015,
                        4.0913253970607316e-10,
                        2.155973911089703,
                        3.2554866284828377
                    ]
                ],
                "mui": [
                    0.0,
                    0.0,
                    0.0,
                    1.0,
                    0.5357607895910506,
                    0.40913253970607316
                ],
                "Ai": [
                    [
                        0.0,
                        0.0,
                        0.0,
                        0.0,
                        0.0,
                        0.0
                    ],
                    [
                        0.754969288398931,
                        0.0,
                        0.0,
                        0.0,
                        0.0,
                        0.0
                    ],
                    [
                        0.6322093136843521,
                        -0.0,
                        0.0,
                        0.0,
                        0.0,
                        0.0
                    ],
                    [
                        0.0,
                        0.0,
                        0.0,
                        0.0,
                        0.0,
                        0.0
                    ],
                    [
                        0.5754260245318585,
                        0.6057251175331804,
                        -0.0,
                        0.5357607895910506,
                        0.0,
                        0.0
                    ],
                    [
                        -0.5350086886088996,
                        0.6136886108700761,
                        0.0,
                        0.0,
                        0.7636477839641205,
                        0.0
                    ]
                ]
            },
            "est_params": {
                "mui": [
                    0.003885152047001512,
                    0.06008909031486542,
                    0.06775180273926834,
                    0.9999756844547761,
                    0.6368142607174365,
                    0.40922868985573546
                ],
                "Si": [
                    [
                        1.1635461024468088,
                        0.8443414420284484,
                        0.7075344310921858,
                        1.2981795401886294e-05,
                        1.145937753822215,
                        0.8717652038251763
                    ],
                    [
                        0.8443414420284482,
                        1.8399272461326723,
                        0.5153926270654272,
                        1.3431676577319877e-05,
                        1.6271073983879516,
                        1.8779744190000853
                    ],
                    [
                        0.707534431092186,
                        0.5153926270654271,
                        1.5398744722429318,
                        -6.467653485980917e-06,
                        0.7065672815492628,
                        0.46614719798515386
                    ],
                    [
                        1.2981795401886296e-05,
                        1.3431676577319877e-05,
                        -6.467653485980917e-06,
                        1.0798362205808604e-06,
                        1.1013193564469951e-05,
                        1.3147649496319015e-05
                    ],
                    [
                        1.145937753822215,
                        1.6271073983879518,
                        0.7065672815492628,
                        1.1013193564469951e-05,
                        2.7441408669740466,
                        2.426908935812725
                    ],
                    [
                        0.8717652038251763,
                        1.8779744190000853,
                        0.46614719798515386,
                        1.3147649496319011e-05,
                        2.426908935812725,
                        3.2857974923286846
                    ]
                ]
            },
            "est_tgt": [
                0,
                1,
                2,
                3
            ],
            "oracle_est_tgt": [
                2,
                3
            ]
        },
        "4": {
            "intv_type": "do",
            "inode": 4,
            "new_mui": 1.0,
            "new_vari": null,
            "true_params": {
                "Si": [
                    [
                        1.0,
                        0.754969288398931,
                        0.6322093136843521,
                        -1.8369534227536595,
                        0.0,
                        -0.07169263476178982
                    ],
                    [
                        0.754969288398931,
                        1.5699786264255882,
                        0.4772986156714518,
                        -2.2147737401058816,
                        0.0,
                        0.5595628734205231
                    ],
                    [
                        0.6322093136843521,
                        0.4772986156714518,
                        1.3996886163092395,
                        -1.865808051175668,
                        0.0,
                        -0.04532475141897406
                    ],
                    [
                        -1.8369534227536595,
                        -2.2147737401058816,
                        -1.865808051175668,
                        5.556143050736495,
                        0.0,
                        -0.37639537821403646
                    ],
                    [
                        0.0,
                        0.0,
                        0.0,
                        0.0,
                        1e-09,
                        7.636477839641205e-10
                    ],
                    [
                        -0.07169263476178982,
                        0.5595628734205231,
                        -0.04532475141897406,
                        -0.37639537821403646,
                        7.636477839641205e-10,
                        1.381753545573889
                    ]
                ],
                "mui": [
                    0.0,
                    0.0,
                    0.0,
                    0.0,
                    1.0,
                    0.7636477839641205
                ],
                "Ai": [
                    [
                        0.0,
                        0.0,
                        0.0,
                        0.0,
                        0.0,
                        0.0
                    ],
                    [
                        0.754969288398931,
                        0.0,
                        0.0,
                        0.0,
                        0.0,
                        0.0
                    ],
                    [
                        0.6322093136843521,
                        -0.0,
                        0.0,
                        0.0,
                        0.0,
                        0.0
                    ],
                    [
                        -0.7665196011946209,
                        -0.8279303217075706,
                        -0.7044689885064556,
                        0.0,
                        0.0,
                        0.0
                    ],
                    [
                        0.0,
                        0.0,
                        0.0,
                        0.0,
                        0.0,
                        0.0
                    ],
                    [
                        -0.5350086886088996,
                        0.6136886108700761,
                        0.0,
                        0.0,
                        0.7636477839641205,
                        0.0
                    ]
                ]
            },
            "est_params": {
                "mui": [
                    -0.3385394174061632,
                    0.023762631085876642,
                    -0.6304585078954181,
                    1.3314396683159213,
                    0.6253948077262552,
                    0.5547507494724491
                ],
                "Si": [
                    [
                        0.50354041394507,
                        -0.21531788871990792,
                        0.37462114396020846,
                        -0.10375142834858543,
                        0.07565375601250154,
                        -0.407517311982027
                    ],
                    [
                        -0.2153178887199079,
                        0.7265918001290446,
                        -0.6673768105968223,
                        -0.24941942922235041,
                        -0.17500261149561905,
                        0.25978497834624104
                    ],
                    [
                        0.37462114396020835,
                        -0.6673768105968224,
                        1.0246807402621085,
                        0.11673529610660195,
                        0.09433062289706695,
                        -0.32606473145754883
                    ],
                    [
                        -0.10375142834858543,
                        -0.24941942922235041,
                        0.11673529610660195,
                        0.7152101445994112,
                        0.20295558458062354,
                        0.3341096847615396
                    ],
                    [
                        0.07565375601250154,
                        -0.17500261149561905,
                        0.09433062289706694,
                        0.20295558458062354,
                        0.41777128708162214,
                        0.21940443155107742
                    ],
                    [
                        -0.4075173119820269,
                        0.25978497834624104,
                        -0.32606473145754883,
                        0.33410968476153957,
                        0.21940443155107742,
                        1.4397573761139326
                    ]
                ]
            },
            "est_tgt": [
                0,
                2,
                3,
                4
            ],
            "oracle_est_tgt": [
                4
            ]
        },
        "5": {
            "intv_type": "do",
            "inode": 5,
            "new_mui": 1.0,
            "new_vari": null,
            "true_params": {
                "Si": [
                    [
                        1.0,
                        0.754969288398931,
                        0.6322093136843521,
                        -1.8369534227536595,
                        0.04856226926475907,
                        0.0
                    ],
                    [
                        0.754969288398931,
                        1.5699786264255882,
                        0.4772986156714518,
                        -2.2147737401058816,
                        0.19881553651861225,
                        0.0
                    ],
                    [
                        0.6322093136843521,
                        0.4772986156714518,
                        1.3996886163092395,
                        -1.865808051175668,
                        -0.3467253426017993,
                        0.0
                    ],
                    [
                        -1.8369534227536595,
                        -2.2147737401058816,
                        -1.865808051175668,
                        5.556143050736495,
                        0.5781886986030476,
                        0.0
                    ],
                    [
                        0.04856226926475907,
                        0.19881553651861225,
                        -0.3467253426017993,
                        0.5781886986030476,
                        1.4581423914666154,
                        0.0
                    ],
                    [
                        0.0,
                        0.0,
                        0.0,
                        0.0,
                        0.0,
                        1e-09
                    ]
                ],
                "mui": [
                    0.0,
                    0.0,
                    0.0,
                    0.0,
                    0.0,
                    1.0
                ],
                "Ai": [
                    [
                        0.0,
                        0.0,
                        0.0,
                        0.0,
                        0.0,
                        0.0
                    ],
                    [
                        0.754969288398931,
                        0.0,
                        0.0,
                        0.0,
                        0.0,
                        0.0
                    ],
                    [
                        0.6322093136843521,
                        -0.0,
                        0.0,
                        0.0,
                        0.0,
                        0.0
                    ],
                    [
                        -0.7665196011946209,
                        -0.8279303217075706,
                        -0.7044689885064556,
                        0.0,
                        0.0,
                        0.0
                    ],
                    [
                        0.5754260245318585,
                        0.6057251175331804,
                        -0.0,
                        0.5357607895910506,
                        0.0,
                        0.0
                    ],
                    [
                        0.0,
                        0.0,
                        0.0,
                        0.0,
                        0.0,
                        0.0
                    ]
                ]
            },
            "est_params": {
                "mui": [
                    0.429347223922667,
                    0.979253116696675,
                    0.48411207578557947,
                    -1.5974972743012599,
                    0.6445193270613983,
                    1.1546746682401343
                ],
                "Si": [
                    [
                        0.9652038449363071,
                        0.5503056058516085,
                        0.45160241914477006,
                        -1.6477133356812683,
                        -0.2414005156656203,
                        -0.43802190005436903
                    ],
                    [
                        0.5503056058516085,
                        1.1955500324941082,
                        0.1784742297621975,
                        -1.5364118742443724,
                        -0.16669526962185027,
                        0.2281010851550798
                    ],
                    [
                        0.45160241914477006,
                        0.1784742297621975,
                        1.302795347426695,
                        -1.491727247285421,
                        -0.26138609782247285,
                        -0.25804018581026616
                    ],
                    [
                        -1.6477133356812683,
                        -1.5364118742443724,
                        -1.4917272472854208,
                        4.77992537869928,
                        0.9247216007101677,
                        0.3881882006150384
                    ],
                    [
                        -0.2414005156656203,
                        -0.16669526962185027,
                        -0.2613860978224729,
                        0.9247216007101677,
                        0.6966899071080268,
                        0.3476943208488051
                    ],
                    [
                        -0.4380219000543691,
                        0.2281010851550798,
                        -0.25804018581026616,
                        0.3881882006150384,
                        0.3476943208488051,
                        1.3571771725427166
                    ]
                ]
            },
            "est_tgt": [
                3,
                4,
                5
            ],
            "oracle_est_tgt": [
                5
            ]
        },
        "obs": {
            "intv_type": "obs",
            "true_params": {
                "Si": [
                    [
                        1.0,
                        0.754969288398931,
                        0.6322093136843521,
                        -1.8369534227536595,
                        0.04856226926475907,
                        -0.03460816545348764
                    ],
                    [
                        0.754969288398931,
                        1.5699786264255882,
                        0.4772986156714518,
                        -2.2147737401058816,
                        0.19881553651861225,
                        0.7113879173005991
                    ],
                    [
                        0.6322093136843521,
                        0.4772986156714518,
                        1.3996886163092395,
                        -1.865808051175668,
                        -0.3467253426017993,
                        -0.3101007909410386
                    ],
                    [
                        -1.8369534227536595,
                        -2.2147737401058816,
                        -1.865808051175668,
                        5.556143050736495,
                        0.5781886986030476,
                        0.06513714018727962
                    ],
                    [
                        0.04856226926475907,
                        0.19881553651861225,
                        -0.3467253426017993,
                        0.5781886986030476,
                        1.4581423914666154,
                        1.2095368003779088
                    ],
                    [
                        -0.03460816545348764,
                        0.7113879173005991,
                        -0.3101007909410386,
                        0.06513714018727962,
                        1.2095368003779088,
                        2.3787464292040346
                    ]
                ],
                "mui": [
                    0.0,
                    0.0,
                    0.0,
                    0.0,
                    0.0,
                    0.0
                ],
                "Ai": [
                    [
                        0.0,
                        0.0,
                        0.0,
                        0.0,
                        0.0,
                        0.0
