{
    "expt_args": {
        "save_dir": "all_expt_logs/expt_logs_11.05.24-sparsity_n6-corr",
        "exp_name": "200",
        "num_nodes": 6,
        "obs_noise_mean": 0.0,
        "obs_noise_var": 1.0,
        "max_edge_strength": 1.0,
        "graph_sparsity_method": "adj_dense_prop",
        "adj_dense_prop": 0.2,
        "num_parents": null,
        "new_noise_mean": 1.0,
        "mix_samples": 1024,
        "stage2_samples": 1024,
        "gmm_tol": 0.001,
        "intv_type": "do",
        "new_noise_var": null,
        "intv_targets": [
            0,
            1,
            2,
            3,
            4,
            5
        ]
    },
    "intv_args_dict": {
        "0": {
            "intv_type": "do",
            "inode": 0,
            "new_mui": 1.0,
            "new_vari": null,
            "true_params": {
                "Si": [
                    [
                        1e-09,
                        6.787971757640905e-10,
                        5.580356360238188e-10,
                        0.0,
                        3.832768709964971e-10,
                        -1.4517664697735696e-10
                    ],
                    [
                        6.787971757640905e-10,
                        1.0000000004607656,
                        3.7879301370868616e-10,
                        0.0,
                        0.5646412284224089,
                        0.33029130859702643
                    ],
                    [
                        5.580356360238188e-10,
                        3.7879301370868616e-10,
                        1.0000000003114038,
                        0.0,
                        2.138821524797494e-10,
                        -0.6619244913756348
                    ],
                    [
                        0.0,
                        0.0,
                        0.0,
                        1.0,
                        0.0,
                        0.9494953519330733
                    ],
                    [
                        3.832768709964971e-10,
                        0.5646412284224089,
                        2.138821524797494e-10,
                        0.0,
                        1.3188197166874658,
                        0.7714539221587378
                    ],
                    [
                        -1.4517664697735696e-10,
                        0.33029130859702643,
                        -0.6619244913756348,
                        0.9494953519330733,
                        0.7714539221587378,
                        2.7909534693820044
                    ]
                ],
                "mui": [
                    1.0,
                    0.6787971757640905,
                    0.5580356360238188,
                    0.0,
                    0.3832768709964971,
                    -0.14517664697735694
                ],
                "Ai": [
                    [
                        0.0,
                        0.0,
                        0.0,
                        0.0,
                        0.0,
                        0.0
                    ],
                    [
                        0.6787971757640905,
                        0.0,
                        0.0,
                        0.0,
                        0.0,
                        0.0
                    ],
                    [
                        0.5580356360238188,
                        0.0,
                        0.0,
                        0.0,
                        0.0,
                        0.0
                    ],
                    [
                        0.0,
                        0.0,
                        -0.0,
                        0.0,
                        0.0,
                        0.0
                    ],
                    [
                        0.0,
                        0.5646412281622417,
                        -0.0,
                        0.0,
                        0.0,
                        0.0
                    ],
                    [
                        0.0,
                        0.0,
                        -0.661924491294621,
                        0.9494953519330733,
                        0.5849578320211988,
                        0.0
                    ]
                ]
            },
            "est_params": {
                "mui": [
                    0.9999985712511325,
                    0.710713857794724,
                    0.5954117484774322,
                    0.05418972846152109,
                    0.40633877314945416,
                    -0.0932270929180627
                ],
                "Si": [
                    [
                        1.0010860402753933e-06,
                        -2.932330594361541e-07,
                        -5.035470520799692e-06,
                        -8.171700176531616e-06,
                        -3.414862187253867e-06,
                        -7.719395884877511e-06
                    ],
                    [
                        -2.932330594361542e-07,
                        1.390018947592424,
                        -0.017685051926008735,
                        -0.03823784450223666,
                        0.7226937342134626,
                        0.43791113131197285
                    ],
                    [
                        -5.035470520799694e-06,
                        -0.017685051926008714,
                        1.0593034856752697,
                        0.06756507385592532,
                        0.05690713899104831,
                        -0.5207107040087394
                    ],
                    [
                        -8.171700176531616e-06,
                        -0.03823784450223666,
                        0.06756507385592529,
                        1.3924976633235324,
                        -0.2769739609572499,
                        1.218419426130056
                    ],
                    [
                        -3.414862187253868e-06,
                        0.7226937342134626,
                        0.056907138991048295,
                        -0.2769739609572499,
                        1.276858688829325,
                        0.5245919335722625
                    ],
                    [
                        -7.719395884877511e-06,
                        0.4379111313119729,
                        -0.5207107040087393,
                        1.218419426130056,
                        0.5245919335722625,
                        3.0387015203785857
                    ]
                ]
            },
            "est_tgt": [
                0,
                1,
                2,
                3
            ],
            "oracle_est_tgt": [
                0,
                1,
                2
            ]
        },
        "1": {
            "intv_type": "do",
            "inode": 1,
            "new_mui": 1.0,
            "new_vari": null,
            "true_params": {
                "Si": [
                    [
                        1.0,
                        0.0,
                        0.5580356360238188,
                        0.0,
                        0.0,
                        -0.36937745449933657
                    ],
                    [
                        0.0,
                        1e-09,
                        0.0,
                        0.0,
                        5.646412281622418e-10,
                        3.3029130869557195e-10
                    ],
                    [
                        0.5580356360238188,
                        0.0,
                        1.311403771072508,
                        0.0,
                        0.0,
                        -0.8680502740490175
                    ],
                    [
                        0.0,
                        0.0,
                        0.0,
                        1.0,
                        0.0,
                        0.9494953519330733
                    ],
                    [
                        0.0,
                        5.646412281622418e-10,
                        0.0,
                        0.0,
                        1.0000000003188196,
                        0.5849578322076948
                    ],
                    [
                        -0.36937745449933657,
                        3.3029130869557195e-10,
                        -0.8680502740490175,
                        0.9494953519330733,
                        0.5849578322076948,
                        2.8183008247625967
                    ]
                ],
                "mui": [
                    0.0,
                    1.0,
                    0.0,
                    0.0,
                    0.5646412281622417,
                    0.33029130869557194
                ],
                "Ai": [
                    [
                        0.0,
                        0.0,
                        0.0,
                        0.0,
                        0.0,
                        0.0
                    ],
                    [
                        0.0,
                        0.0,
                        0.0,
                        0.0,
                        0.0,
                        0.0
                    ],
                    [
                        0.5580356360238188,
                        0.0,
                        0.0,
                        0.0,
                        0.0,
                        0.0
                    ],
                    [
                        0.0,
                        0.0,
                        -0.0,
                        0.0,
                        0.0,
                        0.0
                    ],
                    [
                        0.0,
                        0.5646412281622417,
                        -0.0,
                        0.0,
                        0.0,
                        0.0
                    ],
                    [
                        0.0,
                        0.0,
                        -0.661924491294621,
                        0.9494953519330733,
                        0.5849578320211988,
                        0.0
                    ]
                ]
            },
            "est_params": {
                "mui": [
                    0.09754721579944034,
                    1.000002743601955,
                    0.10349634134912401,
                    0.02080931017672612,
                    0.5150069944435358,
                    0.31236043389508716
                ],
                "Si": [
                    [
                        0.9079339087478056,
                        2.076470125495301e-06,
                        0.5742033197235253,
                        0.08903016858292316,
                        0.009891829189468085,
                        -0.41975412656698685
                    ],
                    [
                        2.076470125495301e-06,
                        1.001592334333651e-06,
                        -2.4016429582800623e-06,
                        -4.032761782015595e-06,
                        6.441798128102038e-07,
                        3.9495921649013916e-07
                    ],
                    [
                        0.5742033197235253,
                        -2.4016429582800623e-06,
                        1.3412700169645344,
                        -0.06753174218030067,
                        0.05583627856573836,
                        -1.1108533787006385
                    ],
                    [
                        0.08903016858292316,
                        -4.032761782015595e-06,
                        -0.06753174218030067,
                        1.0183295228150628,
                        -0.1010006393411029,
                        1.0170960182383888
                    ],
                    [
                        0.009891829189468095,
                        6.441798128102041e-07,
                        0.05583627856573834,
                        -0.10100063934110289,
                        1.130185147862822,
                        0.49783456799449144
                    ],
                    [
                        -0.4197541265669869,
                        3.949592164901384e-07,
                        -1.1108533787006385,
                        1.0170960182383888,
                        0.49783456799449155,
                        3.436710985817531
                    ]
                ]
            },
            "est_tgt": [
                1
            ],
            "oracle_est_tgt": [
                0,
                1
            ]
        },
        "2": {
            "intv_type": "do",
            "inode": 2,
            "new_mui": 1.0,
            "new_vari": null,
            "true_params": {
                "Si": [
                    [
                        1.0,
                        0.6787971757640905,
                        0.0,
                        0.0,
                        0.3832768709964971,
                        0.22420080752197963
                    ],
                    [
                        0.6787971757640905,
                        1.4607656058253056,
                        0.0,
                        0.0,
                        0.8248084857303616,
                        0.4824781836455202
                    ],
                    [
                        0.0,
                        0.0,
                        1e-09,
                        0.0,
                        0.0,
                        -6.619244912946211e-10
                    ],
                    [
                        0.0,
                        0.0,
                        0.0,
                        1.0,
                        0.0,
                        0.9494953519330733
                    ],
                    [
                        0.3832768709964971,
                        0.8248084857303616,
                        0.0,
                        0.0,
                        1.4657208763814302,
                        0.8573849061962928
                    ],
                    [
                        0.22420080752197963,
                        0.4824781836455202,
                        -6.619244912946211e-10,
                        0.9494953519330733,
                        0.8573849061962928,
                        2.403075439716937
                    ]
                ],
                "mui": [
                    0.0,
                    0.0,
                    1.0,
                    0.0,
                    0.0,
                    -0.661924491294621
                ],
                "Ai": [
                    [
                        0.0,
                        0.0,
                        0.0,
                        0.0,
                        0.0,
                        0.0
                    ],
                    [
                        0.6787971757640905,
                        0.0,
                        0.0,
                        0.0,
                        0.0,
                        0.0
                    ],
                    [
                        0.0,
                        0.0,
                        0.0,
                        0.0,
                        0.0,
                        0.0
                    ],
                    [
                        0.0,
                        0.0,
                        -0.0,
                        0.0,
                        0.0,
                        0.0
                    ],
                    [
                        0.0,
                        0.5646412281622417,
                        -0.0,
                        0.0,
                        0.0,
                        0.0
                    ],
                    [
                        0.0,
                        0.0,
                        -0.661924491294621,
                        0.9494953519330733,
                        0.5849578320211988,
                        0.0
                    ]
                ]
            },
            "est_params": {
                "mui": [
                    0.1335869442015364,
                    0.040330798310911804,
                    1.0000012618238623,
                    0.09550371154949856,
                    -0.035697577252850894,
                    -0.6856918928581898
                ],
                "Si": [
                    [
                        0.9321889313695076,
                        0.8368681738905308,
                        -1.0826212874464463e-06,
                        0.011035493017448906,
                        0.44299516438366704,
                        0.26534505795577923
                    ],
                    [
                        0.8368681738905309,
                        2.0910267128480378,
                        2.1247006977108657e-06,
                        -0.023852494334478516,
                        1.292193116074183,
                        0.8767938209450561
                    ],
                    [
                        -1.0826212874464466e-06,
                        2.1247006977108657e-06,
                        1.0009605262369359e-06,
                        2.1732209707466243e-07,
                        4.742528988587109e-06,
                        2.8684991467126484e-06
                    ],
                    [
                        0.011035493017448888,
                        -0.02385249433447852,
                        2.1732209707466196e-07,
                        1.1449217631566586,
                        -0.12150056184053064,
                        0.9685080509675207
                    ],
                    [
                        0.44299516438366704,
                        1.292193116074183,
                        4.742528988587108e-06,
                        -0.12150056184053061,
                        1.872195801247488,
                        1.080633437839648
                    ],
                    [
                        0.26534505795577923,
                        0.8767938209450563,
                        2.8684991467126476e-06,
                        0.9685080509675207,
                        1.080633437839648,
                        2.685323829884557
                    ]
                ]
            },
            "est_tgt": [
                2
            ],
            "oracle_est_tgt": [
                2
            ]
        },
        "3": {
            "intv_type": "do",
            "inode": 3,
            "new_mui": 1.0,
            "new_vari": null,
            "true_params": {
                "Si": [
                    [
                        1.0,
                        0.6787971757640905,
                        0.5580356360238188,
                        0.0,
                        0.3832768709964971,
                        -0.14517664697735694
                    ],
                    [
                        0.6787971757640905,
                        1.4607656058253056,
                        0.3787930137086861,
                        0.0,
                        0.8248084857303616,
                        0.23174581074044165
                    ],
                    [
                        0.5580356360238188,
                        0.3787930137086861,
                        1.311403771072508,
                        0.0,
                        0.2138821524797494,
                        -0.7429382338264359
                    ],
                    [
                        0.0,
                        0.0,
                        0.0,
                        1e-09,
                        0.0,
                        9.494953519330734e-10
                    ],
                    [
                        0.3832768709964971,
                        0.8248084857303616,
                        0.2138821524797494,
                        0.0,
                        1.4657208763814302,
                        0.7158110712191361
                    ],
                    [
                        -0.14517664697735694,
                        0.23174581074044165,
                        -0.7429382338264359,
                        9.494953519330734e-10,
                        0.7158110712191361,
                        1.9104883057475468
                    ]
                ],
                "mui": [
                    0.0,
                    0.0,
                    0.0,
                    1.0,
                    0.0,
                    0.9494953519330733
                ],
                "Ai": [
                    [
                        0.0,
                        0.0,
                        0.0,
                        0.0,
                        0.0,
                        0.0
                    ],
                    [
                        0.6787971757640905,
                        0.0,
                        0.0,
                        0.0,
                        0.0,
                        0.0
                    ],
                    [
                        0.5580356360238188,
                        0.0,
                        0.0,
                        0.0,
                        0.0,
                        0.0
                    ],
                    [
                        0.0,
                        0.0,
                        0.0,
                        0.0,
                        0.0,
                        0.0
                    ],
                    [
                        0.0,
                        0.5646412281622417,
                        -0.0,
                        0.0,
                        0.0,
                        0.0
                    ],
                    [
                        0.0,
                        0.0,
                        -0.661924491294621,
                        0.9494953519330733,
                        0.5849578320211988,
                        0.0
                    ]
                ]
            },
            "est_params": {
                "mui": [
                    0.05336712096819417,
                    -0.049678984272909385,
                    0.13596252817147086,
                    1.0000379999763465,
                    -0.021755073234613648,
                    1.0317001083639914
                ],
                "Si": [
                    [
                        1.1553051927947884,
                        0.9612135781553247,
                        0.6614246652167396,
                        1.157436601530434e-06,
                        0.4397792024809374,
                        -0.09940068728587975
                    ],
                    [
                        0.9612135781553247,
                        1.7695639001359866,
                        0.4495168932557701,
                        1.8134983299487637e-05,
                        0.9256006512165098,
                        0.4047905417822088
                    ],
                    [
                        0.6614246652167396,
                        0.4495168932557701,
                        1.469487837108835,
                        -2.8801556325774194e-06,
                        0.165047163510095,
                        -0.8079927685361893
                    ],
                    [
                        1.1574366015304332e-06,
                        1.8134983299487637e-05,
                        -2.8801556325774215e-06,
                        1.1154281781468125e-06,
                        3.3642795848752135e-05,
                        4.3572770894451216e-05
                    ],
                    [
                        0.4397792024809374,
                        0.9256006512165098,
                        0.16504716351009494,
                        3.3642795848752135e-05,
                        1.6201353246689267,
                        0.7864304975193797
                    ],
                    [
                        -0.09940068728587977,
                        0.4047905417822088,
                        -0.8079927685361893,
                        4.3572770894451216e-05,
                        0.7864304975193794,
                        2.0372292965114114
                    ]
                ]
            },
            "est_tgt": [
                3
            ],
            "oracle_est_tgt": [
                3
            ]
        },
        "4": {
            "intv_type": "do",
            "inode": 4,
            "new_mui": 1.0,
            "new_vari": null,
            "true_params": {
                "Si": [
                    [
                        1.0,
                        0.6787971757640905,
                        0.5580356360238188,
                        0.0,
                        0.0,
                        -0.36937745449933657
                    ],
                    [
                        0.6787971757640905,
                        1.4607656058253056,
                        0.3787930137086861,
                        0.0,
                        0.0,
                        -0.2507323729050785
                    ],
                    [
                        0.5580356360238188,
                        0.3787930137086861,
                        1.311403771072508,
                        0.0,
                        0.0,
                        -0.8680502740490175
                    ],
                    [
                        0.0,
                        0.0,
                        0.0,
                        1.0,
                        0.0,
                        0.9494953519330733
                    ],
                    [
                        0.0,
                        0.0,
                        0.0,
                        0.0,
                        1e-09,
                        5.849578320211988e-10
                    ],
                    [
                        -0.36937745449933657,
                        -0.2507323729050785,
                        -0.8680502740490175,
                        0.9494953519330733,
                        5.849578320211988e-10,
                        2.4761251597527387
                    ]
                ],
                "mui": [
                    0.0,
                    0.0,
                    0.0,
                    0.0,
                    1.0,
                    0.5849578320211988
                ],
                "Ai": [
                    [
                        0.0,
                        0.0,
                        0.0,
                        0.0,
                        0.0,
                        0.0
                    ],
                    [
                        0.6787971757640905,
                        0.0,
                        0.0,
                        0.0,
                        0.0,
                        0.0
                    ],
                    [
                        0.5580356360238188,
                        0.0,
                        0.0,
                        0.0,
                        0.0,
                        0.0
                    ],
                    [
                        0.0,
                        0.0,
                        -0.0,
                        0.0,
                        0.0,
                        0.0
                    ],
                    [
                        0.0,
                        0.0,
                        0.0,
                        0.0,
                        0.0,
                        0.0
                    ],
                    [
                        0.0,
                        0.0,
                        -0.661924491294621,
                        0.9494953519330733,
                        0.5849578320211988,
                        0.0
                    ]
                ]
            },
            "est_params": {
                "mui": [
                    -0.05695308164505069,
                    -0.21220146955178867,
                    -0.10222263748919969,
                    -0.06625213680235192,
                    0.9999982559750035,
                    0.5424697432824708
                ],
                "Si": [
                    [
                        1.073461190599404,
                        0.8333547999609319,
                        0.5335958323175353,
                        0.049226277961081054,
                        -5.179674918318675e-06,
                        -0.25789816538768595
                    ],
                    [
                        0.8333547999609319,
                        1.5372447250060193,
                        0.4882776085320844,
                        0.10491545577713773,
                        -8.154985461563792e-07,
                        -0.22268045512391643
                    ],
                    [
                        0.5335958323175353,
                        0.4882776085320844,
                        1.2326194333950278,
                        0.05532127778830735,
                        -9.283358325212623e-06,
                        -0.7033743107841479
                    ],
                    [
                        0.04922627796108104,
                        0.10491545577713773,
                        0.055321277788307366,
                        1.0187192472811581,
                        2.1259368968071155e-06,
                        0.9663864310073361
                    ],
                    [
                        -5.179674918318677e-06,
                        -8.1549854615638e-07,
                        -9.283358325212623e-06,
                        2.1259368968071155e-06,
                        1.008708615168099e-06,
                        9.38280523408039e-06
                    ],
                    [
                        -0.25789816538768606,
                        -0.22268045512391638,
                        -0.7033743107841479,
                        0.9663864310073361,
                        9.38280523408039e-06,
                        2.500679454402319
                    ]
                ]
            },
            "est_tgt": [
                4
            ],
            "oracle_est_tgt": [
                4
            ]
        },
        "5": {
            "intv_type": "do",
            "inode": 5,
            "new_mui": 1.0,
            "new_vari": null,
            "true_params": {
                "Si": [
                    [
                        1.0,
                        0.6787971757640905,
                        0.5580356360238188,
                        0.0,
                        0.3832768709964971,
                        0.0
                    ],
                    [
                        0.6787971757640905,
                        1.4607656058253056,
                        0.3787930137086861,
                        0.0,
                        0.8248084857303616,
                        0.0
                    ],
                    [
                        0.5580356360238188,
                        0.3787930137086861,
                        1.311403771072508,
                        0.0,
                        0.2138821524797494,
                        0.0
                    ],
                    [
                        0.0,
                        0.0,
                        0.0,
                        1.0,
                        0.0,
                        0.0
                    ],
                    [
                        0.3832768709964971,
                        0.8248084857303616,
                        0.2138821524797494,
                        0.0,
                        1.4657208763814302,
                        0.0
                    ],
                    [
                        0.0,
                        0.0,
                        0.0,
                        0.0,
                        0.0,
                        1e-09
                    ]
                ],
                "mui": [
                    0.0,
                    0.0,
                    0.0,
                    0.0,
                    0.0,
                    1.0
                ],
                "Ai": [
                    [
                        0.0,
                        0.0,
                        0.0,
                        0.0,
                        0.0,
                        0.0
                    ],
                    [
                        0.6787971757640905,
                        0.0,
                        0.0,
                        0.0,
                        0.0,
                        0.0
                    ],
                    [
                        0.5580356360238188,
                        0.0,
                        0.0,
                        0.0,
                        0.0,
                        0.0
                    ],
                    [
                        0.0,
                        0.0,
                        -0.0,
                        0.0,
                        0.0,
                        0.0
                    ],
                    [
                        0.0,
                        0.5646412281622417,
                        -0.0,
                        0.0,
                        0.0,
                        0.0
                    ],
                    [
                        0.0,
                        0.0,
                        0.0,
                        0.0,
                        0.0,
                        0.0
                    ]
                ]
            },
            "est_params": {
                "mui": [
                    0.06240677890981781,
                    0.11146962938536976,
                    0.022569966924184736,
                    -0.19874861453806691,
                    0.10011263038511338,
                    1.0000020551595057
                ],
                "Si": [
                    [
                        0.9640982953784664,
                        0.5659275536211931,
                        0.646221789322367,
                        0.03736198299963125,
                        0.2782852869916368,
                        -3.744530099970401e-06
                    ],
                    [
                        0.5659275536211931,
                        1.220802713216105,
                        0.27365265380379494,
                        0.07480987891072498,
                        0.6272323707080133,
                        -2.76203137694639e-06
                    ],
                    [
                        0.646221789322367,
                        0.27365265380379505,
                        1.3700518882233574,
                        0.18124879932685703,
                        0.08759089836145222,
                        -3.22224171683024e-06
                    ],
                    [
                        0.03736198299963124,
                        0.07480987891072495,
                        0.18124879932685703,
                        0.9468992594309379,
                        0.027043922166017708,
                        1.4905456679802692e-06
                    ],
                    [
                        0.2782852869916368,
                        0.6272323707080132,
                        0.08759089836145222,
                        0.027043922166017732,
                        1.4980506572783259,
                        -1.6221019097322817e-06
                    ],
                    [
                        -3.744530099970402e-06,
                        -2.76203137694639e-06,
                        -3.2222417168302405e-06,
                        1.4905456679802697e-06,
                        -1.6221019097322824e-06,
                        1.001271052328895e-06
                    ]
                ]
            },
            "est_tgt": [
                5
            ],
            "oracle_est_tgt": [
                5
            ]
        },
        "obs": {
            "intv_type": "obs",
            "true_params": {
                "Si": [
                    [
                        1.0,
                        0.6787971757640905,
                        0.5580356360238188,
                        0.0,
                        0.3832768709964971,
                        -0.14517664697735694
                    ],
                    [
                        0.6787971757640905,
                        1.4607656058253056,
                        0.3787930137086861,
                        0.0,
                        0.8248084857303616,
                        0.23174581074044165
                    ],
                    [
                        0.5580356360238188,
                        0.3787930137086861,
                        1.311403771072508,
                        0.0,
                        0.2138821524797494,
                        -0.7429382338264359
                    ],
                    [
                        0.0,
                        0.0,
                        0.0,
                        1.0,
                        0.0,
                        0.9494953519330733
                    ],
                    [
                        0.3832768709964971,
                        0.8248084857303616,
                        0.2138821524797494,
                        0.0,
                        1.4657208763814302,
                        0.7158110712191361
                    ],
                    [
                        -0.14517664697735694,
                        0.23174581074044165,
                        -0.7429382338264359,
                        0.9494953519330733,
                        0.7158110712191361,
                        2.8120297281885165
                    ]
                ],
                "mui": [
                    0.0,
                    0.0,
                    0.0,
                    0.0,
                    0.0,
                    0.0
                ],
                "Ai": [
                    [
                        0.0,
                        0.0,
                        0.0,
                        0.0,
                        0.0,
                        0.0
                    ],
                    [
                        0.6787971757640905,
                        0.0,
                        0.0,
                        0.0,
                        0.0,
                        0.0
                    ],
                    [
                        0.5580356360238188,
                        0.0,
                        0.0,
                        0.0,
                        0.0,
                        0.0
                    ],
                    [
                        0.0,
                        0.0,
                        -0.0,
                        0.0,
                        0.0,
                        0.0
                    ],
                    [
                        0.0,
                        0.5646412281622417,
                        -0.0,
                        0.0,
                        0.0,
                        0.0
                    ],
                    [
                        0.0,
                        0.0,
                        -0.661924491294621,
                        0.9494953519330733,
                        0.5849578320211988,
                        0.0
                    ]
                ]
            },
            "est_params": {
                "mui": [
                    -0.11267878073581222,
                    0.005271293285875439,
                    0.035253427587481435,
                    0.006311785287883304,
                    0.254893845333662,
                    0.11669585685602143
                ],
                "Si": [
