{
    "expt_args": {
        "save_dir": "all_expt_logs/expt_logs_11.05.24-sparsity_n6-corr",
        "exp_name": "377",
        "num_nodes": 6,
        "obs_noise_mean": 0.0,
        "obs_noise_var": 1.0,
        "max_edge_strength": 1.0,
        "graph_sparsity_method": "adj_dense_prop",
        "adj_dense_prop": 1.0,
        "num_parents": null,
        "new_noise_mean": 1.0,
        "mix_samples": 2048,
        "stage2_samples": 2048,
        "gmm_tol": 0.001,
        "intv_type": "do",
        "new_noise_var": null,
        "intv_targets": [
            0,
            1,
            2,
            3,
            4,
            5
        ]
    },
    "intv_args_dict": {
        "0": {
            "intv_type": "do",
            "inode": 0,
            "new_mui": 1.0,
            "new_vari": null,
            "true_params": {
                "Si": [
                    [
                        1e-09,
                        9.68322571456743e-10,
                        -1.435206774852797e-09,
                        5.6187737453419e-10,
                        -2.348718443562061e-10,
                        -2.753485031691885e-10
                    ],
                    [
                        9.68322571456743e-10,
                        1.0000000009376486,
                        -0.5043287125069077,
                        0.19534311121564166,
                        0.04799402397351085,
                        -0.16827146834263035
                    ],
                    [
                        -1.435206774852797e-09,
                        -0.5043287125069077,
                        1.254347450916919,
                        0.5369209761666844,
                        0.4295958865983146,
                        0.36263883861029256
                    ],
                    [
                        5.6187737453419e-10,
                        0.19534311121564166,
                        0.5369209761666844,
                        1.4419405307270579,
                        -0.37033123012739255,
                        0.5364012014120606
                    ],
                    [
                        -2.348718443562061e-10,
                        0.04799402397351085,
                        0.4295958865983146,
                        -0.37033123012739255,
                        1.6545543284107052,
                        0.6678913935178831
                    ],
                    [
                        -2.753485031691885e-10,
                        -0.16827146834263035,
                        0.36263883861029256,
                        0.5364012014120606,
                        0.6678913935178831,
                        1.9195779535105304
                    ]
                ],
                "mui": [
                    1.0,
                    0.9683225714567429,
                    -1.435206774852797,
                    0.56187737453419,
                    -0.23487184435620606,
                    -0.27534850316918846
                ],
                "Ai": [
                    [
                        0.0,
                        0.0,
                        0.0,
                        0.0,
                        0.0,
                        0.0
                    ],
                    [
                        0.9683225714567429,
                        0.0,
                        0.0,
                        0.0,
                        0.0,
                        0.0
                    ],
                    [
                        -0.9468539004443594,
                        -0.5043287111171646,
                        0.0,
                        0.0,
                        0.0,
                        0.0
                    ],
                    [
                        0.9743892901108339,
                        0.5158127968112951,
                        0.6354381162037017,
                        0.0,
                        0.0,
                        0.0
                    ],
                    [
                        0.7992964220660311,
                        0.621457138305987,
                        0.8783170065929495,
                        -0.6680687625434331,
                        0.0,
                        0.0
                    ],
                    [
                        -0.881372892359767,
                        -0.7355873296068346,
                        -0.685264136273688,
                        0.9354394530874363,
                        0.812305926564356,
                        0.0
                    ]
                ]
            },
            "est_params": {
                "mui": [
                    1.0000034255822907,
                    0.9640040136641304,
                    -1.4851062299687157,
                    0.458606628109992,
                    -0.11129691841560106,
                    -0.14733759088427847
                ],
                "Si": [
                    [
                        1.0032659962685282e-06,
                        1.2950024660820025e-06,
                        -2.3746973927110865e-06,
                        8.185738506656211e-07,
                        -3.881257266033785e-06,
                        -1.9587659582517043e-07
                    ],
                    [
                        1.2950024660820025e-06,
                        0.939260970496664,
                        -0.4434663271386467,
                        0.16605800126639714,
                        0.03163212935720465,
                        -0.21718927800247484
                    ],
                    [
                        -2.374697392711087e-06,
                        -0.4434663271386466,
                        1.3454267904419375,
                        0.7498287943456596,
                        0.4540589275656743,
                        0.4483870586327739
                    ],
                    [
                        8.185738506656219e-07,
                        0.1660580012663971,
                        0.7498287943456596,
                        1.630023832162014,
                        -0.3742772412916217,
                        0.6681294779709502
                    ],
                    [
                        -3.881257266033786e-06,
                        0.03163212935720464,
                        0.4540589275656743,
                        -0.3742772412916217,
                        1.6858521029349849,
                        0.5003602741313484
                    ],
                    [
                        -1.9587659582517062e-07,
                        -0.21718927800247484,
                        0.448387058632774,
                        0.6681294779709502,
                        0.5003602741313484,
                        1.896173080928819
                    ]
                ]
            },
            "est_tgt": [
                0
            ],
            "oracle_est_tgt": [
                0
            ]
        },
        "1": {
            "intv_type": "do",
            "inode": 1,
            "new_mui": 1.0,
            "new_vari": null,
            "true_params": {
                "Si": [
                    [
                        1.0,
                        0.0,
                        -0.9468539004443594,
                        0.37272223129234283,
                        -0.28134554128501993,
                        -0.11240744249903083
                    ],
                    [
                        0.0,
                        1e-09,
                        -5.043287111171646e-10,
                        1.9534311067156314e-10,
                        4.799402420094256e-11,
                        -1.682714680760042e-10
                    ],
                    [
                        -0.9468539004443594,
                        -5.043287111171646e-10,
                        1.8965323090410442,
                        0.2825246176237051,
                        0.7201937737419583,
                        0.3842081310565927
                    ],
                    [
                        0.37272223129234283,
                        1.9534311067156314e-10,
                        0.2825246176237051,
                        1.5427034612622108,
                        -0.4845702698790111,
                        0.5273751207630348
                    ],
                    [
                        -0.28134554128501993,
                        4.799402420094256e-11,
                        0.7201937737419583,
                        -0.4845702698790111,
                        1.731406215599804,
                        0.7075927511106579
                    ],
                    [
                        -0.11240744249903083,
                        -1.682714680760042e-10,
                        0.3842081310565927,
                        0.5273751207630348,
                        0.7075927511106579,
                        1.9038980996237482
                    ]
                ],
                "mui": [
                    0.0,
                    1.0,
                    -0.5043287111171646,
                    0.19534311067156312,
                    0.04799402420094256,
                    -0.16827146807600418
                ],
                "Ai": [
                    [
                        0.0,
                        0.0,
                        0.0,
                        0.0,
                        0.0,
                        0.0
                    ],
                    [
                        0.0,
                        0.0,
                        0.0,
                        0.0,
                        0.0,
                        0.0
                    ],
                    [
                        -0.9468539004443594,
                        -0.5043287111171646,
                        0.0,
                        0.0,
                        0.0,
                        0.0
                    ],
                    [
                        0.9743892901108339,
                        0.5158127968112951,
                        0.6354381162037017,
                        0.0,
                        0.0,
                        0.0
                    ],
                    [
                        0.7992964220660311,
                        0.621457138305987,
                        0.8783170065929495,
                        -0.6680687625434331,
                        0.0,
                        0.0
                    ],
                    [
                        -0.881372892359767,
                        -0.7355873296068346,
                        -0.685264136273688,
                        0.9354394530874363,
                        0.812305926564356,
                        0.0
                    ]
                ]
            },
            "est_params": {
                "mui": [
                    -0.03211493840522692,
                    1.0000002051418684,
                    -0.411843069448425,
                    0.20098435467971715,
                    0.11818264136890641,
                    -0.09902049694245013
                ],
                "Si": [
                    [
                        0.9359918317599328,
                        -6.533884326632691e-07,
                        -0.8906937456138522,
                        0.3449077037255109,
                        -0.24027741239619813,
                        0.03876386713409944
                    ],
                    [
                        -6.533884326632688e-07,
                        1.0039122470801356e-06,
                        -1.7836408291196072e-07,
                        -3.561854052876794e-06,
                        4.0260273629574054e-07,
                        -2.258910086077366e-06
                    ],
                    [
                        -0.8906937456138522,
                        -1.7836408291196035e-07,
                        1.7866152308368763,
                        0.252173802358872,
                        0.6232062922415638,
                        0.25741599659699865
                    ],
                    [
                        0.34490770372551083,
                        -3.5618540528767946e-06,
                        0.25217380235887193,
                        1.4191476464511457,
                        -0.5316372021825758,
                        0.4642067370201385
                    ],
                    [
                        -0.24027741239619813,
                        4.026027362957398e-07,
                        0.6232062922415638,
                        -0.5316372021825757,
                        1.6843527150991382,
                        0.682709201336977
                    ],
                    [
                        0.038763867134099454,
                        -2.2589100860773668e-06,
                        0.2574159965969986,
                        0.4642067370201386,
                        0.682709201336977,
                        1.842218260670912
                    ]
                ]
            },
            "est_tgt": [
                1
            ],
            "oracle_est_tgt": [
                1
            ]
        },
        "2": {
            "intv_type": "do",
            "inode": 2,
            "new_mui": 1.0,
            "new_vari": null,
            "true_params": {
                "Si": [
                    [
                        1.0,
                        0.9683225714567429,
                        0.0,
                        1.4738624639094415,
                        0.4164259238574374,
                        0.12331563619432706
                    ],
                    [
                        0.9683225714567429,
                        1.9376486023925992,
                        0.0,
                        1.9429870878376565,
                        0.6800933428470815,
                        0.09122760512199277
                    ],
                    [
                        0.0,
                        0.0,
                        1e-09,
                        6.354381162037018e-10,
                        4.538006506278124e-10,
                        2.777747056025462e-10
                    ],
                    [
                        1.4738624639094415,
                        1.9429870878376565,
                        6.354381162037018e-10,
                        3.4383334042792817,
                        0.0884930473428217,
                        0.5599770394527266
                    ],
                    [
                        0.4164259238574374,
                        0.6800933428470815,
                        4.538006506278124e-10,
                        0.0884930473428217,
                        1.6963771733880555,
                        0.5934625522169562
                    ],
                    [
                        0.12331563619432706,
                        0.09122760512199277,
                        2.777747056025462e-10,
                        0.5599770394527266,
                        0.5934625522169562,
                        1.830104834312781
                    ]
                ],
                "mui": [
                    0.0,
                    0.0,
                    1.0,
                    0.6354381162037017,
                    0.45380065062781233,
                    0.2777747056025462
                ],
                "Ai": [
                    [
                        0.0,
                        0.0,
                        0.0,
                        0.0,
                        0.0,
                        0.0
                    ],
                    [
                        0.9683225714567429,
                        0.0,
                        0.0,
                        0.0,
                        0.0,
                        0.0
                    ],
                    [
                        0.0,
                        0.0,
                        0.0,
                        0.0,
                        0.0,
                        0.0
                    ],
                    [
                        0.9743892901108339,
                        0.5158127968112951,
                        0.6354381162037017,
                        0.0,
                        0.0,
                        0.0
                    ],
                    [
                        0.7992964220660311,
                        0.621457138305987,
                        0.8783170065929495,
                        -0.6680687625434331,
                        0.0,
                        0.0
                    ],
                    [
                        -0.881372892359767,
                        -0.7355873296068346,
                        -0.685264136273688,
                        0.9354394530874363,
                        0.812305926564356,
                        0.0
                    ]
                ]
            },
            "est_params": {
                "mui": [
                    0.0029779597075315477,
                    0.009949103695556818,
                    1.000000452994988,
                    0.612951623595643,
                    0.46061942701315745,
                    0.22119287522264142
                ],
                "Si": [
                    [
                        1.0320661759276002,
                        0.9634832230151941,
                        -1.6506557314535497e-07,
                        1.5119116167347195,
                        0.39910573643842767,
                        0.10795741847976192
                    ],
                    [
                        0.963483223015194,
                        1.8850401743475935,
                        6.612848491732527e-07,
                        1.9287111430769872,
                        0.5832083731576788,
                        -0.07819793656356719
                    ],
                    [
                        -1.650655731453551e-07,
                        6.612848491732529e-07,
                        1.0064216860365466e-06,
                        9.168872975832918e-07,
                        1.918306705807279e-07,
                        1.919467744288296e-06
                    ],
                    [
                        1.5119116167347197,
                        1.9287111430769872,
                        9.168872975832926e-07,
                        3.384365645120948,
                        0.08742511073044602,
                        0.48616954691494474
                    ],
                    [
                        0.39910573643842767,
                        0.5832083731576788,
                        1.9183067058072752e-07,
                        0.08742511073044605,
                        1.5824682148369558,
                        0.48467549541789634
                    ],
                    [
                        0.10795741847976192,
                        -0.07819793656356719,
                        1.9194677442882964e-06,
                        0.48616954691494474,
                        0.48467549541789645,
                        1.8482094479408067
                    ]
                ]
            },
            "est_tgt": [
                2
            ],
            "oracle_est_tgt": [
                2,
                3,
                4,
                5
            ]
        },
        "3": {
            "intv_type": "do",
            "inode": 3,
            "new_mui": 1.0,
            "new_vari": null,
            "true_params": {
                "Si": [
                    [
                        1.0,
                        0.9683225714567429,
                        -1.435206774852797,
                        0.0,
                        0.1405008779500033,
                        -0.4960332801057256
                    ],
                    [
                        0.9683225714567429,
                        1.9376486023925992,
                        -1.8940718259147638,
                        0.0,
                        0.3145468258471558,
                        -0.7253152820490052
                    ],
                    [
                        -1.435206774852797,
                        -1.8940718259147638,
                        3.314165935440468,
                        0.0,
                        0.5866482070246407,
                        0.8636663409517026
                    ],
                    [
                        0.0,
                        0.0,
                        0.0,
                        1e-09,
                        -6.68068762543433e-10,
                        3.927632379208902e-10
                    ],
                    [
                        0.1405008779500033,
                        0.3145468258471558,
                        0.5866482070246407,
                        -6.68068762543433e-10,
                        1.8230423168600982,
                        0.7236487760157898
                    ],
                    [
                        -0.4960332801057256,
                        -0.7253152820490052,
                        0.8636663409517026,
                        3.927632379208902e-10,
                        0.7236487760157898,
                        1.966707638954091
                    ]
                ],
                "mui": [
                    0.0,
                    0.0,
                    0.0,
                    1.0,
                    -0.6680687625434331,
                    0.3927632379208902
                ],
                "Ai": [
                    [
                        0.0,
                        0.0,
                        0.0,
                        0.0,
                        0.0,
                        0.0
                    ],
                    [
                        0.9683225714567429,
                        0.0,
                        0.0,
                        0.0,
                        0.0,
                        0.0
                    ],
                    [
                        -0.9468539004443594,
                        -0.5043287111171646,
                        0.0,
                        0.0,
                        0.0,
                        0.0
                    ],
                    [
                        0.0,
                        0.0,
                        0.0,
                        0.0,
                        0.0,
                        0.0
                    ],
                    [
                        0.7992964220660311,
                        0.621457138305987,
                        0.8783170065929495,
                        -0.6680687625434331,
                        0.0,
                        0.0
                    ],
                    [
                        -0.881372892359767,
                        -0.7355873296068346,
                        -0.685264136273688,
                        0.9354394530874363,
                        0.812305926564356,
                        0.0
                    ]
                ]
            },
            "est_params": {
                "mui": [
                    0.07001228685470773,
                    -0.005805510554498706,
                    -0.114208593142351,
                    0.9999954588504566,
                    -0.6621673552250082,
                    0.42374406187683383
                ],
                "Si": [
                    [
                        0.9997621409133733,
                        0.9611074652499463,
                        -1.513085905657316,
                        -2.901350361448199e-06,
                        0.01890465437885168,
                        -0.5191682229040802
                    ],
                    [
                        0.9611074652499465,
                        1.9779751714992873,
                        -1.9291050785567985,
                        -2.8877666137265866e-06,
                        0.33586444109730634,
                        -0.70336489448023
                    ],
                    [
                        -1.513085905657316,
                        -1.9291050785567985,
                        3.48517798002821,
                        6.766067895929044e-06,
                        0.6159570543590355,
                        0.7730027649004421
                    ],
                    [
                        -2.9013503614481983e-06,
                        -2.887766613726586e-06,
                        6.766067895929044e-06,
                        1.0039391172424996e-06,
                        2.7009367920240425e-06,
                        -4.392431980725724e-06
                    ],
                    [
                        0.018904654378851703,
                        0.33586444109730634,
                        0.6159570543590355,
                        2.700936792024043e-06,
                        1.6796901496708805,
                        0.5950550720767186
                    ],
                    [
                        -0.5191682229040802,
                        -0.70336489448023,
                        0.7730027649004421,
                        -4.392431980725725e-06,
                        0.5950550720767186,
                        1.8910156184372295
                    ]
                ]
            },
            "est_tgt": [
                3,
                4
            ],
            "oracle_est_tgt": [
                3,
                4
            ]
        },
        "4": {
            "intv_type": "do",
            "inode": 4,
            "new_mui": 1.0,
            "new_vari": null,
            "true_params": {
                "Si": [
                    [
                        1.0,
                        0.9683225714567429,
                        -1.435206774852797,
                        0.56187737453419,
                        0.0,
                        -0.08456071201554129
                    ],
                    [
                        0.9683225714567429,
                        1.9376486023925992,
                        -1.8940718259147638,
                        0.7394216548238735,
                        0.0,
                        -0.289139344477205
                    ],
                    [
                        -1.435206774852797,
                        -1.8940718259147638,
                        3.314165935440468,
                        -0.2694892375948773,
                        0.0,
                        0.13503766054853167
                    ],
                    [
                        0.56187737453419,
                        0.7394216548238735,
                        -0.2694892375948773,
                        1.757646714424786,
                        0.0,
                        0.7897107036278886
                    ],
                    [
                        0.0,
                        0.0,
                        0.0,
                        0.0,
                        1e-09,
                        8.12305926564356e-10
                    ],
                    [
                        -0.08456071201554129,
                        -0.289139344477205,
                        0.13503766054853167,
                        0.7897107036278886,
                        8.12305926564356e-10,
                        1.9334068411559953
                    ]
                ],
                "mui": [
                    0.0,
                    0.0,
                    0.0,
                    0.0,
                    1.0,
                    0.812305926564356
                ],
                "Ai": [
                    [
                        0.0,
                        0.0,
                        0.0,
                        0.0,
                        0.0,
                        0.0
                    ],
                    [
                        0.9683225714567429,
                        0.0,
                        0.0,
                        0.0,
                        0.0,
                        0.0
                    ],
                    [
                        -0.9468539004443594,
                        -0.5043287111171646,
                        0.0,
                        0.0,
                        0.0,
                        0.0
                    ],
                    [
                        0.9743892901108339,
                        0.5158127968112951,
                        0.6354381162037017,
                        0.0,
                        0.0,
                        0.0
                    ],
                    [
                        0.0,
                        0.0,
                        0.0,
                        0.0,
                        0.0,
                        0.0
                    ],
                    [
                        -0.881372892359767,
                        -0.7355873296068346,
                        -0.685264136273688,
                        0.9354394530874363,
                        0.812305926564356,
                        0.0
                    ]
                ]
            },
            "est_params": {
                "mui": [
                    -0.02047461165745025,
                    0.008469947684064229,
                    -0.10848252415746329,
                    -0.09187688586395232,
                    1.0000006176494132,
                    0.7378562939641421
                ],
                "Si": [
                    [
                        1.0042701271893926,
                        0.9778335904709236,
                        -1.5285525105965059,
                        0.40622732948940726,
                        2.060137609886568e-06,
                        -0.12340476602242084
                    ],
                    [
                        0.9778335904709233,
                        1.947943377260822,
                        -2.000277657799558,
                        0.6001716841360439,
                        -9.808249367759512e-07,
                        -0.2011477750384274
                    ],
                    [
                        -1.5285525105965059,
                        -2.000277657799558,
                        3.546723061552532,
                        -0.055702142498583844,
                        -4.025078427648823e-06,
                        0.24278205709425968
                    ],
                    [
                        0.4062273294894072,
                        0.6001716841360439,
                        -0.05570214249858387,
                        1.770900012106261,
                        -1.510164815070897e-06,
                        1.0660889196163628
                    ],
                    [
                        2.0601376098865677e-06,
                        -9.808249367759512e-07,
                        -4.0250784276488234e-06,
                        -1.5101648150708968e-06,
                        1.0009494008415913e-06,
                        2.272765306617389e-07
                    ],
                    [
                        -0.12340476602242088,
                        -0.2011477750384274,
                        0.24278205709425973,
                        1.0660889196163628,
                        2.272765306617382e-07,
                        2.0180091087611496
                    ]
                ]
            },
            "est_tgt": [
                2,
                3,
                4,
                5
            ],
            "oracle_est_tgt": [
                2,
                4
            ]
        },
        "5": {
            "intv_type": "do",
            "inode": 5,
            "new_mui": 1.0,
            "new_vari": null,
            "true_params": {
                "Si": [
                    [
                        1.0,
                        0.9683225714567429,
                        -1.435206774852797,
                        0.56187737453419,
                        -0.23487184435620606,
                        0.0
                    ],
                    [
                        0.9683225714567429,
                        1.9376486023925992,
                        -1.8940718259147638,
                        0.7394216548238735,
                        -0.17943768408884678,
                        0.0
                    ],
                    [
                        -1.435206774852797,
                        -1.8940718259147638,
                        3.314165935440468,
                        -0.2694892375948773,
                        0.7666855485034236,
                        0.0
                    ],
                    [
                        0.56187737453419,
                        0.7394216548238735,
                        -0.2694892375948773,
                        1.757646714424786,
                        -0.5023004052542913,
                        0.0
                    ],
                    [
                        -0.23487184435620606,
                        -0.17943768408884678,
                        0.7666855485034236,
                        -0.5023004052542913,
                        1.7097191116268262,
                        0.0
                    ],
                    [
                        0.0,
                        0.0,
                        0.0,
                        0.0,
                        0.0,
                        1e-09
                    ]
                ],
                "mui": [
                    0.0,
                    0.0,
                    0.0,
                    0.0,
                    0.0,
                    1.0
                ],
                "Ai": [
                    [
                        0.0,
                        0.0,
                        0.0,
                        0.0,
                        0.0,
                        0.0
                    ],
                    [
                        0.9683225714567429,
                        0.0,
                        0.0,
                        0.0,
                        0.0,
                        0.0
                    ],
                    [
                        -0.9468539004443594,
                        -0.5043287111171646,
                        0.0,
                        0.0,
                        0.0,
                        0.0
                    ],
                    [
                        0.9743892901108339,
                        0.5158127968112951,
                        0.6354381162037017,
                        0.0,
                        0.0,
                        0.0
                    ],
                    [
                        0.7992964220660311,
                        0.621457138305987,
                        0.8783170065929495,
                        -0.6680687625434331,
                        0.0,
                        0.0
                    ],
                    [
                        0.0,
                        0.0,
                        0.0,
                        0.0,
                        0.0,
                        0.0
                    ]
                ]
            },
            "est_params": {
                "mui": [
                    0.014591470086834188,
                    0.05611994798946213,
                    -0.20741009188559104,
                    -0.11835602719117196,
                    -0.09847789803853291,
                    1.0000001371613574
                ],
                "Si": [
                    [
                        0.9189328595571381,
                        0.8470250043713493,
                        -1.3178457773046048,
                        0.4693808379090963,
                        -0.17810790225832335,
                        2.4357455703916843e-06
                    ],
                    [
                        0.8470250043713493,
                        1.901147193687362,
                        -1.7018398107317034,
                        0.7641234555694759,
                        -0.020543062000557926,
                        3.463294410040132e-06
                    ],
                    [
                        -1.317845777304605,
                        -1.701839810731703,
                        3.0144237653046932,
                        -0.2679977546293228,
                        0.6139450773037987,
                        -5.459158532659781e-06
                    ],
                    [
                        0.4693808379090963,
                        0.7641234555694759,
                        -0.26799775462932274,
                        1.5246081419916253,
                        -0.3498178859861448,
                        -2.5233392367769766e-06
                    ],
                    [
                        -0.17810790225832335,
                        -0.020543062000557905,
                        0.6139450773037985,
                        -0.3498178859861448,
                        1.630449512958176,
                        2.4349515663553158e-06
                    ],
                    [
                        2.4357455703916847e-06,
                        3.463294410040133e-06,
                        -5.459158532659782e-06,
                        -2.5233392367769758e-06,
                        2.4349515663553153e-06,
                        1.0013349537680633e-06
                    ]
                ]
            },
            "est_tgt": [
                3,
                5
            ],
            "oracle_est_tgt": [
                2,
                5
            ]
        },
        "obs": {
            "intv_type": "obs",
            "true_params": {
                "Si": [
                    [
                        1.0,
                        0.9683225714567429,
                        -1.435206774852797,
                        0.56187737453419,
                        -0.23487184435620606,
                        -0.27534850316918846
                    ],
                    [
                        0.9683225714567429,
                        1.9376486023925992,
                        -1.8940718259147638,
                        0.7394216548238735,
                        -0.17943768408884678,
                        -0.4348976387115579
                    ],
                    [
                        -1.435206774852797,
                        -1.8940718259147638,
                        3.314165935440468,
                        -0.2694892375948773,
                        0.7666855485034236,
                        0.7578208754091067
                    ],
                    [
                        0.56187737453419,
                        0.7394216548238735,
                        -0.2694892375948773,
                        1.757646714424786,
                        -0.5023004052542913,
                        0.38168910752415
                    ],
                    [
                        -0.23487184435620606,
                        -0.17943768408884678,
                        0.7666855485034236,
                        -0.5023004052542913,
                        1.7097191116268262,
                        0.7325630042332795
                    ],
                    [
                        -0.27534850316918846,
                        -0.4348976387115579,
                        0.7578208754091067,
                        0.38168910752415,
                        0.7325630042332795,
                        1.9953947516322261
                    ]
                ],
                "mui": [
                    0.0,
                    0.0,
                    0.0,
                    0.0,
                    0.0,
