{
    "expt_args": {
        "save_dir": "all_expt_logs/expt_logs_11.05.24-sparsity_n6-corr",
        "exp_name": "126",
        "num_nodes": 6,
        "obs_noise_mean": 0.0,
        "obs_noise_var": 1.0,
        "max_edge_strength": 1.0,
        "graph_sparsity_method": "adj_dense_prop",
        "adj_dense_prop": 1.0,
        "num_parents": null,
        "new_noise_mean": 1.0,
        "mix_samples": 65536,
        "stage2_samples": 65536,
        "gmm_tol": 0.001,
        "intv_type": "do",
        "new_noise_var": null,
        "intv_targets": [
            0,
            1,
            2,
            3,
            4,
            5
        ]
    },
    "intv_args_dict": {
        "0": {
            "intv_type": "do",
            "inode": 0,
            "new_mui": 1.0,
            "new_vari": null,
            "true_params": {
                "Si": [
                    [
                        1e-09,
                        5.705034757740024e-10,
                        -1.0837925338452142e-09,
                        -2.3042698434196152e-10,
                        -1.7117563005474614e-11,
                        -1.1701444600021143e-09
                    ],
                    [
                        5.705034757740024e-10,
                        1.0000000003254743,
                        -0.7125348361135819,
                        -1.18286574701426,
                        -1.0489264395866196,
                        -1.4577298731961108
                    ],
                    [
                        -1.0837925338452142e-09,
                        -0.7125348361135819,
                        1.5077058929688842,
                        1.4734499050885421,
                        2.143095442253699,
                        3.451932255833457
                    ],
                    [
                        -2.3042698434196152e-10,
                        -1.18286574701426,
                        1.4734499050885421,
                        2.796848992344192,
                        3.0895986807679283,
                        4.946874035299345
                    ],
                    [
                        -1.7117563005474614e-11,
                        -1.0489264395866196,
                        2.143095442253699,
                        3.0895986807679283,
                        4.986617681038654,
                        7.341944495869336
                    ],
                    [
                        -1.1701444600021143e-09,
                        -1.4577298731961108,
                        3.451932255833457,
                        4.946874035299345,
                        7.341944495869336,
                        12.47679635645395
                    ]
                ],
                "mui": [
                    1.0,
                    0.5705034757740024,
                    -1.0837925338452141,
                    -0.23042698434196152,
                    -0.017117563005474613,
                    -1.1701444600021143
                ],
                "Ai": [
                    [
                        0.0,
                        0.0,
                        0.0,
                        0.0,
                        0.0,
                        0.0
                    ],
                    [
                        0.5705034757740024,
                        0.0,
                        0.0,
                        0.0,
                        0.0,
                        0.0
                    ],
                    [
                        -0.6772889335851031,
                        -0.7125348354952745,
                        0.0,
                        0.0,
                        0.0,
                        0.0
                    ],
                    [
                        0.8715118524939236,
                        -0.7335292702219904,
                        0.6306168544706756,
                        0.0,
                        0.0,
                        0.0
                    ],
                    [
                        0.6823491882354041,
                        0.6561334985727869,
                        0.7848150152019802,
                        0.9687083284118536,
                        0.0,
                        0.0
                    ],
                    [
                        -0.7302238318536556,
                        0.9862645636485854,
                        0.7150764081107872,
                        0.9284821221571922,
                        0.7972035549050431,
                        0.0
                    ]
                ]
            },
            "est_params": {
                "mui": [
                    1.0000014850832395,
                    0.5679816277053503,
                    -1.0921607637309023,
                    -0.23847173293728288,
                    -0.01742741932653091,
                    -1.1802793215165335
                ],
                "Si": [
                    [
                        1.013332590326975e-06,
                        1.7350542561035265e-06,
                        -5.031197290955916e-07,
                        -1.2790170834904293e-06,
                        8.260204419012544e-08,
                        1.2650295635942573e-06
                    ],
                    [
                        1.735054256103526e-06,
                        0.9816749120692176,
                        -0.6987877414071749,
                        -1.1674891825259501,
                        -1.0379738812035457,
                        -1.4409454644891013
                    ],
                    [
                        -5.031197290955921e-07,
                        -0.6987877414071749,
                        1.4999193309854715,
                        1.4824838609122488,
                        2.163153432942053,
                        3.4868692820366802
                    ],
                    [
                        -1.2790170834904295e-06,
                        -1.1674891825259501,
                        1.482483860912249,
                        2.814510714858354,
                        3.1202665559315115,
                        5.003860722670875
                    ],
                    [
                        8.260204419012519e-08,
                        -1.037973881203546,
                        2.163153432942053,
                        3.1202665559315115,
                        5.059284768117625,
                        7.453062992417958
                    ],
                    [
                        1.2650295635942567e-06,
                        -1.4409454644891013,
                        3.4868692820366793,
                        5.003860722670875,
                        7.453062992417958,
                        12.657666694505805
                    ]
                ]
            },
            "est_tgt": [
                0
            ],
            "oracle_est_tgt": [
                0
            ]
        },
        "1": {
            "intv_type": "do",
            "inode": 1,
            "new_mui": 1.0,
            "new_vari": null,
            "true_params": {
                "Si": [
                    [
                        1.0,
                        0.0,
                        -0.6772889335851031,
                        0.4444020356286876,
                        0.5812986166043694,
                        -0.3385045009849895
                    ],
                    [
                        0.0,
                        1e-09,
                        -7.125348354952745e-10,
                        -1.1828657468828008e-09,
                        -1.0489264395768542e-09,
                        -1.4577298725285393e-09
                    ],
                    [
                        -0.6772889335851031,
                        -7.125348354952745e-10,
                        1.4587203000645521,
                        0.3296282745195058,
                        1.001991694777537,
                        2.642514293171157
                    ],
                    [
                        0.4444020356286876,
                        -1.1828657468828008e-09,
                        0.3296282745195058,
                        1.5951707878125818,
                        2.1071898141566523,
                        3.072143213024968
                    ],
                    [
                        0.5812986166043694,
                        -1.0489264395768542e-09,
                        1.001991694777537,
                        2.1071898141566523,
                        4.224279088161385,
                        5.616120894185249
                    ],
                    [
                        -0.3385045009849895,
                        -1.4577298725285393e-09,
                        2.642514293171157,
                        3.072143213024968,
                        5.616120894185249,
                        10.466405273134713
                    ]
                ],
                "mui": [
                    0.0,
                    1.0,
                    -0.7125348354952745,
                    -1.1828657468828008,
                    -1.048926439576854,
                    -1.4577298725285392
                ],
                "Ai": [
                    [
                        0.0,
                        0.0,
                        0.0,
                        0.0,
                        0.0,
                        0.0
                    ],
                    [
                        0.0,
                        0.0,
                        0.0,
                        0.0,
                        0.0,
                        0.0
                    ],
                    [
                        -0.6772889335851031,
                        -0.7125348354952745,
                        0.0,
                        0.0,
                        0.0,
                        0.0
                    ],
                    [
                        0.8715118524939236,
                        -0.7335292702219904,
                        0.6306168544706756,
                        0.0,
                        0.0,
                        0.0
                    ],
                    [
                        0.6823491882354041,
                        0.6561334985727869,
                        0.7848150152019802,
                        0.9687083284118536,
                        0.0,
                        0.0
                    ],
                    [
                        -0.7302238318536556,
                        0.9862645636485854,
                        0.7150764081107872,
                        0.9284821221571922,
                        0.7972035549050431,
                        0.0
                    ]
                ]
            },
            "est_params": {
                "mui": [
                    0.006848646936071399,
                    1.0000017474941991,
                    -0.7116077677506396,
                    -1.1712809130592559,
                    -1.0416993845099924,
                    -1.4518755261675649
                ],
                "Si": [
                    [
                        0.9933438942017236,
                        -3.954791244453982e-07,
                        -0.664065961063727,
                        0.4362469894891229,
                        0.5726690945748443,
                        -0.331403994378968
                    ],
                    [
                        -3.9547912444539824e-07,
                        1.0129125554185293e-06,
                        2.802784668821253e-06,
                        1.4273470525070094e-06,
                        3.276496180937615e-06,
                        8.180642156029543e-06
                    ],
                    [
                        -0.664065961063727,
                        2.802784668821253e-06,
                        1.4475634061227531,
                        0.33614479635835864,
                        1.0254231685321793,
                        2.6341815719439157
                    ],
                    [
                        0.4362469894891229,
                        1.4273470525070094e-06,
                        0.33614479635835864,
                        1.6042308610089562,
                        2.1238522254814125,
                        3.11281158329871
                    ],
                    [
                        0.5726690945748442,
                        3.276496180937616e-06,
                        1.0254231685321793,
                        2.1238522254814125,
                        4.2764929805851875,
                        5.694935667640498
                    ],
                    [
                        -0.33140399437896806,
                        8.180642156029543e-06,
                        2.6341815719439157,
                        3.1128115832987104,
                        5.6949356676404985,
                        10.557474222622828
                    ]
                ]
            },
            "est_tgt": [
                1,
                2,
                4
            ],
            "oracle_est_tgt": [
                1,
                2,
                4
            ]
        },
        "2": {
            "intv_type": "do",
            "inode": 2,
            "new_mui": 1.0,
            "new_vari": null,
            "true_params": {
                "Si": [
                    [
                        1.0,
                        0.5705034757740024,
                        0.0,
                        0.45303085425031064,
                        1.4955303912827482,
                        1.4453167230967434
                    ],
                    [
                        0.5705034757740024,
                        1.3254742158702177,
                        0.0,
                        -0.47507359323932274,
                        0.7987628717273374,
                        1.0863522778126753
                    ],
                    [
                        0.0,
                        0.0,
                        1e-09,
                        6.306168544706756e-10,
                        1.3956988141646095e-09,
                        2.413248939646593e-09
                    ],
                    [
                        0.45303085425031064,
                        -0.47507359323932274,
                        6.306168544706756e-10,
                        1.7433021455728497,
                        1.6861648446812199,
                        2.1634793079936405
                    ],
                    [
                        1.4955303912827482,
                        0.7987628717273374,
                        1.3956988141646095e-09,
                        1.6861648446812199,
                        4.177970955243007,
                        4.5919867942710155
                    ],
                    [
                        1.4453167230967434,
                        1.0863522778126753,
                        2.413248939646593e-09,
                        2.1634793079936405,
                        4.5919867942710155,
                        6.685526096788325
                    ]
                ],
                "mui": [
                    0.0,
                    0.0,
                    1.0,
                    0.6306168544706756,
                    1.3956988141646094,
                    2.413248939646593
                ],
                "Ai": [
                    [
                        0.0,
                        0.0,
                        0.0,
                        0.0,
                        0.0,
                        0.0
                    ],
                    [
                        0.5705034757740024,
                        0.0,
                        0.0,
                        0.0,
                        0.0,
                        0.0
                    ],
                    [
                        0.0,
                        0.0,
                        0.0,
                        0.0,
                        0.0,
                        0.0
                    ],
                    [
                        0.8715118524939236,
                        -0.7335292702219904,
                        0.6306168544706756,
                        0.0,
                        0.0,
                        0.0
                    ],
                    [
                        0.6823491882354041,
                        0.6561334985727869,
                        0.7848150152019802,
                        0.9687083284118536,
                        0.0,
                        0.0
                    ],
                    [
                        -0.7302238318536556,
                        0.9862645636485854,
                        0.7150764081107872,
                        0.9284821221571922,
                        0.7972035549050431,
                        0.0
                    ]
                ]
            },
            "est_params": {
                "mui": [
                    0.004206962818425054,
                    -0.005909047022220044,
                    1.0000005784805432,
                    0.6432812889751043,
                    1.4135119716135391,
                    2.4086689481889536
                ],
                "Si": [
                    [
                        0.9668044264960645,
                        0.5530190644068402,
                        1.0174681519269267e-07,
                        0.4507107316401483,
                        1.4628084595057043,
                        1.4155913090996657
                    ],
                    [
                        0.5530190644068403,
                        1.321809164357951,
                        -6.03094938175816e-07,
                        -0.4809696152359321,
                        0.7681764607818903,
                        1.046349602350082
                    ],
                    [
                        1.0174681519269267e-07,
                        -6.030949381758159e-07,
                        1.0066305115129776e-06,
                        -8.49712203311393e-07,
                        -1.3489272541301554e-06,
                        -1.2031127000668255e-06
                    ],
                    [
                        0.4507107316401483,
                        -0.4809696152359321,
                        -8.497122033113928e-07,
                        1.7403247993523052,
                        1.699326251581653,
                        2.1950014629993775
                    ],
                    [
                        1.462808459505704,
                        0.7681764607818903,
                        -1.3489272541301554e-06,
                        1.699326251581653,
                        4.168595371972968,
                        4.613924380215156
                    ],
                    [
                        1.415591309099666,
                        1.046349602350082,
                        -1.2031127000668253e-06,
                        2.1950014629993775,
                        4.613924380215155,
                        6.766438234569955
                    ]
                ]
            },
            "est_tgt": [
                1,
                2,
                4
            ],
            "oracle_est_tgt": [
                1,
                2,
                4
            ]
        },
        "3": {
            "intv_type": "do",
            "inode": 3,
            "new_mui": 1.0,
            "new_vari": null,
            "true_params": {
                "Si": [
                    [
                        1.0,
                        0.5705034757740024,
                        -1.0837925338452141,
                        0.0,
                        0.2060989758174113,
                        -0.7782481063148035
                    ],
                    [
                        0.5705034757740024,
                        1.3254742158702177,
                        -1.3308422430718823,
                        0.0,
                        0.21450564287891782,
                        0.11002378508949018
                    ],
                    [
                        -1.0837925338452141,
                        -1.3308422430718823,
                        2.6823121482129073,
                        0.0,
                        0.49238371669608594,
                        1.7894367785539331
                    ],
                    [
                        0.0,
                        0.0,
                        0.0,
                        1e-09,
                        9.687083284118536e-10,
                        1.700739845233244e-09
                    ],
                    [
                        0.2060989758174113,
                        0.21450564287891782,
                        0.49238371669608594,
                        9.687083284118536e-10,
                        1.66780594181335,
                        1.7427337365636921
                    ],
                    [
                        -0.7782481063148035,
                        0.11002378508949018,
                        1.7894367785539331,
                        1.700739845233244e-09,
                        1.7427337365636921,
                        4.345705430488614
                    ]
                ],
                "mui": [
                    0.0,
                    0.0,
                    0.0,
                    1.0,
                    0.9687083284118536,
                    1.7007398452332438
                ],
                "Ai": [
                    [
                        0.0,
                        0.0,
                        0.0,
                        0.0,
                        0.0,
                        0.0
                    ],
                    [
                        0.5705034757740024,
                        0.0,
                        0.0,
                        0.0,
                        0.0,
                        0.0
                    ],
                    [
                        -0.6772889335851031,
                        -0.7125348354952745,
                        0.0,
                        0.0,
                        0.0,
                        0.0
                    ],
                    [
                        0.0,
                        0.0,
                        0.0,
                        0.0,
                        0.0,
                        0.0
                    ],
                    [
                        0.6823491882354041,
                        0.6561334985727869,
                        0.7848150152019802,
                        0.9687083284118536,
                        0.0,
                        0.0
                    ],
                    [
                        -0.7302238318536556,
                        0.9862645636485854,
                        0.7150764081107872,
                        0.9284821221571922,
                        0.7972035549050431,
                        0.0
                    ]
                ]
            },
            "est_params": {
                "mui": [
                    -0.013823748687295148,
                    -0.00775035120877913,
                    0.006942444802541582,
                    0.9999994816102733,
                    0.9530729679368721,
                    1.684896067978313
                ],
                "Si": [
                    [
                        0.9881458248184342,
                        0.5615670011453734,
                        -1.0722742461308732,
                        -7.659630394857805e-07,
                        0.22107797619386307,
                        -0.7490862696458299
                    ],
                    [
                        0.5615670011453734,
                        1.3274158468661172,
                        -1.330734509764115,
                        1.3896284780065448e-07,
                        0.234632759055362,
                        0.1290432775515091
                    ],
                    [
                        -1.0722742461308732,
                        -1.330734509764115,
                        2.7265596185101666,
                        4.0665457478933166e-07,
                        0.5082704940659887,
                        1.848916822360554
                    ],
                    [
                        -7.659630394857806e-07,
                        1.389628478006545e-07,
                        4.0665457478933166e-07,
                        1.0099441156759496e-06,
                        4.747103135591263e-07,
                        1.3312187523728725e-06
                    ],
                    [
                        0.22107797619386307,
                        0.234632759055362,
                        0.5082704940659887,
                        4.747103135591263e-07,
                        1.6898362213092153,
                        1.7912172185218331
                    ],
                    [
                        -0.7490862696458299,
                        0.1290432775515091,
                        1.8489168223605545,
                        1.331218752372872e-06,
                        1.7912172185218331,
                        4.4305865721632385
                    ]
                ]
            },
            "est_tgt": [
                2,
                3,
                4
            ],
            "oracle_est_tgt": [
                2,
                3,
                4
            ]
        },
        "4": {
            "intv_type": "do",
            "inode": 4,
            "new_mui": 1.0,
            "new_vari": null,
            "true_params": {
                "Si": [
                    [
                        1.0,
                        0.5705034757740024,
                        -1.0837925338452141,
                        -0.23042698434196152,
                        0.0,
                        -1.1564982779228388
                    ],
                    [
                        0.5705034757740024,
                        1.3254742158702177,
                        -1.3308422430718823,
                        -1.3143251423620115,
                        0.0,
                        -1.281308273345609
                    ],
                    [
                        -1.0837925338452141,
                        -1.3308422430718823,
                        2.6823121482129073,
                        1.723184950065093,
                        0.0,
                        2.9968531485322285
                    ],
                    [
                        -0.23042698434196152,
                        -1.3143251423620115,
                        1.723184950065093,
                        2.849945587404026,
                        0.0,
                        2.7503233940731637
                    ],
                    [
                        0.0,
                        0.0,
                        0.0,
                        0.0,
                        1e-09,
                        7.972035549050432e-10
                    ],
                    [
                        -1.1564982779228388,
                        -1.281308273345609,
                        2.9968531485322285,
                        2.7503233940731637,
                        7.972035549050432e-10,
                        5.277398746197526
                    ]
                ],
                "mui": [
                    0.0,
                    0.0,
                    0.0,
                    0.0,
                    1.0,
                    0.7972035549050431
                ],
                "Ai": [
                    [
                        0.0,
                        0.0,
                        0.0,
                        0.0,
                        0.0,
                        0.0
                    ],
                    [
                        0.5705034757740024,
                        0.0,
                        0.0,
                        0.0,
                        0.0,
                        0.0
                    ],
                    [
                        -0.6772889335851031,
                        -0.7125348354952745,
                        0.0,
                        0.0,
                        0.0,
                        0.0
                    ],
                    [
                        0.8715118524939236,
                        -0.7335292702219904,
                        0.6306168544706756,
                        0.0,
                        0.0,
                        0.0
                    ],
                    [
                        0.0,
                        0.0,
                        0.0,
                        0.0,
                        0.0,
                        0.0
                    ],
                    [
                        -0.7302238318536556,
                        0.9862645636485854,
                        0.7150764081107872,
                        0.9284821221571922,
                        0.7972035549050431,
                        0.0
                    ]
                ]
            },
            "est_params": {
                "mui": [
                    0.016448003103178725,
                    0.010136283555751755,
                    -0.0021815691337612017,
                    -0.0028095995111229025,
                    1.0000002918755835,
                    0.7850147815769181
                ],
                "Si": [
                    [
                        0.988493702339974,
                        0.5667125658929353,
                        -1.0635321123899095,
                        -0.2281115687292996,
                        -4.5060256176730994e-07,
                        -1.148328441567832
                    ],
                    [
                        0.5667125658929353,
                        1.3407978613809826,
                        -1.3318888428994304,
                        -1.3211990711521064,
                        3.201450346853435e-07,
                        -1.284923753709735
                    ],
                    [
                        -1.0635321123899097,
                        -1.3318888428994304,
                        2.662032990381029,
                        1.7254036090353115,
                        4.020991613496032e-08,
                        2.9784344098228885
                    ],
                    [
                        -0.2281115687292996,
                        -1.3211990711521064,
                        1.7254036090353118,
                        2.837750219425564,
                        -6.125909215110681e-07,
                        2.7288744604202932
                    ],
                    [
                        -4.5060256176730994e-07,
                        3.201450346853434e-07,
                        4.020991613496069e-08,
                        -6.125909215110682e-07,
                        1.0043191961211708e-06,
                        1.7723309481912272e-07
                    ],
                    [
                        -1.148328441567832,
                        -1.284923753709735,
                        2.9784344098228885,
                        2.7288744604202932,
                        1.772330948191224e-07,
                        5.240253277403473
                    ]
                ]
            },
            "est_tgt": [
                2,
                3,
                4
            ],
            "oracle_est_tgt": [
                2,
                3,
                4
            ]
        },
        "5": {
            "intv_type": "do",
            "inode": 5,
            "new_mui": 1.0,
            "new_vari": null,
            "true_params": {
                "Si": [
                    [
                        1.0,
                        0.5705034757740024,
                        -1.0837925338452141,
                        -0.23042698434196152,
                        -0.017117563005474613,
                        0.0
                    ],
                    [
                        0.5705034757740024,
                        1.3254742158702177,
                        -1.3308422430718823,
                        -1.3143251423620115,
                        -1.0586920687682577,
                        0.0
                    ],
                    [
                        -1.0837925338452141,
                        -1.3308422430718823,
                        2.6823121482129073,
                        1.723184950065093,
                        2.1616473292181055,
                        0.0
                    ],
                    [
                        -0.23042698434196152,
                        -1.3143251423620115,
                        1.723184950065093,
                        2.849945587404026,
                        3.0935430291866193,
                        0.0
                    ],
                    [
                        -0.017117563005474613,
                        -1.0586920687682577,
                        2.1616473292181055,
                        3.0935430291866193,
                        4.986910692001606,
                        0.0
                    ],
                    [
                        0.0,
                        0.0,
                        0.0,
                        0.0,
                        0.0,
                        1e-09
                    ]
                ],
                "mui": [
                    0.0,
                    0.0,
                    0.0,
                    0.0,
                    0.0,
                    1.0
                ],
                "Ai": [
                    [
                        0.0,
                        0.0,
                        0.0,
                        0.0,
                        0.0,
                        0.0
                    ],
                    [
                        0.5705034757740024,
                        0.0,
                        0.0,
                        0.0,
                        0.0,
                        0.0
                    ],
                    [
                        -0.6772889335851031,
                        -0.7125348354952745,
                        0.0,
                        0.0,
                        0.0,
                        0.0
                    ],
                    [
                        0.8715118524939236,
                        -0.7335292702219904,
                        0.6306168544706756,
                        0.0,
                        0.0,
                        0.0
                    ],
                    [
                        0.6823491882354041,
                        0.6561334985727869,
                        0.7848150152019802,
                        0.9687083284118536,
                        0.0,
                        0.0
                    ],
                    [
                        0.0,
                        0.0,
                        0.0,
                        0.0,
                        0.0,
                        0.0
                    ]
                ]
            },
            "est_params": {
                "mui": [
                    -0.0014754494584575252,
                    0.0012393874121825236,
                    0.0031245536574677152,
                    0.009969700374355987,
                    0.001315308433406364,
                    1.0000001342732647
                ],
                "Si": [
                    [
                        0.9748188326410254,
                        0.5656515478795628,
                        -1.059183414169113,
                        -0.24554424099203764,
                        -0.024814495718871416,
                        -1.3583847005696885e-06
                    ],
                    [
                        0.5656515478795628,
                        1.3281221798368246,
                        -1.312948387597621,
                        -1.3232748758364978,
                        -1.0396946748102813,
                        -1.3431682692822194e-06
                    ],
                    [
                        -1.059183414169113,
                        -1.312948387597621,
                        2.643138717106255,
                        1.7355447258208276,
                        2.149499987997156,
                        1.8858310406796494e-07
                    ],
                    [
                        -0.2455442409920377,
                        -1.323274875836498,
                        1.7355447258208276,
                        2.8629059647812594,
                        3.074240789831759,
                        1.0427712155084217e-06
                    ],
                    [
                        -0.024814495718871416,
                        -1.0396946748102813,
                        2.149499987997156,
                        3.074240789831759,
                        4.955591353005185,
                        -2.42385418394564e-07
                    ],
                    [
                        -1.358384700569688e-06,
                        -1.343168269282219e-06,
                        1.8858310406796483e-07,
                        1.0427712155084219e-06,
                        -2.4238541839456355e-07,
                        1.0060150127285974e-06
                    ]
                ]
            },
            "est_tgt": [
                5
            ],
            "oracle_est_tgt": [
                5
            ]
        },
        "obs": {
            "intv_type": "obs",
            "true_params": {
                "Si": [
                    [
                        1.0,
                        0.5705034757740024,
                        -1.0837925338452141,
                        -0.23042698434196152,
                        -0.017117563005474613,
                        -1.1701444600021143
                    ],
                    [
                        0.5705034757740024,
                        1.3254742158702177,
                        -1.3308422430718823,
                        -1.3143251423620115,
                        -1.0586920687682577,
                        -2.125301354117439
                    ],
                    [
                        -1.0837925338452141,
                        -1.3308422430718823,
                        2.6823121482129073,
                        1.723184950065093,
                        2.1616473292181055,
                        4.720126083835894
                    ],
                    [
                        -0.23042698434196152,
                        -1.3143251423620115,
                        1.723184950065093,
                        2.849945587404026,
                        3.0935430291866193,
                        5.216506894192452
                    ],
                    [
                        -0.017117563005474613,
                        -1.0586920687682577,
                        2.1616473292181055,
                        3.0935430291866193,
                        4.986910692001606,
                        7.361974517368899
                    ],
                    [
                        -1.1701444600021143,
                        -2.125301354117439,
                        4.720126083835894,
                        5.216506894192452,
                        7.361974517368899,
                        13.846034412358351
                    ]
                ],
                "mui": [
                    0.0,
                    0.0,
                    0.0,
