{
    "expt_args": {
        "save_dir": "all_expt_logs/expt_logs_11.05.24-sparsity_n6-corr",
        "exp_name": "618",
        "num_nodes": 6,
        "obs_noise_mean": 0.0,
        "obs_noise_var": 1.0,
        "max_edge_strength": 1.0,
        "graph_sparsity_method": "adj_dense_prop",
        "adj_dense_prop": 0.9,
        "num_parents": null,
        "new_noise_mean": 1.0,
        "mix_samples": 4096,
        "stage2_samples": 4096,
        "gmm_tol": 0.001,
        "intv_type": "do",
        "new_noise_var": null,
        "intv_targets": [
            0,
            1,
            2,
            3,
            4,
            5
        ]
    },
    "intv_args_dict": {
        "0": {
            "intv_type": "do",
            "inode": 0,
            "new_mui": 1.0,
            "new_vari": null,
            "true_params": {
                "Si": [
                    [
                        1e-09,
                        6.143829566694362e-10,
                        2.2243400677219673e-10,
                        2.448117293844601e-11,
                        1.0466870951858005e-10,
                        1.0858801691761164e-09
                    ],
                    [
                        6.143829566694362e-10,
                        1.0000000003774665,
                        -0.6391896197203647,
                        -0.2732655002842644,
                        0.15151223651002813,
                        1.440267253618233
                    ],
                    [
                        2.2243400677219673e-10,
                        -0.6391896197203647,
                        1.4085633701824443,
                        -0.6156931378028969,
                        -0.19995176304994738,
                        -1.054586563224286
                    ],
                    [
                        2.448117293844601e-11,
                        -0.2732655002842644,
                        -0.6156931378028969,
                        1.6993455067377623,
                        -0.9100766335073304,
                        -1.2135766515693185
                    ],
                    [
                        1.0466870951858005e-10,
                        0.15151223651002813,
                        -0.19995176304994738,
                        -0.9100766335073304,
                        1.9364007741058233,
                        1.1117868110734412
                    ],
                    [
                        1.0858801691761164e-09,
                        1.440267253618233,
                        -1.054586563224286,
                        -1.2135766515693185,
                        1.1117868110734412,
                        3.9496046556089466
                    ]
                ],
                "mui": [
                    1.0,
                    0.6143829566694362,
                    0.2224340067721967,
                    0.02448117293844601,
                    0.10466870951858004,
                    1.0858801691761164
                ],
                "Ai": [
                    [
                        0.0,
                        0.0,
                        0.0,
                        0.0,
                        0.0,
                        0.0
                    ],
                    [
                        0.6143829566694362,
                        0.0,
                        0.0,
                        0.0,
                        0.0,
                        0.0
                    ],
                    [
                        0.6151412152923683,
                        -0.6391896198570244,
                        0.0,
                        0.0,
                        0.0,
                        0.0
                    ],
                    [
                        0.6785548396885739,
                        -0.7784564367469535,
                        -0.7903616090646948,
                        0.0,
                        0.0,
                        0.0
                    ],
                    [
                        0.7197465276607271,
                        -0.6540546859270928,
                        -0.8540807750393393,
                        -0.9501651550006747,
                        0.0,
                        0.0
                    ],
                    [
                        0.9116940480300159,
                        0.6338571547950558,
                        -0.8657753941400845,
                        -0.9258960710991304,
                        0.0,
                        0.0
                    ]
                ]
            },
            "est_params": {
                "mui": [
                    0.9999962239209792,
                    0.6018323022600793,
                    0.20757194300105047,
                    0.057297631095805115,
                    0.07520205651008398,
                    1.0358691260938664
                ],
                "Si": [
                    [
                        1.0077903391465565e-06,
                        3.472270904430141e-08,
                        -3.813735197138504e-06,
                        8.938677879245322e-06,
                        -7.632856470582695e-06,
                        -7.115651151483693e-06
                    ],
                    [
                        3.4722709044301414e-08,
                        1.0003361529364043,
                        -0.6364173741144852,
                        -0.2823556220100223,
                        0.1588783604762713,
                        1.4551242295964033
                    ],
                    [
                        -3.813735197138504e-06,
                        -0.6364173741144851,
                        1.2653226105890745,
                        -0.47360673198168785,
                        -0.25151709882255424,
                        -0.9964655518954466
                    ],
                    [
                        8.93867787924532e-06,
                        -0.2823556220100223,
                        -0.47360673198168796,
                        1.525612801028034,
                        -0.7313450161623339,
                        -1.279649285467686
                    ],
                    [
                        -7.632856470582699e-06,
                        0.1588783604762713,
                        -0.2515170988225542,
                        -0.7313450161623339,
                        1.7559163905328357,
                        1.0760353728835106
                    ],
                    [
                        -7.1156511514836895e-06,
                        1.4551242295964033,
                        -0.9964655518954466,
                        -1.279649285467686,
                        1.0760353728835106,
                        4.040175662893211
                    ]
                ]
            },
            "est_tgt": [
                0,
                2
            ],
            "oracle_est_tgt": [
                0,
                2
            ]
        },
        "1": {
            "intv_type": "do",
            "inode": 1,
            "new_mui": 1.0,
            "new_vari": null,
            "true_params": {
                "Si": [
                    [
                        1.0,
                        0.0,
                        0.6151412152923683,
                        0.19237083896808582,
                        0.011582173719458988,
                        0.2010045159138609
                    ],
                    [
                        0.0,
                        1e-09,
                        -6.391896198570244e-10,
                        -2.732655002993052e-10,
                        1.5151223644572147e-10,
                        1.4402672529510868e-09
                    ],
                    [
                        0.6151412152923683,
                        -6.391896198570244e-10,
                        1.378398715159935,
                        -0.6720263772203855,
                        -0.0959820419351307,
                        -0.010336524281594081
                    ],
                    [
                        0.19237083896808582,
                        -2.732655002993052e-10,
                        -0.6720263772203855,
                        1.6616780128432926,
                        -0.8664454939820028,
                        -0.7813338931843694
                    ],
                    [
                        0.011582173719458988,
                        1.5151223644572147e-10,
                        -0.0959820419351307,
                        -0.8664454939820028,
                        1.9135789630731073,
                        0.895896767825557
                    ],
                    [
                        0.2010045159138609,
                        1.4402672529510868e-09,
                        -0.010336524281594081,
                        -0.7813338931843694,
                        0.895896767825557,
                        1.9156377119986763
                    ]
                ],
                "mui": [
                    0.0,
                    1.0,
                    -0.6391896198570244,
                    -0.2732655002993052,
                    0.15151223644572145,
                    1.4402672529510867
                ],
                "Ai": [
                    [
                        0.0,
                        0.0,
                        0.0,
                        0.0,
                        0.0,
                        0.0
                    ],
                    [
                        0.0,
                        0.0,
                        0.0,
                        0.0,
                        0.0,
                        0.0
                    ],
                    [
                        0.6151412152923683,
                        -0.6391896198570244,
                        0.0,
                        0.0,
                        0.0,
                        0.0
                    ],
                    [
                        0.6785548396885739,
                        -0.7784564367469535,
                        -0.7903616090646948,
                        0.0,
                        0.0,
                        0.0
                    ],
                    [
                        0.7197465276607271,
                        -0.6540546859270928,
                        -0.8540807750393393,
                        -0.9501651550006747,
                        0.0,
                        0.0
                    ],
                    [
                        0.9116940480300159,
                        0.6338571547950558,
                        -0.8657753941400845,
                        -0.9258960710991304,
                        0.0,
                        0.0
                    ]
                ]
            },
            "est_params": {
                "mui": [
                    -0.004995240947499153,
                    0.9999969974320096,
                    -0.6143408667577055,
                    -0.3627631686200969,
                    0.1975980099161804,
                    1.4999875288300086
                ],
                "Si": [
                    [
                        1.0106896005872668,
                        2.132315512345771e-06,
                        0.6490860894711128,
                        0.17844651990950872,
                        0.06344735903608555,
                        0.21127217825762146
                    ],
                    [
                        2.1323155123457705e-06,
                        1.0045898016467025e-06,
                        -1.297176748940555e-06,
                        4.636085353380076e-06,
                        -2.396972552479034e-08,
                        8.587896243463914e-07
                    ],
                    [
                        0.6490860894711128,
                        -1.2971767489405545e-06,
                        1.4915195415544453,
                        -0.7975488853640413,
                        0.06652631654927661,
                        0.04113634074175854
                    ],
                    [
                        0.17844651990950874,
                        4.636085353380076e-06,
                        -0.7975488853640413,
                        1.7219935462066578,
                        -0.9009994042321613,
                        -0.6825521891851971
                    ],
                    [
                        0.06344735903608555,
                        -2.3969725524790533e-08,
                        0.0665263165492766,
                        -0.9009994042321613,
                        1.8783816011835357,
                        0.7339069275415266
                    ],
                    [
                        0.21127217825762143,
                        8.587896243463911e-07,
                        0.041136340741758544,
                        -0.6825521891851971,
                        0.7339069275415266,
                        1.732776196280346
                    ]
                ]
            },
            "est_tgt": [
                1,
                2
            ],
            "oracle_est_tgt": [
                1,
                2
            ]
        },
        "2": {
            "intv_type": "do",
            "inode": 2,
            "new_mui": 1.0,
            "new_vari": null,
            "true_params": {
                "Si": [
                    [
                        1.0,
                        0.6143829566694362,
                        0.0,
                        0.20028447244162662,
                        0.12760314909561382,
                        1.1156824747632146
                    ],
                    [
                        0.6143829566694362,
                        1.3774664174458784,
                        0.0,
                        -0.6554050703932888,
                        0.1640046949775433,
                        2.040083208650186
                    ],
                    [
                        0.0,
                        0.0,
                        1e-09,
                        -7.903616090646948e-10,
                        -1.0310671425580099e-10,
                        -1.3398268555949678e-10
                    ],
                    [
                        0.20028447244162662,
                        -0.6554050703932888,
                        -7.903616090646948e-10,
                        1.6461082944386558,
                        -0.991249931002841,
                        -1.756960233460047
                    ],
                    [
                        0.12760314909561382,
                        0.1640046949775433,
                        -1.0310671425580099e-10,
                        -0.991249931002841,
                        1.9264250286398203,
                        1.1380849975539362
                    ],
                    [
                        1.1156824747632146,
                        2.040083208650186,
                        -1.3398268555949678e-10,
                        -1.756960233460047,
                        1.1380849975539362,
                        4.937044987267264
                    ]
                ],
                "mui": [
                    0.0,
                    0.0,
                    1.0,
                    -0.7903616090646948,
                    -0.10310671425580098,
                    -0.13398268555949677
                ],
                "Ai": [
                    [
                        0.0,
                        0.0,
                        0.0,
                        0.0,
                        0.0,
                        0.0
                    ],
                    [
                        0.6143829566694362,
                        0.0,
                        0.0,
                        0.0,
                        0.0,
                        0.0
                    ],
                    [
                        0.0,
                        0.0,
                        0.0,
                        0.0,
                        0.0,
                        0.0
                    ],
                    [
                        0.6785548396885739,
                        -0.7784564367469535,
                        -0.7903616090646948,
                        0.0,
                        0.0,
                        0.0
                    ],
                    [
                        0.7197465276607271,
                        -0.6540546859270928,
                        -0.8540807750393393,
                        -0.9501651550006747,
                        0.0,
                        0.0
                    ],
                    [
                        0.9116940480300159,
                        0.6338571547950558,
                        -0.8657753941400845,
                        -0.9258960710991304,
                        0.0,
                        0.0
                    ]
                ]
            },
            "est_params": {
                "mui": [
                    0.08414539400335687,
                    0.1540627521644634,
                    1.0000009442055515,
                    -0.8809914630772405,
                    -0.06048266447979342,
                    0.037144927616027945
                ],
                "Si": [
                    [
                        0.9726030675556322,
                        0.6186290845020257,
                        2.3230272260200653e-06,
                        0.19397902910412745,
                        0.11547863304879588,
                        1.1523267265401314
                    ],
                    [
                        0.6186290845020257,
                        1.3161731244358084,
                        3.3780968277775385e-06,
                        -0.576853155071397,
                        0.10905881155168749,
                        2.006526223807922
                    ],
                    [
                        2.3230272260200657e-06,
                        3.3780968277775385e-06,
                        1.0020121164830356e-06,
                        -8.571413379521844e-07,
                        -1.689813748029512e-06,
                        6.379160588466458e-06
                    ],
                    [
                        0.19397902910412745,
                        -0.576853155071397,
                        -8.571413379521838e-07,
                        1.5057334014497912,
                        -0.8963093001180894,
                        -1.640505363743722
                    ],
                    [
                        0.11547863304879588,
                        0.10905881155168752,
                        -1.6898137480295117e-06,
                        -0.8963093001180894,
                        1.8683336550827618,
                        1.0362319393613297
                    ],
                    [
                        1.1523267265401314,
                        2.006526223807922,
                        6.379160588466459e-06,
                        -1.6405053637437221,
                        1.0362319393613297,
                        5.01391926618021
                    ]
                ]
            },
            "est_tgt": [
                1,
                2
            ],
            "oracle_est_tgt": [
                1,
                2
            ]
        },
        "3": {
            "intv_type": "do",
            "inode": 3,
            "new_mui": 1.0,
            "new_vari": null,
            "true_params": {
                "Si": [
                    [
                        1.0,
                        0.6143829566694362,
                        0.2224340067721967,
                        0.0,
                        0.1279298669982369,
                        1.1085471910157219
                    ],
                    [
                        0.6143829566694362,
                        1.3774664174458784,
                        -0.5025299571124928,
                        0.0,
                        -0.02953719006980024,
                        1.8683243006808592
                    ],
                    [
                        0.2224340067721967,
                        -0.5025299571124928,
                        1.4580402575017009,
                        0.0,
                        -0.7565059758894925,
                        -1.3780758273715716
                    ],
                    [
                        0.0,
                        0.0,
                        0.0,
                        1e-09,
                        -9.501651550006746e-10,
                        -9.258960710991305e-10
                    ],
                    [
                        0.1279298669982369,
                        -0.02953719006980024,
                        -0.7565059758894925,
                        -9.501651550006746e-10,
                        1.757513226242755,
                        0.7528747993740886
                    ],
                    [
                        1.1085471910157219,
                        1.8683243006808592,
                        -1.3780758273715716,
                        -9.258960710991305e-10,
                        0.7528747993740886,
                        4.3880107449282875
                    ]
                ],
                "mui": [
                    0.0,
                    0.0,
                    0.0,
                    1.0,
                    -0.9501651550006747,
                    -0.9258960710991304
                ],
                "Ai": [
                    [
                        0.0,
                        0.0,
                        0.0,
                        0.0,
                        0.0,
                        0.0
                    ],
                    [
                        0.6143829566694362,
                        0.0,
                        0.0,
                        0.0,
                        0.0,
                        0.0
                    ],
                    [
                        0.6151412152923683,
                        -0.6391896198570244,
                        0.0,
                        0.0,
                        0.0,
                        0.0
                    ],
                    [
                        0.0,
                        0.0,
                        0.0,
                        0.0,
                        0.0,
                        0.0
                    ],
                    [
                        0.7197465276607271,
                        -0.6540546859270928,
                        -0.8540807750393393,
                        -0.9501651550006747,
                        0.0,
                        0.0
                    ],
                    [
                        0.9116940480300159,
                        0.6338571547950558,
                        -0.8657753941400845,
                        -0.9258960710991304,
                        0.0,
                        0.0
                    ]
                ]
            },
            "est_params": {
                "mui": [
                    -0.030199664039235703,
                    0.011423645435897278,
                    -0.0020259515389316365,
                    1.0000040302235789,
                    -0.9635179720721677,
                    -0.8604067543689937
                ],
                "Si": [
                    [
                        1.0597845824169994,
                        0.6833770274461918,
                        0.26491136422406514,
                        1.8545448918660119e-06,
                        0.12073573125324405,
                        1.131165905807997
                    ],
                    [
                        0.6833770274461918,
                        1.4955706572582799,
                        -0.5209338833834742,
                        -1.2920994470523774e-06,
                        0.003969243386886379,
                        2.0352070483533917
                    ],
                    [
                        0.26491136422406514,
                        -0.5209338833834741,
                        1.4330036806085555,
                        3.917835416955475e-06,
                        -0.7306850458781312,
                        -1.3534635618354265
                    ],
                    [
                        1.8545448918660119e-06,
                        -1.2920994470523783e-06,
                        3.917835416955474e-06,
                        1.003412584301263e-06,
                        -1.459634266362648e-06,
                        -3.0870204657014994e-06
                    ],
                    [
                        0.12073573125324404,
                        0.003969243386886378,
                        -0.7306850458781312,
                        -1.4596342663626478e-06,
                        1.782614734287811,
                        0.6457499458795659
                    ],
                    [
                        1.131165905807997,
                        2.0352070483533917,
                        -1.3534635618354265,
                        -3.0870204657014994e-06,
                        0.645749945879566,
                        4.470420840051955
                    ]
                ]
            },
            "est_tgt": [
                3,
                5
            ],
            "oracle_est_tgt": [
                3,
                5
            ]
        },
        "4": {
            "intv_type": "do",
            "inode": 4,
            "new_mui": 1.0,
            "new_vari": null,
            "true_params": {
                "Si": [
                    [
                        1.0,
                        0.6143829566694362,
                        0.2224340067721967,
                        0.02448117293844601,
                        0.0,
                        1.0858801691761164
                    ],
                    [
                        0.6143829566694362,
                        1.3774664174458784,
                        -0.5025299571124928,
                        -0.25822468488664696,
                        0.0,
                        2.107413521878217
                    ],
                    [
                        0.2224340067721967,
                        -0.5025299571124928,
                        1.4580402575017009,
                        -0.6102476924211607,
                        0.0,
                        -0.8130498865615083
                    ],
                    [
                        0.02448117293844601,
                        -0.25822468488664696,
                        -0.6102476924211607,
                        1.699944834565605,
                        0.0,
                        -1.1869930313838726
                    ],
                    [
                        0.0,
                        0.0,
                        0.0,
                        0.0,
                        1e-09,
                        0.0
                    ],
                    [
                        1.0858801691761164,
                        2.107413521878217,
                        -0.8130498865615083,
                        -1.1869930313838726,
                        0.0,
                        5.1287403962397615
                    ]
                ],
                "mui": [
                    0.0,
                    0.0,
                    0.0,
                    0.0,
                    1.0,
                    0.0
                ],
                "Ai": [
                    [
                        0.0,
                        0.0,
                        0.0,
                        0.0,
                        0.0,
                        0.0
                    ],
                    [
                        0.6143829566694362,
                        0.0,
                        0.0,
                        0.0,
                        0.0,
                        0.0
                    ],
                    [
                        0.6151412152923683,
                        -0.6391896198570244,
                        0.0,
                        0.0,
                        0.0,
                        0.0
                    ],
                    [
                        0.6785548396885739,
                        -0.7784564367469535,
                        -0.7903616090646948,
                        0.0,
                        0.0,
                        0.0
                    ],
                    [
                        0.0,
                        0.0,
                        0.0,
                        0.0,
                        0.0,
                        0.0
                    ],
                    [
                        0.9116940480300159,
                        0.6338571547950558,
                        -0.8657753941400845,
                        -0.9258960710991304,
                        0.0,
                        0.0
                    ]
                ]
            },
            "est_params": {
                "mui": [
                    0.02326065852730513,
                    0.0014959532134157369,
                    0.014083563051771874,
                    0.020499712024115484,
                    0.9999912414757878,
                    0.048744933290631696
                ],
                "Si": [
                    [
                        1.0681515239143313,
                        0.659851472342021,
                        0.23355946044636422,
                        -0.032037006168315355,
                        -2.074551365456083e-06,
                        1.1927842651594258
                    ],
                    [
                        0.6598514723420209,
                        1.3313173170167556,
                        -0.4649755421910086,
                        -0.25961935101853756,
                        9.728843372172394e-06,
                        2.110150741666094
                    ],
                    [
                        0.23355946044636428,
                        -0.4649755421910085,
                        1.5611816548795967,
                        -0.7123023807161422,
                        -2.979892566712274e-06,
                        -0.9231506041198255
                    ],
                    [
                        -0.03203700616831534,
                        -0.25961935101853756,
                        -0.7123023807161422,
                        1.7708664023221972,
                        -4.366426983513474e-06,
                        -1.1444387655749921
                    ],
                    [
                        -2.074551365456083e-06,
                        9.728843372172394e-06,
                        -2.9798925667122725e-06,
                        -4.366426983513474e-06,
                        1.029937751291442e-06,
                        5.558651595449664e-06
                    ],
                    [
                        1.1927842651594258,
                        2.110150741666094,
                        -0.9231506041198255,
                        -1.1444387655749921,
                        5.558651595449664e-06,
                        5.187208948487224
                    ]
                ]
            },
            "est_tgt": [
                4
            ],
            "oracle_est_tgt": [
                4
            ]
        },
        "5": {
            "intv_type": "do",
            "inode": 5,
            "new_mui": 1.0,
            "new_vari": null,
            "true_params": {
                "Si": [
                    [
                        1.0,
                        0.6143829566694362,
                        0.2224340067721967,
                        0.02448117293844601,
                        0.10466870951858004,
                        0.0
                    ],
                    [
                        0.6143829566694362,
                        1.3774664174458784,
                        -0.5025299571124928,
                        -0.25822468488664696,
                        0.21581890767052103,
                        0.0
                    ],
                    [
                        0.2224340067721967,
                        -0.5025299571124928,
                        1.4580402575017009,
                        -0.6102476924211607,
                        -0.17666988263133634,
                        0.0
                    ],
                    [
                        0.02448117293844601,
                        -0.25822468488664696,
                        -0.6102476924211607,
                        1.699944834565605,
                        -0.9075142207309245,
                        0.0
                    ],
                    [
                        0.10466870951858004,
                        0.21581890767052103,
                        -0.17666988263133634,
                        -0.9075142207309245,
                        1.9473563128471527,
                        0.0
                    ],
                    [
                        0.0,
                        0.0,
                        0.0,
                        0.0,
                        0.0,
                        1e-09
                    ]
                ],
                "mui": [
                    0.0,
                    0.0,
                    0.0,
                    0.0,
                    0.0,
                    1.0
                ],
                "Ai": [
                    [
                        0.0,
                        0.0,
                        0.0,
                        0.0,
                        0.0,
                        0.0
                    ],
                    [
                        0.6143829566694362,
                        0.0,
                        0.0,
                        0.0,
                        0.0,
                        0.0
                    ],
                    [
                        0.6151412152923683,
                        -0.6391896198570244,
                        0.0,
                        0.0,
                        0.0,
                        0.0
                    ],
                    [
                        0.6785548396885739,
                        -0.7784564367469535,
                        -0.7903616090646948,
                        0.0,
                        0.0,
                        0.0
                    ],
                    [
                        0.7197465276607271,
                        -0.6540546859270928,
                        -0.8540807750393393,
                        -0.9501651550006747,
                        0.0,
                        0.0
                    ],
                    [
                        0.0,
                        0.0,
                        0.0,
                        0.0,
                        0.0,
                        0.0
                    ]
                ]
            },
            "est_params": {
                "mui": [
                    -0.031174575297894056,
                    -0.07115696855325132,
                    0.01695061789370508,
                    -0.0009142035869740445,
                    0.05628287400330101,
                    1.0000023704080123
                ],
                "Si": [
                    [
                        1.062402575171036,
                        0.6117151423873141,
                        0.26949870548950394,
                        -0.018810614454571932,
                        0.11085603216418574,
                        -4.552008702580081e-07
                    ],
                    [
                        0.6117151423873141,
                        1.4083135437862966,
                        -0.4559981780792368,
                        -0.35867895099117697,
                        0.19099384875453765,
                        -2.6683254339679344e-06
                    ],
                    [
                        0.2694987054895039,
                        -0.4559981780792368,
                        1.3032064573376974,
                        -0.5005644540897602,
                        -0.18708825943732638,
                        3.685896924419151e-06
                    ],
                    [
                        -0.01881061445457192,
                        -0.35867895099117697,
                        -0.5005644540897602,
                        1.7076334416826764,
                        -0.9596493638349279,
                        -2.6534283375310774e-06
                    ],
                    [
                        0.11085603216418574,
                        0.19099384875453765,
                        -0.1870882594373264,
                        -0.9596493638349279,
                        2.0727687401000425,
                        3.2898693450929315e-07
                    ],
                    [
                        -4.552008702580081e-07,
                        -2.6683254339679344e-06,
                        3.6858969244191517e-06,
                        -2.6534283375310774e-06,
                        3.289869345092929e-07,
                        1.0035786717189883e-06
                    ]
                ]
            },
            "est_tgt": [
                3,
                5
            ],
            "oracle_est_tgt": [
                3,
                5
            ]
        },
        "obs": {
            "intv_type": "obs",
            "true_params": {
                "Si": [
                    [
                        1.0,
                        0.6143829566694362,
                        0.2224340067721967,
                        0.02448117293844601,
                        0.10466870951858004,
                        1.0858801691761164
                    ],
                    [
                        0.6143829566694362,
                        1.3774664174458784,
                        -0.5025299571124928,
                        -0.25822468488664696,
                        0.21581890767052103,
                        2.107413521878217
                    ],
                    [
                        0.2224340067721967,
                        -0.5025299571124928,
                        1.4580402575017009,
                        -0.6102476924211607,
                        -0.17666988263133634,
                        -0.8130498865615083
                    ],
                    [
                        0.02448117293844601,
                        -0.25822468488664696,
                        -0.6102476924211607,
                        1.699944834565605,
                        -0.9075142207309245,
                        -1.1869930313838726
                    ],
                    [
                        0.10466870951858004,
                        0.21581890767052103,
                        -0.17666988263133634,
                        -0.9075142207309245,
                        1.9473563128471527,
                        1.2254444869592651
                    ],
                    [
                        1.0858801691761164,
                        2.107413521878217,
                        -0.8130498865615083,
                        -1.1869930313838726,
                        1.2254444869592651,
                        5.1287403962397615
                    ]
                ],
                "mui": [
                    0.0,
                    0.0,
                    0.0,
                    0.0,
                    0.0,
                    0.0
                ],
