{
    "expt_args": {
        "save_dir": "all_expt_logs/expt_logs_11.05.24-sparsity_n6-corr",
        "exp_name": "119",
        "num_nodes": 6,
        "obs_noise_mean": 0.0,
        "obs_noise_var": 1.0,
        "max_edge_strength": 1.0,
        "graph_sparsity_method": "adj_dense_prop",
        "adj_dense_prop": 0.95,
        "num_parents": null,
        "new_noise_mean": 1.0,
        "mix_samples": 131072,
        "stage2_samples": 131072,
        "gmm_tol": 0.001,
        "intv_type": "do",
        "new_noise_var": null,
        "intv_targets": [
            0,
            1,
            2,
            3,
            4,
            5
        ]
    },
    "intv_args_dict": {
        "0": {
            "intv_type": "do",
            "inode": 0,
            "new_mui": 1.0,
            "new_vari": null,
            "true_params": {
                "Si": [
                    [
                        1e-09,
                        -6.516142832991082e-10,
                        5.157217055704065e-10,
                        1.838528632618978e-09,
                        2.6073023305903225e-09,
                        3.5319075396503882e-09
                    ],
                    [
                        -6.516142832991082e-10,
                        1.0000000004246012,
                        0.7344021069175372,
                        -0.4668405815878149,
                        1.0754923086498263,
                        0.6581886540693537
                    ],
                    [
                        5.157217055704065e-10,
                        0.7344021069175372,
                        1.5393464554044805,
                        0.35329388746743834,
                        2.382598915270582,
                        1.4949269836110284
                    ],
                    [
                        1.838528632618978e-09,
                        -0.4668405815878149,
                        0.35329388746743834,
                        1.7025546399840683,
                        1.4972281388019746,
                        1.9559043077131917
                    ],
                    [
                        2.6073023305903225e-09,
                        1.0754923086498263,
                        2.382598915270582,
                        1.4972281388019746,
                        5.4865907170805555,
                        4.605763928648044
                    ],
                    [
                        3.5319075396503882e-09,
                        0.6581886540693537,
                        1.4949269836110284,
                        1.9559043077131917,
                        4.605763928648044,
                        5.6940387864739375
                    ]
                ],
                "mui": [
                    1.0,
                    -0.6516142832991081,
                    0.5157217055704064,
                    1.838528632618978,
                    2.6073023305903225,
                    3.531907539650388
                ],
                "Ai": [
                    [
                        0.0,
                        0.0,
                        0.0,
                        0.0,
                        0.0,
                        0.0
                    ],
                    [
                        -0.6516142832991081,
                        0.0,
                        0.0,
                        0.0,
                        0.0,
                        0.0
                    ],
                    [
                        0.9942686083418084,
                        0.7344021072535888,
                        0.0,
                        0.0,
                        0.0,
                        0.0
                    ],
                    [
                        0.8421759157519256,
                        -0.9780891672774108,
                        0.6961425925090292,
                        0.0,
                        0.0,
                        0.0
                    ],
                    [
                        0.9745017593997203,
                        0.776784353196629,
                        0.9728213709306814,
                        0.8905269274010721,
                        0.0,
                        0.0
                    ],
                    [
                        0.7665922985574525,
                        0.7422617155199865,
                        -0.9477202333433148,
                        0.7589300474865053,
                        0.8984109061974731,
                        0.0
                    ]
                ]
            },
            "est_params": {
                "mui": [
                    0.999999833427825,
                    -0.6617186302033706,
                    0.5041933703232948,
                    1.8570515678605801,
                    2.5923148494677197,
                    3.5357749249522215
                ],
                "Si": [
                    [
                        1.010225733838893e-06,
                        7.029702943771407e-08,
                        -2.2192359244071235e-07,
                        -6.63580819543057e-07,
                        -1.951312542018448e-06,
                        -1.7231945251341298e-06
                    ],
                    [
                        7.029702943771415e-08,
                        0.9801837777243897,
                        0.7298381491280761,
                        -0.4447167215263024,
                        1.068733121831214,
                        0.6604044922371562
                    ],
                    [
                        -2.2192359244071222e-07,
                        0.7298381491280761,
                        1.5395345291059634,
                        0.37069013217661584,
                        2.3924249104553827,
                        1.518233565043828
                    ],
                    [
                        -6.635808195430575e-07,
                        -0.4447167215263024,
                        0.37069013217661584,
                        1.6952914063354143,
                        1.5242090262031063,
                        1.977145689202881
                    ],
                    [
                        -1.951312542018448e-06,
                        1.068733121831214,
                        2.3924249104553827,
                        1.5242090262031063,
                        5.5187488729349825,
                        4.658069954293522
                    ],
                    [
                        -1.7231945251341302e-06,
                        0.6604044922371562,
                        1.5182335650438277,
                        1.977145689202881,
                        4.658069954293521,
                        5.751880492802904
                    ]
                ]
            },
            "est_tgt": [
                0
            ],
            "oracle_est_tgt": [
                0
            ]
        },
        "1": {
            "intv_type": "do",
            "inode": 1,
            "new_mui": 1.0,
            "new_vari": null,
            "true_params": {
                "Si": [
                    [
                        1.0,
                        0.0,
                        0.9942686083418084,
                        1.5343286424133367,
                        3.308108481591946,
                        3.9607926692470468
                    ],
                    [
                        0.0,
                        1e-09,
                        7.344021072535888e-10,
                        -4.668405803898034e-10,
                        1.0754923103487817e-09,
                        6.581886563707951e-10
                    ],
                    [
                        0.9942686083418084,
                        7.344021072535888e-10,
                        1.988570066073303,
                        2.2216773961974647,
                        4.881903511896764,
                        4.949643661246499
                    ],
                    [
                        1.5343286424133367,
                        -4.668405803898034e-10,
                        2.2216773961974647,
                        3.838778892253085,
                        7.075037183391302,
                        8.340331114345055
                    ],
                    [
                        3.308108481591946,
                        1.0754923103487817e-09,
                        4.881903511896764,
                        7.075037183391302,
                        15.273488727800425,
                        17.000618904424943
                    ],
                    [
                        3.9607926692470468,
                        6.581886563707951e-10,
                        4.949643661246499,
                        8.340331114345055,
                        17.000618904424943,
                        20.94870503581873
                    ]
                ],
                "mui": [
                    0.0,
                    1.0,
                    0.7344021072535888,
                    -0.46684058038980336,
                    1.0754923103487817,
                    0.658188656370795
                ],
                "Ai": [
                    [
                        0.0,
                        0.0,
                        0.0,
                        0.0,
                        0.0,
                        0.0
                    ],
                    [
                        0.0,
                        0.0,
                        0.0,
                        0.0,
                        0.0,
                        0.0
                    ],
                    [
                        0.9942686083418084,
                        0.7344021072535888,
                        0.0,
                        0.0,
                        0.0,
                        0.0
                    ],
                    [
                        0.8421759157519256,
                        -0.9780891672774108,
                        0.6961425925090292,
                        0.0,
                        0.0,
                        0.0
                    ],
                    [
                        0.9745017593997203,
                        0.776784353196629,
                        0.9728213709306814,
                        0.8905269274010721,
                        0.0,
                        0.0
                    ],
                    [
                        0.7665922985574525,
                        0.7422617155199865,
                        -0.9477202333433148,
                        0.7589300474865053,
                        0.8984109061974731,
                        0.0
                    ]
                ]
            },
            "est_params": {
                "mui": [
                    -0.005099456039608234,
                    0.9999991256690753,
                    0.7398782317521247,
                    -0.47133188241319773,
                    1.0722027279164996,
                    0.6401887798091371
                ],
                "Si": [
                    [
                        0.9965444059156617,
                        6.462821099149065e-07,
                        0.9845219267365424,
                        1.5175739098273042,
                        3.2834362386604434,
                        3.932978312836989
                    ],
                    [
                        6.462821099149066e-07,
                        1.011309368121341e-06,
                        3.1022305773951864e-07,
                        8.19360518308191e-07,
                        2.440118978369757e-06,
                        3.634717834686014e-06
                    ],
                    [
                        0.9845219267365424,
                        3.102230577395189e-07,
                        1.974453741789645,
                        2.190093008567291,
                        4.840281669739883,
                        4.897281343306086
                    ],
                    [
                        1.5175739098273044,
                        8.193605183081914e-07,
                        2.190093008567291,
                        3.7753986226215344,
                        6.9883117868307485,
                        8.24496366568131
                    ],
                    [
                        3.283436238660443,
                        2.440118978369758e-06,
                        4.840281669739883,
                        6.9883117868307485,
                        15.169432172828495,
                        16.870010078889614
                    ],
                    [
                        3.932978312836989,
                        3.634717834686014e-06,
                        4.897281343306086,
                        8.244963665681308,
                        16.870010078889617,
                        20.80196689609035
                    ]
                ]
            },
            "est_tgt": [
                1
            ],
            "oracle_est_tgt": [
                1
            ]
        },
        "2": {
            "intv_type": "do",
            "inode": 2,
            "new_mui": 1.0,
            "new_vari": null,
            "true_params": {
                "Si": [
                    [
                        1.0,
                        -0.6516142832991081,
                        0.0,
                        1.4795127874900171,
                        1.7858839565076179,
                        3.010228296574758
                    ],
                    [
                        -0.6516142832991081,
                        1.4246011741994102,
                        0.0,
                        -1.9421608319295838,
                        -1.2579378820382838,
                        -2.046204904658983
                    ],
                    [
                        0.0,
                        0.0,
                        1e-09,
                        6.961425925090293e-10,
                        1.592755094870764e-09,
                        1.011551845580427e-09
                    ],
                    [
                        1.4795127874900171,
                        -1.9421608319295838,
                        6.961425925090293e-10,
                        4.145616507976515,
                        3.624930800537867,
                        6.095501775597403
                    ],
                    [
                        1.7858839565076179,
                        -1.2579378820382838,
                        1.592755094870764e-09,
                        3.624930800537867,
                        4.991299083033723,
                        7.6706321922056935
                    ],
                    [
                        3.010228296574758,
                        -2.046204904658983,
                        1.011551845580427e-09,
                        6.095501775597403,
                        7.6706321922056935,
                        13.306237336172915
                    ]
                ],
                "mui": [
                    0.0,
                    0.0,
                    1.0,
                    0.6961425925090292,
                    1.5927550948707638,
                    1.0115518455804269
                ],
                "Ai": [
                    [
                        0.0,
                        0.0,
                        0.0,
                        0.0,
                        0.0,
                        0.0
                    ],
                    [
                        -0.6516142832991081,
                        0.0,
                        0.0,
                        0.0,
                        0.0,
                        0.0
                    ],
                    [
                        0.0,
                        0.0,
                        0.0,
                        0.0,
                        0.0,
                        0.0
                    ],
                    [
                        0.8421759157519256,
                        -0.9780891672774108,
                        0.6961425925090292,
                        0.0,
                        0.0,
                        0.0
                    ],
                    [
                        0.9745017593997203,
                        0.776784353196629,
                        0.9728213709306814,
                        0.8905269274010721,
                        0.0,
                        0.0
                    ],
                    [
                        0.7665922985574525,
                        0.7422617155199865,
                        -0.9477202333433148,
                        0.7589300474865053,
                        0.8984109061974731,
                        0.0
                    ]
                ]
            },
            "est_params": {
                "mui": [
                    -0.0036881270625866995,
                    0.004021055815067299,
                    1.000000149484204,
                    0.6955500787068125,
                    1.5944182387669914,
                    1.019073879104771
                ],
                "Si": [
                    [
                        1.0026805629937625,
                        -0.6515773693847703,
                        -7.210016843887301e-07,
                        1.486433337456221,
                        1.8047435534286407,
                        3.0476990360150866
                    ],
                    [
                        -0.6515773693847703,
                        1.4329762717447148,
                        4.010337832682546e-07,
                        -1.9487103412963704,
                        -1.2635714901969561,
                        -2.0466488084025354
                    ],
                    [
                        -7.2100168438873e-07,
                        4.0103378326825454e-07,
                        1.0161235017125806e-06,
                        -9.816133847746592e-07,
                        -1.3066877030397655e-06,
                        -1.7188908290257126e-06
                    ],
                    [
                        1.486433337456221,
                        -1.9487103412963704,
                        -9.816133847746592e-07,
                        4.156169985952191,
                        3.6455273518159452,
                        6.13598953190606
                    ],
                    [
                        1.8047435534286407,
                        -1.2635714901969561,
                        -1.306687703039766e-06,
                        3.6455273518159452,
                        5.047554011480798,
                        7.7676208699889635
                    ],
                    [
                        3.047699036015087,
                        -2.0466488084025354,
                        -1.7188908290257126e-06,
                        6.13598953190606,
                        7.7676208699889635,
                        13.473842390061327
                    ]
                ]
            },
            "est_tgt": [
                2
            ],
            "oracle_est_tgt": [
                2
            ]
        },
        "3": {
            "intv_type": "do",
            "inode": 3,
            "new_mui": 1.0,
            "new_vari": null,
            "true_params": {
                "Si": [
                    [
                        1.0,
                        -0.6516142832991081,
                        0.5157217055704064,
                        0.0,
                        0.9700430764452497,
                        0.6656613469948935
                    ],
                    [
                        -0.6516142832991081,
                        1.4246011741994102,
                        0.39835047769653475,
                        0.0,
                        0.8591324939623133,
                        0.9522336150553072
                    ],
                    [
                        0.5157217055704064,
                        0.39835047769653475,
                        1.8053153327349607,
                        0.0,
                        2.56825346455546,
                        1.2874416506806536
                    ],
                    [
                        0.0,
                        0.0,
                        0.0,
                        1e-09,
                        8.905269274010721e-10,
                        1.5589891513261539e-09
                    ],
                    [
                        0.9700430764452497,
                        0.8591324939623133,
                        2.56825346455546,
                        8.905269274010721e-10,
                        5.111121220401489,
                        3.5392299857679443
                    ],
                    [
                        0.6656613469948935,
                        0.9522336150553072,
                        1.2874416506806536,
                        1.5589891513261539e-09,
                        3.5392299857679443,
                        4.176645737079657
                    ]
                ],
                "mui": [
                    0.0,
                    0.0,
                    0.0,
                    1.0,
                    0.8905269274010721,
                    1.5589891513261538
                ],
                "Ai": [
                    [
                        0.0,
                        0.0,
                        0.0,
                        0.0,
                        0.0,
                        0.0
                    ],
                    [
                        -0.6516142832991081,
                        0.0,
                        0.0,
                        0.0,
                        0.0,
                        0.0
                    ],
                    [
                        0.9942686083418084,
                        0.7344021072535888,
                        0.0,
                        0.0,
                        0.0,
                        0.0
                    ],
                    [
                        0.0,
                        0.0,
                        0.0,
                        0.0,
                        0.0,
                        0.0
                    ],
                    [
                        0.9745017593997203,
                        0.776784353196629,
                        0.9728213709306814,
                        0.8905269274010721,
                        0.0,
                        0.0
                    ],
                    [
                        0.7665922985574525,
                        0.7422617155199865,
                        -0.9477202333433148,
                        0.7589300474865053,
                        0.8984109061974731,
                        0.0
                    ]
                ]
            },
            "est_params": {
                "mui": [
                    -0.008350517604211698,
                    0.010264154108937325,
                    -0.003513566342428447,
                    1.000000572731991,
                    0.889677553382647,
                    1.567007142261427
                ],
                "Si": [
                    [
                        0.992968806007878,
                        -0.6501931427138309,
                        0.5192693946341638,
                        -5.862952857356717e-07,
                        0.9733429006690943,
                        0.6590495297558968
                    ],
                    [
                        -0.6501931427138309,
                        1.4192405598157933,
                        0.40441987344140806,
                        -3.550998766309093e-07,
                        0.8647916736352603,
                        0.9324674688038791
                    ],
                    [
                        0.5192693946341638,
                        0.40441987344140806,
                        1.836211029582828,
                        -2.009915890197905e-07,
                        2.5975735973072136,
                        1.2769255811001226
                    ],
                    [
                        -5.862952857356716e-07,
                        -3.550998766309094e-07,
                        -2.009915890197905e-07,
                        1.0090381257043228e-06,
                        -5.104460273547321e-07,
                        -1.3341371825773381e-06
                    ],
                    [
                        0.9733429006690943,
                        0.8647916736352603,
                        2.5975735973072136,
                        -5.104460273547321e-07,
                        5.160550422952951,
                        3.5369899359708765
                    ],
                    [
                        0.6590495297558968,
                        0.9324674688038791,
                        1.2769255811001228,
                        -1.3341371825773381e-06,
                        3.5369899359708765,
                        4.141638475842971
                    ]
                ]
            },
            "est_tgt": [
                3,
                4
            ],
            "oracle_est_tgt": [
                3,
                4
            ]
        },
        "4": {
            "intv_type": "do",
            "inode": 4,
            "new_mui": 1.0,
            "new_vari": null,
            "true_params": {
                "Si": [
                    [
                        1.0,
                        -0.6516142832991081,
                        0.5157217055704064,
                        1.838528632618978,
                        0.0,
                        1.1894786900939527
                    ],
                    [
                        -0.6516142832991081,
                        1.4246011741994102,
                        0.39835047769653475,
                        -1.664852097658708,
                        0.0,
                        -1.0831266689232009
                    ],
                    [
                        0.5157217055704064,
                        0.39835047769653475,
                        1.8053153327349607,
                        1.3014630086735557,
                        0.0,
                        -0.032185888780865646
                    ],
                    [
                        1.838528632618978,
                        -1.664852097658708,
                        1.3014630086735557,
                        5.08274216956369,
                        0.0,
                        2.797668846188711
                    ],
                    [
                        0.0,
                        0.0,
                        0.0,
                        0.0,
                        1e-09,
                        8.984109061974732e-10
                    ],
                    [
                        1.1894786900939527,
                        -1.0831266689232009,
                        -0.032185888780865646,
                        2.797668846188711,
                        8.984109061974732e-10,
                        3.2616199128462684
                    ]
                ],
                "mui": [
                    0.0,
                    0.0,
                    0.0,
                    0.0,
                    1.0,
                    0.8984109061974731
                ],
                "Ai": [
                    [
                        0.0,
                        0.0,
                        0.0,
                        0.0,
                        0.0,
                        0.0
                    ],
                    [
                        -0.6516142832991081,
                        0.0,
                        0.0,
                        0.0,
                        0.0,
                        0.0
                    ],
                    [
                        0.9942686083418084,
                        0.7344021072535888,
                        0.0,
                        0.0,
                        0.0,
                        0.0
                    ],
                    [
                        0.8421759157519256,
                        -0.9780891672774108,
                        0.6961425925090292,
                        0.0,
                        0.0,
                        0.0
                    ],
                    [
                        0.0,
                        0.0,
                        0.0,
                        0.0,
                        0.0,
                        0.0
                    ],
                    [
                        0.7665922985574525,
                        0.7422617155199865,
                        -0.9477202333433148,
                        0.7589300474865053,
                        0.8984109061974731,
                        0.0
                    ]
                ]
            },
            "est_params": {
                "mui": [
                    -0.005023961998093513,
                    -0.0031891283873491244,
                    -0.00208128577095198,
                    -0.006086096495859783,
                    1.0000007660662582,
                    0.8806205454561236
                ],
                "Si": [
                    [
                        1.0129830928674746,
                        -0.6606698487891512,
                        0.5264037425134301,
                        1.8615355034825605,
                        -2.9100643311276866e-07,
                        1.1980529438205891
                    ],
                    [
                        -0.660669848789151,
                        1.4111694295094392,
                        0.3790260306197464,
                        -1.6679466071848827,
                        7.091618228787854e-07,
                        -1.0728230550349191
                    ],
                    [
                        0.5264037425134301,
                        0.3790260306197464,
                        1.8094881438795865,
                        1.3250531484932662,
                        -2.807924492805198e-07,
                        -0.03250305793348426
                    ],
                    [
                        1.8615355034825605,
                        -1.6679466071848827,
                        1.3250531484932666,
                        5.115318131851931,
                        -8.987988833998211e-07,
                        2.8041741828493465
                    ],
                    [
                        -2.9100643311276866e-07,
                        7.091618228787855e-07,
                        -2.807924492805195e-07,
                        -8.987988833998214e-07,
                        1.006545961326086e-06,
                        -7.492190887748812e-07
                    ],
                    [
                        1.1980529438205891,
                        -1.0728230550349191,
                        -0.03250305793348424,
                        2.8041741828493465,
                        -7.492190887748812e-07,
                        3.2792013593709872
                    ]
                ]
            },
            "est_tgt": [
                3,
                4
            ],
            "oracle_est_tgt": [
                3,
                4
            ]
        },
        "5": {
            "intv_type": "do",
            "inode": 5,
            "new_mui": 1.0,
            "new_vari": null,
            "true_params": {
                "Si": [
                    [
                        1.0,
                        -0.6516142832991081,
                        0.5157217055704064,
                        1.838528632618978,
                        2.6073023305903225,
                        0.0
                    ],
                    [
                        -0.6516142832991081,
                        1.4246011741994102,
                        0.39835047769653475,
                        -1.664852097658708,
                        -0.6234631291429256,
                        0.0
                    ],
                    [
                        0.5157217055704064,
                        0.39835047769653475,
                        1.8053153327349607,
                        1.3014630086735557,
                        3.7272413187956763,
                        0.0
                    ],
                    [
                        1.838528632618978,
                        -1.664852097658708,
                        1.3014630086735557,
                        5.08274216956369,
                        6.290828122692875,
                        0.0
                    ],
                    [
                        2.6073023305903225,
                        -0.6234631291429256,
                        3.7272413187956763,
                        6.290828122692875,
                        12.284616153384256,
                        0.0
                    ],
                    [
                        0.0,
                        0.0,
                        0.0,
                        0.0,
                        0.0,
                        1e-09
                    ]
                ],
                "mui": [
                    0.0,
                    0.0,
                    0.0,
                    0.0,
                    0.0,
                    1.0
                ],
                "Ai": [
                    [
                        0.0,
                        0.0,
                        0.0,
                        0.0,
                        0.0,
                        0.0
                    ],
                    [
                        -0.6516142832991081,
                        0.0,
                        0.0,
                        0.0,
                        0.0,
                        0.0
                    ],
                    [
                        0.9942686083418084,
                        0.7344021072535888,
                        0.0,
                        0.0,
                        0.0,
                        0.0
                    ],
                    [
                        0.8421759157519256,
                        -0.9780891672774108,
                        0.6961425925090292,
                        0.0,
                        0.0,
                        0.0
                    ],
                    [
                        0.9745017593997203,
                        0.776784353196629,
                        0.9728213709306814,
                        0.8905269274010721,
                        0.0,
                        0.0
                    ],
                    [
                        0.0,
                        0.0,
                        0.0,
                        0.0,
                        0.0,
                        0.0
                    ]
                ]
            },
            "est_params": {
                "mui": [
                    0.002139814751314417,
                    -0.010490940954168873,
                    -0.007552782103056939,
                    0.007956223098232296,
                    0.008279823561235666,
                    0.9999998719723076
                ],
                "Si": [
                    [
                        1.0093444248626584,
                        -0.6470846650358508,
                        0.5256229332190763,
                        1.8459605116615012,
                        2.6248826665859144,
                        4.816705383715914e-07
                    ],
                    [
                        -0.6470846650358508,
                        1.429880597529624,
                        0.4133646779167379,
                        -1.6608725979916295,
                        -0.5868345789867954,
                        -1.024131488069971e-07
                    ],
                    [
                        0.5256229332190763,
                        0.4133646779167379,
                        1.8415972033108163,
                        1.3175916145510647,
                        3.791188524365304,
                        -4.8175586232308144e-08
                    ],
                    [
                        1.8459605116615012,
                        -1.6608725979916295,
                        1.3175916145510647,
                        5.096999838004967,
                        6.313643953679171,
                        1.5901627169810436e-07
                    ],
                    [
                        2.6248826665859144,
                        -0.5868345789867954,
                        3.791188524365303,
                        6.313643953679171,
                        12.389725557043016,
                        3.848208080793125e-07
                    ],
                    [
                        4.816705383715914e-07,
                        -1.024131488069971e-07,
                        -4.817558623230805e-08,
                        1.5901627169810455e-07,
                        3.848208080793128e-07,
                        1.0029602809538685e-06
                    ]
                ]
            },
            "est_tgt": [
                5
            ],
            "oracle_est_tgt": [
                5
            ]
        },
        "obs": {
            "intv_type": "obs",
            "true_params": {
                "Si": [
                    [
                        1.0,
                        -0.6516142832991081,
                        0.5157217055704064,
                        1.838528632618978,
                        2.6073023305903225,
                        3.531907539650388
                    ],
                    [
                        -0.6516142832991081,
                        1.4246011741994102,
                        0.39835047769653475,
                        -1.664852097658708,
                        -0.6234631291429256,
                        -1.6432527437572086
                    ],
                    [
                        0.5157217055704064,
                        0.39835047769653475,
                        1.8053153327349607,
                        1.3014630086735557,
                        3.7272413187956763,
                        3.316408362055023
                    ],
                    [
                        1.838528632618978,
                        -1.664852097658708,
                        1.3014630086735557,
                        5.08274216956369,
                        6.290828122692875,
                        8.449417440629766
                    ],
                    [
                        2.6073023305903225,
                        -0.6234631291429256,
                        3.7272413187956763,
                        6.290828122692875,
                        12.284616153384256,
                        13.814514678999283
                    ],
                    [
                        3.531907539650388,
                        -1.6432527437572086,
                        3.316408362055023,
                        8.449417440629766,
                        13.814514678999283,
                        18.16840964263882
                    ]
                ],
                "mui": [
                    0.0,
                    0.0,
                    0.0,
                    0.0,
                    0.0,
                    0.0
                ],
                "Ai": [
                    [
                        0.0,
                        0.0,
                        0.0,
                        0.0,
                        0.0,
                        0.0
                    ],
