{
    "expt_args": {
        "save_dir": "all_expt_logs/expt_logs_11.05.24-sparsity_n6-corr",
        "exp_name": "124",
        "num_nodes": 6,
        "obs_noise_mean": 0.0,
        "obs_noise_var": 1.0,
        "max_edge_strength": 1.0,
        "graph_sparsity_method": "adj_dense_prop",
        "adj_dense_prop": 1.0,
        "num_parents": null,
        "new_noise_mean": 1.0,
        "mix_samples": 16384,
        "stage2_samples": 16384,
        "gmm_tol": 0.001,
        "intv_type": "do",
        "new_noise_var": null,
        "intv_targets": [
            0,
            1,
            2,
            3,
            4,
            5
        ]
    },
    "intv_args_dict": {
        "0": {
            "intv_type": "do",
            "inode": 0,
            "new_mui": 1.0,
            "new_vari": null,
            "true_params": {
                "Si": [
                    [
                        1e-09,
                        -9.870324432484214e-10,
                        -1.3062126680688347e-09,
                        1.9507684141896086e-09,
                        2.189454167409542e-09,
                        5.776837949789969e-09
                    ],
                    [
                        -9.870324432484214e-10,
                        1.0000000009742331,
                        0.5237163917360341,
                        -0.9382356987320394,
                        -1.5234810398183642,
                        -3.2261337923605855
                    ],
                    [
                        -1.3062126680688347e-09,
                        0.5237163917360341,
                        1.2742788593287746,
                        -1.127003775787987,
                        -1.8160765120769031,
                        -3.6113536675547815
                    ],
                    [
                        1.9507684141896086e-09,
                        -0.9382356987320394,
                        -1.127003775787987,
                        2.284317267095567,
                        2.845276225679841,
                        5.693161506852372
                    ],
                    [
                        2.189454167409542e-09,
                        -1.5234810398183642,
                        -1.8160765120769031,
                        2.845276225679841,
                        4.948613316814577,
                        8.888858238361959
                    ],
                    [
                        5.776837949789969e-09,
                        -3.2261337923605855,
                        -3.6113536675547815,
                        5.693161506852372,
                        8.888858238361959,
                        18.01034442963508
                    ]
                ],
                "mui": [
                    1.0,
                    -0.9870324432484212,
                    -1.3062126680688346,
                    1.9507684141896084,
                    2.189454167409542,
                    5.776837949789968
                ],
                "Ai": [
                    [
                        0.0,
                        0.0,
                        0.0,
                        0.0,
                        0.0,
                        0.0
                    ],
                    [
                        -0.9870324432484212,
                        0.0,
                        0.0,
                        0.0,
                        0.0,
                        0.0
                    ],
                    [
                        -0.7892875996369251,
                        0.5237163904467599,
                        0.0,
                        0.0,
                        0.0,
                        0.0
                    ],
                    [
                        0.5230010232082714,
                        -0.6053435637663386,
                        -0.6356343607200323,
                        0.0,
                        0.0,
                        0.0
                    ],
                    [
                        -0.5199508872441488,
                        -0.5249114287628422,
                        -0.5296011898462116,
                        0.7686861497879902,
                        0.0,
                        0.0
                    ],
                    [
                        0.7914884439501061,
                        -0.869223307095025,
                        -0.5233147745493281,
                        0.7478568716586287,
                        0.9065921449215136,
                        0.0
                    ]
                ]
            },
            "est_params": {
                "mui": [
                    1.000000335223746,
                    -1.0246746241575835,
                    -1.327510493814802,
                    1.9862757170640324,
                    2.2399991642337542,
                    5.882530162965616
                ],
                "Si": [
                    [
                        1.0188706949943617e-06,
                        -3.947899702851089e-06,
                        4.987507019876232e-06,
                        1.1465512807262135e-06,
                        -1.0169030440876306e-06,
                        2.765837909081439e-06
                    ],
                    [
                        -3.9478997028510884e-06,
                        1.0157942634869104,
                        0.520301722696968,
                        -0.9171872729301257,
                        -1.5149857437068681,
                        -3.2033991047901846
                    ],
                    [
                        4.987507019876232e-06,
                        0.520301722696968,
                        1.2359437096958064,
                        -1.0934406812641297,
                        -1.7407155312159586,
                        -3.457095501313767
                    ],
                    [
                        1.1465512807262133e-06,
                        -0.9171872729301257,
                        -1.0934406812641297,
                        2.2293471512138376,
                        2.737211829515181,
                        5.46481351977999
                    ],
                    [
                        -1.0169030440876306e-06,
                        -1.5149857437068681,
                        -1.7407155312159586,
                        2.7372118295151813,
                        4.803774520691712,
                        8.565250184303153
                    ],
                    [
                        2.765837909081439e-06,
                        -3.2033991047901846,
                        -3.457095501313768,
                        5.46481351977999,
                        8.565250184303153,
                        17.29618565079614
                    ]
                ]
            },
            "est_tgt": [
                0
            ],
            "oracle_est_tgt": [
                0
            ]
        },
        "1": {
            "intv_type": "do",
            "inode": 1,
            "new_mui": 1.0,
            "new_vari": null,
            "true_params": {
                "Si": [
                    [
                        1.0,
                        0.0,
                        -0.7892875996369251,
                        1.024699342027737,
                        0.6857289565680151,
                        2.592539236097991
                    ],
                    [
                        0.0,
                        1e-09,
                        5.237163904467599e-10,
                        -9.382356968065678e-10,
                        -1.5234810376573022e-09,
                        -3.2261337866586594e-09
                    ],
                    [
                        -0.7892875996369251,
                        5.237163904467599e-10,
                        1.6229749152148978,
                        -1.4444168452300108,
                        -1.5594418821900178,
                        -3.968033590475702
                    ],
                    [
                        1.024699342027737,
                        -9.382356968065678e-10,
                        -1.4444168452300108,
                        2.4540397829603275,
                        2.1185579405047275,
                        5.3228608667037784
                    ],
                    [
                        0.6857289565680151,
                        -1.5234810376573022e-09,
                        -1.5594418821900178,
                        2.1185579405047275,
                        3.097843044116351,
                        5.75168380693989
                    ],
                    [
                        2.592539236097991,
                        -3.2261337866586594e-09,
                        -3.968033590475702,
                        5.3228608667037784,
                        5.75168380693989,
                        14.323664887958177
                    ]
                ],
                "mui": [
                    0.0,
                    1.0,
                    0.5237163904467599,
                    -0.9382356968065677,
                    -1.523481037657302,
                    -3.226133786658659
                ],
                "Ai": [
                    [
                        0.0,
                        0.0,
                        0.0,
                        0.0,
                        0.0,
                        0.0
                    ],
                    [
                        0.0,
                        0.0,
                        0.0,
                        0.0,
                        0.0,
                        0.0
                    ],
                    [
                        -0.7892875996369251,
                        0.5237163904467599,
                        0.0,
                        0.0,
                        0.0,
                        0.0
                    ],
                    [
                        0.5230010232082714,
                        -0.6053435637663386,
                        -0.6356343607200323,
                        0.0,
                        0.0,
                        0.0
                    ],
                    [
                        -0.5199508872441488,
                        -0.5249114287628422,
                        -0.5296011898462116,
                        0.7686861497879902,
                        0.0,
                        0.0
                    ],
                    [
                        0.7914884439501061,
                        -0.869223307095025,
                        -0.5233147745493281,
                        0.7478568716586287,
                        0.9065921449215136,
                        0.0
                    ]
                ]
            },
            "est_params": {
                "mui": [
                    -0.37716969524387933,
                    0.953069513959481,
                    0.9480648273257005,
                    -1.4254365620133504,
                    -1.9156868411219918,
                    -4.427629756827415
                ],
                "Si": [
                    [
                        0.7413813080857135,
                        -0.23085063073202466,
                        -0.4217110500567499,
                        0.7686324928558598,
                        0.5903992178568614,
                        2.1422786526612554
                    ],
                    [
                        -0.23085063073202466,
                        0.529547872750312,
                        0.1802173846372415,
                        -0.5460261424264713,
                        -0.6881931122033964,
                        -1.7729358404631426
                    ],
                    [
                        -0.4217110500567499,
                        0.1802173846372415,
                        1.0367258440990685,
                        -0.9372353598192908,
                        -1.157716207707824,
                        -2.793427228375638
                    ],
                    [
                        0.7686324928558598,
                        -0.5460261424264713,
                        -0.9372353598192908,
                        2.2345655205211683,
                        2.112387901820906,
                        5.214646567493316
                    ],
                    [
                        0.5903992178568614,
                        -0.6881931122033964,
                        -1.157716207707824,
                        2.112387901820906,
                        3.3299447683638164,
                        6.283735802029217
                    ],
                    [
                        2.1422786526612554,
                        -1.7729358404631426,
                        -2.793427228375638,
                        5.214646567493316,
                        6.283735802029217,
                        15.36318364311392
                    ]
                ]
            },
            "est_tgt": [
                0,
                1,
                2,
                5
            ],
            "oracle_est_tgt": [
                1,
                2,
                3,
                5
            ]
        },
        "2": {
            "intv_type": "do",
            "inode": 2,
            "new_mui": 1.0,
            "new_vari": null,
            "true_params": {
                "Si": [
                    [
                        1.0,
                        -0.9870324432484212,
                        0.0,
                        1.120494759957267,
                        0.8594625256658288,
                        3.2665917289951545
                    ],
                    [
                        -0.9870324432484212,
                        1.9742330440249478,
                        0.0,
                        -1.7113082443340129,
                        -1.8385480386817317,
                        -5.443900988119577
                    ],
                    [
                        0.0,
                        0.0,
                        1e-09,
                        -6.356343607200324e-10,
                        -1.018204519261044e-09,
                        -1.9217745181617925e-09
                    ],
                    [
                        1.120494759957267,
                        -1.7113082443340129,
                        -6.356343607200324e-10,
                        2.6219493376890557,
                        2.3311391526588015,
                        6.4486029397954665
                    ],
                    [
                        0.8594625256658288,
                        -1.8385480386817317,
                        -1.018204519261044e-09,
                        2.3311391526588015,
                        3.3101109554770787,
                        7.022642489204046
                    ],
                    [
                        3.2665917289951545,
                        -5.443900988119577,
                        -1.9217745181617925e-09,
                        6.4486029397954665,
                        7.022642489204046,
                        19.50673976442806
                    ]
                ],
                "mui": [
                    0.0,
                    0.0,
                    1.0,
                    -0.6356343607200323,
                    -1.0182045192610438,
                    -1.9217745181617922
                ],
                "Ai": [
                    [
                        0.0,
                        0.0,
                        0.0,
                        0.0,
                        0.0,
                        0.0
                    ],
                    [
                        -0.9870324432484212,
                        0.0,
                        0.0,
                        0.0,
                        0.0,
                        0.0
                    ],
                    [
                        0.0,
                        0.0,
                        0.0,
                        0.0,
                        0.0,
                        0.0
                    ],
                    [
                        0.5230010232082714,
                        -0.6053435637663386,
                        -0.6356343607200323,
                        0.0,
                        0.0,
                        0.0
                    ],
                    [
                        -0.5199508872441488,
                        -0.5249114287628422,
                        -0.5296011898462116,
                        0.7686861497879902,
                        0.0,
                        0.0
                    ],
                    [
                        0.7914884439501061,
                        -0.869223307095025,
                        -0.5233147745493281,
                        0.7478568716586287,
                        0.9065921449215136,
                        0.0
                    ]
                ]
            },
            "est_params": {
                "mui": [
                    0.5663328344566466,
                    -0.4849873759428967,
                    0.38142422827751,
                    0.472907003008099,
                    0.16227128661079848,
                    1.183079053866045
                ],
                "Si": [
                    [
                        0.7070630389397264,
                        -0.2071004546824236,
                        -0.12863705807755593,
                        0.5200396548468974,
                        0.18064939917366046,
                        1.327814900630716
                    ],
                    [
                        -0.2071004546824236,
                        1.4300103047160748,
                        -0.6050365485670466,
                        -0.49259443971686884,
                        -0.6970774558868736,
                        -2.0834909661287977
                    ],
                    [
                        -0.12863705807755593,
                        -0.6050365485670466,
                        0.7902813236482676,
                        -0.22781580285608166,
                        -0.20608606675152907,
                        -0.2871769119025223
                    ],
                    [
                        0.5200396548468974,
                        -0.49259443971686884,
                        -0.22781580285608163,
                        1.751916454473815,
                        1.4537729188324775,
                        3.493322963388049
                    ],
                    [
                        0.1806493991736605,
                        -0.6970774558868736,
                        -0.20608606675152907,
                        1.4537729188324775,
                        2.5555824251219272,
                        4.171034578317918
                    ],
                    [
                        1.3278149006307163,
                        -2.0834909661287977,
                        -0.28717691190252226,
                        3.493322963388049,
                        4.171034578317918,
                        10.206091862286975
                    ]
                ]
            },
            "est_tgt": [
                0,
                1,
                2,
                5
            ],
            "oracle_est_tgt": [
                1,
                2,
                5
            ]
        },
        "3": {
            "intv_type": "do",
            "inode": 3,
            "new_mui": 1.0,
            "new_vari": null,
            "true_params": {
                "Si": [
                    [
                        1.0,
                        -0.9870324432484212,
                        -1.3062126680688346,
                        0.0,
                        0.6899255059781084,
                        2.9584814806852537
                    ],
                    [
                        -0.9870324432484212,
                        1.9742330440249478,
                        1.8129906716127808,
                        0.0,
                        -1.483251110110385,
                        -4.790742758085875
                    ],
                    [
                        -1.3062126680688346,
                        1.8129906716127808,
                        2.9804703918460866,
                        0.0,
                        -1.8509537539011243,
                        -5.84753030448904
                    ],
                    [
                        0.0,
                        0.0,
                        0.0,
                        1e-09,
                        7.686861497879903e-10,
                        1.4447416969663828e-09
                    ],
                    [
                        0.6899255059781084,
                        -1.483251110110385,
                        -1.8509537539011243,
                        7.686861497879903e-10,
                        2.400115391463654,
                        4.979901708155658
                    ],
                    [
                        2.9584814806852537,
                        -4.790742758085875,
                        -5.84753030448904,
                        1.4447416969663828e-09,
                        4.979901708155658,
                        15.080667942367379
                    ]
                ],
                "mui": [
                    0.0,
                    0.0,
                    0.0,
                    1.0,
                    0.7686861497879902,
                    1.4447416969663827
                ],
                "Ai": [
                    [
                        0.0,
                        0.0,
                        0.0,
                        0.0,
                        0.0,
                        0.0
                    ],
                    [
                        -0.9870324432484212,
                        0.0,
                        0.0,
                        0.0,
                        0.0,
                        0.0
                    ],
                    [
                        -0.7892875996369251,
                        0.5237163904467599,
                        0.0,
                        0.0,
                        0.0,
                        0.0
                    ],
                    [
                        0.0,
                        0.0,
                        0.0,
                        0.0,
                        0.0,
                        0.0
                    ],
                    [
                        -0.5199508872441488,
                        -0.5249114287628422,
                        -0.5296011898462116,
                        0.7686861497879902,
                        0.0,
                        0.0
                    ],
                    [
                        0.7914884439501061,
                        -0.869223307095025,
                        -0.5233147745493281,
                        0.7478568716586287,
                        0.9065921449215136,
                        0.0
                    ]
                ]
            },
            "est_params": {
                "mui": [
                    -0.010253586696035466,
                    -0.015503310248570958,
                    -0.04493218039643157,
                    0.9999991217197768,
                    0.7902275151028808,
                    1.4700601742252974
                ],
                "Si": [
                    [
                        1.0035727071310827,
                        -0.978912153641804,
                        -1.3052973549930933,
                        -1.6500758436828632e-06,
                        0.6973390892979523,
                        2.926088518556321
                    ],
                    [
                        -0.978912153641804,
                        1.9489421742339612,
                        1.8199038997209689,
                        6.542300693921995e-07,
                        -1.4876102483709468,
                        -4.741784858613292
                    ],
                    [
                        -1.3052973549930933,
                        1.8199038997209689,
                        2.960248628784733,
                        1.4046261535146322e-06,
                        -1.9121892456563276,
                        -5.859841547333552
                    ],
                    [
                        -1.6500758436828636e-06,
                        6.542300693921995e-07,
                        1.4046261535146322e-06,
                        1.0096099888239838e-06,
                        1.756839895802128e-06,
                        -1.3387421656026042e-06
                    ],
                    [
                        0.6973390892979525,
                        -1.4876102483709468,
                        -1.9121892456563276,
                        1.7568398958021278e-06,
                        2.4959130053250553,
                        5.105708102017245
                    ],
                    [
                        2.926088518556321,
                        -4.741784858613292,
                        -5.859841547333552,
                        -1.3387421656026044e-06,
                        5.105708102017245,
                        15.040399210446019
                    ]
                ]
            },
            "est_tgt": [
                1,
                3,
                5
            ],
            "oracle_est_tgt": [
                1,
                3,
                5
            ]
        },
        "4": {
            "intv_type": "do",
            "inode": 4,
            "new_mui": 1.0,
            "new_vari": null,
            "true_params": {
                "Si": [
                    [
                        1.0,
                        -0.9870324432484212,
                        -1.3062126680688346,
                        1.9507684141896084,
                        0.0,
                        3.7918959999508046
                    ],
                    [
                        -0.9870324432484212,
                        1.9742330440249478,
                        1.8129906716127808,
                        -2.863707410875985,
                        0.0,
                        -5.587682218357031
                    ],
                    [
                        -1.3062126680688346,
                        1.8129906716127808,
                        2.9804703918460866,
                        -3.675122188322886,
                        0.0,
                        -6.9179355533116595
                    ],
                    [
                        1.9507684141896084,
                        -2.863707410875985,
                        -3.675122188322886,
                        6.089814669089909,
                        0.0,
                        10.510767369717936
                    ],
                    [
                        0.0,
                        0.0,
                        0.0,
                        0.0,
                        1e-09,
                        9.065921449215137e-10
                    ],
                    [
                        3.7918959999508046,
                        -5.587682218357031,
                        -6.9179355533116595,
                        10.510767369717936,
                        9.065921449215137e-10,
                        20.338992970556887
                    ]
                ],
                "mui": [
                    0.0,
                    0.0,
                    0.0,
                    0.0,
                    1.0,
                    0.9065921449215136
                ],
                "Ai": [
                    [
                        0.0,
                        0.0,
                        0.0,
                        0.0,
                        0.0,
                        0.0
                    ],
                    [
                        -0.9870324432484212,
                        0.0,
                        0.0,
                        0.0,
                        0.0,
                        0.0
                    ],
                    [
                        -0.7892875996369251,
                        0.5237163904467599,
                        0.0,
                        0.0,
                        0.0,
                        0.0
                    ],
                    [
                        0.5230010232082714,
                        -0.6053435637663386,
                        -0.6356343607200323,
                        0.0,
                        0.0,
                        0.0
                    ],
                    [
                        0.0,
                        0.0,
                        0.0,
                        0.0,
                        0.0,
                        0.0
                    ],
                    [
                        0.7914884439501061,
                        -0.869223307095025,
                        -0.5233147745493281,
                        0.7478568716586287,
                        0.9065921449215136,
                        0.0
                    ]
                ]
            },
            "est_params": {
                "mui": [
                    -0.002939033406312388,
                    -0.015963396198269218,
                    0.00998627359043958,
                    -0.009583810880627716,
                    1.000000493268799,
                    0.9272447328754458
                ],
                "Si": [
                    [
                        0.9959842389526317,
                        -0.9985252810764079,
                        -1.3120669028993093,
                        1.9709680391058557,
                        6.789567552426439e-07,
                        3.8307962586674167
                    ],
                    [
                        -0.9985252810764081,
                        1.972051036335208,
                        1.8101675817452478,
                        -2.892419239581332,
                        -6.189648108559928e-07,
                        -5.605879180277257
                    ],
                    [
                        -1.3120669028993093,
                        1.8101675817452478,
                        2.9753549556597845,
                        -3.684942869399899,
                        2.1688007290575134e-06,
                        -6.913714777075947
                    ],
                    [
                        1.9709680391058557,
                        -2.8924192395813324,
                        -3.684942869399899,
                        6.161611114958395,
                        -9.188062700355743e-08,
                        10.640931558749728
                    ],
                    [
                        6.789567552426439e-07,
                        -6.18964810855993e-07,
                        2.168800729057514e-06,
                        -9.188062700355673e-08,
                        1.009231025972524e-06,
                        -3.013331043046569e-06
                    ],
                    [
                        3.8307962586674167,
                        -5.605879180277257,
                        -6.913714777075947,
                        10.640931558749728,
                        -3.013331043046568e-06,
                        20.50594548773239
                    ]
                ]
            },
            "est_tgt": [
                1,
                3,
                4,
                5
            ],
            "oracle_est_tgt": [
                1,
                3,
                4,
                5
            ]
        },
        "5": {
            "intv_type": "do",
            "inode": 5,
            "new_mui": 1.0,
            "new_vari": null,
            "true_params": {
                "Si": [
                    [
                        1.0,
                        -0.9870324432484212,
                        -1.3062126680688346,
                        1.9507684141896084,
                        2.189454167409542,
                        0.0
                    ],
                    [
                        -0.9870324432484212,
                        1.9742330440249478,
                        1.8129906716127808,
                        -2.863707410875985,
                        -3.68454333389598,
                        0.0
                    ],
                    [
                        -1.3062126680688346,
                        1.8129906716127808,
                        2.9804703918460866,
                        -3.675122188322886,
                        -4.675969278843457,
                        0.0
                    ],
                    [
                        1.9507684141896084,
                        -2.863707410875985,
                        -3.675122188322886,
                        6.089814669089909,
                        7.116394255507066,
                        0.0
                    ],
                    [
                        2.189454167409542,
                        -3.68454333389598,
                        -4.675969278843457,
                        7.116394255507066,
                        9.742322863207878,
                        0.0
                    ],
                    [
                        0.0,
                        0.0,
                        0.0,
                        0.0,
                        0.0,
                        1e-09
                    ]
                ],
                "mui": [
                    0.0,
                    0.0,
                    0.0,
                    0.0,
                    0.0,
                    1.0
                ],
                "Ai": [
                    [
                        0.0,
                        0.0,
                        0.0,
                        0.0,
                        0.0,
                        0.0
                    ],
                    [
                        -0.9870324432484212,
                        0.0,
                        0.0,
                        0.0,
                        0.0,
                        0.0
                    ],
                    [
                        -0.7892875996369251,
                        0.5237163904467599,
                        0.0,
                        0.0,
                        0.0,
                        0.0
                    ],
                    [
                        0.5230010232082714,
                        -0.6053435637663386,
                        -0.6356343607200323,
                        0.0,
                        0.0,
                        0.0
                    ],
                    [
                        -0.5199508872441488,
                        -0.5249114287628422,
                        -0.5296011898462116,
                        0.7686861497879902,
                        0.0,
                        0.0
                    ],
                    [
                        0.0,
                        0.0,
                        0.0,
                        0.0,
                        0.0,
                        0.0
                    ]
                ]
            },
            "est_params": {
                "mui": [
                    -0.002053199152018322,
                    0.013698597604470564,
                    0.014885094829410278,
                    -0.043035397375377524,
                    -0.030672167483905343,
                    1.0000001499811788
                ],
                "Si": [
                    [
                        0.9253862950790538,
                        -0.9325483005304122,
                        -1.2271122181468515,
                        1.8274267934662198,
                        2.044750913538254,
                        -9.281637873118312e-07
                    ],
                    [
                        -0.9325483005304122,
                        1.972707374431183,
                        1.8159260455115205,
                        -2.8198449661735427,
                        -3.6289968292253647,
                        1.386907383703966e-06
                    ],
                    [
                        -1.2271122181468515,
                        1.8159260455115205,
                        2.926346017345749,
                        -3.578850751688955,
                        -4.576429415015188,
                        -5.017837875296871e-08
                    ],
                    [
                        1.8274267934662198,
                        -2.8198449661735427,
                        -3.578850751688955,
                        5.975411658744605,
                        6.960675953580654,
                        -2.0007174946381143e-06
                    ],
                    [
                        2.044750913538254,
                        -3.6289968292253647,
                        -4.576429415015188,
                        6.960675953580654,
                        9.596001048548082,
                        5.906467339790338e-07
                    ],
                    [
                        -9.281637873118312e-07,
                        1.3869073837039657e-06,
                        -5.017837875296885e-08,
                        -2.0007174946381143e-06,
                        5.906467339790331e-07,
                        1.010652820925311e-06
                    ]
                ]
            },
            "est_tgt": [
                1,
                3,
                4,
                5
            ],
            "oracle_est_tgt": [
                1,
                3,
                4,
                5
            ]
        },
        "obs": {
            "intv_type": "obs",
            "true_params": {
                "Si": [
                    [
                        1.0,
                        -0.9870324432484212,
                        -1.3062126680688346,
                        1.9507684141896084,
                        2.189454167409542,
                        5.776837949789968
                    ],
                    [
                        -0.9870324432484212,
                        1.9742330440249478,
                        1.8129906716127808,
                        -2.863707410875985,
                        -3.68454333389598,
                        -8.928060262490051
                    ],
                    [
                        -1.3062126680688346,
                        1.8129906716127808,
                        2.9804703918460866,
                        -3.675122188322886,
                        -4.675969278843457,
                        -11.157132571405453
                    ],
                    [
                        1.9507684141896084,
                        -2.863707410875985,
                        -3.675122188322886,
                        6.089814669089909,
                        7.116394255507066,
                        16.962434501925223
                    ],
                    [
                        2.189454167409542,
                        -3.68454333389598,
                        -4.675969278843457,
                        7.116394255507066,
                        9.742322863207878,
                        21.536980149331075
                    ],
                    [
                        5.776837949789968,
                        -8.928060262490051,
                        -11.157132571405453,
                        16.962434501925223,
                        21.536980149331075,
                        51.382201094396784
                    ]
                ],
