{
    "expt_args": {
        "save_dir": "all_expt_logs/expt_logs_11.05.24-unequal_matching",
        "exp_name": "71",
        "num_nodes": 8,
        "obs_noise_mean": 0.0,
        "obs_noise_var": 1.0,
        "max_edge_strength": 1.0,
        "graph_sparsity_method": "adj_dense_prop",
        "adj_dense_prop": 0.8,
        "num_parents": null,
        "new_noise_mean": 1.0,
        "mix_samples": 131072,
        "stage2_samples": 131072,
        "gmm_tol": 0.001,
        "intv_type": "do",
        "new_noise_var": null,
        "intv_targets": [
            0,
            1,
            2,
            3,
            4,
            5,
            6,
            7
        ]
    },
    "intv_args_dict": {
        "0": {
            "intv_type": "do",
            "inode": 0,
            "new_mui": 1.0,
            "new_vari": null,
            "true_params": {
                "Si": [
                    [
                        1e-09,
                        5.153368225093457e-10,
                        -1.3097799931536364e-09,
                        9.104849190531069e-10,
                        4.257723560513222e-10,
                        -1.836320913191419e-09,
                        -2.0357989625919285e-09,
                        -1.7461448768050971e-09
                    ],
                    [
                        5.153368225093457e-10,
                        1.000000000265572,
                        -0.7120583816791991,
                        -0.04044094449166596,
                        0.8262020829234923,
                        -1.437796849402499,
                        -1.1690440405574596,
                        -1.714422842117955
                    ],
                    [
                        -1.3097799931536364e-09,
                        -0.7120583816791991,
                        1.5070271396738764,
                        -0.9590016346165414,
                        -0.5883041179502483,
                        1.4372824781424145,
                        1.1098718072343958,
                        1.4787242648007044
                    ],
                    [
                        9.104849190531069e-10,
                        -0.04044094449166596,
                        -0.9590016346165414,
                        1.9773802553886304,
                        -0.03341239256553435,
                        0.16048917821030356,
                        0.696176942448413,
                        0.29845935247668753
                    ],
                    [
                        4.257723560513222e-10,
                        0.8262020829234923,
                        -0.5883041179502483,
                        -0.03341239256553435,
                        1.6826098816458352,
                        -1.1879107514817038,
                        -1.7641573038561995,
                        -2.0676066978316747
                    ],
                    [
                        -1.836320913191419e-09,
                        -1.437796849402499,
                        1.4372824781424145,
                        0.16048917821030356,
                        -1.1879107514817038,
                        3.499132850864118,
                        2.884749674578727,
                        3.827619782274848
                    ],
                    [
                        -2.0357989625919285e-09,
                        -1.1690440405574596,
                        1.1098718072343958,
                        0.696176942448413,
                        -1.7641573038561995,
                        2.884749674578727,
                        4.314373204615409,
                        4.481109025081799
                    ],
                    [
                        -1.7461448768050971e-09,
                        -1.714422842117955,
                        1.4787242648007044,
                        0.29845935247668753,
                        -2.0676066978316747,
                        3.827619782274848,
                        4.481109025081799,
                        6.346937545772907
                    ]
                ],
                "mui": [
                    1.0,
                    0.5153368225093456,
                    -1.3097799931536362,
                    0.9104849190531068,
                    0.4257723560513222,
                    -1.8363209131914189,
                    -2.0357989625919286,
                    -1.7461448768050971
                ],
                "Ai": [
                    [
                        0.0,
                        0.0,
                        0.0,
                        0.0,
                        0.0,
                        0.0,
                        0.0,
                        0.0
                    ],
                    [
                        0.5153368225093456,
                        0.0,
                        0.0,
                        0.0,
                        0.0,
                        0.0,
                        0.0,
                        0.0
                    ],
                    [
                        -0.9428300896457719,
                        -0.7120583810042213,
                        0.0,
                        0.0,
                        0.0,
                        0.0,
                        0.0,
                        0.0
                    ],
                    [
                        0.0,
                        -0.7438107520170164,
                        -0.9877979472191261,
                        0.0,
                        0.0,
                        0.0,
                        0.0,
                        0.0
                    ],
                    [
                        -0.0,
                        0.8262020827040761,
                        -0.0,
                        -0.0,
                        0.0,
                        0.0,
                        0.0,
                        0.0
                    ],
                    [
                        -0.705523099272573,
                        -0.7634423845305303,
                        0.9180396567068214,
                        0.5107851038916291,
                        0.0,
                        0.0,
                        0.0,
                        0.0
                    ],
                    [
                        -0.7359287647675822,
                        0.8461838993424229,
                        0.6220228602908435,
                        0.6074216446141265,
                        -0.798290682774838,
                        0.6177487584205171,
                        0.0,
                        0.0
                    ],
                    [
                        0.6925660268990639,
                        -0.552875915238445,
                        -0.6974859305756269,
                        -0.526795686771741,
                        0.0,
                        0.5048974461392433,
                        0.8156765312292117,
                        0.0
                    ]
                ]
            },
            "est_params": {
                "mui": [
                    1.0000000274388314,
                    0.5055912891608492,
                    -1.2984567638211055,
                    0.9127529959728108,
                    0.4211445222515649,
                    -1.8154296591040018,
                    -2.0138341735640055,
                    -1.7194260733443842
                ],
                "Si": [
                    [
                        1.010535186194474e-06,
                        -4.4851929633105535e-07,
                        1.3892446121350666e-06,
                        -1.8489812237501688e-06,
                        8.332868220767688e-09,
                        -4.768359448338419e-07,
                        -6.391820422701162e-07,
                        -4.4349286665463045e-07
                    ],
                    [
                        -4.4851929633105566e-07,
                        0.9948128167292051,
                        -0.7119118031041869,
                        -0.039953658759955546,
                        0.8226298722083983,
                        -1.4237022135493798,
                        -1.1689002233506103,
                        -1.7124615037604256
                    ],
                    [
                        1.3892446121350662e-06,
                        -0.7119118031041869,
                        1.508343551580981,
                        -0.9642296588484742,
                        -0.5951492078740278,
                        1.4359114252297043,
                        1.1358409962100449,
                        1.4983362855561155
                    ],
                    [
                        -1.8489812237501688e-06,
                        -0.039953658759955546,
                        -0.9642296588484742,
                        1.9790038017760396,
                        -0.011335912663085146,
                        0.1537264301453068,
                        0.6535044127117517,
                        0.2772576640607448
                    ],
                    [
                        8.332868220767806e-09,
                        0.8226298722083982,
                        -0.5951492078740278,
                        -0.011335912663085139,
                        1.6857645538509047,
                        -1.1764805675896526,
                        -1.7628123645408933,
                        -2.0717515899256744
                    ],
                    [
                        -4.768359448338419e-07,
                        -1.4237022135493798,
                        1.4359114252297043,
                        0.15372643014530682,
                        -1.1764805675896526,
                        3.4780384504645943,
                        2.880480555679831,
                        3.8127535242849118
                    ],
                    [
                        -6.391820422701162e-07,
                        -1.1689002233506103,
                        1.1358409962100449,
                        0.6535044127117515,
                        -1.7628123645408933,
                        2.880480555679831,
                        4.320261316677365,
                        4.499900005853937
                    ],
                    [
                        -4.4349286665463045e-07,
                        -1.7124615037604256,
                        1.4983362855561155,
                        0.2772576640607448,
                        -2.0717515899256744,
                        3.8127535242849118,
                        4.499900005853936,
                        6.3638500011840184
                    ]
                ]
            },
            "est_tgt": [
                0
            ],
            "oracle_est_tgt": [
                0
            ],
            "intv_base_est_tgt": [
                0,
                1,
                2,
                3,
                5,
                6,
                7
            ]
        },
        "1": {
            "intv_type": "do",
            "inode": 1,
            "new_mui": 1.0,
            "new_vari": null,
            "true_params": {
                "Si": [
                    [
                        1.0,
                        0.0,
                        -0.9428300896457719,
                        0.9313256271285181,
                        0.0,
                        -1.0953712538940623,
                        -1.4333475218982126,
                        -0.8626396573743166
                    ],
                    [
                        0.0,
                        1e-09,
                        -7.120583810042213e-10,
                        -4.044094496087236e-11,
                        8.262020827040762e-10,
                        -1.4377968484561755e-09,
                        -1.1690440395083376e-09,
                        -1.7144228412181022e-09
                    ],
                    [
                        -0.9428300896457719,
                        -7.120583810042213e-10,
                        1.8889285784484813,
                        -1.8658797717053153,
                        -5.883041173925802e-10,
                        1.4462361581406977,
                        1.62884737187027,
                        1.0712777365542139
                    ],
                    [
                        0.9313256271285181,
                        -4.044094496087236e-11,
                        -1.8658797717053153,
                        2.8431122082782823,
                        -3.341239295319366e-11,
                        -0.9178040032443788,
                        -0.6860135810342982,
                        -0.57427194551557
                    ],
                    [
                        0.0,
                        8.262020827040762e-10,
                        -5.883041173925803e-10,
                        -3.341239295319366e-11,
                        1.00000000068261,
                        -1.187910750699849e-09,
                        -0.7982906837407046,
                        -0.6511469764548385
                    ],
                    [
                        -1.0953712538940623,
                        -1.4377968484561755e-09,
                        1.4462361581406977,
                        -0.9178040032443788,
                        -1.187910750699849e-09,
                        2.6317112559862434,
                        2.7739495091372226,
                        2.307538706665537
                    ],
                    [
                        -1.4333475218982126,
                        -1.1690440395083376e-09,
                        1.62884737187027,
                        -0.6860135810342982,
                        -0.7982906837407046,
                        2.7739495091372226,
                        5.0021943540593705,
                        3.713335634996863
                    ],
                    [
                        -0.8626396573743166,
                        -1.7144228412181022e-09,
                        1.0712777365542139,
                        -0.57427194551557,
                        -0.6511469764548385,
                        2.307538706665537,
                        3.713335634996863,
                        4.151839045647659
                    ]
                ],
                "mui": [
                    0.0,
                    1.0,
                    -0.7120583810042213,
                    -0.04044094496087236,
                    0.8262020827040761,
                    -1.4377968484561754,
                    -1.1690440395083375,
                    -1.7144228412181022
                ],
                "Ai": [
                    [
                        0.0,
                        0.0,
                        0.0,
                        0.0,
                        0.0,
                        0.0,
                        0.0,
                        0.0
                    ],
                    [
                        0.0,
                        0.0,
                        0.0,
                        0.0,
                        0.0,
                        0.0,
                        0.0,
                        0.0
                    ],
                    [
                        -0.9428300896457719,
                        -0.7120583810042213,
                        0.0,
                        0.0,
                        0.0,
                        0.0,
                        0.0,
                        0.0
                    ],
                    [
                        0.0,
                        -0.7438107520170164,
                        -0.9877979472191261,
                        0.0,
                        0.0,
                        0.0,
                        0.0,
                        0.0
                    ],
                    [
                        -0.0,
                        0.8262020827040761,
                        -0.0,
                        -0.0,
                        0.0,
                        0.0,
                        0.0,
                        0.0
                    ],
                    [
                        -0.705523099272573,
                        -0.7634423845305303,
                        0.9180396567068214,
                        0.5107851038916291,
                        0.0,
                        0.0,
                        0.0,
                        0.0
                    ],
                    [
                        -0.7359287647675822,
                        0.8461838993424229,
                        0.6220228602908435,
                        0.6074216446141265,
                        -0.798290682774838,
                        0.6177487584205171,
                        0.0,
                        0.0
                    ],
                    [
                        0.6925660268990639,
                        -0.552875915238445,
                        -0.6974859305756269,
                        -0.526795686771741,
                        0.0,
                        0.5048974461392433,
                        0.8156765312292117,
                        0.0
                    ]
                ]
            },
            "est_params": {
                "mui": [
                    -0.008779740582014108,
                    1.0000002097487843,
                    -0.6979188877917495,
                    -0.04861548409070314,
                    0.8306263256748592,
                    -1.4283303865161816,
                    -1.1676106573935827,
                    -1.7074770628600742
                ],
                "Si": [
                    [
                        1.0138687684916365,
                        -5.320098598739805e-07,
                        -0.9524171608554969,
                        0.9428184604718826,
                        0.006651687035434744,
                        -1.1196207862993424,
                        -1.4695593819448238,
                        -0.9072026685715004
                    ],
                    [
                        -5.320098598739805e-07,
                        1.0154008484199451e-06,
                        6.222271481256797e-08,
                        -3.395826266833885e-07,
                        2.1285834703665398e-06,
                        1.3768700987357593e-06,
                        -1.1224629289229945e-06,
                        -1.2434052522856073e-06
                    ],
                    [
                        -0.9524171608554969,
                        6.22227148125682e-08,
                        1.9063548379096076,
                        -1.8882084250433149,
                        -0.015876887696558012,
                        1.4572365270218495,
                        1.6471076462358758,
                        1.0931621106938276
                    ],
                    [
                        0.9428184604718826,
                        -3.395826266833884e-07,
                        -1.8882084250433147,
                        2.874119752649654,
                        0.016276878910773052,
                        -0.9261815674514896,
                        -0.6984026307670652,
                        -0.5845981167726315
                    ],
                    [
                        0.006651687035434743,
                        2.1285834703665398e-06,
                        -0.015876887696558015,
                        0.01627687891077306,
                        1.0158165313130374,
                        0.003570934071147851,
                        -0.8269952665963026,
                        -0.6635317958699192
                    ],
                    [
                        -1.1196207862993424,
                        1.3768700987357591e-06,
                        1.4572365270218495,
                        -0.9261815674514894,
                        0.003570934071147852,
                        2.6722450845223475,
                        2.811611927325243,
                        2.346858829909215
                    ],
                    [
                        -1.4695593819448238,
                        -1.1224629289229951e-06,
                        1.647107646235876,
                        -0.6984026307670652,
                        -0.8269952665963026,
                        2.811611927325243,
                        5.080492348356866,
                        3.799067539356571
                    ],
                    [
                        -0.9072026685715003,
                        -1.2434052522856066e-06,
                        1.0931621106938276,
                        -0.5845981167726315,
                        -0.6635317958699192,
                        2.346858829909215,
                        3.7990675393565723,
                        4.2257519860320745
                    ]
                ]
            },
            "est_tgt": [
                1
            ],
            "oracle_est_tgt": [
                1
            ],
            "intv_base_est_tgt": [
                0,
                1,
                2,
                5,
                6,
                7
            ]
        },
        "2": {
            "intv_type": "do",
            "inode": 2,
            "new_mui": 1.0,
            "new_vari": null,
            "true_params": {
                "Si": [
                    [
                        1.0,
                        0.5153368225093456,
                        0.0,
                        -0.3833130694927361,
                        0.4257723560513222,
                        -1.294743677909361,
                        -1.67240810221544,
                        -1.4082804348059392
                    ],
                    [
                        0.5153368225093456,
                        1.2655720406340287,
                        0.0,
                        -0.941346091275707,
                        1.0456182557838822,
                        -1.8105989297131266,
                        -1.833341050059225,
                        -2.256482507809194
                    ],
                    [
                        0.0,
                        0.0,
                        1e-09,
                        -9.877979472191261e-10,
                        0.0,
                        4.134871796125622e-10,
                        2.7744419847300553e-10,
                        2.579551098392199e-10
                    ],
                    [
                        -0.3833130694927361,
                        -0.941346091275707,
                        -9.877979472191261e-10,
                        1.7001833450358075,
                        -0.7777421011573304,
                        1.857528054994313,
                        2.286617293237035,
                        2.16232995307102
                    ],
                    [
                        0.4257723560513222,
                        1.0456182557838822,
                        0.0,
                        -0.7777421011573304,
                        1.8638919806420469,
                        -1.4959206066707562,
                        -2.313000876640648,
                        -2.5154575225756513
                    ],
                    [
                        -1.294743677909361,
                        -1.8105989297131266,
                        4.134871796125622e-10,
                        1.857528054994313,
                        -1.4959206066707562,
                        4.244557197662282,
                        4.3652916208002175,
                        4.829535303965514
                    ],
                    [
                        -1.67240810221544,
                        -1.833341050059225,
                        2.7744419847300553e-10,
                        2.286617293237035,
                        -2.313000876640648,
                        4.3652916208002175,
                        6.611470915285859,
                        6.247623202220358
                    ],
                    [
                        -1.4082804348059392,
                        -2.256482507809194,
                        2.579551098392199e-10,
                        2.16232995307102,
                        -2.5154575225756513,
                        4.829535303965514,
                        6.247623202220358,
                        7.667581216421982
                    ]
                ],
                "mui": [
                    0.0,
                    0.0,
                    1.0,
                    -0.9877979472191261,
                    0.0,
                    0.41348717961256215,
                    0.2774441984730055,
                    0.2579551098392199
                ],
                "Ai": [
                    [
                        0.0,
                        0.0,
                        0.0,
                        0.0,
                        0.0,
                        0.0,
                        0.0,
                        0.0
                    ],
                    [
                        0.5153368225093456,
                        0.0,
                        0.0,
                        0.0,
                        0.0,
                        0.0,
                        0.0,
                        0.0
                    ],
                    [
                        0.0,
                        0.0,
                        0.0,
                        0.0,
                        0.0,
                        0.0,
                        0.0,
                        0.0
                    ],
                    [
                        0.0,
                        -0.7438107520170164,
                        -0.9877979472191261,
                        0.0,
                        0.0,
                        0.0,
                        0.0,
                        0.0
                    ],
                    [
                        -0.0,
                        0.8262020827040761,
                        -0.0,
                        -0.0,
                        0.0,
                        0.0,
                        0.0,
                        0.0
                    ],
                    [
                        -0.705523099272573,
                        -0.7634423845305303,
                        0.9180396567068214,
                        0.5107851038916291,
                        0.0,
                        0.0,
                        0.0,
                        0.0
                    ],
                    [
                        -0.7359287647675822,
                        0.8461838993424229,
                        0.6220228602908435,
                        0.6074216446141265,
                        -0.798290682774838,
                        0.6177487584205171,
                        0.0,
                        0.0
                    ],
                    [
                        0.6925660268990639,
                        -0.552875915238445,
                        -0.6974859305756269,
                        -0.526795686771741,
                        0.0,
                        0.5048974461392433,
                        0.8156765312292117,
                        0.0
                    ]
                ]
            },
            "est_params": {
                "mui": [
                    0.009622345601013209,
                    0.0016504068881752437,
                    0.9999991213927626,
                    -0.9975625764085042,
                    -0.0057166201758183065,
                    0.40970446704068875,
                    0.2768686300147503,
                    0.2886558113059907
                ],
                "Si": [
                    [
                        1.0024130228164934,
                        0.5326085801818088,
                        5.97100592787831e-07,
                        -0.3902936979583718,
                        0.44906500656639015,
                        -1.3108996209301993,
                        -1.6921838129599658,
                        -1.440418237143869
                    ],
                    [
                        0.5326085801818088,
                        1.288786488313383,
                        1.4262833201978726e-07,
                        -0.9577017824694702,
                        1.0605234201261033,
                        -1.85102460413262,
                        -1.8672110977619951,
                        -2.297810426299868
                    ],
                    [
                        5.971005927878312e-07,
                        1.4262833201978718e-07,
                        1.009320262026583e-06,
                        -5.35575542656256e-07,
                        4.6662278433552645e-07,
                        -8.885417466939934e-07,
                        -2.008664656165102e-06,
                        -5.067860889433979e-07
                    ],
                    [
                        -0.3902936979583718,
                        -0.9577017824694702,
                        -5.35575542656256e-07,
                        1.6967593799597291,
                        -0.7960666554964055,
                        1.8909788988692722,
                        2.3119837838212236,
                        2.2023002616167946
                    ],
                    [
                        0.4490650065663901,
                        1.0605234201261033,
                        4.666227843355263e-07,
                        -0.7960666554964055,
                        1.8789907172869778,
                        -1.532079772825787,
                        -2.381782686446594,
                        -2.558934339509343
                    ],
                    [
                        -1.3108996209301993,
                        -1.85102460413262,
                        -8.885417466939934e-07,
                        1.8909788988692722,
                        -1.5320797728257867,
                        4.322120091484449,
                        4.427750850552705,
                        4.9173383817751875
                    ],
                    [
                        -1.6921838129599658,
                        -1.8672110977619951,
                        -2.0086646561651016e-06,
                        2.311983783821224,
                        -2.381782686446594,
                        4.427750850552706,
                        6.709751301860189,
                        6.336523353071552
                    ],
                    [
                        -1.440418237143869,
                        -2.2978104262998675,
                        -5.067860889433982e-07,
                        2.2023002616167955,
                        -2.558934339509343,
                        4.9173383817751875,
                        6.336523353071552,
                        7.755438529566226
                    ]
                ]
            },
            "est_tgt": [
                2,
                3,
                6
            ],
            "oracle_est_tgt": [
                2
            ],
            "intv_base_est_tgt": [
                0,
                1,
                2,
                3,
                5,
                6,
                7
            ]
        },
        "3": {
            "intv_type": "do",
            "inode": 3,
            "new_mui": 1.0,
            "new_vari": null,
            "true_params": {
                "Si": [
                    [
                        1.0,
                        0.5153368225093456,
                        -1.3097799931536362,
                        0.0,
                        0.4257723560513222,
                        -2.3013830471617216,
                        -2.8761387653680774,
                        -2.186759487697164
                    ],
                    [
                        0.5153368225093456,
                        1.2655720406340287,
                        -1.3870362408623287,
                        0.0,
                        1.0456182557838822,
                        -2.6031276430840578,
                        -2.613898937711203,
                        -2.821769778849262
                    ],
                    [
                        -1.3097799931536362,
                        -1.3870362408623287,
                        3.222550768423892,
                        0.0,
                        -1.1459722309864886,
                        4.941431696453336,
                        5.762099534083237,
                        4.806991587993283
                    ],
                    [
                        0.0,
                        0.0,
                        0.0,
                        1e-09,
                        0.0,
                        5.107851038916291e-10,
                        9.229585083628753e-10,
                        4.83934002279028e-10
                    ],
                    [
                        0.4257723560513222,
                        1.0456182557838822,
                        -1.1459722309864886,
                        0.0,
                        1.8638919806420469,
                        -2.1507094802606015,
                        -2.9578994290898057,
                        -2.9824990432350598
                    ],
                    [
                        -2.3013830471617216,
                        -2.6031276430840578,
                        4.941431696453336,
                        5.107851038916291e-10,
                        -2.1507094802606015,
                        9.147447133633454,
                        9.932328210680799,
                        9.118857497744637
                    ],
                    [
                        -2.8761387653680774,
                        -2.613898937711203,
                        5.762099534083237,
                        9.229585083628753e-10,
                        -2.9578994290898057,
                        9.932328210680799,
                        12.985898662530168,
                        11.041362337637048
                    ],
                    [
                        -2.186759487697164,
                        -2.821769778849262,
                        4.806991587993283,
                        4.83934002279028e-10,
                        -2.9824990432350598,
                        9.118857497744637,
                        11.041362337637048,
                        11.303072211547176
                    ]
                ],
                "mui": [
                    0.0,
                    0.0,
                    0.0,
                    1.0,
                    0.0,
                    0.5107851038916291,
                    0.9229585083628753,
                    0.483934002279028
                ],
                "Ai": [
                    [
                        0.0,
                        0.0,
                        0.0,
                        0.0,
                        0.0,
                        0.0,
                        0.0,
                        0.0
                    ],
                    [
                        0.5153368225093456,
                        0.0,
                        0.0,
                        0.0,
                        0.0,
                        0.0,
                        0.0,
                        0.0
                    ],
                    [
                        -0.9428300896457719,
                        -0.7120583810042213,
                        0.0,
                        0.0,
                        0.0,
                        0.0,
                        0.0,
                        0.0
                    ],
                    [
                        0.0,
                        0.0,
                        0.0,
                        0.0,
                        0.0,
                        0.0,
                        0.0,
                        0.0
                    ],
                    [
                        -0.0,
                        0.8262020827040761,
                        -0.0,
                        -0.0,
                        0.0,
                        0.0,
                        0.0,
                        0.0
                    ],
                    [
                        -0.705523099272573,
                        -0.7634423845305303,
                        0.9180396567068214,
                        0.5107851038916291,
                        0.0,
                        0.0,
                        0.0,
                        0.0
                    ],
                    [
                        -0.7359287647675822,
                        0.8461838993424229,
                        0.6220228602908435,
                        0.6074216446141265,
                        -0.798290682774838,
                        0.6177487584205171,
                        0.0,
                        0.0
                    ],
                    [
                        0.6925660268990639,
                        -0.552875915238445,
                        -0.6974859305756269,
                        -0.526795686771741,
                        0.0,
                        0.5048974461392433,
                        0.8156765312292117,
                        0.0
                    ]
                ]
            },
            "est_params": {
                "mui": [
                    0.002223121717786868,
                    -0.0061841653543058366,
                    -0.007906150764602753,
                    0.9999999382018001,
                    -0.007785276436696906,
                    0.5014178001029646,
                    0.9048942517036619,
                    0.47867669552731323
                ],
                "Si": [
                    [
                        1.00865196675539,
                        0.528749314227386,
                        -1.329434619247025,
                        -1.4235602918144667e-07,
                        0.44369700266162454,
                        -2.332840224585019,
                        -2.911646343832556,
                        -2.2092884705372895
                    ],
                    [
                        0.5287493142273861,
                        1.267233029501462,
                        -1.4061560303960685,
                        5.454025807964748e-07,
                        1.0402103881536382,
                        -2.6319756935968717,
                        -2.6400599394135305,
                        -2.8240497970949567
                    ],
                    [
                        -1.329434619247025,
                        -1.4061560303960685,
                        3.2444641373151453,
                        -3.097094003247432e-08,
                        -1.1644084556033834,
                        4.986147414792774,
                        5.808037694758981,
                        4.808346576348858
                    ],
                    [
                        -1.4235602918144675e-07,
                        5.454025807964747e-07,
                        -3.097094003247441e-08,
                        1.0080831178750708e-06,
                        1.3267556631494623e-06,
                        -3.1693451448588365e-07,
                        -1.288239370228807e-06,
                        -1.4137099395353573e-06
                    ],
                    [
                        0.44369700266162443,
                        1.0402103881536382,
                        -1.1644084556033831,
                        1.3267556631494627e-06,
