{
    "expt_args": {
        "save_dir": "all_expt_logs/expt_logs_11.05.24-unequal_matching",
        "exp_name": "232",
        "num_nodes": 8,
        "obs_noise_mean": 0.0,
        "obs_noise_var": 1.0,
        "max_edge_strength": 1.0,
        "graph_sparsity_method": "adj_dense_prop",
        "adj_dense_prop": 0.8,
        "num_parents": null,
        "new_noise_mean": 1.0,
        "mix_samples": 1024,
        "stage2_samples": 1024,
        "gmm_tol": 0.001,
        "intv_type": "do",
        "new_noise_var": null,
        "intv_targets": [
            0,
            1,
            2,
            3,
            4,
            5,
            6,
            7
        ]
    },
    "intv_args_dict": {
        "0": {
            "intv_type": "do",
            "inode": 0,
            "new_mui": 1.0,
            "new_vari": null,
            "true_params": {
                "Si": [
                    [
                        1e-09,
                        -5.720943873047284e-10,
                        5.084574836322448e-10,
                        5.712484384337229e-10,
                        1.405365616894713e-09,
                        1.5619411830082125e-09,
                        -6.381956549256994e-10,
                        1.3540964414767893e-09
                    ],
                    [
                        -5.720943873047284e-10,
                        1.000000000327292,
                        -0.8887650273831947,
                        0.7030923092620653,
                        0.3736406004734582,
                        0.6994187329848766,
                        0.577113872158817,
                        0.575964897326692
                    ],
                    [
                        5.084574836322448e-10,
                        -0.8887650273831947,
                        1.789903273640922,
                        -0.6248838552896937,
                        -0.8968093236365398,
                        -1.713296053092498,
                        -0.8971903206834884,
                        0.2270328416756192
                    ],
                    [
                        5.712484384337229e-10,
                        0.7030923092620653,
                        -0.6248838552896937,
                        1.494338796129341,
                        1.0924245622400508,
                        1.8554203543094254,
                        -0.772387698443884,
                        1.7750398040537643
                    ],
                    [
                        1.405365616894713e-09,
                        0.3736406004734582,
                        -0.8968093236365398,
                        1.0924245622400508,
                        2.1469644666619145,
                        2.791359480670313,
                        -0.38031870992181377,
                        0.8402464470935155
                    ],
                    [
                        1.5619411830082125e-09,
                        0.6994187329848766,
                        -1.713296053092498,
                        1.8554203543094254,
                        2.791359480670313,
                        5.152150447239138,
                        -1.2798736034023013,
                        1.749386309250516
                    ],
                    [
                        -6.381956549256994e-10,
                        0.577113872158817,
                        -0.8971903206834884,
                        -0.772387698443884,
                        -0.38031870992181377,
                        -1.2798736034023013,
                        3.286631008555913,
                        -2.3794106151944296
                    ],
                    [
                        1.3540964414767893e-09,
                        0.575964897326692,
                        0.2270328416756192,
                        1.7750398040537643,
                        0.8402464470935155,
                        1.749386309250516,
                        -2.3794106151944296,
                        4.221847674342724
                    ]
                ],
                "mui": [
                    1.0,
                    -0.5720943873047284,
                    0.5084574836322449,
                    0.5712484384337229,
                    1.4053656168947128,
                    1.5619411830082124,
                    -0.6381956549256994,
                    1.3540964414767893
                ],
                "Ai": [
                    [
                        0.0,
                        0.0,
                        0.0,
                        0.0,
                        0.0,
                        0.0,
                        0.0,
                        0.0
                    ],
                    [
                        -0.5720943873047284,
                        0.0,
                        0.0,
                        0.0,
                        0.0,
                        0.0,
                        0.0,
                        0.0
                    ],
                    [
                        -0.0,
                        -0.8887650270923091,
                        0.0,
                        0.0,
                        0.0,
                        0.0,
                        0.0,
                        0.0
                    ],
                    [
                        0.9734836025066358,
                        0.7030923095888734,
                        -0.0,
                        0.0,
                        0.0,
                        0.0,
                        0.0,
                        0.0
                    ],
                    [
                        0.8114037842613677,
                        -0.7116424912123624,
                        -0.5647306252339601,
                        0.8297207281288932,
                        0.0,
                        0.0,
                        0.0,
                        0.0
                    ],
                    [
                        -0.0,
                        -0.6730576618757249,
                        -0.6500216012294846,
                        0.7147696339907681,
                        0.7820640903083117,
                        0.0,
                        0.0,
                        0.0
                    ],
                    [
                        0.7053426250794037,
                        0.7603112582655849,
                        -0.6976743840206994,
                        -0.8678846751069996,
                        0.6534614495306669,
                        -0.6251229004113772,
                        0.0,
                        0.0
                    ],
                    [
                        0.8312700162985138,
                        0.8799829486000617,
                        0.5184023119094943,
                        0.6939588462541619,
                        -0.0,
                        -0.0,
                        -0.5738855880431817,
                        0.0
                    ]
                ]
            },
            "est_params": {
                "mui": [
                    0.9895515150002976,
                    -0.5270523983062033,
                    0.8712882594527007,
                    1.0294879293958556,
                    1.5282098380755054,
                    1.8402916148086657,
                    -1.6906062760937457,
                    2.388507424645887
                ],
                "Si": [
                    [
                        0.4209284919492489,
                        -0.26303853121023674,
                        0.08610763852015552,
                        0.2990540155985309,
                        0.4195590129823327,
                        0.5813455074044833,
                        -0.23465052519277535,
                        0.4582244977521511
                    ],
                    [
                        -0.26303853121023674,
                        1.5529378431294047,
                        -1.1060542899780692,
                        0.8225547318223186,
                        0.19428489792042053,
                        0.15909062160858511,
                        0.8910211587545849,
                        0.6998293651076409
                    ],
                    [
                        0.08610763852015549,
                        -1.1060542899780692,
                        1.9157236778512252,
                        -0.6450512331819863,
                        -0.7148271534192394,
                        -1.6384737465467303,
                        -0.8909956956032056,
                        0.045342635899758746
                    ],
                    [
                        0.29905401559853084,
                        0.8225547318223186,
                        -0.6450512331819863,
                        1.7267810686627654,
                        1.0508819555668631,
                        1.4116217646281881,
                        -0.3712652628576915,
                        2.151655802149233
                    ],
                    [
                        0.4195590129823327,
                        0.19428489792042059,
                        -0.7148271534192394,
                        1.0508819555668631,
                        2.2040046245919966,
                        2.4753139954878387,
                        -0.2685957194015087,
                        0.8599544762987777
                    ],
                    [
                        0.5813455074044834,
                        0.1590906216085852,
                        -1.6384737465467303,
                        1.4116217646281881,
                        2.4753139954878387,
                        4.363954921352834,
                        -0.6945854168751722,
                        0.970318709572994
                    ],
                    [
                        -0.23465052519277535,
                        0.8910211587545849,
                        -0.8909956956032054,
                        -0.3712652628576915,
                        -0.2685957194015087,
                        -0.6945854168751723,
                        1.8410470914452397,
                        -1.1238038803124148
                    ],
                    [
                        0.458224497752151,
                        0.6998293651076409,
                        0.045342635899758704,
                        2.151655802149233,
                        0.8599544762987777,
                        0.970318709572994,
                        -1.1238038803124148,
                        4.671627078896962
                    ]
                ]
            },
            "est_tgt": [
                0,
                2,
                4,
                6
            ],
            "oracle_est_tgt": [
                0,
                3,
                4
            ],
            "intv_base_est_tgt": [
                0,
                1,
                2,
                3,
                4,
                5,
                6,
                7
            ]
        },
        "1": {
            "intv_type": "do",
            "inode": 1,
            "new_mui": 1.0,
            "new_vari": null,
            "true_params": {
                "Si": [
                    [
                        1.0,
                        0.0,
                        0.0,
                        0.9734836025066358,
                        1.6191233077547116,
                        1.9620747150358555,
                        -0.30803204803681794,
                        1.6836027269651188
                    ],
                    [
                        0.0,
                        1e-09,
                        -8.887650270923091e-10,
                        7.030923095888734e-10,
                        3.7364060127746e-10,
                        6.994187338784543e-10,
                        5.77113871793709e-10,
                        5.75964898101363e-10
                    ],
                    [
                        0.0,
                        -8.887650270923091e-10,
                        1.0000000007899033,
                        -6.248838555801492e-10,
                        -0.5647306255660388,
                        -1.0916771445439448,
                        -0.3842716949718286,
                        0.7389302987404982
                    ],
                    [
                        0.9734836025066358,
                        7.030923095888734e-10,
                        -6.248838555801492e-10,
                        1.9476703248436364,
                        2.405910718927114,
                        3.2737119829168826,
                        -1.4780161704991457,
                        3.0090429610729874
                    ],
                    [
                        1.6191233077547116,
                        3.7364060127746e-10,
                        -0.5647306255660388,
                        2.405910718927114,
                        4.628917451618046,
                        5.706869145136218,
                        -1.0946937513836776,
                        3.35100299079303
                    ],
                    [
                        1.9620747150358555,
                        6.994187338784543e-10,
                        -1.0916771445439448,
                        3.2737119829168826,
                        5.706869145136218,
                        8.512701067371559,
                        -2.287899748389232,
                        4.649900008493524
                    ],
                    [
                        -0.30803204803681794,
                        5.77113871793709e-10,
                        -0.3842716949718286,
                        -1.4780161704991457,
                        -1.0946937513836776,
                        -2.287899748389232,
                        3.048454330082711,
                        -3.2304115424258377
                    ],
                    [
                        1.6836027269651188,
                        5.75964898101363e-10,
                        0.7389302987404982,
                        3.0090429610729874,
                        3.35100299079303,
                        4.649900008493524,
                        -3.2304115424258377,
                        6.724630251240355
                    ]
                ],
                "mui": [
                    0.0,
                    1.0,
                    -0.8887650270923091,
                    0.7030923095888734,
                    0.37364060127745996,
                    0.6994187338784543,
                    0.5771138717937089,
                    0.575964898101363
                ],
                "Ai": [
                    [
                        0.0,
                        0.0,
                        0.0,
                        0.0,
                        0.0,
                        0.0,
                        0.0,
                        0.0
                    ],
                    [
                        0.0,
                        0.0,
                        0.0,
                        0.0,
                        0.0,
                        0.0,
                        0.0,
                        0.0
                    ],
                    [
                        -0.0,
                        -0.8887650270923091,
                        0.0,
                        0.0,
                        0.0,
                        0.0,
                        0.0,
                        0.0
                    ],
                    [
                        0.9734836025066358,
                        0.7030923095888734,
                        -0.0,
                        0.0,
                        0.0,
                        0.0,
                        0.0,
                        0.0
                    ],
                    [
                        0.8114037842613677,
                        -0.7116424912123624,
                        -0.5647306252339601,
                        0.8297207281288932,
                        0.0,
                        0.0,
                        0.0,
                        0.0
                    ],
                    [
                        -0.0,
                        -0.6730576618757249,
                        -0.6500216012294846,
                        0.7147696339907681,
                        0.7820640903083117,
                        0.0,
                        0.0,
                        0.0
                    ],
                    [
                        0.7053426250794037,
                        0.7603112582655849,
                        -0.6976743840206994,
                        -0.8678846751069996,
                        0.6534614495306669,
                        -0.6251229004113772,
                        0.0,
                        0.0
                    ],
                    [
                        0.8312700162985138,
                        0.8799829486000617,
                        0.5184023119094943,
                        0.6939588462541619,
                        -0.0,
                        -0.0,
                        -0.5738855880431817,
                        0.0
                    ]
                ]
            },
            "est_params": {
                "mui": [
                    -0.07342344767586768,
                    0.7751998736025459,
                    -1.304773468089916,
                    0.8743793951443947,
                    0.9285251975408908,
                    1.7805130314725985,
                    0.2222674616434529,
                    0.6778284995188145
                ],
                "Si": [
                    [
                        0.3936007603618542,
                        -0.04149166052743241,
                        0.13351677295596814,
                        0.1351706533147451,
                        0.1272083550326519,
                        0.09447737851571474,
                        0.10709377705466855,
                        0.22186527305802844
                    ],
                    [
                        -0.04149166052743241,
                        0.36720701176532444,
                        -0.12381148404716069,
                        0.1399163272472716,
                        -0.12101153979491931,
                        -0.18048824142743075,
                        0.2423241267654799,
                        0.17809625356880135
                    ],
                    [
                        0.13351677295596817,
                        -0.1238114840471607,
                        0.5031453058645028,
                        0.09673446665204745,
                        0.0206939344871476,
                        -0.1954569438819494,
                        -0.1098444253928526,
                        0.24530563212320403
                    ],
                    [
                        0.1351706533147451,
                        0.13991632724727154,
                        0.09673446665204748,
                        0.6450506603302854,
                        0.3295717251093141,
                        0.3283606472216075,
                        -0.3121192437661379,
                        0.6427750083924678
                    ],
                    [
                        0.1272083550326519,
                        -0.12101153979491931,
                        0.02069393448714759,
                        0.3295717251093141,
                        0.9133321301549865,
                        0.7722978696414965,
                        -0.08008509156569596,
                        0.036248767114412016
                    ],
                    [
                        0.09447737851571474,
                        -0.18048824142743075,
                        -0.1954569438819494,
                        0.32836064722160757,
                        0.7722978696414965,
                        1.7571130170243554,
                        -0.6067924530218123,
                        0.13895253401188845
                    ],
                    [
                        0.10709377705466856,
                        0.24232412676547996,
                        -0.1098444253928526,
                        -0.3121192437661379,
                        -0.08008509156569596,
                        -0.6067924530218124,
                        1.5826726121599881,
                        -0.8067788654661557
                    ],
                    [
                        0.22186527305802844,
                        0.17809625356880135,
                        0.24530563212320403,
                        0.6427750083924678,
                        0.03624876711441204,
                        0.13895253401188845,
                        -0.8067788654661557,
                        1.964533141124721
                    ]
                ]
            },
            "est_tgt": [
                1,
                2,
                4,
                6
            ],
            "oracle_est_tgt": [
                1
            ],
            "intv_base_est_tgt": [
                0,
                1,
                2,
                3,
                4,
                5,
                7
            ]
        },
        "2": {
            "intv_type": "do",
            "inode": 2,
            "new_mui": 1.0,
            "new_vari": null,
            "true_params": {
                "Si": [
                    [
                        1.0,
                        -0.5720943873047284,
                        0.0,
                        0.5712484384337229,
                        1.6925071295312364,
                        2.117012596545794,
                        -0.4428098361300232,
                        0.9783818009392945
                    ],
                    [
                        -0.5720943873047284,
                        1.3272919879855727,
                        0.0,
                        0.37628428420434984,
                        -1.0965460574365145,
                        -1.4819567568529843,
                        0.48891565075044097,
                        0.672973568577284
                    ],
                    [
                        0.0,
                        0.0,
                        1e-09,
                        0.0,
                        -5.647306252339601e-10,
                        -1.0916771439223258e-09,
                        -3.8427169445891e-10,
                        7.389302992523957e-10
                    ],
                    [
                        0.5712484384337229,
                        0.37628428420434984,
                        0.0,
                        1.820663574215983,
                        1.706375565759514,
                        2.382589070595566,
                        -1.2654673035154849,
                        2.7956844936606147
                    ],
                    [
                        1.6925071295312364,
                        -1.0965460574365145,
                        -5.647306252339601e-10,
                        1.706375565759514,
                        4.5694706350364624,
                        5.5313230598934044,
                        -1.5926399036264294,
                        2.5401361024837223
                    ],
                    [
                        2.117012596545794,
                        -1.4819567568529843,
                        -1.0916771439223258e-09,
                        2.382589070595566,
                        5.5313230598934044,
                        8.026293805454934,
                        -3.1042554036895007,
                        3.8906186187864282
                    ],
                    [
                        -0.4428098361300232,
                        0.48891565075044097,
                        -3.8427169445891e-10,
                        -1.2654673035154849,
                        -1.5926399036264294,
                        -3.1042554036895007,
                        3.0574874627870012,
                        -2.5706873243682082
                    ],
                    [
                        0.9783818009392945,
                        0.672973568577284,
                        7.389302992523957e-10,
                        2.7956844936606147,
                        2.5401361024837223,
                        3.8906186187864282,
                        -2.5706873243682082,
                        5.820875113734157
                    ]
                ],
                "mui": [
                    0.0,
                    0.0,
                    1.0,
                    0.0,
                    -0.5647306252339601,
                    -1.0916771439223258,
                    -0.38427169445890996,
                    0.7389302992523956
                ],
                "Ai": [
                    [
                        0.0,
                        0.0,
                        0.0,
                        0.0,
                        0.0,
                        0.0,
                        0.0,
                        0.0
                    ],
                    [
                        -0.5720943873047284,
                        0.0,
                        0.0,
                        0.0,
                        0.0,
                        0.0,
                        0.0,
                        0.0
                    ],
                    [
                        0.0,
                        0.0,
                        0.0,
                        0.0,
                        0.0,
                        0.0,
                        0.0,
                        0.0
                    ],
                    [
                        0.9734836025066358,
                        0.7030923095888734,
                        -0.0,
                        0.0,
                        0.0,
                        0.0,
                        0.0,
                        0.0
                    ],
                    [
                        0.8114037842613677,
                        -0.7116424912123624,
                        -0.5647306252339601,
                        0.8297207281288932,
                        0.0,
                        0.0,
                        0.0,
                        0.0
                    ],
                    [
                        -0.0,
                        -0.6730576618757249,
                        -0.6500216012294846,
                        0.7147696339907681,
                        0.7820640903083117,
                        0.0,
                        0.0,
                        0.0
                    ],
                    [
                        0.7053426250794037,
                        0.7603112582655849,
                        -0.6976743840206994,
                        -0.8678846751069996,
                        0.6534614495306669,
                        -0.6251229004113772,
                        0.0,
                        0.0
                    ],
                    [
                        0.8312700162985138,
                        0.8799829486000617,
                        0.5184023119094943,
                        0.6939588462541619,
                        -0.0,
                        -0.0,
                        -0.5738855880431817,
                        0.0
                    ]
                ]
            },
            "est_params": {
                "mui": [
                    -0.7936106987256537,
                    0.2787691970241819,
                    0.27334677272809865,
                    -0.9055676649501048,
                    -2.1135880886508813,
                    -2.995609008106451,
                    0.8752442355214367,
                    -0.628665717499452
                ],
                "Si": [
                    [
                        0.8054541291776711,
                        -0.4468330530611508,
                        0.20310699790888076,
                        0.05421013493950764,
                        0.6227703041446809,
                        0.657852534377008,
                        0.10345812150975069,
                        0.2392139550016173
                    ],
                    [
                        -0.4468330530611509,
                        1.1474055759712352,
                        -0.5212570333813366,
                        0.3449101346273341,
                        -0.5034706313196591,
                        -0.5263144351593971,
                        0.3404387552877957,
                        0.17360641370183214
                    ],
                    [
                        0.20310699790888076,
                        -0.5212570333813366,
                        1.3536088649577593,
                        -0.28881409113758577,
                        -0.6708884700646117,
                        -1.0537592576104935,
                        -0.4131707858494138,
                        0.16989813499016135
                    ],
                    [
                        0.05421013493950764,
                        0.3449101346273341,
                        -0.28881409113758577,
                        1.155333843623323,
                        0.799545530898739,
                        1.4808472248843,
                        -0.7652683885878986,
                        1.3200854830760043
                    ],
                    [
                        0.6227703041446809,
                        -0.503470631319659,
                        -0.6708884700646117,
                        0.799545530898739,
                        2.4929526524602186,
                        3.1105615412471006,
                        -0.3206305183753157,
                        0.6329399141738651
                    ],
                    [
                        0.657852534377008,
                        -0.5263144351593972,
                        -1.0537592576104935,
                        1.4808472248843,
                        3.1105615412471006,
                        4.985455112762492,
                        -1.1217489966596212,
                        1.4695361675033676
                    ],
                    [
                        0.10345812150975066,
                        0.34043875528779577,
                        -0.4131707858494138,
                        -0.7652683885878986,
                        -0.3206305183753157,
                        -1.1217489966596212,
                        2.349021391085333,
                        -1.3258071743458832
                    ],
                    [
                        0.2392139550016173,
                        0.1736064137018321,
                        0.1698981349901613,
                        1.3200854830760043,
                        0.6329399141738651,
                        1.4695361675033676,
                        -1.3258071743458832,
                        3.945582257039814
                    ]
                ]
            },
            "est_tgt": [
                0,
                4,
                6
            ],
            "oracle_est_tgt": [
                2,
                6
            ],
            "intv_base_est_tgt": [
                1,
                2,
                4,
                5,
                7
            ]
        },
        "3": {
            "intv_type": "do",
            "inode": 3,
            "new_mui": 1.0,
            "new_vari": null,
            "true_params": {
                "Si": [
                    [
                        1.0,
                        -0.5720943873047284,
                        0.5084574836322449,
                        0.0,
                        0.931388946614991,
                        0.7829500122814693,
                        0.03482184850458292,
                        0.5714384884973897
                    ],
                    [
                        -0.5720943873047284,
                        1.3272919879855727,
                        -1.1796506996614022,
                        0.0,
                        -0.7425720505325449,
                        -0.7072845405626782,
                        1.3855421146729994,
                        -0.7142468946061391
                    ],
                    [
                        0.5084574836322449,
                        -1.1796506996614022,
                        2.0484322860440276,
                        0.0,
                        0.09524144337558871,
                        -0.46306738006716575,
                        -1.6156930695437934,
                        1.3737279598876184
                    ],
                    [
                        0.0,
                        0.0,
                        0.0,
                        1e-09,
                        8.297207281288932e-10,
                        1.363664420444841e-09,
                        -1.1781520230945315e-09,
                        1.3700833128320314e-09
                    ],
                    [
                        0.931388946614991,
                        -0.7425720505325449,
                        0.09524144337558871,
                        8.297207281288932e-10,
                        2.2303925806710208,
                        2.1821947578052385,
                        0.119250570947712,
                        0.10172216323575801
                    ],
                    [
                        0.7829500122814693,
                        -0.7072845405626782,
                        -0.46306738006716575,
                        1.363664420444841e-09,
                        2.1821947578052385,
                        3.4836632381335906,
                        -0.4141756519384342,
                        0.026078772082045343
                    ],
                    [
                        0.03482184850458292,
                        1.3855421146729994,
                        -1.6156930695437934,
                        -1.1781520230945315e-09,
                        0.119250570947712,
                        -0.4141756519384342,
                        3.542068606472685,
                        -1.622121354466649
                    ],
                    [
                        0.5714384884973897,
                        -0.7142468946061391,
                        1.3737279598876184,
                        1.3700833128320314e-09,
                        0.10172216323575801,
                        0.026078772082045343,
                        -1.622121354466649,
                        2.4895504119796064
                    ]
                ],
                "mui": [
                    0.0,
                    0.0,
                    0.0,
                    1.0,
                    0.8297207281288932,
                    1.363664420444841,
                    -1.1781520230945315,
                    1.3700833128320313
                ],
                "Ai": [
                    [
                        0.0,
                        0.0,
                        0.0,
                        0.0,
                        0.0,
                        0.0,
                        0.0,
                        0.0
                    ],
                    [
                        -0.5720943873047284,
                        0.0,
                        0.0,
                        0.0,
                        0.0,
                        0.0,
                        0.0,
                        0.0
                    ],
                    [
                        -0.0,
                        -0.8887650270923091,
                        0.0,
                        0.0,
                        0.0,
                        0.0,
                        0.0,
                        0.0
                    ],
                    [
                        0.0,
                        0.0,
                        0.0,
                        0.0,
                        0.0,
                        0.0,
                        0.0,
                        0.0
                    ],
                    [
                        0.8114037842613677,
                        -0.7116424912123624,
                        -0.5647306252339601,
                        0.8297207281288932,
                        0.0,
                        0.0,
                        0.0,
                        0.0
                    ],
                    [
                        -0.0,
                        -0.6730576618757249,
                        -0.6500216012294846,
                        0.7147696339907681,
                        0.7820640903083117,
                        0.0,
                        0.0,
                        0.0
                    ],
                    [
                        0.7053426250794037,
                        0.7603112582655849,
                        -0.6976743840206994,
                        -0.8678846751069996,
                        0.6534614495306669,
                        -0.6251229004113772,
                        0.0,
                        0.0
                    ],
                    [
                        0.8312700162985138,
                        0.8799829486000617,
                        0.5184023119094943,
                        0.6939588462541619,
                        -0.0,
                        -0.0,
                        -0.5738855880431817,
                        0.0
                    ]
                ]
            },
            "est_params": {
                "mui": [
                    0.100618129452941,
                    -0.3126986610657789,
                    0.7428196760324763,
                    0.5418059364142539,
                    0.7539119938653851,
                    0.9839521977248881,
                    -1.7746652137991916,
                    1.6405049564668182
                ],
                "Si": [
                    [
                        0.5411132380470687,
                        -0.169398785959149,
                        0.35939467261138386,
                        0.014597295293335016,
                        0.12216061353518035,
                        0.043361148757586544,
                        0.0984137233109258,
                        0.3311801086645634
                    ],
                    [
                        -0.169398785959149,
                        0.6877526980469266,
                        -0.307782646288558,
                        0.16546112266141186,
                        -0.012167354372020519,
                        -0.19778059221482724,
                        0.5817609655938705,
                        0.16527599673644106
                    ],
                    [
                        0.35939467261138386,
                        -0.307782646288558,
                        0.6914534091845425,
                        0.0625496651465474,
                        -0.009477040070118398,
                        -0.219231436792815,
                        -0.11538717216010375,
                        0.21829594512201028
                    ],
                    [
                        0.014597295293335016,
                        0.16546112266141189,
                        0.0625496651465474,
                        0.43471326878020994,
                        0.17049459129604186,
                        0.27841618060784357,
                        -0.13980820209615552,
                        0.46733950056472884
                    ],
                    [
                        0.12216061353518033,
                        -0.012167354372020517,
