{
    "expt_args": {
        "save_dir": "all_expt_logs/expt_logs_11.05.24-unequal_matching",
        "exp_name": "109",
        "num_nodes": 6,
        "obs_noise_mean": 0.0,
        "obs_noise_var": 1.0,
        "max_edge_strength": 1.0,
        "graph_sparsity_method": "adj_dense_prop",
        "adj_dense_prop": 0.8,
        "num_parents": null,
        "new_noise_mean": 1.0,
        "mix_samples": 32768,
        "stage2_samples": 32768,
        "gmm_tol": 0.001,
        "intv_type": "do",
        "new_noise_var": null,
        "intv_targets": [
            0,
            1,
            2,
            3,
            4,
            5
        ]
    },
    "intv_args_dict": {
        "0": {
            "intv_type": "do",
            "inode": 0,
            "new_mui": 1.0,
            "new_vari": null,
            "true_params": {
                "Si": [
                    [
                        1e-09,
                        -7.554251276367924e-10,
                        -4.840613335165612e-10,
                        -7.159948036484138e-10,
                        2.9530929492309423e-10,
                        7.593107229055227e-11
                    ],
                    [
                        -7.554251276367924e-10,
                        1.000000000570667,
                        -0.6604496444878898,
                        0.9677154044782703,
                        0.700682371770707,
                        0.964630362131217
                    ],
                    [
                        -4.840613335165612e-10,
                        -0.6604496444878898,
                        1.4361937336215114,
                        -1.1996942048740364,
                        -0.8228008241686873,
                        -0.2505783654628423
                    ],
                    [
                        -7.159948036484138e-10,
                        0.9677154044782703,
                        -1.1996942048740364,
                        2.250708364533077,
                        0.0016627225080467767,
                        0.16300968032449004
                    ],
                    [
                        2.9530929492309423e-10,
                        0.700682371770707,
                        -0.8228008241686873,
                        0.0016627225080467767,
                        2.3918557437123518,
                        1.6537184038787645
                    ],
                    [
                        7.593107229055227e-11,
                        0.964630362131217,
                        -0.2505783654628423,
                        0.16300968032449004,
                        1.6537184038787645,
                        2.7842752729774114
                    ]
                ],
                "mui": [
                    1.0,
                    -0.7554251276367924,
                    -0.48406133351656117,
                    -0.7159948036484137,
                    0.2953092949230942,
                    0.07593107229055227
                ],
                "Ai": [
                    [
                        0.0,
                        0.0,
                        0.0,
                        0.0,
                        0.0,
                        0.0
                    ],
                    [
                        -0.7554251276367924,
                        0.0,
                        0.0,
                        0.0,
                        0.0,
                        0.0
                    ],
                    [
                        -0.9829815907777373,
                        -0.6604496448535618,
                        0.0,
                        0.0,
                        0.0,
                        0.0
                    ],
                    [
                        -0.535985224406622,
                        0.5974891870663024,
                        -0.5605669103708517,
                        0.0,
                        0.0,
                        0.0
                    ],
                    [
                        0.0,
                        0.9876254680784324,
                        -0.8523377806143884,
                        -0.8782223338894716,
                        0.0,
                        0.0
                    ],
                    [
                        0.8877353906766621,
                        0.927995883528843,
                        0.613551979326628,
                        -0.0,
                        0.6306062249688236,
                        0.0
                    ]
                ]
            },
            "est_params": {
                "mui": [
                    0.9999992482769553,
                    -0.7485902756642873,
                    -0.495785730202141,
                    -0.6975200678378509,
                    0.30235442208229085,
                    0.06581341921233068
                ],
                "Si": [
                    [
                        1.0117094131647093e-06,
                        4.698681198322266e-07,
                        5.321850332999802e-07,
                        2.8170104324290193e-06,
                        -3.2993053100355905e-06,
                        -2.0618290830142035e-06
                    ],
                    [
                        4.698681198322266e-07,
                        0.9886300581724642,
                        -0.6305560569762322,
                        0.9306789538066993,
                        0.6845820627392781,
                        0.9705857504647816
                    ],
                    [
                        5.321850332999802e-07,
                        -0.6305560569762322,
                        1.4093622143888869,
                        -1.127923670533003,
                        -0.8279355005989185,
                        -0.25114171747758274
                    ],
                    [
                        2.8170104324290193e-06,
                        0.9306789538066993,
                        -1.127923670533003,
                        2.185495568725748,
                        -0.07143667479564687,
                        0.14716036429632662
                    ],
                    [
                        -3.2993053100355905e-06,
                        0.6845820627392782,
                        -0.8279355005989185,
                        -0.07143667479564687,
                        2.488324778217601,
                        1.6822222411519245
                    ],
                    [
                        -2.061829083014204e-06,
                        0.9705857504647816,
                        -0.25114171747758274,
                        0.14716036429632665,
                        1.6822222411519245,
                        2.7764285093822925
                    ]
                ]
            },
            "est_tgt": [
                0
            ],
            "oracle_est_tgt": [
                0
            ],
            "intv_base_est_tgt": [
                0,
                3,
                4
            ]
        },
        "1": {
            "intv_type": "do",
            "inode": 1,
            "new_mui": 1.0,
            "new_vari": null,
            "true_params": {
                "Si": [
                    [
                        1.0,
                        0.0,
                        -0.9829815907777373,
                        0.015041728887079109,
                        0.8246223652193542,
                        0.8046370867691833
                    ],
                    [
                        0.0,
                        1e-09,
                        -6.604496448535618e-10,
                        9.677154039373899e-10,
                        7.006823719937912e-10,
                        9.646303621885774e-10
                    ],
                    [
                        -0.9829815907777373,
                        -6.604496448535618e-10,
                        1.9662528082441249,
                        -0.5753526535994474,
                        -1.1706240051042751,
                        -0.4044320294919044
                    ],
                    [
                        0.015041728887079109,
                        9.677154039373899e-10,
                        -0.5753526535994474,
                        1.314461515547108,
                        -0.6639946551963807,
                        -0.7583748463715745
                    ],
                    [
                        0.8246223652193542,
                        7.006823719937912e-10,
                        -1.1706240051042751,
                        -0.6639946551963807,
                        2.5809020029132164,
                        1.6413406518915332
                    ],
                    [
                        0.8046370867691833,
                        9.646303621885774e-10,
                        -0.4044320294919044,
                        -0.7583748463715745,
                        1.6413406518915332,
                        2.50120437965049
                    ]
                ],
                "mui": [
                    0.0,
                    1.0,
                    -0.6604496448535618,
                    0.9677154039373899,
                    0.7006823719937911,
                    0.9646303621885772
                ],
                "Ai": [
                    [
                        0.0,
                        0.0,
                        0.0,
                        0.0,
                        0.0,
                        0.0
                    ],
                    [
                        0.0,
                        0.0,
                        0.0,
                        0.0,
                        0.0,
                        0.0
                    ],
                    [
                        -0.9829815907777373,
                        -0.6604496448535618,
                        0.0,
                        0.0,
                        0.0,
                        0.0
                    ],
                    [
                        -0.535985224406622,
                        0.5974891870663024,
                        -0.5605669103708517,
                        0.0,
                        0.0,
                        0.0
                    ],
                    [
                        0.0,
                        0.9876254680784324,
                        -0.8523377806143884,
                        -0.8782223338894716,
                        0.0,
                        0.0
                    ],
                    [
                        0.8877353906766621,
                        0.927995883528843,
                        0.613551979326628,
                        -0.0,
                        0.6306062249688236,
                        0.0
                    ]
                ]
            },
            "est_params": {
                "mui": [
                    0.009857229013926168,
                    0.9999998403935529,
                    -0.6681955443049062,
                    0.9674066039454807,
                    0.7195347951399594,
                    0.9831516474446843
                ],
                "Si": [
                    [
                        1.0115034795220819,
                        -5.597956190487807e-07,
                        -1.0105250293209274,
                        0.01245254925912671,
                        0.8524284006306693,
                        0.8252618844836291
                    ],
                    [
                        -5.597956190487806e-07,
                        1.0080835221312281e-06,
                        -1.49449358984877e-06,
                        6.009189814515534e-08,
                        -1.0968074793202362e-06,
                        -2.828893889726363e-06
                    ],
                    [
                        -1.0105250293209274,
                        -1.49449358984877e-06,
                        2.0007248120440346,
                        -0.572092948313824,
                        -1.1909392035637683,
                        -0.42972350418435706
                    ],
                    [
                        0.012452549259126726,
                        6.009189814515537e-08,
                        -0.572092948313824,
                        1.3216781497712256,
                        -0.6856260422678941,
                        -0.764656822241847
                    ],
                    [
                        0.8524284006306693,
                        -1.0968074793202356e-06,
                        -1.1909392035637683,
                        -0.685626042267894,
                        2.6374653364767235,
                        1.6954788794024638
                    ],
                    [
                        0.8252618844836291,
                        -2.8288938897263637e-06,
                        -0.4297235041843571,
                        -0.7646568222418472,
                        1.6954788794024638,
                        2.5047065172348586
                    ]
                ]
            },
            "est_tgt": [
                1,
                2,
                3,
                4,
                5
            ],
            "oracle_est_tgt": [
                1
            ],
            "intv_base_est_tgt": [
                1,
                3,
                4
            ]
        },
        "2": {
            "intv_type": "do",
            "inode": 2,
            "new_mui": 1.0,
            "new_vari": null,
            "true_params": {
                "Si": [
                    [
                        1.0,
                        -0.7554251276367924,
                        0.0,
                        -0.9873435698077868,
                        0.12103007894686034,
                        0.26302630310782626
                    ],
                    [
                        -0.7554251276367924,
                        1.5706671234650642,
                        0.0,
                        1.343353329309716,
                        0.37146795690301826,
                        1.0212050101595471
                    ],
                    [
                        0.0,
                        0.0,
                        1e-09,
                        -5.605669103708518e-10,
                        -3.600354002872888e-10,
                        3.8651141469632156e-10
                    ],
                    [
                        -0.9873435698077868,
                        1.343353329309716,
                        -5.605669103708518e-10,
                        2.3318406538161702,
                        -0.7211445801207672,
                        -0.0846317316218444
                    ],
                    [
                        0.12103007894686034,
                        0.37146795690301826,
                        -3.600354002872888e-10,
                        -0.7211445801207672,
                        2.000196491344757,
                        1.713499777668292
                    ],
                    [
                        0.26302630310782626,
                        1.0212050101595471,
                        3.8651141469632156e-10,
                        -0.0846317316218444,
                        1.713499777668292,
                        3.2617154301322198
                    ]
                ],
                "mui": [
                    0.0,
                    0.0,
                    1.0,
                    -0.5605669103708517,
                    -0.36003540028728875,
                    0.38651141469632155
                ],
                "Ai": [
                    [
                        0.0,
                        0.0,
                        0.0,
                        0.0,
                        0.0,
                        0.0
                    ],
                    [
                        -0.7554251276367924,
                        0.0,
                        0.0,
                        0.0,
                        0.0,
                        0.0
                    ],
                    [
                        0.0,
                        0.0,
                        0.0,
                        0.0,
                        0.0,
                        0.0
                    ],
                    [
                        -0.535985224406622,
                        0.5974891870663024,
                        -0.5605669103708517,
                        0.0,
                        0.0,
                        0.0
                    ],
                    [
                        0.0,
                        0.9876254680784324,
                        -0.8523377806143884,
                        -0.8782223338894716,
                        0.0,
                        0.0
                    ],
                    [
                        0.8877353906766621,
                        0.927995883528843,
                        0.613551979326628,
                        -0.0,
                        0.6306062249688236,
                        0.0
                    ]
                ]
            },
            "est_params": {
                "mui": [
                    -0.014715206613572947,
                    0.02422501855473075,
                    1.000002166818587,
                    -0.5426099502375422,
                    -0.31627618575345723,
                    0.455803050658096
                ],
                "Si": [
                    [
                        1.0026102856088435,
                        -0.7501979448460167,
                        -2.829814547084733e-06,
                        -0.9630453432234113,
                        0.13463220723776323,
                        0.287993452084645
                    ],
                    [
                        -0.7501979448460167,
                        1.5824942440953986,
                        1.3806767490580662e-06,
                        1.3552295637773386,
                        0.34626313368962475,
                        1.0214276793217203
                    ],
                    [
                        -2.829814547084733e-06,
                        1.3806767490580658e-06,
                        1.0144570655740194e-06,
                        2.3057903721025433e-06,
                        -2.568796672473737e-06,
                        -1.6576749029239154e-06
                    ],
                    [
                        -0.9630453432234114,
                        1.3552295637773384,
                        2.3057903721025433e-06,
                        2.3259820137042864,
                        -0.7191830298107095,
                        -0.06843669153279355
                    ],
                    [
                        0.1346322072377632,
                        0.34626313368962475,
                        -2.5687966724737363e-06,
                        -0.7191830298107095,
                        1.9521178863363815,
                        1.663302313410379
                    ],
                    [
                        0.28799345208464494,
                        1.0214276793217203,
                        -1.6576749029239152e-06,
                        -0.06843669153279355,
                        1.663302313410379,
                        3.2867623869759703
                    ]
                ]
            },
            "est_tgt": [
                1,
                2,
                3,
                5
            ],
            "oracle_est_tgt": [
                2,
                3
            ],
            "intv_base_est_tgt": [
                2,
                3,
                4
            ]
        },
        "3": {
            "intv_type": "do",
            "inode": 3,
            "new_mui": 1.0,
            "new_vari": null,
            "true_params": {
                "Si": [
                    [
                        1.0,
                        -0.7554251276367924,
                        -0.48406133351656117,
                        0.0,
                        -0.3334933325897496,
                        -0.3205957788957995
                    ],
                    [
                        -0.7554251276367924,
                        1.5706671234650642,
                        -0.2947775501977777,
                        0.0,
                        1.8024808959181091,
                        1.742749328128494
                    ],
                    [
                        -0.48406133351656117,
                        -0.2947775501977777,
                        1.6705091079930274,
                        0.0,
                        -1.7149678415959926,
                        -0.7597959570005435
                    ],
                    [
                        0.0,
                        0.0,
                        0.0,
                        1e-09,
                        -8.782223338894716e-10,
                        -5.538124706573494e-10
                    ],
                    [
                        -0.3334933325897496,
                        1.8024808959181091,
                        -1.7149678415959926,
                        -8.782223338894716e-10,
                        4.2419079232358055,
                        2.9993926461011
                    ],
                    [
                        -0.3205957788957995,
                        1.742749328128494,
                        -0.7597959570005435,
                        -5.538124706573494e-10,
                        2.9993926461011,
                        3.7579213439535604
                    ]
                ],
                "mui": [
                    0.0,
                    0.0,
                    0.0,
                    1.0,
                    -0.8782223338894716,
                    -0.5538124706573494
                ],
                "Ai": [
                    [
                        0.0,
                        0.0,
                        0.0,
                        0.0,
                        0.0,
                        0.0
                    ],
                    [
                        -0.7554251276367924,
                        0.0,
                        0.0,
                        0.0,
                        0.0,
                        0.0
                    ],
                    [
                        -0.9829815907777373,
                        -0.6604496448535618,
                        0.0,
                        0.0,
                        0.0,
                        0.0
                    ],
                    [
                        0.0,
                        0.0,
                        0.0,
                        0.0,
                        0.0,
                        0.0
                    ],
                    [
                        0.0,
                        0.9876254680784324,
                        -0.8523377806143884,
                        -0.8782223338894716,
                        0.0,
                        0.0
                    ],
                    [
                        0.8877353906766621,
                        0.927995883528843,
                        0.613551979326628,
                        -0.0,
                        0.6306062249688236,
                        0.0
                    ]
                ]
            },
            "est_params": {
                "mui": [
                    -0.002296393861113194,
                    0.002399914714104998,
                    0.025678859653093782,
                    1.0000014561738357,
                    -0.896991726394555,
                    -0.5782410890411089
                ],
                "Si": [
                    [
                        0.9940252743707512,
                        -0.7350940465581446,
                        -0.5034684736284176,
                        -8.908635716295802e-07,
                        -0.287747884833303,
                        -0.2842646522320501
                    ],
                    [
                        -0.7350940465581446,
                        1.5512393350240152,
                        -0.3060965002575825,
                        1.882415498336364e-06,
                        1.7526186181992538,
                        1.709663039783524
                    ],
                    [
                        -0.5034684736284176,
                        -0.3060965002575825,
                        1.6985050030095206,
                        8.357242754909471e-08,
                        -1.7075678072802385,
                        -0.7640082508464724
                    ],
                    [
                        -8.908635716295802e-07,
                        1.8824154983363638e-06,
                        8.357242754909471e-08,
                        1.0113636907636576e-06,
                        1.906764765996522e-06,
                        1.1313510305716455e-06
                    ],
                    [
                        -0.287747884833303,
                        1.7526186181992538,
                        -1.7075678072802383,
                        1.906764765996522e-06,
                        4.136946883376116,
                        2.9391101808065185
                    ],
                    [
                        -0.28426465223205005,
                        1.709663039783524,
                        -0.7640082508464725,
                        1.131351030571646e-06,
                        2.939110180806519,
                        3.709753305639858
                    ]
                ]
            },
            "est_tgt": [
                1,
                3,
                5
            ],
            "oracle_est_tgt": [
                2,
                3
            ],
            "intv_base_est_tgt": []
        },
        "4": {
            "intv_type": "do",
            "inode": 4,
            "new_mui": 1.0,
            "new_vari": null,
            "true_params": {
                "Si": [
                    [
                        1.0,
                        -0.7554251276367924,
                        -0.48406133351656117,
                        -0.7159948036484137,
                        0.0,
                        -0.11029280737910516
                    ],
                    [
                        -0.7554251276367924,
                        1.5706671234650642,
                        -0.2947775501977777,
                        1.5085958698707729,
                        0.0,
                        0.6060936547751523
                    ],
                    [
                        -0.48406133351656117,
                        -0.2947775501977777,
                        1.6705091079930274,
                        -0.8531088057756424,
                        0.0,
                        0.32167343953123667
                    ],
                    [
                        -0.7159948036484137,
                        1.5085958698707729,
                        -0.8531088057756424,
                        2.7633569228719588,
                        0.0,
                        0.24093023404478553
                    ],
                    [
                        0.0,
                        0.0,
                        0.0,
                        0.0,
                        1e-09,
                        6.306062249688237e-10
                    ],
                    [
                        -0.11029280737910516,
                        0.6060936547751523,
                        0.32167343953123667,
                        0.24093023404478553,
                        6.306062249688237e-10,
                        1.661904964135636
                    ]
                ],
                "mui": [
                    0.0,
                    0.0,
                    0.0,
                    0.0,
                    1.0,
                    0.6306062249688236
                ],
                "Ai": [
                    [
                        0.0,
                        0.0,
                        0.0,
                        0.0,
                        0.0,
                        0.0
                    ],
                    [
                        -0.7554251276367924,
                        0.0,
                        0.0,
                        0.0,
                        0.0,
                        0.0
                    ],
                    [
                        -0.9829815907777373,
                        -0.6604496448535618,
                        0.0,
                        0.0,
                        0.0,
                        0.0
                    ],
                    [
                        -0.535985224406622,
                        0.5974891870663024,
                        -0.5605669103708517,
                        0.0,
                        0.0,
                        0.0
                    ],
                    [
                        0.0,
                        0.0,
                        0.0,
                        0.0,
                        0.0,
                        0.0
                    ],
                    [
                        0.8877353906766621,
                        0.927995883528843,
                        0.613551979326628,
                        -0.0,
                        0.6306062249688236,
                        0.0
                    ]
                ]
            },
            "est_params": {
                "mui": [
                    0.004693833738739123,
                    -0.005715825552363766,
                    -0.016166935908339335,
                    0.0024094050619146803,
                    0.9999994920316484,
                    0.6327854754226797
                ],
                "Si": [
                    [
                        1.0011665360546107,
                        -0.7421350665671439,
                        -0.5085569239450302,
                        -0.7145380503312483,
                        -1.046607476986254e-06,
                        -0.12459480950419935
                    ],
                    [
                        -0.7421350665671439,
                        1.540328658665717,
                        -0.2590559957610099,
                        1.4616681280097434,
                        -1.9550600774712793e-07,
                        0.598810991636291
                    ],
                    [
                        -0.5085569239450302,
                        -0.2590559957610099,
                        1.703130081071663,
                        -0.8096083176185078,
                        2.082176752853236e-06,
                        0.3655705981560113
                    ],
                    [
                        -0.7145380503312483,
                        1.4616681280097434,
                        -0.809608317618508,
                        2.694201542275154,
                        -3.260520910094758e-06,
                        0.22206000050104466
                    ],
                    [
                        -1.046607476986254e-06,
                        -1.9550600774712777e-07,
                        2.082176752853236e-06,
                        -3.2605209100947578e-06,
                        1.0107757349773718e-06,
                        -2.1095069122852883e-06
                    ],
                    [
                        -0.12459480950419935,
                        0.598810991636291,
                        0.3655705981560113,
                        0.22206000050104466,
                        -2.1095069122852883e-06,
                        1.6596828405089332
                    ]
                ]
            },
            "est_tgt": [
                1,
                4,
                5
            ],
            "oracle_est_tgt": [
                4
            ],
            "intv_base_est_tgt": [
                3,
                4
            ]
        },
        "5": {
            "intv_type": "do",
            "inode": 5,
            "new_mui": 1.0,
            "new_vari": null,
            "true_params": {
                "Si": [
                    [
                        1.0,
                        -0.7554251276367924,
                        -0.48406133351656117,
                        -0.7159948036484137,
                        0.2953092949230942,
                        0.0
                    ],
                    [
                        -0.7554251276367924,
                        1.5706671234650642,
                        -0.2947775501977777,
                        1.5085958698707729,
                        0.47759831018418153,
                        0.0
                    ],
                    [
                        -0.48406133351656117,
                        -0.2947775501977777,
                        1.6705091079930274,
                        -0.8531088057756424,
                        -0.9657486351260478,
                        0.0
                    ],
                    [
                        -0.7159948036484137,
                        1.5085958698707729,
                        -0.8531088057756424,
                        2.7633569228719588,
                        -0.20977719791452554,
                        0.0
                    ],
                    [
                        0.2953092949230942,
                        0.47759831018418153,
                        -0.9657486351260478,
                        -0.20977719791452554,
                        2.4790633232931194,
                        0.0
                    ],
                    [
                        0.0,
                        0.0,
                        0.0,
                        0.0,
                        0.0,
                        1e-09
                    ]
                ],
                "mui": [
                    0.0,
                    0.0,
                    0.0,
                    0.0,
                    0.0,
                    1.0
                ],
                "Ai": [
                    [
                        0.0,
                        0.0,
                        0.0,
                        0.0,
                        0.0,
                        0.0
                    ],
                    [
                        -0.7554251276367924,
                        0.0,
                        0.0,
                        0.0,
                        0.0,
                        0.0
                    ],
                    [
                        -0.9829815907777373,
                        -0.6604496448535618,
                        0.0,
                        0.0,
                        0.0,
                        0.0
                    ],
                    [
                        -0.535985224406622,
                        0.5974891870663024,
                        -0.5605669103708517,
                        0.0,
                        0.0,
                        0.0
                    ],
                    [
                        0.0,
                        0.9876254680784324,
                        -0.8523377806143884,
                        -0.8782223338894716,
                        0.0,
                        0.0
                    ],
                    [
                        0.0,
                        0.0,
                        0.0,
                        0.0,
                        0.0,
                        0.0
                    ]
                ]
            },
            "est_params": {
                "mui": [
                    -0.019685782314313154,
                    -0.016970140159530165,
                    0.0516915623578034,
                    -0.012536291098080708,
                    -0.03688084613916802,
                    0.9999998556827329
                ],
                "Si": [
                    [
                        1.0064223314290976,
                        -0.7460991808173767,
                        -0.49546407447491764,
                        -0.7033906493215217,
                        0.29687766606192456,
                        -5.082893005210683e-07
                    ],
                    [
                        -0.7460991808173767,
                        1.5465018830958308,
                        -0.28092864155979125,
                        1.4550207874450434,
                        0.48575526317503925,
                        1.1860280622444915e-07
                    ],
                    [
                        -0.49546407447491764,
                        -0.2809286415597912,
                        1.65688363221029,
                        -0.8291035426923257,
                        -0.9357689924539292,
                        -1.131204873561048e-06
                    ],
                    [
                        -0.7033906493215217,
                        1.4550207874450434,
                        -0.8291035426923258,
                        2.7002219268323984,
                        -0.2164501518325534,
                        2.1808652241467876e-06
                    ],
                    [
                        0.2968776660619245,
                        0.48575526317503925,
                        -0.9357689924539294,
                        -0.21645015183255342,
                        2.4521321576445443,
                        -1.2911712422436131e-06
                    ],
                    [
                        -5.082893005210683e-07,
                        1.1860280622444912e-07,
                        -1.1312048735610478e-06,
                        2.1808652241467872e-06,
                        -1.291171242243613e-06,
                        1.0043902898550005e-06
                    ]
                ]
            },
            "est_tgt": [
                1,
                4,
                5
            ],
            "oracle_est_tgt": [
                5
            ],
            "intv_base_est_tgt": [
                3,
                4,
                5
            ]
        },
        "obs": {
            "intv_type": "obs",
            "true_params": {
                "Si": [
                    [
                        1.0,
                        -0.7554251276367924,
                        -0.48406133351656117,
                        -0.7159948036484137,
                        0.2953092949230942,
                        0.07593107229055227
                    ],
                    [
                        -0.7554251276367924,
                        1.5706671234650642,
                        -0.2947775501977777,
                        1.5085958698707729,
                        0.47759831018418153,
                        0.9072701222118883
                    ],
                    [
                        -0.48406133351656117,
                        -0.2947775501977777,
                        1.6705091079930274,
                        -0.8531088057756424,
                        -0.9657486351260478,
                        -0.2873336615343941
                    ],
                    [
                        -0.7159948036484137,
                        1.5085958698707729,
                        -0.8531088057756424,
                        2.7633569228719588,
                        -0.20977719791452554,
                        0.10864342718336883
                    ],
                    [
                        0.2953092949230942,
                        0.47759831018418153,
                        -0.9657486351260478,
                        -0.20977719791452554,
