{
    "expt_args": {
        "save_dir": "all_expt_logs/expt_logs_11.05.24-unequal_matching",
        "exp_name": "233",
        "num_nodes": 8,
        "obs_noise_mean": 0.0,
        "obs_noise_var": 1.0,
        "max_edge_strength": 1.0,
        "graph_sparsity_method": "adj_dense_prop",
        "adj_dense_prop": 0.8,
        "num_parents": null,
        "new_noise_mean": 1.0,
        "mix_samples": 2048,
        "stage2_samples": 2048,
        "gmm_tol": 0.001,
        "intv_type": "do",
        "new_noise_var": null,
        "intv_targets": [
            0,
            1,
            2,
            3,
            4,
            5,
            6,
            7
        ]
    },
    "intv_args_dict": {
        "0": {
            "intv_type": "do",
            "inode": 0,
            "new_mui": 1.0,
            "new_vari": null,
            "true_params": {
                "Si": [
                    [
                        1e-09,
                        0.0,
                        -5.306097501074893e-10,
                        4.3649202786806404e-10,
                        5.707584243790718e-10,
                        1.1595968850857332e-09,
                        1.4722791199074617e-09,
                        5.937819676042111e-10
                    ],
                    [
                        0.0,
                        1.0,
                        -0.5709661271420585,
                        -1.0332353061158175,
                        -0.8885928328092819,
                        -2.7603556839444106,
                        -0.48993603383621487,
                        3.1205936265646725
                    ],
                    [
                        -5.306097501074893e-10,
                        -0.5709661271420585,
                        1.326002318625148,
                        1.1704362317924897,
                        1.0275354699423884,
                        2.9592631584834903,
                        0.9092219324505787,
                        -3.9151229864900206
                    ],
                    [
                        4.3649202786806404e-10,
                        -1.0332353061158175,
                        1.1704362317924897,
                        2.4045483321062657,
                        1.2200862450484111,
                        4.608134860964882,
                        0.9184809132483399,
                        -6.187851655201705
                    ],
                    [
                        5.707584243790718e-10,
                        -0.8885928328092819,
                        1.0275354699423884,
                        1.2200862450484111,
                        2.0601834792744795,
                        3.7263248075130395,
                        1.1648341432728098,
                        -4.518530530394158
                    ],
                    [
                        1.1595968850857332e-09,
                        -2.7603556839444106,
                        2.9592631584834903,
                        4.608134860964882,
                        3.7263248075130395,
                        11.748090854571918,
                        3.2161877374678705,
                        -13.78191634556924
                    ],
                    [
                        1.4722791199074617e-09,
                        -0.48993603383621487,
                        0.9092219324505787,
                        0.9184809132483399,
                        1.1648341432728098,
                        3.2161877374678705,
                        2.3267808461131976,
                        -2.541187685222214
                    ],
                    [
                        5.937819676042111e-10,
                        3.1205936265646725,
                        -3.9151229864900206,
                        -6.187851655201705,
                        -4.518530530394158,
                        -13.78191634556924,
                        -2.541187685222214,
                        19.402703006640238
                    ]
                ],
                "mui": [
                    1.0,
                    0.0,
                    -0.5306097501074893,
                    0.436492027868064,
                    0.5707584243790718,
                    1.1595968850857332,
                    1.4722791199074616,
                    0.5937819676042111
                ],
                "Ai": [
                    [
                        0.0,
                        0.0,
                        0.0,
                        0.0,
                        0.0,
                        0.0,
                        0.0,
                        0.0
                    ],
                    [
                        -0.0,
                        0.0,
                        0.0,
                        0.0,
                        0.0,
                        0.0,
                        0.0,
                        0.0
                    ],
                    [
                        -0.5306097501074893,
                        -0.5709661271420585,
                        0.0,
                        0.0,
                        0.0,
                        0.0,
                        0.0,
                        0.0
                    ],
                    [
                        0.7445077356265164,
                        -0.7017929688384923,
                        0.5804938708647089,
                        0.0,
                        0.0,
                        0.0,
                        0.0,
                        0.0
                    ],
                    [
                        0.8467705064196369,
                        -0.5915882084215982,
                        0.5201790618899321,
                        -0.0,
                        0.0,
                        0.0,
                        0.0,
                        0.0
                    ],
                    [
                        0.7148431940577521,
                        -0.9739878415094045,
                        0.5417524102683833,
                        0.9531025238405924,
                        0.5539841991946985,
                        0.0,
                        0.0,
                        0.0
                    ],
                    [
                        0.9122047752345531,
                        0.8470359222381783,
                        -0.0,
                        -0.6448328683597314,
                        -0.0,
                        0.7257166363955954,
                        0.0,
                        0.0
                    ],
                    [
                        0.6877362077981168,
                        -0.599884277688735,
                        -0.6816582737111478,
                        -0.9814638506108063,
                        -0.5136406742218449,
                        -0.8209251408255096,
                        0.8271932554121044,
                        0.0
                    ]
                ]
            },
            "est_params": {
                "mui": [
                    0.9999876645622062,
                    -0.057485297458168445,
                    -0.5457891017980164,
                    0.36997439133224846,
                    0.6368994070242184,
                    1.1428627624123764,
                    1.4466069368139096,
                    0.5034996237057154
                ],
                "Si": [
                    [
                        1.078027647857579e-06,
                        -1.719003099297997e-05,
                        4.2295031025836076e-05,
                        2.1131500562007322e-05,
                        2.5046503372917544e-05,
                        7.647708994074816e-05,
                        5.3688464243614984e-05,
                        -6.122991210037404e-05
                    ],
                    [
                        -1.7190030992979972e-05,
                        1.044992640032818,
                        -0.602876684480082,
                        -1.1296303890415424,
                        -0.917835032484967,
                        -2.8667226643433508,
                        -0.36700582810202803,
                        3.287924153355704
                    ],
                    [
                        4.2295031025836076e-05,
                        -0.602876684480082,
                        1.3971931606526735,
                        1.1766454574010554,
                        1.0833451452390113,
                        2.9667495962127286,
                        0.887105461207755,
                        -3.996915975825592
                    ],
                    [
                        2.1131500562007322e-05,
                        -1.1296303890415427,
                        1.1766454574010554,
                        2.4285843012737627,
                        1.1072726963398727,
                        4.430674337580572,
                        0.6599711554177999,
                        -6.163866888967654
                    ],
                    [
                        2.5046503372917547e-05,
                        -0.917835032484967,
                        1.0833451452390115,
                        1.1072726963398727,
                        2.1147639011473465,
                        3.735225736484197,
                        1.1704175689516878,
                        -4.445322052246927
                    ],
                    [
                        7.647708994074816e-05,
                        -2.8667226643433508,
                        2.9667495962127286,
                        4.430674337580572,
                        3.735225736484197,
                        11.375397868699247,
                        2.767294433480259,
                        -13.433615114084335
                    ],
                    [
                        5.368846424361499e-05,
                        -0.36700582810202803,
                        0.887105461207755,
                        0.6599711554178,
                        1.1704175689516878,
                        2.767294433480259,
                        2.22692172124891,
                        -1.9650958489347128
                    ],
                    [
                        -6.122991210037404e-05,
                        3.287924153355704,
                        -3.9969159758255914,
                        -6.163866888967654,
                        -4.445322052246927,
                        -13.433615114084335,
                        -1.9650958489347128,
                        19.422328338349658
                    ]
                ]
            },
            "est_tgt": [
                0,
                4
            ],
            "oracle_est_tgt": [
                0,
                2,
                4,
                6
            ],
            "intv_base_est_tgt": [
                0,
                1,
                4,
                6
            ]
        },
        "1": {
            "intv_type": "do",
            "inode": 1,
            "new_mui": 1.0,
            "new_vari": null,
            "true_params": {
                "Si": [
                    [
                        1.0,
                        0.0,
                        -0.5306097501074893,
                        0.436492027868064,
                        0.5707584243790718,
                        1.1595968850857332,
                        1.4722791199074616,
                        0.5937819676042111
                    ],
                    [
                        0.0,
                        1e-09,
                        -5.709661271420586e-10,
                        -1.0332353061158175e-09,
                        -8.88592832809282e-10,
                        -2.7603556839444107e-09,
                        -4.899360338362149e-10,
                        3.1205936265646727e-09
                    ],
                    [
                        -0.5306097501074893,
                        -5.709661271420586e-10,
                        1.2815467072351345,
                        0.3488869456236666,
                        0.21732907746576496,
                        0.7679001528577815,
                        -0.15172060217785543,
                        -2.4484362320616886
                    ],
                    [
                        0.436492027868064,
                        -1.0332353061158175e-09,
                        0.3488869456236666,
                        1.5274984255714434,
                        0.5510922601773873,
                        2.262192709102547,
                        1.0548998038502062,
                        -2.7043630525275226
                    ],
                    [
                        0.5707584243790718,
                        -8.88592832809282e-10,
                        0.21732907746576496,
                        0.5510922601773873,
                        1.5963514362179678,
                        1.9353422235930684,
                        1.5697962053905705,
                        -1.406687342575824
                    ],
                    [
                        1.1595968850857332,
                        -2.7603556839444107e-09,
                        0.7679001528577815,
                        2.262192709102547,
                        1.9353422235930684,
                        5.473192294863139,
                        3.571040302765499,
                        -4.479420280449319
                    ],
                    [
                        1.4722791199074616,
                        -4.899360338362149e-10,
                        -0.15172060217785543,
                        1.0548998038502062,
                        1.5697962053905705,
                        3.571040302765499,
                        4.254349333849958,
                        -0.13808363033040305
                    ],
                    [
                        0.5937819676042111,
                        3.1205936265646727e-09,
                        -2.4484362320616886,
                        -2.7043630525275226,
                        -1.406687342575824,
                        -4.479420280449319,
                        -0.13808363033040305,
                        10.017175458921638
                    ]
                ],
                "mui": [
                    0.0,
                    1.0,
                    -0.5709661271420585,
                    -1.0332353061158175,
                    -0.8885928328092819,
                    -2.7603556839444106,
                    -0.48993603383621487,
                    3.1205936265646725
                ],
                "Ai": [
                    [
                        0.0,
                        0.0,
                        0.0,
                        0.0,
                        0.0,
                        0.0,
                        0.0,
                        0.0
                    ],
                    [
                        0.0,
                        0.0,
                        0.0,
                        0.0,
                        0.0,
                        0.0,
                        0.0,
                        0.0
                    ],
                    [
                        -0.5306097501074893,
                        -0.5709661271420585,
                        0.0,
                        0.0,
                        0.0,
                        0.0,
                        0.0,
                        0.0
                    ],
                    [
                        0.7445077356265164,
                        -0.7017929688384923,
                        0.5804938708647089,
                        0.0,
                        0.0,
                        0.0,
                        0.0,
                        0.0
                    ],
                    [
                        0.8467705064196369,
                        -0.5915882084215982,
                        0.5201790618899321,
                        -0.0,
                        0.0,
                        0.0,
                        0.0,
                        0.0
                    ],
                    [
                        0.7148431940577521,
                        -0.9739878415094045,
                        0.5417524102683833,
                        0.9531025238405924,
                        0.5539841991946985,
                        0.0,
                        0.0,
                        0.0
                    ],
                    [
                        0.9122047752345531,
                        0.8470359222381783,
                        -0.0,
                        -0.6448328683597314,
                        -0.0,
                        0.7257166363955954,
                        0.0,
                        0.0
                    ],
                    [
                        0.6877362077981168,
                        -0.599884277688735,
                        -0.6816582737111478,
                        -0.9814638506108063,
                        -0.5136406742218449,
                        -0.8209251408255096,
                        0.8271932554121044,
                        0.0
                    ]
                ]
            },
            "est_params": {
                "mui": [
                    -0.11359027453341347,
                    0.9706133720078592,
                    -0.741532227049792,
                    -1.1461648619734768,
                    -0.8710366647339275,
                    -2.905504905305443,
                    -0.6459932828706574,
                    3.1631464463767096
                ],
                "Si": [
                    [
                        1.0703318668203978,
                        0.02019009093922018,
                        -0.6419611096703783,
                        0.37791071462650677,
                        0.4154160435485413,
                        0.8973974306940888,
                        1.4961824082172863,
                        1.125573621062828
                    ],
                    [
                        0.02019009093922017,
                        0.21175399265959394,
                        -0.048589978465638575,
                        -0.22698832140490596,
                        -0.11534110830074876,
                        -0.5080250656097847,
                        -0.02900250610887423,
                        0.6351614358165062
                    ],
                    [
                        -0.6419611096703783,
                        -0.048589978465638575,
                        1.437203457274632,
                        0.3851607222902108,
                        0.005748455257704501,
                        0.818705406940818,
                        -0.23159323036931423,
                        -2.670157194631034
                    ],
                    [
                        0.37791071462650677,
                        -0.22698832140490594,
                        0.3851607222902108,
                        1.736147157908558,
                        0.48610818704279823,
                        2.6266119717593983,
                        1.0054170392617743,
                        -3.2779606168589406
                    ],
                    [
                        0.4154160435485413,
                        -0.11534110830074876,
                        0.005748455257704496,
                        0.48610818704279823,
                        1.9314584695072274,
                        1.855741081274273,
                        1.257660683925429,
                        -1.6650982352532484
                    ],
                    [
                        0.8973974306940887,
                        -0.5080250656097846,
                        0.818705406940818,
                        2.6266119717593983,
                        1.855741081274273,
                        6.0556130555410785,
                        3.107382628485265,
                        -5.760736883773267
                    ],
                    [
                        1.4961824082172863,
                        -0.029002506108874237,
                        -0.23159323036931428,
                        1.0054170392617743,
                        1.257660683925429,
                        3.107382628485265,
                        4.105147100207914,
                        0.3620346590249778
                    ],
                    [
                        1.125573621062828,
                        0.6351614358165062,
                        -2.670157194631034,
                        -3.27796061685894,
                        -1.6650982352532484,
                        -5.7607368837732675,
                        0.36203465902497767,
                        12.544349951205058
                    ]
                ]
            },
            "est_tgt": [
                1,
                3
            ],
            "oracle_est_tgt": [
                1
            ],
            "intv_base_est_tgt": []
        },
        "2": {
            "intv_type": "do",
            "inode": 2,
            "new_mui": 1.0,
            "new_vari": null,
            "true_params": {
                "Si": [
                    [
                        1.0,
                        0.0,
                        0.0,
                        0.7445077356265164,
                        0.8467705064196369,
                        1.8935328768028012,
                        1.806290026812302,
                        -0.5382048110977582
                    ],
                    [
                        0.0,
                        1.0,
                        0.0,
                        -0.7017929688384923,
                        -0.5915882084215982,
                        -1.970599011218419,
                        -0.13052139077692226,
                        1.9025117747318574
                    ],
                    [
                        0.0,
                        0.0,
                        1e-09,
                        5.80493870864709e-10,
                        5.201790618899321e-10,
                        1.3831935647024759e-09,
                        6.294850534449802e-10,
                        -2.1333697288311316e-09
                    ],
                    [
                        0.7445077356265164,
                        -0.7017929688384923,
                        5.80493870864709e-10,
                        2.0468051398558407,
                        1.0455996377498014,
                        3.745804929559516,
                        1.4832453818244802,
                        -3.4610031256708447
                    ],
                    [
                        0.8467705064196369,
                        -0.5915882084215982,
                        5.201790618899321e-10,
                        1.0455996377498014,
                        2.066996899156231,
                        3.3231551314908243,
                        2.0087635864583366,
                        -2.2170986297246973
                    ],
                    [
                        1.8935328768028012,
                        -1.970599011218419,
                        1.3831935647024759e-09,
                        3.745804929559516,
                        3.3231551314908243,
                        9.684030134370026,
                        4.670565220278816,
                        -6.985301041174912
                    ],
                    [
                        1.806290026812302,
                        -0.13052139077692226,
                        6.294850534449802e-10,
                        1.4832453818244802,
                        2.0087635864583366,
                        4.670565220278816,
                        4.970211588991981,
                        -0.8898445305302698
                    ],
                    [
                        -0.5382048110977582,
                        1.9025117747318574,
                        -2.1333697288311316e-09,
                        -3.4610031256708447,
                        -2.2170986297246973,
                        -6.985301041174912,
                        -0.8898445305302698,
                        9.022547500471992
                    ]
                ],
                "mui": [
                    0.0,
                    0.0,
                    1.0,
                    0.5804938708647089,
                    0.5201790618899321,
                    1.3831935647024758,
                    0.6294850534449802,
                    -2.1333697288311315
                ],
                "Ai": [
                    [
                        0.0,
                        0.0,
                        0.0,
                        0.0,
                        0.0,
                        0.0,
                        0.0,
                        0.0
                    ],
                    [
                        -0.0,
                        0.0,
                        0.0,
                        0.0,
                        0.0,
                        0.0,
                        0.0,
                        0.0
                    ],
                    [
                        0.0,
                        0.0,
                        0.0,
                        0.0,
                        0.0,
                        0.0,
                        0.0,
                        0.0
                    ],
                    [
                        0.7445077356265164,
                        -0.7017929688384923,
                        0.5804938708647089,
                        0.0,
                        0.0,
                        0.0,
                        0.0,
                        0.0
                    ],
                    [
                        0.8467705064196369,
                        -0.5915882084215982,
                        0.5201790618899321,
                        -0.0,
                        0.0,
                        0.0,
                        0.0,
                        0.0
                    ],
                    [
                        0.7148431940577521,
                        -0.9739878415094045,
                        0.5417524102683833,
                        0.9531025238405924,
                        0.5539841991946985,
                        0.0,
                        0.0,
                        0.0
                    ],
                    [
                        0.9122047752345531,
                        0.8470359222381783,
                        -0.0,
                        -0.6448328683597314,
                        -0.0,
                        0.7257166363955954,
                        0.0,
                        0.0
                    ],
                    [
                        0.6877362077981168,
                        -0.599884277688735,
                        -0.6816582737111478,
                        -0.9814638506108063,
                        -0.5136406742218449,
                        -0.8209251408255096,
                        0.8271932554121044,
                        0.0
                    ]
                ]
            },
            "est_params": {
                "mui": [
                    0.07248820306207875,
                    -0.3802807326594524,
                    0.3174837579832039,
                    0.3314008547247979,
                    0.7809706307857706,
                    1.5675694734916399,
                    0.635096914372976,
                    -0.9577748313825356
                ],
                "Si": [
                    [
                        1.4869346795549931,
                        -0.692271392023785,
                        -0.4382222810398028,
                        1.488593593838697,
                        0.4368577418838245,
                        2.741201730508701,
                        1.4843226798117983,
                        -0.9115840609750088
                    ],
                    [
                        -0.692271392023785,
                        1.7627680018642917,
                        0.09952737729625095,
                        -0.9358777587721447,
                        -1.021638241947297,
                        -3.604667636165606,
                        -0.300725967561293,
                        1.7370698037055723
                    ],
                    [
                        -0.4382222810398028,
                        0.09952737729625097,
                        0.4199559897474331,
                        -0.15160778602442784,
                        -0.18424813262043196,
                        -0.3016354887309436,
                        -0.6224155205439761,
                        -0.014795109163959395
                    ],
                    [
                        1.488593593838697,
                        -0.9358777587721444,
                        -0.15160778602442776,
                        1.903835018293556,
                        0.30798092610559086,
                        3.542270722888515,
                        1.0728905209417923,
                        -1.513434886906487
                    ],
                    [
                        0.4368577418838245,
                        -1.021638241947297,
                        -0.18424813262043196,
                        0.30798092610559086,
                        1.0411415850799413,
                        2.0255278966354826,
                        0.34517545947642936,
                        -1.0528667435475698
                    ],
                    [
                        2.741201730508701,
                        -3.604667636165606,
                        -0.30163548873094354,
                        3.542270722888514,
                        2.0255278966354826,
                        9.429396029120088,
                        1.6115272570004828,
                        -4.468439691645519
                    ],
                    [
                        1.4843226798117983,
                        -0.300725967561293,
                        -0.6224155205439761,
                        1.0728905209417923,
                        0.34517545947642936,
                        1.6115272570004822,
                        2.2350218921545113,
                        0.322984650203929
                    ],
                    [
                        -0.9115840609750089,
                        1.7370698037055723,
                        -0.014795109163959366,
                        -1.513434886906487,
                        -1.0528667435475698,
                        -4.468439691645519,
                        0.3229846502039289,
                        3.080868627923242
                    ]
                ]
            },
            "est_tgt": [
                1,
                2,
                4,
                5,
                6,
                7
            ],
            "oracle_est_tgt": [
                2,
                7
            ],
            "intv_base_est_tgt": [
                0,
                1,
                2,
                3,
                4,
                5,
                6,
                7
            ]
        },
        "3": {
            "intv_type": "do",
            "inode": 3,
            "new_mui": 1.0,
            "new_vari": null,
            "true_params": {
                "Si": [
                    [
                        1.0,
                        0.0,
                        -0.5306097501074893,
                        0.0,
                        0.5707584243790718,
                        0.7435752316883832,
                        1.4518296912825222,
                        1.3467901190026206
                    ],
                    [
                        0.0,
                        1.0,
                        -0.5709661271420585,
                        0.0,
                        -0.8885928328092819,
                        -1.7755765059642177,
                        -0.4415294873332176,
                        1.3381221078568588
                    ],
                    [
                        -0.5306097501074893,
                        -0.5709661271420585,
                        1.6075490252527338,
                        0.0,
                        0.7246854853137149,
                        1.4491691644898528,
                        0.08403260371719212,
                        -2.61058116673866
                    ],
                    [
                        0.0,
                        0.0,
                        0.0,
                        1e-09,
                        0.0,
                        9.531025238405924e-10,
                        4.6849489382016054e-11,
                        -1.7251360925794886e-09
                    ],
                    [
                        0.5707584243790718,
                        -0.8885928328092819,
                        0.7246854853137149,
                        0.0,
                        2.385948657948395,
                        2.98785935527557,
                        1.9363177519247927,
                        -1.6450239074788149
                    ],
                    [
                        0.7435752316883832,
                        -1.7755765059642177,
                        1.4491691644898528,
                        9.531025238405924e-10,
                        2.98785935527557,
                        5.701247383017383,
                        3.311805867306412,
                        -2.8867940399399115
                    ],
                    [
                        1.4518296912825222,
                        -0.4415294873332176,
                        0.08403260371719212,
                        4.6849489382016054e-11,
                        1.9363177519247927,
                        3.311805867306412,
                        4.353807255103179,
                        1.094184667381216
                    ],
                    [
                        1.3467901190026206,
                        1.3381221078568588,
                        -2.61058116673866,
                        -1.7251360925794886e-09,
                        -1.6450239074788149,
                        -2.8867940399399115,
                        1.094184667381216,
                        7.0229373379603315
                    ]
                ],
                "mui": [
                    0.0,
                    0.0,
                    0.0,
                    1.0,
                    0.0,
                    0.9531025238405924,
                    0.04684948938201605,
                    -1.7251360925794885
                ],
                "Ai": [
                    [
                        0.0,
                        0.0,
                        0.0,
                        0.0,
                        0.0,
                        0.0,
                        0.0,
                        0.0
                    ],
                    [
                        -0.0,
                        0.0,
                        0.0,
                        0.0,
                        0.0,
                        0.0,
                        0.0,
                        0.0
                    ],
                    [
                        -0.5306097501074893,
                        -0.5709661271420585,
                        0.0,
                        0.0,
                        0.0,
                        0.0,
                        0.0,
                        0.0
                    ],
                    [
                        0.0,
                        0.0,
                        0.0,
                        0.0,
                        0.0,
                        0.0,
                        0.0,
                        0.0
                    ],
                    [
                        0.8467705064196369,
                        -0.5915882084215982,
                        0.5201790618899321,
                        -0.0,
                        0.0,
                        0.0,
                        0.0,
                        0.0
                    ],
                    [
                        0.7148431940577521,
                        -0.9739878415094045,
                        0.5417524102683833,
                        0.9531025238405924,
                        0.5539841991946985,
                        0.0,
                        0.0,
                        0.0
                    ],
                    [
                        0.9122047752345531,
                        0.8470359222381783,
                        -0.0,
                        -0.6448328683597314,
                        -0.0,
                        0.7257166363955954,
                        0.0,
                        0.0
                    ],
                    [
                        0.6877362077981168,
                        -0.599884277688735,
                        -0.6816582737111478,
                        -0.9814638506108063,
                        -0.5136406742218449,
                        -0.8209251408255096,
                        0.8271932554121044,
                        0.0
                    ]
                ]
            },
            "est_params": {
                "mui": [
                    0.004731130772494099,
                    -0.006626795543118692,
                    -0.10464639119683262,
                    0.9999831110005146,
                    -0.01631960195831577,
                    0.8794208765848925,
                    0.02789482277199447,
                    -1.6387220667917344
                ],
                "Si": [
                    [
                        1.1051785975670763,
                        0.06539830227963178,
                        -0.6297123928531838,
                        -2.9532424845570637e-05,
                        0.5511301769656061,
                        0.6448305350040648,
                        1.4371791438365915,
                        1.422189972201153
                    ],
                    [
                        0.0653983022796318,
                        1.0718587054739919,
                        -0.6552177524259652,
                        -2.6980584930026157e-05,
                        -0.8772530842463194,
                        -1.8076954898310194,
                        -0.4104052433389753,
                        1.4053271140144028
                    ],
                    [
                        -0.6297123928531838,
                        -0.6552177524259652,
                        1.7083387430709631,
                        9.835240912398723e-06,
                        0.6678076096491962,
                        1.5938081987836215,
                        0.2036283080683865,
                        -2.7174137468910033
                    ],
                    [
                        -2.9532424845570644e-05,
                        -2.698058493002616e-05,
                        9.835240912398723e-06,
                        1.0782469450648737e-06,
                        1.7102580495728224e-05,
                        -6.402487574165908e-06,
                        -4.329864110183825e-05,
                        -3.6575651700609007e-05
                    ],
                    [
                        0.5511301769656061,
                        -0.8772530842463192,
                        0.6678076096491962,
                        1.7102580495728228e-05,
                        2.279794996007634,
                        2.834960615168085,
