{
    "expt_args": {
        "save_dir": "all_expt_logs/expt_logs_11.05.24-unequal_matching",
        "exp_name": "86",
        "num_nodes": 6,
        "obs_noise_mean": 0.0,
        "obs_noise_var": 1.0,
        "max_edge_strength": 1.0,
        "graph_sparsity_method": "adj_dense_prop",
        "adj_dense_prop": 0.8,
        "num_parents": null,
        "new_noise_mean": 1.0,
        "mix_samples": 65536,
        "stage2_samples": 65536,
        "gmm_tol": 0.001,
        "intv_type": "do",
        "new_noise_var": null,
        "intv_targets": [
            0,
            1,
            2,
            3,
            4,
            5
        ]
    },
    "intv_args_dict": {
        "0": {
            "intv_type": "do",
            "inode": 0,
            "new_mui": 1.0,
            "new_vari": null,
            "true_params": {
                "Si": [
                    [
                        1e-09,
                        7.861836602125207e-10,
                        -1.3679588995515998e-09,
                        6.729235887581277e-10,
                        3.0947198039340666e-09,
                        5.642042209641418e-10
                    ],
                    [
                        7.861836602125207e-10,
                        1.0000000006180847,
                        -0.7048093947093083,
                        0.9630582912688284,
                        2.3511771481356356,
                        1.0806761780448075
                    ],
                    [
                        -1.3679588995515998e-09,
                        -0.7048093947093083,
                        1.4967562832258146,
                        -1.2705602802040001,
                        -3.1387156498051194,
                        -1.2906712551346229
                    ],
                    [
                        6.729235887581277e-10,
                        0.9630582912688284,
                        -1.2705602802040001,
                        2.277694012099892,
                        4.10850442548717,
                        1.3538101876027928
                    ],
                    [
                        3.0947198039340666e-09,
                        2.3511771481356356,
                        -3.1387156498051194,
                        4.10850442548717,
                        9.658988725286296,
                        3.32461980888284
                    ],
                    [
                        5.642042209641418e-10,
                        1.0806761780448075,
                        -1.2906712551346229,
                        1.3538101876027928,
                        3.32461980888284,
                        2.4477025649755464
                    ]
                ],
                "mui": [
                    1.0,
                    0.7861836602125207,
                    -1.3679588995515997,
                    0.6729235887581277,
                    3.0947198039340664,
                    0.5642042209641418
                ],
                "Ai": [
                    [
                        0.0,
                        0.0,
                        0.0,
                        0.0,
                        0.0,
                        0.0
                    ],
                    [
                        0.7861836602125207,
                        0.0,
                        0.0,
                        0.0,
                        0.0,
                        0.0
                    ],
                    [
                        -0.813849270712379,
                        -0.7048093936338413,
                        0.0,
                        0.0,
                        0.0,
                        0.0
                    ],
                    [
                        -0.5658431314812451,
                        0.5459607259582819,
                        -0.5917877493531155,
                        0.0,
                        0.0,
                        0.0
                    ],
                    [
                        0.5878737377318097,
                        0.7787801706105137,
                        -0.9090880985787433,
                        0.9674005743280684,
                        0.0,
                        0.0
                    ],
                    [
                        -0.7159324297647018,
                        0.7078316327667449,
                        -0.5290005329131477,
                        0.0,
                        -0.0,
                        0.0
                    ]
                ]
            },
            "est_params": {
                "mui": [
                    1.0000001211670755,
                    0.7924872318059973,
                    -1.38625067822281,
                    0.6902404236785262,
                    3.1396996139236872,
                    0.5923328461355022
                ],
                "Si": [
                    [
                        1.005895119020549e-06,
                        1.8852834643197295e-07,
                        -2.079651784648511e-07,
                        -3.067624429112824e-07,
                        -1.2536221528832636e-06,
                        3.1199260274831877e-07
                    ],
                    [
                        1.8852834643197295e-07,
                        1.0150210221824572,
                        -0.718470446939966,
                        0.9836607537179793,
                        2.382082689380969,
                        1.0953952792114414
                    ],
                    [
                        -2.0796517846485105e-07,
                        -0.7184704469399661,
                        1.5310283750532536,
                        -1.2864396200668193,
                        -3.193427213012924,
                        -1.3236925316801267
                    ],
                    [
                        -3.067624429112824e-07,
                        0.9836607537179793,
                        -1.2864396200668193,
                        2.2960667888888904,
                        4.14517945239412,
                        1.3814554627928743
                    ],
                    [
                        -1.253622152883264e-06,
                        2.382082689380969,
                        -3.193427213012924,
                        4.14517945239412,
                        9.772268927147127,
                        3.3829275332152284
                    ],
                    [
                        3.1199260274831866e-07,
                        1.0953952792114414,
                        -1.3236925316801267,
                        1.3814554627928743,
                        3.3829275332152284,
                        2.4926765830605113
                    ]
                ]
            },
            "est_tgt": [
                0
            ],
            "oracle_est_tgt": [
                0
            ],
            "intv_base_est_tgt": [
                0,
                2,
                3,
                4
            ]
        },
        "1": {
            "intv_type": "do",
            "inode": 1,
            "new_mui": 1.0,
            "new_vari": null,
            "true_params": {
                "Si": [
                    [
                        1.0,
                        0.0,
                        -0.813849270712379,
                        -0.08421710325369192,
                        1.2462627497175554,
                        -0.2854057318468767
                    ],
                    [
                        0.0,
                        1e-09,
                        -7.048093936338414e-10,
                        9.63058290739787e-10,
                        2.3511771457026177e-09,
                        1.0806761776012395e-09
                    ],
                    [
                        -0.813849270712379,
                        -7.048093936338414e-10,
                        1.6623506359358275,
                        -0.5232477219673617,
                        -2.4958539388140304,
                        -0.2967232869541051
                    ],
                    [
                        -0.08421710325369192,
                        9.63058290739787e-10,
                        -0.5232477219673617,
                        1.3573052616923502,
                        1.7392271438279736,
                        0.33709207980816847
                    ],
                    [
                        1.2462627497175554,
                        2.3511771457026177e-09,
                        -2.4958539388140304,
                        1.7392271438279736,
                        5.684125592096294,
                        0.4280681468397107
                    ],
                    [
                        -0.2854057318468767,
                        1.0806761776012395e-09,
                        -0.2967232869541051,
                        0.33709207980816847,
                        0.4280681468397107,
                        1.3612979967613066
                    ]
                ],
                "mui": [
                    0.0,
                    1.0,
                    -0.7048093936338413,
                    0.9630582907397869,
                    2.3511771457026174,
                    1.0806761776012395
                ],
                "Ai": [
                    [
                        0.0,
                        0.0,
                        0.0,
                        0.0,
                        0.0,
                        0.0
                    ],
                    [
                        0.0,
                        0.0,
                        0.0,
                        0.0,
                        0.0,
                        0.0
                    ],
                    [
                        -0.813849270712379,
                        -0.7048093936338413,
                        0.0,
                        0.0,
                        0.0,
                        0.0
                    ],
                    [
                        -0.5658431314812451,
                        0.5459607259582819,
                        -0.5917877493531155,
                        0.0,
                        0.0,
                        0.0
                    ],
                    [
                        0.5878737377318097,
                        0.7787801706105137,
                        -0.9090880985787433,
                        0.9674005743280684,
                        0.0,
                        0.0
                    ],
                    [
                        -0.7159324297647018,
                        0.7078316327667449,
                        -0.5290005329131477,
                        0.0,
                        -0.0,
                        0.0
                    ]
                ]
            },
            "est_params": {
                "mui": [
                    0.0029387923571963927,
                    1.0000000172655432,
                    -0.71844948684841,
                    0.9704016775268444,
                    2.3897586426005284,
                    1.083022621672711
                ],
                "Si": [
                    [
                        0.999884284836893,
                        -2.266884224608091e-07,
                        -0.8236252495491327,
                        -0.08093937256065926,
                        1.2632039761665077,
                        -0.2721925719245729
                    ],
                    [
                        -2.266884224608092e-07,
                        1.0115448677585205e-06,
                        -1.5523077390571164e-06,
                        7.073753450463728e-07,
                        3.405270637062883e-06,
                        2.726141339215134e-06
                    ],
                    [
                        -0.8236252495491327,
                        -1.5523077390571164e-06,
                        1.6693127571690773,
                        -0.5100210432524881,
                        -2.5120914688997185,
                        -0.2910325181924633
                    ],
                    [
                        -0.08093937256065926,
                        7.073753450463728e-07,
                        -0.5100210432524881,
                        1.3510689054608127,
                        1.7233108926095377,
                        0.30949564464451695
                    ],
                    [
                        1.2632039761665077,
                        3.4052706370628837e-06,
                        -2.5120914688997185,
                        1.7233108926095375,
                        5.71870773821657,
                        0.4074880640272041
                    ],
                    [
                        -0.2721925719245729,
                        2.726141339215134e-06,
                        -0.2910325181924633,
                        0.30949564464451695,
                        0.4074880640272041,
                        1.3593794820190044
                    ]
                ]
            },
            "est_tgt": [
                1
            ],
            "oracle_est_tgt": [
                1
            ],
            "intv_base_est_tgt": [
                1,
                2,
                3,
                4
            ]
        },
        "2": {
            "intv_type": "do",
            "inode": 2,
            "new_mui": 1.0,
            "new_vari": null,
            "true_params": {
                "Si": [
                    [
                        1.0,
                        0.7861836602125207,
                        0.0,
                        -0.136617729615078,
                        1.0679739126702916,
                        -0.15944676590193754
                    ],
                    [
                        0.7861836602125207,
                        1.6180847475851563,
                        0.0,
                        0.43855409923957545,
                        2.1465665301377417,
                        0.5824771907409106
                    ],
                    [
                        0.0,
                        0.0,
                        1e-09,
                        -5.917877493531156e-10,
                        -1.4815839071832623e-09,
                        -5.290005329131477e-10
                    ],
                    [
                        -0.136617729615078,
                        0.43855409923957545,
                        -5.917877493531156e-10,
                        1.3167375186842856,
                        1.5350358932309676,
                        0.4082315275466136
                    ],
                    [
                        1.0679739126702916,
                        2.1465665301377417,
                        -1.4815839071832623e-09,
                        1.5350358932309676,
                        4.784531870481766,
                        0.7548105344302452
                    ],
                    [
                        -0.15944676590193754,
                        0.5824771907409106,
                        -5.290005329131477e-10,
                        0.4082315275466136,
                        0.7548105344302452,
                        1.5264488917816648
                    ]
                ],
                "mui": [
                    0.0,
                    0.0,
                    1.0,
                    -0.5917877493531155,
                    -1.4815839071832622,
                    -0.5290005329131477
                ],
                "Ai": [
                    [
                        0.0,
                        0.0,
                        0.0,
                        0.0,
                        0.0,
                        0.0
                    ],
                    [
                        0.7861836602125207,
                        0.0,
                        0.0,
                        0.0,
                        0.0,
                        0.0
                    ],
                    [
                        0.0,
                        0.0,
                        0.0,
                        0.0,
                        0.0,
                        0.0
                    ],
                    [
                        -0.5658431314812451,
                        0.5459607259582819,
                        -0.5917877493531155,
                        0.0,
                        0.0,
                        0.0
                    ],
                    [
                        0.5878737377318097,
                        0.7787801706105137,
                        -0.9090880985787433,
                        0.9674005743280684,
                        0.0,
                        0.0
                    ],
                    [
                        -0.7159324297647018,
                        0.7078316327667449,
                        -0.5290005329131477,
                        0.0,
                        -0.0,
                        0.0
                    ]
                ]
            },
            "est_params": {
                "mui": [
                    -0.0025447216680876458,
                    0.00453649076268051,
                    1.0000000544114636,
                    -0.5913343480228148,
                    -1.477133010330154,
                    -0.5241626211636945
                ],
                "Si": [
                    [
                        1.005754181152145,
                        0.7918894234231658,
                        1.0615552639532825e-07,
                        -0.12350751938027847,
                        1.0860197124033906,
                        -0.14967770841813915
                    ],
                    [
                        0.7918894234231658,
                        1.6169846848520644,
                        -1.850176325518768e-07,
                        0.44597483168713764,
                        2.1569020197126902,
                        0.5839715457271613
                    ],
                    [
                        1.0615552639532829e-07,
                        -1.8501763255187657e-07,
                        1.0058342347888054e-06,
                        -9.02513948265558e-07,
                        -1.526423375130266e-07,
                        6.593510159651896e-07
                    ],
                    [
                        -0.12350751938027844,
                        0.44597483168713764,
                        -9.02513948265558e-07,
                        1.3057985411266595,
                        1.5492814379020525,
                        0.3937220847580711
                    ],
                    [
                        1.0860197124033906,
                        2.1569020197126902,
                        -1.52642337513027e-07,
                        1.5492814379020525,
                        4.8130040643350585,
                        0.7491342991047734
                    ],
                    [
                        -0.14967770841813915,
                        0.5839715457271613,
                        6.593510159651896e-07,
                        0.3937220847580711,
                        0.7491342991047734,
                        1.520802743540977
                    ]
                ]
            },
            "est_tgt": [
                2
            ],
            "oracle_est_tgt": [
                2
            ],
            "intv_base_est_tgt": [
                2,
                3,
                4
            ]
        },
        "3": {
            "intv_type": "do",
            "inode": 3,
            "new_mui": 1.0,
            "new_vari": null,
            "true_params": {
                "Si": [
                    [
                        1.0,
                        0.7861836602125207,
                        -1.3679588995515997,
                        0.0,
                        2.4437331376905487,
                        0.5642042209641418
                    ],
                    [
                        0.7861836602125207,
                        1.6180847475851563,
                        -1.7802763283036098,
                        0.0,
                        3.340737064901723,
                        1.5242443171461824
                    ],
                    [
                        -1.3679588995515997,
                        -1.7802763283036098,
                        3.368067832216927,
                        0.0,
                        -5.252501395507352,
                        -2.0624794395952897
                    ],
                    [
                        0.0,
                        0.0,
                        0.0,
                        1e-09,
                        9.674005743280683e-10,
                        0.0
                    ],
                    [
                        2.4437331376905487,
                        3.340737064901723,
                        -5.252501395507352,
                        9.674005743280683e-10,
                        9.813292822402097,
                        3.393707605680898
                    ],
                    [
                        0.5642042209641418,
                        1.5242443171461824,
                        -2.0624794395952897,
                        0.0,
                        3.393707605680898,
                        2.766028967610974
                    ]
                ],
                "mui": [
                    0.0,
                    0.0,
                    0.0,
                    1.0,
                    0.9674005743280684,
                    0.0
                ],
                "Ai": [
                    [
                        0.0,
                        0.0,
                        0.0,
                        0.0,
                        0.0,
                        0.0
                    ],
                    [
                        0.7861836602125207,
                        0.0,
                        0.0,
                        0.0,
                        0.0,
                        0.0
                    ],
                    [
                        -0.813849270712379,
                        -0.7048093936338413,
                        0.0,
                        0.0,
                        0.0,
                        0.0
                    ],
                    [
                        0.0,
                        0.0,
                        0.0,
                        0.0,
                        0.0,
                        0.0
                    ],
                    [
                        0.5878737377318097,
                        0.7787801706105137,
                        -0.9090880985787433,
                        0.9674005743280684,
                        0.0,
                        0.0
                    ],
                    [
                        -0.7159324297647018,
                        0.7078316327667449,
                        -0.5290005329131477,
                        0.0,
                        -0.0,
                        0.0
                    ]
                ]
            },
            "est_params": {
                "mui": [
                    -0.01944157034534974,
                    -0.019422110693598008,
                    0.017432788537909968,
                    1.000001414260438,
                    0.9216196568562998,
                    -0.023183260326875444
                ],
                "Si": [
                    [
                        0.9994216195822943,
                        0.7811326782147403,
                        -1.3869571822837616,
                        -3.577825540779704e-07,
                        2.4500968338046407,
                        0.5657894912205323
                    ],
                    [
                        0.7811326782147403,
                        1.5886409372214678,
                        -1.7617831316188213,
                        -9.268179788099371e-07,
                        3.3069116348525696,
                        1.5010107616689108
                    ],
                    [
                        -1.3869571822837616,
                        -1.7617831316188215,
                        3.394459114166323,
                        2.1015796004826741e-07,
                        -5.290378824867558,
                        -2.076730620816983
                    ],
                    [
                        -3.5778255407797067e-07,
                        -9.268179788099371e-07,
                        2.1015796004826755e-07,
                        1.0130351650373517e-06,
                        -6.371342286079213e-08,
                        -8.237572770759153e-07
                    ],
                    [
                        2.4500968338046403,
                        3.3069116348525696,
                        -5.290378824867558,
                        -6.3713422860792e-08,
                        9.857230646751805,
                        3.4206030118964494
                    ],
                    [
                        0.5657894912205323,
                        1.5010107616689108,
                        -2.076730620816983,
                        -8.237572770759149e-07,
                        3.4206030118964494,
                        2.804734739311093
                    ]
                ]
            },
            "est_tgt": [
                3,
                4
            ],
            "oracle_est_tgt": [
                3,
                4
            ],
            "intv_base_est_tgt": []
        },
        "4": {
            "intv_type": "do",
            "inode": 4,
            "new_mui": 1.0,
            "new_vari": null,
            "true_params": {
                "Si": [
                    [
                        1.0,
                        0.7861836602125207,
                        -1.3679588995515997,
                        0.6729235887581277,
                        0.0,
                        0.5642042209641418
                    ],
                    [
                        0.7861836602125207,
                        1.6180847475851563,
                        -1.7802763283036098,
                        1.4920998207929967,
                        0.0,
                        1.5242443171461824
                    ],
                    [
                        -1.3679588995515997,
                        -1.7802763283036098,
                        3.368067832216927,
                        -2.19109209124335,
                        0.0,
                        -2.0624794395952897
                    ],
                    [
                        0.6729235887581277,
                        1.4920998207929967,
                        -2.19109209124335,
                        2.7305201679541837,
                        0.0,
                        1.7334765163868004
                    ],
                    [
                        0.0,
                        0.0,
                        0.0,
                        0.0,
                        1e-09,
                        0.0
                    ],
                    [
                        0.5642042209641418,
                        1.5242443171461824,
                        -2.0624794395952897,
                        1.7334765163868004,
                        0.0,
                        2.766028967610974
                    ]
                ],
                "mui": [
                    0.0,
                    0.0,
                    0.0,
                    0.0,
                    1.0,
                    0.0
                ],
                "Ai": [
                    [
                        0.0,
                        0.0,
                        0.0,
                        0.0,
                        0.0,
                        0.0
                    ],
                    [
                        0.7861836602125207,
                        0.0,
                        0.0,
                        0.0,
                        0.0,
                        0.0
                    ],
                    [
                        -0.813849270712379,
                        -0.7048093936338413,
                        0.0,
                        0.0,
                        0.0,
                        0.0
                    ],
                    [
                        -0.5658431314812451,
                        0.5459607259582819,
                        -0.5917877493531155,
                        0.0,
                        0.0,
                        0.0
                    ],
                    [
                        0.0,
                        0.0,
                        0.0,
                        0.0,
                        0.0,
                        0.0
                    ],
                    [
                        -0.7159324297647018,
                        0.7078316327667449,
                        -0.5290005329131477,
                        0.0,
                        -0.0,
                        0.0
                    ]
                ]
            },
            "est_params": {
                "mui": [
                    0.009535439996670574,
                    -0.00119059532100589,
                    -0.007372631924373189,
                    -0.009850257148229874,
                    0.9999994928515172,
                    0.0029151119476070343
                ],
                "Si": [
                    [
                        0.9897028276804262,
                        0.7779492617980622,
                        -1.3358098595273071,
                        0.6510791311170787,
                        -2.606674182588305e-07,
                        0.5585572885156797
                    ],
                    [
                        0.7779492617980622,
                        1.606902268695718,
                        -1.7544555606575432,
                        1.4738419081644736,
                        -9.165247190610503e-07,
                        1.504096769459886
                    ],
                    [
                        -1.3358098595273071,
                        -1.7544555606575432,
                        3.2860983103761288,
                        -2.1391669145343295,
                        -3.57421559984117e-07,
                        -2.0301630704501945
                    ],
                    [
                        0.6510791311170787,
                        1.4738419081644738,
                        -2.1391669145343295,
                        2.6804728590199245,
                        -2.8807695901925364e-07,
                        1.6868638924035926
                    ],
                    [
                        -2.606674182588304e-07,
                        -9.165247190610505e-07,
                        -3.5742155998411684e-07,
                        -2.880769590192535e-07,
                        1.008587808388992e-06,
                        -1.9832907339837214e-07
                    ],
                    [
                        0.5585572885156797,
                        1.504096769459886,
                        -2.0301630704501945,
                        1.6868638924035926,
                        -1.9832907339837177e-07,
                        2.7370798822893527
                    ]
                ]
            },
            "est_tgt": [
                3,
                4
            ],
            "oracle_est_tgt": [
                3,
                4
            ],
            "intv_base_est_tgt": [
                2,
                3,
                4
            ]
        },
        "5": {
            "intv_type": "do",
            "inode": 5,
            "new_mui": 1.0,
            "new_vari": null,
            "true_params": {
                "Si": [
                    [
                        1.0,
                        0.7861836602125207,
                        -1.3679588995515997,
                        0.6729235887581277,
                        3.0947198039340664,
                        0.0
                    ],
                    [
                        0.7861836602125207,
                        1.6180847475851563,
                        -1.7802763283036098,
                        1.4920998207929967,
                        4.784195288491676,
                        0.0
                    ],
                    [
                        -1.3679588995515997,
                        -1.7802763283036098,
                        3.368067832216927,
                        -2.19109209124335,
                        -7.372165142981858,
                        0.0
                    ],
                    [
                        0.6729235887581277,
                        1.4920998207929967,
                        -2.19109209124335,
                        2.7305201679541837,
                        6.191014380068821,
                        0.0
                    ],
                    [
                        3.0947198039340664,
                        4.784195288491676,
                        -7.372165142981858,
                        6.191014380068821,
                        19.23627938057071,
                        0.0
                    ],
                    [
                        0.0,
                        0.0,
                        0.0,
                        0.0,
                        0.0,
                        1e-09
                    ]
                ],
                "mui": [
                    0.0,
                    0.0,
                    0.0,
                    0.0,
                    0.0,
                    1.0
                ],
                "Ai": [
                    [
                        0.0,
                        0.0,
                        0.0,
                        0.0,
                        0.0,
                        0.0
                    ],
                    [
                        0.7861836602125207,
                        0.0,
                        0.0,
                        0.0,
                        0.0,
                        0.0
                    ],
                    [
                        -0.813849270712379,
                        -0.7048093936338413,
                        0.0,
                        0.0,
                        0.0,
                        0.0
                    ],
                    [
                        -0.5658431314812451,
                        0.5459607259582819,
                        -0.5917877493531155,
                        0.0,
                        0.0,
                        0.0
                    ],
                    [
                        0.5878737377318097,
                        0.7787801706105137,
                        -0.9090880985787433,
                        0.9674005743280684,
                        0.0,
                        0.0
                    ],
                    [
                        0.0,
                        0.0,
                        0.0,
                        0.0,
                        0.0,
                        0.0
                    ]
                ]
            },
            "est_params": {
                "mui": [
                    -0.015936976268088245,
                    -0.012442552660401505,
                    0.029052905620022388,
                    0.00016295642140458767,
                    -0.0467578594265327,
                    1.0000015332296486
                ],
                "Si": [
                    [
                        0.9823042855317649,
                        0.7890686436513181,
                        -1.347966053286456,
                        0.6761192235650374,
                        3.0797553298993745,
                        6.820324175563374e-07
                    ],
                    [
                        0.7890686436513181,
                        1.6257664302505161,
                        -1.7908454892261239,
                        1.4948259667367676,
                        4.803693875631624,
                        -8.368639690108214e-08
                    ],
                    [
                        -1.347966053286456,
                        -1.7908454892261239,
                        3.362925725196473,
                        -2.2032133390730877,
                        -7.395283359764282,
                        -2.577736009534647e-06
                    ],
                    [
                        0.6761192235650374,
                        1.4948259667367676,
                        -2.2032133390730877,
                        2.7304075272713932,
                        6.22310362730133,
                        3.100370560604207e-07
                    ],
                    [
                        3.0797553298993745,
                        4.803693875631623,
                        -7.395283359764282,
                        6.22310362730133,
                        19.317060152289006,
                        2.0796557679322355e-06
                    ],
                    [
                        6.820324175563374e-07,
                        -8.368639690108181e-08,
                        -2.5777360095346463e-06,
                        3.100370560604207e-07,
                        2.079655767932236e-06,
                        1.01010194055376e-06
                    ]
                ]
            },
            "est_tgt": [
                5
            ],
            "oracle_est_tgt": [
                5
            ],
            "intv_base_est_tgt": [
                2,
                3,
                4,
                5
            ]
        },
        "obs": {
            "intv_type": "obs",
            "true_params": {
                "Si": [
                    [
                        1.0,
                        0.7861836602125207,
                        -1.3679588995515997,
                        0.6729235887581277,
                        3.0947198039340664,
                        0.5642042209641418
                    ],
                    [
                        0.7861836602125207,
                        1.6180847475851563,
                        -1.7802763283036098,
                        1.4920998207929967,
                        4.784195288491676,
                        1.5242443171461824
                    ],
                    [
                        -1.3679588995515997,
                        -1.7802763283036098,
                        3.368067832216927,
                        -2.19109209124335,
                        -7.372165142981858,
                        -2.0624794395952897
                    ],
                    [
                        0.6729235887581277,
                        1.4920998207929967,
                        -2.19109209124335,
                        2.7305201679541837,
                        6.191014380068821,
                        1.7334765163868004
                    ],
                    [
                        3.0947198039340664,
                        4.784195288491676,
                        -7.372165142981858,
                        6.191014380068821,
                        19.23627938057071,
                        5.070673783217708
                    ],
                    [
                        0.5642042209641418,
                        1.5242443171461824,
                        -2.0624794395952897,
                        1.7334765163868004,
                        5.070673783217708,
                        2.766028967610974
                    ]
