{
    "expt_args": {
        "save_dir": "all_expt_logs/expt_logs_11.05.24-unequal_matching",
        "exp_name": "80",
        "num_nodes": 6,
        "obs_noise_mean": 0.0,
        "obs_noise_var": 1.0,
        "max_edge_strength": 1.0,
        "graph_sparsity_method": "adj_dense_prop",
        "adj_dense_prop": 0.8,
        "num_parents": null,
        "new_noise_mean": 1.0,
        "mix_samples": 1024,
        "stage2_samples": 1024,
        "gmm_tol": 0.001,
        "intv_type": "do",
        "new_noise_var": null,
        "intv_targets": [
            0,
            1,
            2,
            3,
            4,
            5
        ]
    },
    "intv_args_dict": {
        "0": {
            "intv_type": "do",
            "inode": 0,
            "new_mui": 1.0,
            "new_vari": null,
            "true_params": {
                "Si": [
                    [
                        1e-09,
                        7.861836602125207e-10,
                        -1.3679588995515998e-09,
                        6.729235887581277e-10,
                        3.0947198039340666e-09,
                        5.642042209641418e-10
                    ],
                    [
                        7.861836602125207e-10,
                        1.0000000006180847,
                        -0.7048093947093083,
                        0.9630582912688284,
                        2.3511771481356356,
                        1.0806761780448075
                    ],
                    [
                        -1.3679588995515998e-09,
                        -0.7048093947093083,
                        1.4967562832258146,
                        -1.2705602802040001,
                        -3.1387156498051194,
                        -1.2906712551346229
                    ],
                    [
                        6.729235887581277e-10,
                        0.9630582912688284,
                        -1.2705602802040001,
                        2.277694012099892,
                        4.10850442548717,
                        1.3538101876027928
                    ],
                    [
                        3.0947198039340666e-09,
                        2.3511771481356356,
                        -3.1387156498051194,
                        4.10850442548717,
                        9.658988725286296,
                        3.32461980888284
                    ],
                    [
                        5.642042209641418e-10,
                        1.0806761780448075,
                        -1.2906712551346229,
                        1.3538101876027928,
                        3.32461980888284,
                        2.4477025649755464
                    ]
                ],
                "mui": [
                    1.0,
                    0.7861836602125207,
                    -1.3679588995515997,
                    0.6729235887581277,
                    3.0947198039340664,
                    0.5642042209641418
                ],
                "Ai": [
                    [
                        0.0,
                        0.0,
                        0.0,
                        0.0,
                        0.0,
                        0.0
                    ],
                    [
                        0.7861836602125207,
                        0.0,
                        0.0,
                        0.0,
                        0.0,
                        0.0
                    ],
                    [
                        -0.813849270712379,
                        -0.7048093936338413,
                        0.0,
                        0.0,
                        0.0,
                        0.0
                    ],
                    [
                        -0.5658431314812451,
                        0.5459607259582819,
                        -0.5917877493531155,
                        0.0,
                        0.0,
                        0.0
                    ],
                    [
                        0.5878737377318097,
                        0.7787801706105137,
                        -0.9090880985787433,
                        0.9674005743280684,
                        0.0,
                        0.0
                    ],
                    [
                        -0.7159324297647018,
                        0.7078316327667449,
                        -0.5290005329131477,
                        0.0,
                        -0.0,
                        0.0
                    ]
                ]
            },
            "est_params": {
                "mui": [
                    1.0000127529603158,
                    0.7771846003574615,
                    -1.450888997172867,
                    0.8123774575247102,
                    3.1930733510316207,
                    0.6066669703849502
                ],
                "Si": [
                    [
                        1.0261564121552792e-06,
                        -9.907009116365498e-07,
                        1.2352593785267168e-05,
                        1.1109030336119706e-06,
                        -3.262181577033275e-05,
                        -2.601584377602308e-06
                    ],
                    [
                        -9.907009116365515e-07,
                        1.1275791263496968,
                        -0.9025612943741321,
                        1.1717826780503986,
                        2.8657357149156852,
                        1.248218002222554
                    ],
                    [
                        1.2352593785267168e-05,
                        -0.9025612943741324,
                        1.805678068720657,
                        -1.601448875599219,
                        -3.9390006376698543,
                        -1.5178149059646286
                    ],
                    [
                        1.1109030336119713e-06,
                        1.1717826780503986,
                        -1.6014488755992191,
                        2.437340485716898,
                        4.768367576430591,
                        1.622999557738358
                    ],
                    [
                        -3.262181577033275e-05,
                        2.8657357149156852,
                        -3.9390006376698543,
                        4.768367576430591,
                        11.608126601321024,
                        4.02678493924994
                    ],
                    [
                        -2.6015843776023075e-06,
                        1.248218002222554,
                        -1.5178149059646284,
                        1.622999557738358,
                        4.02678493924994,
                        2.5963856430156103
                    ]
                ]
            },
            "est_tgt": [
                0,
                1,
                2,
                4
            ],
            "oracle_est_tgt": [
                0,
                1,
                2,
                4
            ],
            "intv_base_est_tgt": [
                0,
                4,
                5
            ]
        },
        "1": {
            "intv_type": "do",
            "inode": 1,
            "new_mui": 1.0,
            "new_vari": null,
            "true_params": {
                "Si": [
                    [
                        1.0,
                        0.0,
                        -0.813849270712379,
                        -0.08421710325369192,
                        1.2462627497175554,
                        -0.2854057318468767
                    ],
                    [
                        0.0,
                        1e-09,
                        -7.048093936338414e-10,
                        9.63058290739787e-10,
                        2.3511771457026177e-09,
                        1.0806761776012395e-09
                    ],
                    [
                        -0.813849270712379,
                        -7.048093936338414e-10,
                        1.6623506359358275,
                        -0.5232477219673617,
                        -2.4958539388140304,
                        -0.2967232869541051
                    ],
                    [
                        -0.08421710325369192,
                        9.63058290739787e-10,
                        -0.5232477219673617,
                        1.3573052616923502,
                        1.7392271438279736,
                        0.33709207980816847
                    ],
                    [
                        1.2462627497175554,
                        2.3511771457026177e-09,
                        -2.4958539388140304,
                        1.7392271438279736,
                        5.684125592096294,
                        0.4280681468397107
                    ],
                    [
                        -0.2854057318468767,
                        1.0806761776012395e-09,
                        -0.2967232869541051,
                        0.33709207980816847,
                        0.4280681468397107,
                        1.3612979967613066
                    ]
                ],
                "mui": [
                    0.0,
                    1.0,
                    -0.7048093936338413,
                    0.9630582907397869,
                    2.3511771457026174,
                    1.0806761776012395
                ],
                "Ai": [
                    [
                        0.0,
                        0.0,
                        0.0,
                        0.0,
                        0.0,
                        0.0
                    ],
                    [
                        0.0,
                        0.0,
                        0.0,
                        0.0,
                        0.0,
                        0.0
                    ],
                    [
                        -0.813849270712379,
                        -0.7048093936338413,
                        0.0,
                        0.0,
                        0.0,
                        0.0
                    ],
                    [
                        -0.5658431314812451,
                        0.5459607259582819,
                        -0.5917877493531155,
                        0.0,
                        0.0,
                        0.0
                    ],
                    [
                        0.5878737377318097,
                        0.7787801706105137,
                        -0.9090880985787433,
                        0.9674005743280684,
                        0.0,
                        0.0
                    ],
                    [
                        -0.7159324297647018,
                        0.7078316327667449,
                        -0.5290005329131477,
                        0.0,
                        -0.0,
                        0.0
                    ]
                ]
            },
            "est_params": {
                "mui": [
                    0.05009748263423177,
                    1.0000024684130813,
                    -0.6697542671475085,
                    0.9396363567434118,
                    2.3119789643292044,
                    1.1415321345681513
                ],
                "Si": [
                    [
                        0.8814567542647819,
                        -3.878897267314415e-06,
                        -0.5888861049745849,
                        -0.04776858354405103,
                        1.0271051381465548,
                        -0.42287705700515577
                    ],
                    [
                        -3.878897267314415e-06,
                        1.0032844936487122e-06,
                        1.6103866101309043e-06,
                        3.258937447463758e-06,
                        8.184419385219821e-07,
                        1.0355866183870297e-06
                    ],
                    [
                        -0.5888861049745849,
                        1.610386610130905e-06,
                        1.2933218739976478,
                        -0.42211633840278423,
                        -1.8650103758195555,
                        -0.1821721654790618
                    ],
                    [
                        -0.04776858354405103,
                        3.2589374474637584e-06,
                        -0.42211633840278423,
                        1.2935631879352354,
                        1.471659150609497,
                        0.12102879815719654
                    ],
                    [
                        1.0271051381465548,
                        8.184419385219806e-07,
                        -1.8650103758195555,
                        1.471659150609497,
                        4.641363345884113,
                        -0.09239928894477506
                    ],
                    [
                        -0.4228770570051557,
                        1.0355866183870293e-06,
                        -0.1821721654790618,
                        0.12102879815719654,
                        -0.09239928894477498,
                        1.4352139375250323
                    ]
                ]
            },
            "est_tgt": [
                1,
                5
            ],
            "oracle_est_tgt": [
                1
            ],
            "intv_base_est_tgt": [
                0,
                1,
                3,
                4,
                5
            ]
        },
        "2": {
            "intv_type": "do",
            "inode": 2,
            "new_mui": 1.0,
            "new_vari": null,
            "true_params": {
                "Si": [
                    [
                        1.0,
                        0.7861836602125207,
                        0.0,
                        -0.136617729615078,
                        1.0679739126702916,
                        -0.15944676590193754
                    ],
                    [
                        0.7861836602125207,
                        1.6180847475851563,
                        0.0,
                        0.43855409923957545,
                        2.1465665301377417,
                        0.5824771907409106
                    ],
                    [
                        0.0,
                        0.0,
                        1e-09,
                        -5.917877493531156e-10,
                        -1.4815839071832623e-09,
                        -5.290005329131477e-10
                    ],
                    [
                        -0.136617729615078,
                        0.43855409923957545,
                        -5.917877493531156e-10,
                        1.3167375186842856,
                        1.5350358932309676,
                        0.4082315275466136
                    ],
                    [
                        1.0679739126702916,
                        2.1465665301377417,
                        -1.4815839071832623e-09,
                        1.5350358932309676,
                        4.784531870481766,
                        0.7548105344302452
                    ],
                    [
                        -0.15944676590193754,
                        0.5824771907409106,
                        -5.290005329131477e-10,
                        0.4082315275466136,
                        0.7548105344302452,
                        1.5264488917816648
                    ]
                ],
                "mui": [
                    0.0,
                    0.0,
                    1.0,
                    -0.5917877493531155,
                    -1.4815839071832622,
                    -0.5290005329131477
                ],
                "Ai": [
                    [
                        0.0,
                        0.0,
                        0.0,
                        0.0,
                        0.0,
                        0.0
                    ],
                    [
                        0.7861836602125207,
                        0.0,
                        0.0,
                        0.0,
                        0.0,
                        0.0
                    ],
                    [
                        0.0,
                        0.0,
                        0.0,
                        0.0,
                        0.0,
                        0.0
                    ],
                    [
                        -0.5658431314812451,
                        0.5459607259582819,
                        -0.5917877493531155,
                        0.0,
                        0.0,
                        0.0
                    ],
                    [
                        0.5878737377318097,
                        0.7787801706105137,
                        -0.9090880985787433,
                        0.9674005743280684,
                        0.0,
                        0.0
                    ],
                    [
                        -0.7159324297647018,
                        0.7078316327667449,
                        -0.5290005329131477,
                        0.0,
                        -0.0,
                        0.0
                    ]
                ]
            },
            "est_params": {
                "mui": [
                    0.026008929071037218,
                    0.051810464870468476,
                    0.999995966832243,
                    -0.5078155482989275,
                    -1.263584413849664,
                    -0.4504813094442303
                ],
                "Si": [
                    [
                        0.9724848650056906,
                        0.851074092935245,
                        3.919418325292168e-06,
                        -0.24871777380534446,
                        1.0067739738091208,
                        -0.03268146037929399
                    ],
                    [
                        0.8510740929352452,
                        1.675077739183041,
                        2.3348138824391474e-06,
                        0.32475699548556164,
                        2.1324579635180054,
                        0.60082377137284
                    ],
                    [
                        3.9194183252921675e-06,
                        2.3348138824391474e-06,
                        1.0052618257692328e-06,
                        -6.699543237702531e-06,
                        2.5237767999301918e-06,
                        -3.5599476445847996e-06
                    ],
                    [
                        -0.24871777380534452,
                        0.32475699548556164,
                        -6.69954323770253e-06,
                        1.3567661999820708,
                        1.3917429991904469,
                        0.24468926757059906
                    ],
                    [
                        1.0067739738091208,
                        2.1324579635180054,
                        2.5237767999301918e-06,
                        1.3917429991904469,
                        4.566308730680104,
                        0.5600043708096812
                    ],
                    [
                        -0.032681460379293974,
                        0.6008237713728399,
                        -3.5599476445847988e-06,
                        0.24468926757059906,
                        0.5600043708096811,
                        1.345515620772285
                    ]
                ]
            },
            "est_tgt": [
                0,
                2,
                4,
                5
            ],
            "oracle_est_tgt": [
                0,
                2,
                4
            ],
            "intv_base_est_tgt": [
                2,
                3,
                4,
                5
            ]
        },
        "3": {
            "intv_type": "do",
            "inode": 3,
            "new_mui": 1.0,
            "new_vari": null,
            "true_params": {
                "Si": [
                    [
                        1.0,
                        0.7861836602125207,
                        -1.3679588995515997,
                        0.0,
                        2.4437331376905487,
                        0.5642042209641418
                    ],
                    [
                        0.7861836602125207,
                        1.6180847475851563,
                        -1.7802763283036098,
                        0.0,
                        3.340737064901723,
                        1.5242443171461824
                    ],
                    [
                        -1.3679588995515997,
                        -1.7802763283036098,
                        3.368067832216927,
                        0.0,
                        -5.252501395507352,
                        -2.0624794395952897
                    ],
                    [
                        0.0,
                        0.0,
                        0.0,
                        1e-09,
                        9.674005743280683e-10,
                        0.0
                    ],
                    [
                        2.4437331376905487,
                        3.340737064901723,
                        -5.252501395507352,
                        9.674005743280683e-10,
                        9.813292822402097,
                        3.393707605680898
                    ],
                    [
                        0.5642042209641418,
                        1.5242443171461824,
                        -2.0624794395952897,
                        0.0,
                        3.393707605680898,
                        2.766028967610974
                    ]
                ],
                "mui": [
                    0.0,
                    0.0,
                    0.0,
                    1.0,
                    0.9674005743280684,
                    0.0
                ],
                "Ai": [
                    [
                        0.0,
                        0.0,
                        0.0,
                        0.0,
                        0.0,
                        0.0
                    ],
                    [
                        0.7861836602125207,
                        0.0,
                        0.0,
                        0.0,
                        0.0,
                        0.0
                    ],
                    [
                        -0.813849270712379,
                        -0.7048093936338413,
                        0.0,
                        0.0,
                        0.0,
                        0.0
                    ],
                    [
                        0.0,
                        0.0,
                        0.0,
                        0.0,
                        0.0,
                        0.0
                    ],
                    [
                        0.5878737377318097,
                        0.7787801706105137,
                        -0.9090880985787433,
                        0.9674005743280684,
                        0.0,
                        0.0
                    ],
                    [
                        -0.7159324297647018,
                        0.7078316327667449,
                        -0.5290005329131477,
                        0.0,
                        -0.0,
                        0.0
                    ]
                ]
            },
            "est_params": {
                "mui": [
                    -0.2290224591568303,
                    -0.755382273765573,
                    0.7993163206638759,
                    0.07147552599803747,
                    -1.3481371549002281,
                    -0.5823509974750937
                ],
                "Si": [
                    [
                        0.7194288172098824,
                        0.368415950586717,
                        -0.750520981674181,
                        0.042044655743695,
                        1.3472653758748474,
                        0.10582244930399065
                    ],
                    [
                        0.36841595058671706,
                        0.8582864581775058,
                        -0.6128839522362669,
                        -0.16987384640019929,
                        1.1374744255749651,
                        0.5840349991537724
                    ],
                    [
                        -0.750520981674181,
                        -0.6128839522362669,
                        1.537354141053677,
                        0.27171075840301134,
                        -2.1787627390240725,
                        -0.4804297311751547
                    ],
                    [
                        0.042044655743695016,
                        -0.16987384640019929,
                        0.27171075840301134,
                        0.9339387899742054,
                        0.42331992251992356,
                        -0.9239606326652972
                    ],
                    [
                        1.3472653758748474,
                        1.137474425574965,
                        -2.178762739024072,
                        0.4233199225199235,
                        5.274710470118302,
                        0.23424207393572066
                    ],
                    [
                        0.10582244930399065,
                        0.5840349991537724,
                        -0.48042973117515475,
                        -0.9239606326652972,
                        0.23424207393572075,
                        1.9518401651363388
                    ]
                ]
            },
            "est_tgt": [
                1,
                3,
                4
            ],
            "oracle_est_tgt": [
                2,
                3,
                4
            ],
            "intv_base_est_tgt": [
                1,
                2,
                3,
                4
            ]
        },
        "4": {
            "intv_type": "do",
            "inode": 4,
            "new_mui": 1.0,
            "new_vari": null,
            "true_params": {
                "Si": [
                    [
                        1.0,
                        0.7861836602125207,
                        -1.3679588995515997,
                        0.6729235887581277,
                        0.0,
                        0.5642042209641418
                    ],
                    [
                        0.7861836602125207,
                        1.6180847475851563,
                        -1.7802763283036098,
                        1.4920998207929967,
                        0.0,
                        1.5242443171461824
                    ],
                    [
                        -1.3679588995515997,
                        -1.7802763283036098,
                        3.368067832216927,
                        -2.19109209124335,
                        0.0,
                        -2.0624794395952897
                    ],
                    [
                        0.6729235887581277,
                        1.4920998207929967,
                        -2.19109209124335,
                        2.7305201679541837,
                        0.0,
                        1.7334765163868004
                    ],
                    [
                        0.0,
                        0.0,
                        0.0,
                        0.0,
                        1e-09,
                        0.0
                    ],
                    [
                        0.5642042209641418,
                        1.5242443171461824,
                        -2.0624794395952897,
                        1.7334765163868004,
                        0.0,
                        2.766028967610974
                    ]
                ],
                "mui": [
                    0.0,
                    0.0,
                    0.0,
                    0.0,
                    1.0,
                    0.0
                ],
                "Ai": [
                    [
                        0.0,
                        0.0,
                        0.0,
                        0.0,
                        0.0,
                        0.0
                    ],
                    [
                        0.7861836602125207,
                        0.0,
                        0.0,
                        0.0,
                        0.0,
                        0.0
                    ],
                    [
                        -0.813849270712379,
                        -0.7048093936338413,
                        0.0,
                        0.0,
                        0.0,
                        0.0
                    ],
                    [
                        -0.5658431314812451,
                        0.5459607259582819,
                        -0.5917877493531155,
                        0.0,
                        0.0,
                        0.0
                    ],
                    [
                        0.0,
                        0.0,
                        0.0,
                        0.0,
                        0.0,
                        0.0
                    ],
                    [
                        -0.7159324297647018,
                        0.7078316327667449,
                        -0.5290005329131477,
                        0.0,
                        -0.0,
                        0.0
                    ]
                ]
            },
            "est_params": {
                "mui": [
                    0.1362464621155838,
                    0.016934938365188466,
                    -0.07369138381079156,
                    -0.0409644241471128,
                    1.0000022298543705,
                    -0.11656767780997573
                ],
                "Si": [
                    [
                        0.7911198781348294,
                        0.6367513382433253,
                        -1.0975657187699643,
                        0.5187350374463295,
                        -2.970977852305031e-06,
                        0.4899237814349685
                    ],
                    [
                        0.6367513382433253,
                        1.7062147737039624,
                        -1.8371285501860766,
                        1.583067587370438,
                        -6.692797033248056e-06,
                        1.543575685337608
                    ],
                    [
                        -1.0975657187699643,
                        -1.8371285501860766,
                        3.3204530348051393,
                        -2.2784083682174177,
                        8.769748813833174e-06,
                        -2.2421707174692402
                    ],
                    [
                        0.5187350374463295,
                        1.5830675873704378,
                        -2.2784083682174177,
                        2.7128471864031436,
                        -9.276706461998571e-06,
                        1.974305257881326
                    ],
                    [
                        -2.970977852305031e-06,
                        -6.692797033248056e-06,
                        8.769748813833174e-06,
                        -9.276706461998571e-06,
                        1.0012376599853282e-06,
                        -7.967308521762385e-06
                    ],
                    [
                        0.4899237814349685,
                        1.543575685337608,
                        -2.2421707174692402,
                        1.974305257881326,
                        -7.967308521762386e-06,
                        2.732675116129971
                    ]
                ]
            },
            "est_tgt": [
                2,
                3,
                4
            ],
            "oracle_est_tgt": [
                2,
                3,
                4
            ],
            "intv_base_est_tgt": []
        },
        "5": {
            "intv_type": "do",
            "inode": 5,
            "new_mui": 1.0,
            "new_vari": null,
            "true_params": {
                "Si": [
                    [
                        1.0,
                        0.7861836602125207,
                        -1.3679588995515997,
                        0.6729235887581277,
                        3.0947198039340664,
                        0.0
                    ],
                    [
                        0.7861836602125207,
                        1.6180847475851563,
                        -1.7802763283036098,
                        1.4920998207929967,
                        4.784195288491676,
                        0.0
                    ],
                    [
                        -1.3679588995515997,
                        -1.7802763283036098,
                        3.368067832216927,
                        -2.19109209124335,
                        -7.372165142981858,
                        0.0
                    ],
                    [
                        0.6729235887581277,
                        1.4920998207929967,
                        -2.19109209124335,
                        2.7305201679541837,
                        6.191014380068821,
                        0.0
                    ],
                    [
                        3.0947198039340664,
                        4.784195288491676,
                        -7.372165142981858,
                        6.191014380068821,
                        19.23627938057071,
                        0.0
                    ],
                    [
                        0.0,
                        0.0,
                        0.0,
                        0.0,
                        0.0,
                        1e-09
                    ]
                ],
                "mui": [
                    0.0,
                    0.0,
                    0.0,
                    0.0,
                    0.0,
                    1.0
                ],
                "Ai": [
                    [
                        0.0,
                        0.0,
                        0.0,
                        0.0,
                        0.0,
                        0.0
                    ],
                    [
                        0.7861836602125207,
                        0.0,
                        0.0,
                        0.0,
                        0.0,
                        0.0
                    ],
                    [
                        -0.813849270712379,
                        -0.7048093936338413,
                        0.0,
                        0.0,
                        0.0,
                        0.0
                    ],
                    [
                        -0.5658431314812451,
                        0.5459607259582819,
                        -0.5917877493531155,
                        0.0,
                        0.0,
                        0.0
                    ],
                    [
                        0.5878737377318097,
                        0.7787801706105137,
                        -0.9090880985787433,
                        0.9674005743280684,
                        0.0,
                        0.0
                    ],
                    [
                        0.0,
                        0.0,
                        0.0,
                        0.0,
                        0.0,
                        0.0
                    ]
                ]
            },
            "est_params": {
                "mui": [
                    0.21451927184680303,
                    0.6364565204786127,
                    -0.8949481216726143,
                    1.004501529720151,
                    2.339293727996772,
                    0.9521111278701441
                ],
                "Si": [
                    [
                        0.8236586228026613,
                        0.6012458502249443,
                        -1.0415465768323666,
                        0.22410037087540335,
                        2.237548261729528,
                        0.16967910774923062
                    ],
                    [
                        0.6012458502249443,
                        1.21673049091063,
                        -1.1116690628322017,
                        0.3831180411766995,
                        2.793929980648957,
                        0.44569240693989814
                    ],
                    [
                        -1.0415465768323668,
                        -1.1116690628322017,
                        2.5330856564214668,
                        -0.7241238934053326,
                        -4.562381542536493,
                        -0.664535534831359
                    ],
                    [
                        0.22410037087540335,
                        0.38311804117669945,
                        -0.7241238934053323,
                        0.7701017436225756,
                        1.9145819132362776,
                        0.187417689047948
                    ],
                    [
                        2.237548261729528,
                        2.793929980648957,
                        -4.562381542536493,
                        1.9145819132362776,
                        10.743762413168275,
                        1.1923476448234434
                    ],
                    [
                        0.16967910774923062,
                        0.44569240693989814,
                        -0.664535534831359,
                        0.18741768904794803,
                        1.1923476448234434,
                        1.0260341827849193
                    ]
                ]
            },
            "est_tgt": [
                2,
                3,
                5
            ],
            "oracle_est_tgt": [
                5
            ],
            "intv_base_est_tgt": [
                2,
                3,
                4,
                5
            ]
        },
        "obs": {
            "intv_type": "obs",
            "true_params": {
                "Si": [
                    [
                        1.0,
                        0.7861836602125207,
                        -1.3679588995515997,
                        0.6729235887581277,
                        3.0947198039340664,
                        0.5642042209641418
                    ],
                    [
                        0.7861836602125207,
                        1.6180847475851563,
                        -1.7802763283036098,
                        1.4920998207929967,
                        4.784195288491676,
                        1.5242443171461824
                    ],
                    [
                        -1.3679588995515997,
                        -1.7802763283036098,
                        3.368067832216927,
                        -2.19109209124335,
                        -7.372165142981858,
                        -2.0624794395952897
                    ],
                    [
                        0.6729235887581277,
                        1.4920998207929967,
                        -2.19109209124335,
                        2.7305201679541837,
                        6.191014380068821,
                        1.7334765163868004
                    ],
                    [
                        3.0947198039340664,
                        4.784195288491676,
                        -7.372165142981858,
                        6.191014380068821,
                        19.23627938057071,
                        5.070673783217708
                    ],
