{
    "expt_args": {
        "save_dir": "all_expt_logs/expt_logs_11.05.24-unequal_matching",
        "exp_name": "76",
        "num_nodes": 4,
        "obs_noise_mean": 0.0,
        "obs_noise_var": 1.0,
        "max_edge_strength": 1.0,
        "graph_sparsity_method": "adj_dense_prop",
        "adj_dense_prop": 0.8,
        "num_parents": null,
        "new_noise_mean": 1.0,
        "mix_samples": 16384,
        "stage2_samples": 16384,
        "gmm_tol": 0.001,
        "intv_type": "do",
        "new_noise_var": null,
        "intv_targets": [
            0,
            1,
            2,
            3
        ]
    },
    "intv_args_dict": {
        "0": {
            "intv_type": "do",
            "inode": 0,
            "new_mui": 1.0,
            "new_vari": null,
            "true_params": {
                "Si": [
                    [
                        1e-09,
                        9.80794248400546e-10,
                        -1.137489706852175e-10,
                        4.851345551183938e-10
                    ],
                    [
                        9.80794248400546e-10,
                        1.0000000009619574,
                        0.6991459079671933,
                        1.1299848146142444
                    ],
                    [
                        -1.137489706852175e-10,
                        0.6991459079671933,
                        1.4888050007962095,
                        1.5694783849190994
                    ],
                    [
                        4.851345551183938e-10,
                        1.1299848146142444,
                        1.5694783849190994,
                        2.884414414923354
                    ]
                ],
                "mui": [
                    1.0,
                    0.9807942484005459,
                    -0.1137489706852175,
                    0.4851345551183938
                ],
                "Ai": [
                    [
                        0.0,
                        0.0,
                        0.0,
                        0.0
                    ],
                    [
                        0.9807942484005459,
                        0.0,
                        0.0,
                        0.0
                    ],
                    [
                        -0.7994672561216397,
                        0.6991459080787576,
                        0.0,
                        0.0
                    ],
                    [
                        0.0,
                        0.5850326514256179,
                        0.7794541259782661,
                        0.0
                    ]
                ]
            },
            "est_params": {
                "mui": [
                    1.0000010895116918,
                    0.9767095979595355,
                    -0.10762636195387593,
                    0.47988647782670274
                ],
                "Si": [
                    [
                        1.0123957181394415e-06,
                        -6.165293893016517e-07,
                        -1.5253415237028794e-06,
                        -2.7563570152634904e-06
                    ],
                    [
                        -6.165293893016519e-07,
                        1.0014586868249862,
                        0.706064032643882,
                        1.1300981869598838
                    ],
                    [
                        -1.5253415237028796e-06,
                        0.706064032643882,
                        1.5028942399130283,
                        1.5887410760590333
                    ],
                    [
                        -2.756357015263491e-06,
                        1.1300981869598838,
                        1.5887410760590333,
                        2.9176908354066042
                    ]
                ]
            },
            "est_tgt": [
                0
            ],
            "oracle_est_tgt": [
                0
            ],
            "intv_base_est_tgt": [
                0,
                1,
                2,
                3
            ]
        },
        "1": {
            "intv_type": "do",
            "inode": 1,
            "new_mui": 1.0,
            "new_vari": null,
            "true_params": {
                "Si": [
                    [
                        1.0,
                        0.0,
                        -0.7994672561216397,
                        -0.6231480513685353
                    ],
                    [
                        0.0,
                        1e-09,
                        6.991459080787577e-10,
                        1.1299848141384272e-09
                    ],
                    [
                        -0.7994672561216397,
                        6.991459080787577e-10,
                        1.6391478940994686,
                        1.27764058955344
                    ],
                    [
                        -0.6231480513685353,
                        1.1299848141384272e-09,
                        1.27764058955344,
                        1.995862229705811
                    ]
                ],
                "mui": [
                    0.0,
                    1.0,
                    0.6991459080787576,
                    1.1299848141384272
                ],
                "Ai": [
                    [
                        0.0,
                        0.0,
                        0.0,
                        0.0
                    ],
                    [
                        0.0,
                        0.0,
                        0.0,
                        0.0
                    ],
                    [
                        -0.7994672561216397,
                        0.6991459080787576,
                        0.0,
                        0.0
                    ],
                    [
                        0.0,
                        0.5850326514256179,
                        0.7794541259782661,
                        0.0
                    ]
                ]
            },
            "est_params": {
                "mui": [
                    -0.014331884842342182,
                    1.0000029260925476,
                    0.6972884037022606,
                    1.1191059895293969
                ],
                "Si": [
                    [
                        0.9856235495868934,
                        2.0417734155943972e-06,
                        -0.7641184022776287,
                        -0.5658170494561188
                    ],
                    [
                        2.0417734155943972e-06,
                        1.015594634881795e-06,
                        -1.177066845731354e-06,
                        -1.5715601512631866e-06
                    ],
                    [
                        -0.7641184022776287,
                        -1.177066845731354e-06,
                        1.612955891147389,
                        1.2263926441230544
                    ],
                    [
                        -0.5658170494561188,
                        -1.5715601512631868e-06,
                        1.2263926441230546,
                        1.8926998554513337
                    ]
                ]
            },
            "est_tgt": [
                1
            ],
            "oracle_est_tgt": [
                1
            ],
            "intv_base_est_tgt": []
        },
        "2": {
            "intv_type": "do",
            "inode": 2,
            "new_mui": 1.0,
            "new_vari": null,
            "true_params": {
                "Si": [
                    [
                        1.0,
                        0.9807942484005459,
                        0.0,
                        0.5737966596447674
                    ],
                    [
                        0.9807942484005459,
                        1.9619573576955918,
                        0.0,
                        1.1478091149566514
                    ],
                    [
                        0.0,
                        0.0,
                        1e-09,
                        7.794541259782662e-10
                    ],
                    [
                        0.5737966596447674,
                        1.1478091149566514,
                        7.794541259782662e-10,
                        1.6715058104611304
                    ]
                ],
                "mui": [
                    0.0,
                    0.0,
                    1.0,
                    0.7794541259782661
                ],
                "Ai": [
                    [
                        0.0,
                        0.0,
                        0.0,
                        0.0
                    ],
                    [
                        0.9807942484005459,
                        0.0,
                        0.0,
                        0.0
                    ],
                    [
                        0.0,
                        0.0,
                        0.0,
                        0.0
                    ],
                    [
                        0.0,
                        0.5850326514256179,
                        0.7794541259782661,
                        0.0
                    ]
                ]
            },
            "est_params": {
                "mui": [
                    -0.013169003982368276,
                    -0.0015188604575077356,
                    1.0000007293714777,
                    0.7782807204545901
                ],
                "Si": [
                    [
                        0.9648375128038187,
                        0.9648571592937768,
                        -6.520170379321774e-07,
                        0.5544020606271812
                    ],
                    [
                        0.9648571592937765,
                        1.9583872903116057,
                        -2.869546818406066e-07,
                        1.1210511049387633
                    ],
                    [
                        -6.520170379321772e-07,
                        -2.869546818406066e-07,
                        1.0068079534949912e-06,
                        -2.6876193650348556e-07
                    ],
                    [
                        0.5544020606271812,
                        1.1210511049387633,
                        -2.687619365034855e-07,
                        1.6401725712912085
                    ]
                ]
            },
            "est_tgt": [
                2
            ],
            "oracle_est_tgt": [
                2
            ],
            "intv_base_est_tgt": [
                1,
                2,
                3
            ]
        },
        "3": {
            "intv_type": "do",
            "inode": 3,
            "new_mui": 1.0,
            "new_vari": null,
            "true_params": {
                "Si": [
                    [
                        1.0,
                        0.9807942484005459,
                        -0.1137489706852175,
                        0.0
                    ],
                    [
                        0.9807942484005459,
                        1.9619573576955918,
                        0.587581571869214,
                        0.0
                    ],
                    [
                        -0.1137489706852175,
                        0.587581571869214,
                        1.5017438291152172,
                        0.0
                    ],
                    [
                        0.0,
                        0.0,
                        0.0,
                        1e-09
                    ]
                ],
                "mui": [
                    0.0,
                    0.0,
                    0.0,
                    1.0
                ],
                "Ai": [
                    [
                        0.0,
                        0.0,
                        0.0,
                        0.0
                    ],
                    [
                        0.9807942484005459,
                        0.0,
                        0.0,
                        0.0
                    ],
                    [
                        -0.7994672561216397,
                        0.6991459080787576,
                        0.0,
                        0.0
                    ],
                    [
                        0.0,
                        0.0,
                        0.0,
                        0.0
                    ]
                ]
            },
            "est_params": {
                "mui": [
                    0.004964451100670892,
                    -0.003428803818568189,
                    -0.01991204597266987,
                    1.0000001023120866
                ],
                "Si": [
                    [
                        1.0086950518040585,
                        0.9633492135874696,
                        -0.126080934560475,
                        2.567236453784446e-06
                    ],
                    [
                        0.9633492135874696,
                        1.9085301885821309,
                        0.584979985526415,
                        3.7954391246213026e-06
                    ],
                    [
                        -0.126080934560475,
                        0.5849799855264152,
                        1.5567727740489152,
                        -6.404812355609613e-07
                    ],
                    [
                        2.5672364537844454e-06,
                        3.7954391246213022e-06,
                        -6.404812355609612e-07,
                        1.0050360402533793e-06
                    ]
                ]
            },
            "est_tgt": [
                3
            ],
            "oracle_est_tgt": [
                3
            ],
            "intv_base_est_tgt": [
                1,
                2,
                3
            ]
        },
        "obs": {
            "intv_type": "obs",
            "true_params": {
                "Si": [
                    [
                        1.0,
                        0.9807942484005459,
                        -0.1137489706852175,
                        0.4851345551183938
                    ],
                    [
                        0.9807942484005459,
                        1.9619573576955918,
                        0.587581571869214,
                        1.6058019954989056
                    ],
                    [
                        -0.1137489706852175,
                        0.587581571869214,
                        1.5017438291152172,
                        1.5142948286857347
                    ],
                    [
                        0.4851345551183938,
                        1.6058019954989056,
                        1.5142948286857347,
                        3.1197699512579207
                    ]
                ],
                "mui": [
                    0.0,
                    0.0,
                    0.0,
                    0.0
                ],
                "Ai": [
                    [
                        0.0,
                        0.0,
                        0.0,
                        0.0
                    ],
                    [
                        0.9807942484005459,
                        0.0,
                        0.0,
                        0.0
                    ],
                    [
                        -0.7994672561216397,
                        0.6991459080787576,
                        0.0,
                        0.0
                    ],
                    [
                        0.0,
                        0.5850326514256179,
                        0.7794541259782661,
                        0.0
                    ]
                ]
            },
            "est_params": {
                "mui": [
                    0.029115826069379683,
                    0.026369981275877755,
                    0.013061560029752475,
                    0.0147602221703475
                ],
                "Si": [
                    [
                        1.0183498771602204,
                        0.9979183109258869,
                        -0.13188374004539355,
                        0.4665834372135372
                    ],
                    [
                        0.9979183109258869,
                        1.9365640612326187,
                        0.5684976901932423,
                        1.5889327948430851
                    ],
                    [
                        -0.13188374004539355,
                        0.5684976901932423,
                        1.5228982398920292,
                        1.5481110786559629
                    ],
                    [
                        0.4665834372135372,
                        1.5889327948430851,
                        1.5481110786559629,
                        3.1752850467313456
                    ]
                ]
            },
            "est_tgt": [],
            "oracle_est_tgt": [],
            "intv_base_est_tgt": [
                1,
                2,
                3
            ]
        }
    },
    "metric_dict": {
        "param_est_rel_err": 1.4467663225612222,
        "est_dag": {
            "amat": [
                [
                    0,
                    1,
                    1,
                    0
                ],
                [
                    0,
                    0,
                    1,
                    1
                ],
                [
                    0,
                    0,
                    0,
                    1
                ],
                [
                    0,
                    0,
                    0,
                    0
                ]
            ],
            "nodes": [
                0,
                1,
                2,
                3
            ]
        },
        "oracle_est_dag": {
            "amat": [
                [
                    0,
                    1,
                    1,
                    0
                ],
                [
                    0,
                    0,
                    1,
                    1
                ],
                [
                    0,
                    0,
                    0,
                    1
                ],
                [
                    0,
                    0,
                    0,
                    0
                ]
            ],
            "nodes": [
                0,
                1,
                2,
                3
            ]
        },
        "igsp_dag": {
            "amat": [
                [
                    0,
                    1,
                    1,
                    0
                ],
                [
                    0,
                    0,
                    0,
                    1
                ],
                [
                    0,
                    1,
                    0,
                    1
                ],
                [
                    0,
                    0,
                    0,
                    0
                ]
            ],
            "nodes": [
                0,
                1,
                2,
                3
            ]
        },
        "intv_base_est_dag": {
            "amat": [
                [
                    0,
                    0,
                    1,
                    0
                ],
                [
                    0,
                    0,
                    0,
                    0
                ],
                [
                    0,
                    0,
                    0,
                    1
                ],
                [
                    0,
                    0,
                    0,
                    0
                ]
            ],
            "nodes": [
                0,
                1,
                2,
                3
            ]
        },
        "act_dag": {
            "amat": [
                [
                    0,
                    1,
                    1,
                    0
                ],
                [
                    0,
                    0,
                    1,
                    1
                ],
                [
                    0,
                    0,
                    0,
                    1
                ],
                [
                    0,
                    0,
                    0,
                    0
                ]
            ],
            "nodes": [
                0,
                1,
                2,
                3
            ]
        },
        "shd": 0,
        "oracle_shd": 0,
        "intv_base_shd": 3,
        "igsp_shd": 1,
        "avg_js": 1.0,
        "avg_oracle_js": 1.0,
        "avg_intv_base_js": 0.1833333333333333
    }
}