{
    "expt_args": {
        "save_dir": "all_expt_logs/expt_logs_11.05.24-unequal_matching",
        "exp_name": "195",
        "num_nodes": 4,
        "obs_noise_mean": 0.0,
        "obs_noise_var": 1.0,
        "max_edge_strength": 1.0,
        "graph_sparsity_method": "adj_dense_prop",
        "adj_dense_prop": 0.8,
        "num_parents": null,
        "new_noise_mean": 1.0,
        "mix_samples": 8192,
        "stage2_samples": 8192,
        "gmm_tol": 0.001,
        "intv_type": "do",
        "new_noise_var": null,
        "intv_targets": [
            0,
            1,
            2,
            3
        ]
    },
    "intv_args_dict": {
        "0": {
            "intv_type": "do",
            "inode": 0,
            "new_mui": 1.0,
            "new_vari": null,
            "true_params": {
                "Si": [
                    [
                        1e-09,
                        9.089101202669168e-10,
                        8.021690860323007e-10,
                        2.739038795241043e-10
                    ],
                    [
                        9.089101202669168e-10,
                        1.0000000008261176,
                        0.8825615083473998,
                        1.3796624515867653
                    ],
                    [
                        8.021690860323007e-10,
                        0.8825615083473998,
                        1.7789148153729624,
                        1.7334699346685432
                    ],
                    [
                        2.739038795241043e-10,
                        1.3796624515867653,
                        1.7334699346685432,
                        3.1695521237646824
                    ]
                ],
                "mui": [
                    1.0,
                    0.9089101202669168,
                    0.8021690860323006,
                    0.2739038795241043
                ],
                "Ai": [
                    [
                        0.0,
                        0.0,
                        0.0,
                        0.0
                    ],
                    [
                        0.9089101202669168,
                        0.0,
                        0.0,
                        0.0
                    ],
                    [
                        -0.0,
                        0.8825615076183002,
                        0.0,
                        0.0
                    ],
                    [
                        -0.9800852850490949,
                        0.9244081352526805,
                        0.5158329613917674,
                        0.0
                    ]
                ]
            },
            "est_params": {
                "mui": [
                    0.9999986329575574,
                    0.9362868737173077,
                    0.8070543559967884,
                    0.28332162795145677
                ],
                "Si": [
                    [
                        1.011741059078044e-06,
                        4.8335944808199415e-06,
                        5.4889193211594855e-06,
                        1.0616281025624717e-05
                    ],
                    [
                        4.833594480819941e-06,
                        0.929367169408486,
                        0.7987643422045099,
                        1.2811110140202149
                    ],
                    [
                        5.4889193211594855e-06,
                        0.7987643422045099,
                        1.6617153407022938,
                        1.5716662805553356
                    ],
                    [
                        1.0616281025624717e-05,
                        1.2811110140202149,
                        1.5716662805553354,
                        2.9937106172011783
                    ]
                ]
            },
            "est_tgt": [
                0
            ],
            "oracle_est_tgt": [
                0
            ],
            "intv_base_est_tgt": [
                0,
                1,
                2,
                3
            ]
        },
        "1": {
            "intv_type": "do",
            "inode": 1,
            "new_mui": 1.0,
            "new_vari": null,
            "true_params": {
                "Si": [
                    [
                        1.0,
                        0.0,
                        0.0,
                        -0.9800852850490949
                    ],
                    [
                        0.0,
                        1e-09,
                        8.825615076183003e-10,
                        1.3796624513378113e-09
                    ],
                    [
                        0.0,
                        8.825615076183003e-10,
                        1.0000000007789147,
                        0.5158329626094044
                    ],
                    [
                        -0.9800852850490949,
                        1.3796624513378113e-09,
                        0.5158329626094044,
                        2.2266508119314343
                    ]
                ],
                "mui": [
                    0.0,
                    1.0,
                    0.8825615076183002,
                    1.3796624513378113
                ],
                "Ai": [
                    [
                        0.0,
                        0.0,
                        0.0,
                        0.0
                    ],
                    [
                        0.0,
                        0.0,
                        0.0,
                        0.0
                    ],
                    [
                        -0.0,
                        0.8825615076183002,
                        0.0,
                        0.0
                    ],
                    [
                        -0.9800852850490949,
                        0.9244081352526805,
                        0.5158329613917674,
                        0.0
                    ]
                ]
            },
            "est_params": {
                "mui": [
                    -0.030013832444121237,
                    1.0000030669336728,
                    0.9211806355690829,
                    1.4246938849029664
                ],
                "Si": [
                    [
                        1.0083909637648096,
                        9.072354419739716e-07,
                        -0.005740041227434589,
                        -1.0075345739774548
                    ],
                    [
                        9.072354419739713e-07,
                        1.017273137964989e-06,
                        2.194866949430265e-06,
                        -1.2627687414898675e-06
                    ],
                    [
                        -0.005740041227434589,
                        2.194866949430265e-06,
                        1.000445602817671,
                        0.5579019859999466
                    ],
                    [
                        -1.0075345739774548,
                        -1.262768741489867e-06,
                        0.5579019859999464,
                        2.30810019196166
                    ]
                ]
            },
            "est_tgt": [
                1
            ],
            "oracle_est_tgt": [
                1
            ],
            "intv_base_est_tgt": []
        },
        "2": {
            "intv_type": "do",
            "inode": 2,
            "new_mui": 1.0,
            "new_vari": null,
            "true_params": {
                "Si": [
                    [
                        1.0,
                        0.9089101202669168,
                        0.0,
                        -0.13988137566086478
                    ],
                    [
                        0.9089101202669168,
                        1.8261176067236211,
                        0.0,
                        0.7972685372776621
                    ],
                    [
                        0.0,
                        0.0,
                        1e-09,
                        5.158329613917674e-10
                    ],
                    [
                        -0.13988137566086478,
                        0.7972685372776621,
                        5.158329613917674e-10,
                        1.8740972000441976
                    ]
                ],
                "mui": [
                    0.0,
                    0.0,
                    1.0,
                    0.5158329613917674
                ],
                "Ai": [
                    [
                        0.0,
                        0.0,
                        0.0,
                        0.0
                    ],
                    [
                        0.9089101202669168,
                        0.0,
                        0.0,
                        0.0
                    ],
                    [
                        0.0,
                        0.0,
                        0.0,
                        0.0
                    ],
                    [
                        -0.9800852850490949,
                        0.9244081352526805,
                        0.5158329613917674,
                        0.0
                    ]
                ]
            },
            "est_params": {
                "mui": [
                    0.026919737723145723,
                    0.023238182692098125,
                    0.9999966983038908,
                    0.45765645863697396
                ],
                "Si": [
                    [
                        0.9794558924693206,
                        0.8606621616214749,
                        -3.918181512757181e-06,
                        -0.14687451131045576
                    ],
                    [
                        0.8606621616214748,
                        1.775219467811548,
                        -4.655891178993729e-06,
                        0.7978375731303418
                    ],
                    [
                        -3.918181512757182e-06,
                        -4.655891178993728e-06,
                        1.0150021744980542e-06,
                        -4.4875763840480383e-07
                    ],
                    [
                        -0.14687451131045576,
                        0.7978375731303418,
                        -4.4875763840480224e-07,
                        1.867296896420291
                    ]
                ]
            },
            "est_tgt": [
                2
            ],
            "oracle_est_tgt": [
                2
            ],
            "intv_base_est_tgt": [
                1,
                2,
                3
            ]
        },
        "3": {
            "intv_type": "do",
            "inode": 3,
            "new_mui": 1.0,
            "new_vari": null,
            "true_params": {
                "Si": [
                    [
                        1.0,
                        0.9089101202669168,
                        0.8021690860323006,
                        0.0
                    ],
                    [
                        0.9089101202669168,
                        1.8261176067236211,
                        1.6116611080783212,
                        0.0
                    ],
                    [
                        0.8021690860323006,
                        1.6116611080783212,
                        2.4223900573153836,
                        0.0
                    ],
                    [
                        0.0,
                        0.0,
                        0.0,
                        1e-09
                    ]
                ],
                "mui": [
                    0.0,
                    0.0,
                    0.0,
                    1.0
                ],
                "Ai": [
                    [
                        0.0,
                        0.0,
                        0.0,
                        0.0
                    ],
                    [
                        0.9089101202669168,
                        0.0,
                        0.0,
                        0.0
                    ],
                    [
                        -0.0,
                        0.8825615076183002,
                        0.0,
                        0.0
                    ],
                    [
                        0.0,
                        0.0,
                        0.0,
                        0.0
                    ]
                ]
            },
            "est_params": {
                "mui": [
                    0.006088830136921645,
                    0.02845983395803092,
                    0.03896803696694611,
                    1.0000031381211576
                ],
                "Si": [
                    [
                        0.9857952948289408,
                        0.8734414641356822,
                        0.8175814226967167,
                        4.520741065907882e-06
                    ],
                    [
                        0.8734414641356822,
                        1.70773779429636,
                        1.5744854415482614,
                        6.91197013709332e-06
                    ],
                    [
                        0.8175814226967167,
                        1.5744854415482614,
                        2.447836076233921,
                        8.847896703532584e-06
                    ],
                    [
                        4.520741065907882e-06,
                        6.91197013709332e-06,
                        8.847896703532584e-06,
                        1.0185624389189808e-06
                    ]
                ]
            },
            "est_tgt": [
                3
            ],
            "oracle_est_tgt": [
                3
            ],
            "intv_base_est_tgt": [
                1,
                2,
                3
            ]
        },
        "obs": {
            "intv_type": "obs",
            "true_params": {
                "Si": [
                    [
                        1.0,
                        0.9089101202669168,
                        0.8021690860323006,
                        0.2739038795241043
                    ],
                    [
                        0.9089101202669168,
                        1.8261176067236211,
                        1.6116611080783212,
                        1.62861645941764
                    ],
                    [
                        0.8021690860323006,
                        1.6116611080783212,
                        2.4223900573153836,
                        1.953187159147378
                    ],
                    [
                        0.2739038795241043,
                        1.62861645941764,
                        1.953187159147378,
                        3.244575458908014
                    ]
                ],
                "mui": [
                    0.0,
                    0.0,
                    0.0,
                    0.0
                ],
                "Ai": [
                    [
                        0.0,
                        0.0,
                        0.0,
                        0.0
                    ],
                    [
                        0.9089101202669168,
                        0.0,
                        0.0,
                        0.0
                    ],
                    [
                        -0.0,
                        0.8825615076183002,
                        0.0,
                        0.0
                    ],
                    [
                        -0.9800852850490949,
                        0.9244081352526805,
                        0.5158329613917674,
                        0.0
                    ]
                ]
            },
            "est_params": {
                "mui": [
                    -0.007852366615945601,
                    -0.07560680215518172,
                    -0.058318437132203735,
                    -0.1146962923276828
                ],
                "Si": [
                    [
                        0.9869313317841493,
                        0.8703554317273617,
                        0.7777778766134774,
                        0.21550655730494242
                    ],
                    [
                        0.8703554317273617,
                        1.7695744156005995,
                        1.5279821203514836,
                        1.563248952634517
                    ],
                    [
                        0.7777778766134774,
                        1.5279821203514836,
                        2.2814326951181907,
                        1.797733921614096
                    ],
                    [
                        0.21550655730494242,
                        1.563248952634517,
                        1.797733921614096,
                        3.118682527521147
                    ]
                ]
            },
            "est_tgt": [],
            "oracle_est_tgt": [],
            "intv_base_est_tgt": [
                1,
                2,
                3
            ]
        }
    },
    "metric_dict": {
        "param_est_rel_err": 3.5987290370201537,
        "est_dag": {
            "amat": [
                [
                    0,
                    1,
                    0,
                    1
                ],
                [
                    0,
                    0,
                    1,
                    1
                ],
                [
                    0,
                    0,
                    0,
                    1
                ],
                [
                    0,
                    0,
                    0,
                    0
                ]
            ],
            "nodes": [
                0,
                1,
                2,
                3
            ]
        },
        "oracle_est_dag": {
            "amat": [
                [
                    0,
                    1,
                    0,
                    1
                ],
                [
                    0,
                    0,
                    1,
                    1
                ],
                [
                    0,
                    0,
                    0,
                    1
                ],
                [
                    0,
                    0,
                    0,
                    0
                ]
            ],
            "nodes": [
                0,
                1,
                2,
                3
            ]
        },
        "igsp_dag": {
            "amat": [
                [
                    0,
                    1,
                    0,
                    1
                ],
                [
                    0,
                    0,
                    1,
                    1
                ],
                [
                    0,
                    0,
                    0,
                    1
                ],
                [
                    0,
                    0,
                    0,
                    0
                ]
            ],
            "nodes": [
                0,
                1,
                2,
                3
            ]
        },
        "intv_base_est_dag": {
            "amat": [
                [
                    0,
                    0,
                    0,
                    1
                ],
                [
                    0,
                    0,
                    0,
                    0
                ],
                [
                    0,
                    0,
                    0,
                    1
                ],
                [
                    0,
                    0,
                    0,
                    0
                ]
            ],
            "nodes": [
                0,
                1,
                2,
                3
            ]
        },
        "act_dag": {
            "amat": [
                [
                    0,
                    1,
                    0,
                    1
                ],
                [
                    0,
                    0,
                    1,
                    1
                ],
                [
                    0,
                    0,
                    0,
                    1
                ],
                [
                    0,
                    0,
                    0,
                    0
                ]
            ],
            "nodes": [
                0,
                1,
                2,
                3
            ]
        },
        "shd": 0,
        "oracle_shd": 0,
        "intv_base_shd": 3,
        "igsp_shd": 0,
        "avg_js": 1.0,
        "avg_oracle_js": 1.0,
        "avg_intv_base_js": 0.1833333333333333
    }
}