{
    "expt_args": {
        "save_dir": "all_expt_logs/expt_logs_11.05.24-unequal_matching",
        "exp_name": "135",
        "num_nodes": 6,
        "obs_noise_mean": 0.0,
        "obs_noise_var": 1.0,
        "max_edge_strength": 1.0,
        "graph_sparsity_method": "adj_dense_prop",
        "adj_dense_prop": 0.8,
        "num_parents": null,
        "new_noise_mean": 1.0,
        "mix_samples": 131072,
        "stage2_samples": 131072,
        "gmm_tol": 0.001,
        "intv_type": "do",
        "new_noise_var": null,
        "intv_targets": [
            0,
            1,
            2,
            3,
            4,
            5
        ]
    },
    "intv_args_dict": {
        "0": {
            "intv_type": "do",
            "inode": 0,
            "new_mui": 1.0,
            "new_vari": null,
            "true_params": {
                "Si": [
                    [
                        1e-09,
                        6.408300098727505e-10,
                        -8.113399663068266e-10,
                        -5.169732303149083e-11,
                        5.337917591061969e-10,
                        7.885561111493421e-10
                    ],
                    [
                        6.408300098727505e-10,
                        1.000000000410663,
                        -5.199309986185607e-10,
                        0.5706331157861421,
                        0.6555926641947959,
                        1.1610443525959675
                    ],
                    [
                        -8.113399663068266e-10,
                        -5.199309986185607e-10,
                        1.0000000006582725,
                        -0.564716077668294,
                        1.2575339325877837,
                        1.4083540948701727
                    ],
                    [
                        -5.169732303149083e-11,
                        0.5706331157861421,
                        -0.564716077668294,
                        1.644526401296718,
                        -0.8376249415933887,
                        -0.41708355954218496
                    ],
                    [
                        5.337917591061969e-10,
                        0.6555926641947959,
                        1.2575339325877837,
                        -0.8376249415933887,
                        3.262774020388641,
                        3.2416191455698344
                    ],
                    [
                        7.885561111493421e-10,
                        1.1610443525959675,
                        1.4083540948701727,
                        -0.41708355954218496,
                        3.2416191455698344,
                        4.733568580101446
                    ]
                ],
                "mui": [
                    1.0,
                    0.6408300098727504,
                    -0.8113399663068266,
                    -0.05169732303149083,
                    0.5337917591061968,
                    0.788556111149342
                ],
                "Ai": [
                    [
                        0.0,
                        0.0,
                        0.0,
                        0.0,
                        0.0,
                        0.0
                    ],
                    [
                        0.6408300098727504,
                        0.0,
                        0.0,
                        0.0,
                        0.0,
                        0.0
                    ],
                    [
                        -0.8113399663068266,
                        0.0,
                        0.0,
                        0.0,
                        0.0,
                        0.0
                    ],
                    [
                        -0.8755528717380207,
                        0.5706331158192712,
                        -0.5647160777102381,
                        0.0,
                        0.0,
                        0.0
                    ],
                    [
                        0.6947976149653294,
                        0.9418097925520874,
                        0.9742846616207489,
                        -0.5015781958052552,
                        0.0,
                        0.0
                    ],
                    [
                        0.5444536624430006,
                        0.7894554843451881,
                        0.6955858842603007,
                        -0.0,
                        0.5667983921017818,
                        0.0
                    ]
                ]
            },
            "est_params": {
                "mui": [
                    1.0000004075851934,
                    0.6357255038798143,
                    -0.8143492876323807,
                    -0.04773614545664294,
                    0.5336109835637117,
                    0.7889632033972033
                ],
                "Si": [
                    [
                        1.0120385904177054e-06,
                        1.5766325331331938e-06,
                        -7.770793752765322e-07,
                        1.9001958104255945e-06,
                        3.72254214693493e-07,
                        1.2108845093193568e-06
                    ],
                    [
                        1.5766325331331943e-06,
                        1.0061844837768796,
                        0.008660228732965868,
                        0.5664400065590691,
                        0.6730237654797315,
                        1.173015367732316
                    ],
                    [
                        -7.770793752765322e-07,
                        0.008660228732965868,
                        1.0133697709159672,
                        -0.5716017500179165,
                        1.2713045199394648,
                        1.4233136430349804
                    ],
                    [
                        1.9001958104255945e-06,
                        0.5664400065590691,
                        -0.5716017500179165,
                        1.6457278266748936,
                        -0.8510471564677038,
                        -0.42436776994793773
                    ],
                    [
                        3.7225421469349224e-07,
                        0.6730237654797315,
                        1.2713045199394648,
                        -0.8510471564677039,
                        3.2881222924694513,
                        3.2602806475766166
                    ],
                    [
                        1.2108845093193568e-06,
                        1.1730153677323163,
                        1.4233136430349804,
                        -0.42436776994793773,
                        3.2602806475766166,
                        4.727985308363794
                    ]
                ]
            },
            "est_tgt": [
                0
            ],
            "oracle_est_tgt": [
                0
            ],
            "intv_base_est_tgt": [
                0,
                4,
                5
            ]
        },
        "1": {
            "intv_type": "do",
            "inode": 1,
            "new_mui": 1.0,
            "new_vari": null,
            "true_params": {
                "Si": [
                    [
                        1.0,
                        0.0,
                        -0.8113399663068266,
                        -0.41737614827567276,
                        0.11366830585695172,
                        0.04452404753639791
                    ],
                    [
                        0.0,
                        1e-09,
                        0.0,
                        5.706331158192713e-10,
                        6.555926638527261e-10,
                        1.161044352090637e-09
                    ],
                    [
                        -0.8113399663068266,
                        0.0,
                        1.6582725409267625,
                        -0.22608212763098073,
                        1.165310293576737,
                        1.3722299562819351
                    ],
                    [
                        -0.41737614827567276,
                        5.706331158192713e-10,
                        -0.22608212763098073,
                        1.4931070978994943,
                        -1.259170265353823,
                        -1.0981971905431203
                    ],
                    [
                        0.11366830585695172,
                        6.555926638527261e-10,
                        1.165310293576737,
                        -1.259170265353823,
                        2.845892763392385,
                        2.485507959325176
                    ],
                    [
                        0.04452404753639791,
                        1.161044352090637e-09,
                        1.3722299562819351,
                        -1.0981971905431203,
                        2.485507959325176,
                        3.387526984115105
                    ]
                ],
                "mui": [
                    0.0,
                    1.0,
                    0.0,
                    0.5706331158192712,
                    0.6555926638527261,
                    1.161044352090637
                ],
                "Ai": [
                    [
                        0.0,
                        0.0,
                        0.0,
                        0.0,
                        0.0,
                        0.0
                    ],
                    [
                        0.0,
                        0.0,
                        0.0,
                        0.0,
                        0.0,
                        0.0
                    ],
                    [
                        -0.8113399663068266,
                        0.0,
                        0.0,
                        0.0,
                        0.0,
                        0.0
                    ],
                    [
                        -0.8755528717380207,
                        0.5706331158192712,
                        -0.5647160777102381,
                        0.0,
                        0.0,
                        0.0
                    ],
                    [
                        0.6947976149653294,
                        0.9418097925520874,
                        0.9742846616207489,
                        -0.5015781958052552,
                        0.0,
                        0.0
                    ],
                    [
                        0.5444536624430006,
                        0.7894554843451881,
                        0.6955858842603007,
                        -0.0,
                        0.5667983921017818,
                        0.0
                    ]
                ]
            },
            "est_params": {
                "mui": [
                    -0.003941063422911911,
                    1.0000001154678153,
                    0.01656460153614986,
                    0.5621536564853206,
                    0.662897001595825,
                    1.1631401251400126
                ],
                "Si": [
                    [
                        0.9944816344194386,
                        -4.600939385965014e-07,
                        -0.7925616526128376,
                        -0.4268179774576562,
                        0.13670465031185502,
                        0.06719881559132886
                    ],
                    [
                        -4.600939385965016e-07,
                        1.0093637642874896e-06,
                        1.4921129848876286e-07,
                        4.819015114981155e-07,
                        -7.363051721221194e-07,
                        -4.827337157656768e-08
                    ],
                    [
                        -0.7925616526128376,
                        1.492112984887628e-07,
                        1.6329352283320089,
                        -0.21903315591996542,
                        1.1408669258902029,
                        1.3553512752969412
                    ],
                    [
                        -0.4268179774576562,
                        4.819015114981153e-07,
                        -0.21903315591996542,
                        1.4907804043670647,
                        -1.2534144096313775,
                        -1.093434744748336
                    ],
                    [
                        0.13670465031185502,
                        -7.363051721221194e-07,
                        1.1408669258902029,
                        -1.2534144096313775,
                        2.8377280166484633,
                        2.469569428652043
                    ],
                    [
                        0.06719881559132888,
                        -4.8273371576567506e-08,
                        1.3553512752969412,
                        -1.093434744748336,
                        2.469569428652043,
                        3.378610603465885
                    ]
                ]
            },
            "est_tgt": [
                1
            ],
            "oracle_est_tgt": [
                1
            ],
            "intv_base_est_tgt": [
                1,
                4,
                5
            ]
        },
        "2": {
            "intv_type": "do",
            "inode": 2,
            "new_mui": 1.0,
            "new_vari": null,
            "true_params": {
                "Si": [
                    [
                        1.0,
                        0.6408300098727504,
                        0.0,
                        -0.5098740464938387,
                        1.554079297953041,
                        1.931210075548474
                    ],
                    [
                        0.6408300098727504,
                        1.4106631015535094,
                        0.0,
                        0.24389052557076535,
                        1.6514933157030103,
                        2.398621723870721
                    ],
                    [
                        0.0,
                        0.0,
                        1e-09,
                        -5.647160777102381e-10,
                        1.2575339330208705e-09,
                        1.4083540955099599e-09
                    ],
                    [
                        -0.5098740464938387,
                        0.24389052557076535,
                        -5.647160777102381e-10,
                        1.5855936964765154,
                        -0.9198600122524887,
                        -0.6064372553027768
                    ],
                    [
                        1.554079297953041,
                        1.6514933157030103,
                        1.2575339330208705e-09,
                        -0.9198600122524887,
                        4.096544893312377,
                        4.471819680515484
                    ],
                    [
                        1.931210075548474,
                        2.398621723870721,
                        1.4083540955099599e-09,
                        -0.6064372553027768,
                        4.471819680515484,
                        6.479679679023352
                    ]
                ],
                "mui": [
                    0.0,
                    0.0,
                    1.0,
                    -0.5647160777102381,
                    1.2575339330208704,
                    1.4083540955099598
                ],
                "Ai": [
                    [
                        0.0,
                        0.0,
                        0.0,
                        0.0,
                        0.0,
                        0.0
                    ],
                    [
                        0.6408300098727504,
                        0.0,
                        0.0,
                        0.0,
                        0.0,
                        0.0
                    ],
                    [
                        0.0,
                        0.0,
                        0.0,
                        0.0,
                        0.0,
                        0.0
                    ],
                    [
                        -0.8755528717380207,
                        0.5706331158192712,
                        -0.5647160777102381,
                        0.0,
                        0.0,
                        0.0
                    ],
                    [
                        0.6947976149653294,
                        0.9418097925520874,
                        0.9742846616207489,
                        -0.5015781958052552,
                        0.0,
                        0.0
                    ],
                    [
                        0.5444536624430006,
                        0.7894554843451881,
                        0.6955858842603007,
                        -0.0,
                        0.5667983921017818,
                        0.0
                    ]
                ]
            },
            "est_params": {
                "mui": [
                    -0.008134490616175227,
                    -0.018807741476409703,
                    0.9999998022818507,
                    -0.5729275144229325,
                    1.2345704963601654,
                    1.3840004754008783
                ],
                "Si": [
                    [
                        0.9898818426675285,
                        0.6317237576718978,
                        -5.240881619247452e-07,
                        -0.5029671935348122,
                        1.5267107652509557,
                        1.8926895287805048
                    ],
                    [
                        0.6317237576718978,
                        1.418751980831912,
                        -3.457209395418856e-07,
                        0.2693913534649521,
                        1.6183515208007728,
                        2.3808687026898516
                    ],
                    [
                        -5.240881619247453e-07,
                        -3.4572093954188575e-07,
                        1.011956283447938e-06,
                        2.419775940825034e-07,
                        -1.40922017100492e-06,
                        -1.3983939409839095e-06
                    ],
                    [
                        -0.5029671935348122,
                        0.2693913534649521,
                        2.4197759408250377e-07,
                        1.5913498102833508,
                        -0.8997015094124678,
                        -0.5579830893711314
                    ],
                    [
                        1.5267107652509557,
                        1.6183515208007728,
                        -1.40922017100492e-06,
                        -0.8997015094124678,
                        4.001529385523922,
                        4.34861341258372
                    ],
                    [
                        1.8926895287805048,
                        2.380868702689851,
                        -1.3983939409839097e-06,
                        -0.5579830893711314,
                        4.34861341258372,
                        6.341704965719426
                    ]
                ]
            },
            "est_tgt": [
                2
            ],
            "oracle_est_tgt": [
                2
            ],
            "intv_base_est_tgt": [
                2,
                4,
                5
            ]
        },
        "3": {
            "intv_type": "do",
            "inode": 3,
            "new_mui": 1.0,
            "new_vari": null,
            "true_params": {
                "Si": [
                    [
                        1.0,
                        0.6408300098727504,
                        -0.8113399663068266,
                        0.0,
                        0.5078615090921001,
                        0.7738588871345549
                    ],
                    [
                        0.6408300098727504,
                        1.4106631015535094,
                        -0.5199309986185606,
                        0.0,
                        1.267262688437568,
                        1.8191837587119764
                    ],
                    [
                        -0.8113399663068266,
                        -0.5199309986185606,
                        1.6582725409267625,
                        0.0,
                        0.5622363219454303,
                        0.6199462205023816
                    ],
                    [
                        0.0,
                        0.0,
                        0.0,
                        1e-09,
                        -5.015781958052552e-10,
                        -2.8429371489573136e-10
                    ],
                    [
                        0.5078615090921001,
                        1.267262688437568,
                        0.5622363219454303,
                        -5.015781958052552e-10,
                        3.094159599885349,
                        3.421802873417068
                    ],
                    [
                        0.7738588871345549,
                        1.8191837587119764,
                        0.6199462205023816,
                        -2.8429371489573136e-10,
                        3.421802873417068,
                        5.228193107385367
                    ]
                ],
                "mui": [
                    0.0,
                    0.0,
                    0.0,
                    1.0,
                    -0.5015781958052552,
                    -0.28429371489573135
                ],
                "Ai": [
                    [
                        0.0,
                        0.0,
                        0.0,
                        0.0,
                        0.0,
                        0.0
                    ],
                    [
                        0.6408300098727504,
                        0.0,
                        0.0,
                        0.0,
                        0.0,
                        0.0
                    ],
                    [
                        -0.8113399663068266,
                        0.0,
                        0.0,
                        0.0,
                        0.0,
                        0.0
                    ],
                    [
                        0.0,
                        0.0,
                        0.0,
                        0.0,
                        0.0,
                        0.0
                    ],
                    [
                        0.6947976149653294,
                        0.9418097925520874,
                        0.9742846616207489,
                        -0.5015781958052552,
                        0.0,
                        0.0
                    ],
                    [
                        0.5444536624430006,
                        0.7894554843451881,
                        0.6955858842603007,
                        -0.0,
                        0.5667983921017818,
                        0.0
                    ]
                ]
            },
            "est_params": {
                "mui": [
                    0.010335220132122886,
                    -0.00048228760952431115,
                    -0.011197242382062211,
                    1.0000005747844958,
                    -0.5123774014912225,
                    -0.3069942453470577
                ],
                "Si": [
                    [
                        1.011068511417358,
                        0.6266624300150541,
                        -0.8193923610562281,
                        -6.055759541499011e-07,
                        0.4933837448324199,
                        0.7515282058693068
                    ],
                    [
                        0.6266624300150541,
                        1.3908731397307186,
                        -0.5101291821702255,
                        -1.6427706739422886e-06,
                        1.248830458121307,
                        1.781813686173172
                    ],
                    [
                        -0.819392361056228,
                        -0.5101291821702255,
                        1.664725275113859,
                        -2.976946972040532e-07,
                        0.5786486548314022,
                        0.6349430191028781
                    ],
                    [
                        -6.055759541499011e-07,
                        -1.6427706739422888e-06,
                        -2.976946972040535e-07,
                        1.01308492451077e-06,
                        -1.4503213158587936e-06,
                        -2.05466420173248e-06
                    ],
                    [
                        0.4933837448324199,
                        1.248830458121307,
                        0.5786486548314022,
                        -1.4503213158587938e-06,
                        3.096761077777927,
                        3.3910538013410902
                    ],
                    [
                        0.7515282058693068,
                        1.781813686173172,
                        0.6349430191028781,
                        -2.0546642017324794e-06,
                        3.3910538013410902,
                        5.171572341625165
                    ]
                ]
            },
            "est_tgt": [
                3
            ],
            "oracle_est_tgt": [
                3
            ],
            "intv_base_est_tgt": [
                3,
                4,
                5
            ]
        },
        "4": {
            "intv_type": "do",
            "inode": 4,
            "new_mui": 1.0,
            "new_vari": null,
            "true_params": {
                "Si": [
                    [
                        1.0,
                        0.6408300098727504,
                        -0.8113399663068266,
                        -0.05169732303149083,
                        0.0,
                        0.486003800370768
                    ],
                    [
                        0.6408300098727504,
                        1.4106631015535094,
                        -0.5199309986185606,
                        0.5375039197906062,
                        0.0,
                        1.1009013045349816
                    ],
                    [
                        -0.8113399663068266,
                        -0.5199309986185606,
                        1.6582725409267625,
                        -0.5227719733837153,
                        0.0,
                        0.30127157724249204
                    ],
                    [
                        -0.05169732303149083,
                        0.5375039197906062,
                        -0.5227719733837153,
                        1.6471990145026678,
                        0.0,
                        0.032555815100122135
                    ],
                    [
                        0.0,
                        0.0,
                        0.0,
                        0.0,
                        1e-09,
                        5.667983921017819e-10
                    ],
                    [
                        0.486003800370768,
                        1.1009013045349816,
                        0.30127157724249204,
                        0.032555815100122135,
                        5.667983921017819e-10,
                        2.3432793784409696
                    ]
                ],
                "mui": [
                    0.0,
                    0.0,
                    0.0,
                    0.0,
                    1.0,
                    0.5667983921017818
                ],
                "Ai": [
                    [
                        0.0,
                        0.0,
                        0.0,
                        0.0,
                        0.0,
                        0.0
                    ],
                    [
                        0.6408300098727504,
                        0.0,
                        0.0,
                        0.0,
                        0.0,
                        0.0
                    ],
                    [
                        -0.8113399663068266,
                        0.0,
                        0.0,
                        0.0,
                        0.0,
                        0.0
                    ],
                    [
                        -0.8755528717380207,
                        0.5706331158192712,
                        -0.5647160777102381,
                        0.0,
                        0.0,
                        0.0
                    ],
                    [
                        0.0,
                        0.0,
                        0.0,
                        0.0,
                        0.0,
                        0.0
                    ],
                    [
                        0.5444536624430006,
                        0.7894554843451881,
                        0.6955858842603007,
                        -0.0,
                        0.5667983921017818,
                        0.0
                    ]
                ]
            },
            "est_params": {
                "mui": [
                    0.00918091560786163,
                    0.01726072058961911,
                    -0.010429020818392564,
                    0.00563284083674445,
                    0.9999990592132046,
                    0.5795564667052636
                ],
                "Si": [
                    [
                        0.9885989626291015,
                        0.6423896547525728,
                        -0.7913754366761605,
                        -0.05466432351062833,
                        -6.494323096880065e-07,
                        0.4835446959739386
                    ],
                    [
                        0.6423896547525728,
                        1.4064486057140515,
                        -0.5170212453977534,
                        0.5410867361287566,
                        -3.2482984084484356e-07,
                        1.0878342708589146
                    ],
                    [
                        -0.7913754366761605,
                        -0.5170212453977534,
                        1.645463621232856,
                        -0.5178273805266407,
                        2.067503267256686e-07,
                        0.31484359642013543
                    ],
                    [
                        -0.05466432351062833,
                        0.5410867361287567,
                        -0.5178273805266407,
                        1.650233561757665,
                        1.6293406324396586e-07,
                        0.04891006839677317
                    ],
                    [
                        -6.494323096880064e-07,
                        -3.2482984084484366e-07,
                        2.0675032672566833e-07,
                        1.6293406324396586e-07,
                        1.010193290179065e-06,
                        -7.988610055129093e-08
                    ],
                    [
                        0.4835446959739386,
                        1.0878342708589146,
                        0.3148435964201355,
                        0.04891006839677317,
                        -7.988610055129081e-08,
                        2.3469554662816554
                    ]
                ]
            },
            "est_tgt": [
                4
            ],
            "oracle_est_tgt": [
                4
            ],
            "intv_base_est_tgt": []
        },
        "5": {
            "intv_type": "do",
            "inode": 5,
            "new_mui": 1.0,
            "new_vari": null,
            "true_params": {
                "Si": [
                    [
                        1.0,
                        0.6408300098727504,
                        -0.8113399663068266,
                        -0.05169732303149083,
                        0.5337917591061968,
                        0.0
                    ],
                    [
                        0.6408300098727504,
                        1.4106631015535094,
                        -0.5199309986185606,
                        0.5375039197906062,
                        0.997662442110743,
                        0.0
                    ],
                    [
                        -0.8113399663068266,
                        -0.5199309986185606,
                        1.6582725409267625,
                        -0.5227719733837153,
                        0.824447345172787,
                        0.0
                    ],
                    [
                        -0.05169732303149083,
                        0.5375039197906062,
                        -0.5227719733837153,
                        1.6471990145026678,
                        -0.865220546567854,
                        0.0
                    ],
                    [
                        0.5337917591061968,
                        0.997662442110743,
                        0.824447345172787,
                        -0.865220546567854,
                        3.547707662193395,
                        0.0
                    ],
                    [
                        0.0,
                        0.0,
                        0.0,
                        0.0,
                        0.0,
                        1e-09
                    ]
                ],
                "mui": [
                    0.0,
                    0.0,
                    0.0,
                    0.0,
                    0.0,
                    1.0
                ],
                "Ai": [
                    [
                        0.0,
                        0.0,
                        0.0,
                        0.0,
                        0.0,
                        0.0
                    ],
                    [
                        0.6408300098727504,
                        0.0,
                        0.0,
                        0.0,
                        0.0,
                        0.0
                    ],
                    [
                        -0.8113399663068266,
                        0.0,
                        0.0,
                        0.0,
                        0.0,
                        0.0
                    ],
                    [
                        -0.8755528717380207,
                        0.5706331158192712,
                        -0.5647160777102381,
                        0.0,
                        0.0,
                        0.0
                    ],
                    [
                        0.6947976149653294,
                        0.9418097925520874,
                        0.9742846616207489,
                        -0.5015781958052552,
                        0.0,
                        0.0
                    ],
                    [
                        0.0,
                        0.0,
                        0.0,
                        0.0,
                        0.0,
                        0.0
                    ]
                ]
            },
            "est_params": {
                "mui": [
                    -0.004405882520168211,
                    -0.010441027627769852,
                    0.0058070362734636135,
                    -0.0012100960279444982,
                    -0.00878877984583576,
                    1.00000137848584
                ],
                "Si": [
                    [
                        0.9963681304814938,
                        0.638472472410889,
                        -0.8119363530830743,
                        -0.05685705710883701,
                        0.5247954710556132,
                        2.384083218171008e-07
                    ],
                    [
                        0.6384724724108891,
                        1.4077246628156088,
                        -0.5216293625902294,
                        0.5454494956145378,
                        0.9822776678321402,
                        2.867220334040494e-08
                    ],
                    [
                        -0.8119363530830743,
                        -0.5216293625902294,
                        1.6660254684138962,
                        -0.5226689863616647,
                        0.8307032171528229,
                        3.76500368968216e-07
                    ],
                    [
                        -0.05685705710883701,
                        0.5454494956145378,
                        -0.5226689863616646,
                        1.6458757257956902,
                        -0.8605843411704015,
                        -2.0497120421197507e-07
                    ],
                    [
                        0.5247954710556132,
                        0.9822776678321402,
                        0.8307032171528229,
                        -0.8605843411704015,
                        3.5265129133928115,
                        1.7918634170248787e-06
                    ],
                    [
                        2.3840832181710076e-07,
                        2.8672203340404988e-08,
                        3.7650036896821597e-07,
                        -2.049712042119749e-07,
                        1.7918634170248787e-06,
                        1.0093112325021149e-06
                    ]
                ]
            },
            "est_tgt": [
                5
            ],
            "oracle_est_tgt": [
                5
            ],
            "intv_base_est_tgt": [
                4,
                5
            ]
        },
        "obs": {
            "intv_type": "obs",
            "true_params": {
                "Si": [
                    [
                        1.0,
                        0.6408300098727504,
                        -0.8113399663068266,
                        -0.05169732303149083,
                        0.5337917591061968,
                        0.788556111149342
                    ],
                    [
                        0.6408300098727504,
                        1.4106631015535094,
                        -0.5199309986185606,
                        0.5375039197906062,
                        0.997662442110743,
                        1.6663747725836875
                    ],
                    [
                        -0.8113399663068266,
                        -0.5199309986185606,
                        1.6582725409267625,
                        -0.5227719733837153,
                        0.824447345172787,
                        0.7685670068590105
                    ],
                    [
                        -0.05169732303149083,
                        0.5375039197906062,
                        -0.5227719733837153,
                        1.6471990145026678,
                        -0.865220546567854,
                        -0.4578497995079625
                    ],
                    [
                        0.5337917591061968,
                        0.997662442110743,
                        0.824447345172787,
                        -0.865220546567854,
                        3.547707662193395,
                        3.662543898873259
                    ],
                    [
                        0.788556111149342,
                        1.6663747725836875,
                        0.7685670068590105,
                        -0.4578497995079625,
                        3.662543898873259,
                        5.355389319910598
                    ]
                ],
                "mui": [
