{
    "expt_args": {
        "save_dir": "all_expt_logs/expt_logs_11.05.24-unequal_matching",
        "exp_name": "81",
        "num_nodes": 6,
        "obs_noise_mean": 0.0,
        "obs_noise_var": 1.0,
        "max_edge_strength": 1.0,
        "graph_sparsity_method": "adj_dense_prop",
        "adj_dense_prop": 0.8,
        "num_parents": null,
        "new_noise_mean": 1.0,
        "mix_samples": 2048,
        "stage2_samples": 2048,
        "gmm_tol": 0.001,
        "intv_type": "do",
        "new_noise_var": null,
        "intv_targets": [
            0,
            1,
            2,
            3,
            4,
            5
        ]
    },
    "intv_args_dict": {
        "0": {
            "intv_type": "do",
            "inode": 0,
            "new_mui": 1.0,
            "new_vari": null,
            "true_params": {
                "Si": [
                    [
                        1e-09,
                        -6.317011232065626e-10,
                        3.215059163334045e-10,
                        -5.503731868132008e-10,
                        1.818443523582063e-09,
                        -2.5640777823053844e-09
                    ],
                    [
                        -6.317011232065626e-10,
                        1.0000000003990464,
                        -0.5089525800266302,
                        -0.38559849414496705,
                        -1.4153885213347173,
                        1.992726213732542
                    ],
                    [
                        3.215059163334045e-10,
                        -0.5089525800266302,
                        1.2590327286123975,
                        -0.7165833865585384,
                        1.6652046929741227,
                        -2.2785071381983535
                    ],
                    [
                        -5.503731868132008e-10,
                        -0.38559849414496705,
                        -0.7165833865585384,
                        1.9819534525520563,
                        -0.31671022552833944,
                        0.38570837243089856
                    ],
                    [
                        1.818443523582063e-09,
                        -1.4153885213347173,
                        1.6652046929741227,
                        -0.31671022552833944,
                        3.8960455035665102,
                        -4.770616314925201
                    ],
                    [
                        -2.5640777823053844e-09,
                        1.992726213732542,
                        -2.2785071381983535,
                        0.38570837243089856,
                        -4.770616314925201,
                        7.140309456600776
                    ]
                ],
                "mui": [
                    1.0,
                    -0.6317011232065626,
                    0.3215059163334045,
                    -0.5503731868132008,
                    1.8184435235820628,
                    -2.564077782305384
                ],
                "Ai": [
                    [
                        0.0,
                        0.0,
                        0.0,
                        0.0,
                        0.0,
                        0.0
                    ],
                    [
                        -0.6317011232065626,
                        0.0,
                        0.0,
                        0.0,
                        0.0,
                        0.0
                    ],
                    [
                        -0.0,
                        -0.5089525798235346,
                        0.0,
                        0.0,
                        0.0,
                        0.0
                    ],
                    [
                        -0.7939561888909601,
                        -0.8501880877876362,
                        -0.9128347349296895,
                        0.0,
                        0.0,
                        0.0
                    ],
                    [
                        0.9243410056068895,
                        -0.9345102463442629,
                        0.9448390535882003,
                        0.0,
                        0.0,
                        0.0
                    ],
                    [
                        -0.6068653970954738,
                        0.6431668549780787,
                        -0.5504112671981833,
                        0.0,
                        -0.7555707196139594,
                        0.0
                    ]
                ]
            },
            "est_params": {
                "mui": [
                    1.0000009596241881,
                    -0.690322820051157,
                    0.37841223340102714,
                    -0.6454962607306208,
                    1.970725159572938,
                    -2.633498700800879
                ],
                "Si": [
                    [
                        1.0028691849235056e-06,
                        -1.9361289683476173e-06,
                        -1.2668144499637e-06,
                        -3.546870846165386e-06,
                        -3.131537044538657e-06,
                        7.914765938988928e-06
                    ],
                    [
                        -1.9361289683476173e-06,
                        0.9899204533005116,
                        -0.4352536895852872,
                        -0.47868429448320404,
                        -1.343924707022911,
                        1.8438115726908615
                    ],
                    [
                        -1.2668144499637002e-06,
                        -0.4352536895852873,
                        1.248459045401506,
                        -0.7279355041636683,
                        1.6894961032799019,
                        -2.3535019824578636
                    ],
                    [
                        -3.546870846165386e-06,
                        -0.47868429448320404,
                        -0.7279355041636685,
                        2.015901517918185,
                        -0.3667562139031442,
                        0.5101008593128956
                    ],
                    [
                        -3.131537044538657e-06,
                        -1.343924707022911,
                        1.6894961032799019,
                        -0.3667562139031442,
                        4.180233492142469,
                        -5.039858197656158
                    ],
                    [
                        7.914765938988926e-06,
                        1.8438115726908615,
                        -2.3535019824578636,
                        0.5101008593128956,
                        -5.039858197656158,
                        7.407123460048831
                    ]
                ]
            },
            "est_tgt": [
                0
            ],
            "oracle_est_tgt": [
                0
            ],
            "intv_base_est_tgt": [
                0,
                1,
                2,
                4,
                5
            ]
        },
        "1": {
            "intv_type": "do",
            "inode": 1,
            "new_mui": 1.0,
            "new_vari": null,
            "true_params": {
                "Si": [
                    [
                        1.0,
                        0.0,
                        0.0,
                        -0.7939561888909601,
                        0.9243410056068895,
                        -1.3052703958705623
                    ],
                    [
                        0.0,
                        1e-09,
                        -5.089525798235347e-10,
                        -3.855984944926384e-10,
                        -1.4153885201860044e-09,
                        1.9927262121128115e-09
                    ],
                    [
                        0.0,
                        -5.089525798235347e-10,
                        1.0000000002590328,
                        -0.9128347347334381,
                        0.944839054308566,
                        -1.2643039918513954
                    ],
                    [
                        -0.7939561888909601,
                        -3.855984944926384e-10,
                        -0.9128347347334381,
                        2.4636336833211008,
                        -1.5963681685349154,
                        2.190428106555611
                    ],
                    [
                        0.9243410056068895,
                        -1.4153885201860044e-09,
                        0.944839054308566,
                        -1.5963681685349154,
                        2.7471271338351264,
                        -3.156649458892737
                    ],
                    [
                        -1.3052703958705623,
                        1.9927262121128115e-09,
                        -1.2643039918513954,
                        2.190428106555611,
                        -3.156649458892737,
                        4.87308250389186
                    ]
                ],
                "mui": [
                    0.0,
                    1.0,
                    -0.5089525798235346,
                    -0.3855984944926384,
                    -1.4153885201860044,
                    1.9927262121128113
                ],
                "Ai": [
                    [
                        0.0,
                        0.0,
                        0.0,
                        0.0,
                        0.0,
                        0.0
                    ],
                    [
                        0.0,
                        0.0,
                        0.0,
                        0.0,
                        0.0,
                        0.0
                    ],
                    [
                        -0.0,
                        -0.5089525798235346,
                        0.0,
                        0.0,
                        0.0,
                        0.0
                    ],
                    [
                        -0.7939561888909601,
                        -0.8501880877876362,
                        -0.9128347349296895,
                        0.0,
                        0.0,
                        0.0
                    ],
                    [
                        0.9243410056068895,
                        -0.9345102463442629,
                        0.9448390535882003,
                        0.0,
                        0.0,
                        0.0
                    ],
                    [
                        -0.6068653970954738,
                        0.6431668549780787,
                        -0.5504112671981833,
                        0.0,
                        -0.7555707196139594,
                        0.0
                    ]
                ]
            },
            "est_params": {
                "mui": [
                    0.032263464529026155,
                    0.9999951067437346,
                    -0.5683507847175547,
                    -0.42515989082539635,
                    -1.5169381446656809,
                    2.113239969595086
                ],
                "Si": [
                    [
                        0.9855288512694499,
                        2.81565545497137e-06,
                        0.019131711694823802,
                        -0.79143473752706,
                        1.0185060601427884,
                        -1.3991933241189516
                    ],
                    [
                        2.81565545497137e-06,
                        1.0050575749394088e-06,
                        -1.6699216143633275e-06,
                        -2.2161620364214505e-06,
                        2.2050857003867528e-06,
                        -2.280282773691463e-06
                    ],
                    [
                        0.019131711694823795,
                        -1.6699216143633275e-06,
                        1.1030765222150654,
                        -0.8889052937467617,
                        1.0494580121435129,
                        -1.3790007955649168
                    ],
                    [
                        -0.79143473752706,
                        -2.216162036421451e-06,
                        -0.8889052937467617,
                        2.4482592006595962,
                        -1.5371187645800322,
                        2.044559391541581
                    ],
                    [
                        1.0185060601427884,
                        2.2050857003867524e-06,
                        1.0494580121435129,
                        -1.5371187645800322,
                        2.9046296960275026,
                        -3.3800143026170204
                    ],
                    [
                        -1.3991933241189514,
                        -2.280282773691463e-06,
                        -1.3790007955649168,
                        2.044559391541581,
                        -3.3800143026170204,
                        5.042893945573229
                    ]
                ]
            },
            "est_tgt": [
                1,
                2,
                4,
                5
            ],
            "oracle_est_tgt": [
                1,
                5
            ],
            "intv_base_est_tgt": [
                1,
                4,
                5
            ]
        },
        "2": {
            "intv_type": "do",
            "inode": 2,
            "new_mui": 1.0,
            "new_vari": null,
            "true_params": {
                "Si": [
                    [
                        1.0,
                        -0.6317011232065626,
                        0.0,
                        -0.2568914188986706,
                        1.5146721778706018,
                        -2.1575965692072923
                    ],
                    [
                        -0.6317011232065626,
                        1.3990463090604328,
                        0.0,
                        -0.6879094899272185,
                        -1.8913303623948523,
                        2.7122116104899043
                    ],
                    [
                        0.0,
                        0.0,
                        1e-09,
                        -9.128347349296895e-10,
                        9.448390535882004e-10,
                        -1.2643039908371922e-09
                    ],
                    [
                        -0.2568914188986706,
                        -0.6879094899272185,
                        -9.128347349296895e-10,
                        1.7888129865530369,
                        0.40540319355538135,
                        -0.592852852391704
                    ],
                    [
                        1.5146721778706018,
                        -1.8913303623948523,
                        9.448390535882004e-10,
                        0.40540319355538135,
                        4.167541207830409,
                        -5.284515243540256
                    ],
                    [
                        -2.1575965692072923,
                        2.7122116104899043,
                        -1.2643039908371922e-09,
                        -0.592852852391704,
                        -5.284515243540256,
                        8.046600296366174
                    ]
                ],
                "mui": [
                    0.0,
                    0.0,
                    1.0,
                    -0.9128347349296895,
                    0.9448390535882003,
                    -1.2643039908371922
                ],
                "Ai": [
                    [
                        0.0,
                        0.0,
                        0.0,
                        0.0,
                        0.0,
                        0.0
                    ],
                    [
                        -0.6317011232065626,
                        0.0,
                        0.0,
                        0.0,
                        0.0,
                        0.0
                    ],
                    [
                        0.0,
                        0.0,
                        0.0,
                        0.0,
                        0.0,
                        0.0
                    ],
                    [
                        -0.7939561888909601,
                        -0.8501880877876362,
                        -0.9128347349296895,
                        0.0,
                        0.0,
                        0.0
                    ],
                    [
                        0.9243410056068895,
                        -0.9345102463442629,
                        0.9448390535882003,
                        0.0,
                        0.0,
                        0.0
                    ],
                    [
                        -0.6068653970954738,
                        0.6431668549780787,
                        -0.5504112671981833,
                        0.0,
                        -0.7555707196139594,
                        0.0
                    ]
                ]
            },
            "est_params": {
                "mui": [
                    -0.03206002116601337,
                    0.06507317531229014,
                    1.0000071867084204,
                    -0.8914715415942871,
                    0.9361757522189761,
                    -1.1841383101232983
                ],
                "Si": [
                    [
                        0.7762839527353346,
                        -0.5403807790860394,
                        1.1320876083633163e-05,
                        -0.1789558013238542,
                        1.207220171340463,
                        -1.645247743206372
                    ],
                    [
                        -0.5403807790860395,
                        1.3728897787661927,
                        -1.5053980654295219e-05,
                        -0.7526707074654627,
                        -1.7962509280766934,
                        2.453061931149559
                    ],
                    [
                        1.1320876083633163e-05,
                        -1.5053980654295219e-05,
                        1.0217188366512297e-06,
                        -5.316566041292705e-06,
                        2.675124951565994e-05,
                        -3.533226853266343e-05
                    ],
                    [
                        -0.1789558013238542,
                        -0.7526707074654626,
                        -5.316566041292704e-06,
                        1.805945611679165,
                        0.6138543962458396,
                        -0.8036321545587658
                    ],
                    [
                        1.2072201713404629,
                        -1.7962509280766934,
                        2.675124951565994e-05,
                        0.6138543962458397,
                        3.5879384501535148,
                        -4.407777001038004
                    ],
                    [
                        -1.645247743206372,
                        2.453061931149559,
                        -3.533226853266343e-05,
                        -0.8036321545587659,
                        -4.407777001038004,
                        6.5475595155596755
                    ]
                ]
            },
            "est_tgt": [
                1,
                2,
                3
            ],
            "oracle_est_tgt": [
                1,
                2,
                5
            ],
            "intv_base_est_tgt": [
                1,
                2,
                4,
                5
            ]
        },
        "3": {
            "intv_type": "do",
            "inode": 3,
            "new_mui": 1.0,
            "new_vari": null,
            "true_params": {
                "Si": [
                    [
                        1.0,
                        -0.6317011232065626,
                        0.3215059163334045,
                        0.0,
                        1.8184435235820628,
                        -2.564077782305384
                    ],
                    [
                        -0.6317011232065626,
                        1.3990463090604328,
                        -0.7120482282889014,
                        0.0,
                        -2.5641013365204928,
                        3.6124570271841145
                    ],
                    [
                        0.3215059163334045,
                        -0.7120482282889014,
                        1.3623987827464135,
                        0.0,
                        2.249845043739278,
                        -3.1028733143242038
                    ],
                    [
                        0.0,
                        0.0,
                        0.0,
                        1e-09,
                        0.0,
                        0.0
                    ],
                    [
                        1.8184435235820628,
                        -2.5641013365204928,
                        2.249845043739278,
                        0.0,
                        7.202782348717322,
                        -9.433246947456455
                    ],
                    [
                        -2.564077782305384,
                        3.6124570271841145,
                        -3.1028733143242038,
                        0.0,
                        -9.433246947456455,
                        13.714804323738377
                    ]
                ],
                "mui": [
                    0.0,
                    0.0,
                    0.0,
                    1.0,
                    0.0,
                    0.0
                ],
                "Ai": [
                    [
                        0.0,
                        0.0,
                        0.0,
                        0.0,
                        0.0,
                        0.0
                    ],
                    [
                        -0.6317011232065626,
                        0.0,
                        0.0,
                        0.0,
                        0.0,
                        0.0
                    ],
                    [
                        -0.0,
                        -0.5089525798235346,
                        0.0,
                        0.0,
                        0.0,
                        0.0
                    ],
                    [
                        0.0,
                        0.0,
                        0.0,
                        0.0,
                        0.0,
                        0.0
                    ],
                    [
                        0.9243410056068895,
                        -0.9345102463442629,
                        0.9448390535882003,
                        0.0,
                        0.0,
                        0.0
                    ],
                    [
                        -0.6068653970954738,
                        0.6431668549780787,
                        -0.5504112671981833,
                        0.0,
                        -0.7555707196139594,
                        0.0
                    ]
                ]
            },
            "est_params": {
                "mui": [
                    -0.9840820750252743,
                    -0.3529841512355542,
                    -0.8155870029425485,
                    1.9487840451507323,
                    -0.8947090058414355,
                    1.0496174990618865
                ],
                "Si": [
                    [
                        0.5087757395425087,
                        0.044686288508587246,
                        -0.005656563349630303,
                        -0.22935253713660123,
                        0.7655018900239461,
                        -0.0018650025254660781
                    ],
                    [
                        0.044686288508587205,
                        0.6863132434867746,
                        0.24618578247363285,
                        -0.44475556112281417,
                        -0.1489618472802955,
                        0.005348021831117446
                    ],
                    [
                        -0.00565656334963028,
                        0.24618578247363285,
                        0.5928305063304242,
                        -1.0709988758175402,
                        -0.01610414759166653,
                        -0.027393669896589062
                    ],
                    [
                        -0.22935253713660123,
                        -0.4447555611228141,
                        -1.0709988758175402,
                        2.0489135688509847,
                        -0.35760640877697797,
                        0.05150726006127138
                    ],
                    [
                        0.7655018900239461,
                        -0.1489618472802954,
                        -0.01610414759166653,
                        -0.35760640877697797,
                        2.0717878431977237,
                        -0.02585714130465648
                    ],
                    [
                        -0.0018650025254660781,
                        0.005348021831117445,
                        -0.02739366989658906,
                        0.05150726006127138,
                        -0.02585714130465648,
                        0.002120429723873734
                    ]
                ]
            },
            "est_tgt": [
                0,
                1,
                2,
                3,
                4,
                5
            ],
            "oracle_est_tgt": [
                3
            ],
            "intv_base_est_tgt": [
                0,
                1,
                2,
                3,
                4,
                5
            ]
        },
        "4": {
            "intv_type": "do",
            "inode": 4,
            "new_mui": 1.0,
            "new_vari": null,
            "true_params": {
                "Si": [
                    [
                        1.0,
                        -0.6317011232065626,
                        0.3215059163334045,
                        -0.5503731868132008,
                        0.0,
                        -1.190115100615141
                    ],
                    [
                        -0.6317011232065626,
                        1.3990463090604328,
                        -0.7120482282889014,
                        -0.03792713419996413,
                        0.0,
                        1.6750971351862107
                    ],
                    [
                        0.3215059163334045,
                        -0.7120482282889014,
                        1.3623987827464135,
                        -0.8935316221333043,
                        0.0,
                        -1.4029562756062173
                    ],
                    [
                        -0.5503731868132008,
                        -0.03792713419996413,
                        -0.8935316221333043,
                        2.284864097012064,
                        0.0,
                        0.8014188393644124
                    ],
                    [
                        0.0,
                        0.0,
                        0.0,
                        0.0,
                        1e-09,
                        -7.555707196139595e-10
                    ],
                    [
                        -1.190115100615141,
                        1.6750971351862107,
                        -1.4029562756062173,
                        0.8014188393644124,
                        -7.555707196139595e-10,
                        3.5718095713955806
                    ]
                ],
                "mui": [
                    0.0,
                    0.0,
                    0.0,
                    0.0,
                    1.0,
                    -0.7555707196139594
                ],
                "Ai": [
                    [
                        0.0,
                        0.0,
                        0.0,
                        0.0,
                        0.0,
                        0.0
                    ],
                    [
                        -0.6317011232065626,
                        0.0,
                        0.0,
                        0.0,
                        0.0,
                        0.0
                    ],
                    [
                        -0.0,
                        -0.5089525798235346,
                        0.0,
                        0.0,
                        0.0,
                        0.0
                    ],
                    [
                        -0.7939561888909601,
                        -0.8501880877876362,
                        -0.9128347349296895,
                        0.0,
                        0.0,
                        0.0
                    ],
                    [
                        0.0,
                        0.0,
                        0.0,
                        0.0,
                        0.0,
                        0.0
                    ],
                    [
                        -0.6068653970954738,
                        0.6431668549780787,
                        -0.5504112671981833,
                        0.0,
                        -0.7555707196139594,
                        0.0
                    ]
                ]
            },
            "est_params": {
                "mui": [
                    -0.03343304825462279,
                    -0.05841665042884236,
                    0.04476436068447017,
                    0.012254968357566745,
                    1.0000014306663683,
                    -0.7141101873167902
                ],
                "Si": [
                    [
                        0.983603795059249,
                        -0.6402570175080639,
                        0.34168968646448994,
                        -0.5128906293539083,
                        -2.3066947543011512e-06,
                        -1.2411870164254963
                    ],
                    [
                        -0.640257017508064,
                        1.2574922581272407,
                        -0.6222089194440459,
                        -0.022803893363910917,
                        4.966996854638106e-08,
                        1.6955603439779992
                    ],
                    [
                        0.34168968646448994,
                        -0.6222089194440459,
                        1.3213801338032176,
                        -0.9044449226728835,
                        -2.853456088691408e-06,
                        -1.3474870644928656
                    ],
                    [
                        -0.5128906293539083,
                        -0.02280389336391093,
                        -0.9044449226728835,
                        2.2018355019916345,
                        7.15556740693356e-06,
                        0.7626326763761868
                    ],
                    [
                        -2.3066947543011517e-06,
                        4.966996854638106e-08,
                        -2.853456088691408e-06,
                        7.15556740693356e-06,
                        1.0009720558883442e-06,
                        2.5000392553823595e-06
                    ],
                    [
                        -1.2411870164254963,
                        1.6955603439779992,
                        -1.3474870644928654,
                        0.7626326763761868,
                        2.500039255382359e-06,
                        3.7508804227543155
                    ]
                ]
            },
            "est_tgt": [
                1,
                4
            ],
            "oracle_est_tgt": [
                1,
                2,
                4,
                5
            ],
            "intv_base_est_tgt": []
        },
        "5": {
            "intv_type": "do",
            "inode": 5,
            "new_mui": 1.0,
            "new_vari": null,
            "true_params": {
                "Si": [
                    [
                        1.0,
                        -0.6317011232065626,
                        0.3215059163334045,
                        -0.5503731868132008,
                        1.8184435235820628,
                        0.0
                    ],
                    [
                        -0.6317011232065626,
                        1.3990463090604328,
                        -0.7120482282889014,
                        -0.03792713419996413,
                        -2.5641013365204928,
                        0.0
                    ],
                    [
                        0.3215059163334045,
                        -0.7120482282889014,
                        1.3623987827464135,
                        -0.8935316221333043,
                        2.249845043739278,
                        0.0
                    ],
                    [
                        -0.5503731868132008,
                        -0.03792713419996413,
                        -0.8935316221333043,
                        2.284864097012064,
                        -1.3175327816412026,
                        0.0
                    ],
                    [
                        1.8184435235820628,
                        -2.5641013365204928,
                        2.249845043739278,
                        -1.3175327816412026,
                        7.202782348717322,
                        0.0
                    ],
                    [
                        0.0,
                        0.0,
                        0.0,
                        0.0,
                        0.0,
                        1e-09
                    ]
                ],
                "mui": [
                    0.0,
                    0.0,
                    0.0,
                    0.0,
                    0.0,
                    1.0
                ],
                "Ai": [
                    [
                        0.0,
                        0.0,
                        0.0,
                        0.0,
                        0.0,
                        0.0
                    ],
                    [
                        -0.6317011232065626,
                        0.0,
                        0.0,
                        0.0,
                        0.0,
                        0.0
                    ],
                    [
                        -0.0,
                        -0.5089525798235346,
                        0.0,
                        0.0,
                        0.0,
                        0.0
                    ],
                    [
                        -0.7939561888909601,
                        -0.8501880877876362,
                        -0.9128347349296895,
                        0.0,
                        0.0,
                        0.0
                    ],
                    [
                        0.9243410056068895,
                        -0.9345102463442629,
                        0.9448390535882003,
                        0.0,
                        0.0,
                        0.0
                    ],
                    [
                        0.0,
                        0.0,
                        0.0,
                        0.0,
                        0.0,
                        0.0
                    ]
                ]
            },
            "est_params": {
                "mui": [
                    0.018470566874976616,
                    -0.08285069991135889,
                    -0.07106672583409575,
                    0.1694146322656218,
                    0.07793252866770305,
                    0.9999980191238143
                ],
                "Si": [
                    [
                        0.9465698900478015,
                        -0.42142200310974226,
                        0.17743754777083676,
                        -0.5762008894192397,
                        1.390656959750845,
                        -6.2244135193589544e-06
                    ],
                    [
                        -0.4214220031097423,
                        1.0580720274909958,
                        -0.44010605914374173,
                        -0.17184267357403515,
                        -1.8180136840241146,
                        2.9933597501864132e-06
                    ],
                    [
                        0.1774375477708368,
                        -0.4401060591437417,
                        1.272063353458291,
                        -0.9073886875668726,
                        1.7651043285926704,
                        -5.305013306203563e-07
                    ],
                    [
                        -0.5762008894192397,
                        -0.17184267357403518,
                        -0.9073886875668729,
                        2.561277828374025,
                        -1.080975949303623,
                        5.688929922546271e-07
                    ],
                    [
                        1.3906569597508451,
                        -1.8180136840241146,
                        1.7651043285926704,
                        -1.0809759493036228,
                        5.755327107177735,
                        -1.1186823906848763e-05
                    ],
                    [
                        -6.2244135193589544e-06,
                        2.9933597501864132e-06,
                        -5.305013306203558e-07,
                        5.688929922546273e-07,
                        -1.1186823906848763e-05,
                        1.0016289535109808e-06
                    ]
                ]
            },
            "est_tgt": [
                1,
                5
            ],
            "oracle_est_tgt": [
                1,
                2,
                4,
                5
            ],
            "intv_base_est_tgt": [
                1,
                4,
                5
            ]
        },
        "obs": {
            "intv_type": "obs",
            "true_params": {
                "Si": [
                    [
                        1.0,
                        -0.6317011232065626,
                        0.3215059163334045,
                        -0.5503731868132008,
                        1.8184435235820628,
                        -2.564077782305384
                    ],
                    [
                        -0.6317011232065626,
                        1.3990463090604328,
                        -0.7120482282889014,
                        -0.03792713419996413,
                        -2.5641013365204928,
                        3.6124570271841145
                    ],
                    [
                        0.3215059163334045,
                        -0.7120482282889014,
                        1.3623987827464135,
                        -0.8935316221333043,
                        2.249845043739278,
                        -3.1028733143242038
                    ],
                    [
                        -0.5503731868132008,
                        -0.03792713419996413,
                        -0.8935316221333043,
                        2.284864097012064,
                        -1.3175327816412026,
                        1.7969080313040378
                    ],
                    [
                        1.8184435235820628,
                        -2.5641013365204928,
                        2.249845043739278,
                        -1.3175327816412026,
