{
    "expt_args": {
        "save_dir": "expt_logs_29.04.24-11",
        "exp_name": "204",
        "num_nodes": 6,
        "obs_noise_mean": 0.0,
        "obs_noise_var": 1.0,
        "max_edge_strength": 1.0,
        "num_parents": 2,
        "new_noise_mean": 1.0,
        "mix_samples": 16384,
        "stage2_samples": 16384,
        "intv_targets": [
            0,
            1,
            2,
            3,
            4,
            5
        ]
    },
    "intv_args_dict": {
        "0": {
            "intv_type": "do",
            "inode": 0,
            "new_mui": 1.0,
            "true_params": {
                "Si": [
                    [
                        0.0,
                        0.0,
                        0.0,
                        0.0,
                        0.0,
                        0.0
                    ],
                    [
                        0.0,
                        1.0,
                        0.6376597554385055,
                        0.566473375583544,
                        0.9306304898087202,
                        -1.02275345054618
                    ],
                    [
                        0.0,
                        0.6376597554385055,
                        1.4066099637058946,
                        1.2495803404152057,
                        1.125165307953193,
                        -1.5677274394421525
                    ],
                    [
                        0.0,
                        0.566473375583544,
                        1.2495803404152057,
                        2.110081022772182,
                        0.9995553030431292,
                        -1.9791920651205657
                    ],
                    [
                        0.0,
                        0.9306304898087202,
                        1.125165307953193,
                        0.9995553030431292,
                        2.1488202143719617,
                        -2.1806442555695034
                    ],
                    [
                        0.0,
                        -1.02275345054618,
                        -1.5677274394421525,
                        -1.9791920651205657,
                        -2.1806442555695034,
                        3.7787959471391814
                    ]
                ],
                "mui": [
                    1.0,
                    0.5707974039436714,
                    0.9852708828803098,
                    1.6713521167074648,
                    0.8615694007040567,
                    -1.619500426257332
                ],
                "Ai": [
                    [
                        0.0,
                        0.0,
                        0.0,
                        0.0,
                        0.0,
                        0.0
                    ],
                    [
                        0.5707974039436714,
                        0.0,
                        0.0,
                        0.0,
                        0.0,
                        0.0
                    ],
                    [
                        0.6212963498766545,
                        0.6376597554385055,
                        0.0,
                        0.0,
                        0.0,
                        0.0
                    ],
                    [
                        0.7960738540773047,
                        -0.0,
                        0.8883630662781783,
                        0.0,
                        0.0,
                        0.0
                    ],
                    [
                        0.0,
                        0.5915614843961192,
                        0.5317396974181477,
                        0.0,
                        0.0,
                        0.0
                    ],
                    [
                        0.0,
                        0.0,
                        0.0,
                        -0.5864809099292978,
                        -0.7419997919100543,
                        0.0
                    ]
                ]
            },
            "est_params": {
                "mui": [
                    0.9999992570069607,
                    0.5732754418610279,
                    0.9969581923110773,
                    1.7035632685905402,
                    0.822303492460924,
                    -1.5839972685732806
                ],
                "Si": [
                    [
                        1.008982683282198e-06,
                        2.8844857869879154e-07,
                        -1.7375959051586236e-06,
                        -1.0265257408876613e-06,
                        -7.378940330865142e-07,
                        1.6362244469209004e-06
                    ],
                    [
                        2.8844857869879164e-07,
                        1.0529068052485497,
                        0.6580387054548178,
                        0.5561598215713862,
                        0.980967339029501,
                        -1.0709634066362852
                    ],
                    [
                        -1.7375959051586236e-06,
                        0.6580387054548178,
                        1.3878798823166287,
                        1.2004988618419448,
                        1.1211443417661715,
                        -1.5908752796003365
                    ],
                    [
                        -1.026525740887661e-06,
                        0.5561598215713862,
                        1.2004988618419448,
                        2.0105175657379264,
                        1.0100756852861015,
                        -1.98344843270862
                    ],
                    [
                        -7.37894033086514e-07,
                        0.980967339029501,
                        1.121144341766171,
                        1.0100756852861015,
                        2.128969509577459,
                        -2.2268502816324527
                    ],
                    [
                        1.6362244469209002e-06,
                        -1.0709634066362852,
                        -1.5908752796003365,
                        -1.98344843270862,
                        -2.2268502816324527,
                        3.9068074744210404
                    ]
                ]
            },
            "est_tgt": [
                0
            ]
        },
        "1": {
            "intv_type": "do",
            "inode": 1,
            "new_mui": 1.0,
            "true_params": {
                "Si": [
                    [
                        1.0,
                        0.0,
                        0.6212963498766545,
                        1.3480105845211694,
                        0.3303679330904119,
                        -1.0357154118111405
                    ],
                    [
                        0.0,
                        0.0,
                        0.0,
                        0.0,
                        0.0,
                        0.0
                    ],
                    [
                        0.6212963498766545,
                        0.0,
                        1.3860091543700543,
                        1.7258771220362763,
                        0.7369960883635155,
                        -1.5590449291622455
                    ],
                    [
                        1.3480105845211694,
                        0.0,
                        1.7258771220362763,
                        3.6063214735082716,
                        0.9177173786524732,
                        -2.7959848032730727
                    ],
                    [
                        0.3303679330904119,
                        0.0,
                        0.7369960883635155,
                        0.9177173786524732,
                        1.3918900770247742,
                        -1.5710058708040844
                    ],
                    [
                        -1.0357154118111405,
                        0.0,
                        -1.5590449291622455,
                        -2.7959848032730727,
                        -1.5710058708040844,
                        3.8054777407981843
                    ]
                ],
                "mui": [
                    0.0,
                    1.0,
                    0.6376597554385055,
                    0.566473375583544,
                    0.9306304898087202,
                    -1.02275345054618
                ],
                "Ai": [
                    [
                        0.0,
                        0.0,
                        0.0,
                        0.0,
                        0.0,
                        0.0
                    ],
                    [
                        0.0,
                        0.0,
                        0.0,
                        0.0,
                        0.0,
                        0.0
                    ],
                    [
                        0.6212963498766545,
                        0.6376597554385055,
                        0.0,
                        0.0,
                        0.0,
                        0.0
                    ],
                    [
                        0.7960738540773047,
                        -0.0,
                        0.8883630662781783,
                        0.0,
                        0.0,
                        0.0
                    ],
                    [
                        0.0,
                        0.5915614843961192,
                        0.5317396974181477,
                        0.0,
                        0.0,
                        0.0
                    ],
                    [
                        0.0,
                        0.0,
                        0.0,
                        -0.5864809099292978,
                        -0.7419997919100543,
                        0.0
                    ]
                ]
            },
            "est_params": {
                "mui": [
                    -0.026488822097929583,
                    1.0000013116902633,
                    0.6161694305844747,
                    0.5402609396103544,
                    0.9065572945460011,
                    -0.9939763287958033
                ],
                "Si": [
                    [
                        0.9992822188595434,
                        -7.848452956864043e-07,
                        0.6008314880124074,
                        1.333460596018474,
                        0.31234337613702456,
                        -1.0431407018386651
                    ],
                    [
                        -7.848452956864042e-07,
                        1.0081912084709455e-06,
                        -8.542479327834092e-07,
                        -2.107501386328277e-07,
                        -4.741108890393213e-07,
                        2.1914386499143293e-07
                    ],
                    [
                        0.6008314880124074,
                        -8.542479327834092e-07,
                        1.3793969155898378,
                        1.7134467583680792,
                        0.6835267798621493,
                        -1.5284772561631488
                    ],
                    [
                        1.333460596018474,
                        -2.1075013863282756e-07,
                        1.7134467583680792,
                        3.5822434353102492,
                        0.8928889347869404,
                        -2.7931778398475764
                    ],
                    [
                        0.3123433761370246,
                        -4.741108890393214e-07,
                        0.6835267798621492,
                        0.8928889347869406,
                        1.3179331042966527,
                        -1.5349144437811504
                    ],
                    [
                        -1.0431407018386651,
                        2.1914386499143285e-07,
                        -1.5284772561631488,
                        -2.7931778398475764,
                        -1.5349144437811502,
                        3.7778180842842533
                    ]
                ]
            },
            "est_tgt": [
                1,
                2,
                3
            ]
        },
        "2": {
            "intv_type": "do",
            "inode": 2,
            "new_mui": 1.0,
            "true_params": {
                "Si": [
                    [
                        1.0,
                        0.5707974039436714,
                        0.0,
                        0.7960738540773047,
                        0.3376617595663695,
                        -0.7174270736444096
                    ],
                    [
                        0.5707974039436714,
                        1.3258096763488347,
                        0.0,
                        0.45439688925475863,
                        0.7842979401676551,
                        -0.8484440094790575
                    ],
                    [
                        0.0,
                        0.0,
                        0.0,
                        0.0,
                        0.0,
                        0.0
                    ],
                    [
                        0.7960738540773047,
                        0.45439688925475863,
                        0.0,
                        1.6337335811454938,
                        0.268803698312524,
                        -1.1576058454648053
                    ],
                    [
                        0.3376617595663695,
                        0.7842979401676551,
                        0.0,
                        0.268803698312524,
                        1.4639604536943969,
                        -1.2439065895844805
                    ],
                    [
                        -0.7174270736444096,
                        -0.8484440094790575,
                        0.0,
                        -1.1576058454648053,
                        -1.2439065895844805,
                        2.601892160214903
                    ]
                ],
                "mui": [
                    0.0,
                    0.0,
                    1.0,
                    0.8883630662781783,
                    0.5317396974181477,
                    -0.9155587242929879
                ],
                "Ai": [
                    [
                        0.0,
                        0.0,
                        0.0,
                        0.0,
                        0.0,
                        0.0
                    ],
                    [
                        0.5707974039436714,
                        0.0,
                        0.0,
                        0.0,
                        0.0,
                        0.0
                    ],
                    [
                        0.0,
                        0.0,
                        0.0,
                        0.0,
                        0.0,
                        0.0
                    ],
                    [
                        0.7960738540773047,
                        -0.0,
                        0.8883630662781783,
                        0.0,
                        0.0,
                        0.0
                    ],
                    [
                        0.0,
                        0.5915614843961192,
                        0.5317396974181477,
                        0.0,
                        0.0,
                        0.0
                    ],
                    [
                        0.0,
                        0.0,
                        0.0,
                        -0.5864809099292978,
                        -0.7419997919100543,
                        0.0
                    ]
                ]
            },
            "est_params": {
                "mui": [
                    -0.008610934465915458,
                    -0.015420577541452365,
                    0.9999997909820708,
                    0.8714920901414747,
                    0.5087071526060306,
                    -0.8945601740838837
                ],
                "Si": [
                    [
                        0.9802128537430604,
                        0.601481423890484,
                        -7.134219212819646e-07,
                        0.7837112603545683,
                        0.337626986929241,
                        -0.6989738285144608
                    ],
                    [
                        0.601481423890484,
                        1.3938990661933388,
                        -7.139022265841433e-07,
                        0.47324404534228487,
                        0.8027469729624211,
                        -0.8715826896688667
                    ],
                    [
                        -7.134219212819646e-07,
                        -7.139022265841433e-07,
                        1.0033423327084465e-06,
                        2.3902182985467646e-07,
                        7.235060826823346e-07,
                        -6.032438640779391e-07
                    ],
                    [
                        0.7837112603545683,
                        0.4732440453422849,
                        2.3902182985467636e-07,
                        1.6432949055685042,
                        0.304551502284818,
                        -1.1985552674511293
                    ],
                    [
                        0.337626986929241,
                        0.8027469729624211,
                        7.235060826823346e-07,
                        0.304551502284818,
                        1.465306941991255,
                        -1.2686018099433254
                    ],
                    [
                        -0.6989738285144608,
                        -0.8715826896688668,
                        -6.032438640779392e-07,
                        -1.1985552674511293,
                        -1.2686018099433254,
                        2.612927113057319
                    ]
                ]
            },
            "est_tgt": [
                1,
                2,
                3
            ]
        },
        "3": {
            "intv_type": "do",
            "inode": 3,
            "new_mui": 1.0,
            "true_params": {
                "Si": [
                    [
                        1.0,
                        0.5707974039436714,
                        0.9852708828803098,
                        0.0,
                        0.8615694007040567,
                        -0.6392843160384802
                    ],
                    [
                        0.5707974039436714,
                        1.3258096763488347,
                        1.2000498175678755,
                        0.0,
                        1.4224120670479006,
                        -1.0554294577598924
                    ],
                    [
                        0.9852708828803098,
                        1.2000498175678755,
                        2.37736867635764,
                        0.0,
                        1.9740445520475385,
                        -1.4647406468404498
                    ],
                    [
                        0.0,
                        0.0,
                        0.0,
                        0.0,
                        0.0,
                        0.0
                    ],
                    [
                        0.8615694007040567,
                        1.4224120670479006,
                        1.9740445520475385,
                        0.0,
                        2.8911220466015095,
                        -2.14521195696489
                    ],
                    [
                        -0.6392843160384802,
                        -1.0554294577598924,
                        -1.4647406468404498,
                        0.0,
                        -2.14521195696489,
                        2.591746825670909
                    ]
                ],
                "mui": [
                    0.0,
                    0.0,
                    0.0,
                    1.0,
                    0.0,
                    -0.5864809099292978
                ],
                "Ai": [
                    [
                        0.0,
                        0.0,
                        0.0,
                        0.0,
                        0.0,
                        0.0
                    ],
                    [
                        0.5707974039436714,
                        0.0,
                        0.0,
                        0.0,
                        0.0,
                        0.0
                    ],
                    [
                        0.6212963498766545,
                        0.6376597554385055,
                        0.0,
                        0.0,
                        0.0,
                        0.0
                    ],
                    [
                        0.0,
                        0.0,
                        0.0,
                        0.0,
                        0.0,
                        0.0
                    ],
                    [
                        0.0,
                        0.5915614843961192,
                        0.5317396974181477,
                        0.0,
                        0.0,
                        0.0
                    ],
                    [
                        0.0,
                        0.0,
                        0.0,
                        -0.5864809099292978,
                        -0.7419997919100543,
                        0.0
                    ]
                ]
            },
            "est_params": {
                "mui": [
                    -0.010053528079312176,
                    0.046801026803603665,
                    -0.0013440326007476962,
                    1.0000011023214446,
                    0.04498902458134492,
                    -0.6190855401391212
                ],
                "Si": [
                    [
                        1.0085530984834548,
                        0.5936375457866983,
                        0.9939348055690731,
                        7.11919515449288e-07,
                        0.8963687329657475,
                        -0.6880225617156976
                    ],
                    [
                        0.5936375457866983,
                        1.3720555443859748,
                        1.2295115307182465,
                        3.706081817597928e-07,
                        1.498326321357744,
                        -1.128234094357427
                    ],
                    [
                        0.9939348055690731,
                        1.2295115307182463,
                        2.38978723847823,
                        1.0793358575630048e-07,
                        2.007494937065783,
                        -1.5242445772363076
                    ],
                    [
                        7.11919515449288e-07,
                        3.706081817597928e-07,
                        1.079335857563003e-07,
                        1.0045032607296014e-06,
                        6.550725673997144e-07,
                        1.1322019498065928e-06
                    ],
                    [
                        0.8963687329657475,
                        1.498326321357744,
                        2.007494937065783,
                        6.550725673997144e-07,
                        2.9627670612578085,
                        -2.2025827684390733
                    ],
                    [
                        -0.6880225617156978,
                        -1.128234094357427,
                        -1.5242445772363076,
                        1.1322019498065928e-06,
                        -2.2025827684390733,
                        2.6199468746113266
                    ]
                ]
            },
            "est_tgt": [
                2,
                3
            ]
        },
        "4": {
            "intv_type": "do",
            "inode": 4,
            "new_mui": 1.0,
            "true_params": {
                "Si": [
                    [
                        1.0,
                        0.5707974039436714,
                        0.9852708828803098,
                        1.6713521167074648,
                        0.0,
                        -0.9802161102188519
                    ],
                    [
                        0.5707974039436714,
                        1.3258096763488347,
                        1.2000498175678755,
                        1.520476824875925,
                        0.0,
                        -0.8917306317796421
                    ],
                    [
                        0.9852708828803098,
                        1.2000498175678755,
                        2.37736867635764,
                        2.8963149160474444,
                        0.0,
                        -1.6986334074053029
                    ],
                    [
                        1.6713521167074648,
                        1.520476824875925,
                        2.8963149160474444,
                        4.903498920794704,
                        0.0,
                        -2.875808508905008
                    ],
                    [
                        0.0,
                        0.0,
                        0.0,
                        0.0,
                        0.0,
                        0.0
                    ],
                    [
                        -0.9802161102188519,
                        -0.8917306317796421,
                        -1.6986334074053029,
                        -2.875808508905008,
                        0.0,
                        2.686606791085026
                    ]
                ],
                "mui": [
                    0.0,
                    0.0,
                    0.0,
                    0.0,
                    1.0,
                    -0.7419997919100543
                ],
                "Ai": [
                    [
                        0.0,
                        0.0,
                        0.0,
                        0.0,
                        0.0,
                        0.0
                    ],
                    [
                        0.5707974039436714,
                        0.0,
                        0.0,
                        0.0,
                        0.0,
                        0.0
                    ],
                    [
                        0.6212963498766545,
                        0.6376597554385055,
                        0.0,
                        0.0,
                        0.0,
                        0.0
                    ],
                    [
                        0.7960738540773047,
                        -0.0,
                        0.8883630662781783,
                        0.0,
                        0.0,
                        0.0
                    ],
                    [
                        0.0,
                        0.0,
                        0.0,
                        0.0,
                        0.0,
                        0.0
                    ],
                    [
                        0.0,
                        0.0,
                        0.0,
                        -0.5864809099292978,
                        -0.7419997919100543,
                        0.0
                    ]
                ]
            },
            "est_params": {
                "mui": [
                    0.02693359855067217,
                    -0.0042895931678036585,
                    0.04949955799567215,
                    0.06683438511507535,
                    1.0000008020417726,
                    -0.7613839297348421
                ],
                "Si": [
                    [
                        0.9701317451844708,
                        0.5497043724593077,
                        0.9355126586633383,
                        1.615473587667035,
                        -5.754942816391831e-07,
                        -0.9391962637856192
                    ],
                    [
                        0.5497043724593077,
                        1.348885425527588,
                        1.2109490908159792,
                        1.4876980823237926,
                        3.2497253529986355e-07,
                        -0.8700420983306064
                    ],
                    [
                        0.9355126586633383,
                        1.2109490908159792,
                        2.3355186077969043,
                        2.8235466290013043,
                        -6.239423788539517e-07,
                        -1.6634215325854944
                    ],
                    [
                        1.615473587667035,
                        1.4876980823237926,
                        2.8235466290013043,
                        4.798327049927419,
                        -8.024573803442837e-07,
                        -2.8067084450902704
                    ],
                    [
                        -5.754942816391832e-07,
                        3.2497253529986355e-07,
                        -6.239423788539521e-07,
                        -8.024573803442836e-07,
                        1.0029753902208588e-06,
                        -5.268870931857506e-07
                    ],
                    [
                        -0.9391962637856192,
                        -0.8700420983306063,
                        -1.6634215325854944,
                        -2.8067084450902704,
                        -5.268870931857504e-07,
                        2.6459677016423284
                    ]
                ]
            },
            "est_tgt": [
                4
            ]
        },
        "5": {
            "intv_type": "do",
            "inode": 5,
            "new_mui": 1.0,
            "true_params": {
                "Si": [
                    [
                        1.0,
                        0.5707974039436714,
                        0.9852708828803098,
                        1.6713521167074648,
                        0.8615694007040567,
                        0.0
                    ],
                    [
                        0.5707974039436714,
                        1.3258096763488347,
                        1.2000498175678755,
                        1.520476824875925,
                        1.4224120670479006,
                        0.0
                    ],
                    [
                        0.9852708828803098,
                        1.2000498175678755,
                        2.37736867635764,
                        2.8963149160474444,
                        1.9740445520475385,
                        0.0
                    ],
                    [
                        1.6713521167074648,
                        1.520476824875925,
                        2.8963149160474444,
                        4.903498920794704,
                        2.4395411446002364,
                        0.0
                    ],
                    [
                        0.8615694007040567,
                        1.4224120670479006,
                        1.9740445520475385,
                        2.4395411446002364,
                        2.8911220466015095,
                        0.0
                    ],
                    [
                        0.0,
                        0.0,
                        0.0,
                        0.0,
                        0.0,
                        0.0
                    ]
                ],
                "mui": [
                    0.0,
                    0.0,
                    0.0,
                    0.0,
                    0.0,
                    1.0
                ],
                "Ai": [
                    [
                        0.0,
                        0.0,
                        0.0,
                        0.0,
                        0.0,
                        0.0
                    ],
                    [
                        0.5707974039436714,
                        0.0,
                        0.0,
                        0.0,
                        0.0,
                        0.0
                    ],
                    [
                        0.6212963498766545,
                        0.6376597554385055,
                        0.0,
                        0.0,
                        0.0,
                        0.0
                    ],
                    [
                        0.7960738540773047,
                        -0.0,
                        0.8883630662781783,
                        0.0,
                        0.0,
                        0.0
                    ],
                    [
                        0.0,
                        0.5915614843961192,
                        0.5317396974181477,
                        0.0,
                        0.0,
                        0.0
                    ],
                    [
                        0.0,
                        0.0,
                        0.0,
                        0.0,
                        0.0,
                        0.0
                    ]
                ]
            },
            "est_params": {
                "mui": [
                    0.0054937506230768665,
                    -0.0035902855865793675,
                    0.03744426036137668,
                    0.01912857773608428,
                    0.02390729591846369,
                    0.9999996715335443
                ],
                "Si": [
                    [
                        1.0300092647655326,
                        0.5895681061896354,
                        1.0012606385840983,
                        1.6783087141382156,
                        0.8781210397479899,
                        -5.56233652049895e-07
                    ],
                    [
                        0.5895681061896354,
                        1.3526261533110722,
                        1.1993666030492511,
                        1.5201755363099445,
                        1.4642961576611395,
                        -1.4670824861136235e-07
                    ],
                    [
                        1.0012606385840983,
                        1.1993666030492511,
                        2.353773347594303,
                        2.8880780604458085,
                        1.9574221903549653,
                        -1.4531829855442896e-07
                    ],
                    [
                        1.6783087141382154,
                        1.5201755363099445,
                        2.8880780604458085,
                        4.854246410669293,
                        2.4129831825007946,
                        -5.690453041651435e-07
                    ],
                    [
                        0.8781210397479899,
                        1.4642961576611395,
                        1.9574221903549653,
                        2.4129831825007946,
                        2.8617044955835493,
                        2.340132537885573e-07
                    ],
                    [
                        -5.56233652049895e-07,
                        -1.4670824861136235e-07,
                        -1.4531829855442894e-07,
                        -5.690453041651434e-07,
                        2.340132537885573e-07,
                        1.0010645105667348e-06
                    ]
                ]
            },
            "est_tgt": [
                5
            ]
        },
        "obs": {
            "intv_type": "obs",
            "true_params": {
                "Si": [
                    [
                        1.0,
                        0.5707974039436714,
                        0.9852708828803098,
                        1.6713521167074648,
                        0.8615694007040567,
                        -1.619500426257332
                    ],
                    [
                        0.5707974039436714,
                        1.3258096763488347,
                        1.2000498175678755,
                        1.520476824875925,
                        1.4224120670479006,
                        -1.9471600895395342
                    ],
                    [
                        0.9852708828803098,
                        1.2000498175678755,
                        2.37736867635764,
                        2.8963149160474444,
                        1.9740445520475385,
                        -3.163374054245752
                    ],
                    [
                        1.6713521167074648,
                        1.520476824875925,
                        2.8963149160474444,
                        4.903498920794704,
                        2.4395411446002364,
                        -4.685947530554399
                    ],
                    [
                        0.8615694007040567,
                        1.4224120670479006,
                        1.9740445520475385,
                        2.4395411446002364,
                        2.8911220466015095,
                        -3.575956267259997
                    ],
                    [
                        -1.619500426257332,
                        -1.9471600895395342,
                        -3.163374054245752,
                        -4.685947530554399,
                        -3.575956267259997,
                        6.401577577786862
                    ]
                ],
                "mui": [
                    0.0,
                    0.0,
                    0.0,
                    0.0,
                    0.0,
                    0.0
                ],
                "Ai": [
                    [
                        0.0,
                        0.0,
                        0.0,
                        0.0,
                        0.0,
                        0.0
                    ],
                    [
                        0.5707974039436714,
                        0.0,
                        0.0,
                        0.0,
                        0.0,
                        0.0
                    ],
                    [
                        0.6212963498766545,
                        0.6376597554385055,
                        0.0,
                        0.0,
                        0.0,
                        0.0
                    ],
                    [
                        0.7960738540773047,
                        -0.0,
                        0.8883630662781783,
                        0.0,
                        0.0,
                        0.0
                    ],
                    [
                        0.0,
                        0.5915614843961192,
                        0.5317396974181477,
                        0.0,
                        0.0,
                        0.0
                    ],
                    [
                        0.0,
                        0.0,
                        0.0,
                        -0.5864809099292978,
                        -0.7419997919100543,
                        0.0
                    ]
                ]
            },
            "est_params": {
                "mui": [
                    -0.03011986170217504,
                    -0.020631389262999553,
                    -0.06135339872990199,
                    -0.06911249025323438,
                    -0.054883171482020744,
                    0.1040980108749378
                ],
                "Si": [
                    [
                        1.0063526635535607,
                        0.5175116646277252,
