{
    "expt_args": {
        "save_dir": "expt_logs_29.04.24-11",
        "exp_name": "165",
        "num_nodes": 8,
        "obs_noise_mean": 0.0,
        "obs_noise_var": 1.0,
        "max_edge_strength": 1.0,
        "num_parents": 2,
        "new_noise_mean": 1.0,
        "mix_samples": 32768,
        "stage2_samples": 32768,
        "intv_targets": [
            0,
            1,
            2,
            3,
            4,
            5,
            6,
            7
        ]
    },
    "intv_args_dict": {
        "0": {
            "intv_type": "do",
            "inode": 0,
            "new_mui": 1.0,
            "true_params": {
                "Si": [
                    [
                        0.0,
                        0.0,
                        0.0,
                        0.0,
                        0.0,
                        0.0,
                        0.0,
                        0.0
                    ],
                    [
                        0.0,
                        1.0,
                        -0.7079707602629942,
                        -0.6193473125242908,
                        0.713039519075503,
                        0.6055381953648963,
                        -0.27639483290180533,
                        -0.23287247281766438
                    ],
                    [
                        0.0,
                        -0.7079707602629942,
                        1.501222597387362,
                        -0.0821958316454457,
                        -0.5048111304174436,
                        -0.42870333654076714,
                        -0.31875531807246715,
                        0.1648669016250453
                    ],
                    [
                        0.0,
                        -0.6193473125242908,
                        -0.0821958316454457,
                        1.6546941941270958,
                        -0.44161910986302555,
                        -0.37503845393005747,
                        0.43903804363735643,
                        0.1442289402005064
                    ],
                    [
                        0.0,
                        0.713039519075503,
                        -0.5048111304174436,
                        -0.44161910986302555,
                        1.5084253557634246,
                        1.2810077749350044,
                        -1.0954873245861305,
                        0.39825849885614395
                    ],
                    [
                        0.0,
                        0.6055381953648963,
                        -0.42870333654076714,
                        -0.37503845393005747,
                        1.2810077749350044,
                        2.087876780361743,
                        -0.9303263000556935,
                        0.33821510061428406
                    ],
                    [
                        0.0,
                        -0.27639483290180533,
                        -0.31875531807246715,
                        0.43903804363735643,
                        -1.0954873245861305,
                        -0.9303263000556935,
                        2.148172177085666,
                        -0.44261144567022764
                    ],
                    [
                        0.0,
                        -0.23287247281766438,
                        0.1648669016250453,
                        0.1442289402005064,
                        0.39825849885614395,
                        0.33821510061428406,
                        -0.44261144567022764,
                        1.3726705961591024
                    ]
                ],
                "mui": [
                    1.0,
                    0.7939583282105476,
                    -1.3268824203148442,
                    -0.0935320222197038,
                    1.1919002849473879,
                    0.3812954826813676,
                    -0.38821695985450777,
                    0.16823832149129492
                ],
                "Ai": [
                    [
                        0.0,
                        0.0,
                        0.0,
                        0.0,
                        0.0,
                        0.0,
                        0.0,
                        0.0
                    ],
                    [
                        0.7939583282105476,
                        0.0,
                        0.0,
                        0.0,
                        0.0,
                        0.0,
                        0.0,
                        0.0
                    ],
                    [
                        -0.7647831390744868,
                        -0.7079707602629942,
                        0.0,
                        0.0,
                        0.0,
                        0.0,
                        0.0,
                        0.0
                    ],
                    [
                        0.0,
                        -0.9879704266130733,
                        -0.5206756193601101,
                        0.0,
                        0.0,
                        0.0,
                        0.0,
                        0.0
                    ],
                    [
                        0.6257766204341487,
                        0.713039519075503,
                        0.0,
                        0.0,
                        0.0,
                        0.0,
                        0.0,
                        0.0
                    ],
                    [
                        -0.6309080885003896,
                        0.0,
                        -0.0,
                        -0.0,
                        0.8492351113301708,
                        0.0,
                        0.0,
                        0.0
                    ],
                    [
                        -0.0,
                        0.0,
                        -0.5144347780547215,
                        -0.0,
                        -0.8984068858588732,
                        -0.0,
                        0.0,
                        0.0
                    ],
                    [
                        0.0,
                        -0.6352447911496104,
                        -0.0,
                        0.0,
                        0.5643057748799745,
                        -0.0,
                        -0.0,
                        0.0
                    ]
                ]
            },
            "est_params": {
                "mui": [
                    1.0000009394559715,
                    0.8071205921044147,
                    -1.329640242900519,
                    -0.122115099452368,
                    1.214243272727295,
                    0.39143303214048275,
                    -0.4512454898848357,
                    0.15669054667232987
                ],
                "Si": [
                    [
                        1.0128338755561557e-06,
                        9.104513520109166e-07,
                        2.640400031937141e-06,
                        -4.421769046906556e-06,
                        6.047360673822999e-08,
                        8.279017983117727e-07,
                        -3.2569168354736504e-07,
                        -1.0143428027669951e-06
                    ],
                    [
                        9.104513520109166e-07,
                        1.0336149877611944,
                        -0.7410060512864022,
                        -0.6274014082616766,
                        0.7118884812377128,
                        0.5870626570753026,
                        -0.24973548472347118,
                        -0.2583212070459156
                    ],
                    [
                        2.640400031937141e-06,
                        -0.7410060512864022,
                        1.5742197626030938,
                        -0.05569066318285466,
                        -0.5085420897084417,
                        -0.42802242164681265,
                        -0.39979543986413635,
                        0.21146376691352822
                    ],
                    [
                        -4.421769046906556e-06,
                        -0.6274014082616768,
                        -0.055690663182854684,
                        1.6398244298422082,
                        -0.43727474919086995,
                        -0.3474087337381794,
                        0.442770510591951,
                        0.16326531124713642
                    ],
                    [
                        6.047360673822999e-08,
                        0.7118884812377128,
                        -0.5085420897084417,
                        -0.43727474919087,
                        1.4430701432943382,
                        1.2103614222236416,
                        -1.0450146401346008,
                        0.3592889149952243
                    ],
                    [
                        8.279017983117727e-07,
                        0.5870626570753026,
                        -0.42802242164681265,
                        -0.3474087337381793,
                        1.2103614222236416,
                        2.0249119802797915,
                        -0.8725714165141055,
                        0.3099335951147624
                    ],
                    [
                        -3.2569168354736504e-07,
                        -0.24973548472347118,
                        -0.3997954398641365,
                        0.442770510591951,
                        -1.0450146401346008,
                        -0.8725714165141055,
                        2.1554802667203177,
                        -0.4343137352948367
                    ],
                    [
                        -1.0143428027669951e-06,
                        -0.2583212070459156,
                        0.21146376691352825,
                        0.16326531124713642,
                        0.3592889149952243,
                        0.3099335951147624,
                        -0.4343137352948368,
                        1.3382690266729362
                    ]
                ]
            },
            "est_tgt": [
                0
            ]
        },
        "1": {
            "intv_type": "do",
            "inode": 1,
            "new_mui": 1.0,
            "true_params": {
                "Si": [
                    [
                        1.0,
                        0.0,
                        -0.7647831390744868,
                        0.3982039346137776,
                        0.6257766204341487,
                        -0.09947661057817725,
                        -0.16877098039775684,
                        0.353129360695864
                    ],
                    [
                        0.0,
                        0.0,
                        0.0,
                        0.0,
                        0.0,
                        0.0,
                        0.0,
                        0.0
                    ],
                    [
                        -0.7647831390744868,
                        0.0,
                        1.5848932498126258,
                        -0.8252152744658466,
                        -0.4785834081350519,
                        0.0760780345024687,
                        -0.3853615778814463,
                        -0.27006738097234956
                    ],
                    [
                        0.3982039346137776,
                        0.0,
                        -0.8252152744658466,
                        1.4296694741379279,
                        0.2491867124461905,
                        -0.03961197773427271,
                        0.20064837824101137,
                        0.1406175008567409
                    ],
                    [
                        0.6257766204341487,
                        0.0,
                        -0.4785834081350519,
                        0.2491867124461905,
                        1.3915963786819847,
                        0.7869849741503152,
                        -1.0040198195995393,
                        0.7852858727923038
                    ],
                    [
                        -0.09947661057817725,
                        0.0,
                        0.0760780345024687,
                        -0.03961197773427271,
                        0.7869849741503152,
                        1.7310958703680899,
                        -0.7461699066382274,
                        0.4441001656567903
                    ],
                    [
                        -0.16877098039775684,
                        0.0,
                        -0.3853615778814463,
                        0.20064837824101137,
                        -1.0040198195995393,
                        -0.7461699066382274,
                        2.100261717255269,
                        -0.5665741822939703
                    ],
                    [
                        0.353129360695864,
                        0.0,
                        -0.27006738097234956,
                        0.1406175008567409,
                        0.7852858727923038,
                        0.4441001656567903,
                        -0.5665741822939703,
                        1.443141352948358
                    ]
                ],
                "mui": [
                    0.0,
                    1.0,
                    -0.7079707602629942,
                    -0.6193473125242908,
                    0.713039519075503,
                    0.6055381953648963,
                    -0.27639483290180533,
                    -0.23287247281766438
                ],
                "Ai": [
                    [
                        0.0,
                        0.0,
                        0.0,
                        0.0,
                        0.0,
                        0.0,
                        0.0,
                        0.0
                    ],
                    [
                        0.0,
                        0.0,
                        0.0,
                        0.0,
                        0.0,
                        0.0,
                        0.0,
                        0.0
                    ],
                    [
                        -0.7647831390744868,
                        -0.7079707602629942,
                        0.0,
                        0.0,
                        0.0,
                        0.0,
                        0.0,
                        0.0
                    ],
                    [
                        0.0,
                        -0.9879704266130733,
                        -0.5206756193601101,
                        0.0,
                        0.0,
                        0.0,
                        0.0,
                        0.0
                    ],
                    [
                        0.6257766204341487,
                        0.713039519075503,
                        0.0,
                        0.0,
                        0.0,
                        0.0,
                        0.0,
                        0.0
                    ],
                    [
                        -0.6309080885003896,
                        0.0,
                        -0.0,
                        -0.0,
                        0.8492351113301708,
                        0.0,
                        0.0,
                        0.0
                    ],
                    [
                        -0.0,
                        0.0,
                        -0.5144347780547215,
                        -0.0,
                        -0.8984068858588732,
                        -0.0,
                        0.0,
                        0.0
                    ],
                    [
                        0.0,
                        -0.6352447911496104,
                        -0.0,
                        0.0,
                        0.5643057748799745,
                        -0.0,
                        -0.0,
                        0.0
                    ]
                ]
            },
            "est_params": {
                "mui": [
                    -0.007512261146972941,
                    0.9999993498006217,
                    -0.7045650268535631,
                    -0.6056105617203824,
                    0.7137868317253436,
                    0.5842385967036774,
                    -0.276975348031983,
                    -0.21715952741753894
                ],
                "Si": [
                    [
                        0.9931063161617444,
                        -8.43871654546487e-07,
                        -0.7522159731800332,
                        0.39199539581043963,
                        0.59606739956296,
                        -0.13289847506534105,
                        -0.1716952755809068,
                        0.3460312590204816
                    ],
                    [
                        -8.438716545464867e-07,
                        1.0128835923483491e-06,
                        3.7200518543300786e-07,
                        -2.530850256112597e-06,
                        5.029249109204518e-07,
                        4.284169283555268e-06,
                        -2.2843857747882077e-06,
                        6.176390283664943e-07
                    ],
                    [
                        -0.7522159731800332,
                        3.720051854330081e-07,
                        1.5689398944591963,
                        -0.8188025220619004,
                        -0.44542709108418793,
                        0.10941940640686085,
                        -0.38209206710161786,
                        -0.2564549040396812
                    ],
                    [
                        0.3919953958104397,
                        -2.530850256112597e-06,
                        -0.8188025220619005,
                        1.373925139552025,
                        0.24892894648716002,
                        -0.038482611048572535,
                        0.20001127576883757,
                        0.13672263143714522
                    ],
                    [
                        0.59606739956296,
                        5.02924910920452e-07,
                        -0.44542709108418793,
                        0.24892894648716002,
                        1.3667304388141666,
                        0.7963829152127284,
                        -0.9987136560180614,
                        0.8010475846501329
                    ],
                    [
                        -0.13289847506534103,
                        4.284169283555268e-06,
                        0.10941940640686088,
                        -0.03848261104857253,
                        0.7963829152127284,
                        1.802962506740102,
                        -0.7624238448252686,
                        0.4680105136147516
                    ],
                    [
                        -0.17169527558090678,
                        -2.2843857747882077e-06,
                        -0.38209206710161786,
                        0.20001127576883757,
                        -0.9987136560180613,
                        -0.7624238448252686,
                        2.041964598326185,
                        -0.585698095974095
                    ],
                    [
                        0.3460312590204816,
                        6.176390283664945e-07,
                        -0.2564549040396812,
                        0.13672263143714522,
                        0.8010475846501329,
                        0.4680105136147516,
                        -0.5856980959740947,
                        1.474777456002068
                    ]
                ]
            },
            "est_tgt": [
                1
            ]
        },
        "2": {
            "intv_type": "do",
            "inode": 2,
            "new_mui": 1.0,
            "true_params": {
                "Si": [
                    [
                        1.0,
                        0.7939583282105476,
                        0.0,
                        -0.7844073482351772,
                        1.1919002849473879,
                        0.3812954826813676,
                        -1.0708114232538863,
                        0.16823832149129492
                    ],
                    [
                        0.7939583282105476,
                        1.6303698269348876,
                        0.0,
                        -1.6107571734539434,
                        1.6593586767060065,
                        0.9082709193488288,
                        -1.4907792612623438,
                        -0.09929825634548722
                    ],
                    [
                        0.0,
                        0.0,
                        0.0,
                        0.0,
                        0.0,
                        0.0,
                        0.0,
                        0.0
                    ],
                    [
                        -0.7844073482351772,
                        -1.6107571734539434,
                        0.0,
                        2.5913804518273604,
                        -1.639397299729338,
                        -0.8973448076693107,
                        1.4728458227352803,
                        0.09810374068358534
                    ],
                    [
                        1.1919002849473879,
                        1.6593586767060065,
                        0.0,
                        -1.639397299729338,
                        2.9290516450210893,
                        1.7354739693920782,
                        -2.631480166923206,
                        0.5987818021806885
                    ],
                    [
                        0.3812954826813676,
                        0.9082709193488288,
                        0.0,
                        -0.8973448076693107,
                        1.7354739693920782,
                        2.23326302547496,
                        -1.5591617643306743,
                        0.40236361261281045
                    ],
                    [
                        -1.0708114232538863,
                        -1.4907792612623438,
                        0.0,
                        1.4728458227352803,
                        -2.631480166923206,
                        -1.5591617643306743,
                        3.3641399019648657,
                        -0.5379496942061163
                    ],
                    [
                        0.16823832149129492,
                        -0.09929825634548722,
                        0.0,
                        0.09810374068358534,
                        0.5987818021806885,
                        0.40236361261281045,
                        -0.5379496942061163,
                        1.4009747289773107
                    ]
                ],
                "mui": [
                    0.0,
                    0.0,
                    1.0,
                    -0.5206756193601101,
                    0.0,
                    0.0,
                    -0.5144347780547215,
                    0.0
                ],
                "Ai": [
                    [
                        0.0,
                        0.0,
                        0.0,
                        0.0,
                        0.0,
                        0.0,
                        0.0,
                        0.0
                    ],
                    [
                        0.7939583282105476,
                        0.0,
                        0.0,
                        0.0,
                        0.0,
                        0.0,
                        0.0,
                        0.0
                    ],
                    [
                        0.0,
                        0.0,
                        0.0,
                        0.0,
                        0.0,
                        0.0,
                        0.0,
                        0.0
                    ],
                    [
                        0.0,
                        -0.9879704266130733,
                        -0.5206756193601101,
                        0.0,
                        0.0,
                        0.0,
                        0.0,
                        0.0
                    ],
                    [
                        0.6257766204341487,
                        0.713039519075503,
                        0.0,
                        0.0,
                        0.0,
                        0.0,
                        0.0,
                        0.0
                    ],
                    [
                        -0.6309080885003896,
                        0.0,
                        -0.0,
                        -0.0,
                        0.8492351113301708,
                        0.0,
                        0.0,
                        0.0
                    ],
                    [
                        -0.0,
                        0.0,
                        -0.5144347780547215,
                        -0.0,
                        -0.8984068858588732,
                        -0.0,
                        0.0,
                        0.0
                    ],
                    [
                        0.0,
                        -0.6352447911496104,
                        -0.0,
                        0.0,
                        0.5643057748799745,
                        -0.0,
                        -0.0,
                        0.0
                    ]
                ]
            },
            "est_params": {
                "mui": [
                    0.006562062662741316,
                    0.039926949749412556,
                    1.0000009741106872,
                    -0.6043412625859267,
                    0.02207247064343175,
                    0.01566262283191971,
                    -0.5075653717577838,
                    -0.016694037000830553
                ],
                "Si": [
                    [
                        0.9777763435605341,
                        0.7788778085251286,
                        -1.0484786059617525e-06,
                        -0.7780444651711953,
                        1.1800057255102665,
                        0.3965650480939878,
                        -1.0832475376076252,
                        0.16736597357827038
                    ],
                    [
                        0.7788778085251286,
                        1.6138764183480903,
                        -1.8653707938974882e-06,
                        -1.6234522253273875,
                        1.6311418334002634,
                        0.9092833098944355,
                        -1.4992720187995505,
                        -0.144510489487204
                    ],
                    [
                        -1.0484786059617525e-06,
                        -1.865370793897488e-06,
                        1.007472693803741e-06,
                        1.8476815128131944e-06,
                        -6.200012236142535e-07,
                        1.6799409910820954e-06,
                        1.2018201522958787e-07,
                        -3.463232962462368e-07
                    ],
                    [
                        -0.7780444651711952,
                        -1.623452225327388,
                        1.8476815128131942e-06,
                        2.63642980050301,
                        -1.6147802817260104,
                        -0.8992625242146677,
                        1.462843540249203,
                        0.16110033345915767
                    ],
                    [
                        1.1800057255102665,
                        1.6311418334002634,
                        -6.200012236142535e-07,
                        -1.6147802817260102,
                        2.8288598669181586,
                        1.7032914586185872,
                        -2.5636155187908822,
                        0.5280241748125961
                    ],
                    [
                        0.3965650480939878,
                        0.9092833098944358,
                        1.6799409910820954e-06,
                        -0.8992625242146677,
                        1.7032914586185874,
                        2.1779332227823094,
                        -1.517277369571043,
                        0.38153465845123674
                    ],
                    [
                        -1.0832475376076254,
                        -1.499272018799551,
                        1.2018201522958774e-07,
                        1.4628435402492028,
                        -2.5636155187908822,
                        -1.517277369571043,
                        3.3267161318188374,
                        -0.4555119491253447
                    ],
                    [
                        0.16736597357827038,
                        -0.144510489487204,
                        -3.463232962462368e-07,
                        0.16110033345915764,
                        0.5280241748125961,
                        0.38153465845123674,
                        -0.4555119491253447,
                        1.381618642473191
                    ]
                ]
            },
            "est_tgt": [
                2
            ]
        },
        "3": {
            "intv_type": "do",
            "inode": 3,
            "new_mui": 1.0,
            "true_params": {
                "Si": [
                    [
                        1.0,
                        0.7939583282105476,
                        -1.3268824203148442,
                        0.0,
                        1.1919002849473879,
                        0.3812954826813676,
                        -0.38821695985450777,
                        0.16823832149129492
                    ],
                    [
                        0.7939583282105476,
                        1.6303698269348876,
                        -1.7614601084281332,
                        0.0,
                        1.6593586767060065,
                        0.9082709193488288,
                        -0.5846229213308716,
                        -0.09929825634548722
                    ],
                    [
                        -1.3268824203148442,
                        -1.7614601084281332,
                        3.2618395547279406,
                        0.0,
                        -2.086322665282386,
                        -0.9346376094561368,
                        0.19636294122655285,
                        -0.058365569585030946
                    ],
                    [
                        0.0,
                        0.0,
                        0.0,
                        0.0,
                        0.0,
                        0.0,
                        0.0,
                        0.0
                    ],
                    [
                        1.1919002849473879,
                        1.6593586767060065,
                        -2.086322665282386,
                        0.0,
                        2.9290516450210893,
                        1.7354739693920782,
                        -1.558203229658127,
                        0.5987818021806885
                    ],
                    [
                        0.3812954826813676,
                        0.9082709193488288,
                        -0.9346376094561368,
                        0.0,
                        1.7354739693920782,
                        2.23326302547496,
                        -1.0783516731485112,
                        0.40236361261281045
                    ],
                    [
                        -0.38821695985450777,
                        -0.5846229213308716,
                        0.19636294122655285,
                        0.0,
                        -1.558203229658127,
                        -1.0783516731485112,
                        2.2988845850043425,
                        -0.5079244153706035
                    ],
                    [
                        0.16823832149129492,
                        -0.09929825634548722,
                        -0.058365569585030946,
                        0.0,
                        0.5987818021806885,
                        0.40236361261281045,
                        -0.5079244153706035,
                        1.4009747289773107
                    ]
                ],
                "mui": [
                    0.0,
                    0.0,
                    0.0,
                    1.0,
                    0.0,
                    0.0,
                    0.0,
                    0.0
                ],
                "Ai": [
                    [
                        0.0,
                        0.0,
                        0.0,
                        0.0,
                        0.0,
                        0.0,
                        0.0,
                        0.0
                    ],
                    [
                        0.7939583282105476,
                        0.0,
                        0.0,
                        0.0,
                        0.0,
                        0.0,
                        0.0,
                        0.0
                    ],
                    [
                        -0.7647831390744868,
                        -0.7079707602629942,
                        0.0,
                        0.0,
                        0.0,
                        0.0,
                        0.0,
                        0.0
                    ],
                    [
                        0.0,
                        0.0,
                        0.0,
                        0.0,
                        0.0,
                        0.0,
                        0.0,
                        0.0
                    ],
                    [
                        0.6257766204341487,
                        0.713039519075503,
                        0.0,
                        0.0,
                        0.0,
                        0.0,
                        0.0,
                        0.0
                    ],
                    [
                        -0.6309080885003896,
                        0.0,
                        -0.0,
                        -0.0,
                        0.8492351113301708,
                        0.0,
                        0.0,
                        0.0
                    ],
                    [
                        -0.0,
                        0.0,
                        -0.5144347780547215,
                        -0.0,
                        -0.8984068858588732,
                        -0.0,
                        0.0,
                        0.0
                    ],
                    [
                        0.0,
                        -0.6352447911496104,
                        -0.0,
                        0.0,
                        0.5643057748799745,
                        -0.0,
                        -0.0,
                        0.0
                    ]
                ]
            },
            "est_params": {
                "mui": [
                    0.004729214545598464,
                    -0.02735152231724422,
                    0.03339494662812163,
                    0.9999999827941793,
                    -0.0016443851123209487,
                    0.02517025841953516,
                    -0.023207070190220218,
                    -0.01277252866813624
                ],
                "Si": [
                    [
                        1.0195204839264296,
                        0.8060123715070353,
                        -1.356901975800233,
                        1.1182706919896672e-06,
                        1.214106363916034,
                        0.3918054720054231,
                        -0.3556958569395252,
                        0.17487918761202917
                    ],
                    [
                        0.8060123715070353,
                        1.6647154392558248,
                        -1.8094425039238673,
                        2.539413481928168e-06,
                        1.6789505975444516,
                        0.9196133003139698,
                        -0.5532757650942943,
                        -0.13599392390170933
                    ],
                    [
                        -1.356901975800233,
                        -1.8094425039238673,
                        3.3667603869235423,
                        -5.637440216740455e-06,
                        -2.1096262515440873,
                        -0.9430057734453483,
                        0.12401180191152211,
                        -0.033913752638358545
                    ],
                    [
                        1.1182706919896668e-06,
                        2.539413481928168e-06,
                        -5.637440216740456e-06,
                        1.0141396718351253e-06,
                        2.62984726823005e-06,
                        2.2105143815780587e-06,
                        -1.2287646259356866e-07,
                        6.508029690925644e-07
                    ],
                    [
                        1.214106363916034,
                        1.6789505975444516,
                        -2.1096262515440873,
                        2.62984726823005e-06,
                        2.9638106910288013,
                        1.7272586818271045,
                        -1.513107460867194,
                        0.5975129698285288
                    ],
                    [
                        0.39180547200542315,
                        0.9196133003139698,
                        -0.9430057734453483,
                        2.2105143815780587e-06,
                        1.7272586818271045,
                        2.189851785535882,
                        -1.0280499721686975,
                        0.38841722664826783
                    ],
                    [
                        -0.3556958569395252,
                        -0.5532757650942943,
                        0.12401180191152213,
                        -1.2287646259356853e-07,
                        -1.5131074608671935,
                        -1.0280499721686973,
                        2.2401821732976175,
                        -0.5059076669622256
                    ],
                    [
                        0.17487918761202917,
                        -0.13599392390170933,
                        -0.03391375263835854,
                        6.508029690925647e-07,
                        0.5975129698285288,
                        0.38841722664826783,
                        -0.5059076669622256,
                        1.4312951331781245
                    ]
                ]
            },
            "est_tgt": [
                3
            ]
        },
        "4": {
            "intv_type": "do",
            "inode": 4,
            "new_mui": 1.0,
            "true_params": {
                "Si": [
                    [
                        1.0,
                        0.7939583282105476,
                        -1.3268824203148442,
                        -0.0935320222197038,
                        0.0,
                        -0.6309080885003896,
                        0.6825944633993786,
                        -0.5043578923856031
                    ],
                    [
                        0.7939583282105476,
                        1.6303698269348876,
                        -1.7614601084281332,
                        -0.6936078405199986,
                        0.0,
                        -0.5009147312002815,
                        0.9061563399314723,
