{
    "expt_args": {
        "save_dir": "expt_logs_29.04.24-11",
        "exp_name": "211",
        "num_nodes": 8,
        "obs_noise_mean": 0.0,
        "obs_noise_var": 1.0,
        "max_edge_strength": 1.0,
        "num_parents": 2,
        "new_noise_mean": 1.0,
        "mix_samples": 8192,
        "stage2_samples": 8192,
        "intv_targets": [
            0,
            1,
            2,
            3,
            4,
            5,
            6,
            7
        ]
    },
    "intv_args_dict": {
        "0": {
            "intv_type": "do",
            "inode": 0,
            "new_mui": 1.0,
            "true_params": {
                "Si": [
                    [
                        0.0,
                        0.0,
                        0.0,
                        0.0,
                        0.0,
                        0.0,
                        0.0,
                        0.0
                    ],
                    [
                        0.0,
                        1.0,
                        -0.5653918476407483,
                        -0.5360445097110731,
                        0.246374937365322,
                        -0.03138356444798183,
                        0.40360961492211134,
                        0.8284220616318481
                    ],
                    [
                        0.0,
                        -0.5653918476407483,
                        1.3196679413786192,
                        -0.3026489538059763,
                        -0.5096839162094597,
                        -0.8391744347814697,
                        0.22787665107893681,
                        -0.4683830800523885
                    ],
                    [
                        0.0,
                        -0.5360445097110731,
                        -0.3026489538059763,
                        1.654245461762714,
                        0.7037591264469405,
                        0.5358791845347208,
                        -1.2455483858393994,
                        -0.44407109786128035
                    ],
                    [
                        0.0,
                        0.246374937365322,
                        -0.5096839162094597,
                        0.7037591264469405,
                        1.5717884584985604,
                        0.3096580735852077,
                        -0.529888740351562,
                        0.2041024335465975
                    ],
                    [
                        0.0,
                        -0.03138356444798183,
                        -0.8391744347814697,
                        0.5358791845347208,
                        0.3096580735852077,
                        1.7352941516757086,
                        -0.40348513490309124,
                        -0.025998837161353077
                    ],
                    [
                        0.0,
                        0.40360961492211134,
                        0.22787665107893681,
                        -1.2455483858393994,
                        -0.529888740351562,
                        -0.40348513490309124,
                        1.9378238099042555,
                        0.3343591092882118
                    ],
                    [
                        0.0,
                        0.8284220616318481,
                        -0.4683830800523885,
                        -0.44407109786128035,
                        0.2041024335465975,
                        -0.025998837161353077,
                        0.3343591092882118,
                        1.6862831121983615
                    ]
                ],
                "mui": [
                    1.0,
                    0.8974595940681913,
                    -1.4047204028963782,
                    0.06244045348226479,
                    0.5534599975273555,
                    0.7407509240504332,
                    -0.5499656548913594,
                    0.07272814587852046
                ],
                "Ai": [
                    [
                        0.0,
                        0.0,
                        0.0,
                        0.0,
                        0.0,
                        0.0,
                        0.0,
                        0.0
                    ],
                    [
                        0.8974595940681913,
                        0.0,
                        0.0,
                        0.0,
                        0.0,
                        0.0,
                        0.0,
                        0.0
                    ],
                    [
                        -0.8973040648232474,
                        -0.5653918476407483,
                        0.0,
                        0.0,
                        0.0,
                        0.0,
                        0.0,
                        0.0
                    ],
                    [
                        -0.0,
                        -0.8785160057966235,
                        -0.605724149569199,
                        0.0,
                        0.0,
                        0.0,
                        0.0,
                        0.0
                    ],
                    [
                        0.0,
                        0.5741530732381941,
                        -0.0,
                        0.6114755956544426,
                        0.0,
                        0.0,
                        0.0,
                        0.0
                    ],
                    [
                        0.0,
                        -0.5158782680621672,
                        -0.8569184462702666,
                        -0.0,
                        0.0,
                        0.0,
                        0.0,
                        0.0
                    ],
                    [
                        -0.5029517093532874,
                        -0.0,
                        -0.0,
                        -0.7529404883554467,
                        -0.0,
                        0.0,
                        0.0,
                        0.0
                    ],
                    [
                        -0.6707471812707321,
                        0.8284220616318481,
                        -0.0,
                        -0.0,
                        -0.0,
                        0.0,
                        0.0,
                        0.0
                    ]
                ]
            },
            "est_params": {
                "mui": [
                    0.9999965632453554,
                    0.884106990810243,
                    -1.422130110466455,
                    0.08164244417706547,
                    0.5486109538667332,
                    0.7839827751299432,
                    -0.6175817959959418,
                    -0.0016410329817511521
                ],
                "Si": [
                    [
                        1.0252348604185374e-06,
                        9.430278987497917e-08,
                        8.389222971802437e-07,
                        -2.762352980508408e-06,
                        -8.168444023929697e-06,
                        3.128068736175568e-06,
                        7.93244281069905e-06,
                        4.032510970296768e-06
                    ],
                    [
                        9.430278987497917e-08,
                        1.0888140806264457,
                        -0.6038085659422269,
                        -0.6331458386982681,
                        0.21244460287903014,
                        -0.06303633238057012,
                        0.504751553245841,
                        0.8958455439532363
                    ],
                    [
                        8.389222971802438e-07,
                        -0.6038085659422269,
                        1.2976297250577198,
                        -0.23955241369188782,
                        -0.4590125090159336,
                        -0.7659974778019215,
                        0.1869500579372763,
                        -0.5547127188329983
                    ],
                    [
                        -2.762352980508409e-06,
                        -0.633145838698268,
                        -0.23955241369188782,
                        1.7005628713912189,
                        0.6813001818695049,
                        0.5391125078641364,
                        -1.3575175077535193,
                        -0.48020269911630536
                    ],
                    [
                        -8.168444023929697e-06,
                        0.21244460287903014,
                        -0.45901250901593355,
                        0.6813001818695049,
                        1.4661170265516188,
                        0.2764487115833131,
                        -0.5356214350888434,
                        0.19963026625573105
                    ],
                    [
                        3.1280687361755673e-06,
                        -0.06303633238057012,
                        -0.7659974778019214,
                        0.5391125078641364,
                        0.2764487115833131,
                        1.6640890601903617,
                        -0.43392984697052966,
                        -0.015712218257311544
                    ],
                    [
                        7.932442810699048e-06,
                        0.5047515532458409,
                        0.1869500579372763,
                        -1.3575175077535195,
                        -0.5356214350888434,
                        -0.43392984697052966,
                        2.1916267121763013,
                        0.3829340582993254
                    ],
                    [
                        4.032510970296767e-06,
                        0.8958455439532362,
                        -0.5547127188329983,
                        -0.48020269911630536,
                        0.19963026625573108,
                        -0.015712218257311564,
                        0.3829340582993254,
                        1.737454908897629
                    ]
                ]
            },
            "est_tgt": [
                0
            ]
        },
        "1": {
            "intv_type": "do",
            "inode": 1,
            "new_mui": 1.0,
            "true_params": {
                "Si": [
                    [
                        1.0,
                        0.0,
                        -0.8973040648232474,
                        0.5435187415700469,
                        0.3323484462508975,
                        0.7689164050603318,
                        -0.9121889760613763,
                        -0.6707471812707321
                    ],
                    [
                        0.0,
                        0.0,
                        0.0,
                        0.0,
                        0.0,
                        0.0,
                        0.0,
                        0.0
                    ],
                    [
                        -0.8973040648232474,
                        0.0,
                        1.8051545847483226,
                        -1.093425725687618,
                        -0.6686031469187275,
                        -1.5468702620401809,
                        1.274585113092149,
                        0.6018641722229635
                    ],
                    [
                        0.5435187415700469,
                        0.0,
                        -1.093425725687618,
                        1.6623143678092167,
                        1.016464668221079,
                        0.9369766739681725,
                        -1.52498747203675,
                        -0.3645636638759244
                    ],
                    [
                        0.3323484462508975,
                        0.0,
                        -0.6686031469187275,
                        1.016464668221079,
                        1.6215433384621796,
                        0.5729383698290068,
                        -0.9324926228292344,
                        -0.2229217835224969
                    ],
                    [
                        0.7689164050603318,
                        0.0,
                        -1.5468702620401809,
                        0.9369766739681725,
                        0.5729383698290068,
                        2.3255416615291518,
                        -1.0922154947501366,
                        -0.515748511327042
                    ],
                    [
                        -0.9121889760613763,
                        0.0,
                        1.274585113092149,
                        -1.52498747203675,
                        -0.9324926228292344,
                        -1.0922154947501366,
                        2.607011816694583,
                        0.6118481844794035
                    ],
                    [
                        -0.6707471812707321,
                        0.0,
                        0.6018641722229635,
                        -0.3645636638759244,
                        -0.2229217835224969,
                        -0.515748511327042,
                        0.6118481844794035,
                        1.4499017811826322
                    ]
                ],
                "mui": [
                    0.0,
                    1.0,
                    -0.5653918476407483,
                    -0.5360445097110731,
                    0.246374937365322,
                    -0.03138356444798183,
                    0.40360961492211134,
                    0.8284220616318481
                ],
                "Ai": [
                    [
                        0.0,
                        0.0,
                        0.0,
                        0.0,
                        0.0,
                        0.0,
                        0.0,
                        0.0
                    ],
                    [
                        0.0,
                        0.0,
                        0.0,
                        0.0,
                        0.0,
                        0.0,
                        0.0,
                        0.0
                    ],
                    [
                        -0.8973040648232474,
                        -0.5653918476407483,
                        0.0,
                        0.0,
                        0.0,
                        0.0,
                        0.0,
                        0.0
                    ],
                    [
                        -0.0,
                        -0.8785160057966235,
                        -0.605724149569199,
                        0.0,
                        0.0,
                        0.0,
                        0.0,
                        0.0
                    ],
                    [
                        0.0,
                        0.5741530732381941,
                        -0.0,
                        0.6114755956544426,
                        0.0,
                        0.0,
                        0.0,
                        0.0
                    ],
                    [
                        0.0,
                        -0.5158782680621672,
                        -0.8569184462702666,
                        -0.0,
                        0.0,
                        0.0,
                        0.0,
                        0.0
                    ],
                    [
                        -0.5029517093532874,
                        -0.0,
                        -0.0,
                        -0.7529404883554467,
                        -0.0,
                        0.0,
                        0.0,
                        0.0
                    ],
                    [
                        -0.6707471812707321,
                        0.8284220616318481,
                        -0.0,
                        -0.0,
                        -0.0,
                        0.0,
                        0.0,
                        0.0
                    ]
                ]
            },
            "est_params": {
                "mui": [
                    -0.015996047738879277,
                    1.0000002507297667,
                    -0.5424804721627419,
                    -0.5765913435739747,
                    0.18674628830826479,
                    -0.018328499658991266,
                    0.4229294812576746,
                    0.7900672405598034
                ],
                "Si": [
                    [
                        1.0275545517610083,
                        -1.620733079018785e-06,
                        -0.9304447071735805,
                        0.4993636192404153,
                        0.317706559703854,
                        0.8385118709186966,
                        -0.8785551914590173,
                        -0.6404285127335603
                    ],
                    [
                        -1.620733079018785e-06,
                        1.0238835252571318e-06,
                        -9.464847889317697e-08,
                        -2.376459760924071e-06,
                        -3.6888749745077747e-06,
                        -9.90427065766184e-06,
                        -4.981750607128792e-06,
                        -9.194520781357284e-07
                    ],
                    [
                        -0.9304447071735805,
                        -9.464847889317674e-08,
                        1.825109973560048,
                        -1.0668277500369356,
                        -0.7012668781228896,
                        -1.5847973587995585,
                        1.3129079416702678,
                        0.5864899635767168
                    ],
                    [
                        0.4993636192404153,
                        -2.3764597609240703e-06,
                        -1.0668277500369356,
                        1.7245193973910524,
                        1.121926191949317,
                        0.8888277405039942,
                        -1.5799556708075102,
                        -0.2907814009166069
                    ],
                    [
                        0.31770655970385403,
                        -3.688874974507774e-06,
                        -0.7012668781228896,
                        1.121926191949317,
                        1.7126423582086157,
                        0.6424052664318238,
                        -1.0426658276611513,
                        -0.1999575481334723
                    ],
                    [
                        0.8385118709186966,
                        -9.90427065766184e-06,
                        -1.5847973587995585,
                        0.8888277405039942,
                        0.6424052664318238,
                        2.2926750172256267,
                        -1.1142153114823135,
                        -0.560908848529083
                    ],
                    [
                        -0.8785551914590174,
                        -4.981750607128792e-06,
                        1.3129079416702676,
                        -1.5799556708075102,
                        -1.0426658276611516,
                        -1.1142153114823135,
                        2.644021391393999,
                        0.530679093009514
                    ],
                    [
                        -0.6404285127335603,
                        -9.194520781357284e-07,
                        0.5864899635767168,
                        -0.29078140091660687,
                        -0.1999575481334723,
                        -0.5609088485290831,
                        0.530679093009514,
                        1.4440229844474304
                    ]
                ]
            },
            "est_tgt": [
                1,
                7
            ]
        },
        "2": {
            "intv_type": "do",
            "inode": 2,
            "new_mui": 1.0,
            "true_params": {
                "Si": [
                    [
                        1.0,
                        0.8974595940681913,
                        0.0,
                        -0.7884326179446465,
                        0.033171879350259885,
                        -0.46297990104367415,
                        0.09069113103731807,
                        0.07272814587852046
                    ],
                    [
                        0.8974595940681913,
                        1.8054337229850428,
                        0.0,
                        -1.5861024230473473,
                        0.06673239667790522,
                        -0.9313840221145544,
                        0.7428618960789227,
                        0.8936926339093172
                    ],
                    [
                        0.0,
                        0.0,
                        0.0,
                        0.0,
                        0.0,
                        0.0,
                        0.0,
                        0.0
                    ],
                    [
                        -0.7884326179446465,
                        -1.5861024230473473,
                        0.0,
                        2.3934163654799017,
                        0.5528501170677335,
                        0.8182357709708723,
                        -1.4055565541572084,
                        -0.7851232831518774
                    ],
                    [
                        0.033171879350259885,
                        0.06673239667790522,
                        0.0,
                        0.5528501170677335,
                        1.3763689652787903,
                        -0.03442579322183526,
                        -0.43294709055401936,
                        0.033032645061904904
                    ],
                    [
                        -0.46297990104367415,
                        -0.9313840221145544,
                        0.0,
                        0.8182357709708723,
                        -0.03442579322183526,
                        1.4804807762292316,
                        -0.3832263083585723,
                        -0.461036608161055
                    ],
                    [
                        0.09069113103731807,
                        0.7428618960789227,
                        0.0,
                        -1.4055565541572084,
                        -0.43294709055401936,
                        -0.3832263083585723,
                        2.012687178919925,
                        0.5545723629479091
                    ],
                    [
                        0.07272814587852046,
                        0.8936926339093172,
                        0.0,
                        -0.7851232831518774,
                        0.033032645061904904,
                        -0.461036608161055,
                        0.5545723629479091,
                        1.6915724954012887
                    ]
                ],
                "mui": [
                    0.0,
                    0.0,
                    1.0,
                    -0.605724149569199,
                    -0.37038553516010664,
                    -0.8569184462702666,
                    0.4560742369853203,
                    0.0
                ],
                "Ai": [
                    [
                        0.0,
                        0.0,
                        0.0,
                        0.0,
                        0.0,
                        0.0,
                        0.0,
                        0.0
                    ],
                    [
                        0.8974595940681913,
                        0.0,
                        0.0,
                        0.0,
                        0.0,
                        0.0,
                        0.0,
                        0.0
                    ],
                    [
                        0.0,
                        0.0,
                        0.0,
                        0.0,
                        0.0,
                        0.0,
                        0.0,
                        0.0
                    ],
                    [
                        -0.0,
                        -0.8785160057966235,
                        -0.605724149569199,
                        0.0,
                        0.0,
                        0.0,
                        0.0,
                        0.0
                    ],
                    [
                        0.0,
                        0.5741530732381941,
                        -0.0,
                        0.6114755956544426,
                        0.0,
                        0.0,
                        0.0,
                        0.0
                    ],
                    [
                        0.0,
                        -0.5158782680621672,
                        -0.8569184462702666,
                        -0.0,
                        0.0,
                        0.0,
                        0.0,
                        0.0
                    ],
                    [
                        -0.5029517093532874,
                        -0.0,
                        -0.0,
                        -0.7529404883554467,
                        -0.0,
                        0.0,
                        0.0,
                        0.0
                    ],
                    [
                        -0.6707471812707321,
                        0.8284220616318481,
                        -0.0,
                        -0.0,
                        -0.0,
                        0.0,
                        0.0,
                        0.0
                    ]
                ]
            },
            "est_params": {
                "mui": [
                    -0.054558239503011745,
                    -0.06044351080655207,
                    0.9999986181509306,
                    -0.6355526239814735,
                    -0.4784243935409225,
                    -0.8055797637204666,
                    0.5163345411940378,
                    0.016785186613837502
                ],
                "Si": [
                    [
                        0.8979957103965842,
                        0.8075424445279414,
                        -6.560837451170977e-07,
                        -0.6639523144534227,
                        0.09331214544784165,
                        -0.4174180936792059,
                        -0.0006677279640079126,
                        0.0669586817699134
                    ],
                    [
                        0.8075424445279415,
                        1.727714618905762,
                        1.1455948719461953e-06,
                        -1.4793814560667407,
                        0.10079748776872935,
                        -0.8675976155236584,
                        0.626363025047674,
                        0.8308899681365192
                    ],
                    [
                        -6.560837451170977e-07,
                        1.1455948719461953e-06,
                        1.0054124719671447e-06,
                        2.418073593135988e-07,
                        2.1939822002763893e-06,
                        -4.1256304177187307e-07,
                        1.4597024469930472e-07,
                        1.7795937890879043e-06
                    ],
                    [
                        -0.6639523144534227,
                        -1.4793814560667407,
                        2.4180735931359867e-07,
                        2.3527848460365646,
                        0.5361882443788697,
                        0.758555538737671,
                        -1.3876013202682986,
                        -0.7497572729663552
                    ],
                    [
                        0.09331214544784165,
                        0.10079748776872931,
                        2.1939822002763893e-06,
                        0.5361882443788698,
                        1.3215288101602651,
                        -0.09963933864180033,
                        -0.4665854829944735,
                        0.050285067393058276
                    ],
                    [
                        -0.41741809367920585,
                        -0.8675976155236584,
                        -4.1256304177187307e-07,
                        0.758555538737671,
                        -0.09963933864180037,
                        1.4228933849556893,
                        -0.34777966242998853,
                        -0.41938706188733577
                    ],
                    [
                        -0.000667727964007895,
                        0.6263630250476742,
                        1.4597024469930472e-07,
                        -1.3876013202682986,
                        -0.4665854829944735,
                        -0.3477796624299885,
                        2.021935212106282,
                        0.506936171883409
                    ],
                    [
                        0.0669586817699134,
                        0.8308899681365192,
                        1.7795937890879043e-06,
                        -0.7497572729663552,
                        0.050285067393058276,
                        -0.41938706188733577,
                        0.5069361718834089,
                        1.6512572326993662
                    ]
                ]
            },
            "est_tgt": [
                2
            ]
        },
        "3": {
            "intv_type": "do",
            "inode": 3,
            "new_mui": 1.0,
            "true_params": {
                "Si": [
                    [
                        1.0,
                        0.8974595940681913,
                        -1.4047204028963782,
                        0.0,
                        0.5152791840413542,
                        0.7407509240504332,
                        -0.5029517093532874,
                        0.07272814587852046
                    ],
                    [
                        0.8974595940681913,
                        1.8054337229850428,
                        -1.826071650203438,
                        0.0,
                        1.0365953205797367,
                        0.6334104591559575,
                        -0.45137883691210423,
                        0.8936926339093172
                    ],
                    [
                        -1.4047204028963782,
                        -1.826071650203438,
                        3.2929073516919822,
                        0.0,
                        -1.0484446499174445,
                        -1.8797223712594586,
                        0.706506527800172,
                        -0.5705457904327703
                    ],
                    [
                        0.0,
                        0.0,
                        0.0,
                        0.0,
                        0.0,
                        0.0,
                        0.0,
                        0.0
                    ],
                    [
                        0.5152791840413542,
                        1.0365953205797367,
                        -1.0484446499174445,
                        0.0,
                        1.5951643890151868,
                        0.36367456174560864,
                        -0.25916054640776626,
                        0.5131163722893708
                    ],
                    [
                        0.7407509240504332,
                        0.6334104591559575,
                        -1.8797223712594586,
                        0.0,
                        0.36367456174560864,
                        2.284006083157279,
                        -0.37256194345619253,
                        0.027874604102635658
                    ],
                    [
                        -0.5029517093532874,
                        -0.45137883691210423,
                        0.706506527800172,
                        0.0,
                        -0.25916054640776626,
                        -0.37256194345619253,
                        1.2529604219413937,
                        -0.036578745287697105
                    ],
                    [
                        0.07272814587852046,
                        0.8936926339093172,
                        -0.5705457904327703,
                        0.0,
                        0.5131163722893708,
                        0.027874604102635658,
                        -0.036578745287697105,
                        1.6915724954012887
                    ]
                ],
                "mui": [
                    0.0,
                    0.0,
                    0.0,
                    1.0,
                    0.6114755956544426,
                    0.0,
                    -0.7529404883554467,
                    0.0
                ],
                "Ai": [
                    [
                        0.0,
                        0.0,
                        0.0,
                        0.0,
                        0.0,
                        0.0,
                        0.0,
                        0.0
                    ],
                    [
                        0.8974595940681913,
                        0.0,
                        0.0,
                        0.0,
                        0.0,
                        0.0,
                        0.0,
                        0.0
                    ],
                    [
                        -0.8973040648232474,
                        -0.5653918476407483,
                        0.0,
                        0.0,
                        0.0,
                        0.0,
                        0.0,
                        0.0
                    ],
                    [
                        0.0,
                        0.0,
                        0.0,
                        0.0,
                        0.0,
                        0.0,
                        0.0,
                        0.0
                    ],
                    [
                        0.0,
                        0.5741530732381941,
                        -0.0,
                        0.6114755956544426,
                        0.0,
                        0.0,
                        0.0,
                        0.0
                    ],
                    [
                        0.0,
                        -0.5158782680621672,
                        -0.8569184462702666,
                        -0.0,
                        0.0,
                        0.0,
                        0.0,
                        0.0
                    ],
                    [
                        -0.5029517093532874,
                        -0.0,
                        -0.0,
                        -0.7529404883554467,
                        -0.0,
                        0.0,
                        0.0,
                        0.0
                    ],
                    [
                        -0.6707471812707321,
                        0.8284220616318481,
                        -0.0,
                        -0.0,
                        -0.0,
                        0.0,
                        0.0,
                        0.0
                    ]
                ]
            },
            "est_params": {
                "mui": [
                    0.03168060972630215,
                    -0.01104658426057256,
                    0.008711458734839167,
                    0.9999996932277817,
                    0.5931339377448887,
                    -0.05565882898678508,
                    -0.7930572851628893,
                    -0.059562988610367226
                ],
                "Si": [
                    [
                        1.0304784316327396,
                        0.9408276647211127,
                        -1.4522580920781705,
                        9.884501636142153e-06,
                        0.5671578211597458,
                        0.7472531886936927,
                        -0.5022286003708277,
                        0.11111212572124102
                    ],
                    [
                        0.9408276647211127,
                        1.7996272430861957,
                        -1.7880646400096643,
                        9.964170888439451e-06,
                        1.0679829973552835,
                        0.6117764673091773,
                        -0.42296683950129077,
                        0.8554057503984589
                    ],
                    [
                        -1.4522580920781702,
                        -1.7880646400096643,
                        3.2724141258199,
                        -1.4241936357149784e-05,
                        -1.087615361943091,
                        -1.829494963296105,
                        0.7268056426777866,
                        -0.5646751410454949
                    ],
                    [
                        9.884501636142153e-06,
                        9.964170888439451e-06,
                        -1.4241936357149786e-05,
                        1.0278291711232227e-06,
                        2.890659360629396e-06,
                        1.0998162127796096e-05,
                        -1.0175130668068315e-05,
                        2.686592534281763e-06
                    ],
                    [
                        0.5671578211597458,
                        1.0679829973552835,
                        -1.0876153619430908,
                        2.8906593606293955e-06,
                        1.6165877973100597,
                        0.38961748631563137,
                        -0.2293710867755167,
                        0.48864182864757943
                    ],
                    [
                        0.7472531886936927,
                        0.6117764673091773,
                        -1.8294949632961048,
                        1.0998162127796096e-05,
                        0.38961748631563137,
                        2.2315320316545724,
                        -0.4367764601732093,
                        0.04082772981165776
                    ],
                    [
                        -0.5022286003708277,
                        -0.42296683950129077,
                        0.7268056426777866,
                        -1.0175130668068315e-05,
                        -0.2293710867755167,
                        -0.4367764601732094,
                        1.2129866294212013,
                        0.018022152277506157
                    ],
                    [
                        0.11111212572124105,
                        0.8554057503984589,
                        -0.5646751410454951,
                        2.6865925342817635e-06,
                        0.4886418286475794,
                        0.04082772981165776,
                        0.01802215227750615,
                        1.620592673962331
                    ]
                ]
            },
            "est_tgt": [
                3
            ]
        },
        "4": {
            "intv_type": "do",
            "inode": 4,
            "new_mui": 1.0,
            "true_params": {
                "Si": [
                    [
                        1.0,
                        0.8974595940681913,
                        -1.4047204028963782,
                        0.06244045348226479,
                        0.0,
                        0.7407509240504332,
                        -0.5499656548913594,
                        0.07272814587852046
                    ],
                    [
                        0.8974595940681913,
                        1.8054337229850428,
                        -1.826071650203438,
                        -0.48000672567544594,
                        0.0,
