{
    "expt_args": {
        "save_dir": "expt_logs_29.04.24-11",
        "exp_name": "77",
        "num_nodes": 4,
        "obs_noise_mean": 0.0,
        "obs_noise_var": 1.0,
        "max_edge_strength": 1.0,
        "num_parents": 2,
        "new_noise_mean": 1.0,
        "mix_samples": 32768,
        "stage2_samples": 32768,
        "intv_targets": [
            0,
            1,
            2,
            3
        ]
    },
    "intv_args_dict": {
        "0": {
            "intv_type": "do",
            "inode": 0,
            "new_mui": 1.0,
            "true_params": {
                "Si": [
                    [
                        0.0,
                        0.0,
                        0.0,
                        0.0
                    ],
                    [
                        0.0,
                        1.0,
                        -0.5450162122034425,
                        0.6907433671236278
                    ],
                    [
                        0.0,
                        -0.5450162122034425,
                        1.297042671564588,
                        -0.37646633355437154
                    ],
                    [
                        0.0,
                        0.6907433671236278,
                        -0.37646633355437154,
                        1.4771263992252868
                    ]
                ],
                "mui": [
                    1.0,
                    0.506409866680591,
                    0.6329633913158919,
                    -0.18365950093606243
                ],
                "Ai": [
                    [
                        0.0,
                        0.0,
                        0.0,
                        0.0
                    ],
                    [
                        0.506409866680591,
                        0.0,
                        0.0,
                        0.0
                    ],
                    [
                        0.9089649786765979,
                        -0.5450162122034425,
                        0.0,
                        0.0
                    ],
                    [
                        -0.5334587573916413,
                        0.6907433671236278,
                        -0.0,
                        0.0
                    ]
                ]
            },
            "est_params": {
                "mui": [
                    0.9999995454978262,
                    0.47332782075187546,
                    0.6511144056310905,
                    -0.20419536533737176
                ],
                "Si": [
                    [
                        1.0121318226154336e-06,
                        -1.4692419387739293e-06,
                        1.4571345568153005e-06,
                        1.8835565227957471e-06
                    ],
                    [
                        -1.469241938773929e-06,
                        1.0009007081376466,
                        -0.5421660002199512,
                        0.7086963586814227
                    ],
                    [
                        1.4571345568153001e-06,
                        -0.5421660002199512,
                        1.280501150416671,
                        -0.37627611506115544
                    ],
                    [
                        1.883556522795748e-06,
                        0.7086963586814227,
                        -0.37627611506115544,
                        1.5171312613004442
                    ]
                ]
            },
            "est_tgt": [
                0
            ]
        },
        "1": {
            "intv_type": "do",
            "inode": 1,
            "new_mui": 1.0,
            "true_params": {
                "Si": [
                    [
                        1.0,
                        0.0,
                        0.9089649786765979,
                        -0.5334587573916413
                    ],
                    [
                        0.0,
                        0.0,
                        0.0,
                        0.0
                    ],
                    [
                        0.9089649786765979,
                        0.0,
                        1.8262173324605482,
                        -0.4848953280373376
                    ],
                    [
                        -0.5334587573916413,
                        0.0,
                        -0.4848953280373376,
                        1.2845782458378339
                    ]
                ],
                "mui": [
                    0.0,
                    1.0,
                    -0.5450162122034425,
                    0.6907433671236278
                ],
                "Ai": [
                    [
                        0.0,
                        0.0,
                        0.0,
                        0.0
                    ],
                    [
                        0.0,
                        0.0,
                        0.0,
                        0.0
                    ],
                    [
                        0.9089649786765979,
                        -0.5450162122034425,
                        0.0,
                        0.0
                    ],
                    [
                        -0.5334587573916413,
                        0.6907433671236278,
                        -0.0,
                        0.0
                    ]
                ]
            },
            "est_params": {
                "mui": [
                    0.00944666045019205,
                    0.9999973888628426,
                    -0.5335407642591766,
                    0.6852897829515142
                ],
                "Si": [
                    [
                        1.0223513133037994,
                        6.69622177957428e-07,
                        0.9426317890123592,
                        -0.5526796866711233
                    ],
                    [
                        6.69622177957428e-07,
                        1.0149393887363725e-06,
                        6.775425080811015e-07,
                        -4.5779772155251586e-07
                    ],
                    [
                        0.9426317890123592,
                        6.775425080811015e-07,
                        1.8616334349619683,
                        -0.49823568693809644
                    ],
                    [
                        -0.5526796866711233,
                        -4.577977215525158e-07,
                        -0.49823568693809644,
                        1.317842344326498
                    ]
                ]
            },
            "est_tgt": [
                1
            ]
        },
        "2": {
            "intv_type": "do",
            "inode": 2,
            "new_mui": 1.0,
            "true_params": {
                "Si": [
                    [
                        1.0,
                        0.506409866680591,
                        0.0,
                        -0.18365950093606243
                    ],
                    [
                        0.506409866680591,
                        1.2564509530714538,
                        0.0,
                        0.5977363837399726
                    ],
                    [
                        0.0,
                        0.0,
                        0.0,
                        0.0
                    ],
                    [
                        -0.18365950093606243,
                        0.5977363837399726,
                        0.0,
                        1.5108572115093704
                    ]
                ],
                "mui": [
                    0.0,
                    0.0,
                    1.0,
                    0.0
                ],
                "Ai": [
                    [
                        0.0,
                        0.0,
                        0.0,
                        0.0
                    ],
                    [
                        0.506409866680591,
                        0.0,
                        0.0,
                        0.0
                    ],
                    [
                        0.0,
                        0.0,
                        0.0,
                        0.0
                    ],
                    [
                        -0.5334587573916413,
                        0.6907433671236278,
                        -0.0,
                        0.0
                    ]
                ]
            },
            "est_params": {
                "mui": [
                    -0.0011556351840030785,
                    0.007694739043053514,
                    1.0000000697881746,
                    -0.003908136476613785
                ],
                "Si": [
                    [
                        1.0263243008461713,
                        0.5394467357637633,
                        1.99928971151034e-06,
                        -0.17397931510220885
                    ],
                    [
                        0.5394467357637633,
                        1.280347126819145,
                        1.4205864057204156e-06,
                        0.5772023668219742
                    ],
                    [
                        1.99928971151034e-06,
                        1.4205864057204156e-06,
                        1.0069531768628263e-06,
                        3.6870587167375523e-07
                    ],
                    [
                        -0.17397931510220885,
                        0.5772023668219742,
                        3.6870587167375523e-07,
                        1.473419987265692
                    ]
                ]
            },
            "est_tgt": [
                2
            ]
        },
        "3": {
            "intv_type": "do",
            "inode": 3,
            "new_mui": 1.0,
            "true_params": {
                "Si": [
                    [
                        1.0,
                        0.506409866680591,
                        0.6329633913158919,
                        0.0
                    ],
                    [
                        0.506409866680591,
                        1.2564509530714538,
                        -0.224477305593467,
                        0.0
                    ],
                    [
                        0.6329633913158919,
                        -0.224477305593467,
                        1.6976853263107028,
                        0.0
                    ],
                    [
                        0.0,
                        0.0,
                        0.0,
                        0.0
                    ]
                ],
                "mui": [
                    0.0,
                    0.0,
                    0.0,
                    1.0
                ],
                "Ai": [
                    [
                        0.0,
                        0.0,
                        0.0,
                        0.0
                    ],
                    [
                        0.506409866680591,
                        0.0,
                        0.0,
                        0.0
                    ],
                    [
                        0.9089649786765979,
                        -0.5450162122034425,
                        0.0,
                        0.0
                    ],
                    [
                        0.0,
                        0.0,
                        0.0,
                        0.0
                    ]
                ]
            },
            "est_params": {
                "mui": [
                    -0.0020059443612454515,
                    0.010734606755871866,
                    -0.007424603733955016,
                    1.000000751157727
                ],
                "Si": [
                    [
                        0.9499734266310264,
                        0.4877076310515527,
                        0.5942228665659817,
                        5.48995789721084e-07
                    ],
                    [
                        0.4877076310515527,
                        1.268654226853664,
                        -0.25199987557902076,
                        3.9019256838256426e-07
                    ],
                    [
                        0.5942228665659817,
                        -0.25199987557902076,
                        1.6698193015484228,
                        1.2707735756177762e-06
                    ],
                    [
                        5.489957897210842e-07,
                        3.901925683825642e-07,
                        1.270773575617776e-06,
                        1.0085571443430637e-06
                    ]
                ]
            },
            "est_tgt": [
                3
            ]
        },
        "obs": {
            "intv_type": "obs",
            "true_params": {
                "Si": [
                    [
                        1.0,
                        0.506409866680591,
                        0.6329633913158919,
                        -0.18365950093606243
                    ],
                    [
                        0.506409866680591,
                        1.2564509530714538,
                        -0.224477305593467,
                        0.5977363837399726
                    ],
                    [
                        0.6329633913158919,
                        -0.224477305593467,
                        1.6976853263107028,
                        -0.49271607411424584
                    ],
                    [
                        -0.18365950093606243,
                        0.5977363837399726,
                        -0.49271607411424584,
                        1.5108572115093704
                    ]
                ],
                "mui": [
                    0.0,
                    0.0,
                    0.0,
                    0.0
                ],
                "Ai": [
                    [
                        0.0,
                        0.0,
                        0.0,
                        0.0
                    ],
                    [
                        0.506409866680591,
                        0.0,
                        0.0,
                        0.0
                    ],
                    [
                        0.9089649786765979,
                        -0.5450162122034425,
                        0.0,
                        0.0
                    ],
                    [
                        -0.5334587573916413,
                        0.6907433671236278,
                        -0.0,
                        0.0
                    ]
                ]
            },
            "est_params": {
                "mui": [
                    0.01836164341354474,
                    -0.02255242499777345,
                    0.04364166583117127,
                    -0.05289466938862878
                ],
                "Si": [
                    [
                        0.9968633043161907,
                        0.5211787713600265,
                        0.6434402165651627,
                        -0.17456171000884804
                    ],
                    [
                        0.5211787713600265,
                        1.2584822953797246,
                        -0.19602592108098812,
                        0.585819836726612
                    ],
                    [
                        0.6434402165651627,
                        -0.19602592108098812,
                        1.7162338287244472,
                        -0.4677207020293273
                    ],
                    [
                        -0.17456171000884804,
                        0.585819836726612,
                        -0.4677207020293273,
                        1.482269230056981
                    ]
                ]
            }
        }
    },
    "metric_dict": {
        "param_est_rel_err": 1.3173780351403614,
        "est_dag": {
            "amat": [
                [
                    0,
                    1,
                    1,
                    1
                ],
                [
                    0,
                    0,
                    1,
                    1
                ],
                [
                    0,
                    0,
                    0,
                    0
                ],
                [
                    0,
                    0,
                    0,
                    0
                ]
            ],
            "nodes": [
                0,
                1,
                2,
                3
            ]
        },
        "act_dag": {
            "amat": [
                [
                    0,
                    1,
                    1,
                    1
                ],
                [
                    0,
                    0,
                    1,
                    1
                ],
                [
                    0,
                    0,
                    0,
                    0
                ],
                [
                    0,
                    0,
                    0,
                    0
                ]
            ],
            "nodes": [
                0,
                1,
                2,
                3
            ]
        },
        "shd": 0,
        "avg_js": 1.0
    }
}