{
    "expt_args": {
        "save_dir": "expt_logs_29.04.24-11",
        "exp_name": "40",
        "num_nodes": 8,
        "obs_noise_mean": 0.0,
        "obs_noise_var": 1.0,
        "max_edge_strength": 1.0,
        "num_parents": 2,
        "new_noise_mean": 1.0,
        "mix_samples": 1024,
        "stage2_samples": 1024,
        "intv_targets": [
            0,
            1,
            2,
            3,
            4,
            5,
            6,
            7
        ]
    },
    "intv_args_dict": {
        "0": {
            "intv_type": "do",
            "inode": 0,
            "new_mui": 1.0,
            "true_params": {
                "Si": [
                    [
                        0.0,
                        0.0,
                        0.0,
                        0.0,
                        0.0,
                        0.0,
                        0.0,
                        0.0
                    ],
                    [
                        0.0,
                        1.0,
                        0.6458402760885258,
                        -0.6090649517560647,
                        0.4636115518640417,
                        -0.07924385967513198,
                        0.517301807768286,
                        -0.2537804545436783
                    ],
                    [
                        0.0,
                        0.6458402760885258,
                        1.4171096622181032,
                        -1.3364168510506689,
                        1.0172614406172602,
                        -0.17387772700891815,
                        0.33409434235016333,
                        -0.5568477958575833
                    ],
                    [
                        0.0,
                        -0.6090649517560647,
                        -1.3364168510506689,
                        2.2603188358596524,
                        -0.9593367171296242,
                        -0.4047100309422672,
                        -0.3150704005917162,
                        0.5251398658094553
                    ],
                    [
                        0.0,
                        0.4636115518640417,
                        1.0172614406172602,
                        -0.9593367171296242,
                        1.7302334224064002,
                        -0.12481680972486646,
                        0.23982709388152926,
                        -0.9471278759976419
                    ],
                    [
                        0.0,
                        -0.07924385967513198,
                        -0.17387772700891815,
                        -0.4047100309422672,
                        -0.12481680972486646,
                        1.3447393224040587,
                        -0.04099299186448216,
                        0.06832458462113064
                    ],
                    [
                        0.0,
                        0.517301807768286,
                        0.33409434235016333,
                        -0.3150704005917162,
                        0.23982709388152926,
                        -0.04099299186448216,
                        1.2676011603203368,
                        -0.13128108791170212
                    ],
                    [
                        0.0,
                        -0.2537804545436783,
                        -0.5568477958575833,
                        0.5251398658094553,
                        -0.9471278759976419,
                        0.06832458462113064,
                        -0.13128108791170212,
                        1.5184567595765142
                    ]
                ],
                "mui": [
                    1.0,
                    -0.879263311415844,
                    0.22535203435863504,
                    0.6015522096273496,
                    1.0818944666856454,
                    -0.490602634739292,
                    -1.0714112788207868,
                    0.3849705418283117
                ],
                "Ai": [
                    [
                        0.0,
                        0.0,
                        0.0,
                        0.0,
                        0.0,
                        0.0,
                        0.0,
                        0.0
                    ],
                    [
                        -0.879263311415844,
                        0.0,
                        0.0,
                        0.0,
                        0.0,
                        0.0,
                        0.0,
                        0.0
                    ],
                    [
                        0.7932156941579551,
                        0.6458402760885258,
                        0.0,
                        0.0,
                        0.0,
                        0.0,
                        0.0,
                        0.0
                    ],
                    [
                        0.8140722877588032,
                        -0.0,
                        -0.9430581744526874,
                        0.0,
                        0.0,
                        0.0,
                        0.0,
                        0.0
                    ],
                    [
                        0.9201272151951156,
                        0.0,
                        0.7178424279635576,
                        0.0,
                        0.0,
                        0.0,
                        0.0,
                        0.0
                    ],
                    [
                        -0.0,
                        -0.0,
                        -0.6590036265601815,
                        -0.5686868427532803,
                        -0.0,
                        0.0,
                        0.0,
                        0.0
                    ],
                    [
                        -0.6165667783210411,
                        0.517301807768286,
                        -0.0,
                        -0.0,
                        0.0,
                        -0.0,
                        0.0,
                        0.0
                    ],
                    [
                        0.9771983852024384,
                        -0.0,
                        0.0,
                        0.0,
                        -0.5473989022130789,
                        0.0,
                        0.0,
                        0.0
                    ]
                ]
            },
            "est_params": {
                "mui": [
                    0.9065609681531175,
                    -0.7492095146229903,
                    0.6093105349366699,
                    0.7524812642258552,
                    1.0229596623007715,
                    -1.1553568485263155,
                    -1.0451137624317737,
                    0.4206844465675588
                ],
                "Si": [
                    [
                        0.2638655090133552,
                        -0.04425148120824518,
                        0.08367724931153192,
                        0.04905453459102379,
                        0.2751156381411058,
                        -0.07166347311501985,
                        -0.17115031266998992,
                        0.16450479511306113
                    ],
                    [
                        -0.04425148120824518,
                        0.8866055028397762,
                        0.5647008394923482,
                        -0.34897482865655477,
                        0.3922953749812507,
                        0.08920230631843393,
                        0.6831714851905697,
                        -0.19959691688209089
                    ],
                    [
                        0.08367724931153192,
                        0.5647008394923482,
                        1.1777365845560681,
                        -0.9396380063194782,
                        0.8017172218704582,
                        -0.09843833006529135,
                        0.44351835057731176,
                        -0.24057225907807295
                    ],
                    [
                        0.04905453459102382,
                        -0.34897482865655477,
                        -0.9396380063194782,
                        1.4617184879013794,
                        -0.4394401283517401,
                        -0.20910079928500397,
                        -0.3387806065675948,
                        0.05868081235336317
                    ],
                    [
                        0.2751156381411058,
                        0.3922953749812507,
                        0.8017172218704582,
                        -0.4394401283517402,
                        1.518406341668062,
                        -0.2332482770655509,
                        0.11508314334654537,
                        -0.41993493118984543
                    ],
                    [
                        -0.07166347311501987,
                        0.08920230631843391,
                        -0.09843833006529137,
                        -0.20910079928500397,
                        -0.23324827706555099,
                        1.0204752324736936,
                        0.1392556425483924,
                        -0.04764699505220748
                    ],
                    [
                        -0.17115031266998995,
                        0.6831714851905697,
                        0.44351835057731165,
                        -0.33878060656759473,
                        0.11508314334654536,
                        0.13925564254839243,
                        1.3495824455392598,
                        -0.15043768723959852
                    ],
                    [
                        0.16450479511306113,
                        -0.19959691688209089,
                        -0.24057225907807295,
                        0.05868081235336314,
                        -0.41993493118984543,
                        -0.04764699505220748,
                        -0.1504376872395985,
                        1.5957260845822656
                    ]
                ]
            },
            "est_tgt": [
                0,
                1,
                3,
                5
            ]
        },
        "1": {
            "intv_type": "do",
            "inode": 1,
            "new_mui": 1.0,
            "true_params": {
                "Si": [
                    [
                        1.0,
                        0.0,
                        0.7932156941579551,
                        0.06602374327898086,
                        1.4895310949882608,
                        -0.560278853206621,
                        -0.6165667783210411,
                        0.16183069899361924
                    ],
                    [
                        0.0,
                        0.0,
                        0.0,
                        0.0,
                        0.0,
                        0.0,
                        0.0,
                        0.0
                    ],
                    [
                        0.7932156941579551,
                        0.0,
                        1.6291911374584866,
                        -0.890687105096744,
                        1.8993618694445298,
                        -0.5671208302663234,
                        -0.48907044506065867,
                        -0.2645795067909318
                    ],
                    [
                        0.06602374327898086,
                        0.0,
                        -0.890687105096744,
                        1.893717855078604,
                        -0.5786227510384332,
                        -0.48996639568102157,
                        -0.04070804668621672,
                        0.3812557540311904
                    ],
                    [
                        1.4895310949882608,
                        0.0,
                        1.8993618694445298,
                        -0.5786227510384332,
                        3.7340006343215424,
                        -0.9226312146808072,
                        -0.9183953884459246,
                        -0.5884204673592041
                    ],
                    [
                        -0.560278853206621,
                        0.0,
                        -0.5671208302663234,
                        -0.48996639568102157,
                        -0.9226312146808072,
                        1.6523721264583728,
                        0.3454493274830138,
                        -0.04245627655279066
                    ],
                    [
                        -0.6165667783210411,
                        0.0,
                        -0.48907044506065867,
                        -0.04070804668621672,
                        -0.9183953884459246,
                        0.3454493274830138,
                        1.3801545921291878,
                        -0.09977943271193797
                    ],
                    [
                        0.16183069899361924,
                        0.0,
                        -0.2645795067909318,
                        0.3812557540311904,
                        -0.5884204673592041,
                        -0.04245627655279066,
                        -0.09977943271193797,
                        1.4802414156048818
                    ]
                ],
                "mui": [
                    0.0,
                    1.0,
                    0.6458402760885258,
                    -0.6090649517560647,
                    0.4636115518640417,
                    -0.07924385967513198,
                    0.517301807768286,
                    -0.2537804545436783
                ],
                "Ai": [
                    [
                        0.0,
                        0.0,
                        0.0,
                        0.0,
                        0.0,
                        0.0,
                        0.0,
                        0.0
                    ],
                    [
                        0.0,
                        0.0,
                        0.0,
                        0.0,
                        0.0,
                        0.0,
                        0.0,
                        0.0
                    ],
                    [
                        0.7932156941579551,
                        0.6458402760885258,
                        0.0,
                        0.0,
                        0.0,
                        0.0,
                        0.0,
                        0.0
                    ],
                    [
                        0.8140722877588032,
                        -0.0,
                        -0.9430581744526874,
                        0.0,
                        0.0,
                        0.0,
                        0.0,
                        0.0
                    ],
                    [
                        0.9201272151951156,
                        0.0,
                        0.7178424279635576,
                        0.0,
                        0.0,
                        0.0,
                        0.0,
                        0.0
                    ],
                    [
                        -0.0,
                        -0.0,
                        -0.6590036265601815,
                        -0.5686868427532803,
                        -0.0,
                        0.0,
                        0.0,
                        0.0
                    ],
                    [
                        -0.6165667783210411,
                        0.517301807768286,
                        -0.0,
                        -0.0,
                        0.0,
                        -0.0,
                        0.0,
                        0.0
                    ],
                    [
                        0.9771983852024384,
                        -0.0,
                        0.0,
                        0.0,
                        -0.5473989022130789,
                        0.0,
                        0.0,
                        0.0
                    ]
                ]
            },
            "est_params": {
                "mui": [
                    -0.04058053449244083,
                    0.33602217992282424,
                    -0.13074679765476965,
                    0.4190162784488466,
                    0.06680884127431838,
                    0.044646824297933554,
                    1.0172818078871868,
                    0.09421913527121283
                ],
                "Si": [
                    [
                        1.0503915933179877,
                        -0.831521378736927,
                        0.41717165839703774,
                        0.18272692475412947,
                        1.156826321563184,
                        -0.4282556077087021,
                        -0.007975567019997274,
                        0.21796152013035522
                    ],
                    [
                        -0.8315213787369271,
                        1.2604507194482462,
                        0.039223022133798954,
                        -0.42310414555724396,
                        -0.9688324336920194,
                        0.21875443222591007,
                        -0.021097807351168507,
                        0.03219619074663849
                    ],
                    [
                        0.41717165839703785,
                        0.03922302213379893,
                        1.1262751413686567,
                        -0.4850736286647461,
                        0.8435848399295005,
                        -0.5741062755988604,
                        -0.007353349919833519,
                        0.09330592800946746
                    ],
                    [
                        0.18272692475412947,
                        -0.42310414555724396,
                        -0.4850736286647461,
                        1.0202822064334178,
                        0.11103626505200744,
                        -0.24882354610937055,
                        0.053592306409607125,
                        -0.3174375865491349
                    ],
                    [
                        1.156826321563184,
                        -0.9688324336920194,
                        0.8435848399295005,
                        0.1110362650520074,
                        2.672457231789163,
                        -0.6857345564420949,
                        0.03328234418614387,
                        -0.6318816454054311
                    ],
                    [
                        -0.42825560770870214,
                        0.21875443222591007,
                        -0.5741062755988604,
                        -0.2488235461093705,
                        -0.6857345564420949,
                        1.2528920797444483,
                        0.019943436213578972,
                        0.24092804461003875
                    ],
                    [
                        -0.007975567019997278,
                        -0.021097807351168504,
                        -0.0073533499198335205,
                        0.053592306409607125,
                        0.03328234418614386,
                        0.01994343621357897,
                        0.03995065492918048,
                        -0.006162619976926032
                    ],
                    [
                        0.21796152013035522,
                        0.032196190746638494,
                        0.09330592800946745,
                        -0.3174375865491349,
                        -0.6318816454054311,
                        0.24092804461003875,
                        -0.006162619976926032,
                        1.460108163132108
                    ]
                ]
            },
            "est_tgt": [
                1,
                4,
                6
            ]
        },
        "2": {
            "intv_type": "do",
            "inode": 2,
            "new_mui": 1.0,
            "true_params": {
                "Si": [
                    [
                        1.0,
                        -0.879263311415844,
                        0.0,
                        0.8140722877588032,
                        0.9201272151951156,
                        -0.46295219909849367,
                        -1.0714112788207868,
                        0.4735217577082548
                    ],
                    [
                        -0.879263311415844,
                        1.7731039708019556,
                        0.0,
                        -0.7157838954666772,
                        -0.8090341021562963,
                        0.40705688360658865,
                        1.4593544366725353,
                        -0.41635030871001105
                    ],
                    [
                        0.0,
                        0.0,
                        0.0,
                        0.0,
                        0.0,
                        0.0,
                        0.0,
                        0.0
                    ],
                    [
                        0.8140722877588032,
                        -0.7157838954666772,
                        0.0,
                        1.6627136896968517,
                        0.7490500671030245,
                        -0.9455633985963601,
                        -0.872206230880223,
                        0.3854809406011287
                    ],
                    [
                        0.9201272151951156,
                        -0.8090341021562963,
                        0.0,
                        0.7490500671030245,
                        1.8466340921427187,
                        -0.4259749177249517,
                        -0.9858346763100081,
                        -0.11169864595868612
                    ],
                    [
                        -0.46295219909849367,
                        0.40705688360658865,
                        0.0,
                        -0.9455633985963601,
                        -0.4259749177249517,
                        1.5377294637708254,
                        0.4960122076690126,
                        -0.21921793905202064
                    ],
                    [
                        -1.0714112788207868,
                        1.4593544366725353,
                        0.0,
                        -0.872206230880223,
                        -0.9858346763100081,
                        0.4960122076690126,
                        2.4155232887047307,
                        -0.507336551975668
                    ],
                    [
                        0.4735217577082548,
                        -0.41635030871001105,
                        0.0,
                        0.3854809406011287,
                        -0.11169864595868612,
                        -0.21921793905202064,
                        -0.507336551975668,
                        1.523868413167199
                    ]
                ],
                "mui": [
                    0.0,
                    0.0,
                    1.0,
                    -0.9430581744526874,
                    0.7178424279635576,
                    -0.12269885079801053,
                    0.0,
                    -0.39294615702922253
                ],
                "Ai": [
                    [
                        0.0,
                        0.0,
                        0.0,
                        0.0,
                        0.0,
                        0.0,
                        0.0,
                        0.0
                    ],
                    [
                        -0.879263311415844,
                        0.0,
                        0.0,
                        0.0,
                        0.0,
                        0.0,
                        0.0,
                        0.0
                    ],
                    [
                        0.0,
                        0.0,
                        0.0,
                        0.0,
                        0.0,
                        0.0,
                        0.0,
                        0.0
                    ],
                    [
                        0.8140722877588032,
                        -0.0,
                        -0.9430581744526874,
                        0.0,
                        0.0,
                        0.0,
                        0.0,
                        0.0
                    ],
                    [
                        0.9201272151951156,
                        0.0,
                        0.7178424279635576,
                        0.0,
                        0.0,
                        0.0,
                        0.0,
                        0.0
                    ],
                    [
                        -0.0,
                        -0.0,
                        -0.6590036265601815,
                        -0.5686868427532803,
                        -0.0,
                        0.0,
                        0.0,
                        0.0
                    ],
                    [
                        -0.6165667783210411,
                        0.517301807768286,
                        -0.0,
                        -0.0,
                        0.0,
                        -0.0,
                        0.0,
                        0.0
                    ],
                    [
                        0.9771983852024384,
                        -0.0,
                        0.0,
                        0.0,
                        -0.5473989022130789,
                        0.0,
                        0.0,
                        0.0
                    ]
                ]
            },
            "est_params": {
                "mui": [
                    -0.3718495651445825,
                    0.47201717497184525,
                    1.1666321154888173,
                    -1.4711304540102639,
                    1.1281249213913895,
                    -0.571406742034519,
                    0.6316108728864677,
                    -1.4523104195931695
                ],
                "Si": [
                    [
                        0.8535410312042105,
                        -0.403462114122426,
                        0.09278017892533949,
                        0.2699100289176733,
                        0.9088600247152296,
                        -0.3853683698250778,
                        -0.4917883934034167,
                        0.1956278873587938
                    ],
                    [
                        -0.403462114122426,
                        1.1800612859953097,
                        0.0717579094383211,
                        0.16189113624753984,
                        -0.5206660485204341,
                        -0.19728793235503356,
                        0.8094044764249897,
                        0.04655317516298731
                    ],
                    [
                        0.0927801789253395,
                        0.0717579094383211,
                        0.08696781610578316,
                        -0.00717165446376302,
                        0.15520466450237508,
                        -0.02628572402143874,
                        0.020687545237296965,
                        0.017113650010785856
                    ],
                    [
                        0.2699100289176733,
                        0.16189113624753979,
                        -0.007171654463763018,
                        0.5454472355863574,
                        0.24785442216294767,
                        -0.46446249853432403,
                        0.04474195356472848,
                        0.2268365008720832
                    ],
                    [
                        0.9088600247152296,
                        -0.520666048520434,
                        0.15520466450237508,
                        0.24785442216294767,
                        1.7736513624449641,
                        -0.25492416206143714,
                        -0.7015172470382793,
                        -0.42059678011934903
                    ],
                    [
                        -0.3853683698250777,
                        -0.19728793235503359,
                        -0.026285724021438747,
                        -0.46446249853432403,
                        -0.25492416206143714,
                        1.0740769199420805,
                        -0.23068756167578303,
                        -0.50153062408851
                    ],
                    [
                        -0.4917883934034167,
                        0.8094044764249897,
                        0.020687545237296965,
                        0.04474195356472847,
                        -0.7015172470382792,
                        -0.23068756167578297,
                        1.6288826559210126,
                        0.09108353346814237
                    ],
                    [
                        0.1956278873587938,
                        0.046553175162987286,
                        0.017113650010785852,
                        0.2268365008720832,
                        -0.42059678011934903,
                        -0.50153062408851,
                        0.0910835334681424,
                        1.1376306299265087
                    ]
                ]
            },
            "est_tgt": [
                2,
                3,
                4,
                5,
                7
            ]
        },
        "3": {
            "intv_type": "do",
            "inode": 3,
            "new_mui": 1.0,
            "true_params": {
                "Si": [
                    [
                        1.0,
                        -0.879263311415844,
                        0.22535203435863504,
                        0.0,
                        1.0818944666856454,
                        -0.14850780789505513,
                        -1.0714112788207868,
                        0.3849705418283117
                    ],
                    [
                        -0.879263311415844,
                        1.7731039708019556,
                        0.44769650012405526,
                        0.0,
                        -0.4876585595164574,
                        -0.29503361718005316,
                        1.4593544366725353,
                        -0.5922709279491913
                    ],
                    [
                        0.22535203435863504,
                        0.44769650012405526,
                        1.4678932016076787,
                        0.0,
                        1.2610685596462208,
                        -0.9673469432624959,
                        0.0926496310331123,
                        -0.47009390108842725
                    ],
                    [
                        0.0,
                        0.0,
                        0.0,
                        0.0,
                        0.0,
                        0.0,
                        0.0,
                        0.0
                    ],
                    [
                        1.0818944666856454,
                        -0.4876585595164574,
                        1.2610685596462208,
                        0.0,
                        2.9007290594514172,
                        -0.8310487541478842,
                        -0.9193268402192711,
                        -0.5306303769566166
                    ],
                    [
                        -0.14850780789505513,
                        -0.29503361718005316,
                        -0.9673469432624959,
                        0.0,
                        -0.8310487541478842,
                        1.637485143751891,
                        -0.061056442850283735,
                        0.3097935856410968
                    ],
                    [
                        -1.0714112788207868,
                        1.4593544366725353,
                        0.0926496310331123,
                        0.0,
                        -0.9193268402192711,
                        -0.061056442850283735,
                        2.4155232887047307,
                        -0.5437428684403047
                    ],
                    [
                        0.3849705418283117,
                        -0.5922709279491913,
                        -0.47009390108842725,
                        0.0,
                        -0.5306303769566166,
                        0.3097935856410968,
                        -0.5437428684403047,
                        1.6666590776520982
                    ]
                ],
                "mui": [
                    0.0,
                    0.0,
                    0.0,
                    1.0,
                    0.0,
                    -0.5686868427532803,
                    0.0,
                    0.0
                ],
                "Ai": [
                    [
                        0.0,
                        0.0,
                        0.0,
                        0.0,
                        0.0,
                        0.0,
                        0.0,
                        0.0
                    ],
                    [
                        -0.879263311415844,
                        0.0,
                        0.0,
                        0.0,
                        0.0,
                        0.0,
                        0.0,
                        0.0
                    ],
                    [
                        0.7932156941579551,
                        0.6458402760885258,
                        0.0,
                        0.0,
                        0.0,
                        0.0,
                        0.0,
                        0.0
                    ],
                    [
                        0.0,
                        0.0,
                        0.0,
                        0.0,
                        0.0,
                        0.0,
                        0.0,
                        0.0
                    ],
                    [
                        0.9201272151951156,
                        0.0,
                        0.7178424279635576,
                        0.0,
                        0.0,
                        0.0,
                        0.0,
                        0.0
                    ],
                    [
                        -0.0,
                        -0.0,
                        -0.6590036265601815,
                        -0.5686868427532803,
                        -0.0,
                        0.0,
                        0.0,
                        0.0
                    ],
                    [
                        -0.6165667783210411,
                        0.517301807768286,
                        -0.0,
                        -0.0,
                        0.0,
                        -0.0,
                        0.0,
                        0.0
                    ],
                    [
                        0.9771983852024384,
                        -0.0,
                        0.0,
                        0.0,
                        -0.5473989022130789,
                        0.0,
                        0.0,
                        0.0
                    ]
                ]
            },
            "est_params": {
                "mui": [
                    0.16163317982586586,
                    0.10643222960146775,
                    0.20196089513048432,
                    1.0000035324299346,
                    0.1576025539099227,
                    -0.7422431821382829,
                    -0.06669153465702081,
                    0.0774570473038409
                ],
                "Si": [
                    [
                        1.3197686153313721,
                        -1.1939648123598348,
                        0.45550696237380667,
                        2.9614720517254853e-06,
                        1.6446694095954033,
                        -0.06352410360698159,
                        -1.2828459859497232,
                        0.3570433381667143
                    ],
                    [
                        -1.1939648123598348,
                        1.9433001308701532,
                        0.09976687095209426,
                        -7.471501670332818e-07,
                        -1.1600232881265078,
                        -0.3781516630811297,
                        1.5841248625946354,
                        -0.3239841950689026
                    ],
                    [
                        0.45550696237380667,
                        0.09976687095209424,
                        1.333102664438266,
                        1.7315072661245208e-06,
                        1.450848850550818,
                        -0.8458389429324065,
                        -0.14766324867405467,
                        -0.27663554970291987
                    ],
                    [
                        2.9614720517254857e-06,
                        -7.47150167033282e-07,
                        1.7315072661245206e-06,
                        1.0014104408416158e-06,
                        -6.658005972704172e-07,
                        -5.168566104287639e-06,
                        -2.7878642348885513e-07,
                        5.165487357933711e-06
                    ],
                    [
                        1.6446694095954033,
                        -1.1600232881265078,
                        1.450848850550818,
                        -6.658005972704171e-07,
                        3.932123966903406,
                        -0.5064513226717973,
                        -1.1904283192378884,
                        -0.6607481976066091
                    ],
                    [
                        -0.06352410360698157,
                        -0.3781516630811297,
                        -0.8458389429324064,
                        -5.168566104287639e-06,
                        -0.5064513226717972,
                        1.512312429058986,
                        -0.2615286647199876,
                        0.2124645345794405
                    ],
                    [
                        -1.2828459859497232,
                        1.5841248625946351,
                        -0.14766324867405461,
                        -2.787864234888552e-07,
                        -1.1904283192378884,
                        -0.26152866471998765,
                        2.357763513500125,
                        -0.42253020248226103
                    ],
                    [
                        0.3570433381667143,
                        -0.3239841950689026,
                        -0.27663554970291976,
                        5.165487357933711e-06,
                        -0.6607481976066092,
                        0.21246453457944037,
                        -0.422530202482261,
                        1.690649669005138
                    ]
                ]
            },
            "est_tgt": [
                3,
                5
            ]
        },
        "4": {
            "intv_type": "do",
            "inode": 4,
            "new_mui": 1.0,
            "true_params": {
                "Si": [
                    [
                        1.0,
                        -0.879263311415844,
                        0.22535203435863504,
                        0.6015522096273496,
                        0.0,
                        -0.490602634739292,
                        -1.0714112788207868,
                        0.9771983852024384
                    ],
                    [
                        -0.879263311415844,
                        1.7731039708019556,
