{
    "expt_args": {
        "save_dir": "expt_logs_29.04.24-11",
        "exp_name": "178",
        "num_nodes": 6,
        "obs_noise_mean": 0.0,
        "obs_noise_var": 1.0,
        "max_edge_strength": 1.0,
        "num_parents": 2,
        "new_noise_mean": 1.0,
        "mix_samples": 4096,
        "stage2_samples": 4096,
        "intv_targets": [
            0,
            1,
            2,
            3,
            4,
            5
        ]
    },
    "intv_args_dict": {
        "0": {
            "intv_type": "do",
            "inode": 0,
            "new_mui": 1.0,
            "true_params": {
                "Si": [
                    [
                        0.0,
                        0.0,
                        0.0,
                        0.0,
                        0.0,
                        0.0
                    ],
                    [
                        0.0,
                        1.0,
                        0.6218435857489586,
                        0.5302553666562764,
                        -0.3994114127998423,
                        -0.3225641846069652
                    ],
                    [
                        0.0,
                        0.6218435857489586,
                        1.3866894451371223,
                        0.3297358985641677,
                        -0.8906734797783111,
                        -0.20058446919018427
                    ],
                    [
                        0.0,
                        0.5302553666562764,
                        0.3297358985641677,
                        1.2811707538677821,
                        -0.21179004514088176,
                        -0.7793599566367735
                    ],
                    [
                        0.0,
                        -0.3994114127998423,
                        -0.8906734797783111,
                        -0.21179004514088176,
                        1.5720814060872588,
                        0.1288358166924971
                    ],
                    [
                        0.0,
                        -0.3225641846069652,
                        -0.20058446919018427,
                        -0.7793599566367735,
                        0.1288358166924971,
                        1.4740991317317862
                    ]
                ],
                "mui": [
                    1.0,
                    0.8615074724145068,
                    1.267538778378051,
                    -0.2823507386177461,
                    -0.23865895909669066,
                    0.7955542198989457
                ],
                "Ai": [
                    [
                        0.0,
                        0.0,
                        0.0,
                        0.0,
                        0.0,
                        0.0
                    ],
                    [
                        0.8615074724145068,
                        0.0,
                        0.0,
                        0.0,
                        0.0,
                        0.0
                    ],
                    [
                        0.731815882582292,
                        0.6218435857489586,
                        0.0,
                        0.0,
                        0.0,
                        0.0
                    ],
                    [
                        -0.7391696992800223,
                        0.5302553666562764,
                        0.0,
                        0.0,
                        0.0,
                        0.0
                    ],
                    [
                        0.5754838026088986,
                        -0.0,
                        -0.6423020546537996,
                        0.0,
                        0.0,
                        0.0
                    ],
                    [
                        0.6237950232882203,
                        -0.0,
                        -0.0,
                        -0.6083185666578244,
                        -0.0,
                        0.0
                    ]
                ]
            },
            "est_params": {
                "mui": [
                    0.9999979690567782,
                    0.8110622238125832,
                    1.224087979783321,
                    -0.3990692441484573,
                    -0.21293263505242266,
                    0.8934300015461377
                ],
                "Si": [
                    [
                        1.0161468803871433e-06,
                        3.640856131849819e-07,
                        2.206949063511978e-07,
                        4.202276077980637e-06,
                        -2.3876425591845877e-06,
                        -6.282111596301536e-06
                    ],
                    [
                        3.640856131849815e-07,
                        0.8929041929284728,
                        0.5891984708784701,
                        0.4728090881761141,
                        -0.3992257583248114,
                        -0.29797983822430824
                    ],
                    [
                        2.2069490635119787e-07,
                        0.5891984708784701,
                        1.4719301482856613,
                        0.3492495746019314,
                        -0.8949834639886687,
                        -0.2660576958492948
                    ],
                    [
                        4.202276077980636e-06,
                        0.4728090881761141,
                        0.3492495746019314,
                        1.254996764806249,
                        -0.24352497564536574,
                        -0.7640440197996238
                    ],
                    [
                        -2.387642559184588e-06,
                        -0.3992257583248114,
                        -0.8949834639886687,
                        -0.24352497564536574,
                        1.4636388503599664,
                        0.18526814355851393
                    ],
                    [
                        -6.282111596301535e-06,
                        -0.29797983822430824,
                        -0.2660576958492948,
                        -0.7640440197996238,
                        0.18526814355851393,
                        1.4757738279256243
                    ]
                ]
            },
            "est_tgt": [
                0,
                3,
                5
            ]
        },
        "1": {
            "intv_type": "do",
            "inode": 1,
            "new_mui": 1.0,
            "true_params": {
                "Si": [
                    [
                        1.0,
                        0.0,
                        0.731815882582292,
                        -0.7391696992800223,
                        0.1054369575980087,
                        1.0734456752711385
                    ],
                    [
                        0.0,
                        0.0,
                        0.0,
                        0.0,
                        0.0,
                        0.0
                    ],
                    [
                        0.731815882582292,
                        0.0,
                        1.535554485999699,
                        -0.5409361258566969,
                        -0.5651416144724212,
                        0.7855645942526926
                    ],
                    [
                        -0.7391696992800223,
                        0.0,
                        -0.5409361258566969,
                        1.5463718443337187,
                        -0.07793580424072055,
                        -1.4017770836414323
                    ],
                    [
                        0.1054369575980087,
                        0.0,
                        -0.5651416144724212,
                        -0.07793580424072055,
                        1.423668881440017,
                        0.11318084614732885
                    ],
                    [
                        1.0734456752711385,
                        0.0,
                        0.7855645942526926,
                        -1.4017770836414323,
                        0.11318084614732885,
                        2.5223370962989407
                    ]
                ],
                "mui": [
                    0.0,
                    1.0,
                    0.6218435857489586,
                    0.5302553666562764,
                    -0.3994114127998423,
                    -0.3225641846069652
                ],
                "Ai": [
                    [
                        0.0,
                        0.0,
                        0.0,
                        0.0,
                        0.0,
                        0.0
                    ],
                    [
                        0.0,
                        0.0,
                        0.0,
                        0.0,
                        0.0,
                        0.0
                    ],
                    [
                        0.731815882582292,
                        0.6218435857489586,
                        0.0,
                        0.0,
                        0.0,
                        0.0
                    ],
                    [
                        -0.7391696992800223,
                        0.5302553666562764,
                        0.0,
                        0.0,
                        0.0,
                        0.0
                    ],
                    [
                        0.5754838026088986,
                        -0.0,
                        -0.6423020546537996,
                        0.0,
                        0.0,
                        0.0
                    ],
                    [
                        0.6237950232882203,
                        -0.0,
                        -0.0,
                        -0.6083185666578244,
                        -0.0,
                        0.0
                    ]
                ]
            },
            "est_params": {
                "mui": [
                    -0.03695854945888426,
                    0.9999940179113678,
                    0.5661210947926962,
                    0.5887697482749014,
                    -0.34596281556601616,
                    -0.3025811841996201
                ],
                "Si": [
                    [
                        1.0939052383829202,
                        -1.3403572853020812e-06,
                        0.7929859885570643,
                        -0.7954396973653217,
                        0.11325866669688453,
                        1.1781479582237784
                    ],
                    [
                        -1.3403572853020815e-06,
                        1.017450143702611e-06,
                        -1.6008620691457065e-06,
                        3.82968266714614e-06,
                        -8.216861140201574e-07,
                        -4.338918101553652e-06
                    ],
                    [
                        0.7929859885570644,
                        -1.6008620691457063e-06,
                        1.5606611586441281,
                        -0.5747113774037441,
                        -0.6054838136612768,
                        0.9086308238462046
                    ],
                    [
                        -0.7954396973653217,
                        3.829682667146139e-06,
                        -0.5747113774037441,
                        1.5964603924057557,
                        -0.08350804682968574,
                        -1.504741671059786
                    ],
                    [
                        0.11325866669688453,
                        -8.216861140201576e-07,
                        -0.6054838136612768,
                        -0.08350804682968571,
                        1.3894126599357521,
                        0.03065636520038328
                    ],
                    [
                        1.1781479582237786,
                        -4.338918101553652e-06,
                        0.9086308238462046,
                        -1.5047416710597863,
                        0.030656365200383267,
                        2.6208164213924805
                    ]
                ]
            },
            "est_tgt": [
                1,
                3,
                5
            ]
        },
        "2": {
            "intv_type": "do",
            "inode": 2,
            "new_mui": 1.0,
            "true_params": {
                "Si": [
                    [
                        1.0,
                        0.8615074724145068,
                        0.0,
                        -0.2823507386177461,
                        0.5754838026088986,
                        0.7955542198989457
                    ],
                    [
                        0.8615074724145068,
                        1.7421951250260321,
                        0.0,
                        0.28700809549533285,
                        0.4957835962010812,
                        0.3628117205468702
                    ],
                    [
                        0.0,
                        0.0,
                        0.0,
                        0.0,
                        0.0,
                        0.0
                    ],
                    [
                        -0.2823507386177461,
                        0.28700809549533285,
                        0.0,
                        1.360892693465769,
                        -0.16248827672917174,
                        -1.0039852782357057
                    ],
                    [
                        0.5754838026088986,
                        0.4957835962010812,
                        0.0,
                        -0.16248827672917174,
                        1.3311816070651978,
                        0.4578285676490012
                    ],
                    [
                        0.7955542198989457,
                        0.3628117205468702,
                        0.0,
                        -1.0039852782357057,
                        0.4578285676490012,
                        2.107005648530806
                    ]
                ],
                "mui": [
                    0.0,
                    0.0,
                    1.0,
                    0.0,
                    -0.6423020546537996,
                    0.0
                ],
                "Ai": [
                    [
                        0.0,
                        0.0,
                        0.0,
                        0.0,
                        0.0,
                        0.0
                    ],
                    [
                        0.8615074724145068,
                        0.0,
                        0.0,
                        0.0,
                        0.0,
                        0.0
                    ],
                    [
                        0.0,
                        0.0,
                        0.0,
                        0.0,
                        0.0,
                        0.0
                    ],
                    [
                        -0.7391696992800223,
                        0.5302553666562764,
                        0.0,
                        0.0,
                        0.0,
                        0.0
                    ],
                    [
                        0.5754838026088986,
                        -0.0,
                        -0.6423020546537996,
                        0.0,
                        0.0,
                        0.0
                    ],
                    [
                        0.6237950232882203,
                        -0.0,
                        -0.0,
                        -0.6083185666578244,
                        -0.0,
                        0.0
                    ]
                ]
            },
            "est_params": {
                "mui": [
                    -0.01965474362778888,
                    -0.0378363397035976,
                    1.0000003426364867,
                    -0.07370984838718389,
                    -0.6684443106148156,
                    0.028989071803450728
                ],
                "Si": [
                    [
                        1.0108030197144,
                        0.8301476369182945,
                        1.1063798070835154e-06,
                        -0.32178129080594126,
                        0.5697951641563035,
                        0.8788329164302308
                    ],
                    [
                        0.8301476369182945,
                        1.715994274591554,
                        1.7884019238106518e-07,
                        0.22541105339802317,
                        0.47863019681281876,
                        0.4794246604413419
                    ],
                    [
                        1.1063798070835154e-06,
                        1.7884019238106518e-07,
                        1.0011401846594561e-06,
                        1.2045759146144226e-06,
                        1.297420204092563e-06,
                        3.3366982922821816e-07
                    ],
                    [
                        -0.32178129080594126,
                        0.22541105339802317,
                        1.2045759146144226e-06,
                        1.3574601618640405,
                        -0.11919977327727423,
                        -1.0159820740119585
                    ],
                    [
                        0.5697951641563035,
                        0.47863019681281876,
                        1.2974202040925628e-06,
                        -0.11919977327727423,
                        1.4125770901790435,
                        0.45987333996697866
                    ],
                    [
                        0.8788329164302308,
                        0.47942466044134185,
                        3.3366982922821806e-07,
                        -1.0159820740119585,
                        0.45987333996697866,
                        2.2429371794009665
                    ]
                ]
            },
            "est_tgt": [
                2
            ]
        },
        "3": {
            "intv_type": "do",
            "inode": 3,
            "new_mui": 1.0,
            "true_params": {
                "Si": [
                    [
                        1.0,
                        0.8615074724145068,
                        1.267538778378051,
                        0.0,
                        -0.23865895909669066,
                        0.6237950232882203
                    ],
                    [
                        0.8615074724145068,
                        1.7421951250260321,
                        1.713837714896805,
                        0.0,
                        -0.6050178894203094,
                        0.5374040738177831
                    ],
                    [
                        1.267538778378051,
                        1.713837714896805,
                        2.993343999829244,
                        0.0,
                        -1.1931829652407075,
                        0.7906843817770587
                    ],
                    [
                        0.0,
                        0.0,
                        0.0,
                        0.0,
                        0.0,
                        0.0
                    ],
                    [
                        -0.23865895909669066,
                        -0.6050178894203094,
                        -1.1931829652407075,
                        0.0,
                        1.6290395048443744,
                        -0.14887427094766256
                    ],
                    [
                        0.6237950232882203,
                        0.5374040738177831,
                        0.7906843817770587,
                        0.0,
                        -0.14887427094766256,
                        1.3891202310791513
                    ]
                ],
                "mui": [
                    0.0,
                    0.0,
                    0.0,
                    1.0,
                    0.0,
                    -0.6083185666578244
                ],
                "Ai": [
                    [
                        0.0,
                        0.0,
                        0.0,
                        0.0,
                        0.0,
                        0.0
                    ],
                    [
                        0.8615074724145068,
                        0.0,
                        0.0,
                        0.0,
                        0.0,
                        0.0
                    ],
                    [
                        0.731815882582292,
                        0.6218435857489586,
                        0.0,
                        0.0,
                        0.0,
                        0.0
                    ],
                    [
                        0.0,
                        0.0,
                        0.0,
                        0.0,
                        0.0,
                        0.0
                    ],
                    [
                        0.5754838026088986,
                        -0.0,
                        -0.6423020546537996,
                        0.0,
                        0.0,
                        0.0
                    ],
                    [
                        0.6237950232882203,
                        -0.0,
                        -0.0,
                        -0.6083185666578244,
                        -0.0,
                        0.0
                    ]
                ]
            },
            "est_params": {
                "mui": [
                    -0.003516633301055579,
                    0.032466220326349285,
                    0.12191821478857948,
                    1.0000001070851354,
                    -0.10470168291299245,
                    -0.5561658354396269
                ],
                "Si": [
                    [
                        1.053516374212043,
                        0.9054498328072383,
                        1.36064150997282,
                        4.582079594920122e-08,
                        -0.3020878933248464,
                        0.706004792120815
                    ],
                    [
                        0.9054498328072383,
                        1.8244807472244555,
                        1.8317739689133803,
                        9.02212315743013e-08,
                        -0.6255078286815647,
                        0.5270738218879735
                    ],
                    [
                        1.36064150997282,
                        1.8317739689133803,
                        3.0873672376449726,
                        -1.8754149812594174e-08,
                        -1.2600639399996039,
                        0.8094044132234176
                    ],
                    [
                        4.582079594920122e-08,
                        9.02212315743013e-08,
                        -1.8754149812594174e-08,
                        1.0002242223819758e-06,
                        2.753888430828451e-08,
                        4.0895548861415394e-08
                    ],
                    [
                        -0.30208789332484637,
                        -0.6255078286815647,
                        -1.260063939999604,
                        2.7538884308284502e-08,
                        1.6094541571279746,
                        -0.13578711335887264
                    ],
                    [
                        0.706004792120815,
                        0.5270738218879735,
                        0.8094044132234176,
                        4.089554886141539e-08,
                        -0.13578711335887267,
                        1.4809564326379794
                    ]
                ]
            },
            "est_tgt": [
                0,
                1,
                3
            ]
        },
        "4": {
            "intv_type": "do",
            "inode": 4,
            "new_mui": 1.0,
            "true_params": {
                "Si": [
                    [
                        1.0,
                        0.8615074724145068,
                        1.267538778378051,
                        -0.2823507386177461,
                        0.0,
                        0.7955542198989457
                    ],
                    [
                        0.8615074724145068,
                        1.7421951250260321,
                        1.713837714896805,
                        0.28700809549533285,
                        0.0,
                        0.3628117205468702
                    ],
                    [
                        1.267538778378051,
                        1.713837714896805,
                        2.993343999829244,
                        -0.02815461173751061,
                        0.0,
                        0.8078113548340288
                    ],
                    [
                        -0.2823507386177461,
                        0.28700809549533285,
                        -0.02815461173751061,
                        1.360892693465769,
                        0.0,
                        -1.0039852782357057
                    ],
                    [
                        0.0,
                        0.0,
                        0.0,
                        0.0,
                        0.0,
                        0.0
                    ],
                    [
                        0.7955542198989457,
                        0.3628117205468702,
                        0.8078113548340288,
                        -1.0039852782357057,
                        0.0,
                        2.107005648530806
                    ]
                ],
                "mui": [
                    0.0,
                    0.0,
                    0.0,
                    0.0,
                    1.0,
                    0.0
                ],
                "Ai": [
                    [
                        0.0,
                        0.0,
                        0.0,
                        0.0,
                        0.0,
                        0.0
                    ],
                    [
                        0.8615074724145068,
                        0.0,
                        0.0,
                        0.0,
                        0.0,
                        0.0
                    ],
                    [
                        0.731815882582292,
                        0.6218435857489586,
                        0.0,
                        0.0,
                        0.0,
                        0.0
                    ],
                    [
                        -0.7391696992800223,
                        0.5302553666562764,
                        0.0,
                        0.0,
                        0.0,
                        0.0
                    ],
                    [
                        0.0,
                        0.0,
                        0.0,
                        0.0,
                        0.0,
                        0.0
                    ],
                    [
                        0.6237950232882203,
                        -0.0,
                        -0.0,
                        -0.6083185666578244,
                        -0.0,
                        0.0
                    ]
                ]
            },
            "est_params": {
                "mui": [
                    -0.06883636238384341,
                    -0.10546554905995544,
                    -0.10160883466047803,
                    -0.01544325592868257,
                    1.000004135351363,
                    -0.061035937527389256
                ],
                "Si": [
                    [
                        0.9626874420471133,
                        0.7984638200627242,
                        1.2438362865379646,
                        -0.31879191690782804,
                        -7.81113737118986e-06,
                        0.8371550584451453
                    ],
                    [
                        0.7984638200627242,
                        1.6509929199330082,
                        1.6694663103620633,
                        0.35280436155409556,
                        -1.3957706732439503e-05,
                        0.2730703322297677
                    ],
                    [
                        1.2438362865379646,
                        1.6694663103620633,
                        3.062478243798686,
                        0.0382437772748076,
                        -8.745642227738446e-06,
                        0.7702898481869129
                    ],
                    [
                        -0.31879191690782804,
                        0.35280436155409556,
                        0.03824377727480763,
                        1.6277432133488643,
                        4.411082385157115e-06,
                        -1.2255040534134856
                    ],
                    [
                        -7.81113737118986e-06,
                        -1.3957706732439503e-05,
                        -8.745642227738445e-06,
                        4.411082385157114e-06,
                        1.0107022088543933e-06,
                        -1.453596239734364e-06
                    ],
                    [
                        0.8371550584451453,
                        0.2730703322297676,
                        0.770289848186913,
                        -1.2255040534134856,
                        -1.4535962397343635e-06,
                        2.2323937815813832
                    ]
                ]
            },
            "est_tgt": [
                4
            ]
        },
        "5": {
            "intv_type": "do",
            "inode": 5,
            "new_mui": 1.0,
            "true_params": {
                "Si": [
                    [
                        1.0,
                        0.8615074724145068,
                        1.267538778378051,
                        -0.2823507386177461,
                        -0.23865895909669066,
                        0.0
                    ],
                    [
                        0.8615074724145068,
                        1.7421951250260321,
                        1.713837714896805,
                        0.28700809549533285,
                        -0.6050178894203094,
                        0.0
                    ],
                    [
                        1.267538778378051,
                        1.713837714896805,
                        2.993343999829244,
                        -0.02815461173751061,
                        -1.1931829652407075,
                        0.0
                    ],
                    [
                        -0.2823507386177461,
                        0.28700809549533285,
                        -0.02815461173751061,
                        1.360892693465769,
                        -0.1444045117621887,
                        0.0
                    ],
                    [
                        -0.23865895909669066,
                        -0.6050178894203094,
                        -1.1931829652407075,
                        -0.1444045117621887,
                        1.6290395048443744,
                        0.0
                    ],
                    [
                        0.0,
                        0.0,
                        0.0,
                        0.0,
                        0.0,
                        0.0
                    ]
                ],
                "mui": [
                    0.0,
                    0.0,
                    0.0,
                    0.0,
                    0.0,
                    1.0
                ],
                "Ai": [
                    [
                        0.0,
                        0.0,
                        0.0,
                        0.0,
                        0.0,
                        0.0
                    ],
                    [
                        0.8615074724145068,
                        0.0,
                        0.0,
                        0.0,
                        0.0,
                        0.0
                    ],
                    [
                        0.731815882582292,
                        0.6218435857489586,
                        0.0,
                        0.0,
                        0.0,
                        0.0
                    ],
                    [
                        -0.7391696992800223,
                        0.5302553666562764,
                        0.0,
                        0.0,
                        0.0,
                        0.0
                    ],
                    [
                        0.5754838026088986,
                        -0.0,
                        -0.6423020546537996,
                        0.0,
                        0.0,
                        0.0
                    ],
                    [
                        0.0,
                        0.0,
                        0.0,
                        0.0,
                        0.0,
                        0.0
                    ]
                ]
            },
            "est_params": {
                "mui": [
                    -0.0673447300597771,
                    -0.11613440898408355,
                    -0.18665299902970064,
                    -0.05749005180971333,
                    0.0791054266246685,
                    0.999999354890978
                ],
                "Si": [
                    [
                        1.029737298107474,
                        0.9470954057586136,
                        1.3802566014217428,
                        -0.2470987607110018,
                        -0.3073452283139286,
                        -4.8852347074672895e-06
                    ],
                    [
                        0.9470954057586136,
                        1.8737073219365081,
                        1.837444819488514,
                        0.3395435894686386,
                        -0.6849705335274118,
                        -2.1170283099167797e-06
                    ],
                    [
                        1.3802566014217428,
                        1.837444819488514,
                        3.160004142659069,
                        -0.004833891808292859,
                        -1.2960310131948014,
                        -1.5756706188604944e-06
                    ],
                    [
                        -0.2470987607110018,
                        0.3395435894686386,
                        -0.004833891808292895,
                        1.5079350126659972,
                        -0.10964591479781317,
                        -2.6051830857713425e-06
                    ],
                    [
                        -0.3073452283139285,
                        -0.6849705335274117,
                        -1.2960310131948014,
                        -0.10964591479781322,
                        1.7080358420015234,
                        -8.184026103689629e-06
                    ],
                    [
                        -4.88523470746729e-06,
                        -2.11702830991678e-06,
                        -1.5756706188604952e-06,
                        -2.605183085771343e-06,
                        -8.184026103689629e-06,
                        1.0333200949047114e-06
                    ]
                ]
            },
            "est_tgt": [
                0,
                5
            ]
        },
        "obs": {
            "intv_type": "obs",
            "true_params": {
                "Si": [
                    [
                        1.0,
                        0.8615074724145068,
                        1.267538778378051,
                        -0.2823507386177461,
                        -0.23865895909669066,
                        0.7955542198989457
                    ],
                    [
                        0.8615074724145068,
                        1.7421951250260321,
                        1.713837714896805,
                        0.28700809549533285,
                        -0.6050178894203094,
                        0.3628117205468702
                    ],
                    [
                        1.267538778378051,
                        1.713837714896805,
                        2.993343999829244,
                        -0.02815461173751061,
                        -1.1931829652407075,
                        0.8078113548340288
                    ],
                    [
                        -0.2823507386177461,
                        0.28700809549533285,
                        -0.02815461173751061,
                        1.360892693465769,
                        -0.1444045117621887,
                        -1.0039852782357057
                    ],
                    [
                        -0.23865895909669066,
                        -0.6050178894203094,
                        -1.1931829652407075,
                        -0.1444045117621887,
                        1.6290395048443744,
                        -0.061030325333565026
                    ],
                    [
                        0.7955542198989457,
                        0.3628117205468702,
                        0.8078113548340288,
                        -1.0039852782357057,
                        -0.061030325333565026,
                        2.107005648530806
                    ]
                ],
                "mui": [
                    0.0,
                    0.0,
                    0.0,
                    0.0,
                    0.0,
                    0.0
                ],
                "Ai": [
                    [
                        0.0,
                        0.0,
                        0.0,
                        0.0,
                        0.0,
                        0.0
                    ],
                    [
                        0.8615074724145068,
                        0.0,
                        0.0,
                        0.0,
                        0.0,
                        0.0
                    ],
                    [
                        0.731815882582292,
                        0.6218435857489586,
                        0.0,
                        0.0,
                        0.0,
                        0.0
                    ],
                    [
                        -0.7391696992800223,
                        0.5302553666562764,
                        0.0,
                        0.0,
                        0.0,
                        0.0
                    ],
                    [
                        0.5754838026088986,
                        -0.0,
                        -0.6423020546537996,
                        0.0,
                        0.0,
                        0.0
                    ],
                    [
                        0.6237950232882203,
                        -0.0,
                        -0.0,
                        -0.6083185666578244,
                        -0.0,
                        0.0
                    ]
                ]
            },
            "est_params": {
                "mui": [
                    0.03714940603604833,
                    -0.025739459743495063,
                    0.058231912932529085,
                    -0.002457075253536097,
                    -0.05970380334177656,
                    0.057503481564251974
                ],
                "Si": [
