{
    "expt_args": {
        "save_dir": "all_expt_logs/expt_logs_11.05.24-large_nodes_sparse_intv",
        "exp_name": "13",
        "num_nodes": 15,
        "obs_noise_mean": 0.0,
        "obs_noise_var": 1.0,
        "max_edge_strength": 1.0,
        "graph_sparsity_method": "adj_dense_prop",
        "adj_dense_prop": 0.8,
        "num_parents": null,
        "new_noise_mean": 1.0,
        "mix_samples": 32768,
        "stage2_samples": 32768,
        "gmm_tol": 0.001,
        "intv_type": "do",
        "new_noise_var": null,
        "intv_targets": [
            9,
            11,
            13,
            6
        ]
    },
    "intv_args_dict": {
        "9": {
            "intv_type": "do",
            "inode": 9,
            "new_mui": 1.0,
            "new_vari": null,
            "true_params": {
                "Si": [
                    [
                        1.0,
                        -0.6421647779740072,
                        -0.57446037128597,
                        -1.3219372665673053,
                        -0.20240646959856362,
                        -1.1740365644188164,
                        1.4414798354393858,
                        1.276246120824958,
                        1.256451952686299,
                        0.0,
                        -0.5734823006363949,
                        3.0367737234696017,
                        1.2115691459082192,
                        1.5794430336849614,
                        6.211644484518319
                    ],
                    [
                        -0.6421647779740072,
                        1.412375602070406,
                        1.2634666998093314,
                        1.517734628533507,
                        0.5720805221504149,
                        0.9739822955888624,
                        -1.1874018148653043,
                        -0.5747818100112484,
                        -2.277232443080059,
                        0.0,
                        1.875580149295625,
                        -2.1535543450647765,
                        -1.6430572568331443,
                        -2.386236397453453,
                        -6.157475532554022
                    ],
                    [
                        -0.57446037128597,
                        1.2634666998093314,
                        2.130257489004335,
                        2.1053775701346855,
                        1.005972439897609,
                        0.42720686584629786,
                        -2.2657325670114146,
                        -1.300256231794525,
                        -3.042765796554039,
                        0.0,
                        3.0535051663807646,
                        -3.720390075406196,
                        -3.350486335844482,
                        -5.096122671646188,
                        -8.770119385797608
                    ],
                    [
                        -1.3219372665673053,
                        1.517734628533507,
                        2.1053775701346855,
                        3.753851306312933,
                        1.5937655367909658,
                        1.5077252242675439,
                        -3.2980713882373016,
                        -2.931003119800298,
                        -3.347526209636624,
                        0.0,
                        1.9419683537797015,
                        -7.592490602643391,
                        -5.485757896570026,
                        -5.922413031092691,
                        -13.656231034099198
                    ],
                    [
                        -0.20240646959856362,
                        0.5720805221504149,
                        1.005972439897609,
                        1.5937655367909658,
                        1.917591561729283,
                        -0.3575495686650123,
                        -0.525159547659069,
                        -1.1718402787229065,
                        0.34948378589096185,
                        0.0,
                        -0.19752066167832327,
                        -4.594769401572687,
                        -4.35982458589044,
                        -2.6335583217522602,
                        -3.699308785457694
                    ],
                    [
                        -1.1740365644188164,
                        0.9739822955888624,
                        0.42720686584629786,
                        1.5077252242675439,
                        -0.3575495686650123,
                        2.964018689142761,
                        -1.6489532851481126,
                        -0.3392363225106163,
                        -3.6129596601676335,
                        0.0,
                        1.0147918935705018,
                        -0.13727027728952512,
                        1.3362333386743077,
                        -0.30121287660224116,
                        -7.589414474488077
                    ],
                    [
                        1.4414798354393858,
                        -1.1874018148653043,
                        -2.2657325670114146,
                        -3.2980713882373016,
                        -0.525159547659069,
                        -1.6489532851481126,
                        5.167796391887732,
                        3.461679559070795,
                        4.852305947507271,
                        0.0,
                        -3.8869969228100443,
                        6.860637920787791,
                        3.7045412351320803,
                        7.855329811378091,
                        16.075388321065258
                    ],
                    [
                        1.276246120824958,
                        -0.5747818100112484,
                        -1.300256231794525,
                        -2.931003119800298,
                        -1.1718402787229065,
                        -0.3392363225106163,
                        3.461679559070795,
                        4.95327049742782,
                        0.16888075450601103,
                        0.0,
                        -0.049328506993278065,
                        10.725503343828098,
                        6.935798001180342,
                        5.196390787881279,
                        12.611456204368654
                    ],
                    [
                        1.256451952686299,
                        -2.277232443080059,
                        -3.042765796554039,
                        -3.347526209636624,
                        0.34948378589096185,
                        -3.6129596601676335,
                        4.852305947507271,
                        0.16888075450601103,
                        11.040077834837609,
                        0.0,
                        -7.144194990982978,
                        -1.2258812379942463,
                        -0.8938029074340887,
                        7.500026929471222,
                        16.351302739537015
                    ],
                    [
                        0.0,
                        0.0,
                        0.0,
                        0.0,
                        0.0,
                        0.0,
                        0.0,
                        0.0,
                        0.0,
                        1e-09,
                        0.0,
                        -8.943550215774661e-10,
                        -1.6708123367213152e-09,
                        -1.4045691084050744e-09,
                        -6.084048672338595e-10
                    ],
                    [
                        -0.5734823006363949,
                        1.875580149295625,
                        3.0535051663807646,
                        1.9419683537797015,
                        -0.19752066167832327,
                        1.0147918935705018,
                        -3.8869969228100443,
                        -0.049328506993278065,
                        -7.144194990982978,
                        0.0,
                        8.329055815767504,
                        0.7926867052245177,
                        0.9723174671454562,
                        -8.148504673302817,
                        -11.4451673145925
                    ],
                    [
                        3.0367737234696017,
                        -2.1535543450647765,
                        -3.720390075406196,
                        -7.592490602643391,
                        -4.594769401572687,
                        -0.13727027728952512,
                        6.860637920787791,
                        10.725503343828098,
                        -1.2258812379942463,
                        -8.943550215774661e-10,
                        0.7926867052245177,
                        28.47266608385063,
                        20.15346101779823,
                        13.18000789959206,
                        28.339416949602757
                    ],
                    [
                        1.2115691459082192,
                        -1.6430572568331443,
                        -3.350486335844482,
                        -5.485757896570026,
                        -4.35982458589044,
                        1.3362333386743077,
                        3.7045412351320803,
                        6.935798001180342,
                        -0.8938029074340887,
                        -1.6708123367213152e-09,
                        0.9723174671454562,
                        20.15346101779823,
                        18.35815394114568,
                        10.08247128559606,
                        17.23197051928801
                    ],
                    [
                        1.5794430336849614,
                        -2.386236397453453,
                        -5.096122671646188,
                        -5.922413031092691,
                        -2.6335583217522602,
                        -0.30121287660224116,
                        7.855329811378091,
                        5.196390787881279,
                        7.500026929471222,
                        -1.4045691084050744e-09,
                        -8.148504673302817,
                        13.18000789959206,
                        10.08247128559606,
                        18.00205901166627,
                        24.068300857036117
                    ],
                    [
                        6.211644484518319,
                        -6.157475532554022,
                        -8.770119385797608,
                        -13.656231034099198,
                        -3.699308785457694,
                        -7.589414474488077,
                        16.075388321065258,
                        12.611456204368654,
                        16.351302739537015,
                        -6.084048672338595e-10,
                        -11.445167314592501,
                        28.33941694960276,
                        17.23197051928801,
                        24.068300857036117,
                        62.36415287718129
                    ]
                ],
                "mui": [
                    0.0,
                    0.0,
                    0.0,
                    0.0,
                    0.0,
                    0.0,
                    0.0,
                    0.0,
                    0.0,
                    1.0,
                    0.0,
                    -0.894355021577466,
                    -1.670812336721315,
                    -1.4045691084050742,
                    -0.6084048672338594
                ],
                "Ai": [
                    [
                        0.0,
                        0.0,
                        0.0,
                        0.0,
                        0.0,
                        0.0,
                        0.0,
                        0.0,
                        0.0,
                        0.0,
                        0.0,
                        0.0,
                        0.0,
                        0.0,
                        0.0
                    ],
                    [
                        -0.6421647779740072,
                        0.0,
                        0.0,
                        0.0,
                        0.0,
                        0.0,
                        0.0,
                        0.0,
                        0.0,
                        0.0,
                        0.0,
                        0.0,
                        0.0,
                        0.0,
                        0.0
                    ],
                    [
                        0.0,
                        0.8945684830276107,
                        0.0,
                        0.0,
                        0.0,
                        0.0,
                        0.0,
                        0.0,
                        0.0,
                        0.0,
                        0.0,
                        0.0,
                        0.0,
                        0.0,
                        0.0
                    ],
                    [
                        -0.8924362220116229,
                        -0.0,
                        0.747660005848992,
                        0.0,
                        0.0,
                        0.0,
                        0.0,
                        0.0,
                        0.0,
                        0.0,
                        0.0,
                        0.0,
                        0.0,
                        0.0,
                        0.0
                    ],
                    [
                        0.6714010850113308,
                        0.0,
                        0.0,
                        0.661005311453942,
                        0.0,
                        0.0,
                        0.0,
                        0.0,
                        0.0,
                        0.0,
                        0.0,
                        0.0,
                        0.0,
                        0.0,
                        0.0
                    ],
                    [
                        -0.5273207826001778,
                        0.6173235987271517,
                        -0.5491833081999804,
                        0.5146394885232237,
                        -0.5659145269251762,
                        0.0,
                        0.0,
                        0.0,
                        0.0,
                        0.0,
                        0.0,
                        0.0,
                        0.0,
                        0.0,
                        0.0
                    ],
                    [
                        0.5286245647948216,
                        0.8148971166011313,
                        -0.96602990494179,
                        -0.7718032079807813,
                        0.6870720319841054,
                        -0.0,
                        0.0,
                        0.0,
                        0.0,
                        0.0,
                        0.0,
                        0.0,
                        0.0,
                        0.0,
                        0.0
                    ],
                    [
                        0.9086356329614016,
                        0.0,
                        0.8009992468904732,
                        -0.762853998680746,
                        0.0,
                        0.8197506467363918,
                        0.5423072155305524,
                        0.0,
                        0.0,
                        0.0,
                        0.0,
                        0.0,
                        0.0,
                        0.0,
                        0.0
                    ],
                    [
                        -0.9399104648151881,
                        0.0,
                        -0.874287507875251,
                        -0.7830981906108618,
                        0.7928733024022512,
                        -0.6729880429692201,
                        0.6922331123658148,
                        -0.7589114132548123,
                        0.0,
                        0.0,
                        0.0,
                        0.0,
                        0.0,
                        0.0,
                        0.0
                    ],
                    [
                        0.0,
                        0.0,
                        0.0,
                        0.0,
                        0.0,
                        0.0,
                        0.0,
                        0.0,
                        0.0,
                        0.0,
                        0.0,
                        0.0,
                        0.0,
                        0.0,
                        0.0
                    ],
                    [
                        -0.0,
                        0.6326411062713782,
                        0.9418243295086406,
                        0.0,
                        -0.6653328869294911,
                        -0.5219182273876192,
                        -0.9527888050422832,
                        0.7834110985104573,
                        -0.0,
                        0.0,
                        0.0,
                        0.0,
                        0.0,
                        0.0,
                        0.0
                    ],
                    [
                        0.8276655343348978,
                        -0.870546892231453,
                        -0.8183849186285079,
                        -0.854437911808569,
                        0.0,
                        0.713765927235124,
                        0.9432200628672318,
                        0.5483902492049393,
                        -0.6287071627973312,
                        -0.894355021577466,
                        0.6646331959714907,
                        0.0,
                        0.0,
                        0.0,
                        0.0
                    ],
                    [
                        -0.90315420926387,
                        0.0,
                        -0.9405518899371601,
                        0.0,
                        0.0,
                        0.5078011557601967,
                        -0.5650060618213711,
                        0.0,
                        0.5978328462585103,
                        -0.9272031800522359,
                        0.5074791750955531,
                        0.8314473992190474,
                        0.0,
                        0.0,
                        0.0
                    ],
                    [
                        0.0,
                        0.5417196572416316,
                        0.8669349441084389,
                        -0.0,
                        -0.6738006128514313,
                        0.8775111658190604,
                        0.52398913395947,
                        -0.56823908369659,
                        0.6921857768606028,
                        -0.8217799907444296,
                        -0.7681578255327115,
                        0.6516306205031637,
                        0.0,
                        0.0,
                        0.0
                    ],
                    [
                        0.6689388894463333,
                        0.622789822318813,
                        -0.7917531132882809,
                        0.0,
                        -0.6904827559869984,
                        -0.9339591993280083,
                        0.5652701380052005,
                        0.8732059856411201,
                        0.6897289564709359,
                        -0.9556915677162107,
                        -0.9267812792967616,
                        0.6473036990086531,
                        -0.0,
                        -0.6594235973395004,
                        0.0
                    ]
                ]
            },
            "est_params": {
                "mui": [
                    -0.01940366744943963,
                    -0.0007902198574300927,
                    0.018029225621304202,
                    0.020998453531122587,
                    -0.017960541908026505,
                    0.006022806822272038,
                    -0.08013241008832155,
                    -0.048788086615111546,
                    -0.02256068574171158,
                    0.999999724747494,
                    0.07234681919031952,
                    -0.9727427940781476,
                    -1.662464250746975,
                    -1.5040135534204795,
                    -0.7801755555850034
                ],
                "Si": [
                    [
                        0.9875086753381047,
                        -0.6504341528501402,
                        -0.5676854931433067,
                        -1.304668504148786,
                        -0.1672094070018633,
                        -1.1760266923593206,
                        1.415248722278549,
                        1.207896015659764,
                        1.2784201547707725,
                        2.890082376353677e-07,
                        -0.6164459925335102,
                        2.904488785183997,
                        1.1228188372918706,
                        1.5402856725199605,
                        6.094441970749633
                    ],
                    [
                        -0.6504341528501402,
                        1.4292828028852207,
                        1.2648150359404913,
                        1.536055930374741,
                        0.5774620704184925,
                        0.9962556231741468,
                        -1.1855541977285184,
                        -0.5422838445451981,
                        -2.3145424246676547,
                        -9.487719147075478e-07,
                        1.8921571199909881,
                        -2.1035007061879307,
                        -1.6026002855622636,
                        -2.360328503625331,
                        -6.154673135823731
                    ],
                    [
                        -0.5676854931433067,
                        1.2648150359404913,
                        2.0975479968593267,
                        2.077301267856011,
                        0.97221382395462,
                        0.44478705605714475,
                        -2.2161264447201057,
                        -1.218856771860688,
                        -3.0545421708487233,
                        -7.202961912795539e-07,
                        3.0566458961683156,
                        -3.5386931213854047,
                        -3.202071038264776,
                        -4.976335251735987,
                        -8.58354553194483
                    ],
                    [
                        -1.304668504148786,
                        1.5360559303747408,
                        2.077301267856011,
                        3.6892149479812804,
                        1.5193077050424668,
                        1.5277252033829336,
                        -3.2255947939685727,
                        -2.7645233445921846,
                        -3.417603917164094,
                        -1.931369032115394e-06,
                        2.0105711545428595,
                        -7.231055336726409,
                        -5.240187738479345,
                        -5.768968343594088,
                        -13.36014208321687
                    ],
                    [
                        -0.1672094070018633,
                        0.5774620704184926,
                        0.9722138239546201,
                        1.5193077050424668,
                        1.8854729580338088,
                        -0.37155796634166904,
                        -0.44431933758729314,
                        -1.0731605201605008,
                        0.34450174716805326,
                        -6.30602450900191e-07,
                        -0.20527362352952103,
                        -4.358790870183916,
                        -4.226726286051289,
                        -2.4951222369452495,
                        -3.408097498875973
                    ],
                    [
                        -1.1760266923593206,
                        0.9962556231741468,
                        0.4447870560571448,
                        1.5277252033829336,
                        -0.37155796634166904,
                        2.970759069436182,
                        -1.6455306122968023,
                        -0.2763699239430636,
                        -3.6796315620497477,
                        -5.063278193797511e-07,
                        1.0838640705795715,
                        -0.05288955816738255,
                        1.3811580130150722,
                        -0.3178865082163635,
                        -7.581915150312607
                    ],
                    [
                        1.415248722278549,
                        -1.1855541977285182,
                        -2.2161264447201057,
                        -3.2255947939685727,
                        -0.4443193375872931,
                        -1.645530612296802,
                        5.0348112079075875,
                        3.273708841658401,
                        4.824379658743522,
                        6.404815642010307e-07,
                        -3.8861542396358413,
                        6.514087660115654,
                        3.471029542260559,
                        7.638981744228576,
                        15.6427973417873
                    ],
                    [
                        1.207896015659764,
                        -0.5422838445451981,
                        -1.218856771860688,
                        -2.7645233445921846,
                        -1.0731605201605008,
                        -0.2763699239430636,
                        3.273708841658401,
                        4.695728793613336,
                        0.06493489811005192,
                        5.591017695115555e-07,
                        -0.04624870941157088,
                        10.217273315458,
                        6.607160855513513,
                        4.897664502580659,
                        11.89915324714557
                    ],
                    [
                        1.2784201547707725,
                        -2.314542424667655,
                        -3.0545421708487233,
                        -3.417603917164094,
                        0.34450174716805326,
                        -3.6796315620497477,
                        4.824379658743522,
                        0.06493489811005194,
                        11.137805222888113,
                        1.7918642774288518e-06,
                        -7.191157438278697,
                        -1.361650874109126,
                        -1.0074433661058193,
                        7.447983379494524,
                        16.32988086298232
                    ],
                    [
                        2.89008237635368e-07,
                        -9.487719147075476e-07,
                        -7.20296191279554e-07,
                        -1.931369032115394e-06,
                        -6.30602450900191e-07,
                        -5.063278193797508e-07,
                        6.404815642010305e-07,
                        5.591017695115556e-07,
                        1.7918642774288511e-06,
                        1.0036072628108827e-06,
                        -6.168371146621107e-07,
                        2.799487918156084e-06,
                        3.7119362470683647e-06,
                        2.60964915437239e-06,
                        4.376984380365611e-06
                    ],
                    [
                        -0.6164459925335102,
                        1.8921571199909881,
                        3.056645896168316,
                        2.0105711545428595,
                        -0.20527362352952105,
                        1.0838640705795717,
                        -3.8861542396358413,
                        -0.0462487094115709,
                        -7.191157438278697,
                        -6.168371146621107e-07,
                        8.328406913461,
                        0.804519068960225,
                        1.0108932517276739,
                        -8.078548701493057,
                        -11.551358708338034
                    ],
                    [
                        2.9044887851839976,
                        -2.1035007061879307,
                        -3.5386931213854047,
                        -7.231055336726409,
                        -4.358790870183916,
                        -0.05288955816738256,
                        6.514087660115654,
                        10.217273315458,
                        -1.3616508741091256,
                        2.799487918156085e-06,
                        0.8045190689602251,
                        27.425974530370326,
                        19.46002180209985,
                        12.611220454020492,
                        26.90711796540988
                    ],
                    [
                        1.1228188372918704,
                        -1.6026002855622639,
                        -3.202071038264776,
                        -5.240187738479345,
                        -4.226726286051289,
                        1.3811580130150725,
                        3.471029542260559,
                        6.607160855513513,
                        -1.0074433661058193,
                        3.711936247068364e-06,
                        1.0108932517276739,
                        19.46002180209985,
                        17.82652500716547,
                        9.664317001026731,
                        16.234326135694467
                    ],
                    [
                        1.5402856725199605,
                        -2.360328503625331,
                        -4.976335251735987,
                        -5.768968343594088,
                        -2.4951222369452495,
                        -0.3178865082163635,
                        7.638981744228577,
                        4.897664502580659,
                        7.447983379494524,
                        2.6096491543723898e-06,
                        -8.078548701493057,
                        12.611220454020492,
                        9.664317001026731,
                        17.630912249013956,
                        23.26134391475327
                    ],
                    [
                        6.094441970749632,
                        -6.154673135823731,
                        -8.58354553194483,
                        -13.360142083216873,
                        -3.4080974988759745,
                        -7.581915150312605,
                        15.642797341787302,
                        11.899153247145572,
                        16.329880862982318,
                        4.376984380365613e-06,
                        -11.551358708338032,
                        26.907117965409874,
                        16.234326135694467,
                        23.26134391475327,
                        60.79842900162538
                    ]
                ]
            },
            "est_tgt": [
                0,
                3,
                5,
                6,
                7,
                8,
                9,
                11,
                14
            ],
            "oracle_est_tgt": [
                0,
                1,
                3,
                4,
                7,
                9,
                11,
                13,
                14
            ],
            "intv_base_est_tgt": [
                0,
                3,
                4,
                6,
                7,
                8,
                9,
                10,
                11,
                12,
                13,
                14
            ]
        },
        "11": {
            "intv_type": "do",
            "inode": 11,
            "new_mui": 1.0,
            "new_vari": null,
            "true_params": {
                "Si": [
                    [
                        1.0,
                        -0.6421647779740072,
                        -0.57446037128597,
                        -1.3219372665673053,
                        -0.20240646959856362,
                        -1.1740365644188164,
                        1.4414798354393858,
                        1.276246120824958,
                        1.256451952686299,
                        1.4007989718171372,
                        -0.5734823006363949,
                        0.0,
                        -2.612173729770076,
                        -1.5505602781619314,
                        4.971195898415617
                    ],
                    [
                        -0.6421647779740072,
                        1.412375602070406,
                        1.2634666998093314,
                        1.517734628533507,
                        0.5720805221504149,
                        0.9739822955888624,
                        -1.1874018148653043,
                        -0.5747818100112484,
                        -2.277232443080059,
                        -0.9219331530711466,
                        1.875580149295625,
                        0.0,
                        1.0023292537709954,
                        -0.22528822529381864,
                        -5.307368315939046
                    ],
                    [
                        -0.57446037128597,
                        1.2634666998093314,
                        2.130257489004335,
                        2.1053775701346855,
                        1.005972439897609,
                        0.42720686584629786,
                        -2.2657325670114146,
                        -1.300256231794525,
                        -3.042765796554039,
                        -0.9001112815412513,
                        3.0535051663807646,
                        0.0,
                        0.5774083590782965,
                        -1.9321091376815103,
                        -7.588093553054742
                    ],
                    [
                        -1.3219372665673053,
                        1.517734628533507,
                        2.1053775701346855,
                        3.753851306312933,
                        1.5937655367909658,
                        1.5077252242675439,
                        -3.2980713882373016,
                        -2.931003119800298,
                        -3.347526209636624,
                        -1.244605242256478,
                        1.9419683537797015,
                        0.0,
                        1.981000607122769,
                        0.047878015934257855,
                        -11.489075846554108
                    ],
                    [
                        -0.20240646959856362,
                        0.5720805221504149,
                        1.005972439897609,
                        1.5937655367909658,
                        1.917591561729283,
                        -0.3575495686650123,
                        -0.525159547659069,
                        -1.1718402787229065,
                        0.34948378589096185,
                        2.1872796404582138,
                        -0.19752066167832327,
                        0.0,
                        -2.567568155237937,
                        -1.4369285282277298,
                        -3.604548187480747
                    ],
                    [
                        -1.1740365644188164,
                        0.9739822955888624,
                        0.42720686584629786,
                        1.5077252242675439,
                        -0.3575495686650123,
                        2.964018689142761,
                        -1.6489532851481126,
                        -0.3392363225106163,
                        -3.6129596601676335,
                        -3.7518900073954784,
                        1.0147918935705018,
                        0.0,
                        4.929130699780055,
                        2.8714647749161477,
                        -6.007047783330947
                    ],
                    [
                        1.4414798354393858,
                        -1.1874018148653043,
                        -2.2657325670114146,
                        -3.2980713882373016,
                        -0.525159547659069,
                        -1.6489532851481126,
                        5.167796391887732,
                        3.461679559070795,
                        4.852305947507271,
                        3.3455859450286844,
                        -3.8869969228100443,
                        0.0,
                        -5.101756248459163,
                        0.6353924790672418,
                        13.198120788884678
                    ],
                    [
                        1.276246120824958,
                        -0.5747818100112484,
                        -1.300256231794525,
                        -2.931003119800298,
                        -1.1718402787229065,
                        -0.3392363225106163,
                        3.461679559070795,
                        4.95327049742782,
                        0.16888075450601103,
                        0.46667870274149525,
                        -0.049328506993278065,
                        0.0,
                        -2.4145998366052934,
                        -2.1761828312857094,
                        10.084446332737656
                    ],
                    [
                        1.256451952686299,
                        -2.277232443080059,
                        -3.042765796554039,
                        -3.347526209636624,
                        0.34948378589096185,
                        -3.6129596601676335,
                        4.852305947507271,
                        0.16888075450601103,
                        11.040077834837609,
                        7.4946890252883955,
                        -7.144194990982978,
                        0.0,
                        -6.823646638102337,
                        2.1398632034147234,
                        13.516827541877529
                    ],
                    [
                        1.4007989718171372,
                        -0.9219331530711466,
                        -0.9001112815412513,
                        -1.244605242256478,
                        2.1872796404582138,
                        -3.7518900073954784,
                        3.3455859450286844,
                        0.46667870274149525,
                        7.4946890252883955,
                        9.574001254373242,
                        -3.7501243693469246,
                        0.0,
                        -10.5136097005782,
                        -4.357335504245769,
                        7.736430697843421
                    ],
                    [
                        -0.5734823006363949,
                        1.875580149295625,
                        3.0535051663807646,
                        1.9419683537797015,
                        -0.19752066167832327,
                        1.0147918935705018,
                        -3.8869969228100443,
                        -0.049328506993278065,
                        -7.144194990982978,
                        -3.7501243693469246,
                        8.329055815767504,
                        0.0,
                        3.790367408540869,
                        -5.583266433360505,
                        -10.065892741582994
                    ],
                    [
                        0.0,
