{
    "expt_args": {
        "save_dir": "all_expt_logs/expt_logs_11.05.24-large_nodes_sparse_intv",
        "exp_name": "36",
        "num_nodes": 15,
        "obs_noise_mean": 0.0,
        "obs_noise_var": 1.0,
        "max_edge_strength": 1.0,
        "graph_sparsity_method": "adj_dense_prop",
        "adj_dense_prop": 0.8,
        "num_parents": null,
        "new_noise_mean": 1.0,
        "mix_samples": 16384,
        "stage2_samples": 16384,
        "gmm_tol": 0.001,
        "intv_type": "do",
        "new_noise_var": null,
        "intv_targets": [
            10,
            5,
            2,
            11
        ]
    },
    "intv_args_dict": {
        "10": {
            "intv_type": "do",
            "inode": 10,
            "new_mui": 1.0,
            "new_vari": null,
            "true_params": {
                "Si": [
                    [
                        1.0,
                        -0.6421647779740072,
                        -0.57446037128597,
                        -1.3219372665673053,
                        -0.20240646959856362,
                        -1.1740365644188164,
                        1.4414798354393858,
                        1.276246120824958,
                        1.256451952686299,
                        1.4007989718171372,
                        0.0,
                        2.165117503109444,
                        -0.5209620879472332,
                        -0.580228333186814,
                        5.201332024959965
                    ],
                    [
                        -0.6421647779740072,
                        1.412375602070406,
                        1.2634666998093314,
                        1.517734628533507,
                        0.5720805221504149,
                        0.9739822955888624,
                        -1.1874018148653043,
                        -0.5747818100112484,
                        -2.277232443080059,
                        -0.9219331530711466,
                        0.0,
                        -2.5755916289838865,
                        -2.0909575745881446,
                        -0.46288102755609717,
                        -5.079631433958463
                    ],
                    [
                        -0.57446037128597,
                        1.2634666998093314,
                        2.130257489004335,
                        2.1053775701346855,
                        1.005972439897609,
                        0.42720686584629786,
                        -2.2657325670114146,
                        -1.300256231794525,
                        -3.042765796554039,
                        -0.9001112815412513,
                        0.0,
                        -4.944831928428355,
                        -5.083549570373686,
                        -2.8087391466271865,
                        -7.380899612830158
                    ],
                    [
                        -1.3219372665673053,
                        1.517734628533507,
                        2.1053775701346855,
                        3.753851306312933,
                        1.5937655367909658,
                        1.5077252242675439,
                        -3.2980713882373016,
                        -2.931003119800298,
                        -3.347526209636624,
                        -1.244605242256478,
                        0.0,
                        -7.770068287797768,
                        -5.464910960758874,
                        -3.5235982159026014,
                        -12.363774170915272
                    ],
                    [
                        -0.20240646959856362,
                        0.5720805221504149,
                        1.005972439897609,
                        1.5937655367909658,
                        1.917591561729283,
                        -0.3575495686650123,
                        -0.525159547659069,
                        -1.1718402787229065,
                        0.34948378589096185,
                        2.1872796404582138,
                        0.0,
                        -6.419695142968978,
                        -7.804969363185801,
                        -5.771925499654355,
                        -5.084499754196246
                    ],
                    [
                        -1.1740365644188164,
                        0.9739822955888624,
                        0.42720686584629786,
                        1.5077252242675439,
                        -0.3575495686650123,
                        2.964018689142761,
                        -1.6489532851481126,
                        -0.3392363225106163,
                        -3.6129596601676335,
                        -3.7518900073954784,
                        0.0,
                        2.543787011761213,
                        6.5291700418332965,
                        5.308594618151336,
                        -5.02705584019409
                    ],
                    [
                        1.4414798354393858,
                        -1.1874018148653043,
                        -2.2657325670114146,
                        -3.2980713882373016,
                        -0.525159547659069,
                        -1.6489532851481126,
                        5.167796391887732,
                        3.461679559070795,
                        4.852305947507271,
                        3.3455859450286844,
                        0.0,
                        6.451923518270984,
                        2.235248772754048,
                        1.8538363006390135,
                        12.968608159260995
                    ],
                    [
                        1.276246120824958,
                        -0.5747818100112484,
                        -1.300256231794525,
                        -2.931003119800298,
                        -1.1718402787229065,
                        -0.3392363225106163,
                        3.461679559070795,
                        4.95327049742782,
                        0.16888075450601103,
                        0.46667870274149525,
                        0.0,
                        10.340912265823428,
                        6.2083579624035865,
                        4.524380166392856,
                        12.31393100058294
                    ],
                    [
                        1.256451952686299,
                        -2.277232443080059,
                        -3.042765796554039,
                        -3.347526209636624,
                        0.34948378589096185,
                        -3.6129596601676335,
                        4.852305947507271,
                        0.16888075450601103,
                        11.040077834837609,
                        7.4946890252883955,
                        0.0,
                        -3.1805248534219146,
                        -5.842555574885709,
                        -5.420533469801507,
                        9.822459837745686
                    ],
                    [
                        1.4007989718171372,
                        -0.9219331530711466,
                        -0.9001112815412513,
                        -1.244605242256478,
                        2.1872796404582138,
                        -3.7518900073954784,
                        3.3455859450286844,
                        0.46667870274149525,
                        7.4946890252883955,
                        9.574001254373242,
                        0.0,
                        -8.77889171321873,
                        -15.909686362097656,
                        -12.958617539695336,
                        4.2501648996829955
                    ],
                    [
                        0.0,
                        0.0,
                        0.0,
                        0.0,
                        0.0,
                        0.0,
                        0.0,
                        0.0,
                        0.0,
                        0.0,
                        1e-09,
                        6.646331959714907e-10,
                        1.0600867173206926e-09,
                        -3.3506248363480823e-10,
                        -2.756136447684999e-10
                    ],
                    [
                        2.165117503109444,
                        -2.5755916289838865,
                        -4.944831928428355,
                        -7.770068287797768,
                        -6.419695142968978,
                        2.543787011761213,
                        6.451923518270984,
                        10.340912265823428,
                        -3.1805248534219146,
                        -8.77889171321873,
                        6.646331959714907e-10,
                        39.143155522155446,
                        39.12566706014346,
                        28.900009333374186,
                        30.96946075634118
                    ],
                    [
                        -0.5209620879472332,
                        -2.0909575745881446,
                        -5.083549570373686,
                        -5.464910960758874,
                        -7.804969363185801,
                        6.5291700418332965,
                        2.235248772754048,
                        6.2083579624035865,
                        -5.842555574885709,
                        -15.909686362097656,
                        1.0600867173206926e-09,
                        39.12566706014346,
                        52.09401652593142,
                        37.61761834609195,
                        20.04532749133544
                    ],
                    [
                        -0.580228333186814,
                        -0.46288102755609717,
                        -2.8087391466271865,
                        -3.5235982159026014,
                        -5.771925499654355,
                        5.308594618151336,
                        1.8538363006390135,
                        4.524380166392856,
                        -5.420533469801507,
                        -12.958617539695336,
                        -3.3506248363480823e-10,
                        28.900009333374186,
                        37.61761834609195,
                        30.99144000792448,
                        12.489790170097514
                    ],
                    [
                        5.201332024959965,
                        -5.079631433958463,
                        -7.380899612830158,
                        -12.363774170915272,
                        -5.084499754196246,
                        -5.027055840194091,
                        12.968608159260995,
                        12.31393100058294,
                        9.822459837745683,
                        4.2501648996829955,
                        -2.756136447684999e-10,
                        30.96946075634118,
                        20.04532749133544,
                        12.489790170097514,
                        47.9724427465167
                    ]
                ],
                "mui": [
                    0.0,
                    0.0,
                    0.0,
                    0.0,
                    0.0,
                    0.0,
                    0.0,
                    0.0,
                    0.0,
                    0.0,
                    1.0,
                    0.6646331959714907,
                    1.0600867173206925,
                    -0.33506248363480823,
                    -0.27561364476849987
                ],
                "Ai": [
                    [
                        0.0,
                        0.0,
                        0.0,
                        0.0,
                        0.0,
                        0.0,
                        0.0,
                        0.0,
                        0.0,
                        0.0,
                        0.0,
                        0.0,
                        0.0,
                        0.0,
                        0.0
                    ],
                    [
                        -0.6421647779740072,
                        0.0,
                        0.0,
                        0.0,
                        0.0,
                        0.0,
                        0.0,
                        0.0,
                        0.0,
                        0.0,
                        0.0,
                        0.0,
                        0.0,
                        0.0,
                        0.0
                    ],
                    [
                        0.0,
                        0.8945684830276107,
                        0.0,
                        0.0,
                        0.0,
                        0.0,
                        0.0,
                        0.0,
                        0.0,
                        0.0,
                        0.0,
                        0.0,
                        0.0,
                        0.0,
                        0.0
                    ],
                    [
                        -0.8924362220116229,
                        -0.0,
                        0.747660005848992,
                        0.0,
                        0.0,
                        0.0,
                        0.0,
                        0.0,
                        0.0,
                        0.0,
                        0.0,
                        0.0,
                        0.0,
                        0.0,
                        0.0
                    ],
                    [
                        0.6714010850113308,
                        0.0,
                        0.0,
                        0.661005311453942,
                        0.0,
                        0.0,
                        0.0,
                        0.0,
                        0.0,
                        0.0,
                        0.0,
                        0.0,
                        0.0,
                        0.0,
                        0.0
                    ],
                    [
                        -0.5273207826001778,
                        0.6173235987271517,
                        -0.5491833081999804,
                        0.5146394885232237,
                        -0.5659145269251762,
                        0.0,
                        0.0,
                        0.0,
                        0.0,
                        0.0,
                        0.0,
                        0.0,
                        0.0,
                        0.0,
                        0.0
                    ],
                    [
                        0.5286245647948216,
                        0.8148971166011313,
                        -0.96602990494179,
                        -0.7718032079807813,
                        0.6870720319841054,
                        -0.0,
                        0.0,
                        0.0,
                        0.0,
                        0.0,
                        0.0,
                        0.0,
                        0.0,
                        0.0,
                        0.0
                    ],
                    [
                        0.9086356329614016,
                        0.0,
                        0.8009992468904732,
                        -0.762853998680746,
                        0.0,
                        0.8197506467363918,
                        0.5423072155305524,
                        0.0,
                        0.0,
                        0.0,
                        0.0,
                        0.0,
                        0.0,
                        0.0,
                        0.0
                    ],
                    [
                        -0.9399104648151881,
                        0.0,
                        -0.874287507875251,
                        -0.7830981906108618,
                        0.7928733024022512,
                        -0.6729880429692201,
                        0.6922331123658148,
                        -0.7589114132548123,
                        0.0,
                        0.0,
                        0.0,
                        0.0,
                        0.0,
                        0.0,
                        0.0
                    ],
                    [
                        0.6040781019363397,
                        0.680363404087997,
                        -0.5992214738783326,
                        0.696109429860085,
                        0.7963770643221011,
                        -0.688165555269356,
                        -0.6731840671731399,
                        0.8556184375284646,
                        0.8287401527155078,
                        0.0,
                        0.0,
                        0.0,
                        0.0,
                        0.0,
                        0.0
                    ],
                    [
                        0.0,
                        0.0,
                        0.0,
                        0.0,
                        0.0,
                        0.0,
                        0.0,
                        0.0,
                        0.0,
                        0.0,
                        0.0,
                        0.0,
                        0.0,
                        0.0,
                        0.0
                    ],
                    [
                        0.8276655343348978,
                        -0.870546892231453,
                        -0.8183849186285079,
                        -0.854437911808569,
                        0.0,
                        0.713765927235124,
                        0.9432200628672318,
                        0.5483902492049393,
                        -0.6287071627973312,
                        -0.894355021577466,
                        0.6646331959714907,
                        0.0,
                        0.0,
                        0.0,
                        0.0
                    ],
                    [
                        -0.90315420926387,
                        0.0,
                        -0.9405518899371601,
                        0.0,
                        0.0,
                        0.5078011557601967,
                        -0.5650060618213711,
                        0.0,
                        0.5978328462585103,
                        -0.9272031800522359,
                        0.5074791750955531,
                        0.8314473992190474,
                        0.0,
                        0.0,
                        0.0
                    ],
                    [
                        0.0,
                        0.5417196572416316,
                        0.8669349441084389,
                        -0.0,
                        -0.6738006128514313,
                        0.8775111658190604,
                        0.52398913395947,
                        -0.56823908369659,
                        0.6921857768606028,
                        -0.8217799907444296,
                        -0.7681578255327115,
                        0.6516306205031637,
                        0.0,
                        0.0,
                        0.0
                    ],
                    [
                        0.6689388894463333,
                        0.622789822318813,
                        -0.7917531132882809,
                        0.0,
                        -0.6904827559869984,
                        -0.9339591993280083,
                        0.5652701380052005,
                        0.8732059856411201,
                        0.6897289564709359,
                        -0.9556915677162107,
                        -0.9267812792967616,
                        0.6473036990086531,
                        -0.0,
                        -0.6594235973395004,
                        0.0
                    ]
                ]
            },
            "est_params": {
                "mui": [
                    -0.024614534455760447,
                    0.008219341820864227,
                    0.017582588658161136,
                    0.022484636957853354,
                    -0.005682777832085045,
                    0.00840534220556758,
                    -0.03760189911772325,
                    -0.037511057187810164,
                    0.009314798976931864,
                    -0.022634688226881434,
                    1.000000631342031,
                    0.5633775588247052,
                    1.0326792274279735,
                    -0.3322896168406954,
                    -0.4011882936264292
                ],
                "Si": [
                    [
                        1.0143727074802347,
                        -0.6729648016322548,
                        -0.5674818475295356,
                        -1.327212280918473,
                        -0.17767883542163854,
                        -1.203663169913152,
                        1.42874672621808,
                        1.2322061716356514,
                        1.274041853757163,
                        1.4180699194372792,
                        2.980087003756759e-07,
                        2.1146688300029877,
                        -0.5757804614052116,
                        -0.6454143257699476,
                        5.156061070375215
                    ],
                    [
                        -0.6729648016322548,
                        1.464222691542644,
                        1.2850042987670744,
                        1.571070465131878,
                        0.5825513717991596,
                        1.0444737220108837,
                        -1.225309878352115,
                        -0.560627057239866,
                        -2.3781657671211405,
                        -0.996579354452784,
                        -5.139050079412746e-07,
                        -2.523133159668728,
                        -1.9745375583250162,
                        -0.3559962067605001,
                        -5.16566104947274
                    ],
                    [
                        -0.5674818475295356,
                        1.2850042987670744,
                        2.0905448979736185,
                        2.0779139281153176,
                        0.9647323842267701,
                        0.47933672276616074,
                        -2.2066828018795923,
                        -1.185968839394088,
                        -3.10805162235315,
                        -0.96319552057099,
                        1.3030933754745414e-06,
                        -4.614450991256727,
                        -4.767669405189832,
                        -2.569483402329715,
                        -7.108037849897988
                    ],
                    [
                        -1.327212280918473,
                        1.571070465131878,
                        2.077913928115318,
                        3.668278919119365,
                        1.5016235376876483,
                        1.586437160048618,
                        -3.214667601808901,
                        -2.7119912952594345,
                        -3.4720697150586597,
                        -1.4094679341468512,
                        1.2002368292294242e-06,
                        -7.193714387182681,
                        -4.901209787706413,
                        -3.036551729011966,
                        -11.927523297487419
                    ],
                    [
                        -0.17767883542163854,
                        0.5825513717991596,
                        0.96473238422677,
                        1.5016235376876483,
                        1.893325578156298,
                        -0.3585822366644548,
                        -0.43264747988319496,
                        -1.0704690534079864,
                        0.35921159227486027,
                        2.173398035824002,
                        2.0297644933720296e-07,
                        -6.097548912541289,
                        -7.524642352263973,
                        -5.525686868297624,
                        -4.790878652228882
                    ],
                    [
                        -1.2036631699131517,
                        1.0444737220108837,
                        0.47933672276616074,
                        1.586437160048618,
                        -0.3585822366644547,
                        3.0368643299930462,
                        -1.7318545529049891,
                        -0.3105118258620021,
                        -3.7837478779298186,
                        -3.8366663783158192,
                        -8.650755404846886e-07,
                        2.503999138528987,
                        6.506671677550751,
                        5.315970742678196,
                        -5.198576657389845
                    ],
                    [
                        1.42874672621808,
                        -1.2253098783521148,
                        -2.2066828018795923,
                        -3.214667601808901,
                        -0.43264747988319485,
                        -1.7318545529049891,
                        5.002729970176344,
                        3.1758902680446193,
                        4.9123413109543534,
                        3.3867175549333046,
                        3.9324979017734825e-07,
                        5.888939779681889,
                        1.8156881143468393,
                        1.5145288432282042,
                        12.447602789692537
                    ],
                    [
                        1.2322061716356514,
                        -0.5606270572398658,
                        -1.185968839394088,
                        -2.7119912952594345,
                        -1.0704690534079864,
                        -0.3105118258620021,
                        3.175890268044619,
                        4.601514716370285,
                        0.013838126327423185,
                        0.3628930800530093,
                        -6.1312244930204e-07,
                        9.717884617357273,
                        5.834582732028483,
                        4.204130262973168,
                        11.48005973999366
                    ],
                    [
                        1.274041853757163,
                        -2.3781657671211405,
                        -3.10805162235315,
                        -3.4720697150586597,
                        0.3592115922748604,
                        -3.7837478779298186,
                        4.9123413109543534,
                        0.013838126327423173,
                        11.379923927717334,
                        7.682692369969523,
                        7.189636432537124e-07,
                        -3.464637699767793,
                        -6.076986734284258,
                        -5.598544207957763,
                        9.784462889821935
                    ],
                    [
                        1.4180699194372788,
                        -0.9965793544527838,
                        -0.9631955205709898,
                        -1.409467934146851,
                        2.173398035824002,
                        -3.8366663783158192,
                        3.3867175549333046,
                        0.3628930800530093,
                        7.682692369969523,
                        9.543015275743146,
                        1.1832357668935908e-07,
                        -8.632553738758604,
                        -15.604236546257685,
                        -12.70534317613084,
                        4.388268777767315
                    ],
                    [
                        2.9800870037567605e-07,
                        -5.139050079412746e-07,
                        1.3030933754745414e-06,
                        1.2002368292294255e-06,
                        2.0297644933720296e-07,
                        -8.650755404846889e-07,
                        3.9324979017734846e-07,
                        -6.131224493020411e-07,
                        7.189636432537124e-07,
                        1.1832357668935908e-07,
                        1.0129504022956032e-06,
                        -7.280177489347716e-06,
                        -8.20744278346484e-06,
                        -1.181099250536508e-06,
                        -3.726720928682632e-06
                    ],
                    [
                        2.114668830002988,
                        -2.5231331596687285,
                        -4.614450991256727,
                        -7.193714387182683,
                        -6.097548912541289,
                        2.503999138528987,
                        5.888939779681889,
                        9.717884617357273,
                        -3.464637699767793,
                        -8.632553738758604,
                        -7.280177489347716e-06,
                        37.301891427357084,
                        37.3110174508797,
                        27.473644151542057,
                        29.0825865627698
                    ],
                    [
                        -0.5757804614052116,
                        -1.974537558325016,
                        -4.767669405189832,
                        -4.901209787706413,
                        -7.524642352263973,
                        6.506671677550751,
                        1.8156881143468395,
                        5.834582732028483,
                        -6.076986734284258,
                        -15.604236546257685,
                        -8.207442783464838e-06,
                        37.31101745087971,
                        50.01344690889703,
                        36.01752593133665,
                        18.411130411464345
                    ],
                    [
                        -0.6454143257699476,
                        -0.35599620676050014,
                        -2.5694834023297153,
                        -3.036551729011966,
                        -5.525686868297623,
                        5.315970742678196,
                        1.5145288432282047,
                        4.204130262973168,
                        -5.598544207957763,
                        -12.705343176130839,
                        -1.1810992505365058e-06,
                        27.473644151542057,
                        36.01752593133666,
                        29.773053108803012,
                        11.179530650352813
                    ],
                    [
                        5.156061070375213,
                        -5.165661049472739,
                        -7.108037849897988,
                        -11.927523297487417,
                        -4.790878652228882,
                        -5.198576657389846,
                        12.447602789692535,
                        11.48005973999366,
                        9.784462889821937,
                        4.3882687777673155,
                        -3.726720928682629e-06,
                        29.082586562769805,
                        18.411130411464338,
                        11.179530650352813,
                        46.101864296110335
                    ]
                ]
            },
            "est_tgt": [
                0,
                2,
                4,
                6,
                7,
                8,
                9,
                10,
                13,
                14
            ],
            "oracle_est_tgt": [
                1,
                2,
                5,
                6,
                7,
                8,
                9,
                10,
                11,
                13,
                14
            ],
            "intv_base_est_tgt": [
                1,
                2,
                3,
                4,
                5,
                6,
                7,
                8,
                9,
                10,
                11,
                12
            ]
        },
        "5": {
            "intv_type": "do",
            "inode": 5,
            "new_mui": 1.0,
            "new_vari": null,
            "true_params": {
                "Si": [
                    [
                        1.0,
                        -0.6421647779740072,
                        -0.57446037128597,
                        -1.3219372665673053,
                        -0.20240646959856362,
                        0.0,
                        1.4414798354393858,
                        2.2386633537994545,
                        -0.264050039593688,
                        0.1562283233990921,
                        -0.432265041516169,
                        5.312625833014794,
                        2.717800973824597,
                        2.25647275816463,
                        5.6533309800080715
                    ],
                    [
                        -0.6421647779740072,
                        1.412375602070406,
                        1.2634666998093314,
                        1.517734628533507,
                        0.5720805221504149,
                        0.0,
                        -1.1874018148653043,
                        -1.3732044267300139,
                        -1.0158219676563982,
                        0.11056431243053214,
                        1.758426123277046,
                        -4.256402903029223,
                        -3.293910752440283,
                        -3.285238679562174,
                        -5.840419438813576
                    ],
                    [
                        -0.57446037128597,
                        1.2634666998093314,
                        2.130257489004335,
                        2.1053775701346855,
                        1.005972439897609,
                        0.0,
                        -2.2657325670114146,
                        -1.6504593363622546,
                        -2.489487550951406,
                        -0.44723856688421704,
                        3.0021192176799065,
                        -4.199376493121816,
                        -3.24630285640045,
                        -4.794149035658048,
                        -8.329445582449067
                    ],
                    [
                        -1.3219372665673053,
                        1.517734628533507,
                        2.1053775701346855,
                        3.753851306312933,
                        1.5937655367909658,
                        0.0,
                        -3.2980713882373016,
                        -4.166961847494389,
                        -1.3948619768625394,
                        0.3537015029272283,
                        1.7606138456406037,
                        -11.010964141359693,
                        -8.346283419513838,
                        -7.570470252938666,
                        -13.276491011754075
                    ],
                    [
                        -0.20240646959856362,
                        0.5720805221504149,
                        1.005972439897609,
                        1.5937655367909658,
                        1.917591561729283,
                        0.0,
                        -0.525159547659069,
                        -0.8787387885694449,
                        -0.11358086470884843,
                        1.8082491127886662,
                        -0.15451333838299908,
                        -5.476329219817638,
                        -6.84285538464166,
                        -4.900353792511169,
                        -4.940541935974438
                    ],
                    [
                        0.0,
                        0.0,
                        0.0,
                        0.0,
                        0.0,
                        1e-09,
                        0.0,
                        8.197506467363918e-10,
                        -1.2951061648004816e-09,
                        -1.0600782685453628e-09,
                        1.2028352727679536e-10,
                        3.0055824589732386e-09,
                        3.27647719660181e-09,
                        2.252526682325896e-09,
                        2.503664850549129e-10
                    ],
                    [
                        1.4414798354393858,
                        -1.1874018148653043,
                        -2.2657325670114146,
                        -3.2980713882373016,
                        -0.525159547659069,
                        0.0,
                        5.167796391887732,
                        4.813410081009058,
                        2.716736382443944,
                        1.5975664015966862,
                        -3.68865500535777,
                        8.824561400239862,
                        3.5174528016661477,
                        6.87053441618167,
                        14.452760186382898
                    ],
                    [
                        2.2386633537994545,
                        -1.3732044267300139,
                        -1.6504593363622546,
                        -4.166961847494389,
                        -0.8787387885694449,
                        8.197506467363918e-10,
                        4.813410081009058,
                        7.501243134639454,
                        -0.45553256308041534,
                        0.6069441234323671,
                        -0.5481406258470768,
                        15.992398712695104,
                        8.9944540577781,
                        6.705144595953859,
                        17.370998283016615
                    ],
                    [
                        -0.264050039593688,
                        -1.0158219676563982,
                        -2.489487550951406,
                        -1.3948619768625394,
                        -0.11358086470884843,
                        -1.2951061648004816e-09,
                        2.716736382443944,
                        -0.45553256308041534,
                        6.653293660797426,
                        2.874915588004094,
                        -5.857086868688976,
                        -4.4393547318942765,
                        -4.306515347351895,
                        2.899522897014421,
                        4.862175025799261
                    ],
                    [
                        0.1562283233990921,
                        0.11056431243053214,
                        -0.44723856688421704,
                        0.3537015029272283,
                        1.8082491127886662,
                        -1.0600782685453628e-09,
                        1.5975664015966862,
                        0.6069441234323671,
                        2.874915588004094,
                        4.950270364744597,
                        -2.6010168566824365,
                        -6.0269517028407575,
                        -9.825324553115657,
                        -5.0614254590986,
                        -0.1891430849521588
                    ],
                    [
                        -0.432265041516169,
                        1.758426123277046,
                        3.0021192176799065,
                        1.7606138456406037,
                        -0.15451333838299908,
                        1.2028352727679536e-10,
                        -3.68865500535777,
                        -0.5481406258470768,
                        -5.857086868688976,
                        -2.6010168566824365,
                        8.127814117590558,
                        1.7810440644754042,
                        4.166518572234601,
                        -4.961602765547925,
                        -8.6900677917949
