{
    "expt_args": {
        "save_dir": "all_expt_logs/expt_logs_11.05.24-large_nodes_sparse_intv",
        "exp_name": "101",
        "num_nodes": 12,
        "obs_noise_mean": 0.0,
        "obs_noise_var": 1.0,
        "max_edge_strength": 1.0,
        "graph_sparsity_method": "adj_dense_prop",
        "adj_dense_prop": 0.8,
        "num_parents": null,
        "new_noise_mean": 1.0,
        "mix_samples": 32768,
        "stage2_samples": 32768,
        "gmm_tol": 0.001,
        "intv_type": "do",
        "new_noise_var": null,
        "intv_targets": [
            6,
            8,
            1,
            3
        ]
    },
    "intv_args_dict": {
        "6": {
            "intv_type": "do",
            "inode": 6,
            "new_mui": 1.0,
            "new_vari": null,
            "true_params": {
                "Si": [
                    [
                        1.0,
                        0.0,
                        0.6480189747876454,
                        -1.218322741163885,
                        0.4321997728493525,
                        -0.650521751742879,
                        0.0,
                        0.35560048391989185,
                        1.23153890072475,
                        -1.6284788017166032,
                        0.7587252218770553,
                        -0.7967907644731015
                    ],
                    [
                        0.0,
                        1.0,
                        0.0,
                        -0.869058295345422,
                        0.0,
                        1.2746418216588444,
                        0.0,
                        -0.6721762748008272,
                        -0.4709721686551251,
                        -0.16242870285592637,
                        0.932669409809564,
                        -0.4401440909991421
                    ],
                    [
                        0.6480189747876454,
                        0.0,
                        1.419928591684831,
                        -1.7499489634936491,
                        0.9470290819641369,
                        -1.1909631925793036,
                        0.0,
                        0.7791859713680146,
                        2.9679884834662134,
                        -2.916820254910629,
                        0.38453425874931463,
                        -1.6305521885009648
                    ],
                    [
                        -1.218322741163885,
                        -0.869058295345422,
                        -1.7499489634936491,
                        4.1620420301159164,
                        -1.1671379603780307,
                        -0.3872568388001564,
                        0.0,
                        -0.376124319263913,
                        -3.0750663602023325,
                        4.516942549718331,
                        -2.2611092693124792,
                        2.863383236003029
                    ],
                    [
                        0.4321997728493525,
                        0.0,
                        0.9470290819641369,
                        -1.1671379603780307,
                        1.6316261869349729,
                        -1.6446697409786704,
                        0.0,
                        1.3424511027049548,
                        4.070424732965936,
                        -2.860716235182047,
                        0.7255759015156545,
                        -2.7977943788222808
                    ],
                    [
                        -0.650521751742879,
                        1.2746418216588444,
                        -1.1909631925793036,
                        -0.3872568388001564,
                        -1.6446697409786704,
                        5.02078222220075,
                        0.0,
                        -2.2099669232639596,
                        -5.818513586094124,
                        2.54092850582704,
                        0.5825749766202285,
                        1.9668318874851125
                    ],
                    [
                        0.0,
                        0.0,
                        0.0,
                        0.0,
                        0.0,
                        0.0,
                        1e-09,
                        -8.193717911597207e-10,
                        1.0568736124450585e-10,
                        5.044076590517153e-10,
                        -9.315758048377616e-10,
                        -1.2572986120964403e-09
                    ],
                    [
                        0.35560048391989185,
                        -0.6721762748008272,
                        0.7791859713680146,
                        -0.376124319263913,
                        1.3424511027049548,
                        -2.2099669232639596,
                        -8.193717911597207e-10,
                        2.5563478137823354,
                        4.486276499573012,
                        -3.744608251596694,
                        0.10461887293972968,
                        -2.535213224304642
                    ],
                    [
                        1.23153890072475,
                        -0.4709721686551251,
                        2.9679884834662134,
                        -3.0750663602023325,
                        4.070424732965936,
                        -5.818513586094124,
                        1.0568736124450585e-10,
                        4.486276499573012,
                        13.291514671265906,
                        -9.955592844155012,
                        1.6081586554605534,
                        -7.353491635831876
                    ],
                    [
                        -1.6284788017166032,
                        -0.16242870285592637,
                        -2.916820254910629,
                        4.516942549718331,
                        -2.860716235182047,
                        2.54092850582704,
                        5.044076590517153e-10,
                        -3.744608251596694,
                        -9.955592844155012,
                        11.464809304037718,
                        -1.2582543950515401,
                        6.152384681246221
                    ],
                    [
                        0.7587252218770553,
                        0.932669409809564,
                        0.38453425874931463,
                        -2.2611092693124792,
                        0.7255759015156545,
                        0.5825749766202285,
                        -9.315758048377616e-10,
                        0.10461887293972968,
                        1.6081586554605534,
                        -1.2582543950515401,
                        4.132679543040411,
                        -1.4436480840141384
                    ],
                    [
                        -0.7967907644731015,
                        -0.4401440909991421,
                        -1.6305521885009648,
                        2.863383236003029,
                        -2.7977943788222808,
                        1.9668318874851125,
                        -1.2572986120964403e-09,
                        -2.535213224304642,
                        -7.353491635831876,
                        6.152384681246221,
                        -1.4436480840141384,
                        6.951576297398795
                    ]
                ],
                "mui": [
                    0.0,
                    0.0,
                    0.0,
                    0.0,
                    0.0,
                    0.0,
                    1.0,
                    -0.8193717911597207,
                    0.10568736124450584,
                    0.5044076590517153,
                    -0.9315758048377616,
                    -1.2572986120964402
                ],
                "Ai": [
                    [
                        0.0,
                        0.0,
                        0.0,
                        0.0,
                        0.0,
                        0.0,
                        0.0,
                        0.0,
                        0.0,
                        0.0,
                        0.0,
                        0.0
                    ],
                    [
                        0.0,
                        0.0,
                        0.0,
                        0.0,
                        0.0,
                        0.0,
                        0.0,
                        0.0,
                        0.0,
                        0.0,
                        0.0,
                        0.0
                    ],
                    [
                        0.6480189747876454,
                        0.0,
                        0.0,
                        0.0,
                        0.0,
                        0.0,
                        0.0,
                        0.0,
                        0.0,
                        0.0,
                        0.0,
                        0.0
                    ],
                    [
                        -0.5959311608245811,
                        -0.869058295345422,
                        -0.9604527098041544,
                        0.0,
                        0.0,
                        0.0,
                        0.0,
                        0.0,
                        0.0,
                        0.0,
                        0.0,
                        0.0
                    ],
                    [
                        0.0,
                        -0.0,
                        0.6669554282588462,
                        -0.0,
                        0.0,
                        0.0,
                        0.0,
                        0.0,
                        0.0,
                        0.0,
                        0.0,
                        0.0
                    ],
                    [
                        -0.6352569396282343,
                        0.5697931355307397,
                        -0.9812409716719916,
                        -0.8110487983409105,
                        -0.8503503748314183,
                        0.0,
                        0.0,
                        0.0,
                        0.0,
                        0.0,
                        0.0,
                        0.0
                    ],
                    [
                        0.0,
                        0.0,
                        0.0,
                        0.0,
                        0.0,
                        0.0,
                        0.0,
                        0.0,
                        0.0,
                        0.0,
                        0.0,
                        0.0
                    ],
                    [
                        -0.0,
                        -0.6721762748008272,
                        0.0,
                        0.0,
                        0.8227687894779155,
                        0.0,
                        -0.8193717911597207,
                        0.0,
                        0.0,
                        0.0,
                        0.0,
                        0.0
                    ],
                    [
                        -0.6791918049320141,
                        0.6738271230483421,
                        0.0,
                        -0.6202520756836001,
                        0.660359586864627,
                        -0.8882430196932152,
                        0.7781308380208258,
                        0.82068175159479,
                        0.0,
                        0.0,
                        0.0,
                        0.0
                    ],
                    [
                        -0.715386860434043,
                        -0.0,
                        -0.7027516430560043,
                        -0.0,
                        0.9064753158407577,
                        -0.8595469500426351,
                        -0.0,
                        -0.7357345694797635,
                        -0.9313553844278751,
                        0.0,
                        0.0,
                        0.0
                    ],
                    [
                        0.9849198640144243,
                        0.6206534114054076,
                        -0.6414466174617965,
                        -0.8496839720430079,
                        -0.8134808034752001,
                        0.5695125212305991,
                        -0.8563647267264984,
                        0.8131253922959325,
                        0.9508047603379851,
                        0.9725325855580922,
                        0.0,
                        0.0
                    ],
                    [
                        -0.5787448262240089,
                        -0.7646391295224524,
                        0.9000998808659353,
                        0.9668422599655627,
                        -0.5362517908701662,
                        -0.5038147760956649,
                        -0.9984565261482078,
                        -0.994826653163505,
                        -0.8359995630938042,
                        -0.7072638050794776,
                        0.6750616657295784,
                        0.0
                    ]
                ]
            },
            "est_params": {
                "mui": [
                    0.012328024722602056,
                    0.018302110549530255,
                    0.0038598528932348606,
                    -0.03253302115195125,
                    0.027338251498404947,
                    0.0067306763677965654,
                    1.0000004205106847,
                    -0.8142373306462338,
                    0.1527539009859595,
                    0.4544491535734763,
                    -0.9040162056879322,
                    -1.3284350478289595
                ],
                "Si": [
                    [
                        1.0005789179459357,
                        0.01302236870642888,
                        0.6374835598585785,
                        -1.2122348022328004,
                        0.4461301941042171,
                        -0.6524807230809474,
                        3.6268729241391297e-07,
                        0.3714797046235897,
                        1.2553797409517529,
                        -1.6428464500157276,
                        0.7649446898857823,
                        -0.8241747469699754
                    ],
                    [
                        0.013022368706428877,
                        0.9929933277955891,
                        0.014665184222106907,
                        -0.884846019249875,
                        0.023859222620022803,
                        1.2282605885703373,
                        1.3196287573978074e-06,
                        -0.6833000910337022,
                        -0.4407295042903229,
                        -0.1499332634854697,
                        0.9530843640993549,
                        -0.4529579034585131
                    ],
                    [
                        0.6374835598585785,
                        0.014665184222106907,
                        1.4087847340027078,
                        -1.757455110016719,
                        0.927925327357351,
                        -1.1464264217414533,
                        -7.809495136811159e-07,
                        0.7515450735164835,
                        2.8909793583241172,
                        -2.869952254793984,
                        0.3971141211415081,
                        -1.6022443956527768
                    ],
                    [
                        -1.2122348022328004,
                        -0.884846019249875,
                        -1.757455110016719,
                        4.207103260587293,
                        -1.1943318145029456,
                        -0.40563237441537064,
                        -4.794374935268606e-07,
                        -0.3494103862973493,
                        -3.064150113534148,
                        4.49810251996263,
                        -2.3034265807454517,
                        2.886199328849749
                    ],
                    [
                        0.4461301941042173,
                        0.023859222620022814,
                        0.927925327357351,
                        -1.1943318145029456,
                        1.623541590870897,
                        -1.5997323740776084,
                        -2.431907376766911e-07,
                        1.320597404423613,
                        4.0077836500047255,
                        -2.8424931048362705,
                        0.7656382713623211,
                        -2.7966388794515726
                    ],
                    [
                        -0.6524807230809474,
                        1.2282605885703373,
                        -1.1464264217414533,
                        -0.40563237441537064,
                        -1.5997323740776088,
                        4.915678860402217,
                        1.5737480609511224e-06,
                        -2.197366560614972,
                        -5.681596483313317,
                        2.5063192464451074,
                        0.5734432747662469,
                        1.9376800645561174
                    ],
                    [
                        3.62687292413913e-07,
                        1.3196287573978074e-06,
                        -7.809495136811159e-07,
                        -4.794374935268607e-07,
                        -2.4319073767669104e-07,
                        1.5737480609511224e-06,
                        1.0071827443174838e-06,
                        -2.4898313093631114e-06,
                        -2.5436379823374164e-06,
                        4.294738358797817e-06,
                        2.9534195589327946e-06,
                        7.662332315944035e-08
                    ],
                    [
                        0.3714797046235897,
                        -0.6833000910337022,
                        0.7515450735164835,
                        -0.3494103862973492,
                        1.320597404423613,
                        -2.1973665606149715,
                        -2.489831309363111e-06,
                        2.5837089235704838,
                        4.441271201930303,
                        -3.764013878303585,
                        0.08227274071003012,
                        -2.502306180723199
                    ],
                    [
                        1.2553797409517529,
                        -0.44072950429032304,
                        2.8909793583241172,
                        -3.064150113534148,
                        4.0077836500047255,
                        -5.681596483313318,
                        -2.543637982337417e-06,
                        4.441271201930303,
                        13.045850175418602,
                        -9.872891517150991,
                        1.6486205489692078,
                        -7.230637386840614
                    ],
                    [
                        -1.6428464500157276,
                        -0.14993326348546976,
                        -2.869952254793984,
                        4.498102519962629,
                        -2.8424931048362705,
                        2.506319246445107,
                        4.294738358797817e-06,
                        -3.764013878303585,
                        -9.872891517150991,
                        11.486033224288818,
                        -1.2542008186678921,
                        6.067198524004712
                    ],
                    [
                        0.7649446898857823,
                        0.9530843640993549,
                        0.39711412114150807,
                        -2.3034265807454517,
                        0.7656382713623211,
                        0.5734432747662468,
                        2.9534195589327946e-06,
                        0.08227274071003012,
                        1.6486205489692078,
                        -1.2542008186678921,
                        4.180460833811911,
                        -1.502386355407599
                    ],
                    [
                        -0.8241747469699754,
                        -0.4529579034585131,
                        -1.6022443956527768,
                        2.886199328849749,
                        -2.7966388794515713,
                        1.937680064556118,
                        7.662332315943982e-08,
                        -2.502306180723198,
                        -7.230637386840615,
                        6.067198524004712,
                        -1.502386355407599,
                        6.922519196199617
                    ]
                ]
            },
            "est_tgt": [
                0,
                1,
                2,
                3,
                6,
                7,
                8,
                9,
                10,
                11
            ],
            "oracle_est_tgt": [
                1,
                2,
                5,
                6,
                7,
                8,
                9,
                10,
                11
            ],
            "intv_base_est_tgt": []
        },
        "8": {
            "intv_type": "do",
            "inode": 8,
            "new_mui": 1.0,
            "new_vari": null,
            "true_params": {
                "Si": [
                    [
                        1.0,
                        0.0,
                        0.6480189747876454,
                        -1.218322741163885,
                        0.4321997728493525,
                        -0.650521751742879,
                        1.7994355467261547,
                        -1.1188062430775887,
                        0.0,
                        0.6032935831313375,
                        -0.9816071381878078,
                        -2.8503873278126526
                    ],
                    [
                        0.0,
                        1.0,
                        0.0,
                        -0.869058295345422,
                        0.0,
                        1.2746418216588444,
                        -0.12346589887338788,
                        -0.5710118000937945,
                        0.0,
                        -0.6755013692937756,
                        1.0694833468148932,
                        -0.3560068309721749
                    ],
                    [
                        0.6480189747876454,
                        0.0,
                        1.419928591684831,
                        -1.7499489634936491,
                        0.9470290819641369,
                        -1.1909631925793036,
                        2.3909465157335097,
                        -1.1798881577956442,
                        0.0,
                        1.2887903610847191,
                        -1.9878451331109745,
                        -4.163610657109365
                    ],
                    [
                        -1.218322741163885,
                        -0.869058295345422,
                        -1.7499489634936491,
                        4.1620420301159164,
                        -1.1671379603780307,
                        -0.3872568388001564,
                        -3.887517949352511,
                        2.8091982260626183,
                        0.0,
                        -0.6905889738691395,
                        1.5173842579126422,
                        7.23911769730611
                    ],
                    [
                        0.4321997728493525,
                        0.0,
                        0.9470290819641369,
                        -1.1671379603780307,
                        1.6316261869349729,
                        -1.6446697409786704,
                        1.5946547573450391,
                        0.03583597789778048,
                        0.0,
                        1.8916176730999266,
                        -0.9508517493644951,
                        -4.18010478375426
                    ],
                    [
                        -0.650521751742879,
                        1.2746418216588444,
                        -1.1909631925793036,
                        -0.3872568388001564,
                        -1.6446697409786704,
                        5.02078222220075,
                        -1.7625971317197997,
                        -0.7657445543537216,
                        0.0,
                        -3.9407397747716857,
                        2.4949716720260446,
                        3.3009178452395673
                    ],
                    [
                        1.7994355467261547,
                        -0.12346589887338788,
                        2.3909465157335097,
                        -3.887517949352511,
                        1.5946547573450391,
                        -1.7625971317197997,
                        6.1455225451855515,
                        -3.6404448031555043,
                        0.0,
                        2.671417114792827,
                        -4.460781399412174,
                        -9.935771839160141
                    ],
                    [
                        -1.1188062430775887,
                        -0.5710118000937945,
                        -1.1798881577956442,
                        2.8091982260626183,
                        0.03583597789778048,
                        -0.7657445543537216,
                        -3.6404448031555043,
                        4.396183087788698,
                        0.0,
                        -0.9141984186760892,
                        2.2514255195424875,
                        4.532548253235646
                    ],
                    [
                        0.0,
                        0.0,
                        0.0,
                        0.0,
                        0.0,
                        0.0,
                        0.0,
                        0.0,
                        1e-09,
                        -9.313553844278751e-10,
                        4.5031300246892836e-11,
                        -1.4688670546744928e-10
                    ],
                    [
                        0.6032935831313375,
                        -0.6755013692937756,
                        1.2887903610847191,
                        -0.6905889738691395,
                        1.8916176730999266,
                        -3.9407397747716857,
                        2.671417114792827,
                        -0.9141984186760892,
                        -9.313553844278751e-10,
                        5.437275116677715,
                        -1.5911976485734305,
                        -5.046838574024227
                    ],
                    [
                        -0.9816071381878078,
                        1.0694833468148932,
                        -1.9878451331109745,
                        1.5173842579126422,
                        -0.9508517493644951,
                        2.4949716720260446,
                        -4.460781399412174,
                        2.2514255195424875,
                        4.5031300246892836e-11,
                        -1.5911976485734305,
                        6.980446363907958,
                        6.732782093060535
                    ],
                    [
                        -2.8503873278126526,
                        -0.3560068309721749,
                        -4.163610657109365,
                        7.23911769730611,
                        -4.18010478375426,
                        3.3009178452395673,
                        -9.935771839160141,
                        4.532548253235646,
                        -1.4688670546744928e-10,
                        -5.046838574024227,
                        6.732782093060535,
                        20.277646395837433
                    ]
                ],
                "mui": [
                    0.0,
                    0.0,
                    0.0,
                    0.0,
                    0.0,
                    0.0,
                    0.0,
                    0.0,
                    1.0,
                    -0.9313553844278751,
                    0.045031300246892836,
                    -0.14688670546744928
                ],
                "Ai": [
                    [
                        0.0,
                        0.0,
                        0.0,
                        0.0,
                        0.0,
                        0.0,
                        0.0,
                        0.0,
                        0.0,
                        0.0,
                        0.0,
                        0.0
                    ],
                    [
                        0.0,
                        0.0,
                        0.0,
                        0.0,
                        0.0,
                        0.0,
                        0.0,
                        0.0,
                        0.0,
                        0.0,
                        0.0,
                        0.0
                    ],
                    [
                        0.6480189747876454,
                        0.0,
                        0.0,
                        0.0,
                        0.0,
                        0.0,
                        0.0,
                        0.0,
                        0.0,
                        0.0,
                        0.0,
                        0.0
                    ],
                    [
                        -0.5959311608245811,
                        -0.869058295345422,
                        -0.9604527098041544,
                        0.0,
                        0.0,
                        0.0,
                        0.0,
                        0.0,
                        0.0,
                        0.0,
                        0.0,
                        0.0
                    ],
                    [
                        0.0,
                        -0.0,
                        0.6669554282588462,
                        -0.0,
                        0.0,
                        0.0,
                        0.0,
                        0.0,
                        0.0,
                        0.0,
                        0.0,
                        0.0
                    ],
                    [
                        -0.6352569396282343,
                        0.5697931355307397,
                        -0.9812409716719916,
                        -0.8110487983409105,
                        -0.8503503748314183,
                        0.0,
                        0.0,
                        0.0,
                        0.0,
                        0.0,
                        0.0,
                        0.0
                    ],
                    [
                        0.6325869727652641,
                        -0.6675713382503701,
                        0.6235519129804572,
                        -0.6260862387381254,
                        -0.0,
                        0.0,
                        0.0,
                        0.0,
                        0.0,
                        0.0,
                        0.0,
                        0.0
                    ],
                    [
                        -0.0,
                        -0.6721762748008272,
                        0.0,
                        0.0,
                        0.8227687894779155,
                        0.0,
                        -0.8193717911597207,
                        0.0,
                        0.0,
                        0.0,
                        0.0,
                        0.0
                    ],
                    [
                        0.0,
                        0.0,
                        0.0,
                        0.0,
                        0.0,
                        0.0,
                        0.0,
                        0.0,
                        0.0,
                        0.0,
                        0.0,
                        0.0
                    ],
                    [
                        -0.715386860434043,
                        -0.0,
                        -0.7027516430560043,
                        -0.0,
                        0.9064753158407577,
                        -0.8595469500426351,
                        -0.0,
                        -0.7357345694797635,
                        -0.9313553844278751,
                        0.0,
                        0.0,
                        0.0
                    ],
                    [
                        0.9849198640144243,
                        0.6206534114054076,
                        -0.6414466174617965,
                        -0.8496839720430079,
                        -0.8134808034752001,
                        0.5695125212305991,
                        -0.8563647267264984,
                        0.8131253922959325,
                        0.9508047603379851,
                        0.9725325855580922,
                        0.0,
                        0.0
                    ],
                    [
                        -0.5787448262240089,
                        -0.7646391295224524,
                        0.9000998808659353,
                        0.9668422599655627,
                        -0.5362517908701662,
                        -0.5038147760956649,
                        -0.9984565261482078,
                        -0.994826653163505,
                        -0.8359995630938042,
                        -0.7072638050794776,
                        0.6750616657295784,
                        0.0
                    ]
                ]
            },
            "est_params": {
                "mui": [
                    -0.025543304947674365,
                    0.02235467458706234,
                    -0.034898837344167696,
                    0.031733542829022576,
                    -0.02066691560585094,
                    0.07109188899130126,
                    -0.08691454624031687,
                    0.02673577624066753,
                    1.0000001310575966,
                    -1.0029686259083939,
                    0.13137185885465885,
                    -0.030645573710731507
                ],
                "Si": [
                    [
                        0.9814126987240035,
                        0.005988985698067057,
                        0.6395534619917047,
                        -1.1879351050423166,
                        0.43703197790791803,
                        -0.6643939069467827,
                        1.7594376828152969,
                        -1.076318208128,
                        -9.81214674966226e-07,
                        0.6037917065466639,
                        -0.9594933050102032,
                        -2.816653272548543
                    ],
                    [
                        0.005988985698067061,
                        0.994886955588,
                        -0.015428882185387297,
                        -0.8433012426132772,
                        -0.025684729232713224,
                        1.284697035853184,
                        -0.1465833919195326,
                        -0.5759675486905568,
                        -1.4413787932284108e-06,
                        -0.7096496797721449,
                        1.0646333931821332,
                        -0.277240481320915
                    ],
                    [
                        0.6395534619917047,
                        -0.015428882185387304,
                        1.3903468424913112,
                        -1.6908589361259092,
                        0.9482091595008239,
                        -1.195916588711497,
                        2.3343077395859795,
                        -1.115345562597935,
                        -1.3767045354317928e-06,
                        1.260452639128046,
                        -1.9527073993338329,
                        -4.077916668013546
                    ],
                    [
                        -1.1879351050423166,
                        -0.8433012426132772,
                        -1.6908589361259092,
                        4.037955613383618,
                        -1.1167089377269641,
                        -0.40000657126417516,
                        -3.748022822302195,
                        2.7202244292906195,
                        4.322867018435793e-06,
                        -0.6064551492384476,
                        1.4731603342904713,
                        6.980766992997007
                    ],
                    [
                        0.4370319779079179,
                        -0.025684729232713227,
                        0.9482091595008239,
                        -1.1167089377269641,
                        1.6584731426346835,
                        -1.723127602839611,
                        1.5867035785931018,
                        0.09706586062095257,
                        -2.2076377363875628e-07,
                        1.934766092028536,
                        -0.9551904926009162,
                        -4.155567060257174
                    ],
                    [
                        -0.6643939069467827,
                        1.284697035853184,
                        -1.195916588711497,
                        -0.40000657126417516,
                        -1.7231276028396105,
                        5.108559199922114,
                        -1.772011043153779,
                        -0.8667801503905056,
                        -2.4597700485503384e-06,
                        -4.00556898052797,
                        2.4388863798091456,
                        3.390993854858002
                    ],
                    [
                        1.7594376828152967,
                        -0.14658339191953254,
                        2.3343077395859795,
                        -3.7480228223021954,
                        1.5867035785931018,
                        -1.772011043153779,
                        5.998604865757585,
                        -3.507094390752306,
                        -1.9600325742469792e-06,
                        2.6243274073392784,
                        -4.396319776886773,
                        -9.714941917419413
                    ],
                    [
                        -1.076318208128,
                        -0.5759675486905568,
                        -1.115345562597935,
                        2.7202244292906195,
                        0.09706586062095257,
                        -0.8667801503905057,
                        -3.507094390752306,
                        4.341790323220256,
                        2.5015712575484794e-06,
                        -0.7594745497227606,
                        2.241410250190379,
                        4.303680266974416
                    ],
                    [
                        -9.81214674966226e-07,
                        -1.4413787932284108e-06,
                        -1.376704535431793e-06,
                        4.322867018435793e-06,
                        -2.207637736387564e-07,
                        -2.459770048550338e-06,
                        -1.9600325742469792e-06,
                        2.5015712575484794e-06,
                        1.0045854068735784e-06,
                        3.231295354421514e-07,
                        -1.7678358989251485e-06,
                        4.253810223367876e-06
                    ],
                    [
