{
    "expt_args": {
        "save_dir": "all_expt_logs/expt_logs_11.05.24-large_nodes_sparse_intv",
        "exp_name": "137",
        "num_nodes": 20,
        "obs_noise_mean": 0.0,
        "obs_noise_var": 1.0,
        "max_edge_strength": 1.0,
        "graph_sparsity_method": "adj_dense_prop",
        "adj_dense_prop": 0.8,
        "num_parents": null,
        "new_noise_mean": 1.0,
        "mix_samples": 2048,
        "stage2_samples": 2048,
        "gmm_tol": 0.001,
        "intv_type": "do",
        "new_noise_var": null,
        "intv_targets": [
            12,
            16,
            5,
            2
        ]
    },
    "intv_args_dict": {
        "12": {
            "intv_type": "do",
            "inode": 12,
            "new_mui": 1.0,
            "new_vari": null,
            "true_params": {
                "Si": [
                    [
                        1.0,
                        0.8860152637878034,
                        0.7092393965802841,
                        2.3347930106654546,
                        1.9201372939516603,
                        0.8373305847898327,
                        -3.3476906217766498,
                        1.7435485752206774,
                        0.46191852306087355,
                        5.712536968856198,
                        -2.000628068101417,
                        14.609086440997716,
                        0.0,
                        -13.409760662811143,
                        -27.735517016573674,
                        -0.05207694392609774,
                        21.471781695562925,
                        -31.618834372505823,
                        9.631167306975069,
                        41.72618155511418
                    ],
                    [
                        0.8860152637878034,
                        1.7850230476649709,
                        0.6283969310497829,
                        2.8686296392616586,
                        2.666722299646935,
                        1.5081054836885461,
                        -3.7057643975529775,
                        1.8024606327785713,
                        1.6477576861950127,
                        7.8201574864614605,
                        -1.794769847718528,
                        18.63093812036278,
                        0.0,
                        -17.30910185217268,
                        -36.855011374224375,
                        0.3932034910671878,
                        29.362553868028375,
                        -43.6318635555633,
                        8.674110101499219,
                        52.610265074603234
                    ],
                    [
                        0.7092393965802841,
                        0.6283969310497829,
                        1.5030205216615655,
                        2.5723715521642996,
                        2.0561224020093194,
                        1.2250518025924113,
                        -3.2798557136225917,
                        3.1497934062583512,
                        -0.8224365736738962,
                        5.223668035407626,
                        -3.9169025023206716,
                        16.100642752081704,
                        0.0,
                        -15.679458204398554,
                        -28.218321079404696,
                        1.0132323792905638,
                        22.157409993394275,
                        -33.215308275274225,
                        14.310412047640805,
                        46.450805632344995
                    ],
                    [
                        2.3347930106654546,
                        2.8686296392616586,
                        2.5723715521642996,
                        7.931076510388455,
                        5.891726663629956,
                        2.3132608809408026,
                        -10.754696473396104,
                        6.244223818405597,
                        0.8403897298733258,
                        18.375416555450645,
                        -6.5794588063963175,
                        46.92302703845999,
                        0.0,
                        -43.5006791073133,
                        -89.01389083018748,
                        0.4929949028580478,
                        69.76208227271476,
                        -102.40482834290538,
                        31.306102827530076,
                        134.5470558341065
                    ],
                    [
                        1.9201372939516603,
                        2.666722299646935,
                        2.0561224020093194,
                        5.891726663629956,
                        6.10105573183391,
                        3.7012401845801106,
                        -7.121770331383552,
                        5.268749582387442,
                        2.0204646505597905,
                        14.911783408380899,
                        -6.199738570067568,
                        38.614882597251565,
                        0.0,
                        -37.27415469874228,
                        -73.54084707705353,
                        1.4556814072433082,
                        58.3519530166603,
                        -88.39056536675247,
                        24.331130138412068,
                        110.51384141324014
                    ],
                    [
                        0.8373305847898327,
                        1.5081054836885461,
                        1.2250518025924113,
                        2.3132608809408026,
                        3.7012401845801106,
                        4.218814516163704,
                        -1.374421504314951,
                        3.377045760449943,
                        1.2357921014006448,
                        5.682340900769695,
                        -5.02141869880148,
                        19.004528217336638,
                        0.0,
                        -20.695030575691813,
                        -34.94598092995397,
                        2.504281607961802,
                        29.533646748366728,
                        -46.62586593156967,
                        12.121106962113664,
                        55.649919302864646
                    ],
                    [
                        -3.3476906217766498,
                        -3.7057643975529775,
                        -3.2798557136225917,
                        -10.754696473396104,
                        -7.121770331383552,
                        -1.374421504314951,
                        16.79921790397632,
                        -8.163791995616373,
                        0.5267683372674081,
                        -25.52213312070236,
                        8.539880542095538,
                        -63.6485135885049,
                        0.0,
                        57.11785153124708,
                        120.77360356471655,
                        -0.07401885579927447,
                        -91.26921066204461,
                        131.48959208389752,
                        -45.38634492765741,
                        -182.89207216352088
                    ],
                    [
                        1.7435485752206774,
                        1.8024606327785713,
                        3.1497934062583512,
                        6.244223818405597,
                        5.268749582387442,
                        3.377045760449943,
                        -8.163791995616373,
                        8.39526598343721,
                        -2.4432307849712354,
                        13.649679962334204,
                        -11.215255526779517,
                        42.24595668934054,
                        0.0,
                        -42.07842218344979,
                        -74.33388704052712,
                        3.16379828912794,
                        57.44592619269353,
                        -86.73539464647972,
                        37.603877550330594,
                        123.84473909652367
                    ],
                    [
                        0.46191852306087355,
                        1.6477576861950127,
                        -0.8224365736738962,
                        0.8403897298733258,
                        2.0204646505597905,
                        1.2357921014006448,
                        0.5267683372674081,
                        -2.4432307849712354,
                        7.03914170198236,
                        5.05898768666366,
                        4.587150211770028,
                        4.875494617310922,
                        0.0,
                        -3.8386617530279667,
                        -15.40204166578571,
                        -2.8812774954639147,
                        16.15677215379148,
                        -27.393287852614634,
                        -12.648062631613604,
                        8.799822170010232
                    ],
                    [
                        5.712536968856198,
                        7.8201574864614605,
                        5.223668035407626,
                        18.375416555450645,
                        14.911783408380899,
                        5.682340900769695,
                        -25.52213312070236,
                        13.649679962334204,
                        5.05898768666366,
                        47.63785853318775,
                        -15.010342325944592,
                        115.43868618892378,
                        0.0,
                        -107.27796378995824,
                        -221.39827842535752,
                        -0.40128987229318736,
                        172.74968232790462,
                        -257.854919527636,
                        70.33077652811444,
                        329.32602378389987
                    ],
                    [
                        -2.000628068101417,
                        -1.794769847718528,
                        -3.9169025023206716,
                        -6.5794588063963175,
                        -6.199738570067568,
                        -5.02141869880148,
                        8.539880542095538,
                        -11.215255526779517,
                        4.587150211770028,
                        -15.010342325944592,
                        17.930116246640406,
                        -51.53304765483532,
                        0.0,
                        53.980324596306914,
                        86.99138659728432,
                        -5.144746173945154,
                        -66.65301565096043,
                        103.40892339116023,
                        -50.539901035572434,
                        -153.97429303927768
                    ],
                    [
                        14.609086440997716,
                        18.63093812036278,
                        16.100642752081704,
                        46.92302703845999,
                        38.614882597251565,
                        19.004528217336638,
                        -63.6485135885049,
                        42.24595668934054,
                        4.875494617310922,
                        115.43868618892378,
                        -51.53304765483532,
                        303.0765843347695,
                        0.0,
                        -287.9432064116089,
                        -566.6965966618861,
                        6.3977623295354595,
                        443.3376857804109,
                        -662.6310253293179,
                        206.53301022934338,
                        871.6181352300072
                    ],
                    [
                        0.0,
                        0.0,
                        0.0,
                        0.0,
                        0.0,
                        0.0,
                        0.0,
                        0.0,
                        0.0,
                        0.0,
                        0.0,
                        0.0,
                        1e-09,
                        0.0,
                        0.0,
                        0.0,
                        0.0,
                        -8.242658782584448e-10,
                        5.985525987655862e-10,
                        -1.1555842035407614e-09
                    ],
                    [
                        -13.409760662811143,
                        -17.30910185217268,
                        -15.679458204398554,
                        -43.5006791073133,
                        -37.27415469874228,
                        -20.695030575691813,
                        57.11785153124708,
                        -42.07842218344979,
                        -3.8386617530279667,
                        -107.27796378995824,
                        53.980324596306914,
                        -287.9432064116089,
                        0.0,
                        279.2255835676007,
                        535.2624893318633,
                        -7.351708902655283,
                        -420.73735872147444,
                        635.1675655788879,
                        -200.3927002577136,
                        -832.8305263041998
                    ],
                    [
                        -27.735517016573674,
                        -36.855011374224375,
                        -28.218321079404696,
                        -89.01389083018748,
                        -73.54084707705353,
                        -34.94598092995397,
                        120.77360356471655,
                        -74.33388704052712,
                        -15.40204166578571,
                        -221.39827842535752,
                        86.99138659728432,
                        -566.6965966618861,
                        0.0,
                        535.2624893318633,
                        1074.4445318369042,
                        -8.116431586489943,
                        -841.3259799136345,
                        1254.2075839824176,
                        -368.06200813519087,
                        -1628.765251818557
                    ],
                    [
                        -0.05207694392609774,
                        0.3932034910671878,
                        1.0132323792905638,
                        0.4929949028580478,
                        1.4556814072433082,
                        2.504281607961802,
                        -0.07401885579927447,
                        3.16379828912794,
                        -2.8812774954639147,
                        -0.40128987229318736,
                        -5.144746173945154,
                        6.3977623295354595,
                        0.0,
                        -7.351708902655283,
                        -8.116431586489943,
                        6.5295343195025115,
                        6.23278937930178,
                        -6.133569169164913,
                        10.90843456131761,
                        20.08028554625535
                    ],
                    [
                        21.471781695562925,
                        29.362553868028375,
                        22.157409993394275,
                        69.76208227271476,
                        58.3519530166603,
                        29.533646748366728,
                        -91.26921066204461,
                        57.44592619269353,
                        16.15677215379148,
                        172.74968232790462,
                        -66.65301565096043,
                        443.3376857804109,
                        0.0,
                        -420.73735872147444,
                        -841.3259799136345,
                        6.23278937930178,
                        667.2681279327368,
                        -996.960274221051,
                        277.536901143288,
                        1271.677141673223
                    ],
                    [
                        -31.618834372505823,
                        -43.6318635555633,
                        -33.215308275274225,
                        -102.40482834290538,
                        -88.39056536675247,
                        -46.62586593156967,
                        131.48959208389752,
                        -86.73539464647972,
                        -27.393287852614634,
                        -257.854919527636,
                        103.40892339116023,
                        -662.6310253293179,
                        -8.242658782584448e-10,
                        635.1675655788879,
                        1254.2075839824176,
                        -6.133569169164913,
                        -996.960274221051,
                        1506.146556507668,
                        -413.7251235969233,
                        -1900.0647371489767
                    ],
                    [
                        9.631167306975069,
                        8.674110101499219,
                        14.310412047640805,
                        31.306102827530076,
                        24.331130138412068,
                        12.121106962113664,
                        -45.38634492765741,
                        37.603877550330594,
                        -12.648062631613604,
                        70.33077652811444,
                        -50.539901035572434,
                        206.53301022934338,
                        5.985525987655862e-10,
                        -200.3927002577136,
                        -368.06200813519087,
                        10.90843456131761,
                        277.536901143288,
                        -413.7251235969233,
                        184.80122191657924,
                        605.6733593711635
                    ],
                    [
                        41.72618155511418,
                        52.610265074603234,
                        46.450805632344995,
                        134.5470558341065,
                        110.51384141324014,
                        55.649919302864646,
                        -182.89207216352088,
                        123.84473909652367,
                        8.799822170010232,
                        329.32602378389987,
                        -153.97429303927768,
                        871.6181352300072,
                        -1.1555842035407614e-09,
                        -832.8305263041998,
                        -1628.765251818557,
                        20.08028554625535,
                        1271.677141673223,
                        -1900.0647371489767,
                        605.6733593711635,
                        2519.987551367838
                    ]
                ],
                "mui": [
                    0.0,
                    0.0,
                    0.0,
                    0.0,
                    0.0,
                    0.0,
                    0.0,
                    0.0,
                    0.0,
                    0.0,
                    0.0,
                    0.0,
                    1.0,
                    0.0,
                    0.0,
                    0.0,
                    0.0,
                    -0.8242658782584448,
                    0.5985525987655862,
                    -1.1555842035407613
                ],
                "Ai": [
                    [
                        0.0,
                        0.0,
                        0.0,
                        0.0,
                        0.0,
                        0.0,
                        0.0,
                        0.0,
                        0.0,
                        0.0,
                        0.0,
                        0.0,
                        0.0,
                        0.0,
                        0.0,
                        0.0,
                        0.0,
                        0.0,
                        0.0,
                        0.0
                    ],
                    [
                        0.8860152637878034,
                        0.0,
                        0.0,
                        0.0,
                        0.0,
                        0.0,
                        0.0,
                        0.0,
                        0.0,
                        0.0,
                        0.0,
                        0.0,
                        0.0,
                        0.0,
                        0.0,
                        0.0,
                        0.0,
                        0.0,
                        0.0,
                        0.0
                    ],
                    [
                        0.7092393965802841,
                        0.0,
                        0.0,
                        0.0,
                        0.0,
                        0.0,
                        0.0,
                        0.0,
                        0.0,
                        0.0,
                        0.0,
                        0.0,
                        0.0,
                        0.0,
                        0.0,
                        0.0,
                        0.0,
                        0.0,
                        0.0,
                        0.0
                    ],
                    [
                        0.9760312397844102,
                        0.7999673940269861,
                        0.9164443661400679,
                        0.0,
                        0.0,
                        0.0,
                        0.0,
                        0.0,
                        0.0,
                        0.0,
                        0.0,
                        0.0,
                        0.0,
                        0.0,
                        0.0,
                        0.0,
                        0.0,
                        0.0,
                        0.0,
                        0.0
                    ],
                    [
                        0.5723181141833631,
                        0.9654513486375554,
                        0.6942853862957441,
                        0.0,
                        0.0,
                        0.0,
                        0.0,
                        0.0,
                        0.0,
                        0.0,
                        0.0,
                        0.0,
                        0.0,
                        0.0,
                        0.0,
                        0.0,
                        0.0,
                        0.0,
                        0.0,
                        0.0
                    ],
                    [
                        0.0,
                        0.5488382171415601,
                        0.7590922261141045,
                        -0.8331269642607062,
                        0.9154826862351712,
                        0.0,
                        0.0,
                        0.0,
                        0.0,
                        0.0,
                        0.0,
                        0.0,
                        0.0,
                        0.0,
                        0.0,
                        0.0,
                        0.0,
                        0.0,
                        0.0,
                        0.0
                    ],
                    [
                        -0.9409763625996808,
                        -0.5419082767178915,
                        -0.5041637369054597,
                        -0.9262741755599808,
                        -0.0,
                        0.7089864050706715,
                        0.0,
                        0.0,
                        0.0,
                        0.0,
                        0.0,
                        0.0,
                        0.0,
                        0.0,
                        0.0,
                        0.0,
                        0.0,
                        0.0,
                        0.0,
                        0.0
                    ],
                    [
                        -0.7824728703316308,
                        -0.7598295593066705,
                        0.9065393741193792,
                        0.0,
                        -0.0,
                        0.7788496047628122,
                        -0.5687903138040171,
                        0.0,
                        0.0,
                        0.0,
                        0.0,
                        0.0,
                        0.0,
                        0.0,
                        0.0,
                        0.0,
                        0.0,
                        0.0,
                        0.0,
                        0.0
                    ],
                    [
                        0.6077771031104967,
                        0.9335055443914062,
                        -0.0,
                        0.9066904363400832,
                        0.9137004621402075,
                        -0.5633892687047264,
                        0.9170524210473273,
                        -0.7470814009640374,
                        0.0,
                        0.0,
                        0.0,
                        0.0,
                        0.0,
                        0.0,
                        0.0,
                        0.0,
                        0.0,
                        0.0,
                        0.0,
                        0.0
                    ],
                    [
                        -0.0,
                        0.7936925067254009,
                        -0.5555263899335812,
                        -0.0,
                        0.5698898174441366,
                        -0.5616509195276289,
                        -0.803480100843325,
                        0.9851450668984933,
                        0.8050861807495018,
                        0.0,
                        0.0,
                        0.0,
                        0.0,
                        0.0,
                        0.0,
                        0.0,
                        0.0,
                        0.0,
                        0.0,
                        0.0
                    ],
                    [
                        -0.6176550145317541,
                        0.5629872353113226,
                        0.0,
                        0.7007321154339645,
                        0.6033505017741366,
                        -0.708778426441819,
                        -0.5944583498152141,
                        -0.9539996282361876,
                        0.7390836149759261,
                        -0.8316797101200473,
                        0.0,
                        0.0,
                        0.0,
                        0.0,
                        0.0,
                        0.0,
                        0.0,
                        0.0,
                        0.0,
                        0.0
                    ],
                    [
                        0.7173170360256076,
                        0.74239582197822,
                        0.0,
                        0.9841874215184381,
                        -0.8732236907375514,
                        0.854691650519235,
                        -0.9533983705743365,
                        0.9357792604700038,
                        0.7610069344703643,
                        0.8837927916974329,
                        -0.8365821857533624,
                        0.0,
                        0.0,
                        0.0,
                        0.0,
                        0.0,
                        0.0,
                        0.0,
                        0.0,
                        0.0
                    ],
                    [
                        0.0,
                        0.0,
                        0.0,
                        0.0,
                        0.0,
                        0.0,
                        0.0,
                        0.0,
                        0.0,
                        0.0,
                        0.0,
                        0.0,
                        0.0,
                        0.0,
                        0.0,
                        0.0,
                        0.0,
                        0.0,
                        0.0,
                        0.0
                    ],
                    [
                        0.5054264447732262,
                        0.7746572122962443,
                        0.5208322849770678,
                        -0.5663187636332676,
                        0.511517232628822,
                        -0.8473214701156808,
                        -0.5021996155191624,
                        0.0,
                        -0.0,
                        -0.5132108009536982,
                        0.5059809899157123,
                        -0.7980370015370706,
                        0.0,
                        0.0,
                        0.0,
                        0.0,
                        0.0,
                        0.0,
                        0.0,
                        0.0
                    ],
                    [
                        -0.0,
                        -0.7112462568444371,
                        0.9944091793741177,
                        -0.8133944760286427,
                        -0.7461640920591043,
                        -0.6114073820858605,
                        0.7022870424864367,
                        0.5387836942866453,
                        0.5636338979483984,
                        -0.657591258630257,
                        -0.8310734949942318,
                        -0.5995573349680867,
                        0.0,
                        0.8920889411639821,
                        0.0,
                        0.0,
                        0.0,
                        0.0,
                        0.0,
                        0.0
                    ],
                    [
                        -0.8458033245290111,
                        0.9931235739918673,
                        -0.6080821681000821,
                        0.7766187840569222,
                        0.7064957355924028,
                        0.5802896983554275,
                        0.7222087799008818,
                        -0.0,
                        -0.7488116369004609,
                        0.0,
                        -0.5642850474623202,
                        0.7705868855305558,
                        0.0,
                        0.9644841091470129,
                        -0.0,
                        0.0,
                        0.0,
                        0.0,
                        0.0,
                        0.0
                    ],
                    [
                        0.0,
                        -0.9531677858977183,
                        0.9951206084505374,
                        0.8992443393766332,
                        -0.9483853748217789,
                        -0.7532331301512003,
                        0.8330667990947126,
                        -0.7263438579317308,
                        0.9257453941078215,
                        -0.9282151764423214,
                        0.8286027078518501,
                        -0.0,
                        0.0,
                        -0.8835211488497753,
                        -0.7478074196685375,
                        0.7313490153203603,
                        0.0,
                        0.0,
                        0.0,
                        0.0
                    ],
                    [
                        0.6712269922421903,
                        -0.7536110743894369,
                        -0.6569888678043267,
                        0.7034450479158518,
                        -0.7875181950337231,
                        0.5389795831899795,
                        -0.6146694035813455,
                        -0.55049994684122,
                        -0.8382697369663528,
                        0.0,
                        -0.0,
                        -0.0,
                        -0.8242658782584448,
                        0.8288185085834665,
                        -0.0,
                        0.8984798981603767,
                        -0.9914215475553732,
                        0.0,
                        0.0,
                        0.0
                    ],
                    [
                        0.705058068279335,
                        -0.8963952228099217,
                        0.5330305364774726,
                        0.81963177198092,
                        0.8977969603924718,
                        0.0,
                        -0.5956763578944948,
                        0.5438296347482257,
                        -0.9355509820328038,
                        -0.0,
                        -0.0,
                        0.5065541761675312,
                        0.5985525987655862,
                        -0.7418993186274292,
                        0.0,
                        0.0,
                        -0.6592118244357368,
                        0.0,
                        0.0,
                        0.0
                    ],
                    [
                        -0.5790506842852579,
                        -0.8506032520195212,
                        -0.8874564802352123,
                        0.0,
                        -0.0,
                        0.9784503745958644,
                        -0.0,
                        -0.0,
                        -0.8768588714285916,
                        0.5188972341485503,
                        -0.7423798132070337,
                        0.8708434429554965,
                        -0.6522692083365638,
                        -0.9263459018950906,
                        -0.5165135134592135,
                        -0.8479957092664181,
                        0.8670696484798956,
                        0.6106221408408046,
                        -0.0,
                        0.0
                    ]
                ]
            },
            "est_params": {
                "mui": [
                    -0.4809426714851416,
                    -0.5910880963653309,
                    -0.8428485298411812,
                    -1.9366965517638994,
                    -1.6625674937975359,
                    -0.8153444775744625,
                    2.4963552774965576,
                    -2.302338324525776,
                    0.11272961695535118,
                    -4.751490930763051,
                    3.0816809395270663,
                    -12.892777672814129,
                    0.9999954785405608,
                    13.099143478594746,
                    23.524767165389157,
                    -0.19308952350670291,
                    -18.399943366214842,
                    27.77827209938876,
                    -9.93961753230845,
                    -38.95280232031357
                ],
                "Si": [
                    [
                        1.3921132432401788,
                        1.070837033385612,
                        0.6903035351869092,
                        2.8585478047184623,
                        2.0207933938231104,
                        0.5137231500664358,
                        -4.50716079409264,
                        1.664355191677047,
                        0.5140198514122867,
                        6.885751938242542,
                        -1.4118409815018855,
                        16.8291205257992,
                        9.770321123965856e-07,
                        -14.36285464281984,
                        -32.45898689908489,
                        -0.4802802322423263,
                        24.471951004079717,
                        -34.99890453395654,
                        10.411667120274576,
                        47.21545621163639
                    ],
                    [
                        1.070837033385612,
                        1.746681732024975,
                        0.47116420088228234,
                        3.1077300171654616,
                        2.4731737621525105,
                        1.1153116848756237,
                        -4.459573296486129,
                        1.546522366211563,
                        1.3256620312165848,
                        7.991213379345086,
                        -0.9128029957513486,
                        18.347486977260804,
                        -1.4184822195130875e-06,
                        -16.083360271139387,
                        -37.34776657057349,
                        0.13349676718695344,
                        29.115430635914688,
                        -41.66520024057299,
                        8.052725544786165,
                        51.99362053420341
                    ],
                    [
                        0.6903035351869092,
                        0.47116420088228234,
                        1.1905965989258867,
                        2.1001266803259786,
                        1.3074758356455025,
                        0.5125985810131662,
                        -3.005596343744817,
                        2.2647698627139925,
                        -0.6694057524831287,
                        4.271097235280422,
                        -2.456299266528454,
                        12.385891597332519,
                        3.4968711637190416e-06,
                        -11.253367121546981,
                        -21.68769133108193,
                        0.34267562889495445,
                        16.53269362566319,
                        -24.30738071063438,
                        10.650545079335622,
                        34.88235212027077
                    ],
                    [
                        2.8585478047184623,
                        3.1077300171654616,
                        2.1001266803259786,
                        8.385631641705158,
                        5.394917338620337,
                        1.2177529145341048,
                        -12.333566973351694,
                        5.149514467616861,
                        1.1714615962181256,
                        19.44707494437179,
                        -3.8608945644906028,
                        46.42235372531644,
                        4.452311156489239e-06,
                        -40.6328932225617,
                        -90.67079127332545,
                        -0.9538490055354856,
                        69.57048178742062,
                        -99.64430666409822,
                        27.961801856524342,
                        131.82142268777343
                    ],
                    [
                        2.0207933938231104,
                        2.4731737621525105,
                        1.3074758356455025,
                        5.394917338620337,
                        4.644740893904076,
                        2.0186610159417606,
                        -7.4065049886711325,
                        3.054156342749268,
                        2.2336779153785744,
                        13.486017612934862,
                        -2.181277114107214,
                        31.41616999818731,
                        8.539030326216592e-07,
                        -27.5277037244985,
                        -62.205572953863026,
                        0.13376005576311253,
                        48.219290937636444,
                        -70.09745269417918,
                        16.50787825849517,
                        88.05422107914106
                    ],
                    [
                        0.5137231500664358,
                        1.1153116848756237,
                        0.5125985810131661,
                        1.217752914534105,
                        2.0186610159417606,
                        3.058589004103131,
                        -0.324641294131058,
