{
    "expt_args": {
        "save_dir": "all_expt_logs/expt_logs_11.05.24-large_nodes_sparse_intv",
        "exp_name": "146",
        "num_nodes": 12,
        "obs_noise_mean": 0.0,
        "obs_noise_var": 1.0,
        "max_edge_strength": 1.0,
        "graph_sparsity_method": "adj_dense_prop",
        "adj_dense_prop": 0.8,
        "num_parents": null,
        "new_noise_mean": 1.0,
        "mix_samples": 4096,
        "stage2_samples": 4096,
        "gmm_tol": 0.001,
        "intv_type": "do",
        "new_noise_var": null,
        "intv_targets": [
            0,
            6,
            3,
            8
        ]
    },
    "intv_args_dict": {
        "0": {
            "intv_type": "do",
            "inode": 0,
            "new_mui": 1.0,
            "new_vari": null,
            "true_params": {
                "Si": [
                    [
                        1e-09,
                        9.059011780846672e-10,
                        -9.648096832504682e-10,
                        5.603792413209855e-10,
                        -4.556475257412826e-10,
                        6.296067443063381e-10,
                        -5.036064321037535e-10,
                        -1.165586214040042e-09,
                        -1.5679426127319248e-09,
                        1.5825121783495254e-09,
                        1.936271215972383e-09,
                        1.7721662173919732e-09
                    ],
                    [
                        9.059011780846672e-10,
                        1.0000000008206569,
                        -8.740222286840937e-10,
                        0.511105800008583,
                        -0.5029770764605709,
                        0.5746224135108191,
                        0.8250040856318483,
                        1.084042067544305,
                        1.1659350527573742,
                        -2.1027972406292132,
                        -0.012384805840557414,
                        -3.9827610500602115
                    ],
                    [
                        -9.648096832504682e-10,
                        -8.740222286840937e-10,
                        1.0000000009308578,
                        -0.9325137538066208,
                        4.396131449843064e-10,
                        -0.8706558719226543,
                        0.9054868987456387,
                        1.4511448967934317,
                        1.8520728035702632,
                        -2.1333531345243992,
                        -2.7430549808046107,
                        -4.1608722592716045
                    ],
                    [
                        5.603792413209855e-10,
                        0.511105800008583,
                        -0.9325137538066208,
                        2.130811038627685,
                        -0.2570745008393883,
                        1.1055914224930938,
                        -1.2358570032745018,
                        -2.172664763377263,
                        -2.0230756729938313,
                        1.8465137550139437,
                        3.3303322884857125,
                        3.975157873600529
                    ],
                    [
                        -4.556475257412826e-10,
                        -0.5029770764605709,
                        4.396131449843064e-10,
                        -0.2570745008393883,
                        1.2529859392372082,
                        -0.2890219013792012,
                        -0.9320465657746051,
                        -0.19888708611573175,
                        -1.2035561289290282,
                        1.9291038071260929,
                        1.2881741889482077,
                        4.357137669798282
                    ],
                    [
                        6.296067443063381e-10,
                        0.5746224135108191,
                        -0.8706558719226543,
                        1.1055914224930938,
                        -0.2890219013792012,
                        2.088232564105555,
                        0.38568238096382407,
                        0.671088884852175,
                        0.4993349661541049,
                        -2.056577022843619,
                        2.4704423152968653,
                        -2.0772186987223886
                    ],
                    [
                        -5.036064321037535e-10,
                        0.8250040856318483,
                        0.9054868987456387,
                        -1.2358570032745018,
                        -0.9320465657746051,
                        0.38568238096382407,
                        3.9190968869453626,
                        4.661329514432075,
                        5.706420513970318,
                        -7.974246840229668,
                        -4.32364472991062,
                        -14.449126774883592
                    ],
                    [
                        -1.165586214040042e-09,
                        1.084042067544305,
                        1.4511448967934317,
                        -2.172664763377263,
                        -0.19888708611573175,
                        0.671088884852175,
                        4.661329514432075,
                        8.364377110394448,
                        8.278786966910817,
                        -11.954008132691248,
                        -5.078040514738017,
                        -20.05100023367289
                    ],
                    [
                        -1.5679426127319248e-09,
                        1.1659350527573742,
                        1.8520728035702632,
                        -2.0230756729938313,
                        -1.2035561289290282,
                        0.4993349661541049,
                        5.706420513970318,
                        8.278786966910817,
                        10.744142168911479,
                        -14.768162115322358,
                        -8.122105814577692,
                        -26.03160978258117
                    ],
                    [
                        1.5825121783495254e-09,
                        -2.1027972406292132,
                        -2.1333531345243992,
                        1.8465137550139437,
                        1.9291038071260929,
                        -2.056577022843619,
                        -7.974246840229668,
                        -11.954008132691248,
                        -14.768162115322358,
                        22.759614839403316,
                        9.182911309387505,
                        36.89768576893772
                    ],
                    [
                        1.936271215972383e-09,
                        -0.012384805840557414,
                        -2.7430549808046107,
                        3.3303322884857125,
                        1.2881741889482077,
                        2.4704423152968653,
                        -4.32364472991062,
                        -5.078040514738017,
                        -8.122105814577692,
                        9.182911309387505,
                        11.971032990619575,
                        19.9674827130039
                    ],
                    [
                        1.7721662173919732e-09,
                        -3.9827610500602115,
                        -4.1608722592716045,
                        3.975157873600529,
                        4.357137669798282,
                        -2.0772186987223886,
                        -14.449126774883592,
                        -20.05100023367289,
                        -26.03160978258117,
                        36.89768576893772,
                        19.9674827130039,
                        67.67725586584555
                    ]
                ],
                "mui": [
                    1.0,
                    0.9059011780846672,
                    -0.9648096832504681,
                    0.5603792413209855,
                    -0.4556475257412826,
                    0.629606744306338,
                    -0.5036064321037534,
                    -1.165586214040042,
                    -1.5679426127319247,
                    1.5825121783495253,
                    1.9362712159723832,
                    1.772166217391973
                ],
                "Ai": [
                    [
                        0.0,
                        0.0,
                        0.0,
                        0.0,
                        0.0,
                        0.0,
                        0.0,
                        0.0,
                        0.0,
                        0.0,
                        0.0,
                        0.0
                    ],
                    [
                        0.9059011780846672,
                        0.0,
                        0.0,
                        0.0,
                        0.0,
                        0.0,
                        0.0,
                        0.0,
                        0.0,
                        0.0,
                        0.0,
                        0.0
                    ],
                    [
                        -0.9648096832504681,
                        0.0,
                        0.0,
                        0.0,
                        0.0,
                        0.0,
                        0.0,
                        0.0,
                        0.0,
                        0.0,
                        0.0,
                        0.0
                    ],
                    [
                        -0.8023304034880545,
                        0.5111057995009347,
                        -0.9325137532659615,
                        0.0,
                        0.0,
                        0.0,
                        0.0,
                        0.0,
                        0.0,
                        0.0,
                        0.0,
                        0.0
                    ],
                    [
                        -0.0,
                        -0.5029770760477993,
                        -0.0,
                        -0.0,
                        0.0,
                        0.0,
                        0.0,
                        0.0,
                        0.0,
                        0.0,
                        0.0,
                        0.0
                    ],
                    [
                        -0.7309615919540585,
                        0.5746224129404576,
                        -0.8706558713152036,
                        0.0,
                        -0.0,
                        0.0,
                        0.0,
                        0.0,
                        0.0,
                        0.0,
                        0.0,
                        0.0
                    ],
                    [
                        -0.5181035012295563,
                        0.5782957437134502,
                        0.756665639193381,
                        -0.8131423899745128,
                        -0.5170884230560099,
                        0.6999840270160842,
                        0.0,
                        0.0,
                        0.0,
                        0.0,
                        0.0,
                        0.0
                    ],
                    [
                        -0.581437318940498,
                        0.861263784731515,
                        0.8604755786478956,
                        -0.8879674999787246,
                        0.6551258852607356,
                        0.8936462639636173,
                        0.5971215911302217,
                        0.0,
                        0.0,
                        0.0,
                        0.0,
                        0.0
                    ],
                    [
                        0.5027621657821231,
                        -0.8091133063570057,
                        0.8035689492776643,
                        0.6600443427525452,
                        -0.6296442859598202,
                        0.0,
                        0.5245964561673991,
                        0.8193455152394458,
                        0.0,
                        0.0,
                        0.0,
                        0.0
                    ],
                    [
                        -0.8068901138317245,
                        0.6257599743347226,
                        -0.9337348431495323,
                        -0.7150809033511291,
                        0.6285688774381122,
                        -0.6716119175845576,
                        -0.0,
                        -0.6914998090428217,
                        -0.781674190320327,
                        0.0,
                        0.0,
                        0.0
                    ],
                    [
                        0.0,
                        -0.0,
                        -0.5870204432510061,
                        0.6838639445098563,
                        0.5597169741216971,
                        0.7028490328707367,
                        -0.0,
                        0.5063549951381197,
                        -0.8861297621335971,
                        -0.0,
                        0.0,
                        0.0
                    ],
                    [
                        -0.6822357042276783,
                        -0.5594471164326927,
                        0.0,
                        -0.6612279881710093,
                        0.8885912634625363,
                        -0.9316564590062297,
                        0.0,
                        -0.8830956445598095,
                        -0.97298863462374,
                        -0.0,
                        0.9132456738950795,
                        0.0
                    ]
                ]
            },
            "est_params": {
                "mui": [
                    0.99999755721423,
                    0.9203160466045686,
                    -0.9887312819448186,
                    0.5388647415836526,
                    -0.460705409464537,
                    0.6711452507331671,
                    -0.476755692374062,
                    -1.1060970543540796,
                    -1.5242085797846432,
                    1.5210414054739363,
                    1.9045156385752973,
                    1.5850469217774956
                ],
                "Si": [
                    [
                        1.0018589799497616e-06,
                        -2.8084756609012567e-07,
                        -3.485722651310058e-07,
                        6.557020489501375e-07,
                        9.699725610915815e-07,
                        4.3195742608996617e-07,
                        -2.518849096092311e-06,
                        -1.7054831394381671e-06,
                        -1.3832042778034253e-06,
                        2.4907920587974922e-06,
                        4.281193551132601e-06,
                        5.855633725401521e-06
                    ],
                    [
                        -2.8084756609012567e-07,
                        1.0842108540765818,
                        0.03280051397150788,
                        0.5390226111644979,
                        -0.5956150698440753,
                        0.5937172341095491,
                        0.9843643411311086,
                        1.2281781871944306,
                        1.485019047916668,
                        -2.5842477768729464,
                        -0.2561880459736321,
                        -4.794943457057967
                    ],
                    [
                        -3.485722651310058e-07,
                        0.03280051397150788,
                        0.8939066912514444,
                        -0.818863262856261,
                        -0.03705351626337133,
                        -0.7624220405438846,
                        0.8670953309873166,
                        1.339827466749643,
                        1.75204398216425,
                        -2.067691349214798,
                        -2.532933944583003,
                        -4.01469558230754
                    ],
                    [
                        6.557020489501374e-07,
                        0.5390226111644979,
                        -0.818863262856261,
                        2.065615775111214,
                        -0.2561429684535954,
                        1.0370155329176471,
                        -1.0769318772729994,
                        -1.9602708055044848,
                        -1.675760905583337,
                        1.380246210353483,
                        2.9957058037695976,
                        3.2009560604417238
                    ],
                    [
                        9.699725610915815e-07,
                        -0.5956150698440753,
                        -0.03705351626337133,
                        -0.2561429684535954,
                        1.3779388529128143,
                        -0.2793852330613821,
                        -1.1319139147068913,
                        -0.33047434660183284,
                        -1.5092439931859702,
                        2.3399865690116446,
                        1.629458088698552,
                        5.309518310827921
                    ],
                    [
                        4.3195742608996585e-07,
                        0.5937172341095491,
                        -0.7624220405438846,
                        1.0370155329176471,
                        -0.2793852330613821,
                        2.0004449362529844,
                        0.5025456986366961,
                        0.8760443460636825,
                        0.7670974573032893,
                        -2.3685852348488448,
                        2.210260542320215,
                        -2.657330132704553
                    ],
                    [
                        -2.518849096092311e-06,
                        0.9843643411311086,
                        0.8670953309873166,
                        -1.0769318772729994,
                        -1.1319139147068913,
                        0.5025456986366961,
                        4.039405833435987,
                        4.737043468700552,
                        5.923814934347869,
                        -8.35207768561811,
                        -4.403504778919941,
                        -15.284225699226734
                    ],
                    [
                        -1.7054831394381682e-06,
                        1.2281781871944306,
                        1.339827466749643,
                        -1.9602708055044844,
                        -0.3304743466018328,
                        0.8760443460636826,
                        4.737043468700552,
                        8.514386196056993,
                        8.452466373371275,
                        -12.372876798355103,
                        -4.838291941933306,
                        -20.595783066192414
                    ],
                    [
                        -1.3832042778034263e-06,
                        1.485019047916668,
                        1.7520439821642497,
                        -1.675760905583337,
                        -1.5092439931859705,
                        0.7670974573032893,
                        5.923814934347869,
                        8.452466373371275,
                        11.186619629435238,
                        -15.566071682486893,
                        -8.15352592410982,
                        -27.64907744770801
                    ],
                    [
                        2.490792058797492e-06,
                        -2.5842477768729464,
                        -2.067691349214798,
                        1.380246210353483,
                        2.3399865690116446,
                        -2.3685852348488448,
                        -8.35207768561811,
                        -12.372876798355103,
                        -15.566071682486893,
                        24.197636255780036,
                        9.314099691442241,
                        39.53316359119049
                    ],
                    [
                        4.281193551132601e-06,
                        -0.2561880459736321,
                        -2.532933944583003,
                        2.9957058037695976,
                        1.629458088698552,
                        2.210260542320215,
                        -4.40350477891994,
                        -4.838291941933307,
                        -8.15352592410982,
                        9.314099691442241,
                        11.946683943501437,
                        20.78259761723996
                    ],
                    [
                        5.855633725401521e-06,
                        -4.7949434570579665,
                        -4.01469558230754,
                        3.2009560604417238,
                        5.309518310827921,
                        -2.657330132704553,
                        -15.284225699226734,
                        -20.595783066192414,
                        -27.64907744770801,
                        39.53316359119049,
                        20.78259761723996,
                        73.0183173844796
                    ]
                ]
            },
            "est_tgt": [
                8,
                1,
                11,
                0
            ],
            "oracle_est_tgt": [
                0,
                1,
                11
            ],
            "intv_base_est_tgt": []
        },
        "6": {
            "intv_type": "do",
            "inode": 6,
            "new_mui": 1.0,
            "new_vari": null,
            "true_params": {
                "Si": [
                    [
                        1.0,
                        0.9059011780846672,
                        -0.9648096832504681,
                        0.5603792413209855,
                        -0.4556475257412826,
                        0.629606744306338,
                        0.0,
                        -0.8648719399988346,
                        -1.0573635713430392,
                        0.9754618565013939,
                        1.6361001062461487,
                        0.7356891799949792
                    ],
                    [
                        0.9059011780846672,
                        1.8206569444551879,
                        -0.8740222286840936,
                        1.0187540143878073,
                        -0.9157487064081908,
                        1.144983904337621,
                        0.0,
                        -0.1920741933109451,
                        -0.6283584104049815,
                        -0.2246601464790825,
                        1.9614981511941614,
                        -1.6183508468596455
                    ],
                    [
                        -0.9648096832504681,
                        -0.8740222286840936,
                        1.9308577248938685,
                        -1.4731730715849993,
                        0.43961314498430637,
                        -1.47810655486176,
                        0.0,
                        1.7448959407149225,
                        1.954203729576186,
                        -1.9830086454082536,
                        -3.781871038944097,
                        -3.0070813751591174
                    ],
                    [
                        0.5603792413209855,
                        1.0187540143878073,
                        -1.4731730715849993,
                        2.444835932417144,
                        -0.512409915368737,
                        1.4584099718452368,
                        0.0,
                        -1.919364144264264,
                        -1.3626323874407784,
                        0.9034326202011644,
                        3.5105448562110317,
                        1.8438941339254646
                    ],
                    [
                        -0.4556475257412826,
                        -0.9157487064081908,
                        0.43961314498430637,
                        -0.512409915368737,
                        1.4606006067437465,
                        -0.5759006563255298,
                        0.0,
                        0.7517348013965145,
                        0.22318004602137576,
                        0.3611423055964315,
                        -0.01285064586637863,
                        2.1036690920359353
                    ],
                    [
                        0.629606744306338,
                        1.144983904337621,
                        -1.47810655486176,
                        1.4584099718452368,
                        -0.5759006563255298,
                        2.4846372161851766,
                        0.0,
                        -0.10373959797987953,
                        -0.557410558907703,
                        -0.9775157217748762,
                        3.7304252750878324,
                        -0.8202473683793028
                    ],
                    [
                        0.0,
                        0.0,
                        0.0,
                        0.0,
                        0.0,
                        0.0,
                        1e-09,
                        5.971215911302217e-10,
                        1.0138453539125882e-09,
                        -1.2054062123715423e-09,
                        -5.960430419292047e-10,
                        -2.0581092125198635e-09
                    ],
                    [
                        -0.8648719399988346,
                        -0.1920741933109451,
                        1.7448959407149225,
                        -1.919364144264264,
                        0.7517348013965145,
                        -0.10373959797987953,
                        5.971215911302217e-10,
                        4.942990023780674,
                        3.4325548344279264,
                        -5.238131543439338,
                        -2.5278093804065347,
                        -7.282206978017529
                    ],
                    [
                        -1.0573635713430392,
                        -0.6283584104049815,
                        1.954203729576186,
                        -1.3626323874407784,
                        0.22318004602137576,
                        -0.557410558907703,
                        1.0138453539125882e-09,
                        3.4325548344279264,
                        4.319674760157059,
                        -5.6258827224816415,
                        -4.435571592341901,
                        -8.593489098588291
                    ],
                    [
                        0.9754618565013939,
                        -0.2246601464790825,
                        -1.9830086454082536,
                        0.9034326202011644,
                        0.3611423055964315,
                        -0.9775157217748762,
                        -1.2054062123715423e-09,
                        -5.238131543439338,
                        -5.6258827224816415,
                        10.18119130234529,
                        3.6298911545512427,
                        13.5091058581426
                    ],
                    [
                        1.6361001062461487,
                        1.9614981511941614,
                        -3.781871038944097,
                        3.5105448562110317,
                        -0.01285064586637863,
                        3.7304252750878324,
                        -5.960430419292047e-10,
                        -2.5278093804065347,
                        -4.435571592341901,
                        3.6298911545512427,
                        10.88602683204119,
                        8.46795043236607
                    ],
                    [
                        0.7356891799949792,
                        -1.6183508468596455,
                        -3.0070813751591174,
                        1.8438941339254646,
                        2.1036690920359353,
                        -0.8202473683793028,
                        -2.0581092125198635e-09,
                        -7.282206978017529,
                        -8.593489098588291,
                        13.5091058581426,
                        8.46795043236607,
                        25.343296204278385
                    ]
                ],
                "mui": [
                    0.0,
                    0.0,
                    0.0,
                    0.0,
                    0.0,
                    0.0,
                    1.0,
                    0.5971215911302217,
                    1.0138453539125882,
                    -1.205406212371542,
                    -0.5960430419292047,
                    -2.0581092125198635
                ],
                "Ai": [
                    [
                        0.0,
                        0.0,
                        0.0,
                        0.0,
                        0.0,
                        0.0,
                        0.0,
                        0.0,
                        0.0,
                        0.0,
                        0.0,
                        0.0
                    ],
                    [
                        0.9059011780846672,
                        0.0,
                        0.0,
                        0.0,
                        0.0,
                        0.0,
                        0.0,
                        0.0,
                        0.0,
                        0.0,
                        0.0,
                        0.0
                    ],
                    [
                        -0.9648096832504681,
                        0.0,
                        0.0,
                        0.0,
                        0.0,
                        0.0,
                        0.0,
                        0.0,
                        0.0,
                        0.0,
                        0.0,
                        0.0
                    ],
                    [
                        -0.8023304034880545,
                        0.5111057995009347,
                        -0.9325137532659615,
                        0.0,
                        0.0,
                        0.0,
                        0.0,
                        0.0,
                        0.0,
                        0.0,
                        0.0,
                        0.0
                    ],
                    [
                        -0.0,
                        -0.5029770760477993,
                        -0.0,
                        -0.0,
                        0.0,
                        0.0,
                        0.0,
                        0.0,
                        0.0,
                        0.0,
                        0.0,
                        0.0
                    ],
                    [
                        -0.7309615919540585,
                        0.5746224129404576,
                        -0.8706558713152036,
                        0.0,
                        -0.0,
                        0.0,
                        0.0,
                        0.0,
                        0.0,
                        0.0,
                        0.0,
                        0.0
                    ],
                    [
                        0.0,
                        0.0,
                        0.0,
                        0.0,
                        0.0,
                        0.0,
                        0.0,
                        0.0,
                        0.0,
                        0.0,
                        0.0,
                        0.0
                    ],
                    [
                        -0.581437318940498,
                        0.861263784731515,
                        0.8604755786478956,
                        -0.8879674999787246,
                        0.6551258852607356,
                        0.8936462639636173,
                        0.5971215911302217,
                        0.0,
                        0.0,
                        0.0,
                        0.0,
                        0.0
                    ],
                    [
                        0.5027621657821231,
                        -0.8091133063570057,
                        0.8035689492776643,
                        0.6600443427525452,
                        -0.6296442859598202,
                        0.0,
                        0.5245964561673991,
                        0.8193455152394458,
                        0.0,
                        0.0,
                        0.0,
                        0.0
                    ],
                    [
                        -0.8068901138317245,
                        0.6257599743347226,
                        -0.9337348431495323,
                        -0.7150809033511291,
                        0.6285688774381122,
                        -0.6716119175845576,
                        -0.0,
                        -0.6914998090428217,
                        -0.781674190320327,
                        0.0,
                        0.0,
                        0.0
                    ],
                    [
                        0.0,
                        -0.0,
                        -0.5870204432510061,
                        0.6838639445098563,
                        0.5597169741216971,
                        0.7028490328707367,
                        -0.0,
                        0.5063549951381197,
                        -0.8861297621335971,
                        -0.0,
                        0.0,
                        0.0
                    ],
                    [
                        -0.6822357042276783,
                        -0.5594471164326927,
                        0.0,
                        -0.6612279881710093,
                        0.8885912634625363,
                        -0.9316564590062297,
                        0.0,
                        -0.8830956445598095,
                        -0.97298863462374,
                        -0.0,
                        0.9132456738950795,
                        0.0
                    ]
                ]
            },
            "est_params": {
                "mui": [
                    -0.06054133348706154,
                    -0.03671659459079121,
                    0.11693574413023197,
                    -0.1008368617006504,
                    0.04679794162118073,
                    -0.11319177880399385,
                    1.0000035141943888,
                    0.7089281765047547,
                    1.1067354870687711,
                    -1.2330800713530146,
                    -0.7955476766328982,
                    -2.114512180280103
                ],
                "Si": [
                    [
                        1.0142354552129778,
                        0.9225323907674667,
                        -0.9243440769425071,
                        0.49768793862626626,
                        -0.4294573711495285,
                        0.5509847195726075,
                        1.139915799507406e-06,
                        -0.81607529951501,
                        -1.0538993778968222,
                        1.0078746848011242,
                        1.5506982478562217,
                        0.7803809700820735
                    ],
                    [
                        0.9225323907674668,
                        1.8216717303334105,
                        -0.8225232738669092,
                        1.0109648519395138,
                        -0.909757816771065,
                        1.0672270182597832,
                        -7.952275219760338e-08,
                        -0.17310300153444355,
                        -0.5670019978202875,
                        -0.26037454958844203,
                        1.7920771915564808,
                        -1.6763532131999979
                    ],
                    [
                        -0.9243440769425071,
                        -0.8225232738669092,
                        1.907514038901858,
                        -1.4902880129679354,
                        0.44160473865875155,
                        -1.373505533243534,
                        1.0168473417679185e-05,
                        1.8676484375240103,
                        2.02437052492042,
                        -2.132413123861461,
                        -3.714847493353162,
                        -3.265045663632355
                    ],
                    [
                        0.4976879386262663,
                        1.0109648519395138,
                        -1.4902880129679354,
                        2.640363808835425,
                        -0.559407355541802,
                        1.4331238092092673,
                        -9.391454308004414e-06,
                        -2.0924416549310823,
                        -1.3975638773449677,
                        0.9264922603334669,
                        3.5660739080103916,
                        2.0204947465890357
                    ],
                    [
                        -0.4294573711495285,
                        -0.909757816771065,
                        0.44160473865875166,
                        -0.559407355541802,
                        1.4430322534970357,
                        -0.6342135404920345,
                        -1.5218104889784485e-06,
                        0.7540641599996559,
                        0.24236257940015218,
                        0.3826632381344962,
                        -0.15091041519663478,
                        1.9710078788057082
                    ],
                    [
                        0.5509847195726075,
                        1.0672270182597834,
                        -1.373505533243534,
                        1.4331238092092673,
                        -0.6342135404920345,
                        2.3633578754443354,
                        -7.415277875615881e-06,
                        -0.12489973190415442,
                        -0.4584625701907309,
                        -1.0185969568281237,
                        3.437056010465177,
                        -0.9880230934146353
                    ],
                    [
                        1.139915799507406e-06,
                        -7.95227521976039e-08,
                        1.0168473417679185e-05,
                        -9.391454308004414e-06,
                        -1.5218104889784485e-06,
                        -7.415277875615881e-06,
                        1.0158073505041026e-06,
                        -1.3425513055198967e-07,
                        -2.762898407837814e-07,
                        -3.977112275876118e-06,
                        -1.6113943868555485e-05,
                        -5.1187286720941516e-06
                    ],
                    [
                        -0.81607529951501,
                        -0.17310300153444355,
                        1.8676484375240103,
                        -2.0924416549310823,
                        0.7540641599996559,
                        -0.12489973190415443,
                        -1.3425513055199046e-07,
                        5.256874299620624,
                        3.710034369526378,
                        -5.503349459053847,
                        -2.926862214670116,
                        -8.05549325222308
                    ],
                    [
                        -1.0538993778968222,
                        -0.5670019978202875,
                        2.0243705249204207,
                        -1.3975638773449677,
