{
    "expt_args": {
        "save_dir": "all_expt_logs/expt_logs_11.05.24-large_nodes_sparse_intv",
        "exp_name": "232",
        "num_nodes": 20,
        "obs_noise_mean": 0.0,
        "obs_noise_var": 1.0,
        "max_edge_strength": 1.0,
        "graph_sparsity_method": "adj_dense_prop",
        "adj_dense_prop": 0.8,
        "num_parents": null,
        "new_noise_mean": 1.0,
        "mix_samples": 1024,
        "stage2_samples": 1024,
        "gmm_tol": 0.001,
        "intv_type": "do",
        "new_noise_var": null,
        "intv_targets": [
            9,
            6,
            0,
            11
        ]
    },
    "intv_args_dict": {
        "9": {
            "intv_type": "do",
            "inode": 9,
            "new_mui": 1.0,
            "new_vari": null,
            "true_params": {
                "Si": [
                    [
                        1.0,
                        -0.6447722929918677,
                        0.4853642209971522,
                        -0.5006727647636617,
                        0.3645235248400124,
                        0.3515902126301379,
                        1.3363817695498854,
                        0.7840424349767213,
                        -0.27021649356186916,
                        0.0,
                        0.4221030984774107,
                        -0.7883602680993458,
                        -0.7916974049491956,
                        1.7556505034871748,
                        -3.612414282957974,
                        -0.6633502500974711,
                        5.143651737300541,
                        -4.358104630855391,
                        6.155795847774964,
                        -6.942550576841208
                    ],
                    [
                        -0.6447722929918677,
                        1.4157313098099908,
                        -1.065717822859164,
                        1.0993309060412564,
                        -1.8225340973026378,
                        -1.757870499791607,
                        -2.524192753828973,
                        -2.611798652386776,
                        2.9875691414880796,
                        0.0,
                        -3.5200069635455002,
                        2.103861197447884,
                        5.813842418880797,
                        -9.197047932943656,
                        12.01101846231658,
                        1.3079405566869415,
                        -25.41657355898389,
                        15.522603154279906,
                        -26.198299355553438,
                        42.50987687702612
                    ],
                    [
                        0.4853642209971522,
                        -1.065717822859164,
                        1.8022387229057673,
                        -0.8275415904627553,
                        1.8785523072338506,
                        1.8119011809376842,
                        2.832076743185527,
                        3.0889229318460103,
                        -3.5858187242696706,
                        0.0,
                        4.606907956410243,
                        -2.151520448404203,
                        -5.893498848263686,
                        10.113665815302276,
                        -13.514445728927459,
                        -1.1169186121135035,
                        28.35353043070228,
                        -15.709000688083227,
                        27.851120241792607,
                        -45.86020767704091
                    ],
                    [
                        -0.5006727647636617,
                        1.0993309060412564,
                        -0.8275415904627553,
                        1.8536425186073544,
                        -2.0913874068209397,
                        -2.0171848809453152,
                        -2.855888806402372,
                        -3.357565846399507,
                        4.52090697906632,
                        0.0,
                        -3.5578669602984268,
                        1.4479617885337368,
                        5.310521530804563,
                        -9.18334412645668,
                        10.972908853356158,
                        -0.38085657758820646,
                        -24.251642858059896,
                        14.239741383779787,
                        -26.42013047724225,
                        44.46328254454622
                    ],
                    [
                        0.3645235248400124,
                        -1.8225340973026378,
                        1.8785523072338506,
                        -2.0913874068209397,
                        4.36688709161597,
                        4.211949727378839,
                        4.593900413715042,
                        5.433045596514763,
                        -8.11564999433366,
                        0.0,
                        8.524271332103297,
                        -3.3395749704925897,
                        -13.597193251241725,
                        19.368304945754776,
                        -24.109303038463295,
                        -1.9164016489808082,
                        53.5772262880346,
                        -27.589529077367743,
                        54.04333325773054,
                        -92.82237955216624
                    ],
                    [
                        0.3515902126301379,
                        -1.757870499791607,
                        1.8119011809376842,
                        -2.0171848809453152,
                        4.211949727378839,
                        5.06250954828369,
                        3.9126131033838303,
                        5.942148756738779,
                        -9.080574887531018,
                        0.0,
                        9.882764779259142,
                        -2.8689736845523095,
                        -15.562250710945678,
                        20.549097988108667,
                        -25.525481810969055,
                        -2.5558760298378673,
                        57.23361724387903,
                        -28.043873810969114,
                        56.979931101677614,
                        -100.98786905527292
                    ],
                    [
                        1.3363817695498854,
                        -2.524192753828973,
                        2.832076743185527,
                        -2.855888806402372,
                        4.593900413715042,
                        3.9126131033838303,
                        7.641391697128058,
                        7.066000735061024,
                        -9.103492703094323,
                        0.0,
                        8.240037506086615,
                        -3.7232039993574464,
                        -11.016234772491957,
                        19.85922035816223,
                        -27.1199210507416,
                        0.013698961441790614,
                        55.16068107319414,
                        -30.868424709340715,
                        57.29499637152764,
                        -92.41795926192668
                    ],
                    [
                        0.7840424349767213,
                        -2.611798652386776,
                        3.0889229318460103,
                        -3.357565846399507,
                        5.433045596514763,
                        5.942148756738779,
                        7.066000735061024,
                        9.946901995711158,
                        -13.24574440422491,
                        0.0,
                        13.016944095307103,
                        -3.973959907206101,
                        -17.55156001615697,
                        27.964137111943106,
                        -35.5346987515601,
                        0.020020925561045066,
                        78.42081018700453,
                        -42.30588724761118,
                        80.0825729904622,
                        -138.89770185917874
                    ],
                    [
                        -0.27021649356186916,
                        2.9875691414880796,
                        -3.5858187242696706,
                        4.52090697906632,
                        -8.11564999433366,
                        -9.080574887531018,
                        -9.103492703094323,
                        -13.24574440422491,
                        20.74103316159839,
                        0.0,
                        -18.73147384249449,
                        3.8873313041495097,
                        26.529467543137724,
                        -38.46509312532107,
                        47.89189366872415,
                        -0.010561808000679296,
                        -106.84009390787686,
                        51.03056005539827,
                        -107.98726248026074,
                        193.47608941979527
                    ],
                    [
                        0.0,
                        0.0,
                        0.0,
                        0.0,
                        0.0,
                        0.0,
                        0.0,
                        0.0,
                        0.0,
                        1e-09,
                        7.424844865670324e-10,
                        2.397777973228498e-10,
                        -1.040868852012409e-09,
                        7.05406816341152e-11,
                        -2.0617771374534934e-09,
                        -1.0683292487052875e-09,
                        2.5261358849461653e-09,
                        -4.878949247406793e-10,
                        2.456226679748763e-09,
                        -1.645228685263414e-09
                    ],
                    [
                        0.4221030984774107,
                        -3.5200069635455002,
                        4.606907956410243,
                        -3.5578669602984268,
                        8.524271332103297,
                        9.882764779259142,
                        8.240037506086615,
                        13.016944095307103,
                        -18.73147384249449,
                        7.424844865670324e-10,
                        22.52222718105594,
                        -7.309777969091409,
                        -33.384115621965414,
                        45.85374707902018,
                        -57.68144210418575,
                        -5.856527881705411,
                        129.72612349764688,
                        -65.33908539229174,
                        126.99065583669262,
                        -223.91117363604482
                    ],
                    [
                        -0.7883602680993458,
                        2.103861197447884,
                        -2.151520448404203,
                        1.4479617885337368,
                        -3.3395749704925897,
                        -2.8689736845523095,
                        -3.7232039993574464,
                        -3.973959907206101,
                        3.8873313041495097,
                        2.397777973228498e-10,
                        -7.309777969091409,
                        6.1479603802470875,
                        12.891358886726197,
                        -19.39965467868832,
                        24.20073391814449,
                        4.782472954750174,
                        -54.03068956601715,
                        33.93294630671733,
                        -54.22454899744211,
                        87.24010900077211
                    ],
                    [
                        -0.7916974049491956,
                        5.813842418880797,
                        -5.893498848263686,
                        5.310521530804563,
                        -13.597193251241725,
                        -15.562250710945678,
                        -11.016234772491957,
                        -17.55156001615697,
                        26.529467543137724,
                        -1.040868852012409e-09,
                        -33.384115621965414,
                        12.891358886726197,
                        56.24968747885418,
                        -72.1041071535442,
                        88.72524962322933,
                        13.468104727446718,
                        -202.0949268893614,
                        102.74558368874679,
                        -198.87638206055917,
                        350.26299844138543
                    ],
                    [
                        1.7556505034871748,
                        -9.197047932943656,
                        10.113665815302276,
                        -9.18334412645668,
                        19.368304945754776,
                        20.549097988108667,
                        19.85922035816223,
                        27.964137111943106,
                        -38.46509312532107,
                        7.05406816341152e-11,
                        45.85374707902018,
                        -19.39965467868832,
                        -72.1041071535442,
                        103.6828250845397,
                        -127.07187585844635,
                        -12.562442332777204,
                        287.6009749887378,
                        -156.31226218769822,
                        287.7438492463163,
                        -498.2114839663767
                    ],
                    [
                        -3.612414282957974,
                        12.01101846231658,
                        -13.514445728927459,
                        10.972908853356158,
                        -24.109303038463295,
                        -25.525481810969055,
                        -27.1199210507416,
                        -35.5346987515601,
                        47.89189366872415,
                        -2.0617771374534934e-09,
                        -57.68144210418575,
                        24.20073391814449,
                        88.72524962322933,
                        -127.07187585844635,
                        163.58679553688293,
                        16.99813776026843,
                        -359.0323810032779,
                        192.74817903540895,
                        -357.2608415873921,
                        610.3647193008863
                    ],
                    [
                        -0.6633502500974711,
                        1.3079405566869415,
                        -1.1169186121135035,
                        -0.38085657758820646,
                        -1.9164016489808082,
                        -2.5558760298378673,
                        0.013698961441790614,
                        0.020020925561045066,
                        -0.010561808000679296,
                        -1.0683292487052875e-09,
                        -5.856527881705411,
                        4.782472954750174,
                        13.468104727446718,
                        -12.562442332777204,
                        16.99813776026843,
                        10.877582891412002,
                        -35.9411518760999,
                        17.037939631128328,
                        -31.28115462649988,
                        50.46233358084653
                    ],
                    [
                        5.143651737300541,
                        -25.41657355898389,
                        28.35353043070228,
                        -24.251642858059896,
                        53.5772262880346,
                        57.23361724387903,
                        55.16068107319414,
                        78.42081018700453,
                        -106.84009390787686,
                        2.5261358849461653e-09,
                        129.72612349764688,
                        -54.03068956601715,
                        -202.0949268893614,
                        287.6009749887378,
                        -359.0323810032779,
                        -35.9411518760999,
                        808.6793386701271,
                        -437.3354640578063,
                        805.6369458315938,
                        -1392.5108286166635
                    ],
                    [
                        -4.358104630855391,
                        15.522603154279906,
                        -15.709000688083227,
                        14.239741383779787,
                        -27.589529077367743,
                        -28.043873810969114,
                        -30.868424709340715,
                        -42.30588724761118,
                        51.03056005539827,
                        -4.878949247406793e-10,
                        -65.33908539229174,
                        33.93294630671733,
                        102.74558368874679,
                        -156.31226218769822,
                        192.74817903540895,
                        17.037939631128328,
                        -437.3354640578063,
                        260.0039433679728,
                        -443.78688129152,
                        752.2072600454148
                    ],
                    [
                        6.155795847774964,
                        -26.198299355553438,
                        27.851120241792607,
                        -26.42013047724225,
                        54.04333325773054,
                        56.979931101677614,
                        57.29499637152764,
                        80.0825729904622,
                        -107.98726248026074,
                        2.456226679748763e-09,
                        126.99065583669262,
                        -54.22454899744211,
                        -198.87638206055917,
                        287.7438492463163,
                        -357.2608415873921,
                        -31.28115462649988,
                        805.6369458315938,
                        -443.78688129152,
                        811.4726174858973,
                        -1397.5851684069771
                    ],
                    [
                        -6.942550576841208,
                        42.50987687702612,
                        -45.86020767704091,
                        44.46328254454622,
                        -92.82237955216624,
                        -100.98786905527292,
                        -92.41795926192668,
                        -138.89770185917874,
                        193.47608941979527,
                        -1.645228685263414e-09,
                        -223.91117363604482,
                        87.24010900077211,
                        350.26299844138543,
                        -498.2114839663767,
                        610.3647193008863,
                        50.46233358084653,
                        -1392.5108286166635,
                        752.2072600454148,
                        -1397.5851684069771,
                        2441.188586827258
                    ]
                ],
                "mui": [
                    0.0,
                    0.0,
                    0.0,
                    0.0,
                    0.0,
                    0.0,
                    0.0,
                    0.0,
                    0.0,
                    1.0,
                    0.7424844865670324,
                    0.23977779732284976,
                    -1.040868852012409,
                    0.0705406816341152,
                    -2.0617771374534932,
                    -1.0683292487052876,
                    2.5261358849461653,
                    -0.4878949247406792,
                    2.4562266797487626,
                    -1.645228685263414
                ],
                "Ai": [
                    [
                        0.0,
                        0.0,
                        0.0,
                        0.0,
                        0.0,
                        0.0,
                        0.0,
                        0.0,
                        0.0,
                        0.0,
                        0.0,
                        0.0,
                        0.0,
                        0.0,
                        0.0,
                        0.0,
                        0.0,
                        0.0,
                        0.0,
                        0.0
                    ],
                    [
                        -0.6447722929918677,
                        0.0,
                        0.0,
                        0.0,
                        0.0,
                        0.0,
                        0.0,
                        0.0,
                        0.0,
                        0.0,
                        0.0,
                        0.0,
                        0.0,
                        0.0,
                        0.0,
                        0.0,
                        0.0,
                        0.0,
                        0.0,
                        0.0
                    ],
                    [
                        0.0,
                        -0.7527684211506185,
                        0.0,
                        0.0,
                        0.0,
                        0.0,
                        0.0,
                        0.0,
                        0.0,
                        0.0,
                        0.0,
                        0.0,
                        0.0,
                        0.0,
                        0.0,
                        0.0,
                        0.0,
                        0.0,
                        0.0,
                        0.0
                    ],
                    [
                        -0.0,
                        0.7765109794660121,
                        0.0,
                        0.0,
                        0.0,
                        0.0,
                        0.0,
                        0.0,
                        0.0,
                        0.0,
                        0.0,
                        0.0,
                        0.0,
                        0.0,
                        0.0,
                        0.0,
                        0.0,
                        0.0,
                        0.0,
                        0.0
                    ],
                    [
                        -0.65905212169538,
                        -0.6810891122159113,
                        0.5066061923141763,
                        -0.6761696698142645,
                        0.0,
                        0.0,
                        0.0,
                        0.0,
                        0.0,
                        0.0,
                        0.0,
                        0.0,
                        0.0,
                        0.0,
                        0.0,
                        0.0,
                        0.0,
                        0.0,
                        0.0,
                        0.0
                    ],
                    [
                        -0.0,
                        -0.0,
                        0.0,
                        0.0,
                        0.9645199518589347,
                        0.0,
                        0.0,
                        0.0,
                        0.0,
                        0.0,
                        0.0,
                        0.0,
                        0.0,
                        0.0,
                        0.0,
                        0.0,
                        0.0,
                        0.0,
                        0.0,
                        0.0
                    ],
                    [
                        0.5212160534592112,
                        -0.0,
                        0.7345539392817314,
                        -0.6323677763327951,
                        0.88953879922405,
                        -0.518295502497343,
                        0.0,
                        0.0,
                        0.0,
                        0.0,
                        0.0,
                        0.0,
                        0.0,
                        0.0,
                        0.0,
                        0.0,
                        0.0,
                        0.0,
                        0.0,
                        0.0
                    ],
                    [
                        -0.6196239943333144,
                        -0.0,
                        0.5766343711114545,
                        -0.7786580009960986,
                        -0.7966871286157242,
                        0.9672519671002531,
                        0.5120323951887844,
                        0.0,
                        0.0,
                        0.0,
                        0.0,
                        0.0,
                        0.0,
                        0.0,
                        0.0,
                        0.0,
                        0.0,
                        0.0,
                        0.0,
                        0.0
                    ],
                    [
                        0.6050580339716465,
                        -0.8457412716526655,
                        0.5560435225092049,
                        -0.0,
                        0.0,
                        -0.9302350110893121,
                        -0.5236614422986335,
                        -0.846377106423806,
                        0.0,
                        0.0,
                        0.0,
                        0.0,
                        0.0,
                        0.0,
                        0.0,
                        0.0,
                        0.0,
                        0.0,
                        0.0,
                        0.0
                    ],
                    [
                        0.0,
                        0.0,
                        0.0,
                        0.0,
                        0.0,
                        0.0,
                        0.0,
                        0.0,
                        0.0,
                        0.0,
                        0.0,
                        0.0,
                        0.0,
                        0.0,
                        0.0,
                        0.0,
                        0.0,
                        0.0,
                        0.0,
                        0.0
                    ],
                    [
                        -0.0,
                        0.0,
                        0.6695559289586941,
                        0.927701634528185,
                        0.8182900070391348,
                        0.7861972887854967,
                        -0.5170087751971368,
                        0.8645136931773887,
                        0.0,
                        0.7424844865670324,
                        0.0,
                        0.0,
                        0.0,
                        0.0,
                        0.0,
                        0.0,
                        0.0,
                        0.0,
                        0.0,
                        0.0
                    ],
                    [
                        0.0,
                        0.5260976324484862,
                        -0.0,
                        0.5995774051432325,
                        -0.7652090931771727,
                        0.7329557561113935,
                        0.0,
                        -0.0,
                        -0.6419905594267508,
                        0.7695831266613369,
                        -0.7135574398168327,
                        0.0,
                        0.0,
                        0.0,
                        0.0,
                        0.0,
                        0.0,
                        0.0,
                        0.0,
                        0.0
                    ],
                    [
                        -0.77684278241909,
                        0.7366473307743417,
                        0.8185463907510877,
                        -0.5283509582810806,
                        -0.8219852279615436,
                        -0.580570685406032,
                        0.7098060372050958,
                        0.7567550759115175,
                        0.6544503930720194,
                        -0.5707509989316166,
                        -0.9110810233238635,
                        0.8605703907812523,
                        0.0,
                        0.0,
                        0.0,
                        0.0,
                        0.0,
                        0.0,
                        0.0,
                        0.0
                    ],
                    [
                        -0.9798516491690327,
                        -0.5678951883481642,
                        0.9380581645087763,
                        -0.7377572141891913,
                        -0.0,
                        -0.6494935002388769,
                        0.0,
                        0.8596538242355767,
                        0.0,
                        -0.6956127764270617,
                        -0.0,
                        -0.5318315465723666,
                        -0.8585854530254013,
                        0.0,
                        0.0,
                        0.0,
                        0.0,
                        0.0,
                        0.0,
                        0.0
                    ],
                    [
                        -0.516887413866814,
                        0.922281477795291,
                        0.0,
                        -0.9591094962326558,
                        0.0,
                        0.7881199603655956,
                        -0.9422359185685365,
                        -0.8343656403598183,
                        -0.0,
                        -0.8196307719538999,
                        -0.8464164217300036,
                        0.5364336143300303,
                        0.7131735878235571,
                        0.0,
                        0.0,
                        0.0,
                        0.0,
                        0.0,
                        0.0,
                        0.0
                    ],
                    [
                        0.0,
                        0.8782326403673353,
                        -0.9302043247353247,
                        0.757937293486888,
                        0.5986757498807156,
                        -0.0,
                        0.0,
                        0.9663013664904145,
                        -0.0,
                        -0.0,
                        -0.6415620613088414,
                        0.7808562019612105,
                        0.7978758416215901,
                        0.7268537669850288,
                        0.0,
                        0.0,
                        0.0,
                        0.0,
                        0.0,
                        0.0
                    ],
                    [
                        -0.6411030509566991,
                        -0.587786303759905,
                        0.0,
                        0.0,
                        0.6123921193546655,
                        -0.7600263235590867,
                        -0.6379241199434229,
                        0.8997138588433351,
                        0.6213220452277131,
                        -0.0,
                        0.8283439989913639,
                        -0.8847101810007153,
                        -0.9902298840098975,
                        0.5686155022725325,
                        -0.9784263085103184,
                        0.9031576995866052,
                        0.0,
                        0.0,
                        0.0,
                        0.0
                    ],
                    [
                        -0.8734578506028415,
                        0.7947345057057604,
                        0.9935514065497741,
                        0.562981392677435,
                        0.9139283190196399,
                        -0.7692640287880519,
                        0.5988851697247219,
                        -0.0,
                        -0.9836620121743063,
                        -0.7572491863089589,
                        0.6789034766225391,
                        0.6669583920346023,
                        -0.8966929405089296,
                        -0.6570327159340925,
                        -0.0,
                        -0.6673048473871915,
                        -0.7895601998127441,
                        0.0,
                        0.0,
                        0.0
                    ],
                    [
                        0.5636549404628068,
                        0.9553581572748021,
                        -0.0,
                        0.0,
                        0.7147984708013233,
                        0.0,
                        0.0,
                        0.6745718930648525,
                        -0.6366936342344505,
                        0.9525279344954463,
                        -0.9208307808736513,
                        -0.0,
                        -0.5801811836796753,
                        0.0,
                        -0.0,
                        -0.0,
                        0.5148191941424998,
                        -0.58005430525339,
                        0.0,
                        0.0
                    ],
                    [
                        -0.7241020465557741,
                        0.0,
                        0.0,
                        -0.6493890842533927,
                        0.630393196510221,
                        -0.0,
                        0.9987542647606722,
                        -0.7314667197925149,
                        0.7846849998088745,
                        0.5821943824403909,
                        0.7637699596991852,
                        -0.7390156583297953,
                        0.9662099601359465,
                        -0.9911059899774303,
                        -0.9203635023494383,
                        -0.73415846394862,
                        -0.8850744760888287,
                        -0.0,
                        -0.8092855322488403,
                        0.0
                    ]
                ]
            },
            "est_params": {
                "mui": [
                    -0.06672309863871932,
                    0.23393045576501567,
                    -0.1382256398995343,
                    0.3115784975976029,
                    -0.14003085771011714,
                    -0.08772000953182012,
                    -0.5165627696472649,
                    -0.7410361348200706,
                    0.6611798451255531,
                    0.4551770384958336,
                    0.02623359177197195,
                    0.6174594601453453,
                    -0.231384407522101,
                    -1.579199590916616,
                    0.821929834376225,
                    -1.1971383933405344,
                    -3.108087355252828,
                    3.5594337856403686,
                    -3.931992363760179,
                    7.33334520412314
                ],
                "Si": [
                    [
                        0.8795242774566263,
                        -0.43587097574904404,
                        0.260602539968155,
                        -0.40525165819590686,
                        0.08260124813733431,
                        0.23305816817861563,
                        0.8789405315518374,
                        0.4127870348134706,
                        -0.10145953530636706,
                        -0.5854481432908668,
                        -0.37544707122690435,
                        -0.1848599031342328,
                        0.6151070046468768,
                        0.027455875180069974,
                        -0.34250979754061395,
                        0.06476851784408737,
                        -0.8837376614545134,
                        -0.3250947309266039,
                        -0.40561787022798274,
                        1.4501504625163242
                    ],
                    [
                        -0.43587097574904404,
                        0.6905120177089477,
                        -0.3500161711406036,
                        0.2695731980146147,
                        -0.16670004974327532,
                        -0.056860812402813814,
                        -0.9309141000126819,
                        -0.39690536613281807,
                        -0.07423220004971272,
                        0.221835904987745,
                        0.10879667487918183,
                        0.3589315096481183,
                        -0.4045443381217848,
                        -0.5866290173203801,
                        1.4388994078130284,
                        0.28125649690270266,
                        -1.1960376106254915,
                        1.6864853938411284,
                        -1.3004909560431896,
                        0.1265050908522149
                    ],
                    [
                        0.260602539968155,
                        -0.3500161711406036,
                        0.871080287280818,
                        -0.1635811987145435,
                        0.16976164181224535,
                        -0.0804951885336196,
                        1.2561966551748431,
                        0.4936836183030131,
                        -0.07226678299357119,
                        -0.5262055370904725,
                        0.07208415380202535,
                        -0.5087130166683623,
                        1.2653121745089622,
                        0.9205898558054066,
                        -0.8809052543315793,
                        0.4105744841091473,
                        0.7361541955052562,
                        -1.07763129202483,
                        0.25281669377169846,
                        0.8649770847636905
                    ],
                    [
                        -0.40525165819590686,
                        0.2695731980146147,
                        -0.16358119871454352,
                        1.1172611823767011,
                        -0.5065458320506638,
                        -0.19751513266936696,
                        -1.1209783625714524,
                        -0.9588869183701928,
                        1.215983474580766,
                        0.6372754292905003,
                        0.5011772588929608,
                        -0.08003677868180335,
                        -1.4315039263341023,
                        -0.30835824715324334,
                        -1.0410709301046746,
                        -1.739545642676658,
                        1.5932450193319823,
                        0.07988168702316764,
                        -0.452751208681145,
                        0.8838492830986702
                    ],
                    [
                        0.08260124813733434,
                        -0.16670004974327532,
                        0.16976164181224535,
                        -0.5065458320506638,
                        0.7732696831535264,
                        0.30336788023650135,
                        0.7914651493956824,
                        0.231599910495386,
                        -0.9072236164763313,
                        -0.24241955197476997,
                        0.18904386331200712,
                        0.13194713694309532,
                        -0.25015656762711913,
                        0.7491189054814663,
                        -0.2669038944141851,
                        0.17729545235975996,
                        0.7308214906690598,
                        1.089817432187365,
                        0.8745625736701348,
                        -1.757769287319227
                    ],
