{
    "expt_args": {
        "save_dir": "all_expt_logs/expt_logs_11.05.24-large_nodes_sparse_intv",
        "exp_name": "39",
        "num_nodes": 15,
        "obs_noise_mean": 0.0,
        "obs_noise_var": 1.0,
        "max_edge_strength": 1.0,
        "graph_sparsity_method": "adj_dense_prop",
        "adj_dense_prop": 0.8,
        "num_parents": null,
        "new_noise_mean": 1.0,
        "mix_samples": 131072,
        "stage2_samples": 131072,
        "gmm_tol": 0.001,
        "intv_type": "do",
        "new_noise_var": null,
        "intv_targets": [
            9,
            0,
            13,
            5
        ]
    },
    "intv_args_dict": {
        "9": {
            "intv_type": "do",
            "inode": 9,
            "new_mui": 1.0,
            "new_vari": null,
            "true_params": {
                "Si": [
                    [
                        1.0,
                        -0.6421647779740072,
                        -0.57446037128597,
                        -1.3219372665673053,
                        -0.20240646959856362,
                        -1.1740365644188164,
                        1.4414798354393858,
                        1.276246120824958,
                        1.256451952686299,
                        0.0,
                        -0.5734823006363949,
                        3.0367737234696017,
                        1.2115691459082192,
                        1.5794430336849614,
                        6.211644484518319
                    ],
                    [
                        -0.6421647779740072,
                        1.412375602070406,
                        1.2634666998093314,
                        1.517734628533507,
                        0.5720805221504149,
                        0.9739822955888624,
                        -1.1874018148653043,
                        -0.5747818100112484,
                        -2.277232443080059,
                        0.0,
                        1.875580149295625,
                        -2.1535543450647765,
                        -1.6430572568331443,
                        -2.386236397453453,
                        -6.157475532554022
                    ],
                    [
                        -0.57446037128597,
                        1.2634666998093314,
                        2.130257489004335,
                        2.1053775701346855,
                        1.005972439897609,
                        0.42720686584629786,
                        -2.2657325670114146,
                        -1.300256231794525,
                        -3.042765796554039,
                        0.0,
                        3.0535051663807646,
                        -3.720390075406196,
                        -3.350486335844482,
                        -5.096122671646188,
                        -8.770119385797608
                    ],
                    [
                        -1.3219372665673053,
                        1.517734628533507,
                        2.1053775701346855,
                        3.753851306312933,
                        1.5937655367909658,
                        1.5077252242675439,
                        -3.2980713882373016,
                        -2.931003119800298,
                        -3.347526209636624,
                        0.0,
                        1.9419683537797015,
                        -7.592490602643391,
                        -5.485757896570026,
                        -5.922413031092691,
                        -13.656231034099198
                    ],
                    [
                        -0.20240646959856362,
                        0.5720805221504149,
                        1.005972439897609,
                        1.5937655367909658,
                        1.917591561729283,
                        -0.3575495686650123,
                        -0.525159547659069,
                        -1.1718402787229065,
                        0.34948378589096185,
                        0.0,
                        -0.19752066167832327,
                        -4.594769401572687,
                        -4.35982458589044,
                        -2.6335583217522602,
                        -3.699308785457694
                    ],
                    [
                        -1.1740365644188164,
                        0.9739822955888624,
                        0.42720686584629786,
                        1.5077252242675439,
                        -0.3575495686650123,
                        2.964018689142761,
                        -1.6489532851481126,
                        -0.3392363225106163,
                        -3.6129596601676335,
                        0.0,
                        1.0147918935705018,
                        -0.13727027728952512,
                        1.3362333386743077,
                        -0.30121287660224116,
                        -7.589414474488077
                    ],
                    [
                        1.4414798354393858,
                        -1.1874018148653043,
                        -2.2657325670114146,
                        -3.2980713882373016,
                        -0.525159547659069,
                        -1.6489532851481126,
                        5.167796391887732,
                        3.461679559070795,
                        4.852305947507271,
                        0.0,
                        -3.8869969228100443,
                        6.860637920787791,
                        3.7045412351320803,
                        7.855329811378091,
                        16.075388321065258
                    ],
                    [
                        1.276246120824958,
                        -0.5747818100112484,
                        -1.300256231794525,
                        -2.931003119800298,
                        -1.1718402787229065,
                        -0.3392363225106163,
                        3.461679559070795,
                        4.95327049742782,
                        0.16888075450601103,
                        0.0,
                        -0.049328506993278065,
                        10.725503343828098,
                        6.935798001180342,
                        5.196390787881279,
                        12.611456204368654
                    ],
                    [
                        1.256451952686299,
                        -2.277232443080059,
                        -3.042765796554039,
                        -3.347526209636624,
                        0.34948378589096185,
                        -3.6129596601676335,
                        4.852305947507271,
                        0.16888075450601103,
                        11.040077834837609,
                        0.0,
                        -7.144194990982978,
                        -1.2258812379942463,
                        -0.8938029074340887,
                        7.500026929471222,
                        16.351302739537015
                    ],
                    [
                        0.0,
                        0.0,
                        0.0,
                        0.0,
                        0.0,
                        0.0,
                        0.0,
                        0.0,
                        0.0,
                        1e-09,
                        0.0,
                        -8.943550215774661e-10,
                        -1.6708123367213152e-09,
                        -1.4045691084050744e-09,
                        -6.084048672338595e-10
                    ],
                    [
                        -0.5734823006363949,
                        1.875580149295625,
                        3.0535051663807646,
                        1.9419683537797015,
                        -0.19752066167832327,
                        1.0147918935705018,
                        -3.8869969228100443,
                        -0.049328506993278065,
                        -7.144194990982978,
                        0.0,
                        8.329055815767504,
                        0.7926867052245177,
                        0.9723174671454562,
                        -8.148504673302817,
                        -11.4451673145925
                    ],
                    [
                        3.0367737234696017,
                        -2.1535543450647765,
                        -3.720390075406196,
                        -7.592490602643391,
                        -4.594769401572687,
                        -0.13727027728952512,
                        6.860637920787791,
                        10.725503343828098,
                        -1.2258812379942463,
                        -8.943550215774661e-10,
                        0.7926867052245177,
                        28.47266608385063,
                        20.15346101779823,
                        13.18000789959206,
                        28.339416949602757
                    ],
                    [
                        1.2115691459082192,
                        -1.6430572568331443,
                        -3.350486335844482,
                        -5.485757896570026,
                        -4.35982458589044,
                        1.3362333386743077,
                        3.7045412351320803,
                        6.935798001180342,
                        -0.8938029074340887,
                        -1.6708123367213152e-09,
                        0.9723174671454562,
                        20.15346101779823,
                        18.35815394114568,
                        10.08247128559606,
                        17.23197051928801
                    ],
                    [
                        1.5794430336849614,
                        -2.386236397453453,
                        -5.096122671646188,
                        -5.922413031092691,
                        -2.6335583217522602,
                        -0.30121287660224116,
                        7.855329811378091,
                        5.196390787881279,
                        7.500026929471222,
                        -1.4045691084050744e-09,
                        -8.148504673302817,
                        13.18000789959206,
                        10.08247128559606,
                        18.00205901166627,
                        24.068300857036117
                    ],
                    [
                        6.211644484518319,
                        -6.157475532554022,
                        -8.770119385797608,
                        -13.656231034099198,
                        -3.699308785457694,
                        -7.589414474488077,
                        16.075388321065258,
                        12.611456204368654,
                        16.351302739537015,
                        -6.084048672338595e-10,
                        -11.445167314592501,
                        28.33941694960276,
                        17.23197051928801,
                        24.068300857036117,
                        62.36415287718129
                    ]
                ],
                "mui": [
                    0.0,
                    0.0,
                    0.0,
                    0.0,
                    0.0,
                    0.0,
                    0.0,
                    0.0,
                    0.0,
                    1.0,
                    0.0,
                    -0.894355021577466,
                    -1.670812336721315,
                    -1.4045691084050742,
                    -0.6084048672338594
                ],
                "Ai": [
                    [
                        0.0,
                        0.0,
                        0.0,
                        0.0,
                        0.0,
                        0.0,
                        0.0,
                        0.0,
                        0.0,
                        0.0,
                        0.0,
                        0.0,
                        0.0,
                        0.0,
                        0.0
                    ],
                    [
                        -0.6421647779740072,
                        0.0,
                        0.0,
                        0.0,
                        0.0,
                        0.0,
                        0.0,
                        0.0,
                        0.0,
                        0.0,
                        0.0,
                        0.0,
                        0.0,
                        0.0,
                        0.0
                    ],
                    [
                        0.0,
                        0.8945684830276107,
                        0.0,
                        0.0,
                        0.0,
                        0.0,
                        0.0,
                        0.0,
                        0.0,
                        0.0,
                        0.0,
                        0.0,
                        0.0,
                        0.0,
                        0.0
                    ],
                    [
                        -0.8924362220116229,
                        -0.0,
                        0.747660005848992,
                        0.0,
                        0.0,
                        0.0,
                        0.0,
                        0.0,
                        0.0,
                        0.0,
                        0.0,
                        0.0,
                        0.0,
                        0.0,
                        0.0
                    ],
                    [
                        0.6714010850113308,
                        0.0,
                        0.0,
                        0.661005311453942,
                        0.0,
                        0.0,
                        0.0,
                        0.0,
                        0.0,
                        0.0,
                        0.0,
                        0.0,
                        0.0,
                        0.0,
                        0.0
                    ],
                    [
                        -0.5273207826001778,
                        0.6173235987271517,
                        -0.5491833081999804,
                        0.5146394885232237,
                        -0.5659145269251762,
                        0.0,
                        0.0,
                        0.0,
                        0.0,
                        0.0,
                        0.0,
                        0.0,
                        0.0,
                        0.0,
                        0.0
                    ],
                    [
                        0.5286245647948216,
                        0.8148971166011313,
                        -0.96602990494179,
                        -0.7718032079807813,
                        0.6870720319841054,
                        -0.0,
                        0.0,
                        0.0,
                        0.0,
                        0.0,
                        0.0,
                        0.0,
                        0.0,
                        0.0,
                        0.0
                    ],
                    [
                        0.9086356329614016,
                        0.0,
                        0.8009992468904732,
                        -0.762853998680746,
                        0.0,
                        0.8197506467363918,
                        0.5423072155305524,
                        0.0,
                        0.0,
                        0.0,
                        0.0,
                        0.0,
                        0.0,
                        0.0,
                        0.0
                    ],
                    [
                        -0.9399104648151881,
                        0.0,
                        -0.874287507875251,
                        -0.7830981906108618,
                        0.7928733024022512,
                        -0.6729880429692201,
                        0.6922331123658148,
                        -0.7589114132548123,
                        0.0,
                        0.0,
                        0.0,
                        0.0,
                        0.0,
                        0.0,
                        0.0
                    ],
                    [
                        0.0,
                        0.0,
                        0.0,
                        0.0,
                        0.0,
                        0.0,
                        0.0,
                        0.0,
                        0.0,
                        0.0,
                        0.0,
                        0.0,
                        0.0,
                        0.0,
                        0.0
                    ],
                    [
                        -0.0,
                        0.6326411062713782,
                        0.9418243295086406,
                        0.0,
                        -0.6653328869294911,
                        -0.5219182273876192,
                        -0.9527888050422832,
                        0.7834110985104573,
                        -0.0,
                        0.0,
                        0.0,
                        0.0,
                        0.0,
                        0.0,
                        0.0
                    ],
                    [
                        0.8276655343348978,
                        -0.870546892231453,
                        -0.8183849186285079,
                        -0.854437911808569,
                        0.0,
                        0.713765927235124,
                        0.9432200628672318,
                        0.5483902492049393,
                        -0.6287071627973312,
                        -0.894355021577466,
                        0.6646331959714907,
                        0.0,
                        0.0,
                        0.0,
                        0.0
                    ],
                    [
                        -0.90315420926387,
                        0.0,
                        -0.9405518899371601,
                        0.0,
                        0.0,
                        0.5078011557601967,
                        -0.5650060618213711,
                        0.0,
                        0.5978328462585103,
                        -0.9272031800522359,
                        0.5074791750955531,
                        0.8314473992190474,
                        0.0,
                        0.0,
                        0.0
                    ],
                    [
                        0.0,
                        0.5417196572416316,
                        0.8669349441084389,
                        -0.0,
                        -0.6738006128514313,
                        0.8775111658190604,
                        0.52398913395947,
                        -0.56823908369659,
                        0.6921857768606028,
                        -0.8217799907444296,
                        -0.7681578255327115,
                        0.6516306205031637,
                        0.0,
                        0.0,
                        0.0
                    ],
                    [
                        0.6689388894463333,
                        0.622789822318813,
                        -0.7917531132882809,
                        0.0,
                        -0.6904827559869984,
                        -0.9339591993280083,
                        0.5652701380052005,
                        0.8732059856411201,
                        0.6897289564709359,
                        -0.9556915677162107,
                        -0.9267812792967616,
                        0.6473036990086531,
                        -0.0,
                        -0.6594235973395004,
                        0.0
                    ]
                ]
            },
            "est_params": {
                "mui": [
                    -0.005747764505465376,
                    0.00019754478865178826,
                    -0.0005662003952084382,
                    0.0058754892882165516,
                    0.0028241947551503827,
                    0.0024461973841115496,
                    -0.01786631327032338,
                    -0.00860305556183357,
                    0.0057259184971246695,
                    1.000000259022243,
                    0.007653527439594886,
                    -0.9204583345999197,
                    -1.670763946841902,
                    -1.4222688565526835,
                    -0.6394781878258887
                ],
                "Si": [
                    [
                        0.9971424749825027,
                        -0.6514064322722618,
                        -0.5765136048147875,
                        -1.313192188828463,
                        -0.183902121288864,
                        -1.1727193998622985,
                        1.453055538731522,
                        1.2639476644544223,
                        1.2813235715447178,
                        6.80395715147747e-07,
                        -0.6137715127688026,
                        2.9992586079768206,
                        1.1698230622720325,
                        1.604068801812336,
                        6.1997007605193355
                    ],
                    [
                        -0.6514064322722618,
                        1.4260364759722026,
                        1.271567369886351,
                        1.5289212635331586,
                        0.5675775195479156,
                        0.9843378845939782,
                        -1.2116130072199722,
                        -0.5711019918696743,
                        -2.3149735460998233,
                        -7.040457716521276e-08,
                        1.916393063179991,
                        -2.1461662527409255,
                        -1.6147617636478382,
                        -2.4314919069079566,
                        -6.195775813926454
                    ],
                    [
                        -0.5765136048147875,
                        1.271567369886351,
                        2.128552661080306,
                        2.1035522061777208,
                        0.9927798372202732,
                        0.4340324506102116,
                        -2.2713947008207547,
                        -1.2700232757562622,
                        -3.079581096936134,
                        -1.4026742146013285e-07,
                        3.093710457078082,
                        -3.6589874789961616,
                        -3.28445096249747,
                        -5.128730560608532,
                        -8.734134796074654
                    ],
                    [
                        -1.313192188828463,
                        1.5289212635331586,
                        2.1035522061777208,
                        3.7203951315831816,
                        1.5627167738893237,
                        1.4877341306048195,
                        -3.299352928594469,
                        -2.8814292926357403,
                        -3.374517527457134,
                        -1.2985924649655514e-06,
                        2.013290412521284,
                        -7.481249966059869,
                        -5.382751910788228,
                        -5.962184151834719,
                        -13.534462324237618
                    ],
                    [
                        -0.18390212128886402,
                        0.5675775195479155,
                        0.9927798372202731,
                        1.5627167738893237,
                        1.91458699650026,
                        -0.3905846133350636,
                        -0.4894672866052123,
                        -1.1350657316903938,
                        0.37191538018285397,
                        -1.2344058202674965e-06,
                        -0.20259822054383667,
                        -4.531327023616543,
                        -4.341780879886476,
                        -2.623404226952547,
                        -3.5361360722572788
                    ],
                    [
                        -1.1727193998622982,
                        0.9843378845939782,
                        0.4340324506102116,
                        1.4877341306048195,
                        -0.3905846133350636,
                        2.9547612379094135,
                        -1.6711911334370573,
                        -0.32736964573875993,
                        -3.6381776457528465,
                        -8.231566657150906e-07,
                        1.0641152860142236,
                        -0.09790289422074006,
                        1.3913649985708159,
                        -0.32362644793312023,
                        -7.581732249689083
                    ],
                    [
                        1.453055538731522,
                        -1.2116130072199722,
                        -2.2713947008207547,
                        -3.299352928594469,
                        -0.4894672866052123,
                        -1.6711911334370573,
                        5.204937096435202,
                        3.4461581209338363,
                        4.922656010697159,
                        7.541847019278631e-07,
                        -3.9686747998230083,
                        6.802174800201106,
                        3.613651152572142,
                        7.929157253193469,
                        16.108487928489335
                    ],
                    [
                        1.2639476644544223,
                        -0.5711019918696743,
                        -1.2700232757562626,
                        -2.8814292926357394,
                        -1.135065731690394,
                        -0.32736964573875993,
                        3.4461581209338368,
                        4.900448780921009,
                        0.166141342914593,
                        1.5229471577029454e-06,
                        -0.08942378867283149,
                        10.580134857316589,
                        6.798135262394796,
                        5.180099368416196,
                        12.439511694591049
                    ],
                    [
                        1.2813235715447178,
                        -2.314973546099824,
                        -3.079581096936134,
                        -3.374517527457134,
                        0.371915380182854,
                        -3.638177645752846,
                        4.922656010697159,
                        0.166141342914593,
                        11.133784001696375,
                        -4.5328417553951324e-07,
                        -7.25081652428125,
                        -1.2099210183573363,
                        -0.9457434378483394,
                        7.639242323888009,
                        16.487694633987445
                    ],
                    [
                        6.80395715147747e-07,
                        -7.040457716521283e-08,
                        -1.4026742146013295e-07,
                        -1.2985924649655516e-06,
                        -1.2344058202674965e-06,
                        -8.231566657150906e-07,
                        7.54184701927863e-07,
                        1.5229471577029454e-06,
                        -4.53284175539513e-07,
                        1.0052070298831622e-06,
                        2.490586762319656e-06,
                        3.7386472148973836e-06,
                        2.9355080815045666e-06,
                        -2.3361936641137767e-07,
                        3.603210350133399e-06
                    ],
                    [
                        -0.6137715127688026,
                        1.916393063179991,
                        3.0937104570780813,
                        2.013290412521284,
                        -0.20259822054383667,
                        1.0641152860142233,
                        -3.9686747998230083,
                        -0.0894237886728315,
                        -7.25081652428125,
                        2.4905867623196562e-06,
                        8.433577188569277,
                        0.7184405819741201,
                        0.9828692565044583,
                        -8.292107136224356,
                        -11.717020527844634
                    ],
                    [
                        2.9992586079768206,
                        -2.1461662527409255,
                        -3.6589874789961616,
                        -7.481249966059869,
                        -4.531327023616543,
                        -0.09790289422074011,
                        6.802174800201106,
                        10.580134857316589,
                        -1.2099210183573363,
                        3.7386472148973823e-06,
                        0.7184405819741202,
                        28.124904980206317,
                        19.87733098138778,
                        13.168130510890306,
                        27.87426926278855
                    ],
                    [
                        1.1698230622720325,
                        -1.6147617636478382,
                        -3.28445096249747,
                        -5.382751910788228,
                        -4.3417808798864765,
                        1.3913649985708159,
                        3.613651152572142,
                        6.798135262394795,
                        -0.9457434378483395,
                        2.9355080815045674e-06,
                        0.9828692565044581,
                        19.87733098138778,
                        18.164923312988957,
                        10.020259978429632,
                        16.72432625680454
                    ],
                    [
                        1.6040688018123364,
                        -2.4314919069079566,
                        -5.128730560608533,
                        -5.962184151834719,
                        -2.623404226952547,
                        -0.32362644793312023,
                        7.929157253193469,
                        5.180099368416196,
                        7.639242323888009,
                        -2.336193664113778e-07,
                        -8.292107136224356,
                        13.168130510890306,
                        10.020259978429632,
                        18.234330778069694,
                        24.169968957854298
                    ],
                    [
                        6.199700760519337,
                        -6.195775813926453,
                        -8.734134796074652,
                        -13.534462324237618,
                        -3.536136072257279,
                        -7.581732249689083,
                        16.108487928489335,
                        12.439511694591047,
                        16.487694633987445,
                        3.603210350133401e-06,
                        -11.717020527844634,
                        27.874269262788548,
                        16.72432625680454,
                        24.169968957854298,
                        62.03131466240843
                    ]
                ]
            },
            "est_tgt": [
                1,
                2,
                3,
                4,
                5,
                6,
                8,
                9,
                11,
                14
            ],
            "oracle_est_tgt": [
                0,
                1,
                3,
                5,
                6,
                9,
                10,
                11,
                14
            ],
            "intv_base_est_tgt": [
                2,
                3,
                6,
                7,
                9,
                10,
                11,
                13,
                14
            ]
        },
        "0": {
            "intv_type": "do",
            "inode": 0,
            "new_mui": 1.0,
            "new_vari": null,
            "true_params": {
                "Si": [
                    [
                        1e-09,
                        -6.421647779740072e-10,
                        -5.744603712859701e-10,
                        -1.3219372665673054e-09,
                        -2.0240646959856363e-10,
                        -1.1740365644188166e-09,
                        1.441479835439386e-09,
                        1.276246120824958e-09,
                        1.256451952686299e-09,
                        1.4007989718171373e-09,
                        -5.73482300636395e-10,
                        1.7839621288043934e-09,
                        -1.1289030574703877e-09,
                        -3.880759292149798e-10,
                        5.359391572048587e-09
                    ],
                    [
                        -6.421647779740072e-10,
                        1.0000000004123757,
                        0.894568483396509,
                        0.6688330781016488,
                        0.442102216670129,
                        0.22005736661941183,
                        -0.26173423731203016,
                        0.24477849598893842,
                        -1.4703832546551032,
                        -0.022389393247520973,
                        1.5073100154037016,
                        -0.18342115684473684,
                        -0.8276217515791989,
                        -1.3405262633074189,
                        -2.154954419462544
                    ],
                    [
                        -5.744603712859701e-10,
                        0.894568483396509,
                        1.8002527711563254,
                        1.3459769979250713,
                        0.8896979443376105,
                        -0.2472306141786026,
                        -1.4376595263717389,
                        -0.5671034121062933,
                        -2.3209839420326674,
                        -0.09540778489887711,
                        2.7240623113606914,
                        -1.8905554849329835,
                        -2.4950793711151222,
                        -4.054788413627494,
                        -5.143729231788633
                    ],
                    [
                        -1.3219372665673054e-09,
                        0.6688330781016488,
                        1.3459769979250713,
                        2.006333171321012,
                        1.3261968819018708,
                        -0.04427746099833377,
                        -1.392525476670217,
                        -1.2438858130569435,
                        -1.6865755513902958,
                        0.6071631197059916,
                        1.1838607296098036,
                        -4.1210856364966855,
                        -4.89859512397942,
                        -4.687290988234233,
                        -5.814227708792599
                    ],
                    [
                        -2.0240646959856363e-10,
                        0.442102216670129,
                        0.8896979443376105,
                        1.3261968819018708,
                        1.876623182834897,
                        -0.595182164611019,
                        -0.23339470346202928,
                        -0.9135198073261853,
                        0.6037977896001032,
                        2.4708104146774876,
                        -0.31359718941132153,
                        -6.189888455582896,
                        -8.242855675180493,
                        -5.784292814873261,
                        -3.9452848385041226
                    ],
                    [
                        -1.1740365644188166e-09,
                        0.22005736661941183,
                        -0.2472306141786026,
                        -0.04427746099833377,
                        -0.595182164611019,
                        1.585656835928785,
                        0.043396746837794785,
                        1.1591232870371995,
                        -2.1378391277536184,
                        -2.107300796726465,
                        0.3415027042496392,
                        5.312688157891288,
                        6.27956398322304,
                        4.512960595705554,
                        0.9853753296683747
                    ],
                    [
                        1.441479835439386e-09,
                        -0.26173423731203016,
                        -1.4376595263717389,
                        -1.392525476670217,
                        -0.23339470346202928,
                        0.043396746837794785,
                        3.089932277987238,
                        1.621996512683563,
                        3.04115579532268,
                        1.3263624756692804,
                        -3.060333751287957,
                        1.296950897444887,
                        -0.2580140435011423,
                        3.7156267694999965,
                        6.3144626747542425
                    ],
                    [
                        1.276246120824958e-09,
                        0.24477849598893842,
                        -0.5671034121062933,
                        -1.2438858130569435,
                        -0.9135198073261853,
                        1.1591232870371995,
                        1.621996512683563,
                        3.32446633813587,
                        -1.4346611745092797,
                        -1.3210855493079514,
                        0.6825760538237888,
                        8.031352158259518,
                        7.596823613798009,
                        5.0361886972109,
                        5.487623913217267
                    ],
                    [
                        1.256451952686299e-09,
                        -1.4703832546551032,
                        -2.3209839420326674,
                        -1.6865755513902958,
                        0.6037977896001032,
                        -2.1378391277536184,
                        3.04115579532268,
                        -1.4346611745092797,
                        9.461406327007067,
                        5.73465242358783,
                        -6.423642035237901,
                        -10.17025670093567,
                        -11.997609341241995,
                        -2.539182993986281,
                        5.057679458970241
                    ],
                    [
                        1.4007989718171373e-09,
                        -0.022389393247520973,
                        -0.09540778489887711,
                        0.6071631197059916,
                        2.4708104146774876,
                        -2.107300796726465,
                        1.3263624756692804,
                        -1.3210855493079514,
                        5.73465242358783,
                        7.6117634968915295,
                        -2.9467909530634695,
                        -13.770321171399281,
                        -18.303777153738594,
                        -11.15847519247483,
                        -2.223679850729787
                    ],
                    [
                        -5.73482300636395e-10,
                        1.5073100154037016,
                        2.7240623113606914,
                        1.1838607296098036,
                        -0.31359718941132153,
                        0.3415027042496392,
                        -3.060333751287957,
                        0.6825760538237888,
                        -6.423642035237901,
                        -2.9467909530634695,
                        8.000173866953174,
