{
    "expt_args": {
        "save_dir": "all_expt_logs/expt_logs_11.05.24-large_nodes_sparse_intv",
        "exp_name": "134",
        "num_nodes": 15,
        "obs_noise_mean": 0.0,
        "obs_noise_var": 1.0,
        "max_edge_strength": 1.0,
        "graph_sparsity_method": "adj_dense_prop",
        "adj_dense_prop": 0.8,
        "num_parents": null,
        "new_noise_mean": 1.0,
        "mix_samples": 65536,
        "stage2_samples": 65536,
        "gmm_tol": 0.001,
        "intv_type": "do",
        "new_noise_var": null,
        "intv_targets": [
            1,
            0,
            12,
            10
        ]
    },
    "intv_args_dict": {
        "1": {
            "intv_type": "do",
            "inode": 1,
            "new_mui": 1.0,
            "new_vari": null,
            "true_params": {
                "Si": [
                    [
                        1.0,
                        0.0,
                        0.5703866066385854,
                        0.5459944353738397,
                        0.2197566905048143,
                        0.11294996638781482,
                        0.48366536054250286,
                        0.7405332079151528,
                        -0.1000898920391362,
                        -1.0403421057754765,
                        -1.2433720549315508,
                        -0.9047584667056494,
                        1.54810270061732,
                        -3.5032883904271337,
                        -6.45222521949424
                    ],
                    [
                        0.0,
                        1e-09,
                        6.237716138848024e-10,
                        0.0,
                        -3.848504433912423e-10,
                        -8.868980911603599e-10,
                        5.372543782545525e-10,
                        -9.005357650254098e-11,
                        8.097144625056902e-10,
                        -7.175827997949614e-11,
                        1.3309044117773163e-09,
                        -1.7369478625781434e-09,
                        -3.6284683176429777e-09,
                        1.8619918914993596e-09,
                        2.4845233474789324e-09
                    ],
                    [
                        0.5703866066385854,
                        6.237716138848024e-10,
                        1.3253408814217713,
                        0.3114279132364349,
                        -0.4916270470179866,
                        0.009359299325238504,
                        1.2417566201611607,
                        -0.567266712389872,
                        1.5206116263695237,
                        -0.06816542486907728,
                        -0.05201366214525116,
                        -1.3375517744020835,
                        -0.34907615964657757,
                        -1.5408071820548979,
                        -6.109861075219763
                    ],
                    [
                        0.5459944353738397,
                        0.0,
                        0.3114279132364349,
                        1.2981099234591982,
                        -0.4277323182692424,
                        -0.1991092942760786,
                        -0.4110846619107952,
                        -0.038609271603837425,
                        -0.4614917200725203,
                        -0.966106491896056,
                        0.9862992946753713,
                        -1.6543862532260039,
                        -0.9647165594563165,
                        -0.9984083815279474,
                        -0.9084067681158419
                    ],
                    [
                        0.2197566905048143,
                        -3.848504433912423e-10,
                        -0.4916270470179866,
                        -0.4277323182692424,
                        1.728944360120179,
                        -0.6104325603693759,
                        0.5708916829045324,
                        1.1632335280386723,
                        -0.878821898327043,
                        0.2533946775056913,
                        -1.906529323270734,
                        1.1805151544502452,
                        1.3927232842839223,
                        0.31274406241328045,
                        1.3977426314724575
                    ],
                    [
                        0.11294996638781482,
                        -8.868980911603599e-10,
                        0.009359299325238504,
                        -0.1991092942760786,
                        -0.6104325603693759,
                        1.743240240174321,
                        -1.2339839813340117,
                        0.6474632340293115,
                        -0.33147564034050403,
                        -1.5602416312848408,
                        -1.7271025004077525,
                        0.9513206025253309,
                        4.579483809088474,
                        -5.267424912811128,
                        -7.805080202065698
                    ],
                    [
                        0.48366536054250286,
                        5.372543782545525e-10,
                        1.2417566201611607,
                        -0.4110846619107952,
                        0.5708916829045324,
                        -1.2339839813340117,
                        3.823296954446488,
                        -0.6336381632801796,
                        2.8921223436628107,
                        1.4117917933496733,
                        -0.8369767620239119,
                        -1.3453779010253364,
                        -1.848370431827398,
                        0.9127811305541649,
                        -5.339446650790233
                    ],
                    [
                        0.7405332079151528,
                        -9.005357650254098e-11,
                        -0.567266712389872,
                        -0.038609271603837425,
                        1.1632335280386723,
                        0.6474632340293115,
                        -0.6336381632801796,
                        3.0093125607195264,
                        -2.490483381896547,
                        -3.1719907691883673,
                        -5.465501646768425,
                        1.8444590489496884,
                        9.15167549918018,
                        -9.777052517378145,
                        -13.943802361710024
                    ],
                    [
                        -0.1000898920391362,
                        8.097144625056902e-10,
                        1.5206116263695237,
                        -0.4614917200725203,
                        -0.878821898327043,
                        -0.33147564034050403,
                        2.8921223436628107,
                        -2.490483381896547,
                        5.226854401053403,
                        3.501858043070312,
                        3.728296296555088,
                        -3.2284606087503644,
                        -8.720300019919629,
                        7.364561379058696,
                        5.273452955124726
                    ],
                    [
                        -1.0403421057754765,
                        -7.175827997949614e-11,
                        -0.06816542486907728,
                        -0.966106491896056,
                        0.2533946775056913,
                        -1.5602416312848408,
                        1.4117917933496733,
                        -3.1719907691883673,
                        3.501858043070312,
                        7.312362283639538,
                        8.21962806158891,
                        -1.9610203559640398,
                        -16.48616084468425,
                        20.471009439671402,
                        32.79384921593744
                    ],
                    [
                        -1.2433720549315508,
                        1.3309044117773163e-09,
                        -0.05201366214525116,
                        0.9862992946753713,
                        -1.906529323270734,
                        -1.7271025004077525,
                        -0.8369767620239119,
                        -5.465501646768425,
                        3.728296296555088,
                        8.21962806158891,
                        16.489308190989803,
                        -6.563777843661053,
                        -27.65771268240282,
                        28.81502642181563,
                        50.219021188174175
                    ],
                    [
                        -0.9047584667056494,
                        -1.7369478625781434e-09,
                        -1.3375517744020835,
                        -1.6543862532260039,
                        1.1805151544502452,
                        0.9513206025253309,
                        -1.3453779010253364,
                        1.8444590489496884,
                        -3.2284606087503644,
                        -1.9610203559640398,
                        -6.563777843661053,
                        7.602463135672237,
                        13.188786887378617,
                        -7.3549644538230465,
                        -9.651830504532054
                    ],
                    [
                        1.54810270061732,
                        -3.6284683176429777e-09,
                        -0.34907615964657757,
                        -0.9647165594563165,
                        1.3927232842839223,
                        4.579483809088474,
                        -1.848370431827398,
                        9.15167549918018,
                        -8.720300019919629,
                        -16.48616084468425,
                        -27.65771268240282,
                        13.188786887378617,
                        53.019257683903234,
                        -54.13001882385048,
                        -90.22628251187435
                    ],
                    [
                        -3.5032883904271337,
                        1.8619918914993596e-09,
                        -1.5408071820548979,
                        -0.9984083815279474,
                        0.31274406241328045,
                        -5.267424912811128,
                        0.9127811305541649,
                        -9.777052517378145,
                        7.364561379058696,
                        20.471009439671402,
                        28.81502642181563,
                        -7.3549644538230465,
                        -54.13001882385048,
                        66.1646568441953,
                        113.03502458013328
                    ],
                    [
                        -6.45222521949424,
                        2.4845233474789324e-09,
                        -6.109861075219763,
                        -0.9084067681158419,
                        1.3977426314724573,
                        -7.805080202065698,
                        -5.339446650790233,
                        -13.943802361710024,
                        5.273452955124726,
                        32.79384921593744,
                        50.21902118817417,
                        -9.651830504532052,
                        -90.22628251187435,
                        113.03502458013328,
                        211.07070021865292
                    ]
                ],
                "mui": [
                    0.0,
                    1.0,
                    0.6237716138848024,
                    0.0,
                    -0.3848504433912423,
                    -0.8868980911603599,
                    0.5372543782545525,
                    -0.09005357650254098,
                    0.8097144625056902,
                    -0.07175827997949613,
                    1.330904411777316,
                    -1.7369478625781432,
                    -3.6284683176429775,
                    1.8619918914993594,
                    2.484523347478932
                ],
                "Ai": [
                    [
                        0.0,
                        0.0,
                        0.0,
                        0.0,
                        0.0,
                        0.0,
                        0.0,
                        0.0,
                        0.0,
                        0.0,
                        0.0,
                        0.0,
                        0.0,
                        0.0,
                        0.0
                    ],
                    [
                        0.0,
                        0.0,
                        0.0,
                        0.0,
                        0.0,
                        0.0,
                        0.0,
                        0.0,
                        0.0,
                        0.0,
                        0.0,
                        0.0,
                        0.0,
                        0.0,
                        0.0
                    ],
                    [
                        0.5703866066385854,
                        0.6237716138848024,
                        0.0,
                        0.0,
                        0.0,
                        0.0,
                        0.0,
                        0.0,
                        0.0,
                        0.0,
                        0.0,
                        0.0,
                        0.0,
                        0.0,
                        0.0
                    ],
                    [
                        0.5459944353738397,
                        0.0,
                        -0.0,
                        0.0,
                        0.0,
                        0.0,
                        0.0,
                        0.0,
                        0.0,
                        0.0,
                        0.0,
                        0.0,
                        0.0,
                        0.0,
                        0.0
                    ],
                    [
                        0.8707211245404833,
                        0.0,
                        -0.6169733197610947,
                        -0.5477182484210421,
                        0.0,
                        0.0,
                        0.0,
                        0.0,
                        0.0,
                        0.0,
                        0.0,
                        0.0,
                        0.0,
                        0.0,
                        0.0
                    ],
                    [
                        0.993822258030088,
                        -0.8525495781777805,
                        -0.556086336241999,
                        -0.7055604349454208,
                        -0.8120618380492972,
                        0.0,
                        0.0,
                        0.0,
                        0.0,
                        0.0,
                        0.0,
                        0.0,
                        0.0,
                        0.0,
                        0.0
                    ],
                    [
                        0.545274176866022,
                        -0.7903987445201228,
                        0.9190422898651451,
                        -0.8969777932550912,
                        -0.0,
                        -0.8505832157222558,
                        0.0,
                        0.0,
                        0.0,
                        0.0,
                        0.0,
                        0.0,
                        0.0,
                        0.0,
                        0.0
                    ],
                    [
                        0.908343513075893,
                        0.9649925317096619,
                        -0.6132641483454591,
                        0.0,
                        0.5642386953264606,
                        0.5134319637450304,
                        0.0,
                        0.0,
                        0.0,
                        0.0,
                        0.0,
                        0.0,
                        0.0,
                        0.0,
                        0.0
                    ],
                    [
                        -0.0,
                        0.9100550597440695,
                        -0.0,
                        0.0,
                        -0.0,
                        0.7113656143964701,
                        0.8532969459322821,
                        -0.8009752742199497,
                        0.0,
                        0.0,
                        0.0,
                        0.0,
                        0.0,
                        0.0,
                        0.0
                    ],
                    [
                        0.9450376598355982,
                        -0.6404029318007195,
                        -0.5384668452720229,
                        -0.9461913236757071,
                        0.6522222942133435,
                        -0.958717325073482,
                        -0.8912745035719549,
                        -0.9167411701591627,
                        0.8663964880501698,
                        0.0,
                        0.0,
                        0.0,
                        0.0,
                        0.0,
                        0.0
                    ],
                    [
                        0.8245928523683416,
                        0.9221828965987398,
                        -0.6517909500984356,
                        0.7522988749148333,
                        -0.6608037806445832,
                        -0.7855155340334004,
                        -0.9961735871397017,
                        -0.5436194551582736,
                        0.5127755018470777,
                        0.9009502810464101,
                        0.0,
                        0.0,
                        0.0,
                        0.0,
                        0.0
                    ],
                    [
                        -0.7178162935408265,
                        0.5966760732406242,
                        0.0,
                        -0.0,
                        0.0,
                        0.5839622860952751,
                        0.0,
                        -0.7502347935024165,
                        -0.8869138403112488,
                        0.789784433424936,
                        -0.8328544706444285,
                        0.0,
                        0.0,
                        0.0,
                        0.0
                    ],
                    [
                        -0.8415929708131892,
                        -0.8854662183620776,
                        0.6244597197451496,
                        0.6202505567884364,
                        -0.6371743252850468,
                        0.9863565359925437,
                        0.691671509921886,
                        0.5342520744326315,
                        -0.5621034905441542,
                        -0.5419518198029218,
                        -0.8409810499372716,
                        0.7432085435581115,
                        0.0,
                        0.0,
                        0.0
                    ],
                    [
                        -0.7976853351678839,
                        0.5496206490521105,
                        -0.0,
                        0.5229617362846679,
                        0.9549264373702213,
                        -0.0,
                        0.0,
                        -0.0,
                        -0.0,
                        0.9202236154562353,
                        0.6039070445901075,
                        0.6627520277180644,
                        -0.5769188963161485,
                        0.0,
                        0.0
                    ],
                    [
                        -0.5482604570733951,
                        0.9297714056715285,
                        -0.6551450704245727,
                        0.8138527698580611,
                        0.8792914162519553,
                        0.6975645838478342,
                        -0.6316652579811457,
                        0.7327925135168605,
                        -0.843403199130073,
                        0.6533710835771258,
                        0.5276551634858568,
                        0.8833438823369091,
                        -0.902269812110087,
                        0.8667274856862368,
                        0.0
                    ]
                ]
            },
            "est_params": {
                "mui": [
                    -0.012142838380752863,
                    1.0000004381360394,
                    0.6165948318559052,
                    -0.0056547522599329865,
                    -0.3784061504136488,
                    -0.9086476783596815,
                    0.5446517782069052,
                    -0.10477925551258162,
                    0.8154249988568314,
                    -0.025623277568956826,
                    1.3774381075063546,
                    -1.7433491138853114,
                    -3.722648174572269,
                    1.9865616810255873,
                    2.705080999576311
                ],
                "Si": [
                    [
                        1.00938028329622,
                        1.0395711311986796e-06,
                        0.5665898929843677,
                        0.5568197430902022,
                        0.21836130802203063,
                        0.12595703686141713,
                        0.4560386191338062,
                        0.7448478122400565,
                        -0.12481654699318746,
                        -1.0649283412039445,
                        -1.245892569129766,
                        -0.8968866058305951,
                        1.5777820311785864,
                        -3.5327491206125567,
                        -6.461677647340908
                    ],
                    [
                        1.03957113119868e-06,
                        1.0047313510939152e-06,
                        1.6224480450397059e-07,
                        1.6406394623810112e-07,
                        6.540824684257555e-07,
                        3.3644277626613407e-07,
                        3.6507548125989e-07,
                        4.488046928459316e-07,
                        4.801026608646572e-08,
                        -1.2373215982072017e-07,
                        6.619586916892552e-08,
                        -1.1702599752424155e-06,
                        -5.993418781661651e-07,
                        -8.579378699820034e-07,
                        -7.502215357079677e-07
                    ],
                    [
                        0.5665898929843677,
                        1.6224480450397045e-07,
                        1.328235743253113,
                        0.3186412729727692,
                        -0.5086563264319109,
                        0.008229603034408993,
                        1.232762436886261,
                        -0.5759411737327684,
                        1.5126172510733922,
                        -0.09557878255270144,
                        -0.04998941008964665,
                        -1.341846980648968,
                        -0.3160564473322213,
                        -1.5962202209796947,
                        -6.20053372720949
                    ],
                    [
                        0.5568197430902022,
                        1.6406394623810112e-07,
                        0.3186412729727692,
                        1.314430581557118,
                        -0.4370552448492077,
                        -0.19192625750634884,
                        -0.4324736987154976,
                        -0.039737536536853066,
                        -0.48601777065667484,
                        -0.9982754845727255,
                        0.9881637373772711,
                        -1.6667916397986913,
                        -0.9447290556043312,
                        -1.051960775215105,
                        -0.9738277732262508
                    ],
                    [
                        0.21836130802203063,
                        6.540824684257557e-07,
                        -0.508656326431911,
                        -0.4370552448492077,
                        1.7456817523745123,
                        -0.5920227117124944,
                        0.5417609232189364,
                        1.1865372904647862,
                        -0.8959961854400987,
                        0.2552874898313023,
                        -1.92694580405474,
                        1.2020485095094893,
                        1.416586151861128,
                        0.33075195763195653,
                        1.4890516512311966
                    ],
                    [
                        0.12595703686141715,
                        3.364427762661339e-07,
                        0.008229603034408998,
                        -0.19192625750634884,
                        -0.5920227117124944,
                        1.742833492432808,
                        -1.2301174572067453,
                        0.6615099003496675,
                        -0.33663791859285197,
                        -1.5661863895102448,
                        -1.7518397601229627,
                        0.9518682328919962,
                        4.608486210320352,
                        -5.313540541323712,
                        -7.857635590647934
                    ],
                    [
                        0.4560386191338063,
                        3.6507548125988967e-07,
                        1.232762436886261,
                        -0.43247369871549757,
                        0.5417609232189365,
                        -1.2301174572067453,
                        3.8157979339708223,
                        -0.6718962743842914,
                        2.9338153028919804,
                        1.45830202276226,
                        -0.7278068423414605,
                        -1.3608381198347617,
                        -1.981518627614451,
                        1.1000820751698286,
                        -5.05619325077381
                    ],
                    [
                        0.7448478122400564,
                        4.488046928459319e-07,
                        -0.5759411737327685,
                        -0.039737536536853066,
                        1.1865372904647862,
                        0.6615099003496675,
                        -0.6718962743842914,
                        3.0081155611706105,
                        -2.5114074316887534,
                        -3.1410207438804307,
                        -5.45250891618653,
                        1.881508135083692,
                        9.124234516577962,
                        -9.687951678177662,
                        -13.704832184069828
                    ],
                    [
                        -0.12481654699318745,
                        4.8010266086465656e-08,
                        1.5126172510733922,
                        -0.48601777065667484,
                        -0.8959961854400987,
                        -0.3366379185928519,
                        2.933815302891981,
                        -2.5114074316887534,
                        5.29474047745204,
                        3.527922599719682,
                        3.7634959142231668,
                        -3.2449211252542436,
                        -8.767339447101456,
                        7.437996161897265,
                        5.2792754363212655
                    ],
                    [
                        -1.0649283412039445,
                        -1.2373215982071995e-07,
                        -0.09557878255270144,
                        -0.9982754845727255,
                        0.25528748983130223,
                        -1.5661863895102448,
                        1.45830202276226,
                        -3.1410207438804307,
                        3.527922599719682,
                        7.283903415799949,
                        8.128616014784166,
                        -1.9440086701247439,
                        -16.382872760505872,
                        20.38144532968281,
                        32.53539906903062
                    ],
                    [
                        -1.2458925691297658,
                        6.619586916892601e-08,
                        -0.049989410089646635,
                        0.9881637373772711,
                        -1.92694580405474,
                        -1.7518397601229627,
                        -0.7278068423414605,
                        -5.45250891618653,
                        3.7634959142231668,
                        8.128616014784166,
                        16.35260249724547,
                        -6.5872765810498315,
                        -27.477201503424947,
                        28.540442887338,
                        49.50899700969648
                    ],
                    [
                        -0.8968866058305951,
                        -1.1702599752424158e-06,
                        -1.341846980648968,
                        -1.6667916397986913,
                        1.2020485095094893,
                        0.9518682328919961,
                        -1.3608381198347617,
                        1.881508135083692,
                        -3.2449211252542436,
                        -1.9440086701247439,
                        -6.587276581049831,
                        7.598188719343923,
                        13.181998381657996,
                        -7.378539476568994,
                        -9.595878527104919
                    ],
                    [
                        1.5777820311785864,
                        -5.993418781661646e-07,
                        -0.3160564473322213,
                        -0.9447290556043312,
                        1.4165861518611278,
                        4.608486210320353,
                        -1.981518627614451,
                        9.124234516577962,
                        -8.767339447101456,
                        -16.382872760505872,
                        -27.477201503424947,
                        13.181998381657994,
                        52.80142556182277,
                        -53.88331418148632,
                        -89.48267873566058
                    ],
                    [
                        -3.5327491206125567,
                        -8.579378699820024e-07,
                        -1.5962202209796947,
                        -1.051960775215105,
                        0.33075195763195664,
                        -5.313540541323712,
                        1.1000820751698288,
                        -9.687951678177662,
                        7.437996161897265,
                        20.381445329682805,
                        28.540442887338,
                        -7.378539476568994,
                        -53.88331418148632,
                        65.88021296780049,
                        112.16311621048115
                    ],
                    [
                        -6.461677647340908,
                        -7.502215357079667e-07,
                        -6.200533727209488,
                        -0.9738277732262508,
                        1.4890516512311978,
                        -7.857635590647934,
                        -5.05619325077381,
                        -13.70483218406983,
                        5.279275436321265,
                        32.53539906903062,
                        49.50899700969649,
                        -9.595878527104919,
                        -89.48267873566058,
                        112.16311621048115,
                        209.09088239962267
                    ]
                ]
            },
            "est_tgt": [
                0,
                1,
                4,
                5,
                7,
                8,
                9,
                12,
                13,
                14
            ],
            "oracle_est_tgt": [
                0,
                1,
                2,
                4,
                7,
                9,
                10,
                13,
                14
            ],
            "intv_base_est_tgt": [
                0,
                1,
                2,
                3,
                4,
                5,
                6,
                7,
                8,
                9,
                10,
                11,
                12,
                13,
                14
            ]
        },
        "0": {
            "intv_type": "do",
            "inode": 0,
            "new_mui": 1.0,
            "new_vari": null,
            "true_params": {
                "Si": [
                    [
                        1e-09,
                        7.040629976606317e-10,
                        1.0095611189659295e-09,
                        5.459944353738397e-10,
                        -5.1202266320247024e-11,
                        -5.114821622940402e-10,
                        8.619262886027019e-10,
                        6.771298168927129e-10,
                        4.700000996817871e-10,
                        -1.0908644554848118e-09,
                        -3.063315051758544e-10,
                        -2.1276791856126437e-09,
                        -1.0065675800190228e-09,
                        -2.1923287976783063e-09,
                        -4.702964263710398e-09
                    ],
                    [
                        7.040629976606317e-10,
                        1.0000000004957048,
                        0.623771614595597,
                        3.8441447887532964e-10,
                        -0.3848504434272919,
                        -0.8868980915204756,
                        0.5372543788614029,
                        -0.09005357602579893,
                        0.8097144628365999,
                        -0.07175828074753343,
                        1.3309044115616395,
                        -1.7369478640761633,
                        -3.6284683183516644,
                        1.8619918899558219,
                        2.484523344167749
                    ],
                    [
                        1.0095611189659295e-09,
                        0.623771614595597,
                        1.3890910273076646,
                        5.512147531251846e-10,
                        -0.8570321019912235,
                        -0.6082877023602484,
                        1.3010044075382559,
                        -1.0458297999670938,
                        2.0827784572810057,
                        0.4804709994184957,
                        1.4873694967777003,
                        -1.9049484352890085,
                        -3.4954287429586106,
                        1.6188792788634105,
                        -0.879823095110841
                    ],
                    [
                        5.459944353738397e-10,
                        3.844144788753296e-10,
                        5.512147531251845e-10,
                        1.00000000029811,
                        -0.5477182484489983,
                        -0.2607793476787541,
                        -0.6751632568794766,
                        -0.4429362819653404,
                        -0.40684319572536615,
                        -0.3980854918531492,
                        1.6651735176000788,
                        -1.1603931662090528,
                        -1.809972019930167,
                        0.914367583958044,
                        2.6144722949389725
                    ],
                    [
                        -5.1202266320247024e-11,
                        -0.3848504434272919,
                        -0.8570321019912235,
                        -0.5477182484489983,
                        1.828761220731498,
                        -0.29393094786461527,
                        0.25784039843737344,
                        1.0351535598349668,
                        -1.1684454445276007,
                        0.50963302155906,
                        -2.1454891478687825,
                        2.047807035300835,
                        2.4489349977657904,
                        0.36602672077189946,
                        1.8594923814040225
                    ],
                    [
                        -5.114821622940402e-10,
                        -0.8868980915204756,
                        -0.6082877023602484,
                        -0.2607793476787541,
                        -0.29393094786461527,
                        2.517070768846228,
                        -1.7651038500561163,
                        0.6436883777622933,
                        -1.0383047011024196,
                        -1.379092743372591,
                        -2.767040249580829,
                        2.594008784242221,
                        7.622707283139021,
                        -6.523125658419676,
                        -9.279820590110624
                    ],
                    [
                        8.619262886027019e-10,
                        0.5372543788614029,
                        1.3010044075382559,
                        -0.6751632568794766,
                        0.25784039843737344,
                        -1.7651038500561163,
                        3.8780070408657394,
                        -1.040190101901612,
                        3.375554997469876,
                        1.8764167820304232,
                        0.4794334524996229,
                        -1.8409604158929802,
                        -4.546544571608093,
                        3.6075636660869863,
                        -0.8839077727818374
                    ],
                    [
                        6.771298168927129e-10,
                        -0.09005357602579893,
                        -1.0458297999670938,
                        -0.4429362819653404,
                        1.0351535598349668,
                        0.6436883777622933,
                        -1.040190101901612,
                        2.469032775785714,
                        -2.4892811759682254,
                        -2.3951208032585436,
                        -4.664596052649039,
                        2.6708811043140903,
                        8.3320105883315,
                        -7.350430157928289,
                        -9.389455538032223
                    ],
                    [
                        4.700000996817871e-10,
                        0.8097144628365999,
                        2.0827784572810057,
                        -0.40684319572536615,
                        -1.1684454445276007,
                        -1.0383047011024196,
                        3.375554997469876,
                        -2.4892811759682254,
                        5.872473924921139,
                        3.3396265964609437,
                        4.681499871019604,
                        -4.725449590545875,
                        -11.50337385882362,
                        8.521599383356165,
                        6.63940491215795
                    ],
                    [
                        -1.0908644554848118e-09,
                        -0.07175828074753343,
                        0.4804709994184957,
                        -0.3980854918531492,
                        0.50963302155906,
                        -1.379092743372591,
                        1.8764167820304232,
                        -2.3951208032585436,
                        3.3396265964609437,
                        6.235199838520637,
