{
    "expt_args": {
        "save_dir": "all_expt_logs/expt_logs_11.05.24-large_nodes_sparse_intv",
        "exp_name": "67",
        "num_nodes": 20,
        "obs_noise_mean": 0.0,
        "obs_noise_var": 1.0,
        "max_edge_strength": 1.0,
        "graph_sparsity_method": "adj_dense_prop",
        "adj_dense_prop": 0.8,
        "num_parents": null,
        "new_noise_mean": 1.0,
        "mix_samples": 8192,
        "stage2_samples": 8192,
        "gmm_tol": 0.001,
        "intv_type": "do",
        "new_noise_var": null,
        "intv_targets": [
            1,
            2,
            18,
            9
        ]
    },
    "intv_args_dict": {
        "1": {
            "intv_type": "do",
            "inode": 1,
            "new_mui": 1.0,
            "new_vari": null,
            "true_params": {
                "Si": [
                    [
                        1.0,
                        0.0,
                        0.9549707787503819,
                        -0.5954905420213017,
                        0.17905665832310377,
                        -1.1888215676587754,
                        0.05911886082235517,
                        1.2007539254148745,
                        -1.7140206903834725,
                        -1.2889989135946716,
                        -2.0118509773012145,
                        -1.1568647449728895,
                        1.0786529229194428,
                        5.943574633054916,
                        -4.1605720252379355,
                        -4.940749361773355,
                        -1.2804767981110965,
                        -5.369248684099496,
                        -11.507829377923283,
                        0.006499558656092752
                    ],
                    [
                        0.0,
                        1e-09,
                        7.88060475543683e-10,
                        9.214102314891602e-10,
                        2.08157756019373e-09,
                        9.77154187940289e-10,
                        2.4024489084934572e-09,
                        1.7687287653373097e-09,
                        -3.2736589390398438e-09,
                        3.758123063138023e-09,
                        5.466833208654622e-09,
                        8.219233901061161e-09,
                        -1.1827898767218035e-09,
                        2.4157302170057477e-09,
                        2.3780134628965183e-09,
                        8.855210427988733e-09,
                        -5.548657117202371e-09,
                        1.327625293197375e-08,
                        2.069413920152367e-09,
                        -2.0011085291812548e-09
                    ],
                    [
                        0.9549707787503819,
                        7.88060475543683e-10,
                        1.9119691888881503,
                        -0.5686760659264426,
                        0.9644497382155844,
                        -1.3392355096805797,
                        1.3759852239781105,
                        2.903542638600781,
                        -3.451158310004178,
                        -0.498943243435767,
                        -0.42117716583584053,
                        1.6944072965917623,
                        0.5960558408518662,
                        9.349314521867274,
                        -5.110799131235525,
                        -2.5566373763304444,
                        -4.673536710411154,
                        -0.744770766214331,
                        -15.209369695730526,
                        -1.186479003933336
                    ],
                    [
                        -0.5954905420213017,
                        9.214102314891602e-10,
                        -0.5686760659264426,
                        1.3546089864858204,
                        0.8651277680228697,
                        1.4672164699862056,
                        1.1147533181498641,
                        0.044084611199193824,
                        -0.5882537620622166,
                        3.911013419313109,
                        5.417896646027581,
                        6.945410531215184,
                        -2.4554852125324524,
                        -3.2877009817375504,
                        4.3452073879641535,
                        11.578654516272428,
                        -4.874038465073257,
                        14.104755780592129,
                        9.67513503873431,
                        -2.1497309264558853
                    ],
                    [
                        0.17905665832310377,
                        2.08157756019373e-09,
                        0.9644497382155844,
                        0.8651277680228697,
                        2.605939937306739,
                        1.1445040299382874,
                        2.71524692976266,
                        3.5607861449332265,
                        -3.9542551135645914,
                        5.290180370713074,
                        6.8435293813232185,
                        9.892280545831698,
                        -2.8280257865877187,
                        3.7278620576442028,
                        1.8111087940293782,
                        12.176209787857296,
                        -9.358813726802179,
                        18.008228079936544,
                        0.019528953343713518,
                        -2.162106445480223
                    ],
                    [
                        -1.1888215676587754,
                        9.77154187940289e-10,
                        -1.3392355096805797,
                        1.4672164699862056,
                        1.1445040299382874,
                        3.6419180916938583,
                        0.9558367330363644,
                        0.6971618541396183,
                        1.4876202127210802,
                        6.039653309622273,
                        6.921343023099373,
                        5.0324936677103,
                        -3.065711476098691,
                        -9.858109387371263,
                        9.283440932378728,
                        13.064754473185472,
                        0.39518550980411415,
                        17.173582619034654,
                        23.04794707514353,
                        0.95199540537291
                    ],
                    [
                        0.05911886082235517,
                        2.4024489084934572e-09,
                        1.3759852239781105,
                        1.1147533181498641,
                        2.71524692976266,
                        0.9558367330363644,
                        4.3588666799829685,
                        4.780032099108353,
                        -5.411854444647048,
                        6.287645787346846,
                        9.098306661088975,
                        13.455134239783034,
                        -3.2269820131016207,
                        6.656074042708564,
                        0.9721161837887798,
                        16.51352691130328,
                        -13.24340435810291,
                        24.84178802336399,
                        -2.0853920267773036,
                        -4.940894494540883
                    ],
                    [
                        1.2007539254148745,
                        1.7687287653373097e-09,
                        2.903542638600781,
                        0.044084611199193824,
                        3.5607861449332265,
                        0.6971618541396183,
                        4.780032099108353,
                        9.23932638517397,
                        -7.097242920147124,
                        5.835829184188429,
                        6.378939329912009,
                        8.602955642039914,
                        -2.1565564589747472,
                        12.41944057501123,
                        -3.2177813559227757,
                        7.458507698779398,
                        -11.318368633765454,
                        17.94180072245335,
                        -12.876912662667964,
                        -1.6291443045910348
                    ],
                    [
                        -1.7140206903834725,
                        -3.2736589390398438e-09,
                        -3.451158310004178,
                        -0.5882537620622166,
                        -3.9542551135645914,
                        1.4876202127210802,
                        -5.411854444647048,
                        -7.097242920147124,
                        11.397240594204437,
                        -5.299052625994211,
                        -8.678252906755178,
                        -18.28254918726969,
                        2.218162157094552,
                        -21.055554250336797,
                        6.276882588768984,
                        -14.596649621795661,
                        22.117820203151307,
                        -24.148678717891286,
                        25.87887603712509,
                        8.854593827466353
                    ],
                    [
                        -1.2889989135946716,
                        3.758123063138023e-09,
                        -0.498943243435767,
                        3.911013419313109,
                        5.290180370713074,
                        6.039653309622273,
                        6.287645787346846,
                        5.835829184188429,
                        -5.299052625994211,
                        17.852741988835913,
                        22.42688858778461,
                        26.99389240348298,
                        -9.399309877050012,
                        -5.664512186585976,
                        15.158586677277924,
                        43.00541943782007,
                        -18.724870155425226,
                        58.88689350088873,
                        29.595832312355427,
                        -5.5785727158773515
                    ],
                    [
                        -2.0118509773012145,
                        5.466833208654622e-09,
                        -0.42117716583584053,
                        5.417896646027581,
                        6.8435293813232185,
                        6.921343023099373,
                        9.098306661088975,
                        6.378939329912009,
                        -8.678252906755178,
                        22.42688858778461,
                        31.842984267563644,
                        41.33609787831441,
                        -11.816616920475202,
                        -3.3586616260336237,
                        18.56228137703777,
                        62.18911072396081,
                        -30.33879262903559,
                        82.53742348934485,
                        34.800326642977694,
                        -12.316014165200269
                    ],
                    [
                        -1.1568647449728895,
                        8.219233901061161e-09,
                        1.6944072965917623,
                        6.945410531215184,
                        9.892280545831698,
                        5.0324936677103,
                        13.455134239783034,
                        8.602955642039914,
                        -18.28254918726969,
                        26.99389240348298,
                        41.33609787831441,
                        63.87350744168133,
                        -15.517387911188706,
                        12.898294166470679,
                        14.127450689055257,
                        83.75232180763774,
                        -56.567411152971474,
                        109.10797208769091,
                        15.037872396170801,
                        -23.943126982324646
                    ],
                    [
                        1.0786529229194428,
                        -1.1827898767218035e-09,
                        0.5960558408518662,
                        -2.4554852125324524,
                        -2.8280257865877187,
                        -3.065711476098691,
                        -3.2269820131016207,
                        -2.1565564589747472,
                        2.218162157094552,
                        -9.399309877050012,
                        -11.816616920475202,
                        -15.517387911188706,
                        7.41222178824543,
                        5.941724954402251,
                        -7.928780583556543,
                        -25.880231271331812,
                        14.498678931238743,
                        -33.329708427675435,
                        -16.876441452201867,
                        3.4508953067375097
                    ],
                    [
                        5.943574633054916,
                        2.4157302170057477e-09,
                        9.349314521867274,
                        -3.2877009817375504,
                        3.7278620576442028,
                        -9.858109387371263,
                        6.656074042708564,
                        12.41944057501123,
                        -21.055554250336797,
                        -5.664512186585976,
                        -3.3586616260336237,
                        12.898294166470679,
                        5.941724954402251,
                        59.19866533032419,
                        -32.74752864227092,
                        -14.067665834653164,
                        -29.62402379830912,
                        -7.578339236453444,
                        -95.87177182166018,
                        -12.639205777749881
                    ],
                    [
                        -4.1605720252379355,
                        2.3780134628965183e-09,
                        -5.110799131235525,
                        4.3452073879641535,
                        1.8111087940293782,
                        9.283440932378728,
                        0.9721161837887798,
                        -3.2177813559227757,
                        6.276882588768984,
                        15.158586677277924,
                        18.56228137703777,
                        14.127450689055257,
                        -7.928780583556543,
                        -32.74752864227092,
                        30.079109709978233,
                        38.90387127607803,
                        4.59696564943701,
                        47.98643897388711,
                        71.96282549996408,
                        -0.43891751258356015
                    ],
                    [
                        -4.940749361773355,
                        8.855210427988733e-09,
                        -2.5566373763304444,
                        11.578654516272428,
                        12.176209787857296,
                        13.064754473185472,
                        16.51352691130328,
                        7.458507698779398,
                        -14.596649621795661,
                        43.00541943782007,
                        62.18911072396081,
                        83.75232180763774,
                        -25.880231271331812,
                        -14.067665834653164,
                        38.90387127607803,
                        129.9723694665752,
                        -65.00328072915177,
                        165.89533071245276,
                        76.07963158345726,
                        -28.708906262959243
                    ],
                    [
                        -1.2804767981110965,
                        -5.548657117202371e-09,
                        -4.673536710411154,
                        -4.874038465073257,
                        -9.358813726802179,
                        0.39518550980411415,
                        -13.24340435810291,
                        -11.318368633765454,
                        22.117820203151307,
                        -18.724870155425226,
                        -30.33879262903559,
                        -56.567411152971474,
                        14.498678931238743,
                        -29.62402379830912,
                        4.59696564943701,
                        -65.00328072915177,
                        68.33830663195893,
                        -85.32899429280283,
                        28.238537437081064,
                        25.630083381756396
                    ],
                    [
                        -5.369248684099496,
                        1.327625293197375e-08,
                        -0.744770766214331,
                        14.104755780592129,
                        18.008228079936544,
                        17.173582619034654,
                        24.84178802336399,
                        17.94180072245335,
                        -24.148678717891286,
                        58.88689350088873,
                        82.53742348934485,
                        109.10797208769091,
                        -33.329708427675435,
                        -7.578339236453444,
                        47.98643897388711,
                        165.89533071245276,
                        -85.32899429280283,
                        223.9823292189835,
                        86.72611054567406,
                        -37.72825422174166
                    ],
                    [
                        -11.507829377923283,
                        2.069413920152367e-09,
                        -15.209369695730526,
                        9.67513503873431,
                        0.019528953343713518,
                        23.04794707514353,
                        -2.0853920267773036,
                        -12.876912662667964,
                        25.87887603712509,
                        29.595832312355427,
                        34.800326642977694,
                        15.037872396170801,
                        -16.876441452201867,
                        -95.87177182166018,
                        71.96282549996408,
                        76.07963158345726,
                        28.238537437081064,
                        86.72611054567406,
                        190.68107487648632,
                        8.091020043723448
                    ],
                    [
                        0.006499558656092752,
                        -2.0011085291812548e-09,
                        -1.186479003933336,
                        -2.1497309264558853,
                        -2.162106445480223,
                        0.95199540537291,
                        -4.940894494540883,
                        -1.6291443045910348,
                        8.854593827466353,
                        -5.5785727158773515,
                        -12.316014165200269,
                        -23.943126982324646,
                        3.4508953067375097,
                        -12.639205777749881,
                        -0.43891751258356015,
                        -28.708906262959243,
                        25.630083381756396,
                        -37.72825422174166,
                        8.091020043723448,
                        19.56785158570089
                    ]
                ],
                "mui": [
                    0.0,
                    1.0,
                    0.788060475543683,
                    0.9214102314891602,
                    2.08157756019373,
                    0.977154187940289,
                    2.402448908493457,
                    1.7687287653373096,
                    -3.2736589390398434,
                    3.7581230631380222,
                    5.466833208654622,
                    8.21923390106116,
                    -1.1827898767218035,
                    2.4157302170057475,
                    2.378013462896518,
                    8.855210427988732,
                    -5.548657117202371,
                    13.27625293197375,
                    2.0694139201523667,
                    -2.0011085291812547
                ],
                "Ai": [
                    [
                        0.0,
                        0.0,
                        0.0,
                        0.0,
                        0.0,
                        0.0,
                        0.0,
                        0.0,
                        0.0,
                        0.0,
                        0.0,
                        0.0,
                        0.0,
                        0.0,
                        0.0,
                        0.0,
                        0.0,
                        0.0,
                        0.0,
                        0.0
                    ],
                    [
                        0.0,
                        0.0,
                        0.0,
                        0.0,
                        0.0,
                        0.0,
                        0.0,
                        0.0,
                        0.0,
                        0.0,
                        0.0,
                        0.0,
                        0.0,
                        0.0,
                        0.0,
                        0.0,
                        0.0,
                        0.0,
                        0.0,
                        0.0
                    ],
                    [
                        0.9549707787503819,
                        0.788060475543683,
                        0.0,
                        0.0,
                        0.0,
                        0.0,
                        0.0,
                        0.0,
                        0.0,
                        0.0,
                        0.0,
                        0.0,
                        0.0,
                        0.0,
                        0.0,
                        0.0,
                        0.0,
                        0.0,
                        0.0,
                        0.0
                    ],
                    [
                        -0.5954905420213017,
                        0.9214102314891602,
                        0.0,
                        0.0,
                        0.0,
                        0.0,
                        0.0,
                        0.0,
                        0.0,
                        0.0,
                        0.0,
                        0.0,
                        0.0,
                        0.0,
                        0.0,
                        0.0,
                        0.0,
                        0.0,
                        0.0,
                        0.0
                    ],
                    [
                        0.0,
                        0.5609019915882554,
                        0.79345586013592,
                        0.971754312622231,
                        0.0,
                        0.0,
                        0.0,
                        0.0,
                        0.0,
                        0.0,
                        0.0,
                        0.0,
                        0.0,
                        0.0,
                        0.0,
                        0.0,
                        0.0,
                        0.0,
                        0.0,
                        0.0
                    ],
                    [
                        -0.5419127091379201,
                        0.0,
                        -0.8239158482816196,
                        -0.0,
                        0.7813543603889097,
                        0.0,
                        0.0,
                        0.0,
                        0.0,
                        0.0,
                        0.0,
                        0.0,
                        0.0,
                        0.0,
                        0.0,
                        0.0,
                        0.0,
                        0.0,
                        0.0,
                        0.0
                    ],
                    [
                        -0.5162031031504531,
                        0.0,
                        0.8909059268865414,
                        0.6250192306870679,
                        0.5401970445671808,
                        0.0,
                        0.0,
                        0.0,
                        0.0,
                        0.0,
                        0.0,
                        0.0,
                        0.0,
                        0.0,
                        0.0,
                        0.0,
                        0.0,
                        0.0,
                        0.0,
                        0.0
                    ],
                    [
                        0.9391249464463218,
                        -0.9962432005962237,
                        0.814782366827087,
                        -0.9594658023132874,
                        -0.0,
                        0.9579046822178059,
                        0.8620017742248233,
                        0.0,
                        0.0,
                        0.0,
                        0.0,
                        0.0,
                        0.0,
                        0.0,
                        0.0,
                        0.0,
                        0.0,
                        0.0,
                        0.0,
                        0.0
                    ],
                    [
                        -0.8740307390657035,
                        -0.0,
                        0.0,
                        -0.533950224427558,
                        -0.8852633116960285,
                        0.8049810654095086,
                        -0.7182330112554625,
                        0.0,
                        0.0,
                        0.0,
                        0.0,
                        0.0,
                        0.0,
                        0.0,
                        0.0,
                        0.0,
                        0.0,
                        0.0,
                        0.0,
                        0.0
                    ],
                    [
                        0.7101590049550242,
                        -0.7727281557044026,
                        -0.7889531535296143,
                        0.8332858413467473,
                        0.8501286113441534,
                        0.7965356707201078,
                        0.7645736409162396,
                        -0.0,
                        0.0,
                        0.0,
                        0.0,
                        0.0,
                        0.0,
                        0.0,
                        0.0,
                        0.0,
                        0.0,
                        0.0,
                        0.0,
                        0.0
                    ],
                    [
                        -0.5056852266382671,
                        -0.7795172377559834,
                        0.0,
                        -0.0,
                        -0.0,
                        0.6177671584395553,
                        0.9966683582239797,
                        -0.6629703163237969,
                        -0.5223057797444459,
                        0.7213748751044515,
                        0.0,
                        0.0,
                        0.0,
                        0.0,
                        0.0,
                        0.0,
                        0.0,
                        0.0,
                        0.0,
                        0.0
                    ],
                    [
                        -0.0,
                        -0.9797971945854622,
                        -0.0,
                        0.8833102048223253,
                        0.770294125049577,
                        -0.6535761706042655,
                        0.6232059837370363,
                        -0.840615546284259,
                        -0.737880425332646,
                        0.0,
                        0.9135799617599205,
                        0.0,
                        0.0,
                        0.0,
                        0.0,
                        0.0,
                        0.0,
                        0.0,
                        0.0,
                        0.0
                    ],
                    [
                        0.7100073021828675,
                        0.5311558735996367,
                        0.5703198629498831,
                        -0.6277686238466769,
                        -0.7535313281295517,
                        0.602579189695401,
                        0.0,
                        -0.5186745448698682,
                        -0.7226104985679411,
                        -0.5867418232004771,
                        0.8445637041774026,
                        -0.5432945997603875,
                        0.0,
                        0.0,
                        0.0,
                        0.0,
                        0.0,
                        0.0,
                        0.0,
                        0.0
                    ],
                    [
                        0.8983847890087038,
                        -0.5963899049771384,
                        0.8445866702101097,
                        -0.8507549013496658,
                        -0.7155147240449199,
                        -0.7549016158424333,
                        0.0,
                        0.7417360135676232,
                        -0.5534126855378336,
                        -0.0,
                        -0.5536070909363616,
                        0.7583427543005115,
                        0.8223348749702561,
                        0.0,
                        0.0,
                        0.0,
                        0.0,
                        0.0,
                        0.0,
                        0.0
                    ],
                    [
                        -0.9260422080730454,
                        -0.7102171497348677,
                        0.710156497496031,
                        -0.8923747247556248,
                        0.0,
                        0.5226219803240626,
                        -0.0,
                        -0.6409323513375562,
                        -0.9996665767925008,
                        0.9243650568336094,
                        -0.0,
                        -0.0,
                        0.8139439369307866,
                        -0.7492308642663235,
                        0.0,
                        0.0,
                        0.0,
                        0.0,
                        0.0,
                        0.0
                    ],
                    [
                        0.8061298112672923,
                        -0.0,
                        -0.6005214772202532,
                        0.0,
                        -0.94606222217045,
                        -0.884986770131874,
                        -0.0,
                        0.7242550939842419,
                        0.7191357296979912,
                        -0.6259678729439824,
                        0.905345096952172,
                        0.9841312036298417,
                        -0.9300210323764728,
                        0.0,
                        0.6097492923267797,
                        0.0,
                        0.0,
                        0.0,
                        0.0,
                        0.0
                    ],
                    [
                        -0.7153402132327459,
                        0.0,
                        0.0,
                        -0.8325032038553509,
                        -0.6922989158000772,
                        -0.6103385466991553,
                        -0.0,
                        -0.0,
                        0.6429993750593062,
                        0.812666351115791,
                        0.567467651049655,
                        -0.0,
                        0.8400902962556434,
                        -0.0,
                        0.8873378295834062,
                        -0.8934799424657565,
                        0.0,
                        0.0,
                        0.0,
                        0.0
                    ],
                    [
                        -0.6918223183171331,
                        0.7665363143488833,
                        -0.5653069886018849,
                        -0.0,
                        -0.9164393163854638,
                        -0.8794657063677732,
                        0.5523923757736997,
                        0.6476976679319364,
                        -0.5986737819742568,
                        0.0,
                        0.6602803567797076,
                        -0.6120286476446561,
                        -0.9779929451022484,
                        0.5586575085401482,
                        0.9906677025032711,
                        0.8862909662040166,
                        -0.0,
                        0.0,
                        0.0,
                        0.0
                    ],
                    [
                        -0.878340680277024,
                        0.5961722987566577,
                        -0.6753853754984243,
                        0.0,
                        -0.5489367991710925,
                        0.9504465029194809,
                        0.0,
                        0.8380983308520025,
                        0.9964723426079045,
                        -0.0,
                        -0.0,
                        0.5844799519512034,
                        0.8092720537787322,
                        -0.785128126076704,
                        0.861655738035149,
                        -0.0,
                        0.0,
                        0.0,
                        0.0,
                        0.0
                    ],
                    [
                        -0.841923426016256,
                        0.5479844878062565,
                        -0.5996976649655493,
                        -0.8919906905092052,
                        0.5375056183792495,
                        -0.0,
                        -0.0,
                        0.9155569595637663,
                        0.7261736452167371,
                        0.6012620569377192,
                        0.9060006230470165,
                        0.6832313798599216,
                        -0.6395975659538329,
                        -0.7807647578372965,
                        -0.0,
                        -0.0,
                        0.5978226387750425,
                        -0.6598092568324879,
                        -0.5978925012969138,
                        0.0
                    ]
                ]
            },
            "est_params": {
                "mui": [
                    0.007830798995723514,
                    1.0000030485400246,
                    0.8132776505287143,
                    0.8478456295319843,
                    2.0546127130555965,
                    0.9348300563326052,
                    2.352491967895219,
                    1.795764529905154,
                    -3.188008539097548,
                    3.599989377961907,
                    5.1990922357218405,
                    7.801460007569536,
                    -1.0924175984341185,
                    2.4349934622325713,
                    2.278857082173096,
                    8.28538640846398,
                    -5.1992554311783215,
                    12.697275058389936,
                    1.8604964532930162,
                    -1.8583213437813932
                ],
                "Si": [
                    [
                        1.0028412437735679,
                        5.068677346379134e-06,
                        0.9136610864149184,
                        -0.6353117125434828,
                        0.07254358417144763,
                        -1.2076668123590777,
                        -0.08120375511964248,
                        1.046438333622101,
                        -1.5211302713392656,
                        -1.4807766647078313,
                        -2.3021366527980396,
                        -1.607782019671826,
                        1.191843690017748,
                        5.734332517989125,
                        -4.143016227116551,
                        -5.461630600130113,
                        -0.7569505977020106,
                        -6.105681128121788,
                        -11.357777354523627,
                        0.10383467338872197
                    ],
                    [
                        5.068677346379133e-06,
                        1.0125755380454933e-06,
                        6.070748892818881e-06,
                        -6.1356420019548776e-06,
                        3.9129140304144716e-06,
                        -2.9686551715384086e-06,
                        4.162151267976567e-06,
                        2.1568783759227794e-05,
                        -9.53954159677984e-06,
                        -5.001992905034769e-07,
                        -9.954467884665602e-06,
                        -1.8964141821884257e-05,
                        4.479365874996697e-06,
                        3.030713128684053e-05,
                        -2.2997636033918045e-05,
                        -3.6432036326951165e-05,
                        5.93550000005791e-06,
                        -3.312098529677066e-05,
                        -5.5017099078889114e-05,
                        2.1878404191474574e-05
                    ],
                    [
                        0.9136610864149184,
                        6.070748892818881e-06,
                        1.7896790343942526,
                        -0.6041042350650528,
                        0.8009325603130057,
                        -1.2695354353322341,
                        1.1621270962027594,
                        2.708104825026622,
                        -3.0615498437269677,
                        -0.6515412000984225,
                        -0.7328442205074311,
                        0.9675791601515168,
                        0.7326105622718171,
                        8.658750417953103,
                        -4.81319659254144,
                        -3.127411514744224,
                        -3.7383299320881482,
                        -1.5473308778172692,
                        -14.17985830586447,
                        -0.9530762785728638
                    ],
                    [
                        -0.6353117125434826,
                        -6.1356420019548776e-06,
                        -0.6041042350650528,
                        1.4123070844258079,
                        0.8940040401590975,
                        1.5006713611912008,
                        1.1287499937390897,
                        -0.004071787786881306,
                        -0.6421526413231046,
                        4.004527966005099,
                        5.593530876405643,
                        7.185637284352751,
                        -2.5094678865163638,
                        -3.4524079811758157,
                        4.527643923716224,
                        11.916611676142567,
                        -4.978266899567063,
                        14.51938857518267,
                        10.035534625529419,
                        -2.200761559806943
                    ],
                    [
                        0.07254358417144764,
                        3.9129140304144716e-06,
                        0.8009325603130059,
                        0.8940040401590975,
                        2.467213013211586,
                        1.2510501960140186,
                        2.498503410227725,
                        3.3021303039485277,
