{
    "expt_args": {
        "save_dir": "all_expt_logs/expt_logs_11.05.24-large_nodes_sparse_intv",
        "exp_name": "87",
        "num_nodes": 15,
        "obs_noise_mean": 0.0,
        "obs_noise_var": 1.0,
        "max_edge_strength": 1.0,
        "graph_sparsity_method": "adj_dense_prop",
        "adj_dense_prop": 0.8,
        "num_parents": null,
        "new_noise_mean": 1.0,
        "mix_samples": 131072,
        "stage2_samples": 131072,
        "gmm_tol": 0.001,
        "intv_type": "do",
        "new_noise_var": null,
        "intv_targets": [
            9,
            10,
            0,
            4
        ]
    },
    "intv_args_dict": {
        "9": {
            "intv_type": "do",
            "inode": 9,
            "new_mui": 1.0,
            "new_vari": null,
            "true_params": {
                "Si": [
                    [
                        1.0,
                        0.6961973164291724,
                        0.6045252183048369,
                        0.5078050396776539,
                        1.302873670589442,
                        -0.8774279365833759,
                        2.0848654170919154,
                        -2.0477228367122096,
                        2.1782453714726495,
                        0.0,
                        -0.01415768995895661,
                        -1.9039137614783583,
                        -3.196972338485423,
                        -1.706251876595319,
                        -0.25187679019827824
                    ],
                    [
                        0.6961973164291724,
                        1.484690703403181,
                        -0.0806530462453437,
                        1.0829306631310431,
                        1.9224267818434564,
                        0.5751974199394116,
                        1.5689369844428813,
                        -2.3034378161300175,
                        0.5290264494076815,
                        0.0,
                        0.7288029390906863,
                        -2.013340450733673,
                        -4.161509839855487,
                        0.08785128474794379,
                        -1.1161842708987946
                    ],
                    [
                        0.6045252183048369,
                        -0.0806530462453437,
                        1.616974936631046,
                        -0.05882818330700514,
                        0.9033101408873083,
                        -2.0120210640360106,
                        1.565178232682014,
                        -0.47878742436812505,
                        3.3741663460474354,
                        0.0,
                        -2.6200869837423455,
                        -1.502289177987191,
                        -1.5614651134196296,
                        -1.790568665982585,
                        0.7783396670201409
                    ],
                    [
                        0.5078050396776539,
                        1.0829306631310431,
                        -0.05882818330700514,
                        1.78988763010458,
                        2.0691169603681727,
                        0.4195479381520033,
                        0.8286408215483443,
                        -1.2853440147253823,
                        1.1309987653531377,
                        0.0,
                        -1.4865122177820016,
                        -2.905836638438935,
                        -3.4755587277818147,
                        1.186029615461489,
                        0.3168542642976795
                    ],
                    [
                        1.302873670589442,
                        1.9224267818434564,
                        0.9033101408873083,
                        2.0691169603681727,
                        4.563739408987888,
                        -0.4930413912013969,
                        3.3857910385807997,
                        -4.463346465066598,
                        2.8322276414165475,
                        0.0,
                        -0.7317388170430941,
                        -5.108198622091451,
                        -8.410651508088566,
                        -0.5196439407527924,
                        -1.8717911422685707
                    ],
                    [
                        -0.8774279365833759,
                        0.5751974199394116,
                        -2.0120210640360106,
                        0.4195479381520033,
                        -0.4930413912013969,
                        3.962959697243134,
                        -2.900850443859094,
                        0.7064193698363149,
                        -5.578048842212365,
                        0.0,
                        3.1128090018331016,
                        2.13306230295788,
                        1.6504028674068603,
                        4.501528404603203,
                        -1.835616058588017
                    ],
                    [
                        2.0848654170919154,
                        1.5689369844428813,
                        1.565178232682014,
                        0.8286408215483443,
                        3.3857910385807997,
                        -2.900850443859094,
                        6.666126967172203,
                        -6.222194315229621,
                        5.607352099705895,
                        0.0,
                        1.9325351609704495,
                        -5.475221940253424,
                        -9.935778026543595,
                        -5.763753175332566,
                        -2.2004622010489396
                    ],
                    [
                        -2.0477228367122096,
                        -2.3034378161300175,
                        -0.47878742436812505,
                        -1.2853440147253823,
                        -4.463346465066598,
                        0.7064193698363149,
                        -6.222194315229621,
                        8.961914353857459,
                        -1.9063451479309268,
                        0.0,
                        -6.391143058005101,
                        4.703527298874983,
                        11.271979960617609,
                        5.299352885063245,
                        5.276570404715909
                    ],
                    [
                        2.1782453714726495,
                        0.5290264494076815,
                        3.3741663460474354,
                        1.1309987653531377,
                        2.8322276414165475,
                        -5.578048842212365,
                        5.607352099705895,
                        -1.9063451479309268,
                        11.559751250555387,
                        0.0,
                        -7.70676640382531,
                        -7.491605720918374,
                        -7.960426709650752,
                        -4.593586438616422,
                        4.0045142713658874
                    ],
                    [
                        0.0,
                        0.0,
                        0.0,
                        0.0,
                        0.0,
                        0.0,
                        0.0,
                        0.0,
                        0.0,
                        1e-09,
                        9.747770990576842e-10,
                        -7.229417850632522e-10,
                        -1.9354106139306594e-10,
                        -3.7296759013450967e-10,
                        -3.2633988507288215e-10
                    ],
                    [
                        -0.01415768995895661,
                        0.7288029390906863,
                        -2.6200869837423455,
                        -1.4865122177820016,
                        -0.7317388170430941,
                        3.1128090018331016,
                        1.9325351609704495,
                        -6.391143058005101,
                        -7.70676640382531,
                        9.747770990576842e-10,
                        16.43802370881526,
                        3.4461925362032964,
                        -2.939381002138359,
                        -3.7732433406192953,
                        -9.631404108858556
                    ],
                    [
                        -1.9039137614783583,
                        -2.013340450733673,
                        -1.502289177987191,
                        -2.905836638438935,
                        -5.108198622091451,
                        2.13306230295788,
                        -5.475221940253424,
                        4.703527298874983,
                        -7.491605720918374,
                        -7.229417850632522e-10,
                        3.4461925362032964,
                        10.16831212164013,
                        13.143883668952682,
                        0.5724119940711512,
                        -0.3172968129662863
                    ],
                    [
                        -3.196972338485423,
                        -4.161509839855487,
                        -1.5614651134196296,
                        -3.4755587277818147,
                        -8.410651508088566,
                        1.6504028674068603,
                        -9.935778026543595,
                        11.271979960617609,
                        -7.960426709650752,
                        -1.9354106139306594e-10,
                        -2.939381002138359,
                        13.143883668952682,
                        23.72487226879809,
                        2.4828838764073247,
                        6.271895157799171
                    ],
                    [
                        -1.706251876595319,
                        0.08785128474794379,
                        -1.790568665982585,
                        1.186029615461489,
                        -0.5196439407527924,
                        4.501528404603203,
                        -5.763753175332566,
                        5.299352885063245,
                        -4.593586438616422,
                        -3.7296759013450967e-10,
                        -3.7732433406192953,
                        0.5724119940711512,
                        2.4828838764073247,
                        12.06986977288872,
                        0.8144867366886193
                    ],
                    [
                        -0.25187679019827824,
                        -1.1161842708987946,
                        0.7783396670201409,
                        0.3168542642976795,
                        -1.8717911422685707,
                        -1.8356160585880168,
                        -2.2004622010489396,
                        5.27657040471591,
                        4.004514271365888,
                        -3.2633988507288215e-10,
                        -9.631404108858558,
                        -0.31729681296628587,
                        6.271895157799171,
                        0.8144867366886193,
                        9.847102523959142
                    ]
                ],
                "mui": [
                    0.0,
                    0.0,
                    0.0,
                    0.0,
                    0.0,
                    0.0,
                    0.0,
                    0.0,
                    0.0,
                    1.0,
                    0.9747770990576842,
                    -0.7229417850632521,
                    -0.19354106139306593,
                    -0.37296759013450964,
                    -0.32633988507288214
                ],
                "Ai": [
                    [
                        0.0,
                        0.0,
                        0.0,
                        0.0,
                        0.0,
                        0.0,
                        0.0,
                        0.0,
                        0.0,
                        0.0,
                        0.0,
                        0.0,
                        0.0,
                        0.0,
                        0.0
                    ],
                    [
                        0.6961973164291724,
                        0.0,
                        0.0,
                        0.0,
                        0.0,
                        0.0,
                        0.0,
                        0.0,
                        0.0,
                        0.0,
                        0.0,
                        0.0,
                        0.0,
                        0.0,
                        0.0
                    ],
                    [
                        0.9536834059478161,
                        -0.5015218809429307,
                        0.0,
                        0.0,
                        0.0,
                        0.0,
                        0.0,
                        0.0,
                        0.0,
                        0.0,
                        0.0,
                        0.0,
                        0.0,
                        0.0,
                        0.0
                    ],
                    [
                        0.0,
                        0.7293981572382511,
                        -0.0,
                        0.0,
                        0.0,
                        0.0,
                        0.0,
                        0.0,
                        0.0,
                        0.0,
                        0.0,
                        0.0,
                        0.0,
                        0.0,
                        0.0
                    ],
                    [
                        -0.0,
                        0.8423434136875818,
                        0.6249202368050317,
                        0.6669024082660944,
                        0.0,
                        0.0,
                        0.0,
                        0.0,
                        0.0,
                        0.0,
                        0.0,
                        0.0,
                        0.0,
                        0.0,
                        0.0
                    ],
                    [
                        -0.8574731253760186,
                        0.7413315993529158,
                        -0.8867585090398777,
                        0.0,
                        -0.0,
                        0.0,
                        0.0,
                        0.0,
                        0.0,
                        0.0,
                        0.0,
                        0.0,
                        0.0,
                        0.0,
                        0.0
                    ],
                    [
                        0.8945096019894307,
                        0.7393372616367768,
                        -0.7573544885323846,
                        -0.6715134801884695,
                        0.533473191956571,
                        -0.8883018266431209,
                        0.0,
                        0.0,
                        0.0,
                        0.0,
                        0.0,
                        0.0,
                        0.0,
                        0.0,
                        0.0
                    ],
                    [
                        -0.7311963418474734,
                        0.6409906920037753,
                        0.6949453008501387,
                        0.6987438285839972,
                        -0.8840686351864705,
                        -0.5699788940502104,
                        -0.9046175035862343,
                        0.0,
                        0.0,
                        0.0,
                        0.0,
                        0.0,
                        0.0,
                        0.0,
                        0.0
                    ],
                    [
                        0.7647823784083281,
                        0.0,
                        0.5402139182111839,
                        0.7155041391015298,
                        -0.0,
                        -0.6594351997589407,
                        0.667832598366437,
                        0.6091617891502021,
                        0.0,
                        0.0,
                        0.0,
                        0.0,
                        0.0,
                        0.0,
                        0.0
                    ],
                    [
                        0.0,
                        0.0,
                        0.0,
                        0.0,
                        0.0,
                        0.0,
                        0.0,
                        0.0,
                        0.0,
                        0.0,
                        0.0,
                        0.0,
                        0.0,
                        0.0,
                        0.0
                    ],
                    [
                        -0.0,
                        -0.6107656996903856,
                        -0.5454558622357559,
                        -0.6193282956433175,
                        -0.5616386236483699,
                        0.6234208675459717,
                        0.928869234524612,
                        -0.7915042890477684,
                        -0.5615997639570143,
                        0.9747770990576842,
                        0.0,
                        0.0,
                        0.0,
                        0.0,
                        0.0
                    ],
                    [
                        0.7814897519257293,
                        0.8988065772048981,
                        0.5666779837914623,
                        -0.5051148922201489,
                        -0.6438958208571177,
                        -0.9610031579012333,
                        -0.6422264768644973,
                        0.0,
                        -0.9468914045057932,
                        -0.7229417850632521,
                        0.0,
                        0.0,
                        0.0,
                        0.0,
                        0.0
                    ],
                    [
                        0.7931603099202811,
                        -0.6458620376612336,
                        -0.0,
                        0.832361134816105,
                        -0.9241398811415451,
                        -0.7822176582167285,
                        0.0,
                        -0.0,
                        -0.9178253887022747,
                        0.9022062054607888,
                        -0.5576677048479113,
                        0.7637482999211924,
                        0.0,
                        0.0,
                        0.0
                    ],
                    [
                        0.9909913185365289,
                        -0.8308486377240221,
                        0.0,
                        -0.0,
                        -0.0,
                        0.7121007506842866,
                        0.0,
                        0.9754951589773899,
                        -0.962362006828646,
                        0.0,
                        -0.5436026113689736,
                        -0.0,
                        -0.8108035849675375,
                        0.0,
                        0.0
                    ],
                    [
                        -0.5091270318448835,
                        0.5905084493502202,
                        -0.9284086428827218,
                        -0.5298711555151656,
                        -0.619014046151052,
                        0.5838598999670537,
                        -0.0,
                        -0.9027303788932333,
                        0.7674225916960375,
                        0.0,
                        -0.6458690333593018,
                        -0.6518376252917235,
                        0.8680442152908451,
                        0.0,
                        0.0
                    ]
                ]
            },
            "est_params": {
                "mui": [
                    0.0018008778212422083,
                    -0.009012497077055462,
                    0.006012576762935952,
                    -0.0008008929304390822,
                    -0.012103334225502062,
                    -0.0014142169953139814,
                    -0.01516188445315196,
                    0.03227847983408967,
                    0.01262163413573727,
                    0.9999996017420418,
                    0.9378991109775376,
                    -0.7236532696768193,
                    -0.18079653511032504,
                    -0.33616834942531215,
                    -0.3283529068085751
                ],
                "Si": [
                    [
                        0.9956229406608667,
                        0.6915418992229279,
                        0.602806847054218,
                        0.5106244033139191,
                        1.291749990600596,
                        -0.8791007003697214,
                        2.074276201780478,
                        -2.039538548062189,
                        2.17532205782148,
                        1.86180838802109e-08,
                        -0.021429150692344173,
                        -1.9009742162836991,
                        -3.169046550322824,
                        -1.718533289036234,
                        -0.22998979236403175
                    ],
                    [
                        0.6915418992229279,
                        1.4901708036518142,
                        -0.07872116155509931,
                        1.0839047509520598,
                        1.9214179348019627,
                        0.5668643285026598,
                        1.5668024280540256,
                        -2.2901663930095464,
                        0.5332144077832327,
                        2.4596444403778856e-07,
                        0.6959479103163254,
                        -2.004012351155226,
                        -4.135026408111194,
                        0.07368340206970078,
                        -1.0857490825171892
                    ],
                    [
                        0.602806847054218,
                        -0.07872116155509931,
                        1.6038015790088136,
                        -0.049874609224830155,
                        0.9025260518167816,
                        -1.9907738138687663,
                        1.560888071548155,
                        -0.49040831523968065,
                        3.347618425699746,
                        -2.444980114312147e-07,
                        -2.5835257176790396,
                        -1.5185730223960823,
                        -1.572608162114507,
                        -1.7777090154257722,
                        0.7582528726265999
                    ],
                    [
                        0.5106244033139191,
                        1.0839047509520598,
                        -0.049874609224830155,
                        1.7807161315378548,
                        2.057433961102372,
                        0.40367276013278564,
                        0.8383028661663977,
                        -1.2679364776863058,
                        1.1623382899781938,
                        7.997817449355192e-07,
                        -1.511759341300819,
                        -2.902294899363433,
                        -3.4680440076130945,
                        1.1642843308375388,
                        0.346500002108158
                    ],
                    [
                        1.291749990600596,
                        1.9214179348019627,
                        0.9025260518167817,
                        2.0574339611023715,
                        4.560798595629372,
                        -0.49669044129875,
                        3.3817028631955193,
                        -4.456995063618006,
                        2.7973876687234394,
                        8.728746905702989e-07,
                        -0.7292442157979869,
                        -5.074620124758675,
                        -8.35737641136726,
                        -0.5444828023874826,
                        -1.8696433762318925
                    ],
                    [
                        -0.8791007003697214,
                        0.5668643285026598,
                        -1.9907738138687663,
                        0.40367276013278564,
                        -0.49669044129874995,
                        3.938238514610361,
                        -2.903937444032942,
                        0.7367739194626898,
                        -5.5461611909625725,
                        6.608842337701698e-07,
                        3.050809963458106,
                        2.1593898099326276,
                        1.6820874506246701,
                        4.495054449545576,
                        -1.8060735923593028
                    ],
                    [
                        2.074276201780478,
                        1.5668024280540256,
                        1.560888071548155,
                        0.8383028661663976,
                        3.3817028631955193,
                        -2.903937444032942,
                        6.653392748970281,
                        -6.210888853345095,
                        5.577195202573248,
                        -7.873872503509116e-08,
                        1.9159960390232518,
                        -5.469820636875069,
                        -9.86265346567568,
                        -5.7839876043010126,
                        -2.1761933440047416
                    ],
                    [
                        -2.039538548062189,
                        -2.2901663930095464,
                        -0.49040831523968065,
                        -1.2679364776863058,
                        -4.456995063618006,
                        0.7367739194626898,
                        -6.210888853345093,
                        8.95850166496854,
                        -1.8646601148663302,
                        -3.559569277775513e-07,
                        -6.371326607362178,
                        4.6300718760634,
                        11.12258620984139,
                        5.385695112208762,
                        5.247002032932797
                    ],
                    [
                        2.17532205782148,
                        0.5332144077832326,
                        3.347618425699746,
                        1.1623382899781938,
                        2.7973876687234394,
                        -5.5461611909625725,
                        5.577195202573248,
                        -1.8646601148663307,
                        11.575397474271035,
                        -3.0864742356965133e-07,
                        -7.7304529723482105,
                        -7.5559660540364755,
                        -7.966644959523749,
                        -4.538156301554353,
                        4.07268940093143
                    ],
                    [
                        1.8618083880210786e-08,
                        2.4596444403778856e-07,
                        -2.4449801143121466e-07,
                        7.997817449355191e-07,
                        8.728746905702989e-07,
                        6.608842337701696e-07,
                        -7.873872503509131e-08,
                        -3.5595692777755156e-07,
                        -3.0864742356965133e-07,
                        1.0035714191053347e-06,
                        -6.223929229781975e-07,
                        -1.3152707807410471e-06,
                        -1.342242701444464e-06,
                        1.7821465007989992e-06,
                        -2.7653940100596016e-07
                    ],
                    [
                        -0.02142915069234418,
                        0.6959479103163254,
                        -2.58352571767904,
                        -1.5117593413008188,
                        -0.7292442157979868,
                        3.0508099634581054,
                        1.9159960390232518,
                        -6.371326607362178,
                        -7.7304529723482105,
                        -6.223929229781973e-07,
                        16.37944314124532,
                        3.5419077675005224,
                        -2.7716028826369654,
                        -3.8475601159032817,
                        -9.624155317498518
                    ],
                    [
                        -1.9009742162836991,
                        -2.004012351155226,
                        -1.5185730223960823,
                        -2.902294899363433,
                        -5.074620124758675,
                        2.1593898099326276,
                        -5.469820636875069,
                        4.6300718760634,
                        -7.5559660540364755,
                        -1.3152707807410471e-06,
                        3.5419077675005224,
                        10.205531386489337,
                        13.098796891264195,
                        0.5677657031760518,
                        -0.40067406223207785
                    ],
                    [
                        -3.169046550322824,
                        -4.135026408111193,
                        -1.572608162114507,
                        -3.4680440076130945,
                        -8.357376411367262,
                        1.6820874506246701,
                        -9.86265346567568,
                        11.12258620984139,
                        -7.966644959523749,
                        -1.3422427014444636e-06,
                        -2.771602882636965,
                        13.098796891264195,
                        23.50812410697632,
                        2.4631745635869864,
                        6.1356049155813315
                    ],
                    [
                        -1.718533289036234,
                        0.07368340206970077,
                        -1.7777090154257722,
                        1.1642843308375388,
                        -0.5444828023874825,
                        4.495054449545576,
                        -5.783987604301014,
                        5.385695112208762,
                        -4.538156301554354,
                        1.782146500798999e-06,
                        -3.8475601159032817,
                        0.5677657031760519,
                        2.4631745635869864,
                        12.157079288254563,
                        0.8463641780228969
                    ],
                    [
                        -0.22998979236403175,
                        -1.0857490825171892,
                        0.7582528726265998,
                        0.3465000021081582,
                        -1.8696433762318927,
                        -1.8060735923593028,
                        -2.1761933440047416,
                        5.247002032932798,
                        4.072689400931429,
                        -2.765394010059597e-07,
                        -9.624155317498518,
                        -0.4006740622320779,
                        6.135604915581332,
                        0.8463641780228969,
                        9.889134490954126
                    ]
                ]
            },
            "est_tgt": [
                1,
                3,
                4,
                5,
                6,
                7,
                8,
                9,
                10,
                12,
                14
            ],
            "oracle_est_tgt": [
                1,
                2,
                4,
                6,
                7,
                9,
                10,
                11,
                12
            ],
            "intv_base_est_tgt": [
                0,
                1,
                2,
                3,
                4,
                5,
                6,
                7,
                8,
                9,
                10,
                11,
                12,
                13,
                14
            ]
        },
        "10": {
            "intv_type": "do",
            "inode": 10,
            "new_mui": 1.0,
            "new_vari": null,
            "true_params": {
                "Si": [
                    [
                        1.0,
                        0.6961973164291724,
                        0.6045252183048369,
                        0.5078050396776539,
                        1.302873670589442,
                        -0.8774279365833759,
                        2.0848654170919154,
                        -2.0477228367122096,
                        2.1782453714726495,
                        3.7438126668202214,
                        0.0,
                        -4.610472373771783,
                        -1.8943061436390392,
                        -2.7701544546254286,
                        2.6339877897148782
                    ],
                    [
                        0.6961973164291724,
                        1.484690703403181,
                        -0.0806530462453437,
                        1.0829306631310431,
                        1.9224267818434564,
                        0.5751974199394116,
                        1.5689369844428813,
                        -2.3034378161300175,
                        0.5290264494076815,
                        3.374271198899783,
                        0.0,
                        -4.452742094553802,
                        -2.573880421263957,
                        -0.8032251585829151,
                        2.3227532863555087
                    ],
                    [
                        0.6045252183048369,
                        -0.0806530462453437,
                        1.616974936631046,
                        -0.05882818330700514,
                        0.9033101408873083,
                        -2.0120210640360106,
                        1.565178232682014,
                        -0.47878742436812505,
                        3.3741663460474354,
                        2.020873951044341,
                        0.0,
                        -2.963263399543014,
                        -2.31517456700079,
                        -2.6037444653712525,
                        -0.6158285444865952
                    ],
                    [
                        0.5078050396776539,
                        1.0829306631310431,
                        -0.05882818330700514,
                        1.78988763010458,
                        2.0691169603681727,
                        0.4195479381520033,
                        0.8286408215483443,
                        -1.2853440147253823,
                        1.1309987653531377,
                        0.7061620748263433,
                        0.0,
                        -3.4163507093578604,
                        -4.057339032281466,
                        0.8496672485951315,
                        -0.8154766931032393
                    ],
                    [
                        1.302873670589442,
                        1.9224267818434564,
                        0.9033101408873083,
                        2.0691169603681727,
                        4.563739408987888,
                        -0.4930413912013969,
                        3.3857910385807997,
                        -4.463346465066598,
                        2.8322276414165475,
                        6.472414251023147,
                        0.0,
                        -9.787377334394955,
                        -6.552981099700425,
                        -2.423624899346677,
                        2.318206207358136
                    ],
                    [
                        -0.8774279365833759,
                        0.5751974199394116,
                        -2.0120210640360106,
                        0.4195479381520033,
                        -0.4930413912013969,
                        3.962959697243134,
                        -2.900850443859094,
                        0.7064193698363149,
                        -5.578048842212365,
                        -3.1952606771128416,
                        0.0,
                        4.443049760612252,
                        2.2677809017558013,
                        5.693087183162192,
                        -0.7949744250287991
                    ],
                    [
                        2.0848654170919154,
                        1.5689369844428813,
                        1.565178232682014,
                        0.8286408215483443,
                        3.3857910385807997,
                        -2.900850443859094,
                        6.666126967172203,
                        -6.222194315229621,
                        5.607352099705895,
                        11.526639489999715,
                        0.0,
                        -13.80831126893439,
                        -4.823042710671712,
                        -8.858646138365728,
                        8.91760388990691
                    ],
                    [
                        -2.0477228367122096,
                        -2.3034378161300175,
                        -0.47878742436812505,
                        -1.2853440147253823,
                        -4.463346465066598,
                        0.7064193698363149,
                        -6.222194315229621,
                        8.961914353857459,
                        -1.9063451479309268,
                        -14.307038020082363,
                        0.0,
                        15.046682904081143,
                        2.699514905920053,
                        8.775696227456697,
                        -13.034607673452347
                    ],
                    [
                        2.1782453714726495,
                        0.5290264494076815,
                        3.3741663460474354,
                        1.1309987653531377,
                        2.8322276414165475,
                        -5.578048842212365,
                        5.607352099705895,
                        -1.9063451479309268,
                        11.559751250555387,
                        4.7951317815368615,
                        0.0,
                        -10.958206850676163,
                        -10.5796545119236,
                        -6.659325489017068,
                        -0.9869919902356797
                    ],
                    [
                        3.7438126668202214,
                        3.374271198899783,
                        2.020873951044341,
                        0.7061620748263433,
                        6.472414251023147,
                        -3.1952606771128416,
                        11.526639489999715,
                        -14.307038020082363,
                        4.7951317815368615,
                        27.00010457167744,
                        0.0,
                        -25.812530644316706,
                        -1.8598231983447078,
                        -18.431917960235154,
                        23.77044797360759
                    ],
                    [
                        0.0,
                        0.0,
                        0.0,
                        0.0,
                        0.0,
                        0.0,
                        0.0,
                        0.0,
                        0.0,
                        0.0,
                        1e-09,
                        0.0,
                        -5.576677048479113e-10,
                        -9.144363705766856e-11,
                        -1.1299492586070537e-09
                    ],
                    [
