{
    "expt_args": {
        "save_dir": "all_expt_logs/expt_logs_11.05.24-large_nodes_sparse_intv",
        "exp_name": "228",
        "num_nodes": 15,
        "obs_noise_mean": 0.0,
        "obs_noise_var": 1.0,
        "max_edge_strength": 1.0,
        "graph_sparsity_method": "adj_dense_prop",
        "adj_dense_prop": 0.8,
        "num_parents": null,
        "new_noise_mean": 1.0,
        "mix_samples": 16384,
        "stage2_samples": 16384,
        "gmm_tol": 0.001,
        "intv_type": "do",
        "new_noise_var": null,
        "intv_targets": [
            4,
            10,
            7,
            1
        ]
    },
    "intv_args_dict": {
        "4": {
            "intv_type": "do",
            "inode": 4,
            "new_mui": 1.0,
            "new_vari": null,
            "true_params": {
                "Si": [
                    [
                        1.0,
                        -0.7947756844499847,
                        1.7553357603247974,
                        2.8974066328543016,
                        0.0,
                        -1.76255215511755,
                        1.4798208311809584,
                        -2.3277035205960694,
                        1.4188926735381537,
                        -3.6173225769834194,
                        -1.8657807709794032,
                        -8.970336618953823,
                        -5.985088041982029,
                        5.269100520225328,
                        9.424525873646086
                    ],
                    [
                        -0.7947756844499847,
                        1.6316683885929417,
                        -2.3487001253416038,
                        -3.923049979967339,
                        0.0,
                        1.9445685206617904,
                        -2.1315259438562135,
                        2.6788304309849194,
                        -1.8337404055515192,
                        4.566316337312985,
                        2.4452511993168793,
                        10.571579523623232,
                        6.98233994181467,
                        -6.856003636275258,
                        -12.817686210580941
                    ],
                    [
                        1.7553357603247974,
                        -2.3487001253416038,
                        4.99056030096361,
                        7.565355285014524,
                        0.0,
                        -4.3846282048616505,
                        3.974378498221816,
                        -5.3627829045937485,
                        3.9478784776164746,
                        -9.14289170851091,
                        -5.124891504980527,
                        -22.344096672136978,
                        -14.339350572484506,
                        13.883325337424566,
                        23.996514785796922
                    ],
                    [
                        2.8974066328543016,
                        -3.923049979967339,
                        7.565355285014524,
                        12.893221329145414,
                        0.0,
                        -7.535886830890138,
                        5.726332933641371,
                        -8.606512757197248,
                        4.895221208823989,
                        -16.838821666878854,
                        -8.466310965780753,
                        -37.7944463781109,
                        -26.822980379400907,
                        21.118392799041068,
                        42.03415199900669
                    ],
                    [
                        0.0,
                        0.0,
                        0.0,
                        0.0,
                        1e-09,
                        -7.184237405497456e-10,
                        6.138746615920077e-10,
                        -1.8662139998580227e-09,
                        7.23792710324541e-10,
                        6.476770402628865e-10,
                        -1.7065501924327176e-09,
                        -1.175456990237838e-09,
                        -1.4723793822411067e-09,
                        2.0313479090344606e-09,
                        2.2152486462344834e-09
                    ],
                    [
                        -1.76255215511755,
                        1.9445685206617904,
                        -4.3846282048616505,
                        -7.535886830890138,
                        -7.184237405497456e-10,
                        5.68173082072644,
                        -3.0374013422407686,
                        5.7121108449914,
                        -2.392092965087231,
                        10.9687763907224,
                        5.520293453766928,
                        24.709952612792023,
                        19.33906922907925,
                        -13.05312736890039,
                        -27.65061955335952
                    ],
                    [
                        1.4798208311809584,
                        -2.1315259438562135,
                        3.974378498221816,
                        5.726332933641371,
                        6.138746615920077e-10,
                        -3.0374013422407686,
                        4.6159927509588705,
                        -5.416406380939011,
                        5.444020776217063,
                        -4.100744512766412,
                        -3.160768579003123,
                        -14.911915570016502,
                        -6.272817018526542,
                        13.51590968368017,
                        17.999345539304564
                    ],
                    [
                        -2.3277035205960694,
                        2.6788304309849194,
                        -5.3627829045937485,
                        -8.606512757197248,
                        -1.8662139998580227e-09,
                        5.7121108449914,
                        -5.416406380939011,
                        8.85564761511338,
                        -6.6809163108521945,
                        8.433065386410501,
                        5.260267362785788,
                        25.928587742714477,
                        16.24499793753091,
                        -18.715014563645003,
                        -30.62303257343655
                    ],
                    [
                        1.4188926735381537,
                        -1.8337404055515192,
                        3.9478784776164746,
                        4.895221208823989,
                        7.23792710324541e-10,
                        -2.392092965087231,
                        5.444020776217063,
                        -6.6809163108521945,
                        9.154345264983606,
                        0.3322161363269754,
                        -1.1684335078925903,
                        -11.294942925652668,
                        0.11290297902183455,
                        15.06983212152403,
                        14.15107309954519
                    ],
                    [
                        -3.6173225769834194,
                        4.566316337312985,
                        -9.14289170851091,
                        -16.838821666878854,
                        6.476770402628865e-10,
                        10.9687763907224,
                        -4.100744512766412,
                        8.433065386410501,
                        0.3322161363269754,
                        30.096997880374648,
                        13.992483178537377,
                        55.82752922358162,
                        48.79508843321374,
                        -21.658680005989343,
                        -58.77163409887549
                    ],
                    [
                        -1.8657807709794032,
                        2.4452511993168793,
                        -5.124891504980527,
                        -8.466310965780753,
                        -1.7065501924327176e-09,
                        5.520293453766928,
                        -3.160768579003123,
                        5.260267362785788,
                        -1.1684335078925903,
                        13.992483178537377,
                        8.658034405547472,
                        28.879382064502,
                        23.659177487955628,
                        -14.262878798948002,
                        -29.714257202375244
                    ],
                    [
                        -8.970336618953823,
                        10.571579523623232,
                        -22.344096672136978,
                        -37.7944463781109,
                        -1.175456990237838e-09,
                        24.709952612792023,
                        -14.911915570016502,
                        25.928587742714477,
                        -11.294942925652668,
                        55.82752922358162,
                        28.879382064502,
                        122.57162725378987,
                        94.65379579282711,
                        -62.37380098272703,
                        -130.66628998818828
                    ],
                    [
                        -5.985088041982029,
                        6.98233994181467,
                        -14.339350572484506,
                        -26.822980379400907,
                        -1.4723793822411067e-09,
                        19.33906922907925,
                        -6.272817018526542,
                        16.24499793753091,
                        0.11290297902183455,
                        48.79508843321374,
                        23.659177487955628,
                        94.65379579282711,
                        86.326432714629,
                        -36.447053088626305,
                        -100.29318232652149
                    ],
                    [
                        5.269100520225328,
                        -6.856003636275258,
                        13.883325337424566,
                        21.118392799041068,
                        2.0313479090344606e-09,
                        -13.05312736890039,
                        13.51590968368017,
                        -18.715014563645003,
                        15.06983212152403,
                        -21.658680005989343,
                        -14.262878798948002,
                        -62.37380098272703,
                        -36.447053088626305,
                        46.849625959209696,
                        71.44406998454154
                    ],
                    [
                        9.424525873646086,
                        -12.817686210580941,
                        23.996514785796922,
                        42.03415199900669,
                        2.2152486462344834e-09,
                        -27.65061955335952,
                        17.999345539304556,
                        -30.62303257343655,
                        14.15107309954519,
                        -58.77163409887548,
                        -29.714257202375244,
                        -130.66628998818828,
                        -100.29318232652149,
                        71.44406998454154,
                        150.68339129234252
                    ]
                ],
                "mui": [
                    0.0,
                    0.0,
                    0.0,
                    0.0,
                    1.0,
                    -0.7184237405497456,
                    0.6138746615920077,
                    -1.8662139998580227,
                    0.723792710324541,
                    0.6476770402628864,
                    -1.7065501924327175,
                    -1.175456990237838,
                    -1.4723793822411066,
                    2.0313479090344604,
                    2.215248646234483
                ],
                "Ai": [
                    [
                        0.0,
                        0.0,
                        0.0,
                        0.0,
                        0.0,
                        0.0,
                        0.0,
                        0.0,
                        0.0,
                        0.0,
                        0.0,
                        0.0,
                        0.0,
                        0.0,
                        0.0
                    ],
                    [
                        -0.7947756844499847,
                        0.0,
                        0.0,
                        0.0,
                        0.0,
                        0.0,
                        0.0,
                        0.0,
                        0.0,
                        0.0,
                        0.0,
                        0.0,
                        0.0,
                        0.0,
                        0.0
                    ],
                    [
                        0.99743612180259,
                        -0.9536019449899289,
                        0.0,
                        0.0,
                        0.0,
                        0.0,
                        0.0,
                        0.0,
                        0.0,
                        0.0,
                        0.0,
                        0.0,
                        0.0,
                        0.0,
                        0.0
                    ],
                    [
                        0.6777084775388369,
                        -0.729264465207347,
                        0.9343491586656728,
                        0.0,
                        0.0,
                        0.0,
                        0.0,
                        0.0,
                        0.0,
                        0.0,
                        0.0,
                        0.0,
                        0.0,
                        0.0,
                        0.0
                    ],
                    [
                        0.0,
                        0.0,
                        0.0,
                        0.0,
                        0.0,
                        0.0,
                        0.0,
                        0.0,
                        0.0,
                        0.0,
                        0.0,
                        0.0,
                        0.0,
                        0.0,
                        0.0
                    ],
                    [
                        -0.0,
                        -0.7954305962157264,
                        -0.0,
                        -0.8265118967089025,
                        -0.7184237405497456,
                        0.0,
                        0.0,
                        0.0,
                        0.0,
                        0.0,
                        0.0,
                        0.0,
                        0.0,
                        0.0,
                        0.0
                    ],
                    [
                        0.6249449579321814,
                        -0.9083381014617038,
                        0.9744378895719489,
                        -0.5444575224429131,
                        0.6138746615920077,
                        -0.0,
                        0.0,
                        0.0,
                        0.0,
                        0.0,
                        0.0,
                        0.0,
                        0.0,
                        0.0,
                        0.0
                    ],
                    [
                        -0.5220153328186041,
                        0.0,
                        0.5373090651597868,
                        0.0,
                        -0.7352010050779518,
                        0.7295493475293702,
                        -0.9886178100892898,
                        0.0,
                        0.0,
                        0.0,
                        0.0,
                        0.0,
                        0.0,
                        0.0,
                        0.0
                    ],
                    [
                        -0.7402062452391314,
                        0.953425750195283,
                        0.640386185819148,
                        -0.0,
                        -0.8724723995161001,
                        0.8768394827691549,
                        0.7862884994093585,
                        -0.9342577135084174,
                        0.0,
                        0.0,
                        0.0,
                        0.0,
                        0.0,
                        0.0,
                        0.0
                    ],
                    [
                        -0.5100096221583466,
                        0.5252665643131544,
                        -0.9160209672221138,
                        -0.8342395651425262,
                        0.0,
                        0.5582901063886148,
                        0.9524755286785844,
                        0.0,
                        0.6411577615311902,
                        0.0,
                        0.0,
                        0.0,
                        0.0,
                        0.0,
                        0.0
                    ],
                    [
                        0.8717358868884362,
                        -0.7303680812188942,
                        -0.8730996449964754,
                        0.6536244731113037,
                        -0.9899325098779904,
                        -0.6703122948365707,
                        -0.8999919250144828,
                        0.7850553701140116,
                        0.5263916558269146,
                        0.6768484005322698,
                        0.0,
                        0.0,
                        0.0,
                        0.0,
                        0.0
                    ],
                    [
                        -0.8602953638048425,
                        -0.0,
                        -0.7466620607757577,
                        -0.0,
                        0.6739508266806732,
                        0.6447060300826922,
                        0.7322930864082395,
                        0.5809389510464519,
                        -0.5851864013416835,
                        0.9722708803007181,
                        0.5612371351236354,
                        0.0,
                        0.0,
                        0.0,
                        0.0
                    ],
                    [
                        0.8380587723264474,
                        0.6960561617598746,
                        0.5969527173129572,
                        0.7916011760928576,
                        0.0,
                        -0.0,
                        0.8400542208766701,
                        0.9360670527380954,
                        0.5315120685055572,
                        0.5436390396643251,
                        -0.0,
                        0.8319938858776508,
                        0.0,
                        0.0,
                        0.0
                    ],
                    [
                        -0.5041773386137951,
                        -0.8661818478156851,
                        -0.5734940914830471,
                        -0.5712358059041754,
                        -0.9388853351149047,
                        -0.8024680388691185,
                        0.6381211024766229,
                        -0.5911852579427342,
                        -0.0,
                        -0.0,
                        -0.5977537798731223,
                        -0.808632041615712,
                        0.7280001700461105,
                        0.0,
                        0.0
                    ],
                    [
                        -0.7931719453883541,
                        -0.8391470416430437,
                        -0.8104872220139767,
                        0.8781143857876217,
                        -0.0,
                        -0.8750451978670702,
                        0.6826560541076583,
                        -0.6723620346198558,
                        -0.0,
                        -0.9129033522726543,
                        0.6862190875669427,
                        0.5941882801645568,
                        -0.6754929276876009,
                        0.6788366801986232,
                        0.0
                    ]
                ]
            },
            "est_params": {
                "mui": [
                    -0.01639210857170775,
                    -0.004140377957889641,
                    0.0030250827331262707,
                    -0.017417137716375274,
                    0.9999984921370778,
                    -0.7155130847493509,
                    0.6049393851985552,
                    -1.8304593260512485,
                    0.7103442975640186,
                    0.6608866058391325,
                    -1.7190225045298158,
                    -1.14963204874891,
                    -1.449187702678406,
                    2.0221105846424194,
                    2.1683669705311215
                ],
                "Si": [
                    [
                        0.9531084276657269,
                        -0.7450497948347441,
                        1.6502872286331434,
                        2.7033969785324277,
                        8.378362471543665e-07,
                        -1.69001255753322,
                        1.4129151148775845,
                        -2.247752663676949,
                        1.3740320412272364,
                        -3.37086732365436,
                        -1.7514514698634127,
                        -8.462081077690481,
                        -5.654474999660313,
                        5.021434763165982,
                        8.96530316941121
                    ],
                    [
                        -0.7450497948347441,
                        1.5531937258193238,
                        -2.194872382858797,
                        -3.633027085210461,
                        9.962004127124726e-07,
                        1.8233199177222141,
                        -2.052585651728123,
                        2.57075634298671,
                        -1.8336365296586916,
                        4.125862272040229,
                        2.199879936527045,
                        9.747422302505784,
                        6.344796009557279,
                        -6.495729944922901,
                        -12.007258633232391
                    ],
                    [
                        1.6502872286331434,
                        -2.194872382858797,
                        4.730241026750342,
                        7.071008421491672,
                        1.4036164432263478e-06,
                        -4.19445998305632,
                        3.8257562002479504,
                        -5.18006208823473,
                        3.947187130700139,
                        -8.399671487218784,
                        -4.7365334917688475,
                        -20.9552172738985,
                        -13.28467049082988,
                        13.286334230831184,
                        22.666510750184248
                    ],
                    [
                        2.7033969785324277,
                        -3.633027085210461,
                        7.071008421491673,
                        11.962998322208652,
                        8.931716382943316e-07,
                        -7.147877637166474,
                        5.416937820079332,
                        -8.238321505125517,
                        4.845100818865808,
                        -15.44529019080502,
                        -7.730723846717966,
                        -35.15540306983121,
                        -24.84765370881808,
                        19.896081691769233,
                        39.387934171180234
                    ],
                    [
                        8.378362471543666e-07,
                        9.962004127124726e-07,
                        1.4036164432263482e-06,
                        8.931716382943317e-07,
                        1.0092010037055644e-06,
                        -2.728099061993184e-06,
                        -7.123506110398269e-07,
                        -1.774894596783684e-06,
                        -1.7713354342227005e-07,
                        -2.7649674164659056e-06,
                        -1.1557494767227354e-06,
                        -1.0394715331044147e-05,
                        -8.356396606294057e-06,
                        6.463274062162942e-06,
                        8.2418713212334e-06
                    ],
                    [
                        -1.69001255753322,
                        1.8233199177222141,
                        -4.19445998305632,
                        -7.147877637166474,
                        -2.728099061993184e-06,
                        5.537285147722138,
                        -2.926517858234567,
                        5.572260021860227,
                        -2.3741885992740124,
                        10.406376757782358,
                        5.217635090485546,
                        23.680800157984088,
                        18.570387333612334,
                        -12.58608929076106,
                        -26.612640460249104
                    ],
                    [
                        1.4129151148775845,
                        -2.052585651728124,
                        3.8257562002479504,
                        5.416937820079332,
                        -7.123506110398276e-07,
                        -2.926517858234567,
                        4.57765176104909,
                        -5.358392615666779,
                        5.539457782730665,
                        -3.5621094185282214,
                        -2.930007165697391,
                        -14.031301763510475,
                        -5.5037823261904295,
                        13.309039213257098,
                        17.23634831397309
                    ],
                    [
                        -2.2477526636769487,
                        2.57075634298671,
                        -5.180062088234732,
                        -8.238321505125517,
                        -1.7748945967836842e-06,
                        5.572260021860228,
                        -5.358392615666779,
                        8.768388635276168,
                        -6.782437157623419,
                        7.830482655434639,
                        4.978958052444628,
                        24.91783351009086,
                        15.378042834283717,
                        -18.404920864415562,
                        -29.701332911170976
                    ],
                    [
                        1.3740320412272364,
                        -1.8336365296586918,
                        3.947187130700139,
                        4.845100818865808,
                        -1.7713354342227018e-07,
                        -2.3741885992740124,
                        5.539457782730665,
                        -6.782437157623419,
                        9.461609937379169,
                        0.6076105917979366,
                        -1.1304244909120682,
                        -11.084743462464758,
                        0.5119387006233698,
                        15.3266039858332,
                        14.130210134864397
                    ],
                    [
                        -3.37086732365436,
                        4.125862272040229,
                        -8.399671487218782,
                        -15.445290190805023,
                        -2.7649674164659064e-06,
                        10.406376757782358,
                        -3.5621094185282214,
                        7.830482655434639,
                        0.6076105917979366,
                        28.198279178006867,
                        12.875303079489763,
                        52.04920860156432,
                        46.17638540346739,
                        -19.60146002119412,
                        -54.81017751836469
                    ],
                    [
                        -1.7514514698634127,
                        2.199879936527045,
                        -4.7365334917688475,
                        -7.730723846717966,
                        -1.1557494767227354e-06,
                        5.217635090485546,
                        -2.930007165697391,
                        4.978958052444628,
                        -1.1304244909120682,
                        12.875303079489763,
                        8.03779901101279,
                        26.848150934741298,
                        22.055287713332085,
                        -13.331499953538248,
                        -27.553675208881966
                    ],
                    [
                        -8.462081077690481,
                        9.747422302505784,
                        -20.9552172738985,
                        -35.15540306983121,
                        -1.0394715331044147e-05,
                        23.680800157984088,
                        -14.031301763510475,
                        24.91783351009086,
                        -11.08474346246476,
                        52.04920860156432,
                        26.848150934741298,
                        115.45548174553066,
                        89.46011848931737,
                        -58.93619375739042,
                        -123.42942028447334
                    ],
                    [
                        -5.654474999660313,
                        6.34479600955728,
                        -13.28467049082988,
                        -24.84765370881808,
                        -8.356396606294055e-06,
                        18.570387333612334,
                        -5.50378232619043,
                        15.378042834283717,
                        0.5119387006233695,
                        46.17638540346739,
                        22.055287713332085,
                        89.46011848931735,
                        82.7056013518174,
                        -33.52676231827597,
                        -94.71297703829057
                    ],
                    [
                        5.021434763165982,
                        -6.4957299449229,
                        13.286334230831184,
                        19.896081691769233,
                        6.463274062162942e-06,
                        -12.586089290761059,
                        13.309039213257098,
                        -18.40492086441556,
                        15.3266039858332,
                        -19.601460021194118,
                        -13.331499953538247,
                        -58.93619375739043,
                        -33.52676231827597,
                        45.77962101582711,
                        68.17592755026854
                    ],
                    [
                        8.965303169411209,
                        -12.007258633232388,
                        22.666510750184248,
                        39.387934171180234,
                        8.241871321233397e-06,
                        -26.612640460249104,
                        17.236348313973092,
                        -29.701332911170972,
                        14.130210134864395,
                        -54.810177518364696,
                        -27.553675208881963,
                        -123.42942028447334,
                        -94.71297703829057,
                        68.17592755026854,
                        143.28398655239548
                    ]
                ]
            },
            "est_tgt": [
                0,
                1,
                3,
                4,
                5,
                6,
                8,
                9,
                10,
                11,
                12,
                14
            ],
            "oracle_est_tgt": [
                0,
                2,
                3,
                4,
                5,
                6,
                7,
                10,
                11,
                12,
                13,
                14
            ],
            "intv_base_est_tgt": [
                0,
                1,
                4,
                5,
                6,
                7,
                8,
                9,
                10,
                11,
                12,
                13,
                14
            ]
        },
        "10": {
            "intv_type": "do",
            "inode": 10,
            "new_mui": 1.0,
            "new_vari": null,
            "true_params": {
                "Si": [
                    [
                        1.0,
                        -0.7947756844499847,
                        1.7553357603247974,
                        2.8974066328543016,
                        1.2503363470496576,
                        -2.6608234705102696,
                        2.2473706331022543,
                        -4.66109871599148,
                        2.323877006986514,
                        -2.807508432393187,
                        0.0,
                        -8.195361441130952,
                        -5.95848766600855,
                        4.962688456854796,
                        13.078974120133998
                    ],
                    [
                        -0.7947756844499847,
                        1.6316683885929417,
                        -2.3487001253416038,
                        -3.923049979967339,
                        -2.568295389953123,
                        3.7896929015485803,
                        -3.708137407232001,
                        7.471819243486258,
                        -3.692653886759717,
                        2.90289038062733,
                        0.0,
                        9.75827424903401,
                        7.575456483822675,
                        -7.213823679208909,
                        -20.017395286458992
                    ],
                    [
                        1.7553357603247974,
                        -2.3487001253416038,
                        4.99056030096361,
                        7.565355285014524,
                        3.7345786359916646,
                        -7.067638157907949,
                        6.266941694579941,
                        -12.33230583865207,
                        6.650939270481014,
                        -6.724090870922817,
                        0.0,
                        -20.280751544641824,
                        -14.469059446303124,
                        13.286887792669965,
                        34.81276074283239
                    ],
                    [
                        2.8974066328543016,
                        -3.923049979967339,
                        7.565355285014524,
                        12.893221329145414,
                        7.0628889384673785,
                        -12.610033921151292,
                        10.062061490604968,
                        -21.78737497360744,
                        10.007288736318522,
                        -12.264350663506821,
                        0.0,
                        -34.58027132794783,
                        -27.640743553009774,
                        20.86285608800411,
                        62.21882769491395
                    ],
                    [
                        1.2503363470496576,
                        -2.568295389953123,
                        3.7345786359916646,
                        7.0628889384673785,
                        5.771922792203826,
                        -7.941347362027891,
                        6.451181016879011,
                        -15.060952462598582,
                        6.161557047119385,
                        -5.638270484621363,
                        0.0,
                        -18.2068934070556,
                        -16.5364499883334,
                        12.075976329643698,
                        39.514774219600156
                    ],
                    [
                        -2.6608234705102696,
                        3.7896929015485803,
                        -7.067638157907949,
                        -12.610033921151292,
                        -7.941347362027891,
                        14.113157846413992,
                        -10.001529175826862,
                        23.613906130033293,
                        -9.565249795552003,
                        12.561728958030901,
                        0.0,
                        35.51803628111859,
                        31.20491146065752,
                        -20.900049563706244,
                        -67.0984510926608
                    ],
                    [
                        2.2473706331022543,
                        -3.708137407232001,
                        6.266941694579941,
                        10.062061490604968,
                        6.451181016879011,
                        -10.001529175826862,
                        10.361322370905638,
                        -20.08878902970359,
                        11.33119309525446,
                        -5.6785274224420395,
                        0.0,
                        -24.9477197817543,
                        -16.91257022103974,
                        21.05511834368307,
                        50.49504678570843
                    ],
                    [
                        -4.66109871599148,
                        7.471819243486258,
                        -12.33230583865207,
                        -21.78737497360744,
                        -15.060952462598582,
                        23.613906130033293,
                        -20.08878902970359,
                        44.96737709170857,
                        -21.284271165600373,
                        16.177197521809315,
                        0.0,
                        57.88797650238969,
                        47.546775796234016,
                        -41.01174054837151,
                        -116.65050437162178
                    ],
                    [
                        2.323877006986514,
                        -3.692653886759717,
                        6.650939270481014,
                        10.007288736318522,
                        6.161557047119385,
                        -9.565249795552003,
                        11.33119309525446,
                        -21.284271165600373,
                        15.049954238910763,
                        -2.4638085027590964,
                        0.0,
                        -24.249038017464002,
                        -12.650601117534185,
                        24.599409437410863,
                        48.15365564994079
                    ],
                    [
                        -2.807508432393187,
                        2.90289038062733,
                        -6.724090870922817,
                        -12.264350663506821,
                        -5.638270484621363,
                        12.561728958030901,
                        -5.6785274224420395,
                        16.177197521809315,
                        -2.4638085027590964,
                        20.37220300229969,
                        0.0,
                        38.22332015289739,
                        37.88509920378184,
                        -11.53913435139889,
                        -60.584630917233945
                    ],
                    [
                        0.0,
                        0.0,
                        0.0,
                        0.0,
                        0.0,
                        0.0,
                        0.0,
                        0.0,
