{
    "expt_args": {
        "save_dir": "all_expt_logs/expt_logs_11.05.24-large_nodes_sparse_intv",
        "exp_name": "20",
        "num_nodes": 20,
        "obs_noise_mean": 0.0,
        "obs_noise_var": 1.0,
        "max_edge_strength": 1.0,
        "graph_sparsity_method": "adj_dense_prop",
        "adj_dense_prop": 0.8,
        "num_parents": null,
        "new_noise_mean": 1.0,
        "mix_samples": 16384,
        "stage2_samples": 16384,
        "gmm_tol": 0.001,
        "intv_type": "do",
        "new_noise_var": null,
        "intv_targets": [
            2,
            15,
            4,
            13
        ]
    },
    "intv_args_dict": {
        "2": {
            "intv_type": "do",
            "inode": 2,
            "new_mui": 1.0,
            "new_vari": null,
            "true_params": {
                "Si": [
                    [
                        1.0,
                        -0.5363166786896199,
                        0.0,
                        -0.3889631417374438,
                        0.24582147815554342,
                        0.09140170454113668,
                        -0.2722472865198876,
                        -0.8356352714185861,
                        0.42175435685274926,
                        -0.5469333887747174,
                        0.2851775295477663,
                        -0.2308549685570636,
                        1.5288019400917625,
                        0.9584013589995612,
                        3.968329861908229,
                        1.8950702866644118,
                        4.332325295774329,
                        -0.4676772029795573,
                        -9.099572302091325,
                        -10.593171766884005
                    ],
                    [
                        -0.5363166786896199,
                        1.287635579840665,
                        0.0,
                        0.9338564330526641,
                        -0.5901895170134838,
                        0.9917924511304941,
                        -0.161513524946984,
                        1.7128949011298737,
                        -0.008171313817293663,
                        2.7671358357226867,
                        -0.6813005669277569,
                        -0.8829333730385829,
                        -1.421616099278809,
                        -0.059632033315928035,
                        -4.727200005172775,
                        -1.6494136710905956,
                        -8.200245839140429,
                        2.038243903057185,
                        16.713152767783164,
                        23.14656763385655
                    ],
                    [
                        0.0,
                        0.0,
                        1e-09,
                        7.372425831141787e-10,
                        -1.3586116945631263e-09,
                        2.3665467210041726e-10,
                        -1.2364727055869669e-09,
                        2.2768316822569614e-09,
                        -1.1442603110450557e-09,
                        1.633868037889259e-10,
                        -2.817118403146898e-10,
                        -1.6145762915736746e-09,
                        1.6662885623082013e-10,
                        2.054122132671926e-09,
                        1.717965772361142e-09,
                        3.234585697767767e-09,
                        4.925065373597509e-09,
                        1.7727851916029744e-09,
                        5.702528131925418e-10,
                        1.134181301777045e-09
                    ],
                    [
                        -0.3889631417374438,
                        0.9338564330526641,
                        7.372425831141787e-10,
                        1.6772784566590055,
                        -1.0600260680449434,
                        0.8939794251204477,
                        -0.7357863961465031,
                        1.9561732431899026,
                        0.26380918933808567,
                        3.3070811300921976,
                        -0.4797237061423275,
                        -1.634929373242414,
                        0.6322795584765988,
                        1.5893155234011964,
                        -1.8852532402811792,
                        -0.5610670373914672,
                        -6.263266542488262,
                        1.4970621893523406,
                        14.385659976653102,
                        18.920998187250433
                    ],
                    [
                        0.24582147815554342,
                        -0.5901895170134838,
                        -1.3586116945631263e-09,
                        -1.0600260680449434,
                        1.6699276806485877,
                        0.10084341248943518,
                        0.8097879047093144,
                        -1.5959412803079043,
                        1.1393647978180528,
                        -0.46071145614576703,
                        -0.046586823660846266,
                        1.3336333593734853,
                        -0.188229018979749,
                        -1.6582614514422596,
                        -1.688211126456283,
                        -1.6491050452726705,
                        -2.7824782033230004,
                        -1.020847337959907,
                        -3.0922802253270056,
                        -2.917725930653617
                    ],
                    [
                        0.09140170454113668,
                        0.9917924511304941,
                        2.3665467210041726e-10,
                        0.8939794251204477,
                        0.10084341248943518,
                        2.5654904034024937,
                        -0.8964512747840353,
                        1.942353454537012,
                        1.9270135047370702,
                        5.788681911993694,
                        -2.0335066030860998,
                        -1.7433831823461945,
                        -0.28591964031911893,
                        2.0639432582415473,
                        -4.323297185308367,
                        -1.3006150445180644,
                        -10.41204718876986,
                        3.0713307294252963,
                        17.122723793807157,
                        27.283245463661757
                    ],
                    [
                        -0.2722472865198876,
                        -0.161513524946984,
                        -1.2364727055869669e-09,
                        -0.7357863961465031,
                        0.8097879047093144,
                        -0.8964512747840353,
                        2.123200288067607,
                        -1.2770207692310884,
                        -1.270212340210418,
                        -3.2535383730165894,
                        1.3823147577301542,
                        2.1773885276535614,
                        -2.921079132048531,
                        -5.012660775340996,
                        -6.046880879969949,
                        -3.7780334032147245,
                        -6.2088796011062515,
                        -0.1541494021910359,
                        6.275272594832916,
                        7.438257930839681
                    ],
                    [
                        -0.8356352714185861,
                        1.7128949011298737,
                        2.2768316822569614e-09,
                        1.9561732431899026,
                        -1.5959412803079043,
                        1.942353454537012,
                        -1.2770207692310884,
                        4.60456363059184,
                        -0.5636526026157544,
                        5.790740378321908,
                        -2.0951176519346792,
                        -2.667686020998293,
                        -2.574071454066594,
                        1.5746814678772205,
                        -7.060103771810352,
                        -2.361750663363699,
                        -10.511510843545167,
                        3.9303673126366525,
                        27.540183758131878,
                        37.35495183314942
                    ],
                    [
                        0.42175435685274926,
                        -0.008171313817293663,
                        -1.1442603110450557e-09,
                        0.26380918933808567,
                        1.1393647978180528,
                        1.9270135047370702,
                        -1.270212340210418,
                        -0.5636526026157544,
                        4.9863573895811,
                        5.564836746407796,
                        -1.1988628551250091,
                        -0.4029260741448679,
                        4.934112696292687,
                        4.2724888546222335,
                        2.226071761821309,
                        3.046495543758462,
                        -5.09064127379717,
                        0.5830251229831072,
                        0.8119078560925304,
                        7.0844027305528545
                    ],
                    [
                        -0.5469333887747174,
                        2.7671358357226867,
                        1.633868037889259e-10,
                        3.3070811300921976,
                        -0.46071145614576703,
                        5.788681911993694,
                        -3.2535383730165894,
                        5.790740378321908,
                        5.564836746407796,
                        17.18143658403994,
                        -5.488308336088107,
                        -5.906144753405599,
                        2.8062995360153584,
                        8.485117152641344,
                        -6.3877381576897445,
                        -2.2575710733441845,
                        -23.42119622035634,
                        5.47610599878667,
                        41.13728820187558,
                        61.530170538135565
                    ],
                    [
                        0.2851775295477663,
                        -0.6813005669277569,
                        -2.817118403146898e-10,
                        -0.4797237061423275,
                        -0.046586823660846266,
                        -2.0335066030860998,
                        1.3823147577301542,
                        -2.0951176519346792,
                        -1.1988628551250091,
                        -5.488308336088107,
                        4.055992698174697,
                        3.5057733993842315,
                        0.6422547276321688,
                        -4.649242330117834,
                        -1.3377553127527957,
                        1.8049543278862688,
                        -0.7961630648142966,
                        -0.9187206501499607,
                        -0.46170124153505565,
                        -0.188977885922899
                    ],
                    [
                        -0.2308549685570636,
                        -0.8829333730385829,
                        -1.6145762915736746e-09,
                        -1.634929373242414,
                        1.3336333593734853,
                        -1.7433831823461945,
                        2.1773885276535614,
                        -2.667686020998293,
                        -0.4029260741448679,
                        -5.906144753405599,
                        3.5057733993842315,
                        6.531569407645118,
                        -2.6121897231664484,
                        -8.57137779240312,
                        -9.784542322031802,
                        -0.6599660837241075,
                        -8.909772255163702,
                        0.36215933164290354,
                        8.116470642793733,
                        14.54907300360108
                    ],
                    [
                        1.5288019400917625,
                        -1.421616099278809,
                        1.6662885623082013e-10,
                        0.6322795584765988,
                        -0.188229018979749,
                        -0.28591964031911893,
                        -2.921079132048531,
                        -2.574071454066594,
                        4.934112696292687,
                        2.8062995360153584,
                        0.6422547276321688,
                        -2.6121897231664484,
                        14.499244556442138,
                        11.732400110638054,
                        24.42325758891393,
                        12.053443123808067,
                        21.681027149336693,
                        -4.825990843967262,
                        -40.65348762244221,
                        -53.78997941922777
                    ],
                    [
                        0.9584013589995612,
                        -0.059632033315928035,
                        2.054122132671926e-09,
                        1.5893155234011964,
                        -1.6582614514422596,
                        2.0639432582415473,
                        -5.012660775340996,
                        1.5746814678772205,
                        4.2724888546222335,
                        8.485117152641344,
                        -4.649242330117834,
                        -8.57137779240312,
                        11.732400110638054,
                        19.657676892027776,
                        28.53147875153527,
                        11.800071595734288,
                        30.92949099229837,
                        -2.000074656612108,
                        -44.13141102485827,
                        -59.3753139724598
                    ],
                    [
                        3.968329861908229,
                        -4.727200005172775,
                        1.717965772361142e-09,
                        -1.8852532402811792,
                        -1.688211126456283,
                        -4.323297185308367,
                        -6.046880879969949,
                        -7.060103771810352,
                        2.226071761821309,
                        -6.3877381576897445,
                        -1.3377553127527957,
                        -9.784542322031802,
                        24.42325758891393,
                        28.53147875153527,
                        75.09636222969503,
                        27.336028349519925,
                        99.88278092459858,
                        -16.219478362791726,
                        -162.48535198505144,
                        -229.99440075976224
                    ],
                    [
                        1.8950702866644118,
                        -1.6494136710905956,
                        3.234585697767767e-09,
                        -0.5610670373914672,
                        -1.6491050452726705,
                        -1.3006150445180644,
                        -3.7780334032147245,
                        -2.361750663363699,
                        3.046495543758462,
                        -2.2575710733441845,
                        1.8049543278862688,
                        -0.6599660837241075,
                        12.053443123808067,
                        11.800071595734288,
                        27.336028349519925,
                        20.721371862188143,
                        37.04731475279441,
                        -2.039522415198596,
                        -55.175209576841205,
                        -67.47408090321255
                    ],
                    [
                        4.332325295774329,
                        -8.200245839140429,
                        4.925065373597509e-09,
                        -6.263266542488262,
                        -2.7824782033230004,
                        -10.41204718876986,
                        -6.2088796011062515,
                        -10.511510843545167,
                        -5.09064127379717,
                        -23.42119622035634,
                        -0.7961630648142966,
                        -8.909772255163702,
                        21.681027149336693,
                        30.92949099229837,
                        99.88278092459858,
                        37.04731475279441,
                        162.2995135442909,
                        -24.19595530171214,
                        -252.53727255331052,
                        -362.1682787769983
                    ],
                    [
                        -0.4676772029795573,
                        2.038243903057185,
                        1.7727851916029744e-09,
                        1.4970621893523406,
                        -1.020847337959907,
                        3.0713307294252963,
                        -0.1541494021910359,
                        3.9303673126366525,
                        0.5830251229831072,
                        5.47610599878667,
                        -0.9187206501499607,
                        0.36215933164290354,
                        -4.825990843967262,
                        -2.000074656612108,
                        -16.219478362791726,
                        -2.039522415198596,
                        -24.19595530171214,
                        10.179382560894966,
                        47.441036564240804,
                        74.4360599292736
                    ],
                    [
                        -9.099572302091325,
                        16.713152767783164,
                        5.702528131925418e-10,
                        14.385659976653102,
                        -3.0922802253270056,
                        17.122723793807157,
                        6.275272594832916,
                        27.540183758131878,
                        0.8119078560925304,
                        41.13728820187558,
                        -0.46170124153505565,
                        8.116470642793733,
                        -40.65348762244221,
                        -44.13141102485827,
                        -162.48535198505144,
                        -55.175209576841205,
                        -252.53727255331052,
                        47.441036564240804,
                        437.6200298958618,
                        619.8125932938182
                    ],
                    [
                        -10.593171766884005,
                        23.14656763385655,
                        1.134181301777045e-09,
                        18.920998187250433,
                        -2.917725930653617,
                        27.283245463661757,
                        7.438257930839681,
                        37.35495183314942,
                        7.0844027305528545,
                        61.530170538135565,
                        -0.188977885922899,
                        14.54907300360108,
                        -53.78997941922777,
                        -59.3753139724598,
                        -229.99440075976224,
                        -67.47408090321255,
                        -362.1682787769983,
                        74.4360599292736,
                        619.8125932938182,
                        901.2046113557855
                    ]
                ],
                "mui": [
                    0.0,
                    0.0,
                    1.0,
                    0.7372425831141787,
                    -1.3586116945631264,
                    0.23665467210041724,
                    -1.2364727055869669,
                    2.276831682256961,
                    -1.1442603110450555,
                    0.1633868037889259,
                    -0.28171184031468977,
                    -1.6145762915736745,
                    0.16662885623082013,
                    2.054122132671926,
                    1.717965772361142,
                    3.2345856977677667,
                    4.9250653735975085,
                    1.7727851916029742,
                    0.5702528131925417,
                    1.134181301777045
                ],
                "Ai": [
                    [
                        0.0,
                        0.0,
                        0.0,
                        0.0,
                        0.0,
                        0.0,
                        0.0,
                        0.0,
                        0.0,
                        0.0,
                        0.0,
                        0.0,
                        0.0,
                        0.0,
                        0.0,
                        0.0,
                        0.0,
                        0.0,
                        0.0,
                        0.0
                    ],
                    [
                        -0.5363166786896199,
                        0.0,
                        0.0,
                        0.0,
                        0.0,
                        0.0,
                        0.0,
                        0.0,
                        0.0,
                        0.0,
                        0.0,
                        0.0,
                        0.0,
                        0.0,
                        0.0,
                        0.0,
                        0.0,
                        0.0,
                        0.0,
                        0.0
                    ],
                    [
                        0.0,
                        0.0,
                        0.0,
                        0.0,
                        0.0,
                        0.0,
                        0.0,
                        0.0,
                        0.0,
                        0.0,
                        0.0,
                        0.0,
                        0.0,
                        0.0,
                        0.0,
                        0.0,
                        0.0,
                        0.0,
                        0.0,
                        0.0
                    ],
                    [
                        0.0,
                        0.7252490127433584,
                        0.7372425831141787,
                        0.0,
                        0.0,
                        0.0,
                        0.0,
                        0.0,
                        0.0,
                        0.0,
                        0.0,
                        0.0,
                        0.0,
                        0.0,
                        0.0,
                        0.0,
                        0.0,
                        0.0,
                        0.0,
                        0.0
                    ],
                    [
                        -0.0,
                        0.0,
                        -0.8926804993069146,
                        -0.6319917024978083,
                        0.0,
                        0.0,
                        0.0,
                        0.0,
                        0.0,
                        0.0,
                        0.0,
                        0.0,
                        0.0,
                        0.0,
                        0.0,
                        0.0,
                        0.0,
                        0.0,
                        0.0,
                        0.0
                    ],
                    [
                        0.6496069201649954,
                        0.9141240879961987,
                        0.7022453203776657,
                        0.5954825908620816,
                        0.665830991580576,
                        0.0,
                        0.0,
                        0.0,
                        0.0,
                        0.0,
                        0.0,
                        0.0,
                        0.0,
                        0.0,
                        0.0,
                        0.0,
                        0.0,
                        0.0,
                        0.0,
                        0.0
                    ],
                    [
                        -0.0,
                        0.7563447783022241,
                        -0.0,
                        -0.0,
                        0.7928733024022512,
                        -0.6729880429692201,
                        0.0,
                        0.0,
                        0.0,
                        0.0,
                        0.0,
                        0.0,
                        0.0,
                        0.0,
                        0.0,
                        0.0,
                        0.0,
                        0.0,
                        0.0,
                        0.0
                    ],
                    [
                        -0.688165555269356,
                        -0.0,
                        0.8556184375284646,
                        0.0,
                        -0.9037394636744005,
                        0.8171494727988831,
                        0.0,
                        0.0,
                        0.0,
                        0.0,
                        0.0,
                        0.0,
                        0.0,
                        0.0,
                        0.0,
                        0.0,
                        0.0,
                        0.0,
                        0.0,
                        0.0
                    ],
                    [
                        -0.5083217921738732,
                        -0.0,
                        -0.0,
                        0.6516637755274517,
                        0.7608121409326976,
                        0.8276655343348978,
                        -0.870546892231453,
                        -0.8183849186285079,
                        0.0,
                        0.0,
                        0.0,
                        0.0,
                        0.0,
                        0.0,
                        0.0,
                        0.0,
                        0.0,
                        0.0,
                        0.0,
                        0.0
                    ],
                    [
                        -0.0,
                        0.5675043349746113,
                        -0.9405518899371601,
                        0.7780283584106784,
                        0.9774766097253738,
                        0.5078011557601967,
                        -0.5650060618213711,
                        0.757035547367422,
                        0.5978328462585103,
                        0.0,
                        0.0,
                        0.0,
                        0.0,
                        0.0,
                        0.0,
                        0.0,
                        0.0,
                        0.0,
                        0.0,
                        0.0
                    ],
                    [
                        0.8775111658190604,
                        0.52398913395947,
                        -0.0,
                        0.6921857768606028,
                        -0.0,
                        -0.7681578255327115,
                        0.6516306205031637,
                        0.530890978827576,
                        0.8046302001187857,
                        -0.5664597810301331,
                        0.0,
                        0.0,
                        0.0,
                        0.0,
                        0.0,
                        0.0,
                        0.0,
                        0.0,
                        0.0,
                        0.0
                    ],
                    [
                        -0.9267812792967616,
                        0.0,
                        -0.9504771855738644,
                        -0.6594235973395004,
                        0.6170120333596688,
                        0.566292736634967,
                        0.0,
                        0.6687558323598262,
                        0.5639498675161172,
                        -0.5285213195073506,
                        0.9394905588358529,
                        0.0,
                        0.0,
                        0.0,
                        0.0,
                        0.0,
                        0.0,
                        0.0,
                        0.0,
                        0.0
                    ],
                    [
                        0.0,
                        -0.7672871036186788,
                        0.6423048121474568,
                        0.0,
                        -0.5988138198996028,
                        -0.9684318320128651,
                        -0.7225198492466656,
                        -0.9122522122470047,
                        0.7128577041776107,
                        0.5958941106057386,
                        0.9183262149581024,
                        -0.681700881727888,
                        0.0,
                        0.0,
                        0.0,
                        0.0,
                        0.0,
                        0.0,
                        0.0,
                        0.0
                    ],
                    [
                        -0.6819855833981447,
                        0.0,
                        -0.7359688670110927,
                        -0.9946249237459858,
                        -0.8651008473428476,
                        0.7822381356406962,
                        -0.0,
                        0.5604116944920092,
                        0.5755270421889649,
                        -0.6192543838190053,
                        -0.6316693644022386,
                        -0.8238371685768056,
                        0.8317008183900876,
                        0.0,
                        0.0,
                        0.0,
                        0.0,
                        0.0,
                        0.0,
                        0.0
                    ],
                    [
                        0.8648386765076899,
                        0.6849107151151574,
                        -0.5130470583027488,
                        -0.7691902929665259,
                        0.0,
                        -0.9617077163593871,
                        -0.9252649805798017,
                        -0.7959301953603597,
                        -0.5032104768219545,
                        -0.7492829611351748,
                        -0.6618133593948358,
                        -0.7983696846426696,
                        0.9137387573768245,
                        0.7851110519426476,
                        0.0,
                        0.0,
                        0.0,
                        0.0,
                        0.0,
                        0.0
                    ],
                    [
                        0.7741204042039154,
                        0.9179037882730732,
                        0.8828615095861128,
                        -0.9948735140506333,
                        -0.798649921303271,
                        -0.0,
                        -0.9729228332583644,
                        0.6567092251428259,
                        0.9379993885285495,
                        -0.746373936183806,
                        0.7803924937457849,
                        0.6614128104786648,
                        0.0,
                        0.8689520601917817,
                        -0.0,
                        0.0,
                        0.0,
                        0.0,
                        0.0,
                        0.0
                    ],
                    [
                        -0.69012395508945,
                        -0.7387556055558453,
                        -0.7286887898197829,
                        -0.8999393169249754,
                        0.8496134902921857,
                        -0.8935095523862548,
                        -0.6796891675428505,
                        0.5301174692334025,
                        -0.8293916042090876,
                        -0.8413491741533108,
                        -0.8574256941156975,
                        0.0,
                        -0.6000042878746596,
                        0.5877856212948454,
                        0.9653262865959417,
                        0.5616317335295152,
                        0.0,
                        0.0,
                        0.0,
                        0.0
                    ],
                    [
                        0.0,
                        -0.7876807744615448,
                        -0.0,
                        -0.6887320447366752,
                        -0.5682844488956679,
                        0.551263038317673,
                        0.5564557243434582,
                        0.7739316745943297,
                        -0.6264604114047077,
                        -0.6318566456054917,
                        -0.761453483900301,
                        0.8348306357277329,
                        -0.8602021606926303,
                        0.8910751994363353,
                        0.7645455410155249,
                        0.6315178455077036,
                        -0.8567343814458889,
                        0.0,
                        0.0,
                        0.0
                    ],
                    [
                        -0.8747173159107182,
                        0.8543558026137948,
                        -0.6275432963997214,
                        -0.0,
                        -0.9002256953389804,
                        -0.6023127136573316,
                        -0.6450280641214876,
                        0.9789655659521095,
                        -0.703730566366972,
                        0.6785275955686227,
                        0.905903416170613,
                        -0.8439756083918016,
                        0.6421226224973622,
                        -0.6506875217499046,
                        -0.7329490308829294,
                        0.0,
                        -0.8394321880099196,
                        0.9534388017659876,
                        0.0,
                        0.0
                    ],
                    [
                        0.7218238853289005,
                        -0.0,
                        -0.0,
                        -0.889658935440274,
                        -0.0,
                        0.0,
                        -0.6741490303775346,
                        -0.0,
                        -0.754831134055742,
                        0.5232737058808987,
                        0.706515737480885,
                        0.5510914199174906,
                        -0.6852482570786549,
                        0.6746347657946395,
                        0.0,
                        0.7568984269529828,
                        -0.9854117327092816,
                        0.9883714702227336,
                        0.8369911207984894,
                        0.0
                    ]
                ]
            },
            "est_params": {
                "mui": [
                    -0.01719723547694601,
                    0.017403665647630902,
                    1.0000035633809305,
                    0.7548153092139115,
                    -1.367240169683958,
                    0.24420234591378376,
                    -1.2063364766033127,
                    2.3301584846140693,
                    -1.194052881885869,
                    0.1520855574784433,
                    -0.27044281702240475,
                    -1.5951616194670497,
                    0.027276843186144224,
                    1.9196357143177474,
                    1.396290498121247,
                    3.1085671987059484,
                    4.565642377233547,
                    1.8353114228099976,
                    1.241254516955515,
                    2.021877097650784
                ],
                "Si": [
                    [
                        0.99139266669168,
                        -0.5247605959698168,
                        9.247535203544895e-07,
                        -0.3716808483980949,
                        0.23465344430210025,
                        0.10267208655123448,
                        -0.2670817850672882,
                        -0.8171354154635836,
                        0.40084667839041555,
                        -0.5546405913377443,
                        0.28395066684826364,
                        -0.22466571892647078,
                        1.4720959167644962,
                        0.9156755783888842,
                        3.832096853891719,
                        1.8427571464562056,
                        4.198184987934861,
                        -0.45964484574967024,
                        -8.840434952443145,
                        -10.250749893763379
                    ],
                    [
                        -0.5247605959698168,
                        1.2602816977033802,
                        4.0701040159614816e-06,
                        0.8956130084393781,
                        -0.5317912713199854,
                        0.9754888421928368,
                        -0.1518484720741186,
                        1.6619824947162136,
                        0.01924524130369333,
                        2.720266558816332,
                        -0.6847529779011883,
                        -0.8435598380133065,
                        -1.4421566207826306,
                        -0.13095879181600142,
                        -4.724169621399794,
                        -1.7013473584678478,
                        -8.152190416240261,
                        1.9407198643205583,
                        16.367704503327708,
                        22.636427882627682
                    ],
                    [
                        9.247535203544897e-07,
                        4.0701040159614816e-06,
                        1.0114599987066564e-06,
                        2.3082932204380308e-06,
                        3.4167437900883524e-06,
                        8.3387048988756e-06,
                        -9.701800273092368e-07,
                        2.628092047659788e-06,
                        9.333486598948603e-06,
                        2.1861526250736547e-05,
                        -3.3288653860072362e-06,
                        -2.123810441973883e-06,
                        2.6437075003553255e-06,
                        -3.900544502086719e-06,
                        -2.6235414761628578e-05,
                        -1.50879653418272e-05,
                        -7.177689088982355e-05,
                        6.6732159093621844e-06,
                        9.610783277671356e-05,
                        0.00014379304524887469
                    ],
                    [
                        -0.3716808483980949,
                        0.8956130084393781,
                        2.3082932204380303e-06,
                        1.656919260338659,
                        -1.039294875665205,
                        0.8168872275706022,
                        -0.6800997018556783,
                        1.8823844201317415,
                        0.16941605687415429,
                        3.1231075525197416,
                        -0.4195378250107834,
                        -1.6335070183401885,
                        0.5729304506518974,
                        1.4491862802065807,
                        -1.7974228896570175,
                        -0.7041581376739253,
                        -6.080978857922393,
                        1.3548385020470917,
                        13.919386341048135,
                        18.070852808417204
                    ],
                    [
                        0.23465344430210022,
                        -0.5317912713199854,
