{
    "expt_args": {
        "save_dir": "all_expt_logs/expt_logs_11.05.24-large_nodes_sparse_intv",
        "exp_name": "85",
        "num_nodes": 15,
        "obs_noise_mean": 0.0,
        "obs_noise_var": 1.0,
        "max_edge_strength": 1.0,
        "graph_sparsity_method": "adj_dense_prop",
        "adj_dense_prop": 0.8,
        "num_parents": null,
        "new_noise_mean": 1.0,
        "mix_samples": 32768,
        "stage2_samples": 32768,
        "gmm_tol": 0.001,
        "intv_type": "do",
        "new_noise_var": null,
        "intv_targets": [
            4,
            7,
            10,
            14
        ]
    },
    "intv_args_dict": {
        "4": {
            "intv_type": "do",
            "inode": 4,
            "new_mui": 1.0,
            "new_vari": null,
            "true_params": {
                "Si": [
                    [
                        1.0,
                        0.0,
                        0.0,
                        0.0,
                        0.0,
                        -0.5571079084126989,
                        -1.4319488422828028,
                        0.5372738918119705,
                        1.0607402725717578,
                        -2.6797772932364428,
                        1.1271250318040655,
                        3.262469942870852,
                        6.422188980968952,
                        2.203179492806805,
                        -5.98049275420515
                    ],
                    [
                        0.0,
                        1.0,
                        0.0,
                        0.5708788830117157,
                        0.0,
                        0.5925378454532482,
                        -0.38082906222832863,
                        0.31679245562736225,
                        -0.21715546116486006,
                        0.6396137628380566,
                        -0.2638287193632859,
                        -1.5700195745972558,
                        -3.042865087682387,
                        -0.258273008102778,
                        0.30391317978710464
                    ],
                    [
                        0.0,
                        0.0,
                        1.0,
                        0.6840563655265428,
                        0.0,
                        -1.2236350342549498,
                        -0.4935855040249344,
                        2.4473980973468477,
                        -0.3034791407211428,
                        -0.4609807897612498,
                        4.083716613186653,
                        4.464336229741619,
                        3.8935337684984765,
                        -6.10857397200028,
                        1.011533423974628
                    ],
                    [
                        0.0,
                        0.5708788830117157,
                        0.6840563655265428,
                        1.7938358102860874,
                        0.0,
                        -1.2117606181035547,
                        -1.1368108437988413,
                        3.1357361880539014,
                        -0.038124437768851105,
                        -1.5407193864622564,
                        3.3108531140644453,
                        4.723816363497271,
                        5.099913266363683,
                        -4.921219890199884,
                        -3.5416964334481906
                    ],
                    [
                        0.0,
                        0.0,
                        0.0,
                        0.0,
                        1e-09,
                        -6.010662395603548e-10,
                        4.6141110154695746e-10,
                        -3.2293238096965073e-10,
                        -7.022173314008447e-10,
                        -3.692134517780189e-10,
                        -7.058370646979106e-10,
                        -7.076619078194891e-10,
                        6.506184818230046e-10,
                        2.9019204662109347e-09,
                        -1.3706362015110714e-09
                    ],
                    [
                        -0.5571079084126989,
                        0.5925378454532482,
                        -1.2236350342549498,
                        -1.2117606181035547,
                        -6.010662395603548e-10,
                        3.667111503761723,
                        2.406801528127213,
                        -4.983877810496317,
                        -0.2922249147024639,
                        4.373127155324045,
                        -8.437969531858204,
                        -12.501023682297305,
                        -16.108596282580862,
                        8.899259575412742,
                        5.720900931778171
                    ],
                    [
                        -1.4319488422828028,
                        -0.38082906222832863,
                        -0.4935855040249344,
                        -1.1368108437988413,
                        4.6141110154695746e-10,
                        2.406801528127213,
                        4.443350796831636,
                        -3.6299697302608878,
                        -1.746188679821634,
                        6.316175704979161,
                        -5.9484933019903306,
                        -10.372582685563557,
                        -16.734634963234324,
                        1.2266361048916865,
                        13.754137685125299
                    ],
                    [
                        0.5372738918119705,
                        0.31679245562736225,
                        2.4473980973468477,
                        3.1357361880539014,
                        -3.2293238096965073e-10,
                        -4.983877810496317,
                        -3.6299697302608878,
                        9.949105868134035,
                        -0.8243619562388975,
                        -4.713401913456378,
                        14.999866044705954,
                        19.00276323821293,
                        19.957787907042263,
                        -19.80905627568591,
                        -3.7347288672585273
                    ],
                    [
                        1.0607402725717578,
                        -0.21715546116486006,
                        -0.3034791407211428,
                        -0.038124437768851105,
                        -7.022173314008447e-10,
                        -0.2922249147024639,
                        -1.746188679821634,
                        -0.8243619562388975,
                        3.1702570827510024,
                        -4.542674963683322,
                        -2.18999221344076,
                        2.5130573651086374,
                        10.15691966253296,
                        9.097586142274107,
                        -14.746435060339971
                    ],
                    [
                        -2.6797772932364428,
                        0.6396137628380566,
                        -0.4609807897612498,
                        -1.5407193864622564,
                        -3.692134517780189e-10,
                        4.373127155324045,
                        6.316175704979161,
                        -4.713401913456378,
                        -4.542674963683322,
                        13.4633778841049,
                        -6.326139563783216,
                        -18.559372999064667,
                        -34.88193523860738,
                        -6.0401602239754775,
                        31.90406108334602
                    ],
                    [
                        1.1271250318040655,
                        -0.2638287193632859,
                        4.083716613186653,
                        3.3108531140644453,
                        -7.058370646979106e-10,
                        -8.437969531858204,
                        -5.9484933019903306,
                        14.999866044705954,
                        -2.18999221344076,
                        -6.326139563783216,
                        27.629069352306857,
                        31.59207549407521,
                        30.47166629703,
                        -36.54218167084225,
                        3.049878764824536
                    ],
                    [
                        3.262469942870852,
                        -1.5700195745972558,
                        4.464336229741619,
                        4.723816363497271,
                        -7.076619078194891e-10,
                        -12.501023682297305,
                        -10.372582685563557,
                        19.00276323821293,
                        2.5130573651086374,
                        -18.559372999064667,
                        31.59207549407521,
                        49.527663695836466,
                        64.47778918881595,
                        -29.688706325058757,
                        -27.46004043249327
                    ],
                    [
                        6.422188980968952,
                        -3.042865087682387,
                        3.8935337684984765,
                        5.099913266363683,
                        6.506184818230046e-10,
                        -16.108596282580862,
                        -16.734634963234324,
                        19.957787907042263,
                        10.15691966253296,
                        -34.88193523860738,
                        30.47166629703,
                        64.47778918881595,
                        104.99485370309905,
                        -7.404237802415126,
                        -74.01452127412013
                    ],
                    [
                        2.203179492806805,
                        -0.258273008102778,
                        -6.10857397200028,
                        -4.921219890199884,
                        2.9019204662109347e-09,
                        8.899259575412742,
                        1.2266361048916865,
                        -19.80905627568591,
                        9.097586142274107,
                        -6.0401602239754775,
                        -36.54218167084225,
                        -29.688706325058757,
                        -7.404237802415126,
                        70.20691567491929,
                        -42.51784469695182
                    ],
                    [
                        -5.98049275420515,
                        0.30391317978710464,
                        1.011533423974628,
                        -3.5416964334481906,
                        -1.3706362015110714e-09,
                        5.720900931778172,
                        13.7541376851253,
                        -3.7347288672585273,
                        -14.746435060339973,
                        31.904061083346015,
                        3.049878764824537,
                        -27.460040432493273,
                        -74.01452127412013,
                        -42.51784469695182,
                        95.7547876034959
                    ]
                ],
                "mui": [
                    0.0,
                    0.0,
                    0.0,
                    0.0,
                    1.0,
                    -0.6010662395603548,
                    0.4614111015469574,
                    -0.3229323809696507,
                    -0.7022173314008446,
                    -0.3692134517780189,
                    -0.7058370646979105,
                    -0.707661907819489,
                    0.6506184818230045,
                    2.9019204662109344,
                    -1.3706362015110714
                ],
                "Ai": [
                    [
                        0.0,
                        0.0,
                        0.0,
                        0.0,
                        0.0,
                        0.0,
                        0.0,
                        0.0,
                        0.0,
                        0.0,
                        0.0,
                        0.0,
                        0.0,
                        0.0,
                        0.0
                    ],
                    [
                        0.0,
                        0.0,
                        0.0,
                        0.0,
                        0.0,
                        0.0,
                        0.0,
                        0.0,
                        0.0,
                        0.0,
                        0.0,
                        0.0,
                        0.0,
                        0.0,
                        0.0
                    ],
                    [
                        -0.0,
                        0.0,
                        0.0,
                        0.0,
                        0.0,
                        0.0,
                        0.0,
                        0.0,
                        0.0,
                        0.0,
                        0.0,
                        0.0,
                        0.0,
                        0.0,
                        0.0
                    ],
                    [
                        0.0,
                        0.5708788830117157,
                        0.6840563655265428,
                        0.0,
                        0.0,
                        0.0,
                        0.0,
                        0.0,
                        0.0,
                        0.0,
                        0.0,
                        0.0,
                        0.0,
                        0.0,
                        0.0
                    ],
                    [
                        0.0,
                        0.0,
                        0.0,
                        0.0,
                        0.0,
                        0.0,
                        0.0,
                        0.0,
                        0.0,
                        0.0,
                        0.0,
                        0.0,
                        0.0,
                        0.0,
                        0.0
                    ],
                    [
                        -0.5571079084126989,
                        0.9995702800617392,
                        -0.7359078890489317,
                        -0.712992627194686,
                        -0.6010662395603548,
                        0.0,
                        0.0,
                        0.0,
                        0.0,
                        0.0,
                        0.0,
                        0.0,
                        0.0,
                        0.0,
                        0.0
                    ],
                    [
                        -0.9773790400677594,
                        -0.8643077692171368,
                        0.5048342403464268,
                        0.0,
                        0.9518485150339824,
                        0.8159456998379273,
                        0.0,
                        0.0,
                        0.0,
                        0.0,
                        0.0,
                        0.0,
                        0.0,
                        0.0,
                        0.0
                    ],
                    [
                        -0.0,
                        0.5496358184284309,
                        0.8615998011688892,
                        0.5931189755983406,
                        -0.9025996104036834,
                        -0.9643982497803001,
                        -0.0,
                        0.0,
                        0.0,
                        0.0,
                        0.0,
                        0.0,
                        0.0,
                        0.0,
                        0.0
                    ],
                    [
                        0.7144720528390542,
                        -0.7004764337183873,
                        0.5516682105416522,
                        0.8993831824730802,
                        -0.6959168685004542,
                        -0.0,
                        -0.5054861979946252,
                        -0.7027368387514554,
                        0.0,
                        0.0,
                        0.0,
                        0.0,
                        0.0,
                        0.0,
                        0.0
                    ],
                    [
                        -0.8674899074753115,
                        0.8183614135674735,
                        0.7209639239674828,
                        -0.6996349194516212,
                        -0.7974410554901683,
                        0.5040517951946051,
                        0.580931567159729,
                        0.0,
                        -0.6595505775155363,
                        0.0,
                        0.0,
                        0.0,
                        0.0,
                        0.0,
                        0.0
                    ],
                    [
                        0.730136825525763,
                        -0.5478962464189094,
                        0.9552974203644287,
                        -0.6501045463248432,
                        -0.6084933507328687,
                        -0.7585597798481459,
                        -0.9875527152975954,
                        0.9090326716997967,
                        -0.544093970742723,
                        0.504143964250473,
                        0.0,
                        0.0,
                        0.0,
                        0.0,
                        0.0
                    ],
                    [
                        -0.0,
                        -0.602423243012488,
                        -0.6392642868979819,
                        -0.0,
                        0.0,
                        0.0,
                        0.7347169893720286,
                        0.7004517634814189,
                        0.713885832868648,
                        -0.817070896358139,
                        0.879580458488709,
                        0.0,
                        0.0,
                        0.0,
                        0.0
                    ],
                    [
                        0.0,
                        -0.5971109052308357,
                        0.5271045743432374,
                        -0.9329829549648188,
                        0.7432550740877877,
                        -0.987110716109457,
                        -0.6020120095292854,
                        0.7413171851042779,
                        0.591800451460222,
                        -0.7552426259323629,
                        -0.8521647994710584,
                        0.8952691491893708,
                        0.0,
                        0.0,
                        0.0
                    ],
                    [
                        0.5849704068280293,
                        0.9611328343062303,
                        0.7753451078570723,
                        -0.7168097572666694,
                        0.6425782476592747,
                        0.9782797624626189,
                        0.0,
                        -0.6004782839067755,
                        -0.9149455004548955,
                        -0.7706048654344797,
                        -0.9788837229489162,
                        -0.7539884566028205,
                        0.7714654521851212,
                        0.0,
                        0.0
                    ],
                    [
                        0.6710445548797175,
                        -0.822084219911855,
                        -0.8834787160714181,
                        -0.956666490872014,
                        0.0,
                        -0.5359003418177506,
                        0.8505550768787464,
                        -0.0,
                        0.0,
                        0.9906376245004329,
                        0.88033182884886,
                        0.6605657381207417,
                        -0.9692601670522358,
                        0.0,
                        0.0
                    ]
                ]
            },
            "est_params": {
                "mui": [
                    -0.003668019478567979,
                    0.013277050145557544,
                    0.021887868747424342,
                    0.018118382394949523,
                    1.000001867036041,
                    -0.6098268430353475,
                    0.45510522350810856,
                    -0.30087205894942903,
                    -0.6945827919333192,
                    -0.39593483893539216,
                    -0.6823430149595964,
                    -0.6715761771552748,
                    0.712813421520351,
                    2.89094828133329,
                    -1.4495329095867473
                ],
                "Si": [
                    [
                        0.9861545947095319,
                        0.0024036755656325895,
                        -0.01759299019025551,
                        -0.012792817522152538,
                        1.365320036368875e-06,
                        -0.5246627610066283,
                        -1.4084454806107787,
                        0.48902445353645985,
                        1.0456986510317514,
                        -2.62265521395128,
                        1.0511634615330003,
                        3.120133543400033,
                        6.247262156716204,
                        2.2650606458945473,
                        -5.8855138128343505
                    ],
                    [
                        0.0024036755656325903,
                        1.0102042870413679,
                        0.0098728548023381,
                        0.5908367498003171,
                        4.2453840342081806e-08,
                        0.5649194665019933,
                        -0.4198489576654524,
                        0.38098580802467463,
                        -0.23470611144499773,
                        0.6056879571688968,
                        -0.18206320438686496,
                        -1.468724805068964,
                        -2.917968530788297,
                        -0.31383204888274924,
                        0.24224045915542108
                    ],
                    [
                        -0.01759299019025551,
                        0.009872854802338099,
                        0.9908459973430876,
                        0.6881320559095057,
                        -1.2188974133973761e-06,
                        -1.2071941776124777,
                        -0.4928606792251625,
                        2.428166994663122,
                        -0.3269560859267703,
                        -0.42007903253268264,
                        4.066373482962891,
                        4.384593982515935,
                        3.750743309090979,
                        -6.13650671613681,
                        1.0845553734021884
                    ],
                    [
                        -0.012792817522152531,
                        0.5908367498003171,
                        0.6881320559095058,
                        1.8170016668858278,
                        -3.6162344876670955e-07,
                        -1.212000999175904,
                        -1.1536281490974867,
                        3.1578574430484765,
                        -0.07440016256878872,
                        -1.5068646553288694,
                        3.3451111966059663,
                        4.687614075696195,
                        4.989160585488645,
                        -5.005531396680497,
                        -3.476531394580446
                    ],
                    [
                        1.365320036368875e-06,
                        4.245384034208179e-08,
                        -1.2188974133973763e-06,
                        -3.6162344876670986e-07,
                        1.0059545783479967e-06,
                        -4.1876857809713913e-07,
                        -1.9062191513611047e-06,
                        -1.113867543247628e-06,
                        4.282747019650906e-06,
                        -3.3313402065061845e-06,
                        -3.978104931452086e-06,
                        3.951274564009352e-07,
                        9.295185938855462e-06,
                        9.413227449886004e-06,
                        -1.4506661085883111e-05
                    ],
                    [
                        -0.5246627610066283,
                        0.5649194665019934,
                        -1.2071941776124777,
                        -1.212000999175904,
                        -4.1876857809713923e-07,
                        3.597030777666994,
                        2.3681807513161357,
                        -4.877021913688119,
                        -0.28400457095338116,
                        4.246050436166134,
                        -8.256923715816706,
                        -12.175279234073212,
                        -15.685997108403566,
                        8.768722099885935,
                        5.610853730164662
                    ],
                    [
                        -1.4084454806107787,
                        -0.4198489576654525,
                        -0.4928606792251625,
                        -1.153628149097487,
                        -1.9062191513611047e-06,
                        2.3681807513161357,
                        4.459461315463331,
                        -3.6141997767521037,
                        -1.7209357631444422,
                        6.213607720073352,
                        -5.913514223807593,
                        -10.193228582489242,
                        -16.467881894532102,
                        1.247274627948293,
                        13.632414052864736
                    ],
                    [
                        0.48902445353645985,
                        0.3809858080246745,
                        2.428166994663122,
                        3.1578574430484765,
                        -1.113867543247627e-06,
                        -4.877021913688119,
                        -3.614199776752103,
                        9.856786285036618,
                        -0.9058157209723458,
                        -4.486406704224044,
                        14.878353791986333,
                        18.590242119378267,
                        19.241045424369332,
                        -19.86013447957092,
                        -3.330715104428497
                    ],
                    [
                        1.0456986510317514,
                        -0.23470611144499773,
                        -0.3269560859267703,
                        -0.07440016256878872,
                        4.282747019650906e-06,
                        -0.2840045709533812,
                        -1.720935763144442,
                        -0.9058157209723459,
                        3.203901724206446,
                        -4.546312902976347,
                        -2.320501515462554,
                        2.3853833466421546,
                        10.149356600288947,
                        9.308964383731903,
                        -14.885599464116039
                    ],
                    [
                        -2.62265521395128,
                        0.605687957168897,
                        -0.4200790325326826,
                        -1.5068646553288694,
                        -3.3313402065061853e-06,
                        4.246050436166134,
                        6.213607720073352,
                        -4.486406704224045,
                        -4.546312902976348,
                        13.209924096327738,
                        -5.939935991177682,
                        -17.896019844614553,
                        -34.11913273819588,
                        -6.369300468297492,
                        31.686605928230456
                    ],
                    [
                        1.0511634615330003,
                        -0.182063204386865,
                        4.066373482962891,
                        3.3451111966059663,
                        -3.9781049314520855e-06,
                        -8.256923715816706,
                        -5.913514223807593,
                        14.878353791986333,
                        -2.3205015154625546,
                        -5.939935991177682,
                        27.48208055564877,
                        30.973171182375413,
                        29.312185594452295,
                        -36.72336328379112,
                        3.8285622983509002
                    ],
                    [
                        3.120133543400033,
                        -1.468724805068964,
                        4.384593982515935,
                        4.687614075696195,
                        3.9512745640093574e-07,
                        -12.175279234073212,
                        -10.193228582489242,
                        18.590242119378267,
                        2.3853833466421546,
                        -17.896019844614553,
                        30.97317118237542,
                        48.17542087725886,
                        62.47920336747957,
                        -29.45007669068619,
                        -26.41905907647614
                    ],
                    [
                        6.247262156716204,
                        -2.917968530788297,
                        3.750743309090979,
                        4.989160585488645,
                        9.295185938855462e-06,
                        -15.685997108403567,
                        -16.467881894532102,
                        19.241045424369332,
                        10.149356600288945,
                        -34.11913273819588,
                        29.312185594452295,
                        62.47920336747957,
                        102.59285491429254,
                        -6.413861791292424,
                        -73.34667040367606
                    ],
                    [
                        2.265060645894547,
                        -0.31383204888274924,
                        -6.13650671613681,
                        -5.005531396680497,
                        9.413227449886004e-06,
                        8.768722099885933,
                        1.247274627948293,
                        -19.86013447957092,
                        9.308964383731903,
                        -6.369300468297492,
                        -36.72336328379112,
                        -29.45007669068619,
                        -6.4138617912924225,
                        70.89867734830433,
                        -43.55486461308901
                    ],
                    [
                        -5.8855138128343505,
                        0.24224045915542114,
                        1.0845553734021884,
                        -3.4765313945804457,
                        -1.450666108588311e-05,
                        5.610853730164662,
                        13.63241405286473,
                        -3.3307151044284975,
                        -14.885599464116039,
                        31.686605928230456,
                        3.8285622983509,
                        -26.419059076476138,
                        -73.34667040367606,
                        -43.55486461308901,
                        96.33100457445963
                    ]
                ]
            },
            "est_tgt": [
                0,
                1,
                3,
                4,
                6,
                7,
                9,
                12,
                13
            ],
            "oracle_est_tgt": [
                2,
                3,
                4,
                5,
                6,
                7,
                9,
                11,
                12,
                13
            ],
            "intv_base_est_tgt": []
        },
        "7": {
            "intv_type": "do",
            "inode": 7,
            "new_mui": 1.0,
            "new_vari": null,
            "true_params": {
                "Si": [
                    [
                        1.0,
                        0.0,
                        0.0,
                        0.0,
                        0.8149959484181486,
                        -1.0469744583853202,
                        -1.0559006639668778,
                        0.0,
                        0.681045836663956,
                        -3.1077206944436515,
                        0.13387592827516892,
                        2.3673836012355904,
                        7.0303819824150775,
                        5.36380795478111,
                        -7.877209669742519
                    ],
                    [
                        0.0,
                        1.0,
                        0.0,
                        0.5708788830117157,
                        0.9639225983360478,
                        0.013156514044153633,
                        0.06393552567591254,
                        0.0,
                        -0.8901660890101815,
                        0.2811664457489759,
                        -0.9526050311922635,
                        -2.2585513758671136,
                        -2.414152171935354,
                        2.5549491815199286,
                        -1.0329494006502542
                    ],
                    [
                        0.0,
                        0.0,
                        1.0,
                        0.6840563655265428,
                        -0.40916281915422276,
                        -0.9777010771780077,
                        -0.682377771122943,
                        0.0,
                        1.7965728544934905,
                        -1.5055000006729777,
                        0.43859765995994626,
                        1.7578112458841575,
                        4.360865219103194,
                        0.1915532612509172,
                        -5.765298586837451
                    ],
                    [
                        0.0,
                        0.5708788830117157,
                        0.6840563655265428,
                        1.7938358102860874,
                        1.0284969382331965,
                        -1.8299554051667206,
                        -0.662250938590989,
                        0.0,
                        1.2098410474609287,
                        -3.219896789713666,
                        -1.6907399492169404,
                        0.7396599916519625,
                        6.56633180055967,
                        6.201282966783749,
                        -12.926422449501258
                    ],
                    [
                        0.8149959484181486,
                        0.9639225983360478,
                        -0.40916281915422276,
                        1.0284969382331965,
                        3.3355015334346665,
                        -1.9275942578923115,
                        -0.23416521364173726,
                        0.0,
                        -1.5964870050121212,
                        -3.647270951810183,
                        -2.298868958481725,
                        -0.6728420825606684,
                        5.938450463995772,
                        12.216574700687701,
                        -11.871392129900169
                    ],
                    [
                        -1.0469744583853202,
                        0.013156514044153633,
                        -0.9777010771780077,
                        -1.8299554051667206,
                        -1.9275942578923115,
                        4.77928309089565,
                        2.5832003875864835,
                        0.0,
                        -2.906774321251988,
                        8.858396409905797,
                        0.5279992675949409,
                        -6.333620260596197,
                        -21.052088964178076,
                        -12.758399931435845,
                        26.9984416595652
                    ],
                    [
                        -1.0559006639668778,
                        0.06393552567591254,
                        -0.682377771122943,
                        -0.662250938590989,
                        -0.23416521364173726,
                        2.5832003875864835,
                        3.5171289792634,
                        0.0,
                        -3.386160958041728,
                        6.705025076137234,
                        -1.0950099037150316,
                        -5.87716459057344,
                        -16.017662935586525,
                        -7.15661141470234,
                        19.40378380886476
                    ],
                    [
                        0.0,
                        0.0,
                        0.0,
                        0.0,
                        0.0,
                        0.0,
                        0.0,
                        1e-09,
                        -7.027368387514554e-10,
                        4.6349048783996474e-10,
                        1.5250534806152905e-09,
                        1.161480541408383e-09,
                        -2.843697638419653e-10,
                        -2.902654798341043e-09,
                        2.8445667714890832e-09
                    ],
                    [
                        0.681045836663956,
                        -0.8901660890101815,
                        1.7965728544934905,
                        1.2098410474609287,
                        -1.5964870050121212,
                        -2.906774321251988,
                        -3.386160958041728,
                        -7.027368387514554e-10,
                        7.012031273845685,
                        -7.654438398398401,
                        0.7609969593370668,
                        8.829268576089534,
                        21.257727524897316,
                        4.67948485890747,
                        -24.563020759470955
                    ],
                    [
                        -3.1077206944436515,
                        0.2811664457489759,
                        -1.5055000006729777,
                        -3.219896789713666,
                        -3.647270951810183,
                        8.858396409905797,
                        6.705025076137234,
                        4.6349048783996474e-10,
                        -7.654438398398401,
                        21.410577352743577,
                        2.0688562098105883,
                        -15.419302246552572,
                        -49.71642375437012,
                        -32.333980209201755,
                        64.08374835950761
                    ],
                    [
                        0.13387592827516892,
                        -0.9526050311922635,
                        0.43859765995994626,
                        -1.6907399492169404,
                        -2.298868958481725,
                        0.5279992675949409,
                        -1.0950099037150316,
                        1.5250534806152905e-09,
                        0.7609969593370668,
                        2.0688562098105883,
                        5.846480393054396,
                        3.484281868158444,
                        -2.1681261808083816,
                        -12.55924391546619,
                        12.488024758658261
                    ],
                    [
                        2.3673836012355904,
                        -2.2585513758671136,
                        1.7578112458841575,
