{
    "expt_args": {
        "save_dir": "all_expt_logs/expt_logs_11.05.24-large_nodes_sparse_intv",
        "exp_name": "181",
        "num_nodes": 15,
        "obs_noise_mean": 0.0,
        "obs_noise_var": 1.0,
        "max_edge_strength": 1.0,
        "graph_sparsity_method": "adj_dense_prop",
        "adj_dense_prop": 0.8,
        "num_parents": null,
        "new_noise_mean": 1.0,
        "mix_samples": 32768,
        "stage2_samples": 32768,
        "gmm_tol": 0.001,
        "intv_type": "do",
        "new_noise_var": null,
        "intv_targets": [
            8,
            5,
            4,
            13
        ]
    },
    "intv_args_dict": {
        "8": {
            "intv_type": "do",
            "inode": 8,
            "new_mui": 1.0,
            "new_vari": null,
            "true_params": {
                "Si": [
                    [
                        1.0,
                        0.5832074863401739,
                        -1.3094511534135442,
                        0.9643853796112696,
                        2.05370922816426,
                        1.93713421410913,
                        2.232189467195656,
                        -2.9290109863080014,
                        0.0,
                        3.2284627240465915,
                        0.5187797390597124,
                        -7.150569194876468,
                        0.7601667540375955,
                        7.861159279984379,
                        4.082661817169218
                    ],
                    [
                        0.5832074863401739,
                        1.3401309721232242,
                        -1.7175842439943203,
                        0.9575453096439179,
                        2.512307495042341,
                        2.6157511531303683,
                        2.500583792272567,
                        -4.806448986502955,
                        0.0,
                        2.0705715990155813,
                        -1.4560213143104623,
                        -5.197018032304632,
                        -1.094231301178454,
                        2.5132466295889677,
                        -3.8444131631389657
                    ],
                    [
                        -1.3094511534135442,
                        -1.7175842439943203,
                        3.6245923567242575,
                        -2.614252844692148,
                        -4.88747002598568,
                        -5.375470721171563,
                        -4.438903262614002,
                        9.349665089656405,
                        0.0,
                        -4.9325143020511675,
                        2.8729029866567095,
                        12.172448642138079,
                        1.5975710366609315,
                        -7.402691624346511,
                        4.870104040839964
                    ],
                    [
                        0.9643853796112696,
                        0.9575453096439179,
                        -2.614252844692148,
                        3.0358825424378164,
                        4.389127535075983,
                        4.775294454182951,
                        3.0835130311993053,
                        -8.102815637998917,
                        0.0,
                        3.6304978361008127,
                        -4.0930589356791,
                        -9.306642637265016,
                        -2.3387067277143334,
                        4.26197291024369,
                        -7.687483869618062
                    ],
                    [
                        2.05370922816426,
                        2.512307495042341,
                        -4.88747002598568,
                        4.389127535075983,
                        8.776287964726794,
                        8.179706208650398,
                        7.190675745481798,
                        -14.455002215222459,
                        0.0,
                        7.857431184258671,
                        -5.45460893646817,
                        -18.234214599284503,
                        -2.2750768239993087,
                        12.988938581719864,
                        -8.149128483189553
                    ],
                    [
                        1.93713421410913,
                        2.6157511531303683,
                        -5.375470721171563,
                        4.775294454182951,
                        8.179706208650398,
                        9.854911759940762,
                        7.272796849595089,
                        -16.036060242477948,
                        0.0,
                        7.761145040121587,
                        -6.7029938300561245,
                        -18.938474997467747,
                        -3.7972444912700047,
                        9.6672914318598,
                        -13.71298139646321
                    ],
                    [
                        2.232189467195656,
                        2.500583792272567,
                        -4.438903262614002,
                        3.0835130311993053,
                        7.190675745481798,
                        7.272796849595089,
                        8.214948230326517,
                        -11.452917551783353,
                        0.0,
                        9.371218123093566,
                        -1.1622190257387561,
                        -20.179056222484842,
                        1.4253851580755066,
                        19.69459552703352,
                        3.464958100899089
                    ],
                    [
                        -2.9290109863080014,
                        -4.806448986502955,
                        9.349665089656405,
                        -8.102815637998917,
                        -14.455002215222459,
                        -16.036060242477948,
                        -11.452917551783353,
                        29.063648569552853,
                        0.0,
                        -10.467253317349737,
                        14.342369837399454,
                        27.405476838357906,
                        9.395783533177127,
                        -8.177907975314934,
                        33.003459896146694
                    ],
                    [
                        0.0,
                        0.0,
                        0.0,
                        0.0,
                        0.0,
                        0.0,
                        0.0,
                        0.0,
                        1e-09,
                        -8.746609681243549e-10,
                        -1.4872571703970381e-09,
                        8.094421132190403e-10,
                        -1.1911755312752759e-09,
                        -2.927520644796712e-09,
                        -3.4509151500268172e-09
                    ],
                    [
                        3.2284627240465915,
                        2.0705715990155813,
                        -4.9325143020511675,
                        3.6304978361008127,
                        7.857431184258671,
                        7.761145040121587,
                        9.371218123093566,
                        -10.467253317349737,
                        -8.746609681243549e-10,
                        14.288652357590124,
                        3.1785543045937876,
                        -29.29261624671298,
                        5.441109818051684,
                        34.66303964257667,
                        20.245221495627398
                    ],
                    [
                        0.5187797390597124,
                        -1.4560213143104623,
                        2.8729029866567095,
                        -4.0930589356791,
                        -5.45460893646817,
                        -6.7029938300561245,
                        -1.1622190257387561,
                        14.342369837399454,
                        -1.4872571703970381e-09,
                        3.1785543045937876,
                        16.231872848882173,
                        -3.09466763972544,
                        11.839718123761326,
                        21.987547517176424,
                        45.14064312838511
                    ],
                    [
                        -7.150569194876468,
                        -5.197018032304632,
                        12.172448642138079,
                        -9.306642637265016,
                        -18.234214599284503,
                        -18.938474997467747,
                        -20.179056222484842,
                        27.405476838357906,
                        8.094421132190403e-10,
                        -29.29261624671298,
                        -3.09466763972544,
                        64.52635337479913,
                        -7.058208461662728,
                        -67.54759936303837,
                        -30.931799791305288
                    ],
                    [
                        0.7601667540375955,
                        -1.094231301178454,
                        1.5975710366609315,
                        -2.3387067277143334,
                        -2.2750768239993087,
                        -3.7972444912700047,
                        1.4253851580755066,
                        9.395783533177127,
                        -1.1911755312752759e-09,
                        5.441109818051684,
                        11.839718123761326,
                        -7.058208461662728,
                        12.26132473792104,
                        25.47641116723104,
                        40.22854298725451
                    ],
                    [
                        7.861159279984379,
                        2.5132466295889677,
                        -7.402691624346511,
                        4.26197291024369,
                        12.988938581719864,
                        9.6672914318598,
                        19.69459552703352,
                        -8.177907975314934,
                        -2.927520644796712e-09,
                        34.66303964257667,
                        21.987547517176424,
                        -67.54759936303837,
                        25.47641116723104,
                        103.11559317382799,
                        94.10583535172964
                    ],
                    [
                        4.082661817169218,
                        -3.8444131631389657,
                        4.870104040839964,
                        -7.687483869618063,
                        -8.149128483189553,
                        -13.71298139646321,
                        3.464958100899089,
                        33.003459896146694,
                        -3.4509151500268172e-09,
                        20.245221495627398,
                        45.14064312838511,
                        -30.931799791305288,
                        40.22854298725451,
                        94.10583535172964,
                        149.05285600281442
                    ]
                ],
                "mui": [
                    0.0,
                    0.0,
                    0.0,
                    0.0,
                    0.0,
                    0.0,
                    0.0,
                    0.0,
                    1.0,
                    -0.8746609681243548,
                    -1.487257170397038,
                    0.8094421132190402,
                    -1.1911755312752759,
                    -2.9275206447967115,
                    -3.450915150026817
                ],
                "Ai": [
                    [
                        0.0,
                        0.0,
                        0.0,
                        0.0,
                        0.0,
                        0.0,
                        0.0,
                        0.0,
                        0.0,
                        0.0,
                        0.0,
                        0.0,
                        0.0,
                        0.0,
                        0.0
                    ],
                    [
                        0.5832074863401739,
                        0.0,
                        0.0,
                        0.0,
                        0.0,
                        0.0,
                        0.0,
                        0.0,
                        0.0,
                        0.0,
                        0.0,
                        0.0,
                        0.0,
                        0.0,
                        0.0
                    ],
                    [
                        -0.7531280576545545,
                        -0.9539025283267657,
                        0.0,
                        0.0,
                        0.0,
                        0.0,
                        0.0,
                        0.0,
                        0.0,
                        0.0,
                        0.0,
                        0.0,
                        0.0,
                        0.0,
                        0.0
                    ],
                    [
                        -0.0,
                        -0.5345097940627836,
                        -0.9745422650582929,
                        0.0,
                        0.0,
                        0.0,
                        0.0,
                        0.0,
                        0.0,
                        0.0,
                        0.0,
                        0.0,
                        0.0,
                        0.0,
                        0.0
                    ],
                    [
                        0.5758884476785051,
                        0.9317346506262487,
                        -0.0,
                        0.9689343873448542,
                        0.0,
                        0.0,
                        0.0,
                        0.0,
                        0.0,
                        0.0,
                        0.0,
                        0.0,
                        0.0,
                        0.0,
                        0.0
                    ],
                    [
                        0.0,
                        0.6298015814863049,
                        -0.5103715917294784,
                        0.9348156519970833,
                        -0.0,
                        0.0,
                        0.0,
                        0.0,
                        0.0,
                        0.0,
                        0.0,
                        0.0,
                        0.0,
                        0.0,
                        0.0
                    ],
                    [
                        0.9141715521045644,
                        0.0,
                        0.0,
                        -0.9891997043220921,
                        0.5875812424844677,
                        0.5499188542072398,
                        0.0,
                        0.0,
                        0.0,
                        0.0,
                        0.0,
                        0.0,
                        0.0,
                        0.0,
                        0.0
                    ],
                    [
                        0.5810752468646716,
                        -0.6652194197975209,
                        0.7001901920132942,
                        0.0,
                        -0.7451623885096685,
                        -0.949246414842476,
                        0.521418170694094,
                        0.0,
                        0.0,
                        0.0,
                        0.0,
                        0.0,
                        0.0,
                        0.0,
                        0.0
                    ],
                    [
                        0.0,
                        0.0,
                        0.0,
                        0.0,
                        0.0,
                        0.0,
                        0.0,
                        0.0,
                        0.0,
                        0.0,
                        0.0,
                        0.0,
                        0.0,
                        0.0,
                        0.0
                    ],
                    [
                        0.8971239518989058,
                        -0.6606190661581135,
                        -0.8921329228172963,
                        -0.0,
                        0.5033766436580643,
                        0.7084992983524695,
                        0.6966990065575103,
                        0.8238273645910335,
                        -0.8746609681243548,
                        0.0,
                        0.0,
                        0.0,
                        0.0,
                        0.0,
                        0.0
                    ],
                    [
                        0.6613799345886118,
                        0.9897247744412065,
                        -0.5472717509421321,
                        -0.0,
                        -0.6200714627204589,
                        -0.5491075190836617,
                        0.0,
                        0.5777507314042851,
                        -0.7847734491534986,
                        0.8031497309751497,
                        0.0,
                        0.0,
                        0.0,
                        0.0,
                        0.0
                    ],
                    [
                        -0.9927574430245122,
                        0.0,
                        0.7142703611163321,
                        -0.9706050910019369,
                        0.0,
                        -0.5372606756425731,
                        0.0,
                        0.0,
                        -0.8417247274330281,
                        -0.9132525755541987,
                        -0.5731224402489994,
                        0.0,
                        0.0,
                        0.0,
                        0.0
                    ],
                    [
                        -0.6327107351089252,
                        -0.5798755823355388,
                        -0.5025829020308354,
                        0.0,
                        -0.0,
                        -0.5081858670329026,
                        0.8943208865541901,
                        0.6002752616557703,
                        -0.6982872332717582,
                        0.5635192559929589,
                        0.0,
                        -0.0,
                        0.0,
                        0.0,
                        0.0
                    ],
                    [
                        0.8903975487026677,
                        -0.7986629056727479,
                        0.9969279322980944,
                        -0.9458748181160768,
                        0.9337225203245498,
                        -0.576270706041338,
                        -0.0,
                        0.0,
                        -0.657988275534209,
                        0.617400971685536,
                        -0.0,
                        -0.8676365107770501,
                        0.8623534314527144,
                        0.0,
                        0.0
                    ],
                    [
                        0.8042612314334618,
                        0.7172102740925954,
                        -0.6706475829596327,
                        0.512302760942569,
                        -0.860186857194713,
                        -0.7987454440955557,
                        -0.8785055999461484,
                        -0.0,
                        0.7579657372078941,
                        -0.5253402527854074,
                        0.5265064120008616,
                        -0.0,
                        0.9216882238955453,
                        0.9521478900610825,
                        0.0
                    ]
                ]
            },
            "est_params": {
                "mui": [
                    -0.013999783314092247,
                    -0.013780086024297799,
                    0.02023515996046808,
                    -0.013954183207089136,
                    -0.04045331581202453,
                    -0.015951579849322918,
                    -0.03075970748253724,
                    0.05260324360336731,
                    1.0000000065747974,
                    -0.9271194950904663,
                    -1.49963796683016,
                    0.9103871842232056,
                    -1.1904404753461637,
                    -3.065214177590539,
                    -3.531871487812777
                ],
                "Si": [
                    [
                        1.020248000836935,
                        0.6005367748381696,
                        -1.3334505843930637,
                        0.976620985912188,
                        2.0982032231390892,
                        1.9968491958920096,
                        2.290799197155253,
                        -2.993758327583184,
                        -3.0419611186821928e-06,
                        3.3109662220183735,
                        0.5283088398114162,
                        -7.314949011529016,
                        0.7694753707711371,
                        8.02318325524983,
                        4.106657836779719
                    ],
                    [
                        0.6005367748381696,
                        1.3908584746667554,
                        -1.7623650313905306,
                        0.9757020364722009,
                        2.5900820565428555,
                        2.693014749339646,
                        2.5652780403498,
                        -4.941004407395908,
                        -2.8542885925220646e-06,
                        2.1322963781618682,
                        -1.5126271678711696,
                        -5.362306296823408,
                        -1.1510384186421585,
                        2.551904863520381,
                        -4.03779245979176
                    ],
                    [
                        -1.3334505843930635,
                        -1.7623650313905306,
                        3.6402741656565807,
                        -2.617754870136974,
                        -4.934665260422042,
                        -5.467277601567439,
                        -4.509873396930192,
                        9.428858940750889,
                        4.558240980990537e-06,
                        -5.0254763602803045,
                        2.8724338730220387,
                        12.37811956484704,
                        1.611364164872524,
                        -7.535157018139668,
                        4.943798296177298
                    ],
                    [
                        0.9766209859121879,
                        0.9757020364722009,
                        -2.617754870136974,
                        3.027825751490417,
                        4.399051723521714,
                        4.8432041017214145,
                        3.128802616198847,
                        -8.13208372988466,
                        -2.59255231333747e-06,
                        3.6843692538356887,
                        -4.088381549323778,
                        -9.391641313142966,
                        -2.320983845322297,
                        4.3125058278189,
                        -7.739762054237209
                    ],
                    [
                        2.0982032231390892,
                        2.5900820565428555,
                        -4.934665260422042,
                        4.399051723521714,
                        8.870419393289106,
                        8.3473166619151,
                        7.338178326563514,
                        -14.614651257098222,
                        -6.539993972806882e-06,
                        8.021563571157873,
                        -5.45888319736843,
                        -18.58234532210868,
                        -2.2710303028901286,
                        13.229729559916125,
                        -8.254593215270733
                    ],
                    [
                        1.9968491958920092,
                        2.693014749339646,
                        -5.467277601567439,
                        4.843204101721415,
                        8.347316661915102,
                        10.10432840913782,
                        7.4374510254385955,
                        -16.34451273931858,
                        -7.33816952378551e-06,
                        7.984954957929699,
                        -6.7941298638708725,
                        -19.444246089326835,
                        -3.861264771101658,
                        9.968977664861496,
                        -13.983814264325224
                    ],
                    [
                        2.290799197155253,
                        2.5652780403498,
                        -4.509873396930192,
                        3.128802616198847,
                        7.338178326563514,
                        7.4374510254385955,
                        8.317696864424468,
                        -11.674964138711841,
                        -8.386269803267217e-06,
                        9.545292407934282,
                        -1.181588633331352,
                        -20.61521467980471,
                        1.3435046141848757,
                        19.9627794544082,
                        3.3131338221541347
                    ],
                    [
                        -2.993758327583184,
                        -4.941004407395908,
                        9.428858940750889,
                        -8.13208372988466,
                        -14.614651257098222,
                        -16.34451273931858,
                        -11.674964138711841,
                        29.36671121954973,
                        1.0574762418730965e-05,
                        -10.741565181971065,
                        14.416350205267618,
                        27.98776124189297,
                        9.422490022080137,
                        -8.486020273463806,
                        33.33759474793574
                    ],
                    [
                        -3.0419611186821928e-06,
                        -2.8542885925220646e-06,
                        4.558240980990537e-06,
                        -2.59255231333747e-06,
                        -6.539993972806882e-06,
                        -7.338169523785509e-06,
                        -8.386269803267216e-06,
                        1.0574762418730965e-05,
                        1.0061764344166348e-06,
                        -1.1192224036937813e-05,
                        -2.483192263587496e-06,
                        2.5267405273368552e-05,
                        -2.528756738946332e-06,
                        -2.6565302137066346e-05,
                        -1.2353139289413208e-05
                    ],
                    [
                        3.3109662220183735,
                        2.1322963781618687,
                        -5.0254763602803045,
                        3.6843692538356887,
                        8.021563571157873,
                        7.984954957929699,
                        9.545292407934282,
                        -10.741565181971069,
                        -1.1192224036937813e-05,
                        14.537597436410529,
                        3.209642986908072,
                        -29.885994249996067,
                        5.397579190057776,
                        35.14257650693756,
                        20.226319649741185
                    ],
                    [
                        0.5283088398114162,
                        -1.5126271678711696,
                        2.8724338730220387,
                        -4.088381549323778,
                        -5.458883197368429,
                        -6.7941298638708725,
                        -1.181588633331352,
                        14.416350205267616,
                        -2.4831922635874955e-06,
                        3.2096429869080714,
                        16.341771716915815,
                        -3.1538364557852505,
                        11.878594881403396,
                        22.251550444319694,
                        45.527877175747086
                    ],
                    [
                        -7.314949011529016,
                        -5.362306296823408,
                        12.37811956484704,
                        -9.391641313142966,
                        -18.58234532210868,
                        -19.444246089326835,
                        -20.61521467980471,
                        27.98776124189297,
                        2.5267405273368552e-05,
                        -29.885994249996067,
                        -3.1538364557852505,
                        65.82682445635199,
                        -7.0144908210397805,
                        -68.63681531808476,
                        -30.895526726288534
                    ],
                    [
                        0.7694753707711371,
                        -1.1510384186421585,
                        1.611364164872524,
                        -2.320983845322297,
                        -2.2710303028901286,
                        -3.861264771101658,
                        1.3435046141848757,
                        9.422490022080135,
                        -2.528756738946332e-06,
                        5.397579190057776,
                        11.878594881403396,
                        -7.0144908210397805,
                        12.151807678701537,
                        25.434284117163735,
                        40.216341054017484
                    ],
                    [
                        8.023183255249831,
                        2.551904863520381,
                        -7.53515701813967,
                        4.3125058278188995,
                        13.229729559916125,
                        9.968977664861496,
                        19.9627794544082,
                        -8.486020273463808,
                        -2.6565302137066346e-05,
                        35.14257650693756,
                        22.251550444319694,
                        -68.63681531808474,
                        25.434284117163735,
                        104.2447574408624,
                        94.51830447405627
                    ],
                    [
                        4.106657836779719,
                        -4.037792459791761,
                        4.943798296177298,
                        -7.739762054237209,
                        -8.254593215270733,
                        -13.983814264325217,
                        3.313133822154135,
                        33.33759474793574,
                        -1.2353139289413208e-05,
                        20.226319649741193,
                        45.527877175747086,
                        -30.895526726288534,
                        40.216341054017484,
                        94.51830447405627,
                        149.87841581112343
                    ]
                ]
            },
            "est_tgt": [
                0,
                1,
                2,
                3,
                4,
                5,
                8,
                10,
                11,
                12,
                13
            ],
            "oracle_est_tgt": [
                0,
                1,
                2,
                3,
                4,
                8,
                10,
                11,
                12,
                14
            ],
            "intv_base_est_tgt": []
        },
        "5": {
            "intv_type": "do",
            "inode": 5,
            "new_mui": 1.0,
            "new_vari": null,
            "true_params": {
                "Si": [
                    [
                        1.0,
                        0.5832074863401739,
                        -1.3094511534135442,
                        0.9643853796112696,
                        2.05370922816426,
                        0.0,
                        1.1669228397271212,
                        -1.6456426546923235,
                        0.45203776182385735,
                        1.7757284555084274,
                        0.802431323304367,
                        -5.326168295858942,
                        0.42797911836038127,
                        5.913737907076228,
                        5.660528360885124
                    ],
                    [
                        0.5832074863401739,
                        1.3401309721232242,
                        -1.7175842439943203,
                        0.9575453096439179,
                        2.512307495042341,
                        0.0,
                        1.0621329152518484,
                        -3.073491007203339,
                        0.6562258473116063,
                        0.06882951547154981,
                        -1.1411621855400043,
                        -2.696396041747624,
                        -1.597382733551037,
                        -0.25056433055169425,
                        -1.8719444697705723
                    ],
                    [
                        -1.3094511534135442,
                        -1.7175842439943203,
                        3.6245923567242575,
                        -2.614252844692148,
                        -4.88747002598568,
                        0.0,
                        -1.482830562802771,
                        5.788368799067924,
                        -3.1056843638804352,
                        0.7180234002803907,
                        4.839136524129538,
                        5.6112902622486,
                        4.724598826306945,
                        3.4210371428000617,
                        6.88025739119651
                    ],
                    [
                        0.9643853796112696,
                        0.9575453096439179,
                        -2.614252844692148,
                        3.0358825424378164,
                        4.389127535075983,
                        0.0,
                        0.4574885764528299,
                        -4.939141364940455,
                        4.275053391941298,
                        -2.7152444627123202,
                        -8.094623335702817,
                        -2.2508310115624504,
                        -6.922565875703974,
                        -9.791753698811876,
                        -14.705208581491245
                    ],
                    [
                        2.05370922816426,
                        2.512307495042341,
                        -4.88747002598568,
                        4.389127535075983,
                        8.776287964726794,
                        0.0,
                        2.6925010794689253,
                        -9.035875428011277,
                        5.088298231787651,
                        -1.05786966446077,
                        -8.9856491204123,
                        -7.956886728543762,
                        -7.465146932887488,
                        -4.542351993777553,
                        -12.458754789388331
                    ],
                    [
                        0.0,
                        0.0,
                        0.0,
                        0.0,
                        0.0,
                        1e-09,
                        5.499188542072399e-10,
                        -6.625087318515448e-10,
                        5.7882533145746154e-11,
                        4.952068027073436e-10,
                        -5.795718882836792e-10,
                        -7.060650681693884e-10,
                        -1.754296170676477e-10,
                        1.527099268386686e-10,
                        -1.8195686199803783e-09
                    ],
                    [
                        1.1669228397271212,
                        1.0621329152518484,
                        -1.482830562802771,
                        0.4574885764528299,
                        2.6925010794689253,
                        5.499188542072399e-10,
                        3.1962832289892664,
                        -1.406495262641415,
                        -1.7290110999362254,
                        5.603869883131647,
                        6.009991733684624,
                        -9.768512333121393,
                        5.770469240428037,
                        18.842991488166795,
                        19.974823798397484
                    ],
                    [
                        -1.6456426546923235,
                        -3.073491007203339,
                        5.788368799067924,
                        -4.939141364940455,
                        -9.035875428011277,
                        -6.625087318515448e-10,
                        -1.406495262641415,
                        12.141085083506654,
                        -7.041582223180823,
                        6.022869696107316,
                        15.682606272986018,
                        2.000759059403361,
                        14.255507926299092,
                        21.903961388354343,
                        32.81860124478585
                    ],
                    [
                        0.45203776182385735,
                        0.6562258473116063,
                        -3.1056843638804352,
                        4.275053391941298,
                        5.088298231787651,
                        5.7882533145746154e-11,
                        -1.7290110999362254,
                        -7.041582223180823,
                        9.313559469190098,
                        -9.847823031490853,
                        -19.79359341027165,
                        5.681798266831624,
                        -16.93183056232889,
                        -34.24958637084141,
                        -44.155968870074915
                    ],
                    [
                        1.7757284555084274,
                        0.06882951547154981,
                        0.7180234002803907,
                        -2.7152444627123202,
                        -1.05786966446077,
                        4.952068027073436e-10,
                        5.603869883131647,
                        6.022869696107316,
                        -9.847823031490853,
                        18.85402111986945,
                        27.856183722253256,
                        -23.508905890236758,
                        24.603949320824924,
                        63.5572031563919,
                        76.08227931750463
                    ],
                    [
                        0.802431323304367,
                        -1.1411621855400043,
                        4.839136524129538,
                        -8.094623335702817,
                        -8.9856491204123,
                        -5.795718882836792e-10,
                        6.009991733684624,
                        15.682606272986018,
                        -19.79359341027165,
                        27.856183722253256,
                        50.291507643517185,
                        -27.085651352188982,
                        42.02980912145638,
                        95.68399203432227,
                        121.56983621862159
                    ],
                    [
                        -5.326168295858942,
                        -2.696396041747624,
                        5.6112902622486,
                        -2.2508310115624504,
