{
    "expt_args": {
        "save_dir": "expt_logs_29.04.24-4",
        "exp_name": "98",
        "num_nodes": 4,
        "obs_noise_mean": 0.5,
        "obs_noise_var": 1.0,
        "max_edge_strength": 30.0,
        "num_parents": 2,
        "new_noise_mean": 10.0,
        "mix_samples": 4096,
        "stage2_samples": 4096,
        "intv_targets": [
            0,
            1,
            2,
            3
        ]
    },
    "intv_args_dict": {
        "0": {
            "intv_type": "do",
            "inode": 0,
            "new_mui": 10.0,
            "true_params": {
                "Si": [
                    [
                        7.35060613729104e-35,
                        8.490348778918044e-18,
                        -4.63694046796888e-17,
                        5.254059247625928e-16
                    ],
                    [
                        8.490348778918044e-18,
                        0.9999999999999996,
                        -5.321071250377488,
                        61.02480236041049
                    ],
                    [
                        -4.63694046796888e-17,
                        -5.321071250377488,
                        29.313799251593856,
                        -330.82989203864065
                    ],
                    [
                        5.254059247625928e-16,
                        61.02480236041049,
                        -330.82989203864065,
                        3762.3900229401625
                    ]
                ],
                "mui": [
                    9.999999999999998,
                    -261.0258933489034,
                    1422.9553241982019,
                    -16136.49065961446
                ],
                "Ai": [
                    [
                        0.0,
                        0.0,
                        0.0,
                        0.0
                    ],
                    [
                        -26.152589334890344,
                        0.0,
                        0.0,
                        0.0
                    ],
                    [
                        3.3517947495251046,
                        -5.321071250377489,
                        0.0,
                        0.0
                    ],
                    [
                        0.0,
                        28.49937846896512,
                        -6.112570638691967,
                        0.0
                    ]
                ]
            },
            "est_params": {
                "mui": [
                    9.999999999999998,
                    -261.03752018784854,
                    1422.9675221010689,
                    -16136.91679806318
                ],
                "Si": [
                    [
                        1e-06,
                        0.0,
                        0.0,
                        0.0
                    ],
                    [
                        0.0,
                        0.9714409988287258,
                        -5.252373071668403,
                        59.83999047476447
                    ],
                    [
                        0.0,
                        -5.252373071668403,
                        29.355319831881282,
                        -329.41295993790726
                    ],
                    [
                        0.0,
                        59.83999047476447,
                        -329.41295993790726,
                        3723.1318264494043
                    ]
                ]
            },
            "est_tgt": [
                0,
                1
            ]
        },
        "1": {
            "intv_type": "do",
            "inode": 1,
            "new_mui": 10.0,
            "true_params": {
                "Si": [
                    [
                        1.0,
                        0.0,
                        3.3517947495251046,
                        -20.48808217286905
                    ],
                    [
                        0.0,
                        0.0,
                        0.0,
                        0.0
                    ],
                    [
                        3.3517947495251046,
                        0.0,
                        12.234528042944058,
                        -74.78441689355334
                    ],
                    [
                        -20.48808217286905,
                        0.0,
                        -74.78441689355334,
                        458.12503093523367
                    ]
                ],
                "mui": [
                    0.5,
                    10.0,
                    -51.034815129012344,
                    597.4476971983246
                ],
                "Ai": [
                    [
                        0.0,
                        0.0,
                        0.0,
                        0.0
                    ],
                    [
                        0.0,
                        0.0,
                        0.0,
                        0.0
                    ],
                    [
                        3.3517947495251046,
                        -5.321071250377489,
                        0.0,
                        0.0
                    ],
                    [
                        0.0,
                        28.49937846896512,
                        -6.112570638691967,
                        0.0
                    ]
                ]
            },
            "est_params": {
                "mui": [
                    0.5166959474054056,
                    10.000001674514275,
                    -50.98741062607385,
                    597.1356902787379
                ],
                "Si": [
                    [
                        0.9800838991663064,
                        -1.463006874644657e-06,
                        3.3438248438287137,
                        -20.383966920313412
                    ],
                    [
                        -1.463006874644657e-06,
                        1.0023021242791907e-06,
                        -6.186972420052189e-06,
                        3.897963061887225e-05
                    ],
                    [
                        3.3438248438287137,
                        -6.186972420052189e-06,
                        12.386233168999125,
                        -75.5051504932707
                    ],
                    [
                        -20.383966920313412,
                        3.897963061887224e-05,
                        -75.5051504932707,
                        461.1783649901193
                    ]
                ]
            },
            "est_tgt": [
                1,
                2
            ]
        },
        "2": {
            "intv_type": "do",
            "inode": 2,
            "new_mui": 10.0,
            "true_params": {
                "Si": [
                    [
                        1.0,
                        -26.152589334890344,
                        0.0,
                        -745.3325413984606
                    ],
                    [
                        -26.152589334890344,
                        684.9579289194202,
                        0.0,
                        19520.87525159306
                    ],
                    [
                        0.0,
                        0.0,
                        0.0,
                        0.0
                    ],
                    [
                        -745.3325413984606,
                        19520.87525159306,
                        0.0,
                        556333.8118406053
                    ]
                ],
                "mui": [
                    0.5,
                    -12.576294667445172,
                    10.0,
                    -419.0422878516674
                ],
                "Ai": [
                    [
                        0.0,
                        0.0,
                        0.0,
                        0.0
                    ],
                    [
                        -26.152589334890344,
                        0.0,
                        0.0,
                        0.0
                    ],
                    [
                        0.0,
                        0.0,
                        0.0,
                        0.0
                    ],
                    [
                        0.0,
                        28.49937846896512,
                        -6.112570638691967,
                        0.0
                    ]
                ]
            },
            "est_params": {
                "mui": [
                    0.473090714230985,
                    -11.882959412615273,
                    10.000000428545311,
                    -399.3441880696551
                ],
                "Si": [
                    [
                        0.993926029026253,
                        -26.009689333201532,
                        -1.5256619862655649e-07,
                        -741.2205226517714
                    ],
                    [
                        -26.009689333201532,
                        681.6506682402356,
                        4.487618106960606e-06,
                        19425.619300546605
                    ],
                    [
                        -1.5256619862655649e-07,
                        4.487618106960605e-06,
                        1.001994656400393e-06,
                        0.00012729105093502253
                    ],
                    [
                        -741.2205226517714,
                        19425.619300546605,
                        0.00012729105093502253,
                        553590.5201310876
                    ]
                ]
            },
            "est_tgt": [
                2
            ]
        },
        "3": {
            "intv_type": "do",
            "inode": 3,
            "new_mui": 10.0,
            "true_params": {
                "Si": [
                    [
                        1.0,
                        -26.152589334890344,
                        142.51158598233906,
                        0.0
                    ],
                    [
                        -26.152589334890344,
                        684.9579289194202,
                        -3732.368054910406,
                        0.0
                    ],
                    [
                        142.51158598233906,
                        -3732.368054910406,
                        20338.86593845321,
                        0.0
                    ],
                    [
                        0.0,
                        0.0,
                        0.0,
                        0.0
                    ]
                ],
                "mui": [
                    0.5,
                    -12.576294667445172,
                    69.09525736598079,
                    10.0
                ],
                "Ai": [
                    [
                        0.0,
                        0.0,
                        0.0,
                        0.0
                    ],
                    [
                        -26.152589334890344,
                        0.0,
                        0.0,
                        0.0
                    ],
                    [
                        3.3517947495251046,
                        -5.321071250377489,
                        0.0,
                        0.0
                    ],
                    [
                        0.0,
                        0.0,
                        0.0,
                        0.0
                    ]
                ]
            },
            "est_params": {
                "mui": [
                    0.5564871841641341,
                    -14.097959295188764,
                    77.33909968132207,
                    9.999999999999998
                ],
                "Si": [
                    [
                        0.9771085356967122,
                        -25.508637281622295,
                        138.9504165278564,
                        -2.793280801222196e-32
                    ],
                    [
                        -25.508637281622295,
                        666.9693690978723,
                        -3633.004421444804,
                        -1.17741601772897e-29
                    ],
                    [
                        138.9504165278564,
                        -3633.004421444804,
                        19790.163724150265,
                        5.091861940545179e-29
                    ],
                    [
                        -2.793280801222196e-32,
                        -1.17741601772897e-29,
                        5.091861940545179e-29,
                        1e-06
                    ]
                ]
            },
            "est_tgt": [
                3
            ]
        },
        "obs": {
            "intv_type": "obs",
            "true_params": {
                "Si": [
                    [
                        0.9999999999999998,
                        -26.152589334890337,
                        142.51158598233903,
                        -1616.4446775475317
                    ],
                    [
                        -26.152589334890337,
                        684.9579289194199,
                        -3732.3680549104056,
                        42335.23863683025
                    ],
                    [
                        142.51158598233903,
                        -3732.3680549104056,
                        20338.86593845321,
                        -230692.92454204804
                    ],
                    [
                        -1616.4446775475317,
                        42335.23863683025,
                        -230692.92454204804,
                        2616655.7855946845
                    ]
                ],
                "mui": [
                    0.49999999999999994,
                    -12.57629466744517,
                    69.09525736598079,
                    -780.2662229129066
                ],
                "Ai": [
                    [
                        0.0,
                        0.0,
                        0.0,
                        0.0
                    ],
                    [
                        -26.152589334890344,
                        0.0,
                        0.0,
                        0.0
                    ],
                    [
                        3.3517947495251046,
                        -5.321071250377489,
                        0.0,
                        0.0
                    ],
                    [
                        0.0,
                        28.49937846896512,
                        -6.112570638691967,
                        0.0
                    ]
                ]
            },
            "est_params": {
                "mui": [
                    0.5001275325866996,
                    -12.529658561538831,
                    68.84042577976946,
                    -777.4189981698722
                ],
                "Si": [
                    [
                        0.97736727397076,
                        -25.53071167116958,
                        139.13081709070204,
                        -1578.0663971770957
                    ],
                    [
                        -25.53071167116958,
                        667.9611179769063,
                        -3639.966834009296,
                        41286.224743933155
                    ],
                    [
                        139.13081709070204,
                        -3639.966834009296,
                        19836.42880749075,
                        -224989.36693246517
                    ],
                    [
                        -1578.0663971770957,
                        41286.224743933155,
                        -224989.36693246517,
                        2551907.7969508455
                    ]
                ]
            }
        }
    },
    "metric_dict": {
        "param_est_rel_err": 0.23055984694313525,
        "est_dag": {
            "amat": [
                [
                    0,
                    0,
                    0,
                    0
                ],
                [
                    0,
                    0,
                    1,
                    1
                ],
                [
                    0,
                    0,
                    0,
                    1
                ],
                [
                    0,
                    0,
                    0,
                    0
                ]
            ],
            "nodes": [
                0,
                1,
                2,
                3
            ]
        },
        "act_dag": {
            "amat": [
                [
                    0,
                    1,
                    1,
                    0
                ],
                [
                    0,
                    0,
                    1,
                    1
                ],
                [
                    0,
                    0,
                    0,
                    1
                ],
                [
                    0,
                    0,
                    0,
                    0
                ]
            ],
            "nodes": [
                0,
                1,
                2,
                3
            ]
        },
        "shd": 2,
        "avg_js": 0.75
    }
}