{
    "expt_args": {
        "save_dir": "expt_logs_30.04.24-allunk",
        "exp_name": "129",
        "num_nodes": 6,
        "obs_noise_mean": 0.0,
        "obs_noise_var": 1.0,
        "max_edge_strength": 1.0,
        "graph_sparsity_method": "num_parents",
        "adj_dense_prop": null,
        "num_parents": 2,
        "new_noise_mean": 1.0,
        "mix_samples": 2048,
        "stage2_samples": 2048,
        "gmm_tol": 0.001,
        "intv_targets": [
            0,
            1,
            2,
            3,
            4,
            5
        ]
    },
    "intv_args_dict": {
        "0": {
            "intv_type": "do",
            "inode": 0,
            "new_mui": 1.0,
            "true_params": {
                "Si": [
                    [
                        0.0,
                        0.0,
                        0.0,
                        0.0,
                        0.0,
                        0.0
                    ],
                    [
                        0.0,
                        1.0,
                        -0.6082752880846033,
                        -0.8437279633065184,
                        0.6000442769824121,
                        0.425974639509378
                    ],
                    [
                        0.0,
                        -0.6082752880846033,
                        1.3699988260944072,
                        0.5132188699453081,
                        -1.3514603850818183,
                        -0.2591098465643019
                    ],
                    [
                        0.0,
                        -0.8437279633065184,
                        0.5132188699453081,
                        1.7118768760653658,
                        -0.506274135712103,
                        -0.8642787330511492
                    ],
                    [
                        0.0,
                        0.6000442769824121,
                        -1.3514603850818183,
                        -0.506274135712103,
                        2.333172801068981,
                        0.2556036445772484
                    ],
                    [
                        0.0,
                        0.425974639509378,
                        -0.2591098465643019,
                        -0.8642787330511492,
                        0.2556036445772484,
                        1.4363501481025773
                    ]
                ],
                "mui": [
                    1.0,
                    0.966311617796355,
                    -1.4152551030912193,
                    -1.565640434114245,
                    0.6560883202956787,
                    1.7573531747432811
                ],
                "Ai": [
                    [
                        0.0,
                        0.0,
                        0.0,
                        0.0,
                        0.0,
                        0.0
                    ],
                    [
                        0.966311617796355,
                        0.0,
                        0.0,
                        0.0,
                        0.0,
                        0.0
                    ],
                    [
                        -0.8274716253966423,
                        -0.6082752880846033,
                        0.0,
                        0.0,
                        0.0,
                        0.0
                    ],
                    [
                        -0.7503363009114994,
                        -0.8437279633065184,
                        0.0,
                        0.0,
                        0.0,
                        0.0
                    ],
                    [
                        -0.7400159464979524,
                        -0.0,
                        -0.986468279636824,
                        0.0,
                        0.0,
                        0.0
                    ],
                    [
                        0.9669051292506434,
                        0.0,
                        -0.0,
                        -0.5048720180376733,
                        0.0,
                        0.0
                    ]
                ]
            },
            "est_params": {
                "mui": [
                    0.999990058280465,
                    0.8204355211343629,
                    -1.3078458523411878,
                    -1.4455078304839648,
                    0.6022125164652053,
                    1.8157966125490186
                ],
                "Si": [
                    [
                        1.039678491664352e-06,
                        2.3372518143191583e-05,
                        -1.911975461568466e-05,
                        -3.199613678883814e-05,
                        1.4485232078371392e-05,
                        2.0874025803880022e-05
                    ],
                    [
                        2.337251814319158e-05,
                        1.104282918207437,
                        -0.6690583054426565,
                        -0.8666474951541951,
                        0.6682079900642498,
                        0.4851945403171103
                    ],
                    [
                        -1.9119754615684658e-05,
                        -0.6690583054426565,
                        1.5511822971250535,
                        0.5964820196135028,
                        -1.4843220656872202,
                        -0.4775500338312769
                    ],
                    [
                        -3.199613678883814e-05,
                        -0.8666474951541953,
                        0.5964820196135028,
                        1.7820447046145174,
                        -0.5395403027244607,
                        -0.918886446300947
                    ],
                    [
                        1.4485232078371392e-05,
                        0.6682079900642496,
                        -1.4843220656872202,
                        -0.5395403027244607,
                        2.3113101625539865,
                        0.42014414061306987
                    ],
                    [
                        2.0874025803880022e-05,
                        0.4851945403171103,
                        -0.47755003383127687,
                        -0.918886446300947,
                        0.42014414061306987,
                        1.4981272878540195
                    ]
                ]
            },
            "est_tgt": [
                0
            ]
        },
        "1": {
            "intv_type": "do",
            "inode": 1,
            "new_mui": 1.0,
            "true_params": {
                "Si": [
                    [
                        1.0,
                        0.0,
                        -0.8274716253966423,
                        -0.7503363009114994,
                        0.07625856425535983,
                        1.345728931698755
                    ],
                    [
                        0.0,
                        0.0,
                        0.0,
                        0.0,
                        0.0,
                        0.0
                    ],
                    [
                        -0.8274716253966423,
                        0.0,
                        1.6847092908365613,
                        0.6208819985093426,
                        -1.049570077751621,
                        -1.1135525064560559
                    ],
                    [
                        -0.7503363009114994,
                        0.0,
                        0.6208819985093426,
                        1.5630045644655521,
                        -0.05721956901618858,
                        -1.514621286678101
                    ],
                    [
                        0.07625856425535983,
                        0.0,
                        -1.049570077751621,
                        -0.05721956901618858,
                        1.9789350353519242,
                        0.10262335620824625
                    ],
                    [
                        1.345728931698755,
                        0.0,
                        -1.1135525064560559,
                        -1.514621286678101,
                        0.10262335620824625,
                        3.0658821122085054
                    ]
                ],
                "mui": [
                    0.0,
                    1.0,
                    -0.6082752880846033,
                    -0.8437279633065184,
                    0.6000442769824121,
                    0.425974639509378
                ],
                "Ai": [
                    [
                        0.0,
                        0.0,
                        0.0,
                        0.0,
                        0.0,
                        0.0
                    ],
                    [
                        0.0,
                        0.0,
                        0.0,
                        0.0,
                        0.0,
                        0.0
                    ],
                    [
                        -0.8274716253966423,
                        -0.6082752880846033,
                        0.0,
                        0.0,
                        0.0,
                        0.0
                    ],
                    [
                        -0.7503363009114994,
                        -0.8437279633065184,
                        0.0,
                        0.0,
                        0.0,
                        0.0
                    ],
                    [
                        -0.7400159464979524,
                        -0.0,
                        -0.986468279636824,
                        0.0,
                        0.0,
                        0.0
                    ],
                    [
                        0.9669051292506434,
                        0.0,
                        -0.0,
                        -0.5048720180376733,
                        0.0,
                        0.0
                    ]
                ]
            },
            "est_params": {
                "mui": [
                    0.027579632304319382,
                    1.0000081979572397,
                    -0.6344568066701602,
                    -0.975730763147553,
                    0.5781805161089044,
                    0.5642762995236159
                ],
                "Si": [
                    [
                        1.099557836279022,
                        -1.0643957871155044e-05,
                        -0.925656979152667,
                        -0.8291137917288598,
                        0.0016488274808316304,
                        1.352443056209552
                    ],
                    [
                        -1.0643957871155044e-05,
                        1.0196906087836926e-06,
                        1.896729767678043e-05,
                        6.338153727534824e-06,
                        -8.000430787137502e-06,
                        -1.3132302319013862e-05
                    ],
                    [
                        -0.925656979152667,
                        1.8967297676780425e-05,
                        1.7344921084544431,
                        0.6866805399402186,
                        -0.9438149602111503,
                        -1.0382255458894547
                    ],
                    [
                        -0.8291137917288598,
                        6.338153727534824e-06,
                        0.6866805399402187,
                        1.6453299091641809,
                        -0.03965482979048542,
                        -1.5456377503196297
                    ],
                    [
                        0.001648827480831642,
                        -8.000430787137502e-06,
                        -0.9438149602111503,
                        -0.039654829790485416,
                        2.174540165061076,
                        0.03867098766911155
                    ],
                    [
                        1.352443056209552,
                        -1.3132302319013862e-05,
                        -1.0382255458894547,
                        -1.5456377503196297,
                        0.038670987669111645,
                        3.0034042138291244
                    ]
                ]
            },
            "est_tgt": [
                1,
                3
            ]
        },
        "2": {
            "intv_type": "do",
            "inode": 2,
            "new_mui": 1.0,
            "true_params": {
                "Si": [
                    [
                        1.0,
                        0.966311617796355,
                        0.0,
                        -1.565640434114245,
                        -0.7400159464979524,
                        1.7573531747432811
                    ],
                    [
                        0.966311617796355,
                        1.933758142688209,
                        0.0,
                        -2.356624504082842,
                        -0.7150860064555373,
                        2.124125428835119
                    ],
                    [
                        0.0,
                        0.0,
                        0.0,
                        0.0,
                        0.0,
                        0.0
                    ],
                    [
                        -1.565640434114245,
                        -2.356624504082842,
                        0.0,
                        4.163106844998807,
                        1.158598887726518,
                        -3.6156619204482663
                    ],
                    [
                        -0.7400159464979524,
                        -0.7150860064555373,
                        0.0,
                        1.158598887726518,
                        1.5476236010712605,
                        -1.3004693729388308
                    ],
                    [
                        1.7573531747432811,
                        2.124125428835119,
                        0.0,
                        -3.6156619204482663,
                        -1.3004693729388308,
                        4.5246403288828665
                    ]
                ],
                "mui": [
                    0.0,
                    0.0,
                    1.0,
                    0.0,
                    -0.986468279636824,
                    0.0
                ],
                "Ai": [
                    [
                        0.0,
                        0.0,
                        0.0,
                        0.0,
                        0.0,
                        0.0
                    ],
                    [
                        0.966311617796355,
                        0.0,
                        0.0,
                        0.0,
                        0.0,
                        0.0
                    ],
                    [
                        0.0,
                        0.0,
                        0.0,
                        0.0,
                        0.0,
                        0.0
                    ],
                    [
                        -0.7503363009114994,
                        -0.8437279633065184,
                        0.0,
                        0.0,
                        0.0,
                        0.0
                    ],
                    [
                        -0.7400159464979524,
                        -0.0,
                        -0.986468279636824,
                        0.0,
                        0.0,
                        0.0
                    ],
                    [
                        0.9669051292506434,
                        0.0,
                        -0.0,
                        -0.5048720180376733,
                        0.0,
                        0.0
                    ]
                ]
            },
            "est_params": {
                "mui": [
                    0.028370325870248226,
                    -0.02647998622397897,
                    0.9999976182550202,
                    -0.04433276783450327,
                    -1.044223994133448,
                    0.07118358003408073
                ],
                "Si": [
                    [
                        1.1066681720432918,
                        1.0765465728203907,
                        1.0997555313855772e-06,
                        -1.7250754511638908,
                        -0.8088058807724867,
                        2.020691915109258
                    ],
                    [
                        1.0765465728203907,
                        2.0157926837859907,
                        8.069359552829769e-06,
                        -2.4751701171308946,
                        -0.7123972393843605,
                        2.4319339303323613
                    ],
                    [
                        1.0997555313855768e-06,
                        8.069359552829769e-06,
                        1.0081807096419853e-06,
                        1.88903641580078e-06,
                        -6.824792446556761e-06,
                        8.783322530579254e-06
                    ],
                    [
                        -1.7250754511638913,
                        -2.475170117130895,
                        1.88903641580078e-06,
                        4.468371628017405,
                        1.2645044326632982,
                        -4.160609083415941
                    ],
                    [
                        -0.8088058807724868,
                        -0.7123972393843605,
                        -6.8247924465567634e-06,
                        1.2645044326632982,
                        1.5731061831606354,
                        -1.5522911927636482
                    ],
                    [
                        2.020691915109258,
                        2.4319339303323613,
                        8.783322530579257e-06,
                        -4.160609083415941,
                        -1.5522911927636482,
                        5.284452658435021
                    ]
                ]
            },
            "est_tgt": [
                2
            ]
        },
        "3": {
            "intv_type": "do",
            "inode": 3,
            "new_mui": 1.0,
            "true_params": {
                "Si": [
                    [
                        1.0,
                        0.966311617796355,
                        -1.4152551030912193,
                        0.0,
                        0.6560883202956787,
                        0.9669051292506434
                    ],
                    [
                        0.966311617796355,
                        1.933758142688209,
                        -1.9758527363472265,
                        0.0,
                        1.2340300431846225,
                        0.934331659701783
                    ],
                    [
                        -1.4152551030912193,
                        -1.9758527363472265,
                        3.3729458329201445,
                        0.0,
                        -2.279992728458824,
                        -1.3684174183770481
                    ],
                    [
                        0.0,
                        0.0,
                        0.0,
                        0.0,
                        0.0,
                        0.0
                    ],
                    [
                        0.6560883202956787,
                        1.2340300431846225,
                        -2.279992728458824,
                        0.0,
                        2.763624685097386,
                        0.6343751621353307
                    ],
                    [
                        0.9669051292506434,
                        0.934331659701783,
                        -1.3684174183770481,
                        0.0,
                        0.6343751621353307,
                        1.9349055289712034
                    ]
                ],
                "mui": [
                    0.0,
                    0.0,
                    0.0,
                    1.0,
                    0.0,
                    -0.5048720180376733
                ],
                "Ai": [
                    [
                        0.0,
                        0.0,
                        0.0,
                        0.0,
                        0.0,
                        0.0
                    ],
                    [
                        0.966311617796355,
                        0.0,
                        0.0,
                        0.0,
                        0.0,
                        0.0
                    ],
                    [
                        -0.8274716253966423,
                        -0.6082752880846033,
                        0.0,
                        0.0,
                        0.0,
                        0.0
                    ],
                    [
                        0.0,
                        0.0,
                        0.0,
                        0.0,
                        0.0,
                        0.0
                    ],
                    [
                        -0.7400159464979524,
                        -0.0,
                        -0.986468279636824,
                        0.0,
                        0.0,
                        0.0
                    ],
                    [
                        0.9669051292506434,
                        0.0,
                        -0.0,
                        -0.5048720180376733,
                        0.0,
                        0.0
                    ]
                ]
            },
            "est_params": {
                "mui": [
                    -0.029386929457188484,
                    0.06213599282508276,
                    -0.045159460158738444,
                    0.99999139329441,
                    0.08607921268501495,
                    -0.49809236553543146
                ],
                "Si": [
                    [
                        1.0838190159332917,
                        1.0676776485317934,
                        -1.5205964144041608,
                        4.827842229189926e-06,
                        0.7692287930943201,
                        1.0380665055687646
                    ],
                    [
                        1.0676776485317934,
                        2.1584917259824423,
                        -2.1318321180738575,
                        1.1614581723686946e-05,
                        1.301538879405527,
                        1.026122408989024
                    ],
                    [
                        -1.5205964144041608,
                        -2.1318321180738575,
                        3.4144650521304634,
                        -3.885207129089819e-06,
                        -2.2781160663548863,
                        -1.417387489454113
                    ],
                    [
                        4.827842229189926e-06,
                        1.1614581723686946e-05,
                        -3.885207129089819e-06,
                        1.0252356535818612e-06,
                        5.470484685790752e-07,
                        6.326878800731359e-06
                    ],
                    [
                        0.7692287930943201,
                        1.301538879405527,
                        -2.2781160663548863,
                        5.470484685790751e-07,
                        2.626778512231683,
                        0.7369445903418734
                    ],
                    [
                        1.0380665055687648,
                        1.026122408989024,
                        -1.417387489454113,
                        6.32687880073136e-06,
                        0.7369445903418734,
                        1.998114020939203
                    ]
                ]
            },
            "est_tgt": [
                1,
                3
            ]
        },
        "4": {
            "intv_type": "do",
            "inode": 4,
            "new_mui": 1.0,
            "true_params": {
                "Si": [
                    [
                        1.0,
                        0.966311617796355,
                        -1.4152551030912193,
                        -1.565640434114245,
                        0.0,
                        1.7573531747432811
                    ],
                    [
                        0.966311617796355,
                        1.933758142688209,
                        -1.9758527363472265,
                        -2.356624504082842,
                        0.0,
                        2.124125428835119
                    ],
                    [
                        -1.4152551030912193,
                        -1.9758527363472265,
                        3.3729458329201445,
                        2.728999483931445,
                        0.0,
                        -2.7462128950532856
                    ],
                    [
                        -1.565640434114245,
                        -2.356624504082842,
                        2.728999483931445,
                        4.163106844998807,
                        0.0,
                        -3.6156619204482663
                    ],
                    [
                        0.0,
                        0.0,
                        0.0,
                        0.0,
                        0.0,
                        0.0
                    ],
                    [
                        1.7573531747432811,
                        2.124125428835119,
                        -2.7462128950532856,
                        -3.6156619204482663,
                        0.0,
                        4.5246403288828665
                    ]
                ],
                "mui": [
                    0.0,
                    0.0,
                    0.0,
                    0.0,
                    1.0,
                    0.0
                ],
                "Ai": [
                    [
                        0.0,
                        0.0,
                        0.0,
                        0.0,
                        0.0,
                        0.0
                    ],
                    [
                        0.966311617796355,
                        0.0,
                        0.0,
                        0.0,
                        0.0,
                        0.0
                    ],
                    [
                        -0.8274716253966423,
                        -0.6082752880846033,
                        0.0,
                        0.0,
                        0.0,
                        0.0
                    ],
                    [
                        -0.7503363009114994,
                        -0.8437279633065184,
                        0.0,
                        0.0,
                        0.0,
                        0.0
                    ],
                    [
                        0.0,
                        0.0,
                        0.0,
                        0.0,
                        0.0,
                        0.0
                    ],
                    [
                        0.9669051292506434,
                        0.0,
                        -0.0,
                        -0.5048720180376733,
                        0.0,
                        0.0
                    ]
                ]
            },
            "est_params": {
                "mui": [
                    0.03869576389818404,
                    0.061816651028190554,
                    0.0746191426587293,
                    -0.06965657621284613,
                    1.0000002564223525,
                    0.026547090455132757
                ],
                "Si": [
                    [
                        0.97426883541047,
                        0.925102377529888,
                        -1.349008418232687,
                        -1.551253123955082,
                        1.287063788667649e-07,
                        1.7682891013640631
                    ],
                    [
                        0.925102377529888,
                        1.8904043080463773,
                        -1.8466320142882329,
                        -2.3794094386341738,
                        -3.075831858506459e-07,
                        2.1259964003249903
                    ],
                    [
                        -1.3490084182326867,
                        -1.8466320142882329,
                        3.42882750553797,
                        2.7000172489045835,
                        -6.758237931834234e-07,
                        -2.6789859530087
                    ],
                    [
                        -1.551253123955082,
                        -2.3794094386341738,
                        2.7000172489045835,
                        4.150422668569678,
                        4.2491432926084564e-07,
                        -3.6309657371834314
                    ],
                    [
                        1.287063788667649e-07,
                        -3.075831858506459e-07,
                        -6.758237931834234e-07,
                        4.2491432926084564e-07,
                        1.0006208221841381e-06,
                        2.41208964688369e-07
                    ],
                    [
                        1.7682891013640631,
                        2.1259964003249903,
                        -2.6789859530087,
                        -3.6309657371834323,
                        2.41208964688369e-07,
                        4.465858220186254
                    ]
                ]
            },
            "est_tgt": [
                4
            ]
        },
        "5": {
            "intv_type": "do",
            "inode": 5,
            "new_mui": 1.0,
            "true_params": {
                "Si": [
                    [
                        1.0,
                        0.966311617796355,
                        -1.4152551030912193,
                        -1.565640434114245,
                        0.6560883202956787,
                        0.0
                    ],
                    [
                        0.966311617796355,
                        1.933758142688209,
                        -1.9758527363472265,
                        -2.356624504082842,
                        1.2340300431846225,
                        0.0
                    ],
                    [
                        -1.4152551030912193,
                        -1.9758527363472265,
                        3.3729458329201445,
                        2.728999483931445,
                        -2.279992728458824,
                        0.0
                    ],
                    [
                        -1.565640434114245,
                        -2.356624504082842,
                        2.728999483931445,
                        4.163106844998807,
                        -1.533472538317115,
                        0.0
                    ],
                    [
                        0.6560883202956787,
                        1.2340300431846225,
                        -2.279992728458824,
                        -1.533472538317115,
                        2.763624685097386,
                        0.0
                    ],
                    [
                        0.0,
                        0.0,
                        0.0,
                        0.0,
                        0.0,
                        0.0
                    ]
                ],
                "mui": [
                    0.0,
                    0.0,
                    0.0,
                    0.0,
                    0.0,
                    1.0
                ],
                "Ai": [
                    [
                        0.0,
                        0.0,
                        0.0,
                        0.0,
                        0.0,
                        0.0
                    ],
                    [
                        0.966311617796355,
                        0.0,
                        0.0,
                        0.0,
                        0.0,
                        0.0
                    ],
                    [
                        -0.8274716253966423,
                        -0.6082752880846033,
                        0.0,
                        0.0,
                        0.0,
                        0.0
                    ],
                    [
                        -0.7503363009114994,
                        -0.8437279633065184,
                        0.0,
                        0.0,
                        0.0,
                        0.0
                    ],
                    [
                        -0.7400159464979524,
                        -0.0,
                        -0.986468279636824,
                        0.0,
                        0.0,
                        0.0
                    ],
                    [
                        0.0,
                        0.0,
                        0.0,
                        0.0,
                        0.0,
                        0.0
                    ]
                ]
            },
            "est_params": {
                "mui": [
                    -0.016110017800515183,
                    -0.020140689215235562,
                    -0.05441427925272242,
                    0.035271221811145226,
                    0.1076663662463387,
                    1.0000055205173939
                ],
                "Si": [
                    [
                        0.9395098459011773,
                        0.888497705250881,
                        -1.2431301957065946,
                        -1.4773530567018367,
                        0.5341350088734742,
                        -3.4479793625180353e-06
                    ],
                    [
                        0.888497705250881,
                        2.059088172123437,
                        -1.824170138766085,
                        -2.4843199754045013,
                        1.0735041193903985,
                        -4.587796803564432e-06
                    ],
                    [
                        -1.2431301957065946,
                        -1.824170138766085,
                        3.0078403626100214,
                        2.4852101096563044,
                        -1.9942547900163958,
                        1.6419938382590375e-05
                    ],
                    [
                        -1.4773530567018367,
                        -2.4843199754045013,
                        2.4852101096563044,
                        4.159991434114176,
                        -1.2570615207930722,
                        -1.5678510675963166e-06
                    ],
                    [
                        0.5341350088734742,
                        1.0735041193903985,
                        -1.9942547900163958,
                        -1.2570615207930722,
                        2.4847701036555554,
                        -1.2631053174707582e-05
                    ],
                    [
                        -3.4479793625180345e-06,
                        -4.587796803564432e-06,
                        1.6419938382590375e-05,
                        -1.5678510675963166e-06,
                        -1.2631053174707582e-05,
                        1.0136977829970928e-06
                    ]
                ]
            },
            "est_tgt": [
                5
            ]
        },
        "obs": {
            "intv_type": "obs",
            "true_params": {
                "Si": [
                    [
                        1.0,
                        0.966311617796355,
                        -1.4152551030912193,
                        -1.565640434114245,
                        0.6560883202956787,
                        1.7573531747432811
                    ],
                    [
                        0.966311617796355,
                        1.933758142688209,
                        -1.9758527363472265,
                        -2.356624504082842,
                        1.2340300431846225,
                        2.124125428835119
                    ],
                    [
                        -1.4152551030912193,
                        -1.9758527363472265,
                        3.3729458329201445,
                        2.728999483931445,
                        -2.279992728458824,
                        -2.7462128950532856
                    ],
                    [
                        -1.565640434114245,
                        -2.356624504082842,
                        2.728999483931445,
                        4.163106844998807,
                        -1.533472538317115,
                        -3.6156619204482663
                    ],
                    [
                        0.6560883202956787,
                        1.2340300431846225,
                        -2.279992728458824,
                        -1.533472538317115,
                        2.763624685097386,
                        1.4085825371608458
                    ],
                    [
                        1.7573531747432811,
                        2.124125428835119,
                        -2.7462128950532856,
                        -3.6156619204482663,
                        1.4085825371608458,
                        4.5246403288828665
                    ]
                ],
                "mui": [
                    0.0,
                    0.0,
                    0.0,
                    0.0,
                    0.0,
                    0.0
                ],
                "Ai": [
                    [
                        0.0,
                        0.0,
                        0.0,
                        0.0,
                        0.0,
                        0.0
                    ],
                    [
                        0.966311617796355,
                        0.0,
                        0.0,
                        0.0,
                        0.0,
                        0.0
                    ],
                    [
                        -0.8274716253966423,
                        -0.6082752880846033,
                        0.0,
                        0.0,
                        0.0,
                        0.0
                    ],
                    [
                        -0.7503363009114994,
                        -0.8437279633065184,
                        0.0,
                        0.0,
                        0.0,
                        0.0
                    ],
                    [
                        -0.7400159464979524,
                        -0.0,
                        -0.986468279636824,
                        0.0,
                        0.0,
                        0.0
                    ],
                    [
                        0.9669051292506434,
                        0.0,
                        -0.0,
                        -0.5048720180376733,
                        0.0,
                        0.0
                    ]
                ]
            },
            "est_params": {
                "mui": [
                    0.06792312835922018,
                    0.017612183559046733,
                    -0.05432282752255013,
                    -0.04326811972791377,
                    -0.028936369037334597,
                    0.16915445664036785
                ],
                "Si": [
                    [
                        0.9287192012869937,
