{
    "expt_args": {
        "save_dir": "expt_logs_30.04.24-allunk",
        "exp_name": "19",
        "num_nodes": 8,
        "obs_noise_mean": 0.0,
        "obs_noise_var": 1.0,
        "max_edge_strength": 1.0,
        "graph_sparsity_method": "num_parents",
        "adj_dense_prop": null,
        "num_parents": 2,
        "new_noise_mean": 1.0,
        "mix_samples": 8192,
        "stage2_samples": 8192,
        "gmm_tol": 0.001,
        "intv_targets": [
            0,
            1,
            2,
            3,
            4,
            5,
            6,
            7
        ]
    },
    "intv_args_dict": {
        "0": {
            "intv_type": "do",
            "inode": 0,
            "new_mui": 1.0,
            "true_params": {
                "Si": [
                    [
                        0.0,
                        0.0,
                        0.0,
                        0.0,
                        0.0,
                        0.0,
                        0.0,
                        0.0
                    ],
                    [
                        0.0,
                        1.0,
                        -0.7468202428875124,
                        -1.527389174456393,
                        1.3661996245426364,
                        0.579386564585141,
                        -0.6230081300050163,
                        0.9375467132873239
                    ],
                    [
                        0.0,
                        -0.7468202428875124,
                        1.557740475186563,
                        2.0603164214958634,
                        -1.7242772006689497,
                        -1.2085021945093546,
                        0.46527508297124115,
                        -1.183275411032724
                    ],
                    [
                        0.0,
                        -1.527389174456393,
                        2.0603164214958634,
                        4.17863935794046,
                        -2.734112871277328,
                        -1.5984029152630244,
                        0.951575873367983,
                        -1.8762693900466885
                    ],
                    [
                        0.0,
                        1.3661996245426364,
                        -1.7242772006689497,
                        -2.734112871277328,
                        3.362077519554447,
                        1.3377021488135286,
                        -0.8511534732998634,
                        2.3072065543355
                    ],
                    [
                        0.0,
                        0.579386564585141,
                        -1.2085021945093546,
                        -1.5984029152630244,
                        1.3377021488135286,
                        1.93756153698132,
                        -0.36096254015221935,
                        0.9179904828310649
                    ],
                    [
                        0.0,
                        -0.6230081300050163,
                        0.46527508297124115,
                        0.951575873367983,
                        -0.8511534732998634,
                        -0.36096254015221935,
                        1.3881391300523473,
                        -0.5840992246374849
                    ],
                    [
                        0.0,
                        0.9375467132873239,
                        -1.183275411032724,
                        -1.8762693900466885,
                        2.3072065543355,
                        0.9179904828310649,
                        -0.5840992246374849,
                        2.583307360823179
                    ]
                ],
                "mui": [
                    1.0,
                    -0.6780298195189972,
                    -0.37034851472075736,
                    0.22936096331473166,
                    -0.3091416302762106,
                    1.0895997658896384,
                    -0.46860378886045007,
                    0.5476617965850444
                ],
                "Ai": [
                    [
                        0.0,
                        0.0,
                        0.0,
                        0.0,
                        0.0,
                        0.0,
                        0.0,
                        0.0
                    ],
                    [
                        -0.6780298195189972,
                        0.0,
                        0.0,
                        0.0,
                        0.0,
                        0.0,
                        0.0,
                        0.0
                    ],
                    [
                        -0.876714909218911,
                        -0.7468202428875124,
                        0.0,
                        0.0,
                        0.0,
                        0.0,
                        0.0,
                        0.0
                    ],
                    [
                        0.0,
                        -0.8405899280858428,
                        0.919631267244583,
                        0.0,
                        0.0,
                        0.0,
                        0.0,
                        0.0
                    ],
                    [
                        0.0,
                        0.8404593345257656,
                        -0.7039716652351897,
                        -0.0,
                        0.0,
                        0.0,
                        0.0,
                        0.0
                    ],
                    [
                        0.802281692113766,
                        0.0,
                        -0.7758045796201181,
                        0.0,
                        -0.0,
                        0.0,
                        0.0,
                        0.0
                    ],
                    [
                        -0.8910218788066192,
                        -0.6230081300050163,
                        -0.0,
                        0.0,
                        0.0,
                        0.0,
                        0.0,
                        0.0
                    ],
                    [
                        0.759808480129021,
                        0.0,
                        -0.0,
                        -0.0,
                        0.6862443060626569,
                        -0.0,
                        -0.0,
                        0.0
                    ]
                ]
            },
            "est_params": {
                "mui": [
                    1.0000006696397172,
                    -0.63094364341196,
                    -0.40813643536020655,
                    0.17066336673789056,
                    -0.2495697883453846,
                    1.142804532587854,
                    -0.49327346157289265,
                    0.5888872626346467
                ],
                "Si": [
                    [
                        1.0268191444462816e-06,
                        4.400866954899948e-07,
                        6.562550001004797e-06,
                        5.96886276594442e-06,
                        -1.0715886349260094e-05,
                        -1.001354818323327e-05,
                        1.9494067167310103e-06,
                        -2.769559383287932e-06
                    ],
                    [
                        4.400866954899948e-07,
                        1.0005884709294182,
                        -0.7577575318979816,
                        -1.5791042110630047,
                        1.3613578519855103,
                        0.5673377970153032,
                        -0.6558566641207589,
                        0.9154275234519975
                    ],
                    [
                        6.562550001004797e-06,
                        -0.7577575318979815,
                        1.6479905635126184,
                        2.207235827796735,
                        -1.7878296248189196,
                        -1.2484547677561213,
                        0.5084280268880529,
                        -1.1767071328135152
                    ],
                    [
                        5.968862765944421e-06,
                        -1.5791042110630047,
                        2.207235827796735,
                        4.497658381710082,
                        -2.867889991868485,
                        -1.7061436211313707,
                        1.067689636418548,
                        -1.968869147463354
                    ],
                    [
                        -1.0715886349260092e-05,
                        1.3613578519855103,
                        -1.7878296248189196,
                        -2.867889991868485,
                        3.3685027969700783,
                        1.3532519241130285,
                        -0.85044220656229,
                        2.214914284957853
                    ],
                    [
                        -1.0013548183233265e-05,
                        0.5673377970153032,
                        -1.2484547677561213,
                        -1.7061436211313707,
                        1.3532519241130283,
                        1.8878582373616253,
                        -0.42278462560616953,
                        0.9318781376078034
                    ],
                    [
                        1.9494067167310103e-06,
                        -0.6558566641207589,
                        0.5084280268880529,
                        1.067689636418548,
                        -0.8504422065622899,
                        -0.42278462560616953,
                        1.4489409438985046,
                        -0.6137722704948967
                    ],
                    [
                        -2.769559383287932e-06,
                        0.9154275234519975,
                        -1.176707132813515,
                        -1.968869147463354,
                        2.214914284957853,
                        0.9318781376078034,
                        -0.6137722704948967,
                        2.436445984964138
                    ]
                ]
            },
            "est_tgt": [
                0,
                1,
                5
            ]
        },
        "1": {
            "intv_type": "do",
            "inode": 1,
            "new_mui": 1.0,
            "true_params": {
                "Si": [
                    [
                        1.0,
                        0.0,
                        -0.876714909218911,
                        -0.8062544429772067,
                        0.6171824545793549,
                        1.4824411337070333,
                        -0.8910218788066192,
                        1.1833464253858776
                    ],
                    [
                        0.0,
                        0.0,
                        0.0,
                        0.0,
                        0.0,
                        0.0,
                        0.0,
                        0.0
                    ],
                    [
                        -0.876714909218911,
                        0.0,
                        1.7686290320467233,
                        1.6264865580266885,
                        -1.2450647248732336,
                        -2.0754828235804594,
                        0.7811721655900087,
                        -1.5205540008037983
                    ],
                    [
                        -0.8062544429772067,
                        0.0,
                        1.6264865580266885,
                        2.4957678945143638,
                        -1.1450004507366998,
                        -1.9086788991936632,
                        0.718390348577735,
                        -1.3983490026730179
                    ],
                    [
                        0.6171824545793549,
                        0.0,
                        -1.2450647248732336,
                        -1.1450004507366998,
                        1.8764902876946037,
                        1.4610810994829693,
                        -0.5499230702457778,
                        1.7566712380885368
                    ],
                    [
                        1.4824411337070333,
                        0.0,
                        -2.0754828235804594,
                        -1.9086788991936632,
                        1.4610810994829693,
                        3.7995044606661423,
                        -1.3208874841758553,
                        2.1290299298986377
                    ],
                    [
                        -0.8910218788066192,
                        0.0,
                        0.7811721655900087,
                        0.718390348577735,
                        -0.5499230702457778,
                        -1.3208874841758553,
                        1.7939199885120776,
                        -1.0543875552264215
                    ],
                    [
                        1.1833464253858776,
                        0.0,
                        -1.5205540008037983,
                        -1.3983490026730179,
                        1.7566712380885368,
                        2.1290299298986377,
                        -1.0543875552264215,
                        3.1046222837008495
                    ]
                ],
                "mui": [
                    0.0,
                    1.0,
                    -0.7468202428875124,
                    -1.527389174456393,
                    1.3661996245426364,
                    0.579386564585141,
                    -0.6230081300050163,
                    0.9375467132873239
                ],
                "Ai": [
                    [
                        0.0,
                        0.0,
                        0.0,
                        0.0,
                        0.0,
                        0.0,
                        0.0,
                        0.0
                    ],
                    [
                        0.0,
                        0.0,
                        0.0,
                        0.0,
                        0.0,
                        0.0,
                        0.0,
                        0.0
                    ],
                    [
                        -0.876714909218911,
                        -0.7468202428875124,
                        0.0,
                        0.0,
                        0.0,
                        0.0,
                        0.0,
                        0.0
                    ],
                    [
                        0.0,
                        -0.8405899280858428,
                        0.919631267244583,
                        0.0,
                        0.0,
                        0.0,
                        0.0,
                        0.0
                    ],
                    [
                        0.0,
                        0.8404593345257656,
                        -0.7039716652351897,
                        -0.0,
                        0.0,
                        0.0,
                        0.0,
                        0.0
                    ],
                    [
                        0.802281692113766,
                        0.0,
                        -0.7758045796201181,
                        0.0,
                        -0.0,
                        0.0,
                        0.0,
                        0.0
                    ],
                    [
                        -0.8910218788066192,
                        -0.6230081300050163,
                        -0.0,
                        0.0,
                        0.0,
                        0.0,
                        0.0,
                        0.0
                    ],
                    [
                        0.759808480129021,
                        0.0,
                        -0.0,
                        -0.0,
                        0.6862443060626569,
                        -0.0,
                        -0.0,
                        0.0
                    ]
                ]
            },
            "est_params": {
                "mui": [
                    -0.014671347858098939,
                    1.0000001470055278,
                    -0.7438281059041639,
                    -1.5527451523514666,
                    1.4705345515626953,
                    0.5520141674114292,
                    -0.5784441647559768,
                    0.9975870108309607
                ],
                "Si": [
                    [
                        1.0306286952643937,
                        5.576572990039305e-07,
                        -0.908281488887314,
                        -0.8244378573596257,
                        0.7161129506344505,
                        1.532447379125904,
                        -0.9399376781840304,
                        1.2704729041934886
                    ],
                    [
                        5.576572990039304e-07,
                        1.0071467526546902e-06,
                        -2.1338085845869574e-06,
                        -9.155552129619418e-07,
                        -4.4286752595846306e-07,
                        3.4857485995887105e-06,
                        -3.0324475738757974e-06,
                        -3.845132724777306e-07
                    ],
                    [
                        -0.908281488887314,
                        -2.1338085845869574e-06,
                        1.842617339628102,
                        1.7392545778517774,
                        -1.3736729394537026,
                        -2.209157483474905,
                        0.8383655914644895,
                        -1.588047857624621
                    ],
                    [
                        -0.8244378573596258,
                        -9.155552129619418e-07,
                        1.7392545778517774,
                        2.6724668803918616,
                        -1.3362240103105727,
                        -2.039615157968277,
                        0.780682415067277,
                        -1.4567885984725202
                    ],
                    [
                        0.7161129506344505,
                        -4.4286752595846295e-07,
                        -1.3736729394537028,
                        -1.3362240103105727,
                        2.053727138363346,
                        1.692882639760511,
                        -0.6050384741289304,
                        1.9365042988620749
                    ],
                    [
                        1.532447379125904,
                        3.485748599588711e-06,
                        -2.2091574834749053,
                        -2.039615157968277,
                        1.692882639760511,
                        3.9329744361921053,
                        -1.41186009170053,
                        2.290889315986375
                    ],
                    [
                        -0.9399376781840304,
                        -3.0324475738757974e-06,
                        0.8383655914644896,
                        0.780682415067277,
                        -0.6050384741289304,
                        -1.41186009170053,
                        1.902948140357487,
                        -1.1366517540612788
                    ],
                    [
                        1.2704729041934886,
                        -3.845132724777304e-07,
                        -1.588047857624621,
                        -1.4567885984725202,
                        1.936504298862075,
                        2.290889315986375,
                        -1.1366517540612786,
                        3.2390922909195266
                    ]
                ]
            },
            "est_tgt": [
                0,
                1,
                5
            ]
        },
        "2": {
            "intv_type": "do",
            "inode": 2,
            "new_mui": 1.0,
            "true_params": {
                "Si": [
                    [
                        1.0,
                        -0.6780298195189972,
                        0.0,
                        0.5699450372295308,
                        -0.5698564909015613,
                        0.802281692113766,
                        -0.46860378886045007,
                        0.36874770797497836
                    ],
                    [
                        -0.6780298195189972,
                        1.459724436156964,
                        0.0,
                        -1.2270296588143297,
                        1.2268390282034802,
                        -0.5439709109072924,
                        -0.30528078761804706,
                        0.3267384909091979
                    ],
                    [
                        0.0,
                        0.0,
                        0.0,
                        0.0,
                        0.0,
                        0.0,
                        0.0,
                        0.0
                    ],
                    [
                        0.5699450372295308,
                        -1.2270296588143297,
                        0.0,
                        2.0314287726619336,
                        -1.0312685304904687,
                        0.4572564688803513,
                        0.2566159553098436,
                        -0.27465308457623944
                    ],
                    [
                        -0.5698564909015613,
                        1.2268390282034802,
                        0.0,
                        -1.0312685304904687,
                        2.0311083132141343,
                        -0.4571854297825175,
                        -0.2565760876049654,
                        0.9608547206961542
                    ],
                    [
                        0.802281692113766,
                        -0.5439709109072924,
                        0.0,
                        0.4572564688803513,
                        -0.4571854297825175,
                        1.6436559135009277,
                        -0.3759522406578838,
                        0.2958395351172385
                    ],
                    [
                        -0.46860378886045007,
                        -0.30528078761804706,
                        0.0,
                        0.2566159553098436,
                        -0.2565760876049654,
                        -0.3759522406578838,
                        1.6077286409867164,
                        -0.5321230117875002
                    ],
                    [
                        0.36874770797497836,
                        0.3267384909091979,
                        0.0,
                        -0.27465308457623944,
                        0.9608547206961542,
                        0.2958395351172385,
                        -0.5321230117875002,
                        1.9395587165786887
                    ]
                ],
                "mui": [
                    0.0,
                    0.0,
                    1.0,
                    0.919631267244583,
                    -0.7039716652351897,
                    -0.7758045796201181,
                    0.0,
                    -0.48309654689709575
                ],
                "Ai": [
                    [
                        0.0,
                        0.0,
                        0.0,
                        0.0,
                        0.0,
                        0.0,
                        0.0,
                        0.0
                    ],
                    [
                        -0.6780298195189972,
                        0.0,
                        0.0,
                        0.0,
                        0.0,
                        0.0,
                        0.0,
                        0.0
                    ],
                    [
                        0.0,
                        0.0,
                        0.0,
                        0.0,
                        0.0,
                        0.0,
                        0.0,
                        0.0
                    ],
                    [
                        0.0,
                        -0.8405899280858428,
                        0.919631267244583,
                        0.0,
                        0.0,
                        0.0,
                        0.0,
                        0.0
                    ],
                    [
                        0.0,
                        0.8404593345257656,
                        -0.7039716652351897,
                        -0.0,
                        0.0,
                        0.0,
                        0.0,
                        0.0
                    ],
                    [
                        0.802281692113766,
                        0.0,
                        -0.7758045796201181,
                        0.0,
                        -0.0,
                        0.0,
                        0.0,
                        0.0
                    ],
                    [
                        -0.8910218788066192,
                        -0.6230081300050163,
                        -0.0,
                        0.0,
                        0.0,
                        0.0,
                        0.0,
                        0.0
                    ],
                    [
                        0.759808480129021,
                        0.0,
                        -0.0,
                        -0.0,
                        0.6862443060626569,
                        -0.0,
                        -0.0,
                        0.0
                    ]
                ]
            },
            "est_params": {
                "mui": [
                    -0.0031262081205401045,
                    -0.010037942122236947,
                    1.0000041012149345,
                    0.9466886832086142,
                    -0.7429058884440964,
                    -0.7845994009473907,
                    -0.051891675886314596,
                    -0.5358448251382976
                ],
                "Si": [
                    [
                        0.9239488933062621,
                        -0.6339272691508211,
                        -5.57398216398972e-06,
                        0.5324605662516438,
                        -0.5959177250915069,
                        0.7256222527403311,
                        -0.40645548458816266,
                        0.27673316418006966
                    ],
                    [
                        -0.6339272691508211,
                        1.4592281444934623,
                        3.708826383146943e-06,
                        -1.3029623698542467,
                        1.318127102304284,
                        -0.5112400709274104,
                        -0.3861315344214554,
                        0.4266388617323925
                    ],
                    [
                        -5.573982163989719e-06,
                        3.708826383146943e-06,
                        1.0126664771585206e-06,
                        -2.883199956099994e-06,
                        -5.179419716537093e-07,
                        -4.817440644947387e-06,
                        7.410775065864965e-06,
                        -3.962506863516661e-06
                    ],
                    [
                        0.5324605662516438,
                        -1.3029623698542465,
                        -2.883199956099994e-06,
                        2.145502296631339,
                        -1.1593351675279866,
                        0.42973418396487556,
                        0.36425482885969696,
                        -0.40788245896418984
                    ],
                    [
                        -0.5959177250915068,
                        1.318127102304284,
                        -5.179419716537096e-07,
                        -1.1593351675279868,
                        2.219479514863466,
                        -0.4658124066766805,
                        -0.3529471401259451,
                        1.1076371037061998
                    ],
                    [
                        0.7256222527403311,
                        -0.5112400709274104,
                        -4.817440644947387e-06,
                        0.42973418396487567,
                        -0.4658124066766805,
                        1.542515274323318,
                        -0.2990242683981062,
                        0.28570024618294915
                    ],
                    [
                        -0.40645548458816266,
                        -0.3861315344214554,
                        7.4107750658649646e-06,
                        0.36425482885969696,
                        -0.3529471401259451,
                        -0.2990242683981062,
                        1.6275240381709284,
                        -0.5354085716103698
                    ],
                    [
                        0.27673316418006966,
                        0.4266388617323925,
                        -3.962506863516661e-06,
                        -0.40788245896418984,
                        1.1076371037061998,
                        0.28570024618294915,
                        -0.5354085716103698,
                        2.0174072273481998
                    ]
                ]
            },
            "est_tgt": [
                0,
                2,
                4,
                5
            ]
        },
        "3": {
            "intv_type": "do",
            "inode": 3,
            "new_mui": 1.0,
            "true_params": {
                "Si": [
                    [
                        1.0,
                        -0.6780298195189972,
                        -0.37034851472075736,
                        0.0,
                        -0.3091416302762106,
                        1.0895997658896384,
                        -0.46860378886045007,
                        0.5476617965850444
                    ],
                    [
                        -0.6780298195189972,
                        1.459724436156964,
                        -0.49571290629226855,
                        0.0,
                        1.575806868324624,
                        -0.15939456802895202,
                        -0.30528078761804706,
                        0.5662156841913164
                    ],
                    [
                        -0.37034851472075736,
                        -0.49571290629226855,
                        1.694898497542434,
                        0.0,
                        -1.6097870570578015,
                        -1.612033849446667,
                        0.6388218001682282,
                        -1.3861011439672966
                    ],
                    [
                        0.0,
                        0.0,
                        0.0,
                        0.0,
                        0.0,
                        0.0,
                        0.0,
                        0.0
                    ],
                    [
                        -0.3091416302762106,
                        1.575806868324624,
                        -1.6097870570578015,
                        0.0,
                        3.4576460671242804,
                        1.0008615008378283,
                        -0.7062885340579346,
                        2.137901493699201
                    ],
                    [
                        1.0895997658896384,
                        -0.15939456802895202,
                        -1.612033849446667,
                        0.0,
                        1.0008615008378283,
                        3.1247891868080746,
                        -0.8715531187895632,
                        1.514722648176828
                    ],
                    [
                        -0.46860378886045007,
                        -0.30528078761804706,
                        0.6388218001682282,
                        0.0,
                        -0.7062885340579346,
                        -0.8715531187895632,
                        1.6077286409867164,
                        -0.8407356175313577
                    ],
                    [
                        0.5476617965850444,
                        0.5662156841913164,
                        -1.3861011439672966,
                        0.0,
                        2.137901493699201,
                        1.514722648176828,
                        -0.8407356175313577,
                        2.8832408042619373
                    ]
                ],
                "mui": [
                    0.0,
                    0.0,
                    0.0,
                    1.0,
                    0.0,
                    0.0,
                    0.0,
                    0.0
                ],
                "Ai": [
                    [
                        0.0,
                        0.0,
                        0.0,
                        0.0,
                        0.0,
                        0.0,
                        0.0,
                        0.0
                    ],
                    [
                        -0.6780298195189972,
                        0.0,
                        0.0,
                        0.0,
                        0.0,
                        0.0,
                        0.0,
                        0.0
                    ],
                    [
                        -0.876714909218911,
                        -0.7468202428875124,
                        0.0,
                        0.0,
                        0.0,
                        0.0,
                        0.0,
                        0.0
                    ],
                    [
                        0.0,
                        0.0,
                        0.0,
                        0.0,
                        0.0,
                        0.0,
                        0.0,
                        0.0
                    ],
                    [
                        0.0,
                        0.8404593345257656,
                        -0.7039716652351897,
                        -0.0,
                        0.0,
                        0.0,
                        0.0,
                        0.0
                    ],
                    [
                        0.802281692113766,
                        0.0,
                        -0.7758045796201181,
                        0.0,
                        -0.0,
                        0.0,
                        0.0,
                        0.0
                    ],
                    [
                        -0.8910218788066192,
                        -0.6230081300050163,
                        -0.0,
                        0.0,
                        0.0,
                        0.0,
                        0.0,
                        0.0
                    ],
                    [
                        0.759808480129021,
                        0.0,
                        -0.0,
                        -0.0,
                        0.6862443060626569,
                        -0.0,
                        -0.0,
                        0.0
                    ]
                ]
            },
            "est_params": {
                "mui": [
                    0.02303402392337889,
                    0.004055524850077991,
                    0.011244393247091873,
                    0.9999995761603139,
                    0.0007724852668626198,
                    -0.003519496892353933,
                    -0.021020169409816304,
                    0.013118482123114677
                ],
                "Si": [
                    [
                        0.9984250916579112,
                        -0.6909060924090556,
                        -0.37590911280193434,
                        -4.7472394618673437e-07,
                        -0.3552420734916137,
                        1.0714786260768216,
                        -0.5409923058199949,
                        0.5276405454129407
                    ],
                    [
                        -0.6909060924090554,
                        1.480614641600984,
                        -0.514382163778433,
                        7.075361809163037e-07,
                        1.6320086831071676,
                        -0.15227344953584482,
                        -0.2609909102560187,
                        0.6252112144734263
                    ],
                    [
                        -0.3759091128019343,
                        -0.514382163778433,
                        1.7260082626847482,
                        2.7561022504385774e-08,
                        -1.6161465612253818,
                        -1.6309439366436143,
                        0.707718990993731,
                        -1.4077577912170145
                    ],
                    [
                        -4.747239461867344e-07,
                        7.075361809163037e-07,
                        2.7561022504385864e-08,
                        1.0020605814397917e-06,
                        7.451982508893832e-07,
                        -9.150643873305561e-07,
                        -7.696065943186588e-07,
                        3.059300943506819e-07
                    ],
                    [
                        -0.3552420734916137,
                        1.6320086831071678,
                        -1.6161465612253818,
                        7.451982508893832e-07,
                        3.493035041981984,
                        0.9684267242546587,
                        -0.6731231040078403,
                        2.2104622601006017
                    ],
                    [
                        1.0714786260768219,
                        -0.15227344953584482,
                        -1.6309439366436143,
                        -9.150643873305561e-07,
                        0.9684267242546587,
                        3.086161888342252,
                        -0.973905160782459,
                        1.5155862657040753
                    ],
                    [
                        -0.5409923058199949,
                        -0.2609909102560187,
                        0.707718990993731,
                        -7.696065943186588e-07,
                        -0.6731231040078403,
                        -0.9739051607824589,
                        1.6291156159667446,
                        -0.8949861425691547
                    ],
                    [
                        0.5276405454129407,
                        0.6252112144734263,
                        -1.4077577912170145,
                        3.059300943506821e-07,
                        2.2104622601006017,
                        1.5155862657040753,
                        -0.8949861425691545,
                        2.982446232156205
                    ]
                ]
            },
            "est_tgt": [
                3
            ]
        },
        "4": {
            "intv_type": "do",
            "inode": 4,
            "new_mui": 1.0,
            "true_params": {
                "Si": [
                    [
                        1.0,
                        -0.6780298195189972,
                        -0.37034851472075736,
                        0.22936096331473166,
                        0.0,
                        1.0895997658896384,
                        -0.46860378886045007,
                        0.759808480129021
                    ],
                    [
                        -0.6780298195189972,
                        1.459724436156964,
