{
    "expt_args": {
        "save_dir": "expt_logs_30.04.24-allunk",
        "exp_name": "13",
        "num_nodes": 6,
        "obs_noise_mean": 0.0,
        "obs_noise_var": 1.0,
        "max_edge_strength": 1.0,
        "graph_sparsity_method": "num_parents",
        "adj_dense_prop": null,
        "num_parents": 2,
        "new_noise_mean": 1.0,
        "mix_samples": 32768,
        "stage2_samples": 32768,
        "gmm_tol": 0.001,
        "intv_targets": [
            0,
            1,
            2,
            3,
            4,
            5
        ]
    },
    "intv_args_dict": {
        "0": {
            "intv_type": "do",
            "inode": 0,
            "new_mui": 1.0,
            "true_params": {
                "Si": [
                    [
                        0.0,
                        0.0,
                        0.0,
                        0.0,
                        0.0,
                        0.0
                    ],
                    [
                        0.0,
                        1.0,
                        -0.7871430696008508,
                        0.5440211414847621,
                        -0.520340940109624,
                        0.8235329246392467
                    ],
                    [
                        0.0,
                        -0.7871430696008508,
                        1.6195942120206497,
                        -1.1193562212424455,
                        1.0706327825591768,
                        -1.6944685275962699
                    ],
                    [
                        0.0,
                        0.5440211414847621,
                        -1.1193562212424455,
                        1.7736248627802529,
                        -1.6964223595834822,
                        2.6848928452888376
                    ],
                    [
                        0.0,
                        -0.520340940109624,
                        1.0706327825591768,
                        -1.6964223595834822,
                        2.6225803339177407,
                        -3.271996252291294
                    ],
                    [
                        0.0,
                        0.8235329246392467,
                        -1.6944685275962699,
                        2.6848928452888376,
                        -3.271996252291294,
                        5.559935904393249
                    ]
                ],
                "mui": [
                    1.0,
                    -0.9202712950176498,
                    -0.01801708494433929,
                    0.8776746844687869,
                    -0.20744582601800707,
                    0.8836858648267338
                ],
                "Ai": [
                    [
                        0.0,
                        0.0,
                        0.0,
                        0.0,
                        0.0,
                        0.0
                    ],
                    [
                        -0.9202712950176498,
                        0.0,
                        0.0,
                        0.0,
                        0.0,
                        0.0
                    ],
                    [
                        -0.7424022569700823,
                        -0.7871430696008508,
                        0.0,
                        0.0,
                        0.0,
                        0.0
                    ],
                    [
                        0.8652224689870224,
                        -0.0,
                        -0.6911337500063712,
                        0.0,
                        0.0,
                        0.0
                    ],
                    [
                        0.6320253555255837,
                        -0.0,
                        0.0,
                        -0.9564719096936026,
                        0.0,
                        0.0
                    ],
                    [
                        0.0,
                        0.0,
                        0.0,
                        0.8404593345257656,
                        -0.7039716652351897,
                        0.0
                    ]
                ]
            },
            "est_params": {
                "mui": [
                    0.9999995716991823,
                    -0.9277828385557443,
                    0.014703334435147921,
                    0.8495751773476437,
                    -0.17398706894785,
                    0.8445199503080217
                ],
                "Si": [
                    [
                        1.0097477156588614e-06,
                        8.23957587461749e-07,
                        -1.64335785123515e-07,
                        -9.408912800734938e-07,
                        2.4142899187471355e-06,
                        -1.5421569057364194e-06
                    ],
                    [
                        8.239575874617491e-07,
                        0.9882177518519729,
                        -0.7754791509744952,
                        0.5421353663600168,
                        -0.4985102840307199,
                        0.8109614448732788
                    ],
                    [
                        -1.6433578512351518e-07,
                        -0.7754791509744952,
                        1.6084374645766284,
                        -1.0948337199659355,
                        1.043423748035282,
                        -1.6885895625767242
                    ],
                    [
                        -9.408912800734938e-07,
                        0.5421353663600168,
                        -1.0948337199659355,
                        1.7353418329670078,
                        -1.6594616142788494,
                        2.618733073370466
                    ],
                    [
                        2.4142899187471355e-06,
                        -0.4985102840307199,
                        1.043423748035282,
                        -1.6594616142788494,
                        2.5642730896197348,
                        -3.1850078459913287
                    ],
                    [
                        -1.5421569057364199e-06,
                        0.8109614448732788,
                        -1.6885895625767242,
                        2.618733073370466,
                        -3.1850078459913287,
                        5.42773637588416
                    ]
                ]
            },
            "est_tgt": [
                0
            ]
        },
        "1": {
            "intv_type": "do",
            "inode": 1,
            "new_mui": 1.0,
            "true_params": {
                "Si": [
                    [
                        1.0,
                        0.0,
                        -0.7424022569700823,
                        1.378321724859949,
                        -0.6863006568233921,
                        1.641559575874166
                    ],
                    [
                        0.0,
                        0.0,
                        0.0,
                        0.0,
                        0.0,
                        0.0
                    ],
                    [
                        -0.7424022569700823,
                        0.0,
                        1.551161111154272,
                        -1.7144029093732942,
                        1.1705611743080313,
                        -2.264927827458199
                    ],
                    [
                        1.378321724859949,
                        0.0,
                        -1.7144029093732942,
                        3.3774366376187746,
                        -2.3592889924691245,
                        4.499470749655557
                    ],
                    [
                        -0.6863006568233921,
                        0.0,
                        1.1705611743080313,
                        -2.3592889924691245,
                        2.822834231519793,
                        -3.9700817712104497
                    ],
                    [
                        1.641559575874166,
                        0.0,
                        -2.264927827458199,
                        4.499470749655557,
                        -3.9700817712104497,
                        7.576447267572548
                    ]
                ],
                "mui": [
                    0.0,
                    1.0,
                    -0.7871430696008508,
                    0.5440211414847621,
                    -0.520340940109624,
                    0.8235329246392467
                ],
                "Ai": [
                    [
                        0.0,
                        0.0,
                        0.0,
                        0.0,
                        0.0,
                        0.0
                    ],
                    [
                        0.0,
                        0.0,
                        0.0,
                        0.0,
                        0.0,
                        0.0
                    ],
                    [
                        -0.7424022569700823,
                        -0.7871430696008508,
                        0.0,
                        0.0,
                        0.0,
                        0.0
                    ],
                    [
                        0.8652224689870224,
                        -0.0,
                        -0.6911337500063712,
                        0.0,
                        0.0,
                        0.0
                    ],
                    [
                        0.6320253555255837,
                        -0.0,
                        0.0,
                        -0.9564719096936026,
                        0.0,
                        0.0
                    ],
                    [
                        0.0,
                        0.0,
                        0.0,
                        0.8404593345257656,
                        -0.7039716652351897,
                        0.0
                    ]
                ]
            },
            "est_params": {
                "mui": [
                    0.006277322557817146,
                    0.9999998414822385,
                    -0.8227075232056413,
                    0.5994325296561871,
                    -0.5542161334734789,
                    0.8897461549393878
                ],
                "Si": [
                    [
                        0.9508049753341384,
                        1.3849923134719904e-07,
                        -0.7351507031657912,
                        1.3182336358043127,
                        -0.6393797393713395,
                        1.5556018614162341
                    ],
                    [
                        1.3849923134719904e-07,
                        1.009748293672074e-06,
                        3.6212779993544724e-07,
                        1.0306337770603036e-06,
                        1.273630240799988e-06,
                        1.6577851601768327e-06
                    ],
                    [
                        -0.7351507031657912,
                        3.6212779993544724e-07,
                        1.5606765828579614,
                        -1.7242202610068391,
                        1.153209843740851,
                        -2.2640082884087653
                    ],
                    [
                        1.3182336358043127,
                        1.0306337770603034e-06,
                        -1.7242202610068391,
                        3.369928413791391,
                        -2.3418181205209256,
                        4.476660614001794
                    ],
                    [
                        -0.6393797393713395,
                        1.273630240799988e-06,
                        1.153209843740851,
                        -2.3418181205209256,
                        2.8337661592745644,
                        -3.971070661472597
                    ],
                    [
                        1.5556018614162341,
                        1.6577851601768327e-06,
                        -2.2640082884087653,
                        4.476660614001794,
                        -3.971070661472597,
                        7.552917632349032
                    ]
                ]
            },
            "est_tgt": [
                1,
                2
            ]
        },
        "2": {
            "intv_type": "do",
            "inode": 2,
            "new_mui": 1.0,
            "true_params": {
                "Si": [
                    [
                        1.0,
                        -0.9202712950176498,
                        0.0,
                        0.8652224689870224,
                        -0.19553563169624746,
                        0.8648358447595947
                    ],
                    [
                        -0.9202712950176498,
                        1.8468992564334623,
                        0.0,
                        -0.7962394020130554,
                        0.17994582900319986,
                        -0.7958836028345954
                    ],
                    [
                        0.0,
                        0.0,
                        0.0,
                        0.0,
                        0.0,
                        0.0
                    ],
                    [
                        0.8652224689870224,
                        -0.7962394020130554,
                        0.0,
                        1.748609920839999,
                        -1.125653731724767,
                        2.262063862414827
                    ],
                    [
                        -0.19553563169624746,
                        0.17994582900319986,
                        0.0,
                        -1.125653731724767,
                        1.9530726972957777,
                        -2.320974025312535
                    ],
                    [
                        0.8648358447595947,
                        -0.7958836028345954,
                        0.0,
                        2.262063862414827,
                        -2.320974025312535,
                        4.5350726380268345
                    ]
                ],
                "mui": [
                    0.0,
                    0.0,
                    1.0,
                    -0.6911337500063712,
                    0.6610500177222949,
                    -1.0462302933783671
                ],
                "Ai": [
                    [
                        0.0,
                        0.0,
                        0.0,
                        0.0,
                        0.0,
                        0.0
                    ],
                    [
                        -0.9202712950176498,
                        0.0,
                        0.0,
                        0.0,
                        0.0,
                        0.0
                    ],
                    [
                        0.0,
                        0.0,
                        0.0,
                        0.0,
                        0.0,
                        0.0
                    ],
                    [
                        0.8652224689870224,
                        -0.0,
                        -0.6911337500063712,
                        0.0,
                        0.0,
                        0.0
                    ],
                    [
                        0.6320253555255837,
                        -0.0,
                        0.0,
                        -0.9564719096936026,
                        0.0,
                        0.0
                    ],
                    [
                        0.0,
                        0.0,
                        0.0,
                        0.8404593345257656,
                        -0.7039716652351897,
                        0.0
                    ]
                ]
            },
            "est_params": {
                "mui": [
                    -0.007193418517960156,
                    0.006601741783691278,
                    0.9999999842753039,
                    -0.6829605337757647,
                    0.6604000057606765,
                    -1.0254120723218585
                ],
                "Si": [
                    [
                        0.9506806245936573,
                        -0.8474559144373592,
                        4.428052812490164e-07,
                        0.8245900616180726,
                        -0.18034931544211047,
                        0.8315035980998928
                    ],
                    [
                        -0.8474559144373592,
                        1.7517951387262005,
                        -1.4698494931323482e-06,
                        -0.7632835467441472,
                        0.1995394521892099,
                        -0.7731267999122993
                    ],
                    [
                        4.428052812490163e-07,
                        -1.4698494931323482e-06,
                        1.01612035421204e-06,
                        -9.85944740465653e-07,
                        8.39828034779002e-07,
                        -5.146081449687698e-06
                    ],
                    [
                        0.8245900616180726,
                        -0.7632835467441472,
                        -9.859447404656534e-07,
                        1.7164240224879461,
                        -1.1337377289338604,
                        2.2321435206991835
                    ],
                    [
                        -0.18034931544211047,
                        0.19953945218920985,
                        8.398280347790028e-07,
                        -1.1337377289338604,
                        1.947646781929746,
                        -2.328220946335325
                    ],
                    [
                        0.8315035980998928,
                        -0.7731267999122993,
                        -5.146081449687698e-06,
                        2.2321435206991835,
                        -2.328220946335325,
                        4.515024608594042
                    ]
                ]
            },
            "est_tgt": [
                1,
                2
            ]
        },
        "3": {
            "intv_type": "do",
            "inode": 3,
            "new_mui": 1.0,
            "true_params": {
                "Si": [
                    [
                        1.0,
                        -0.9202712950176498,
                        -0.01801708494433929,
                        0.0,
                        0.6320253555255837,
                        -0.44492794200020797
                    ],
                    [
                        -0.9202712950176498,
                        1.8468992564334623,
                        -0.7705624635066807,
                        0.0,
                        -0.5816347924135195,
                        0.4094544133740692
                    ],
                    [
                        -0.01801708494433929,
                        -0.7705624635066807,
                        1.6199188273705414,
                        0.0,
                        -0.011387254517480681,
                        0.008016304525127811
                    ],
                    [
                        0.0,
                        0.0,
                        0.0,
                        0.0,
                        0.0,
                        0.0
                    ],
                    [
                        0.6320253555255837,
                        -0.5816347924135195,
                        -0.011387254517480681,
                        0.0,
                        1.3994560500272404,
                        -0.9851774059611375
                    ],
                    [
                        -0.44492794200020797,
                        0.4094544133740692,
                        0.008016304525127811,
                        0.0,
                        -0.9851774059611375,
                        1.6935369790265464
                    ]
                ],
                "mui": [
                    0.0,
                    0.0,
                    0.0,
                    1.0,
                    -0.9564719096936026,
                    1.513788457543453
                ],
                "Ai": [
                    [
                        0.0,
                        0.0,
                        0.0,
                        0.0,
                        0.0,
                        0.0
                    ],
                    [
                        -0.9202712950176498,
                        0.0,
                        0.0,
                        0.0,
                        0.0,
                        0.0
                    ],
                    [
                        -0.7424022569700823,
                        -0.7871430696008508,
                        0.0,
                        0.0,
                        0.0,
                        0.0
                    ],
                    [
                        0.0,
                        0.0,
                        0.0,
                        0.0,
                        0.0,
                        0.0
                    ],
                    [
                        0.6320253555255837,
                        -0.0,
                        0.0,
                        -0.9564719096936026,
                        0.0,
                        0.0
                    ],
                    [
                        0.0,
                        0.0,
                        0.0,
                        0.8404593345257656,
                        -0.7039716652351897,
                        0.0
                    ]
                ]
            },
            "est_params": {
                "mui": [
                    -0.014449299354127188,
                    0.01134897784959838,
                    0.016923686810769452,
                    0.9999992834172612,
                    -0.9915827969014167,
                    1.5388725360558215
                ],
                "Si": [
                    [
                        1.0199443481202046,
                        -0.9503653493503491,
                        -0.030779437252820365,
                        -1.2581251371085448e-06,
                        0.6433266382269749,
                        -0.4609163201050677
                    ],
                    [
                        -0.9503653493503491,
                        1.8788490073669928,
                        -0.7502065641763213,
                        6.855481576750027e-07,
                        -0.5806323148629381,
                        0.4030233335726651
                    ],
                    [
                        -0.030779437252820372,
                        -0.7502065641763211,
                        1.6198751407824772,
                        1.2470346093288633e-07,
                        -0.020066903263481234,
                        0.011827475163725055
                    ],
                    [
                        -1.2581251371085448e-06,
                        6.855481576750027e-07,
                        1.2470346093288633e-07,
                        1.0042185436680499e-06,
                        -5.445996982840057e-07,
                        -2.57596975708334e-08
                    ],
                    [
                        0.6433266382269749,
                        -0.5806323148629381,
                        -0.020066903263481234,
                        -5.445996982840057e-07,
                        1.3911012886659029,
                        -0.9942727253077015
                    ],
                    [
                        -0.4609163201050677,
                        0.4030233335726651,
                        0.01182747516372506,
                        -2.57596975708334e-08,
                        -0.9942727253077017,
                        1.7090505839976933
                    ]
                ]
            },
            "est_tgt": [
                3
            ]
        },
        "4": {
            "intv_type": "do",
            "inode": 4,
            "new_mui": 1.0,
            "true_params": {
                "Si": [
                    [
                        1.0,
                        -0.9202712950176498,
                        -0.01801708494433929,
                        0.8776746844687869,
                        0.0,
                        0.737649881238748
                    ],
                    [
                        -0.9202712950176498,
                        1.8468992564334623,
                        -0.7705624635066807,
                        -0.2636776769955357,
                        0.0,
                        -0.22161036493696762
                    ],
                    [
                        -0.01801708494433929,
                        -0.7705624635066807,
                        1.6199188273705414,
                        -1.135169360586016,
                        0.0,
                        -0.9540636853721618
                    ],
                    [
                        0.8776746844687869,
                        -0.2636776769955357,
                        -1.135169360586016,
                        2.5439377145376376,
                        0.0,
                        2.1380761986353
                    ],
                    [
                        0.0,
                        0.0,
                        0.0,
                        0.0,
                        0.0,
                        0.0
                    ],
                    [
                        0.737649881238748,
                        -0.22161036493696762,
                        -0.9540636853721618,
                        2.1380761986353,
                        0.0,
                        2.796966099070403
                    ]
                ],
                "mui": [
                    0.0,
                    0.0,
                    0.0,
                    0.0,
                    1.0,
                    -0.7039716652351897
                ],
                "Ai": [
                    [
                        0.0,
                        0.0,
                        0.0,
                        0.0,
                        0.0,
                        0.0
                    ],
                    [
                        -0.9202712950176498,
                        0.0,
                        0.0,
                        0.0,
                        0.0,
                        0.0
                    ],
                    [
                        -0.7424022569700823,
                        -0.7871430696008508,
                        0.0,
                        0.0,
                        0.0,
                        0.0
                    ],
                    [
                        0.8652224689870224,
                        -0.0,
                        -0.6911337500063712,
                        0.0,
                        0.0,
                        0.0
                    ],
                    [
                        0.0,
                        0.0,
                        0.0,
                        0.0,
                        0.0,
                        0.0
                    ],
                    [
                        0.0,
                        0.0,
                        0.0,
                        0.8404593345257656,
                        -0.7039716652351897,
                        0.0
                    ]
                ]
            },
            "est_params": {
                "mui": [
                    -0.007353948948856708,
                    0.022381645122014026,
                    -0.031845740431021445,
                    0.015208381263130757,
                    1.0000006153476526,
                    -0.6965735556746084
                ],
                "Si": [
                    [
                        0.9770348587970354,
                        -0.9225273552962285,
                        0.008595463424987357,
                        0.8462690049452996,
                        2.1317296634815585e-06,
                        0.7433968975430225
                    ],
                    [
                        -0.9225273552962285,
                        1.8849989023295708,
                        -0.7949390234517884,
                        -0.23363061421079528,
                        -3.502659532264998e-06,
                        -0.2329457936939908
                    ],
                    [
                        0.008595463424987357,
                        -0.7949390234517884,
                        1.6278792674728833,
                        -1.1137284637051492,
                        2.238874708987438e-06,
                        -0.9428966035344228
                    ],
                    [
                        0.8462690049452996,
                        -0.23363061421079528,
                        -1.1137284637051492,
                        2.4753981220180936,
                        6.292317602881484e-07,
                        2.1254594750641935
                    ],
                    [
                        2.1317296634815585e-06,
                        -3.502659532264998e-06,
                        2.2388747089874384e-06,
                        6.292317602881483e-07,
                        1.0113977927878997e-06,
                        1.4192256456756567e-06
                    ],
                    [
                        0.7433968975430224,
                        -0.2329457936939908,
                        -0.9428966035344228,
                        2.1254594750641935,
                        1.4192256456756569e-06,
                        2.827674863176143
                    ]
                ]
            },
            "est_tgt": [
                4
            ]
        },
        "5": {
            "intv_type": "do",
            "inode": 5,
            "new_mui": 1.0,
            "true_params": {
                "Si": [
                    [
                        1.0,
                        -0.9202712950176498,
                        -0.01801708494433929,
                        0.8776746844687869,
                        -0.20744582601800707,
                        0.0
                    ],
                    [
                        -0.9202712950176498,
                        1.8468992564334623,
                        -0.7705624635066807,
                        -0.2636776769955357,
                        -0.3294345011540265,
                        0.0
                    ],
                    [
                        -0.01801708494433929,
                        -0.7705624635066807,
                        1.6199188273705414,
                        -1.135169360586016,
                        1.0743703516278917,
                        0.0
                    ],
                    [
                        0.8776746844687869,
                        -0.2636776769955357,
                        -1.135169360586016,
                        2.5439377145376376,
                        -1.8784923094782036,
                        0.0
                    ],
                    [
                        -0.20744582601800707,
                        -0.3294345011540265,
                        1.0743703516278917,
                        -1.8784923094782036,
                        2.665614104650034,
                        0.0
                    ],
                    [
                        0.0,
                        0.0,
                        0.0,
                        0.0,
                        0.0,
                        0.0
                    ]
                ],
                "mui": [
                    0.0,
                    0.0,
                    0.0,
                    0.0,
                    0.0,
                    1.0
                ],
                "Ai": [
                    [
                        0.0,
                        0.0,
                        0.0,
                        0.0,
                        0.0,
                        0.0
                    ],
                    [
                        -0.9202712950176498,
                        0.0,
                        0.0,
                        0.0,
                        0.0,
                        0.0
                    ],
                    [
                        -0.7424022569700823,
                        -0.7871430696008508,
                        0.0,
                        0.0,
                        0.0,
                        0.0
                    ],
                    [
                        0.8652224689870224,
                        -0.0,
                        -0.6911337500063712,
                        0.0,
                        0.0,
                        0.0
                    ],
                    [
                        0.6320253555255837,
                        -0.0,
                        0.0,
                        -0.9564719096936026,
                        0.0,
                        0.0
                    ],
                    [
                        0.0,
                        0.0,
                        0.0,
                        0.0,
                        0.0,
                        0.0
                    ]
                ]
            },
            "est_params": {
                "mui": [
                    0.016809499978178506,
                    -0.024076607228193565,
                    -0.009256446567697613,
                    0.022888669296337,
                    -0.029944731262814012,
                    0.9999990302197315
                ],
                "Si": [
                    [
                        0.9900956330202786,
                        -0.8939849800187227,
                        -0.030913848747004473,
                        0.8735686541489439,
                        -0.20726845208431866,
                        -1.7364010761013368e-06
                    ],
                    [
                        -0.8939849800187227,
                        1.7931911650703882,
                        -0.7575225662459921,
                        -0.23302524589119344,
                        -0.37236648578152587,
                        2.580479307732857e-06
                    ],
                    [
                        -0.030913848747004473,
                        -0.7575225662459921,
                        1.6702501733851742,
                        -1.183694202259632,
                        1.153928850280191,
                        -1.2068726687962083e-07
                    ],
                    [
                        0.8735686541489439,
                        -0.2330252458911935,
                        -1.183694202259632,
                        2.588572701731121,
                        -1.9554666461156276,
                        -2.144696169905408e-06
                    ],
                    [
                        -0.20726845208431874,
                        -0.37236648578152587,
                        1.1539288502801908,
                        -1.9554666461156276,
                        2.7535171803531155,
                        -9.333869509980995e-08
                    ],
                    [
                        -1.7364010761013368e-06,
                        2.5804793077328564e-06,
                        -1.2068726687962073e-07,
                        -2.144696169905409e-06,
                        -9.333869509980995e-08,
                        1.0060689783184722e-06
                    ]
                ]
            },
            "est_tgt": [
                5
            ]
        },
        "obs": {
            "intv_type": "obs",
            "true_params": {
                "Si": [
                    [
                        1.0,
                        -0.9202712950176498,
                        -0.01801708494433929,
                        0.8776746844687869,
                        -0.20744582601800707,
                        0.8836858648267338
                    ],
                    [
                        -0.9202712950176498,
                        1.8468992564334623,
                        -0.7705624635066807,
                        -0.2636776769955357,
                        -0.3294345011540265,
                        0.010302189426356412
                    ],
                    [
                        -0.01801708494433929,
                        -0.7705624635066807,
                        1.6199188273705414,
                        -1.135169360586016,
                        1.0743703516278917,
                        -1.7103899708869652
                    ],
                    [
                        0.8776746844687869,
                        -0.2636776769955357,
                        -1.135169360586016,
                        2.5439377145376376,
                        -1.8784923094782036,
                        3.4604815578701684
                    ],
                    [
                        -0.20744582601800707,
                        -0.3294345011540265,
                        1.0743703516278917,
                        -1.8784923094782036,
                        2.665614104650034,
                        -3.4553131964607133
                    ],
                    [
                        0.8836858648267338,
                        0.010302189426356412,
                        -1.7103899708869652,
                        3.4604815578701684,
                        -3.4553131964607133,
                        6.340836612087821
                    ]
                ],
                "mui": [
                    0.0,
                    0.0,
                    0.0,
                    0.0,
                    0.0,
                    0.0
                ],
                "Ai": [
                    [
                        0.0,
                        0.0,
                        0.0,
                        0.0,
                        0.0,
                        0.0
                    ],
                    [
                        -0.9202712950176498,
                        0.0,
                        0.0,
                        0.0,
                        0.0,
                        0.0
                    ],
                    [
                        -0.7424022569700823,
                        -0.7871430696008508,
                        0.0,
                        0.0,
                        0.0,
                        0.0
                    ],
                    [
                        0.8652224689870224,
                        -0.0,
                        -0.6911337500063712,
                        0.0,
                        0.0,
                        0.0
                    ],
                    [
                        0.6320253555255837,
                        -0.0,
                        0.0,
                        -0.9564719096936026,
                        0.0,
                        0.0
                    ],
                    [
                        0.0,
                        0.0,
                        0.0,
                        0.8404593345257656,
                        -0.7039716652351897,
                        0.0
                    ]
                ]
            },
            "est_params": {
                "mui": [
                    -0.000665098916022802,
                    -0.002571403649936834,
                    -0.0156454667417699,
                    0.011339782385078727,
