{
    "expt_args": {
        "save_dir": "expt_logs_30.04.24-allunk",
        "exp_name": "176",
        "num_nodes": 6,
        "obs_noise_mean": 0.0,
        "obs_noise_var": 1.0,
        "max_edge_strength": 1.0,
        "graph_sparsity_method": "num_parents",
        "adj_dense_prop": null,
        "num_parents": 2,
        "new_noise_mean": 1.0,
        "mix_samples": 1024,
        "stage2_samples": 1024,
        "gmm_tol": 0.001,
        "intv_targets": [
            0,
            1,
            2,
            3,
            4,
            5
        ]
    },
    "intv_args_dict": {
        "0": {
            "intv_type": "do",
            "inode": 0,
            "new_mui": 1.0,
            "true_params": {
                "Si": [
                    [
                        0.0,
                        0.0,
                        0.0,
                        0.0,
                        0.0,
                        0.0
                    ],
                    [
                        0.0,
                        1.0,
                        0.8339207694080305,
                        0.6632113139211131,
                        -1.3947134163125245,
                        0.9648700961869805
                    ],
                    [
                        0.0,
                        0.8339207694080305,
                        1.6954238496500817,
                        0.5530656891852055,
                        -2.025044000689806,
                        0.8046252129910472
                    ],
                    [
                        0.0,
                        0.6632113139211131,
                        0.5530656891852055,
                        1.4398492469129693,
                        -0.9249897173760339,
                        0.6399127642553581
                    ],
                    [
                        0.0,
                        -1.3947134163125245,
                        -2.025044000689806,
                        -0.9249897173760339,
                        3.6882066156172866,
                        -1.3457172681507377
                    ],
                    [
                        0.0,
                        0.9648700961869805,
                        0.8046252129910472,
                        0.6399127642553581,
                        -1.3457172681507377,
                        1.930974302515873
                    ]
                ],
                "mui": [
                    1.0,
                    -0.7144664517462318,
                    -1.3034297194348752,
                    -0.9838864780502794,
                    1.606419694526123,
                    0.2020175205493368
                ],
                "Ai": [
                    [
                        0.0,
                        0.0,
                        0.0,
                        0.0,
                        0.0,
                        0.0
                    ],
                    [
                        -0.7144664517462318,
                        0.0,
                        0.0,
                        0.0,
                        0.0,
                        0.0
                    ],
                    [
                        -0.707621306278432,
                        0.8339207694080305,
                        0.0,
                        0.0,
                        0.0,
                        0.0
                    ],
                    [
                        -0.5100442438351054,
                        0.6632113139211131,
                        -0.0,
                        0.0,
                        0.0,
                        0.0
                    ],
                    [
                        -0.0,
                        -0.6759041383028378,
                        -0.8619635154547629,
                        -0.0,
                        0.0,
                        0.0
                    ],
                    [
                        0.8913848345680941,
                        0.9648700961869805,
                        -0.0,
                        -0.0,
                        -0.0,
                        0.0
                    ]
                ]
            },
            "est_params": {
                "mui": [
                    1.0000000702029737,
                    -0.7110207469167322,
                    -1.2047560001807887,
                    -0.9870707644559956,
                    1.5665476948528858,
                    0.09047182489876458
                ],
                "Si": [
                    [
                        1.0002230837409452e-06,
                        9.370449095947332e-08,
                        1.411479418102788e-07,
                        -5.4256287426666736e-08,
                        -1.8829901480186612e-07,
                        6.376648511237929e-08
                    ],
                    [
                        9.370449095947332e-08,
                        0.9562426229545381,
                        0.7121108542077864,
                        0.7289780091902287,
                        -1.251922432298422,
                        0.9477744175274991
                    ],
                    [
                        1.411479418102788e-07,
                        0.7121108542077865,
                        1.4357984675095037,
                        0.4271181729963512,
                        -1.6174693930510906,
                        0.8233944513692252
                    ],
                    [
                        -5.4256287426666736e-08,
                        0.7289780091902288,
                        0.4271181729963512,
                        1.4276170221249371,
                        -0.8430876643394696,
                        0.7274579859104103
                    ],
                    [
                        -1.8829901480186612e-07,
                        -1.251922432298422,
                        -1.6174693930510906,
                        -0.8430876643394696,
                        3.3506225701328183,
                        -1.3095073882525852
                    ],
                    [
                        6.37664851123793e-08,
                        0.9477744175274991,
                        0.8233944513692252,
                        0.7274579859104104,
                        -1.3095073882525852,
                        1.9503202820909653
                    ]
                ]
            },
            "est_tgt": [
                0
            ]
        },
        "1": {
            "intv_type": "do",
            "inode": 1,
            "new_mui": 1.0,
            "true_params": {
                "Si": [
                    [
                        1.0,
                        0.0,
                        -0.707621306278432,
                        -0.5100442438351054,
                        0.6099437487704488,
                        0.8913848345680941
                    ],
                    [
                        0.0,
                        0.0,
                        0.0,
                        0.0,
                        0.0,
                        0.0
                    ],
                    [
                        -0.707621306278432,
                        0.0,
                        1.5007279130991944,
                        0.36091817408239235,
                        -1.2935727077160717,
                        -0.6307629010338588
                    ],
                    [
                        -0.5100442438351054,
                        0.0,
                        0.36091817408239235,
                        1.2601451306693243,
                        -0.31109829812357304,
                        -0.45464570391336406
                    ],
                    [
                        0.6099437487704488,
                        0.0,
                        -1.2935727077160717,
                        -0.31109829812357304,
                        2.1150124786392817,
                        0.5436946075935897
                    ],
                    [
                        0.8913848345680941,
                        0.0,
                        -0.6307629010338588,
                        -0.45464570391336406,
                        0.5436946075935897,
                        1.7945669232979886
                    ]
                ],
                "mui": [
                    0.0,
                    1.0,
                    0.8339207694080305,
                    0.6632113139211131,
                    -1.3947134163125245,
                    0.9648700961869805
                ],
                "Ai": [
                    [
                        0.0,
                        0.0,
                        0.0,
                        0.0,
                        0.0,
                        0.0
                    ],
                    [
                        0.0,
                        0.0,
                        0.0,
                        0.0,
                        0.0,
                        0.0
                    ],
                    [
                        -0.707621306278432,
                        0.8339207694080305,
                        0.0,
                        0.0,
                        0.0,
                        0.0
                    ],
                    [
                        -0.5100442438351054,
                        0.6632113139211131,
                        -0.0,
                        0.0,
                        0.0,
                        0.0
                    ],
                    [
                        -0.0,
                        -0.6759041383028378,
                        -0.8619635154547629,
                        -0.0,
                        0.0,
                        0.0
                    ],
                    [
                        0.8913848345680941,
                        0.9648700961869805,
                        -0.0,
                        -0.0,
                        -0.0,
                        0.0
                    ]
                ]
            },
            "est_params": {
                "mui": [
                    0.13118619370315382,
                    0.9999974586340896,
                    0.6967215847042609,
                    0.5646396343922172,
                    -1.297726221198274,
                    1.1520803084377256
                ],
                "Si": [
                    [
                        0.8584468847955065,
                        2.328711923019193e-07,
                        -0.6885058836365197,
                        -0.45395457150065077,
                        0.5811338690622551,
                        0.7980345360868912
                    ],
                    [
                        2.328711923019193e-07,
                        1.002124359682831e-06,
                        4.156416631294737e-06,
                        7.094959766150927e-06,
                        -8.383253751649099e-06,
                        4.323389248940749e-07
                    ],
                    [
                        -0.6885058836365197,
                        4.156416631294737e-06,
                        1.7333408468327929,
                        0.3268103698932355,
                        -1.554979598325827,
                        -0.7145758570587326
                    ],
                    [
                        -0.45395457150065077,
                        7.094959766150927e-06,
                        0.32681036989323553,
                        1.052598610347998,
                        -0.2726445301359682,
                        -0.5829214579170453
                    ],
                    [
                        0.581133869062255,
                        -8.383253751649097e-06,
                        -1.5549795983258268,
                        -0.2726445301359682,
                        2.5420393714037206,
                        0.4371815626093731
                    ],
                    [
                        0.7980345360868912,
                        4.3233892489407497e-07,
                        -0.7145758570587326,
                        -0.5829214579170453,
                        0.4371815626093731,
                        1.6422927634595563
                    ]
                ]
            },
            "est_tgt": [
                1,
                5
            ]
        },
        "2": {
            "intv_type": "do",
            "inode": 2,
            "new_mui": 1.0,
            "true_params": {
                "Si": [
                    [
                        1.0,
                        -0.7144664517462318,
                        0.0,
                        -0.9838864780502794,
                        0.48291083141382285,
                        0.2020175205493368
                    ],
                    [
                        -0.7144664517462318,
                        1.5104623106708506,
                        0.0,
                        1.366165194814793,
                        -1.0209277265328947,
                        0.8205353550895244
                    ],
                    [
                        0.0,
                        0.0,
                        0.0,
                        0.0,
                        0.0,
                        0.0
                    ],
                    [
                        -0.9838864780502794,
                        1.366165194814793,
                        0.0,
                        2.407881848603152,
                        -0.9233967087806212,
                        0.44115045745762116
                    ],
                    [
                        0.48291083141382285,
                        -1.0209277265328947,
                        0.0,
                        -0.9233967087806212,
                        1.6900492752716914,
                        -0.554603242128798
                    ],
                    [
                        0.2020175205493368,
                        0.8205353550895244,
                        0.0,
                        0.44115045745762116,
                        -0.554603242128798,
                        1.9717853811247747
                    ]
                ],
                "mui": [
                    0.0,
                    0.0,
                    1.0,
                    0.0,
                    -0.8619635154547629,
                    0.0
                ],
                "Ai": [
                    [
                        0.0,
                        0.0,
                        0.0,
                        0.0,
                        0.0,
                        0.0
                    ],
                    [
                        -0.7144664517462318,
                        0.0,
                        0.0,
                        0.0,
                        0.0,
                        0.0
                    ],
                    [
                        0.0,
                        0.0,
                        0.0,
                        0.0,
                        0.0,
                        0.0
                    ],
                    [
                        -0.5100442438351054,
                        0.6632113139211131,
                        -0.0,
                        0.0,
                        0.0,
                        0.0
                    ],
                    [
                        -0.0,
                        -0.6759041383028378,
                        -0.8619635154547629,
                        -0.0,
                        0.0,
                        0.0
                    ],
                    [
                        0.8913848345680941,
                        0.9648700961869805,
                        -0.0,
                        -0.0,
                        -0.0,
                        0.0
                    ]
                ]
            },
            "est_params": {
                "mui": [
                    -0.016913513850970195,
                    -0.15701536944255431,
                    1.0000001004405084,
                    -0.1937061626644323,
                    -0.7626095591459281,
                    -0.16879615122037298
                ],
                "Si": [
                    [
                        1.2780829479062206,
                        -0.9767570155791356,
                        -1.0387177210370396e-07,
                        -1.2499596470223533,
                        0.7004665332464128,
                        0.2309082589379017
                    ],
                    [
                        -0.9767570155791356,
                        1.683587178861368,
                        1.1621319788387477e-07,
                        1.7651743774078272,
                        -1.3017289219704775,
                        0.8326812856717769
                    ],
                    [
                        -1.0387177210370396e-07,
                        1.1621319788387477e-07,
                        1.0000024489424418e-06,
                        1.372168205764638e-07,
                        -9.569991495382803e-08,
                        3.1644541856788333e-09
                    ],
                    [
                        -1.2499596470223533,
                        1.765174377407827,
                        1.3721682057646377e-07,
                        3.0582822292172103,
                        -1.2572927880568565,
                        0.737236147994575
                    ],
                    [
                        0.7004665332464128,
                        -1.3017289219704773,
                        -9.569991495382803e-08,
                        -1.2572927880568563,
                        1.948381707327581,
                        -0.7874422042294877
                    ],
                    [
                        0.2309082589379017,
                        0.8326812856717769,
                        3.1644541856788337e-09,
                        0.737236147994575,
                        -0.787442204229488,
                        1.9141536519899054
                    ]
                ]
            },
            "est_tgt": [
                2,
                3
            ]
        },
        "3": {
            "intv_type": "do",
            "inode": 3,
            "new_mui": 1.0,
            "true_params": {
                "Si": [
                    [
                        1.0,
                        -0.7144664517462318,
                        -1.3034297194348752,
                        0.0,
                        1.606419694526123,
                        0.2020175205493368
                    ],
                    [
                        -0.7144664517462318,
                        1.5104623106708506,
                        1.7651775761532522,
                        0.0,
                        -2.5424463954758694,
                        0.8205353550895244
                    ],
                    [
                        -1.3034297194348752,
                        1.7651775761532522,
                        3.394352883156159,
                        0.0,
                        -4.118899172420648,
                        0.541309572860496
                    ],
                    [
                        0.0,
                        0.0,
                        0.0,
                        0.0,
                        0.0,
                        0.0
                    ],
                    [
                        1.606419694526123,
                        -2.5424463954758694,
                        -4.118899172420648,
                        0.0,
                        6.268790850578689,
                        -1.0211923445009474
                    ],
                    [
                        0.2020175205493368,
                        0.8205353550895244,
                        0.541309572860496,
                        0.0,
                        -1.0211923445009474,
                        1.9717853811247747
                    ]
                ],
                "mui": [
                    0.0,
                    0.0,
                    0.0,
                    1.0,
                    0.0,
                    0.0
                ],
                "Ai": [
                    [
                        0.0,
                        0.0,
                        0.0,
                        0.0,
                        0.0,
                        0.0
                    ],
                    [
                        -0.7144664517462318,
                        0.0,
                        0.0,
                        0.0,
                        0.0,
                        0.0
                    ],
                    [
                        -0.707621306278432,
                        0.8339207694080305,
                        0.0,
                        0.0,
                        0.0,
                        0.0
                    ],
                    [
                        0.0,
                        0.0,
                        0.0,
                        0.0,
                        0.0,
                        0.0
                    ],
                    [
                        -0.0,
                        -0.6759041383028378,
                        -0.8619635154547629,
                        -0.0,
                        0.0,
                        0.0
                    ],
                    [
                        0.8913848345680941,
                        0.9648700961869805,
                        -0.0,
                        -0.0,
                        -0.0,
                        0.0
                    ]
                ]
            },
            "est_params": {
                "mui": [
                    0.03422469136207552,
                    -0.216841334794698,
                    -0.09066847493240907,
                    0.9999988499576402,
                    0.1691177771735706,
                    -0.2706300944689458
                ],
                "Si": [
                    [
                        0.9394622533297933,
                        -0.69326770111477,
                        -1.3461333641285,
                        -1.0407179540628703e-06,
                        1.542542535500012,
                        0.13477088929028724
                    ],
                    [
                        -0.6932677011147699,
                        1.4558245313132787,
                        1.7837340339762442,
                        2.8218396766429685e-06,
                        -2.4129823212908446,
                        0.7360042639588039
                    ],
                    [
                        -1.3461333641285,
                        1.7837340339762442,
                        3.5248614207681257,
                        -3.1040927854271035e-08,
                        -4.0776864616073345,
                        0.43529434386315546
                    ],
                    [
                        -1.0407179540628703e-06,
                        2.8218396766429685e-06,
                        -3.104092785427122e-08,
                        1.0017267746242982e-06,
                        -3.7798614218305223e-06,
                        3.3613283604655457e-07
                    ],
                    [
                        1.542542535500012,
                        -2.4129823212908446,
                        -4.0776864616073345,
                        -3.779861421830521e-06,
                        5.888634029913899,
                        -0.8061885682093425
                    ],
                    [
                        0.13477088929028724,
                        0.7360042639588041,
                        0.4352943438631554,
                        3.3613283604655457e-07,
                        -0.8061885682093425,
                        1.6611705839889104
                    ]
                ]
            },
            "est_tgt": [
                3
            ]
        },
        "4": {
            "intv_type": "do",
            "inode": 4,
            "new_mui": 1.0,
            "true_params": {
                "Si": [
                    [
                        1.0,
                        -0.7144664517462318,
                        -1.3034297194348752,
                        -0.9838864780502794,
                        0.0,
                        0.2020175205493368
                    ],
                    [
                        -0.7144664517462318,
                        1.5104623106708506,
                        1.7651775761532522,
                        1.366165194814793,
                        0.0,
                        0.8205353550895244
                    ],
                    [
                        -1.3034297194348752,
                        1.7651775761532522,
                        3.394352883156159,
                        1.8354925652260485,
                        0.0,
                        0.541309572860496
                    ],
                    [
                        -0.9838864780502794,
                        1.366165194814793,
                        1.8354925652260485,
                        2.407881848603152,
                        0.0,
                        0.44115045745762116
                    ],
                    [
                        0.0,
                        0.0,
                        0.0,
                        0.0,
                        0.0,
                        0.0
                    ],
                    [
                        0.2020175205493368,
                        0.8205353550895244,
                        0.541309572860496,
                        0.44115045745762116,
                        0.0,
                        1.9717853811247747
                    ]
                ],
                "mui": [
                    0.0,
                    0.0,
                    0.0,
                    0.0,
                    1.0,
                    0.0
                ],
                "Ai": [
                    [
                        0.0,
                        0.0,
                        0.0,
                        0.0,
                        0.0,
                        0.0
                    ],
                    [
                        -0.7144664517462318,
                        0.0,
                        0.0,
                        0.0,
                        0.0,
                        0.0
                    ],
                    [
                        -0.707621306278432,
                        0.8339207694080305,
                        0.0,
                        0.0,
                        0.0,
                        0.0
                    ],
                    [
                        -0.5100442438351054,
                        0.6632113139211131,
                        -0.0,
                        0.0,
                        0.0,
                        0.0
                    ],
                    [
                        0.0,
                        0.0,
                        0.0,
                        0.0,
                        0.0,
                        0.0
                    ],
                    [
                        0.8913848345680941,
                        0.9648700961869805,
                        -0.0,
                        -0.0,
                        -0.0,
                        0.0
                    ]
                ]
            },
            "est_params": {
                "mui": [
                    0.014425801679834276,
                    -0.05491415228791231,
                    -0.03899239329838709,
                    -0.2586953208388266,
                    1.0000127339994591,
                    -0.028961324154053142
                ],
                "Si": [
                    [
                        1.1645950452062983,
                        -0.7903491884462751,
                        -1.551974224123103,
                        -1.060616233088066,
                        1.5289283374634486e-07,
                        0.28065337549868363
                    ],
                    [
                        -0.7903491884462751,
                        1.833006895590001,
                        2.266623462566839,
                        1.573860629234429,
                        -1.8169590597865243e-07,
                        1.0943269916676843
                    ],
                    [
                        -1.551974224123103,
                        2.266623462566839,
                        4.023977365762299,
                        2.2099577902509537,
                        1.2318008168002893e-05,
                        0.930273034914535
                    ],
                    [
                        -1.0606162330880662,
                        1.573860629234429,
                        2.2099577902509537,
                        2.3965168246241033,
                        -4.242509718169827e-06,
                        0.5966630061935624
                    ],
                    [
                        1.5289283374634508e-07,
                        -1.8169590597865217e-07,
                        1.2318008168002895e-05,
                        -4.242509718169827e-06,
                        1.0332836311182756e-06,
                        2.6077329409942487e-05
                    ],
                    [
                        0.28065337549868363,
                        1.0943269916676843,
                        0.930273034914535,
                        0.5966630061935623,
                        2.6077329409942487e-05,
                        2.166466292885644
                    ]
                ]
            },
            "est_tgt": [
                4
            ]
        },
        "5": {
            "intv_type": "do",
            "inode": 5,
            "new_mui": 1.0,
            "true_params": {
                "Si": [
                    [
                        1.0,
                        -0.7144664517462318,
                        -1.3034297194348752,
                        -0.9838864780502794,
                        1.606419694526123,
                        0.0
                    ],
                    [
                        -0.7144664517462318,
                        1.5104623106708506,
                        1.7651775761532522,
                        1.366165194814793,
                        -2.5424463954758694,
                        0.0
                    ],
                    [
                        -1.3034297194348752,
                        1.7651775761532522,
                        3.394352883156159,
                        1.8354925652260485,
                        -4.118899172420648,
                        0.0
                    ],
                    [
                        -0.9838864780502794,
                        1.366165194814793,
                        1.8354925652260485,
                        2.407881848603152,
                        -2.505524332893947,
                        0.0
                    ],
                    [
                        1.606419694526123,
                        -2.5424463954758694,
                        -4.118899172420648,
                        -2.505524332893947,
                        6.268790850578689,
                        0.0
                    ],
                    [
                        0.0,
                        0.0,
                        0.0,
                        0.0,
                        0.0,
                        0.0
                    ]
                ],
                "mui": [
                    0.0,
                    0.0,
                    0.0,
                    0.0,
                    0.0,
                    1.0
                ],
                "Ai": [
                    [
                        0.0,
                        0.0,
                        0.0,
                        0.0,
                        0.0,
                        0.0
                    ],
                    [
                        -0.7144664517462318,
                        0.0,
                        0.0,
                        0.0,
                        0.0,
                        0.0
                    ],
                    [
                        -0.707621306278432,
                        0.8339207694080305,
                        0.0,
                        0.0,
                        0.0,
                        0.0
                    ],
                    [
                        -0.5100442438351054,
                        0.6632113139211131,
                        -0.0,
                        0.0,
                        0.0,
                        0.0
                    ],
                    [
                        -0.0,
                        -0.6759041383028378,
                        -0.8619635154547629,
                        -0.0,
                        0.0,
                        0.0
                    ],
                    [
                        0.0,
                        0.0,
                        0.0,
                        0.0,
                        0.0,
                        0.0
                    ]
                ]
            },
            "est_params": {
                "mui": [
                    0.0575772079223578,
                    -0.14451394346185698,
                    -0.1023912236009483,
                    -0.22325433447184118,
                    0.10617473826917741,
                    0.9999999971970146
                ],
                "Si": [
                    [
                        1.1223771237977407,
                        -0.7272774981049875,
                        -1.2525550615545644,
                        -1.1159506307312044,
                        1.6432259403783986,
                        -2.5786492935577765e-09
                    ],
                    [
                        -0.7272774981049875,
                        1.6689153435704551,
                        1.8445584014792498,
                        1.3785961945276939,
                        -2.8080037239983318,
                        -3.2080554593859175e-09
                    ],
                    [
                        -1.2525550615545642,
                        1.8445584014792498,
                        3.1654295336457468,
                        1.7300783255483443,
                        -4.132424515807594,
                        -1.098074606113431e-09
                    ],
                    [
                        -1.1159506307312044,
                        1.3785961945276939,
                        1.7300783255483443,
                        2.4401196299341374,
                        -2.5188479581128576,
                        -1.573470916357429e-09
                    ],
                    [
                        1.6432259403783986,
                        -2.8080037239983313,
                        -4.132424515807594,
                        -2.5188479581128576,
                        6.699739619517402,
                        1.0674374004451545e-09
                    ],
                    [
                        -2.5786492935577765e-09,
                        -3.2080554593859175e-09,
                        -1.098074606113431e-09,
                        -1.573470916357429e-09,
                        1.0674374004451547e-09,
                        1.0000112080471121e-06
                    ]
                ]
            },
            "est_tgt": [
                1,
                5
            ]
        },
        "obs": {
            "intv_type": "obs",
            "true_params": {
                "Si": [
                    [
                        1.0,
                        -0.7144664517462318,
                        -1.3034297194348752,
                        -0.9838864780502794,
                        1.606419694526123,
                        0.2020175205493368
                    ],
                    [
                        -0.7144664517462318,
                        1.5104623106708506,
                        1.7651775761532522,
                        1.366165194814793,
                        -2.5424463954758694,
                        0.8205353550895244
                    ],
                    [
                        -1.3034297194348752,
                        1.7651775761532522,
                        3.394352883156159,
                        1.8354925652260485,
                        -4.118899172420648,
                        0.541309572860496
                    ],
                    [
                        -0.9838864780502794,
                        1.366165194814793,
                        1.8354925652260485,
                        2.407881848603152,
                        -2.505524332893947,
                        0.44115045745762116
                    ],
                    [
                        1.606419694526123,
                        -2.5424463954758694,
                        -4.118899172420648,
                        -2.505524332893947,
                        6.268790850578689,
                        -1.0211923445009474
                    ],
                    [
                        0.2020175205493368,
                        0.8205353550895244,
                        0.541309572860496,
                        0.44115045745762116,
                        -1.0211923445009474,
                        1.9717853811247747
                    ]
                ],
                "mui": [
                    0.0,
                    0.0,
                    0.0,
                    0.0,
                    0.0,
                    0.0
                ],
                "Ai": [
                    [
                        0.0,
                        0.0,
                        0.0,
                        0.0,
                        0.0,
                        0.0
                    ],
                    [
                        -0.7144664517462318,
                        0.0,
                        0.0,
                        0.0,
                        0.0,
                        0.0
                    ],
                    [
                        -0.707621306278432,
                        0.8339207694080305,
                        0.0,
                        0.0,
                        0.0,
                        0.0
                    ],
                    [
                        -0.5100442438351054,
                        0.6632113139211131,
                        -0.0,
                        0.0,
                        0.0,
                        0.0
                    ],
                    [
                        -0.0,
                        -0.6759041383028378,
                        -0.8619635154547629,
                        -0.0,
                        0.0,
                        0.0
                    ],
                    [
                        0.8913848345680941,
                        0.9648700961869805,
                        -0.0,
                        -0.0,
                        -0.0,
                        0.0
                    ]
                ]
            },
            "est_params": {
                "mui": [
                    -0.03609358120714439,
                    0.02638139081909909,
                    0.1435721779442117,
                    0.20749169141278012,
                    -0.09660011373799393,
                    0.0027533527697947086
                ],
                "Si": [
                    [
