{
    "expt_args": {
        "save_dir": "all_expt_logs/expt_logs_sim_compsel_backward_cameraready_new_mean",
        "exp_name": "224",
        "num_nodes": 6,
        "num_tgt_prior": 7,
        "obs_noise_mean": 0.0,
        "obs_noise_var": 1.0,
        "obs_noise_gamma_shape": null,
        "noise_type": "gaussian",
        "max_edge_strength": 1.0,
        "graph_sparsity_method": "adj_dense_prop",
        "adj_dense_prop": 0.8,
        "num_parents": null,
        "new_noise_mean": 0.1,
        "mix_samples": 16384,
        "stage2_samples": 16384,
        "gmm_tol": 0.001,
        "intv_type": "hard",
        "new_noise_var": 1.0,
        "dtype": "simulation",
        "cutoff_drop_ratio": 0.07,
        "intv_targets": [
            0,
            1,
            2,
            3,
            4,
            5
        ]
    },
    "intv_args_dict": {
        "0": {
            "intv_type": "hard",
            "inode": 0,
            "new_mui": 0.1,
            "new_vari": 1.0,
            "noise_type": "gaussian",
            "obs_noise_gamma_shape": null,
            "true_params": {
                "Si": [
                    [
                        1.0,
                        0.5726845923147053,
                        0.8190790734811302,
                        1.1688724584588142,
                        1.1603351270039717,
                        1.4190215792180982
                    ],
                    [
                        0.5726845923147053,
                        1.3279676422746602,
                        0.4690739652700475,
                        1.3977512548974071,
                        1.3743817404169527,
                        1.1903677895114266
                    ],
                    [
                        0.8190790734811302,
                        0.4690739652700475,
                        1.6708905286147067,
                        1.8752031476299682,
                        2.5123449794888275,
                        3.9383760577256455
                    ],
                    [
                        1.1688724584588142,
                        1.3977512548974071,
                        1.8752031476299682,
                        3.7391298058268956,
                        4.281507272304124,
                        5.866260101669267
                    ],
                    [
                        1.1603351270039717,
                        1.3743817404169527,
                        2.5123449794888275,
                        4.281507272304124,
                        6.2398522768183335,
                        8.43400757011096
                    ],
                    [
                        1.4190215792180982,
                        1.1903677895114266,
                        3.9383760577256455,
                        5.866260101669267,
                        8.43400757011096,
                        13.475255180819143
                    ]
                ],
                "mui": [
                    0.10000000149011612,
                    0.05726846008483707,
                    0.08190790856863595,
                    0.1168872475876371,
                    0.11603351442943124,
                    0.14190216003631675
                ],
                "Ai": [
                    [
                        0.0,
                        0.0,
                        0.0,
                        0.0,
                        0.0,
                        0.0
                    ],
                    [
                        0.5726845923147053,
                        0.0,
                        0.0,
                        0.0,
                        0.0,
                        0.0
                    ],
                    [
                        0.8190790734811302,
                        0.0,
                        0.0,
                        0.0,
                        0.0,
                        0.0
                    ],
                    [
                        0.0,
                        0.728356007557034,
                        0.917804177337912,
                        0.0,
                        0.0,
                        0.0
                    ],
                    [
                        -0.5255510951782953,
                        0.0,
                        0.6674216983008951,
                        0.974627357905968,
                        0.0,
                        0.0
                    ],
                    [
                        -0.6329189581920045,
                        -0.6307588671154583,
                        0.948805489769756,
                        0.5719456053900128,
                        0.8338006944767189,
                        0.0
                    ]
                ]
            },
            "oracle_est_tgt": []
        },
        "1": {
            "intv_type": "hard",
            "inode": 1,
            "new_mui": 0.1,
            "new_vari": 1.0,
            "noise_type": "gaussian",
            "obs_noise_gamma_shape": null,
            "true_params": {
                "Si": [
                    [
                        1.0,
                        0.0,
                        0.8190790734811302,
                        0.7517541952110478,
                        0.7538002561604751,
                        1.2027094486502146
                    ],
                    [
                        0.0,
                        1.0,
                        0.0,
                        0.728356007557034,
                        0.7098756912602513,
                        0.3777159949311407
                    ],
                    [
                        0.8190790734811302,
                        0.0,
                        1.6708905286147067,
                        1.5335503070369296,
                        2.1793607741405654,
                        3.7611993182373737
                    ],
                    [
                        0.7517541952110478,
                        0.728356007557034,
                        1.5335503070369296,
                        2.9380013517007537,
                        3.4918960046866707,
                        5.1117467334052655
                    ],
                    [
                        0.7538002561604751,
                        0.7098756912602513,
                        2.1793607741405654,
                        3.4918960046866707,
                        5.461689496046608,
                        7.694069676246709
                    ],
                    [
                        1.2027094486502146,
                        0.3777159949311407,
                        3.7611993182373737,
                        5.1117467334052655,
                        7.694069676246709,
                        12.90814295640502
                    ]
                ],
                "mui": [
                    0.0,
                    0.10000000149011612,
                    0.0,
                    0.07283560184103843,
                    0.07098757018382235,
                    0.037771600055954764
                ],
                "Ai": [
                    [
                        0.0,
                        0.0,
                        0.0,
                        0.0,
                        0.0,
                        0.0
                    ],
                    [
                        0.0,
                        0.0,
                        0.0,
                        0.0,
                        0.0,
                        0.0
                    ],
                    [
                        0.8190790734811302,
                        0.0,
                        0.0,
                        0.0,
                        0.0,
                        0.0
                    ],
                    [
                        0.0,
                        0.728356007557034,
                        0.917804177337912,
                        0.0,
                        0.0,
                        0.0
                    ],
                    [
                        -0.5255510951782953,
                        0.0,
                        0.6674216983008951,
                        0.974627357905968,
                        0.0,
                        0.0
                    ],
                    [
                        -0.6329189581920045,
                        -0.6307588671154583,
                        0.948805489769756,
                        0.5719456053900128,
                        0.8338006944767189,
                        0.0
                    ]
                ]
            },
            "oracle_est_tgt": [
                0,
                1,
                3
            ]
        },
        "2": {
            "intv_type": "hard",
            "inode": 2,
            "new_mui": 0.1,
            "new_vari": 1.0,
            "noise_type": "gaussian",
            "obs_noise_gamma_shape": null,
            "true_params": {
                "Si": [
                    [
                        1.0,
                        0.5726845923147053,
                        0.0,
                        0.4171182632477664,
                        -0.11901622433479873,
                        -0.8548116957667836
                    ],
                    [
                        0.5726845923147053,
                        1.3279676422746602,
                        0.0,
                        0.9672332100920991,
                        0.6417169333482415,
                        -0.11182149256490159
                    ],
                    [
                        0.0,
                        0.0,
                        1.0,
                        0.917804177337912,
                        1.5619387587348048,
                        2.7760851773699553
                    ],
                    [
                        0.4171182632477664,
                        0.9672332100920991,
                        0.917804177337912,
                        2.5468546272181767,
                        2.8755796589740332,
                        3.8510472898203814
                    ],
                    [
                        -0.11901622433479873,
                        0.6417169333482415,
                        1.5619387587348048,
                        2.8755796589740332,
                        4.907639531513921,
                        6.8892034463149425
                    ],
                    [
                        -0.8548116957667836,
                        -0.11182149256490159,
                        2.7760851773699553,
                        3.8510472898203814,
                        6.8892034463149425,
                        12.192335973752202
                    ]
                ],
                "mui": [
                    0.0,
                    0.0,
                    0.10000000149011612,
                    0.091780419101426,
                    0.1561938782009506,
                    0.2776085218736848
                ],
                "Ai": [
                    [
                        0.0,
                        0.0,
                        0.0,
                        0.0,
                        0.0,
                        0.0
                    ],
                    [
                        0.5726845923147053,
                        0.0,
                        0.0,
                        0.0,
                        0.0,
                        0.0
                    ],
                    [
                        0.0,
                        0.0,
                        0.0,
                        0.0,
                        0.0,
                        0.0
                    ],
                    [
                        0.0,
                        0.728356007557034,
                        0.917804177337912,
                        0.0,
                        0.0,
                        0.0
                    ],
                    [
                        -0.5255510951782953,
                        0.0,
                        0.6674216983008951,
                        0.974627357905968,
                        0.0,
                        0.0
                    ],
                    [
                        -0.6329189581920045,
                        -0.6307588671154583,
                        0.948805489769756,
                        0.5719456053900128,
                        0.8338006944767189,
                        0.0
                    ]
                ]
            },
            "est_params": {
                "mui": [
                    0.022147373470303027,
                    0.028954089122925263,
                    0.025896191268742826,
                    0.06507242484850535,
                    0.07305297222543587,
                    0.120310472117556
                ],
                "Si": [
                    [
                        1.017305314134494,
                        0.50844655936099,
                        0.7160931687266295,
                        0.8525168045426608,
                        0.5946469178530345,
                        0.4864970087461458
                    ],
                    [
                        0.50844655936099,
                        1.2969998904608722,
                        0.34194404725981226,
                        1.0538054135828734,
                        0.7949105036303588,
                        0.2788218896212478
                    ],
                    [
                        0.7160931687266295,
                        0.34194404725981226,
                        1.5884144848687765,
                        1.4389212374571152,
                        1.7192953712344863,
                        2.5189496587981814
                    ],
                    [
                        0.8525168045426608,
                        1.0538054135828734,
                        1.4389212374571152,
                        3.107783721113074,
                        2.9416726741333874,
                        3.530312925672199
                    ],
                    [
                        0.5946469178530345,
                        0.7949105036303588,
                        1.7192953712344863,
                        2.9416726741333874,
                        4.736410472713407,
                        5.1518097924600506
                    ],
                    [
                        0.4864970087461458,
                        0.2788218896212478,
                        2.5189496587981814,
                        3.530312925672199,
                        5.1518097924600506,
                        9.208562873556101
                    ]
                ]
            },
            "est_tgt": [
                0,
                1,
                2,
                3,
                4,
                5
            ],
            "oracle_est_tgt": [
                0,
                2,
                3,
                4,
                5
            ]
        },
        "3": {
            "intv_type": "hard",
            "inode": 3,
            "new_mui": 0.1,
            "new_vari": 1.0,
            "noise_type": "gaussian",
            "obs_noise_gamma_shape": null,
            "true_params": {
                "Si": [
                    [
                        1.0,
                        0.5726845923147053,
                        0.8190790734811302,
                        0.0,
                        0.02112005108720425,
                        -0.19938820811658964
                    ],
                    [
                        0.5726845923147053,
                        1.3279676422746602,
                        0.4690739652700475,
                        0.0,
                        0.012095127846541315,
                        -0.744945421793067
                    ],
                    [
                        0.8190790734811302,
                        0.4690739652700475,
                        1.6708905286147067,
                        0.0,
                        0.6847206901772765,
                        1.3419874565546746
                    ],
                    [
                        0.0,
                        0.0,
                        0.0,
                        1.0,
                        0.974627357905968,
                        1.3845905732680186
                    ],
                    [
                        0.02112005108720425,
                        0.012095127846541315,
                        0.6847206901772765,
                        0.974627357905968,
                        2.395796266699545,
                        3.1837207851759683
                    ],
                    [
                        -0.19938820811658964,
                        -0.744945421793067,
                        1.3419874565546746,
                        1.3845905732680186,
                        3.1837207851759683,
                        6.315861668595961
                    ]
                ],
                "mui": [
                    0.0,
                    0.0,
                    0.0,
                    0.10000000149011612,
                    0.09746273724290473,
                    0.13845905939000258
                ],
                "Ai": [
                    [
                        0.0,
                        0.0,
                        0.0,
                        0.0,
                        0.0,
                        0.0
                    ],
                    [
                        0.5726845923147053,
                        0.0,
                        0.0,
                        0.0,
                        0.0,
                        0.0
                    ],
                    [
                        0.8190790734811302,
                        0.0,
                        0.0,
                        0.0,
                        0.0,
                        0.0
                    ],
                    [
                        0.0,
                        0.0,
                        0.0,
                        0.0,
                        0.0,
                        0.0
                    ],
                    [
                        -0.5255510951782953,
                        0.0,
                        0.6674216983008951,
                        0.974627357905968,
                        0.0,
                        0.0
                    ],
                    [
                        -0.6329189581920045,
                        -0.6307588671154583,
                        0.948805489769756,
                        0.5719456053900128,
                        0.8338006944767189,
                        0.0
                    ]
                ]
            },
            "oracle_est_tgt": [
                0,
                1,
                2,
                3,
                4
            ]
        },
        "4": {
            "intv_type": "hard",
            "inode": 4,
            "new_mui": 0.1,
            "new_vari": 1.0,
            "noise_type": "gaussian",
            "obs_noise_gamma_shape": null,
            "true_params": {
                "Si": [
                    [
                        1.0,
                        0.5726845923147053,
                        0.8190790734811302,
                        1.1688724584588142,
                        0.0,
                        0.45153334449645477
                    ],
                    [
                        0.5726845923147053,
                        1.3279676422746602,
                        0.4690739652700475,
                        1.3977512548974071,
                        0.0,
                        0.04440733987564985
                    ],
                    [
                        0.8190790734811302,
                        0.4690739652700475,
                        1.6708905286147067,
                        1.8752031476299682,
                        0.0,
                        1.843581069062763
                    ],
                    [
                        1.1688724584588142,
                        1.3977512548974071,
                        1.8752031476299682,
                        3.7391298058268956,
                        0.0,
                        2.296336364614967
                    ],
                    [
                        0.0,
                        0.0,
                        0.0,
                        0.0,
                        1.0,
                        0.8338006944767189
                    ],
                    [
                        0.45153334449645477,
                        0.04440733987564985,
                        1.843581069062763,
                        2.296336364614967,
                        0.8338006944767189,
                        4.444008592131789
                    ]
                ],
                "mui": [
                    0.0,
                    0.0,
                    0.0,
                    0.0,
                    0.10000000149011612,
                    0.08338007069013174
                ],
                "Ai": [
                    [
                        0.0,
                        0.0,
                        0.0,
                        0.0,
                        0.0,
                        0.0
                    ],
                    [
                        0.5726845923147053,
                        0.0,
                        0.0,
                        0.0,
                        0.0,
                        0.0
                    ],
                    [
                        0.8190790734811302,
                        0.0,
                        0.0,
                        0.0,
                        0.0,
                        0.0
                    ],
                    [
                        0.0,
                        0.728356007557034,
                        0.917804177337912,
                        0.0,
                        0.0,
                        0.0
                    ],
                    [
                        0.0,
                        0.0,
                        0.0,
                        0.0,
                        0.0,
                        0.0
                    ],
                    [
                        -0.6329189581920045,
                        -0.6307588671154583,
                        0.948805489769756,
                        0.5719456053900128,
                        0.8338006944767189,
                        0.0
                    ]
                ]
            },
            "oracle_est_tgt": [
                0,
                2,
                4,
                5
            ]
        },
        "5": {
            "intv_type": "hard",
            "inode": 5,
            "new_mui": 0.1,
            "new_vari": 1.0,
            "noise_type": "gaussian",
            "obs_noise_gamma_shape": null,
            "true_params": {
                "Si": [
                    [
                        1.0,
                        0.5726845923147053,
                        0.8190790734811302,
                        1.1688724584588142,
                        1.1603351270039717,
                        0.0
                    ],
                    [
                        0.5726845923147053,
                        1.3279676422746602,
                        0.4690739652700475,
                        1.3977512548974071,
                        1.3743817404169527,
                        0.0
                    ],
                    [
                        0.8190790734811302,
                        0.4690739652700475,
                        1.6708905286147067,
                        1.8752031476299682,
                        2.5123449794888275,
                        0.0
                    ],
                    [
                        1.1688724584588142,
                        1.3977512548974071,
                        1.8752031476299682,
                        3.7391298058268956,
                        4.281507272304124,
                        0.0
                    ],
                    [
                        1.1603351270039717,
                        1.3743817404169527,
                        2.5123449794888275,
                        4.281507272304124,
                        6.2398522768183335,
                        0.0
                    ],
                    [
                        0.0,
                        0.0,
                        0.0,
                        0.0,
                        0.0,
                        1.0
                    ]
                ],
                "mui": [
                    0.0,
                    0.0,
                    0.0,
                    0.0,
                    0.0,
                    0.10000000149011612
                ],
                "Ai": [
                    [
                        0.0,
                        0.0,
                        0.0,
                        0.0,
                        0.0,
                        0.0
                    ],
                    [
                        0.5726845923147053,
                        0.0,
                        0.0,
                        0.0,
                        0.0,
                        0.0
                    ],
                    [
                        0.8190790734811302,
                        0.0,
                        0.0,
                        0.0,
                        0.0,
                        0.0
                    ],
                    [
                        0.0,
                        0.728356007557034,
                        0.917804177337912,
                        0.0,
                        0.0,
                        0.0
                    ],
                    [
                        -0.5255510951782953,
                        0.0,
                        0.6674216983008951,
                        0.974627357905968,
                        0.0,
                        0.0
                    ],
                    [
                        0.0,
                        0.0,
                        0.0,
                        0.0,
                        0.0,
                        0.0
                    ]
                ]
            },
            "oracle_est_tgt": [
                0,
                1,
                2,
                5
            ]
        },
        "obs": {
            "intv_type": "obs",
            "noise_type": "gaussian",
            "obs_noise_gamma_shape": null,
            "true_params": {
                "Si": [
                    [
                        1.0,
                        0.5726845923147053,
                        0.8190790734811302,
                        1.1688724584588142,
                        1.1603351270039717,
                        1.4190215792180982
                    ],
                    [
                        0.5726845923147053,
                        1.3279676422746602,
                        0.4690739652700475,
                        1.3977512548974071,
                        1.3743817404169527,
                        1.1903677895114266
                    ],
                    [
                        0.8190790734811302,
                        0.4690739652700475,
                        1.6708905286147067,
                        1.8752031476299682,
                        2.5123449794888275,
                        3.9383760577256455
                    ],
                    [
                        1.1688724584588142,
                        1.3977512548974071,
                        1.8752031476299682,
                        3.7391298058268956,
                        4.281507272304124,
                        5.866260101669267
                    ],
                    [
                        1.1603351270039717,
                        1.3743817404169527,
                        2.5123449794888275,
                        4.281507272304124,
                        6.2398522768183335,
                        8.43400757011096
                    ],
                    [
                        1.4190215792180982,
                        1.1903677895114266,
                        3.9383760577256455,
                        5.866260101669267,
                        8.43400757011096,
                        13.475255180819143
                    ]
                ],
                "mui": [
                    0.0,
                    0.0,
                    0.0,
                    0.0,
                    0.0,
                    0.0
                ],
                "Ai": [
                    [
                        0.0,
                        0.0,
                        0.0,
                        0.0,
                        0.0,
                        0.0
                    ],
                    [
                        0.5726845923147053,
                        0.0,
                        0.0,
                        0.0,
                        0.0,
                        0.0
                    ],
                    [
                        0.8190790734811302,
                        0.0,
                        0.0,
                        0.0,
                        0.0,
                        0.0
                    ],
                    [
                        0.0,
                        0.728356007557034,
                        0.917804177337912,
                        0.0,
                        0.0,
                        0.0
                    ],
                    [
                        -0.5255510951782953,
                        0.0,
                        0.6674216983008951,
                        0.974627357905968,
                        0.0,
                        0.0
                    ],
                    [
                        -0.6329189581920045,
                        -0.6307588671154583,
                        0.948805489769756,
                        0.5719456053900128,
                        0.8338006944767189,
                        0.0
                    ]
                ]
            },
            "est_tgt": [
                0,
                1,
                2,
                3,
                4,
                5
            ],
            "oracle_est_tgt": [
                0,
                1,
                2,
                3,
                4,
                5
            ]
        }
    },
    "metric_dict": {
        "param_est_rel_err": 19.35074106100362,
        "est_num_comp": 1,
        "weight_precision_error": 0.0,
        "gm_score_dict": {
            "1": -9.43461873780696,
            "2": -9.168605058384644,
            "3": -9.223475104557451,
            "4": -9.102843855048787,
            "5": -9.039889376700671,
            "6": -9.069149353629145,
            "7": -9.097674290184953
        },
        "est_dag": {
            "amat": [
                [
                    0,
                    0,
                    1,
                    0,
                    0,
                    0
                ],
                [
                    0,
                    0,
                    0,
                    0,
                    0,
                    0
                ],
                [
                    0,
                    0,
                    0,
                    0,
                    0,
                    0
                ],
                [
                    1,
                    1,
                    1,
                    0,
                    0,
                    0
                ],
                [
                    0,
                    1,
                    0,
                    1,
                    0,
                    1
                ],
                [
                    1,
                    1,
                    1,
                    0,
                    0,
                    0
                ]
            ],
            "nodes": [
                0,
                1,
                2,
                3,
                4,
                5
            ]
        },
        "oracle_est_dag": {
            "amat": [
                [
                    0,
                    0,
                    1,
                    0,
                    0,
                    0
                ],
                [
                    0,
                    0,
                    0,
                    0,
                    0,
                    0
                ],
                [
                    0,
                    0,
                    0,
                    0,
                    0,
                    0
                ],
                [
                    1,
                    1,
                    1,
                    0,
                    1,
                    0
                ],
                [
                    0,
                    1,
                    0,
                    0,
                    0,
                    1
                ],
                [
                    1,
                    1,
                    1,
                    0,
                    0,
                    0
                ]
            ],
            "nodes": [
                0,
                1,
                2,
                3,
                4,
                5
            ]
        },
        "igsp_dag": null,
        "intv_base_est_dag": null,
        "act_dag": {
            "amat": [
                [
                    0,
                    1,
                    1,
                    0,
                    1,
                    1
                ],
                [
                    0,
                    0,
                    0,
                    1,
                    0,
                    1
                ],
                [
                    0,
                    0,
                    0,
                    1,
                    1,
                    1
                ],
                [
                    0,
                    0,
                    0,
                    0,
                    1,
                    1
                ],
                [
                    0,
                    0,
                    0,
                    0,
                    0,
                    1
                ],
                [
                    0,
                    0,
                    0,
                    0,
                    0,
                    0
                ]
            ],
            "nodes": [
                0,
                1,
                2,
                3,
                4,
                5
            ]
        },
        "shd": 12,
        "oracle_shd": 11,
        "intv_base_shd": null,
        "igsp_shd": null,
        "avg_js": 0.08333333333333333,
        "avg_oracle_js": 0.1761904761904762
    }
}