{
    "expt_args": {
        "save_dir": "all_expt_logs/expt_logs_sim_compsel_backward_cameraready_new_mean",
        "exp_name": "273",
        "num_nodes": 6,
        "num_tgt_prior": 7,
        "obs_noise_mean": 0.0,
        "obs_noise_var": 1.0,
        "obs_noise_gamma_shape": null,
        "noise_type": "gaussian",
        "max_edge_strength": 1.0,
        "graph_sparsity_method": "adj_dense_prop",
        "adj_dense_prop": 0.8,
        "num_parents": null,
        "new_noise_mean": 0.1,
        "mix_samples": 524288,
        "stage2_samples": 524288,
        "gmm_tol": 0.001,
        "intv_type": "hard",
        "new_noise_var": 1.0,
        "dtype": "simulation",
        "cutoff_drop_ratio": 0.07,
        "intv_targets": [
            0,
            1,
            2,
            3,
            4,
            5
        ]
    },
    "intv_args_dict": {
        "0": {
            "intv_type": "hard",
            "inode": 0,
            "new_mui": 0.1,
            "new_vari": 1.0,
            "noise_type": "gaussian",
            "obs_noise_gamma_shape": null,
            "true_params": {
                "Si": [
                    [
                        1.0,
                        0.0,
                        -0.6728755076247781,
                        0.25826836519611807,
                        1.5711516746597776,
                        -0.45930642591752047
                    ],
                    [
                        0.0,
                        1.0,
                        -0.7569159652227733,
                        -0.08386803615048355,
                        0.6709384638667737,
                        0.39810554488759975
                    ],
                    [
                        -0.6728755076247781,
                        -0.7569159652227733,
                        2.0256832271704255,
                        0.8744448576538087,
                        -1.9493742581458093,
                        -0.5698280559630264
                    ],
                    [
                        0.25826836519611807,
                        -0.08386803615048355,
                        0.8744448576538087,
                        2.04346159145822,
                        0.5455180488144138,
                        -2.0570685359069145
                    ],
                    [
                        1.5711516746597776,
                        0.6709384638667737,
                        -1.9493742581458093,
                        0.5455180488144138,
                        4.396429901274823,
                        -1.7774422471161415
                    ],
                    [
                        -0.45930642591752047,
                        0.39810554488759975,
                        -0.5698280559630264,
                        -2.0570685359069145,
                        -1.7774422471161415,
                        4.092771509065452
                    ]
                ],
                "mui": [
                    0.10000000149011612,
                    0.0,
                    -0.06728755176514045,
                    0.02582683690446166,
                    0.15711516980717619,
                    -0.045930643276171954
                ],
                "Ai": [
                    [
                        0.0,
                        0.0,
                        0.0,
                        0.0,
                        0.0,
                        0.0
                    ],
                    [
                        -0.0,
                        0.0,
                        0.0,
                        0.0,
                        0.0,
                        0.0
                    ],
                    [
                        -0.6728755076247781,
                        -0.7569159652227733,
                        0.0,
                        0.0,
                        0.0,
                        0.0
                    ],
                    [
                        0.9208800044080898,
                        0.6615021293239489,
                        0.9847462594543865,
                        0.0,
                        0.0,
                        0.0
                    ],
                    [
                        0.7835039904666645,
                        0.0,
                        -0.950065330812061,
                        0.5744876742204855,
                        0.0,
                        0.0
                    ],
                    [
                        0.9915873643687452,
                        0.8449220648759619,
                        -0.0,
                        -0.8898295895015309,
                        -0.7771871911519865,
                        0.0
                    ]
                ]
            },
            "oracle_est_tgt": [
                0
            ]
        },
        "1": {
            "intv_type": "hard",
            "inode": 1,
            "new_mui": 0.1,
            "new_vari": 1.0,
            "noise_type": "gaussian",
            "obs_noise_gamma_shape": null,
            "true_params": {
                "Si": [
                    [
                        1.0,
                        0.0,
                        -0.6728755076247781,
                        0.25826836519611807,
                        1.5711516746597776,
                        -0.45930642591752047
                    ],
                    [
                        0.0,
                        1.0,
                        -0.7569159652227733,
                        -0.08386803615048355,
                        0.6709384638667737,
                        0.39810554488759975
                    ],
                    [
                        -0.6728755076247781,
                        -0.7569159652227733,
                        2.0256832271704255,
                        0.8744448576538087,
                        -1.9493742581458093,
                        -0.5698280559630264
                    ],
                    [
                        0.25826836519611807,
                        -0.08386803615048355,
                        0.8744448576538087,
                        2.04346159145822,
                        0.5455180488144138,
                        -2.0570685359069145
                    ],
                    [
                        1.5711516746597776,
                        0.6709384638667737,
                        -1.9493742581458093,
                        0.5455180488144138,
                        4.396429901274823,
                        -1.7774422471161415
                    ],
                    [
                        -0.45930642591752047,
                        0.39810554488759975,
                        -0.5698280559630264,
                        -2.0570685359069145,
                        -1.7774422471161415,
                        4.092771509065452
                    ]
                ],
                "mui": [
                    0.0,
                    0.10000000149011612,
                    -0.07569159765017001,
                    -0.008386803740021468,
                    0.06709384738645359,
                    0.039810555081983466
                ],
                "Ai": [
                    [
                        0.0,
                        0.0,
                        0.0,
                        0.0,
                        0.0,
                        0.0
                    ],
                    [
                        0.0,
                        0.0,
                        0.0,
                        0.0,
                        0.0,
                        0.0
                    ],
                    [
                        -0.6728755076247781,
                        -0.7569159652227733,
                        0.0,
                        0.0,
                        0.0,
                        0.0
                    ],
                    [
                        0.9208800044080898,
                        0.6615021293239489,
                        0.9847462594543865,
                        0.0,
                        0.0,
                        0.0
                    ],
                    [
                        0.7835039904666645,
                        0.0,
                        -0.950065330812061,
                        0.5744876742204855,
                        0.0,
                        0.0
                    ],
                    [
                        0.9915873643687452,
                        0.8449220648759619,
                        -0.0,
                        -0.8898295895015309,
                        -0.7771871911519865,
                        0.0
                    ]
                ]
            },
            "oracle_est_tgt": [
                1
            ]
        },
        "2": {
            "intv_type": "hard",
            "inode": 2,
            "new_mui": 0.1,
            "new_vari": 1.0,
            "noise_type": "gaussian",
            "obs_noise_gamma_shape": null,
            "true_params": {
                "Si": [
                    [
                        1.0,
                        0.0,
                        0.0,
                        0.9208800044080898,
                        1.3125382024352186,
                        -0.8479267907641783
                    ],
                    [
                        0.0,
                        1.0,
                        0.0,
                        0.6615021293239489,
                        0.38002481976721425,
                        -0.03905252555767735
                    ],
                    [
                        0.0,
                        0.0,
                        1.0,
                        0.9847462594543865,
                        -0.3843407425207877,
                        -0.577551657688465
                    ],
                    [
                        0.9208800044080898,
                        0.6615021293239489,
                        0.9847462594543865,
                        3.255330245128168,
                        1.6560869787835109,
                        -2.711728041559319
                    ],
                    [
                        1.3125382024352186,
                        0.38002481976721425,
                        -0.3843407425207877,
                        1.6560869787835109,
                        3.344929290683672,
                        -2.4506837443303526
                    ],
                    [
                        -0.8479267907641783,
                        -0.03905252555767735,
                        -0.577551657688465,
                        -2.711728041559319,
                        -2.4506837443303526,
                        4.443826033554145
                    ]
                ],
                "mui": [
                    0.0,
                    0.0,
                    0.10000000149011612,
                    0.09847462741282492,
                    -0.03843407482479111,
                    -0.05775516662946553
                ],
                "Ai": [
                    [
                        0.0,
                        0.0,
                        0.0,
                        0.0,
                        0.0,
                        0.0
                    ],
                    [
                        -0.0,
                        0.0,
                        0.0,
                        0.0,
                        0.0,
                        0.0
                    ],
                    [
                        0.0,
                        0.0,
                        0.0,
                        0.0,
                        0.0,
                        0.0
                    ],
                    [
                        0.9208800044080898,
                        0.6615021293239489,
                        0.9847462594543865,
                        0.0,
                        0.0,
                        0.0
                    ],
                    [
                        0.7835039904666645,
                        0.0,
                        -0.950065330812061,
                        0.5744876742204855,
                        0.0,
                        0.0
                    ],
                    [
                        0.9915873643687452,
                        0.8449220648759619,
                        -0.0,
                        -0.8898295895015309,
                        -0.7771871911519865,
                        0.0
                    ]
                ]
            },
            "oracle_est_tgt": [
                2
            ]
        },
        "3": {
            "intv_type": "hard",
            "inode": 3,
            "new_mui": 0.1,
            "new_vari": 1.0,
            "noise_type": "gaussian",
            "obs_noise_gamma_shape": null,
            "true_params": {
                "Si": [
                    [
                        1.0,
                        0.0,
                        -0.6728755076247781,
                        0.0,
                        1.4227796822135328,
                        -0.11417878047890628
                    ],
                    [
                        0.0,
                        1.0,
                        -0.7569159652227733,
                        0.0,
                        0.7191196168963045,
                        0.2860315097180304
                    ],
                    [
                        -0.6728755076247781,
                        -0.7569159652227733,
                        2.0256832271704255,
                        0.0,
                        -2.4517320506534097,
                        0.5987048944770808
                    ],
                    [
                        0.0,
                        0.0,
                        0.0,
                        1.0,
                        0.5744876742204855,
                        -1.3363140513803875
                    ],
                    [
                        1.4227796822135328,
                        0.7191196168963045,
                        -2.4517320506534097,
                        0.5744876742204855,
                        4.774095268167024,
                        -2.2031514363196676
                    ],
                    [
                        -0.11417878047890628,
                        0.2860315097180304,
                        0.5987048944770808,
                        -1.3363140513803875,
                        -2.2031514363196676,
                        4.0298089580693155
                    ]
                ],
                "mui": [
                    0.0,
                    0.0,
                    0.0,
                    0.10000000149011612,
                    0.05744876827810189,
                    -0.13363140712930185
                ],
                "Ai": [
                    [
                        0.0,
                        0.0,
                        0.0,
                        0.0,
                        0.0,
                        0.0
                    ],
                    [
                        -0.0,
                        0.0,
                        0.0,
                        0.0,
                        0.0,
                        0.0
                    ],
                    [
                        -0.6728755076247781,
                        -0.7569159652227733,
                        0.0,
                        0.0,
                        0.0,
                        0.0
                    ],
                    [
                        0.0,
                        0.0,
                        0.0,
                        0.0,
                        0.0,
                        0.0
                    ],
                    [
                        0.7835039904666645,
                        0.0,
                        -0.950065330812061,
                        0.5744876742204855,
                        0.0,
                        0.0
                    ],
                    [
                        0.9915873643687452,
                        0.8449220648759619,
                        -0.0,
                        -0.8898295895015309,
                        -0.7771871911519865,
                        0.0
                    ]
                ]
            },
            "oracle_est_tgt": [
                3
            ]
        },
        "4": {
            "intv_type": "hard",
            "inode": 4,
            "new_mui": 0.1,
            "new_vari": 1.0,
            "noise_type": "gaussian",
            "obs_noise_gamma_shape": null,
            "true_params": {
                "Si": [
                    [
                        1.0,
                        0.0,
                        -0.6728755076247781,
                        0.25826836519611807,
                        0.0,
                        0.7617725309850519
                    ],
                    [
                        0.0,
                        1.0,
                        -0.7569159652227733,
                        -0.08386803615048355,
                        0.0,
                        0.9195503250560462
                    ],
                    [
                        -0.6728755076247781,
                        -0.7569159652227733,
                        2.0256832271704255,
                        0.8744448576538087,
                        0.0,
                        -2.084856760155356
                    ],
                    [
                        0.25826836519611807,
                        -0.08386803615048355,
                        0.8744448576538087,
                        2.04346159145822,
                        0.0,
                        -1.6330988958261283
                    ],
                    [
                        0.0,
                        0.0,
                        0.0,
                        0.0,
                        1.0,
                        -0.7771871911519865
                    ],
                    [
                        0.7617725309850519,
                        0.9195503250560462,
                        -2.084856760155356,
                        -1.6330988958261283,
                        -0.7771871911519865,
                        4.589512025830774
                    ]
                ],
                "mui": [
                    0.0,
                    0.0,
                    0.0,
                    0.0,
                    0.10000000149011612,
                    -0.07771872027329782
                ],
                "Ai": [
                    [
                        0.0,
                        0.0,
                        0.0,
                        0.0,
                        0.0,
                        0.0
                    ],
                    [
                        -0.0,
                        0.0,
                        0.0,
                        0.0,
                        0.0,
                        0.0
                    ],
                    [
                        -0.6728755076247781,
                        -0.7569159652227733,
                        0.0,
                        0.0,
                        0.0,
                        0.0
                    ],
                    [
                        0.9208800044080898,
                        0.6615021293239489,
                        0.9847462594543865,
                        0.0,
                        0.0,
                        0.0
                    ],
                    [
                        0.0,
                        0.0,
                        0.0,
                        0.0,
                        0.0,
                        0.0
                    ],
                    [
                        0.9915873643687452,
                        0.8449220648759619,
                        -0.0,
                        -0.8898295895015309,
                        -0.7771871911519865,
                        0.0
                    ]
                ]
            },
            "oracle_est_tgt": [
                4
            ]
        },
        "5": {
            "intv_type": "hard",
            "inode": 5,
            "new_mui": 0.1,
            "new_vari": 1.0,
            "noise_type": "gaussian",
            "obs_noise_gamma_shape": null,
            "true_params": {
                "Si": [
                    [
                        1.0,
                        0.0,
                        -0.6728755076247781,
                        0.25826836519611807,
                        1.5711516746597776,
                        0.0
                    ],
                    [
                        0.0,
                        1.0,
                        -0.7569159652227733,
                        -0.08386803615048355,
                        0.6709384638667737,
                        0.0
                    ],
                    [
                        -0.6728755076247781,
                        -0.7569159652227733,
                        2.0256832271704255,
                        0.8744448576538087,
                        -1.9493742581458093,
                        0.0
                    ],
                    [
                        0.25826836519611807,
                        -0.08386803615048355,
                        0.8744448576538087,
                        2.04346159145822,
                        0.5455180488144138,
                        0.0
                    ],
                    [
                        1.5711516746597776,
                        0.6709384638667737,
                        -1.9493742581458093,
                        0.5455180488144138,
                        4.396429901274823,
                        0.0
                    ],
                    [
                        0.0,
                        0.0,
                        0.0,
                        0.0,
                        0.0,
                        1.0
                    ]
                ],
                "mui": [
                    0.0,
                    0.0,
                    0.0,
                    0.0,
                    0.0,
                    0.10000000149011612
                ],
                "Ai": [
                    [
                        0.0,
                        0.0,
                        0.0,
                        0.0,
                        0.0,
                        0.0
                    ],
                    [
                        -0.0,
                        0.0,
                        0.0,
                        0.0,
                        0.0,
                        0.0
                    ],
                    [
                        -0.6728755076247781,
                        -0.7569159652227733,
                        0.0,
                        0.0,
                        0.0,
                        0.0
                    ],
                    [
                        0.9208800044080898,
                        0.6615021293239489,
                        0.9847462594543865,
                        0.0,
                        0.0,
                        0.0
                    ],
                    [
                        0.7835039904666645,
                        0.0,
                        -0.950065330812061,
                        0.5744876742204855,
                        0.0,
                        0.0
                    ],
                    [
                        0.0,
                        0.0,
                        0.0,
                        0.0,
                        0.0,
                        0.0
                    ]
                ]
            },
            "oracle_est_tgt": [
                5
            ]
        },
        "obs": {
            "intv_type": "obs",
            "noise_type": "gaussian",
            "obs_noise_gamma_shape": null,
            "true_params": {
                "Si": [
                    [
                        1.0,
                        0.0,
                        -0.6728755076247781,
                        0.25826836519611807,
                        1.5711516746597776,
                        -0.45930642591752047
                    ],
                    [
                        0.0,
                        1.0,
                        -0.7569159652227733,
                        -0.08386803615048355,
                        0.6709384638667737,
                        0.39810554488759975
                    ],
                    [
                        -0.6728755076247781,
                        -0.7569159652227733,
                        2.0256832271704255,
                        0.8744448576538087,
                        -1.9493742581458093,
                        -0.5698280559630264
                    ],
                    [
                        0.25826836519611807,
                        -0.08386803615048355,
                        0.8744448576538087,
                        2.04346159145822,
                        0.5455180488144138,
                        -2.0570685359069145
                    ],
                    [
                        1.5711516746597776,
                        0.6709384638667737,
                        -1.9493742581458093,
                        0.5455180488144138,
                        4.396429901274823,
                        -1.7774422471161415
                    ],
                    [
                        -0.45930642591752047,
                        0.39810554488759975,
                        -0.5698280559630264,
                        -2.0570685359069145,
                        -1.7774422471161415,
                        4.092771509065452
                    ]
                ],
                "mui": [
                    0.0,
                    0.0,
                    0.0,
                    0.0,
                    0.0,
                    0.0
                ],
                "Ai": [
                    [
                        0.0,
                        0.0,
                        0.0,
                        0.0,
                        0.0,
                        0.0
                    ],
                    [
                        -0.0,
                        0.0,
                        0.0,
                        0.0,
                        0.0,
                        0.0
                    ],
                    [
                        -0.6728755076247781,
                        -0.7569159652227733,
                        0.0,
                        0.0,
                        0.0,
                        0.0
                    ],
                    [
                        0.9208800044080898,
                        0.6615021293239489,
                        0.9847462594543865,
                        0.0,
                        0.0,
                        0.0
                    ],
                    [
                        0.7835039904666645,
                        0.0,
                        -0.950065330812061,
                        0.5744876742204855,
                        0.0,
                        0.0
                    ],
                    [
                        0.9915873643687452,
                        0.8449220648759619,
                        -0.0,
                        -0.8898295895015309,
                        -0.7771871911519865,
                        0.0
                    ]
                ]
            },
            "est_params": {
                "mui": [
                    0.014736732438698809,
                    0.014499003266285651,
                    -0.00835957293787912,
                    0.030896499812100013,
                    0.05189049564587397,
                    -0.026470832575253785
                ],
                "Si": [
                    [
                        1.0010078801029245,
                        -0.002630642395851372,
                        -0.5770975598906231,
                        0.31334377887179377,
                        1.2894838841334102,
                        -0.22456985553858752
                    ],
                    [
                        -0.002630642395851372,
                        1.0019539136918076,
                        -0.6490332609328194,
                        0.03324520662123732,
                        0.5374893157405196,
                        0.34036489576471174
                    ],
                    [
                        -0.5770975598906231,
                        -0.6490332609328194,
                        1.8816214835833145,
                        0.7692786735298606,
                        -1.5189565968171144,
                        -0.544635042052512
                    ],
                    [
                        0.31334377887179377,
                        0.03324520662123732,
                        0.7692786735298606,
                        2.0678305546972995,
                        0.6290989658704348,
                        -1.6950247962542944
                    ],
                    [
                        1.2894838841334102,
                        0.5374893157405196,
                        -1.5189565968171144,
                        0.6290989658704348,
                        3.8175497026693153,
                        -1.540435653450607
                    ],
                    [
                        -0.22456985553858752,
                        0.34036489576471174,
                        -0.544635042052512,
                        -1.6950247962542944,
                        -1.540435653450607,
                        3.771861933358695
                    ]
                ]
            },
            "est_tgt": [
                0,
                1,
                2,
                3,
                4,
                5
            ],
            "oracle_est_tgt": [
                0,
                1,
                2,
                3,
                4,
                5
            ]
        }
    },
    "metric_dict": {
        "param_est_rel_err": 5.876999849127543,
        "est_num_comp": 1,
        "weight_precision_error": 0.0,
        "gm_score_dict": {
            "1": -8.970306495759962,
            "2": -8.912670995923968,
            "3": -8.905419466186146,
            "4": -8.893077307010588,
            "5": -8.862272116026988,
            "6": -8.861676074892369,
            "7": -8.86437920385224
        },
        "est_dag": {
            "amat": [
                [
                    0,
                    0,
                    1,
                    1,
                    1,
                    1
                ],
                [
                    0,
                    0,
                    1,
                    0,
                    0,
                    1
                ],
                [
                    0,
                    0,
                    0,
                    0,
                    1,
                    0
                ],
                [
                    0,
                    1,
                    1,
                    0,
                    1,
                    1
                ],
                [
                    0,
                    0,
                    0,
                    0,
                    0,
                    1
                ],
                [
                    0,
                    0,
                    0,
                    0,
                    0,
                    0
                ]
            ],
            "nodes": [
                0,
                1,
                2,
                3,
                4,
                5
            ]
        },
        "oracle_est_dag": {
            "amat": [
                [
                    0,
                    0,
                    1,
                    1,
                    1,
                    1
                ],
                [
                    0,
                    0,
                    1,
                    1,
                    0,
                    1
                ],
                [
                    0,
                    0,
                    0,
                    1,
                    1,
                    0
                ],
                [
                    0,
                    0,
                    0,
                    0,
                    1,
                    1
                ],
                [
                    0,
                    0,
                    0,
                    0,
                    0,
                    1
                ],
                [
                    0,
                    0,
                    0,
                    0,
                    0,
                    0
                ]
            ],
            "nodes": [
                0,
                1,
                2,
                3,
                4,
                5
            ]
        },
        "igsp_dag": null,
        "intv_base_est_dag": null,
        "act_dag": {
            "amat": [
                [
                    0,
                    0,
                    1,
                    1,
                    1,
                    1
                ],
                [
                    0,
                    0,
                    1,
                    1,
                    0,
                    1
                ],
                [
                    0,
                    0,
                    0,
                    1,
                    1,
                    0
                ],
                [
                    0,
                    0,
                    0,
                    0,
                    1,
                    1
                ],
                [
                    0,
                    0,
                    0,
                    0,
                    0,
                    1
                ],
                [
                    0,
                    0,
                    0,
                    0,
                    0,
                    0
                ]
            ],
            "nodes": [
                0,
                1,
                2,
                3,
                4,
                5
            ]
        },
        "shd": 2,
        "oracle_shd": 0,
        "intv_base_shd": null,
        "igsp_shd": null,
        "avg_js": 0.0,
        "avg_oracle_js": 0.8571428571428571
    }
}