{
    "expt_args": {
        "save_dir": "all_expt_logs/expt_logs_sim_compsel_backward_cameraready_new_mean",
        "exp_name": "373",
        "num_nodes": 6,
        "num_tgt_prior": 7,
        "obs_noise_mean": 0.0,
        "obs_noise_var": 1.0,
        "obs_noise_gamma_shape": null,
        "noise_type": "gaussian",
        "max_edge_strength": 1.0,
        "graph_sparsity_method": "adj_dense_prop",
        "adj_dense_prop": 0.8,
        "num_parents": null,
        "new_noise_mean": 0.2,
        "mix_samples": 1048576,
        "stage2_samples": 1048576,
        "gmm_tol": 0.001,
        "intv_type": "hard",
        "new_noise_var": 1.0,
        "dtype": "simulation",
        "cutoff_drop_ratio": 0.07,
        "intv_targets": [
            0,
            1,
            2,
            3,
            4,
            5
        ]
    },
    "intv_args_dict": {
        "0": {
            "intv_type": "hard",
            "inode": 0,
            "new_mui": 0.2,
            "new_vari": 1.0,
            "noise_type": "gaussian",
            "obs_noise_gamma_shape": null,
            "true_params": {
                "Si": [
                    [
                        1.0,
                        0.7378831518626824,
                        0.2734397012417296,
                        0.8652543853471318,
                        -1.3532148342454902,
                        -0.16694271842551967
                    ],
                    [
                        0.7378831518626824,
                        1.5444715458028064,
                        -0.45833811126649615,
                        0.21188264648991972,
                        -0.8044356829439728,
                        -0.46643824059398287
                    ],
                    [
                        0.2734397012417296,
                        -0.45833811126649615,
                        1.51050743218819,
                        1.1644001239649135,
                        -1.8279260943431213,
                        1.5150512293324347
                    ],
                    [
                        0.8652543853471318,
                        0.21188264648991972,
                        1.1644001239649135,
                        2.3482330637103197,
                        -2.817511356370368,
                        0.5748080337839178
                    ],
                    [
                        -1.3532148342454902,
                        -0.8044356829439728,
                        -1.8279260943431213,
                        -2.817511356370368,
                        5.133532103569412,
                        -2.1969843888463005
                    ],
                    [
                        -0.16694271842551967,
                        -0.46643824059398287,
                        1.5150512293324347,
                        0.5748080337839178,
                        -2.1969843888463005,
                        3.6270435651754163
                    ]
                ],
                "mui": [
                    0.20000000298023224,
                    0.14757663257159964,
                    0.054687941063259735,
                    0.17305087964808538,
                    -0.2706429708819925,
                    -0.033388544182632006
                ],
                "Ai": [
                    [
                        0.0,
                        0.0,
                        0.0,
                        0.0,
                        0.0,
                        0.0
                    ],
                    [
                        0.7378831518626824,
                        0.0,
                        0.0,
                        0.0,
                        0.0,
                        0.0
                    ],
                    [
                        0.7605198082207827,
                        -0.6601046598631338,
                        0.0,
                        0.0,
                        0.0,
                        0.0
                    ],
                    [
                        0.6885517038976934,
                        0.0,
                        0.6462217470506507,
                        0.0,
                        0.0,
                        0.0
                    ],
                    [
                        -0.0,
                        -0.6837225913186291,
                        -0.8745231595635797,
                        -0.7045073823451168,
                        0.0,
                        0.0
                    ],
                    [
                        -0.729083712143531,
                        0.0,
                        0.833699162916648,
                        -0.8430415067682262,
                        -0.7859948601867828,
                        0.0
                    ]
                ]
            },
            "oracle_est_tgt": [
                0
            ]
        },
        "1": {
            "intv_type": "hard",
            "inode": 1,
            "new_mui": 0.2,
            "new_vari": 1.0,
            "noise_type": "gaussian",
            "obs_noise_gamma_shape": null,
            "true_params": {
                "Si": [
                    [
                        1.0,
                        0.0,
                        0.7605198082207827,
                        1.1800161430327534,
                        -1.4964222696489127,
                        0.08633864073158759
                    ],
                    [
                        0.0,
                        1.0,
                        -0.6601046598631338,
                        -0.4265739865330299,
                        0.1940787440964268,
                        -0.34325402134163613
                    ],
                    [
                        0.7605198082207827,
                        -0.6601046598631338,
                        2.0141285406691996,
                        1.8252308741341947,
                        -2.595962211881857,
                        1.6263622428744209
                    ],
                    [
                        1.1800161430327534,
                        -0.4265739865330299,
                        1.8252308741341947,
                        2.992006010165772,
                        -3.4124387217020944,
                        0.8211369428341486
                    ],
                    [
                        -1.4964222696489127,
                        0.1940787440964268,
                        -2.595962211881857,
                        -3.4124387217020944,
                        5.541621325048566,
                        -2.552092816610946
                    ],
                    [
                        0.08633864073158759,
                        -0.34325402134163613,
                        1.6263622428744209,
                        0.8211369428341486,
                        -2.552092816610946,
                        3.606628054823492
                    ]
                ],
                "mui": [
                    0.0,
                    0.20000000298023224,
                    -0.13202093393989195,
                    -0.08531479857789553,
                    0.03881574939768509,
                    -0.06865080529130392
                ],
                "Ai": [
                    [
                        0.0,
                        0.0,
                        0.0,
                        0.0,
                        0.0,
                        0.0
                    ],
                    [
                        0.0,
                        0.0,
                        0.0,
                        0.0,
                        0.0,
                        0.0
                    ],
                    [
                        0.7605198082207827,
                        -0.6601046598631338,
                        0.0,
                        0.0,
                        0.0,
                        0.0
                    ],
                    [
                        0.6885517038976934,
                        0.0,
                        0.6462217470506507,
                        0.0,
                        0.0,
                        0.0
                    ],
                    [
                        -0.0,
                        -0.6837225913186291,
                        -0.8745231595635797,
                        -0.7045073823451168,
                        0.0,
                        0.0
                    ],
                    [
                        -0.729083712143531,
                        0.0,
                        0.833699162916648,
                        -0.8430415067682262,
                        -0.7859948601867828,
                        0.0
                    ]
                ]
            },
            "oracle_est_tgt": [
                1
            ]
        },
        "2": {
            "intv_type": "hard",
            "inode": 2,
            "new_mui": 0.2,
            "new_vari": 1.0,
            "noise_type": "gaussian",
            "obs_noise_gamma_shape": null,
            "true_params": {
                "Si": [
                    [
                        1.0,
                        0.7378831518626824,
                        0.0,
                        0.6885517038976934,
                        -0.9895971392041446,
                        -0.5317431130152701
                    ],
                    [
                        0.7378831518626824,
                        1.5444715458028064,
                        0.0,
                        0.5080707014924504,
                        -1.413929647468877,
                        0.14503815835704864
                    ],
                    [
                        0.0,
                        0.0,
                        1.0,
                        0.6462217470506507,
                        -1.3297911509927218,
                        1.3341164173788174
                    ],
                    [
                        0.6885517038976934,
                        0.5080707014924504,
                        0.6462217470506507,
                        1.891705995301612,
                        -2.245236139523426,
                        0.20670009022364666
                    ],
                    [
                        -0.9895971392041446,
                        -1.413929647468877,
                        -1.3297911509927218,
                        -2.245236139523426,
                        4.711454236837804,
                        -2.197498169704473
                    ],
                    [
                        -0.5317431130152701,
                        0.14503815835704864,
                        1.3341164173788174,
                        0.20670009022364666,
                        -2.197498169704473,
                        4.052902494292315
                    ]
                ],
                "mui": [
                    0.0,
                    0.0,
                    0.20000000298023224,
                    0.12924435133602102,
                    -0.26595823416163084,
                    0.2668232874517402
                ],
                "Ai": [
                    [
                        0.0,
                        0.0,
                        0.0,
                        0.0,
                        0.0,
                        0.0
                    ],
                    [
                        0.7378831518626824,
                        0.0,
                        0.0,
                        0.0,
                        0.0,
                        0.0
                    ],
                    [
                        0.0,
                        0.0,
                        0.0,
                        0.0,
                        0.0,
                        0.0
                    ],
                    [
                        0.6885517038976934,
                        0.0,
                        0.6462217470506507,
                        0.0,
                        0.0,
                        0.0
                    ],
                    [
                        -0.0,
                        -0.6837225913186291,
                        -0.8745231595635797,
                        -0.7045073823451168,
                        0.0,
                        0.0
                    ],
                    [
                        -0.729083712143531,
                        0.0,
                        0.833699162916648,
                        -0.8430415067682262,
                        -0.7859948601867828,
                        0.0
                    ]
                ]
            },
            "oracle_est_tgt": [
                2
            ]
        },
        "3": {
            "intv_type": "hard",
            "inode": 3,
            "new_mui": 0.2,
            "new_vari": 1.0,
            "noise_type": "gaussian",
            "obs_noise_gamma_shape": null,
            "true_params": {
                "Si": [
                    [
                        1.0,
                        0.7378831518626824,
                        0.2734397012417296,
                        0.0,
                        -0.7436367321619494,
                        0.08337738721526478
                    ],
                    [
                        0.7378831518626824,
                        1.5444715458028064,
                        -0.45833811126649615,
                        0.0,
                        -0.6551627943010037,
                        -0.40514009827768915
                    ],
                    [
                        0.2734397012417296,
                        -0.45833811126649615,
                        1.51050743218819,
                        0.0,
                        -1.0075976110062705,
                        1.851914892753341
                    ],
                    [
                        0.0,
                        0.0,
                        0.0,
                        1.0,
                        -0.7045073823451168,
                        -0.2893023252813198
                    ],
                    [
                        -0.7436367321619494,
                        -0.6551627943010037,
                        -1.0075976110062705,
                        -0.7045073823451168,
                        2.8254477015797237,
                        -1.9247182617084786
                    ],
                    [
                        0.08337738721526478,
                        -0.40514009827768915,
                        1.851914892753341,
                        -0.2893023252813198,
                        -1.9247182617084786,
                        4.239863330128819
                    ]
                ],
                "mui": [
                    0.0,
                    0.0,
                    0.0,
                    0.20000000298023224,
                    -0.14090147856861898,
                    -0.057860465918452085
                ],
                "Ai": [
                    [
                        0.0,
                        0.0,
                        0.0,
                        0.0,
                        0.0,
                        0.0
                    ],
                    [
                        0.7378831518626824,
                        0.0,
                        0.0,
                        0.0,
                        0.0,
                        0.0
                    ],
                    [
                        0.7605198082207827,
                        -0.6601046598631338,
                        0.0,
                        0.0,
                        0.0,
                        0.0
                    ],
                    [
                        0.0,
                        0.0,
                        0.0,
                        0.0,
                        0.0,
                        0.0
                    ],
                    [
                        -0.0,
                        -0.6837225913186291,
                        -0.8745231595635797,
                        -0.7045073823451168,
                        0.0,
                        0.0
                    ],
                    [
                        -0.729083712143531,
                        0.0,
                        0.833699162916648,
                        -0.8430415067682262,
                        -0.7859948601867828,
                        0.0
                    ]
                ]
            },
            "oracle_est_tgt": [
                3
            ]
        },
        "4": {
            "intv_type": "hard",
            "inode": 4,
            "new_mui": 0.2,
            "new_vari": 1.0,
            "noise_type": "gaussian",
            "obs_noise_gamma_shape": null,
            "true_params": {
                "Si": [
                    [
                        1.0,
                        0.7378831518626824,
                        0.2734397012417296,
                        0.8652543853471318,
                        0.0,
                        -1.230562622870984
                    ],
                    [
                        0.7378831518626824,
                        1.5444715458028064,
                        -0.45833811126649615,
                        0.21188264648991972,
                        0.0,
                        -1.0987205527387898
                    ],
                    [
                        0.2734397012417296,
                        -0.45833811126649615,
                        1.51050743218819,
                        1.1644001239649135,
                        0.0,
                        0.07831071437744103
                    ],
                    [
                        0.8652543853471318,
                        0.21188264648991972,
                        1.1644001239649135,
                        2.3482330637103197,
                        0.0,
                        -1.6397414108410824
                    ],
                    [
                        0.0,
                        0.0,
                        0.0,
                        0.0,
                        1.0,
                        -0.7859948601867828
                    ],
                    [
                        -1.230562622870984,
                        -1.0987205527387898,
                        0.07831071437744103,
                        -1.6397414108410824,
                        -0.7859948601867828,
                        3.9626287320774978
                    ]
                ],
                "mui": [
                    0.0,
                    0.0,
                    0.0,
                    0.0,
                    0.20000000298023224,
                    -0.15719897437980376
                ],
                "Ai": [
                    [
                        0.0,
                        0.0,
                        0.0,
                        0.0,
                        0.0,
                        0.0
                    ],
                    [
                        0.7378831518626824,
                        0.0,
                        0.0,
                        0.0,
                        0.0,
                        0.0
                    ],
                    [
                        0.7605198082207827,
                        -0.6601046598631338,
                        0.0,
                        0.0,
                        0.0,
                        0.0
                    ],
                    [
                        0.6885517038976934,
                        0.0,
                        0.6462217470506507,
                        0.0,
                        0.0,
                        0.0
                    ],
                    [
                        0.0,
                        0.0,
                        0.0,
                        0.0,
                        0.0,
                        0.0
                    ],
                    [
                        -0.729083712143531,
                        0.0,
                        0.833699162916648,
                        -0.8430415067682262,
                        -0.7859948601867828,
                        0.0
                    ]
                ]
            },
            "oracle_est_tgt": [
                4
            ]
        },
        "5": {
            "intv_type": "hard",
            "inode": 5,
            "new_mui": 0.2,
            "new_vari": 1.0,
            "noise_type": "gaussian",
            "obs_noise_gamma_shape": null,
            "true_params": {
                "Si": [
                    [
                        1.0,
                        0.7378831518626824,
                        0.2734397012417296,
                        0.8652543853471318,
                        -1.3532148342454902,
                        0.0
                    ],
                    [
                        0.7378831518626824,
                        1.5444715458028064,
                        -0.45833811126649615,
                        0.21188264648991972,
                        -0.8044356829439728,
                        0.0
                    ],
                    [
                        0.2734397012417296,
                        -0.45833811126649615,
                        1.51050743218819,
                        1.1644001239649135,
                        -1.8279260943431213,
                        0.0
                    ],
                    [
                        0.8652543853471318,
                        0.21188264648991972,
                        1.1644001239649135,
                        2.3482330637103197,
                        -2.817511356370368,
                        0.0
                    ],
                    [
                        -1.3532148342454902,
                        -0.8044356829439728,
                        -1.8279260943431213,
                        -2.817511356370368,
                        5.133532103569412,
                        0.0
                    ],
                    [
                        0.0,
                        0.0,
                        0.0,
                        0.0,
                        0.0,
                        1.0
                    ]
                ],
                "mui": [
                    0.0,
                    0.0,
                    0.0,
                    0.0,
                    0.0,
                    0.20000000298023224
                ],
                "Ai": [
                    [
                        0.0,
                        0.0,
                        0.0,
                        0.0,
                        0.0,
                        0.0
                    ],
                    [
                        0.7378831518626824,
                        0.0,
                        0.0,
                        0.0,
                        0.0,
                        0.0
                    ],
                    [
                        0.7605198082207827,
                        -0.6601046598631338,
                        0.0,
                        0.0,
                        0.0,
                        0.0
                    ],
                    [
                        0.6885517038976934,
                        0.0,
                        0.6462217470506507,
                        0.0,
                        0.0,
                        0.0
                    ],
                    [
                        -0.0,
                        -0.6837225913186291,
                        -0.8745231595635797,
                        -0.7045073823451168,
                        0.0,
                        0.0
                    ],
                    [
                        0.0,
                        0.0,
                        0.0,
                        0.0,
                        0.0,
                        0.0
                    ]
                ]
            },
            "oracle_est_tgt": [
                5
            ]
        },
        "obs": {
            "intv_type": "obs",
            "noise_type": "gaussian",
            "obs_noise_gamma_shape": null,
            "true_params": {
                "Si": [
                    [
                        1.0,
                        0.7378831518626824,
                        0.2734397012417296,
                        0.8652543853471318,
                        -1.3532148342454902,
                        -0.16694271842551967
                    ],
                    [
                        0.7378831518626824,
                        1.5444715458028064,
                        -0.45833811126649615,
                        0.21188264648991972,
                        -0.8044356829439728,
                        -0.46643824059398287
                    ],
                    [
                        0.2734397012417296,
                        -0.45833811126649615,
                        1.51050743218819,
                        1.1644001239649135,
                        -1.8279260943431213,
                        1.5150512293324347
                    ],
                    [
                        0.8652543853471318,
                        0.21188264648991972,
                        1.1644001239649135,
                        2.3482330637103197,
                        -2.817511356370368,
                        0.5748080337839178
                    ],
                    [
                        -1.3532148342454902,
                        -0.8044356829439728,
                        -1.8279260943431213,
                        -2.817511356370368,
                        5.133532103569412,
                        -2.1969843888463005
                    ],
                    [
                        -0.16694271842551967,
                        -0.46643824059398287,
                        1.5150512293324347,
                        0.5748080337839178,
                        -2.1969843888463005,
                        3.6270435651754163
                    ]
                ],
                "mui": [
                    0.0,
                    0.0,
                    0.0,
                    0.0,
                    0.0,
                    0.0
                ],
                "Ai": [
                    [
                        0.0,
                        0.0,
                        0.0,
                        0.0,
                        0.0,
                        0.0
                    ],
                    [
                        0.7378831518626824,
                        0.0,
                        0.0,
                        0.0,
                        0.0,
                        0.0
                    ],
                    [
                        0.7605198082207827,
                        -0.6601046598631338,
                        0.0,
                        0.0,
                        0.0,
                        0.0
                    ],
                    [
                        0.6885517038976934,
                        0.0,
                        0.6462217470506507,
                        0.0,
                        0.0,
                        0.0
                    ],
                    [
                        -0.0,
                        -0.6837225913186291,
                        -0.8745231595635797,
                        -0.7045073823451168,
                        0.0,
                        0.0
                    ],
                    [
                        -0.729083712143531,
                        0.0,
                        0.833699162916648,
                        -0.8430415067682262,
                        -0.7859948601867828,
                        0.0
                    ]
                ]
            },
            "est_params": {
                "mui": [
                    0.029320712047576674,
                    0.04940647619723342,
                    0.01802128144695251,
                    0.061388833620930686,
                    -0.0651595249833399,
                    0.0207901416339815
                ],
                "Si": [
                    [
                        1.0031464849117804,
                        0.6324020302817243,
                        0.3051984549878144,
                        0.7635340801249537,
                        -1.046762816885449,
                        -0.2786100753406831
                    ],
                    [
                        0.6324020302817243,
                        1.470930959127559,
                        -0.42432473741930715,
                        0.12972570162968183,
                        -0.6119905705715296,
                        -0.3799365531333727
                    ],
                    [
                        0.3051984549878144,
                        -0.42432473741930715,
                        1.517061036979536,
                        1.0235570164350742,
                        -1.500237069514626,
                        1.1391292619379034
                    ],
                    [
                        0.7635340801249537,
                        0.12972570162968183,
                        1.0235570164350742,
                        2.193523761165537,
                        -2.1326542429279436,
                        0.03735401135688983
                    ],
                    [
                        -1.046762816885449,
                        -0.6119905705715296,
                        -1.500237069514626,
                        -2.1326542429279436,
                        4.240032918084949,
                        -1.6982747094947377
                    ],
                    [
                        -0.2786100753406831,
                        -0.3799365531333727,
                        1.1391292619379034,
                        0.03735401135688983,
                        -1.6982747094947377,
                        3.4593701206174465
                    ]
                ]
            },
            "est_tgt": [
                0,
                1,
                2,
                3,
                4,
                5
            ],
            "oracle_est_tgt": [
                0,
                1,
                2,
                3,
                4,
                5
            ]
        }
    },
    "metric_dict": {
        "param_est_rel_err": 8.778552755573179,
        "est_num_comp": 1,
        "weight_precision_error": 0.0,
        "gm_score_dict": {
            "1": -9.008392264504216,
            "2": -8.938217603987784,
            "3": -8.937437105394888,
            "4": -8.922430280213806,
            "5": -8.889865128430372,
            "6": -8.929027996009989,
            "7": -8.9098180424297
        },
        "est_dag": {
            "amat": [
                [
                    0,
                    1,
                    0,
                    0,
                    0,
                    1
                ],
                [
                    0,
                    0,
                    0,
                    0,
                    1,
                    0
                ],
                [
                    1,
                    1,
                    0,
                    0,
                    1,
                    1
                ],
                [
                    1,
                    0,
                    1,
                    0,
                    1,
                    1
                ],
                [
                    0,
                    0,
                    0,
                    0,
                    0,
                    1
                ],
                [
                    0,
                    0,
                    0,
                    0,
                    0,
                    0
                ]
            ],
            "nodes": [
                0,
                1,
                2,
                3,
                4,
                5
            ]
        },
        "oracle_est_dag": {
            "amat": [
                [
                    0,
                    1,
                    1,
                    1,
                    0,
                    1
                ],
                [
                    0,
                    0,
                    1,
                    0,
                    1,
                    0
                ],
                [
                    0,
                    0,
                    0,
                    1,
                    1,
                    1
                ],
                [
                    0,
                    0,
                    0,
                    0,
                    1,
                    1
                ],
                [
                    0,
                    0,
                    0,
                    0,
                    0,
                    1
                ],
                [
                    0,
                    0,
                    0,
                    0,
                    0,
                    0
                ]
            ],
            "nodes": [
                0,
                1,
                2,
                3,
                4,
                5
            ]
        },
        "igsp_dag": null,
        "intv_base_est_dag": null,
        "act_dag": {
            "amat": [
                [
                    0,
                    1,
                    1,
                    1,
                    0,
                    1
                ],
                [
                    0,
                    0,
                    1,
                    0,
                    1,
                    0
                ],
                [
                    0,
                    0,
                    0,
                    1,
                    1,
                    1
                ],
                [
                    0,
                    0,
                    0,
                    0,
                    1,
                    1
                ],
                [
                    0,
                    0,
                    0,
                    0,
                    0,
                    1
                ],
                [
                    0,
                    0,
                    0,
                    0,
                    0,
                    0
                ]
            ],
            "nodes": [
                0,
                1,
                2,
                3,
                4,
                5
            ]
        },
        "shd": 4,
        "oracle_shd": 0,
        "intv_base_shd": null,
        "igsp_shd": null,
        "avg_js": 0.0,
        "avg_oracle_js": 0.8571428571428571
    }
}