{
    "expt_args": {
        "save_dir": "all_expt_logs/expt_logs_sim_compsel_backward_cameraready_new_mean",
        "exp_name": "367",
        "num_nodes": 6,
        "num_tgt_prior": 7,
        "obs_noise_mean": 0.0,
        "obs_noise_var": 1.0,
        "obs_noise_gamma_shape": null,
        "noise_type": "gaussian",
        "max_edge_strength": 1.0,
        "graph_sparsity_method": "adj_dense_prop",
        "adj_dense_prop": 0.8,
        "num_parents": null,
        "new_noise_mean": 0.2,
        "mix_samples": 16384,
        "stage2_samples": 16384,
        "gmm_tol": 0.001,
        "intv_type": "hard",
        "new_noise_var": 1.0,
        "dtype": "simulation",
        "cutoff_drop_ratio": 0.07,
        "intv_targets": [
            0,
            1,
            2,
            3,
            4,
            5
        ]
    },
    "intv_args_dict": {
        "0": {
            "intv_type": "hard",
            "inode": 0,
            "new_mui": 0.2,
            "new_vari": 1.0,
            "noise_type": "gaussian",
            "obs_noise_gamma_shape": null,
            "true_params": {
                "Si": [
                    [
                        1.0,
                        -0.7648527096265295,
                        0.026527295533457118,
                        -0.0726511071290128,
                        -0.19677943330483144,
                        -1.6014642838596886
                    ],
                    [
                        -0.7648527096265295,
                        1.5849996674230442,
                        0.6444435767875759,
                        -0.13956042527404422,
                        -0.055344605313212086,
                        1.06347757554627
                    ],
                    [
                        0.026527295533457118,
                        0.6444435767875759,
                        1.4425737260419598,
                        0.7967507324326768,
                        -0.2047788262134721,
                        -0.14439988634685835
                    ],
                    [
                        -0.0726511071290128,
                        -0.13956042527404422,
                        0.7967507324326768,
                        1.9052533956251128,
                        -0.6660109109364286,
                        0.6070138499117939
                    ],
                    [
                        -0.19677943330483144,
                        -0.055344605313212086,
                        -0.2047788262134721,
                        -0.6660109109364286,
                        1.5235985223459978,
                        0.7889425590215617
                    ],
                    [
                        -1.6014642838596886,
                        1.06347757554627,
                        -0.14439988634685835,
                        0.6070138499117939,
                        0.7889425590215617,
                        4.34716348895202
                    ]
                ],
                "mui": [
                    0.20000000298023224,
                    -0.1529705442047446,
                    0.005305459185748925,
                    -0.014530221642319733,
                    -0.0393558872474147,
                    -0.32029286154467324
                ],
                "Ai": [
                    [
                        0.0,
                        0.0,
                        0.0,
                        0.0,
                        0.0,
                        0.0
                    ],
                    [
                        -0.7648527096265295,
                        0.0,
                        0.0,
                        0.0,
                        0.0,
                        0.0
                    ],
                    [
                        0.5349501705055523,
                        0.6647330506554043,
                        0.0,
                        0.0,
                        0.0,
                        0.0
                    ],
                    [
                        -0.7185353358404792,
                        -0.812256600827943,
                        0.9283858818219404,
                        0.0,
                        0.0,
                        0.0
                    ],
                    [
                        -0.7965183445908157,
                        -0.7020705094334281,
                        0.5520958605905385,
                        -0.6622441369658325,
                        0.0,
                        0.0
                    ],
                    [
                        -0.8106718379173015,
                        0.724655212958476,
                        -0.8257677880733106,
                        0.9453652017245684,
                        0.7416970646381111,
                        0.0
                    ]
                ]
            },
            "oracle_est_tgt": [
                0
            ]
        },
        "1": {
            "intv_type": "hard",
            "inode": 1,
            "new_mui": 0.2,
            "new_vari": 1.0,
            "noise_type": "gaussian",
            "obs_noise_gamma_shape": null,
            "true_params": {
                "Si": [
                    [
                        1.0,
                        0.0,
                        0.5349501705055523,
                        -0.22189515006488475,
                        -0.354225807680874,
                        -1.7249166520238732
                    ],
                    [
                        0.0,
                        1.0,
                        0.6647330506554043,
                        -0.19512782141903695,
                        -0.20585188807518537,
                        -0.1614067213339226
                    ],
                    [
                        0.5349501705055523,
                        0.6647330506554043,
                        1.7280417135575599,
                        0.6799751214607558,
                        -0.3890519562476391,
                        -1.0246618271106733
                    ],
                    [
                        -0.22189515006488475,
                        -0.19512782141903695,
                        0.6799751214607558,
                        1.9492126698803591,
                        -0.6017061658740418,
                        0.8734163360120718
                    ],
                    [
                        -0.354225807680874,
                        -0.20585188807518537,
                        -0.3890519562476391,
                        -0.6017061658740418,
                        1.6103522998013948,
                        1.0848173190310701
                    ],
                    [
                        -1.7249166520238732,
                        -0.1614067213339226,
                        -1.0246618271106733,
                        0.8734163360120718,
                        1.0848173190310701,
                        4.757813092903042
                    ]
                ],
                "mui": [
                    0.0,
                    0.20000000298023224,
                    0.13294661211213973,
                    -0.039025564865333616,
                    -0.041170378228523506,
                    -0.03228134474781403
                ],
                "Ai": [
                    [
                        0.0,
                        0.0,
                        0.0,
                        0.0,
                        0.0,
                        0.0
                    ],
                    [
                        0.0,
                        0.0,
                        0.0,
                        0.0,
                        0.0,
                        0.0
                    ],
                    [
                        0.5349501705055523,
                        0.6647330506554043,
                        0.0,
                        0.0,
                        0.0,
                        0.0
                    ],
                    [
                        -0.7185353358404792,
                        -0.812256600827943,
                        0.9283858818219404,
                        0.0,
                        0.0,
                        0.0
                    ],
                    [
                        -0.7965183445908157,
                        -0.7020705094334281,
                        0.5520958605905385,
                        -0.6622441369658325,
                        0.0,
                        0.0
                    ],
                    [
                        -0.8106718379173015,
                        0.724655212958476,
                        -0.8257677880733106,
                        0.9453652017245684,
                        0.7416970646381111,
                        0.0
                    ]
                ]
            },
            "oracle_est_tgt": [
                1,
                2
            ]
        },
        "2": {
            "intv_type": "hard",
            "inode": 2,
            "new_mui": 0.2,
            "new_vari": 1.0,
            "noise_type": "gaussian",
            "obs_noise_gamma_shape": null,
            "true_params": {
                "Si": [
                    [
                        1.0,
                        -0.7648527096265295,
                        0.0,
                        -0.09727867378519262,
                        -0.19511558173572469,
                        -1.6016068683985634
                    ],
                    [
                        -0.7648527096265295,
                        1.5849996674230442,
                        0.0,
                        -0.7378527435944632,
                        -0.014923656442400596,
                        1.0600136834163245
                    ],
                    [
                        0.0,
                        0.0,
                        1.0,
                        0.9283858818219404,
                        -0.06272224648789577,
                        0.00537501226594897
                    ],
                    [
                        -0.09727867378519262,
                        -0.7378527435944632,
                        0.9283858818219404,
                        2.531124271528272,
                        -0.5681553065773329,
                        0.7489787725118668
                    ],
                    [
                        -0.19511558173572469,
                        -0.014923656442400596,
                        -0.06272224648789577,
                        -0.5681553065773329,
                        1.5075194272630963,
                        0.7801626906325158
                    ],
                    [
                        -1.6016068683985634,
                        1.0600136834163245,
                        0.00537501226594897,
                        0.7489787725118668,
                        0.7801626906325158,
                        4.348786359076281
                    ]
                ],
                "mui": [
                    0.0,
                    0.0,
                    0.20000000298023224,
                    0.1856771791311936,
                    -0.012544449484506016,
                    0.0010750024692085787
                ],
                "Ai": [
                    [
                        0.0,
                        0.0,
                        0.0,
                        0.0,
                        0.0,
                        0.0
                    ],
                    [
                        -0.7648527096265295,
                        0.0,
                        0.0,
                        0.0,
                        0.0,
                        0.0
                    ],
                    [
                        0.0,
                        0.0,
                        0.0,
                        0.0,
                        0.0,
                        0.0
                    ],
                    [
                        -0.7185353358404792,
                        -0.812256600827943,
                        0.9283858818219404,
                        0.0,
                        0.0,
                        0.0
                    ],
                    [
                        -0.7965183445908157,
                        -0.7020705094334281,
                        0.5520958605905385,
                        -0.6622441369658325,
                        0.0,
                        0.0
                    ],
                    [
                        -0.8106718379173015,
                        0.724655212958476,
                        -0.8257677880733106,
                        0.9453652017245684,
                        0.7416970646381111,
                        0.0
                    ]
                ]
            },
            "oracle_est_tgt": [
                1,
                2
            ]
        },
        "3": {
            "intv_type": "hard",
            "inode": 3,
            "new_mui": 0.2,
            "new_vari": 1.0,
            "noise_type": "gaussian",
            "obs_noise_gamma_shape": null,
            "true_params": {
                "Si": [
                    [
                        1.0,
                        -0.7648527096265295,
                        0.026527295533457118,
                        0.0,
                        -0.24489220304509676,
                        -1.5684675554011203
                    ],
                    [
                        -0.7648527096265295,
                        1.5849996674230442,
                        0.6444435767875759,
                        0.0,
                        -0.14776767870340607,
                        1.1268632228998936
                    ],
                    [
                        0.026527295533457118,
                        0.6444435767875759,
                        1.4425737260419598,
                        0.0,
                        0.32286467496330096,
                        -0.5062686672390853
                    ],
                    [
                        0.0,
                        0.0,
                        0.0,
                        1.0,
                        -0.6622441369658325,
                        0.4541806692632112
                    ],
                    [
                        -0.24489220304509676,
                        -0.14776767870340607,
                        0.32286467496330096,
                        -0.6622441369658325,
                        1.9156240091615424,
                        0.6195854875753248
                    ],
                    [
                        -1.5684675554011203,
                        1.1268632228998936,
                        -0.5062686672390853,
                        0.4541806692632112,
                        0.6195854875753248,
                        4.395071479577529
                    ]
                ],
                "mui": [
                    0.0,
                    0.0,
                    0.0,
                    0.20000000298023224,
                    -0.13244882936680782,
                    0.09083613520620612
                ],
                "Ai": [
                    [
                        0.0,
                        0.0,
                        0.0,
                        0.0,
                        0.0,
                        0.0
                    ],
                    [
                        -0.7648527096265295,
                        0.0,
                        0.0,
                        0.0,
                        0.0,
                        0.0
                    ],
                    [
                        0.5349501705055523,
                        0.6647330506554043,
                        0.0,
                        0.0,
                        0.0,
                        0.0
                    ],
                    [
                        0.0,
                        0.0,
                        0.0,
                        0.0,
                        0.0,
                        0.0
                    ],
                    [
                        -0.7965183445908157,
                        -0.7020705094334281,
                        0.5520958605905385,
                        -0.6622441369658325,
                        0.0,
                        0.0
                    ],
                    [
                        -0.8106718379173015,
                        0.724655212958476,
                        -0.8257677880733106,
                        0.9453652017245684,
                        0.7416970646381111,
                        0.0
                    ]
                ]
            },
            "oracle_est_tgt": [
                3,
                4
            ]
        },
        "4": {
            "intv_type": "hard",
            "inode": 4,
            "new_mui": 0.2,
            "new_vari": 1.0,
            "noise_type": "gaussian",
            "obs_noise_gamma_shape": null,
            "true_params": {
                "Si": [
                    [
                        1.0,
                        -0.7648527096265295,
                        0.026527295533457118,
                        -0.0726511071290128,
                        0.0,
                        -1.4555135557963441
                    ],
                    [
                        -0.7648527096265295,
                        1.5849996674230442,
                        0.6444435767875759,
                        -0.13956042527404422,
                        0.0,
                        1.1045265068506342
                    ],
                    [
                        0.026527295533457118,
                        0.6444435767875759,
                        1.4425737260419598,
                        0.7967507324326768,
                        0.0,
                        0.007483967955711775
                    ],
                    [
                        -0.0726511071290128,
                        -0.13956042527404422,
                        0.7967507324326768,
                        1.9052533956251128,
                        0.0,
                        1.1009921875702975
                    ],
                    [
                        0.0,
                        0.0,
                        0.0,
                        0.0,
                        1.0,
                        0.7416970646381111
                    ],
                    [
                        -1.4555135557963441,
                        1.1045265068506342,
                        0.007483967955711775,
                        1.1009921875702975,
                        0.7416970646381111,
                        4.565118957958656
                    ]
                ],
                "mui": [
                    0.0,
                    0.0,
                    0.0,
                    0.0,
                    0.20000000298023224,
                    0.14833941513805174
                ],
                "Ai": [
                    [
                        0.0,
                        0.0,
                        0.0,
                        0.0,
                        0.0,
                        0.0
                    ],
                    [
                        -0.7648527096265295,
                        0.0,
                        0.0,
                        0.0,
                        0.0,
                        0.0
                    ],
                    [
                        0.5349501705055523,
                        0.6647330506554043,
                        0.0,
                        0.0,
                        0.0,
                        0.0
                    ],
                    [
                        -0.7185353358404792,
                        -0.812256600827943,
                        0.9283858818219404,
                        0.0,
                        0.0,
                        0.0
                    ],
                    [
                        0.0,
                        0.0,
                        0.0,
                        0.0,
                        0.0,
                        0.0
                    ],
                    [
                        -0.8106718379173015,
                        0.724655212958476,
                        -0.8257677880733106,
                        0.9453652017245684,
                        0.7416970646381111,
                        0.0
                    ]
                ]
            },
            "oracle_est_tgt": [
                3,
                4,
                5
            ]
        },
        "5": {
            "intv_type": "hard",
            "inode": 5,
            "new_mui": 0.2,
            "new_vari": 1.0,
            "noise_type": "gaussian",
            "obs_noise_gamma_shape": null,
            "true_params": {
                "Si": [
                    [
                        1.0,
                        -0.7648527096265295,
                        0.026527295533457118,
                        -0.0726511071290128,
                        -0.19677943330483144,
                        0.0
                    ],
                    [
                        -0.7648527096265295,
                        1.5849996674230442,
                        0.6444435767875759,
                        -0.13956042527404422,
                        -0.055344605313212086,
                        0.0
                    ],
                    [
                        0.026527295533457118,
                        0.6444435767875759,
                        1.4425737260419598,
                        0.7967507324326768,
                        -0.2047788262134721,
                        0.0
                    ],
                    [
                        -0.0726511071290128,
                        -0.13956042527404422,
                        0.7967507324326768,
                        1.9052533956251128,
                        -0.6660109109364286,
                        0.0
                    ],
                    [
                        -0.19677943330483144,
                        -0.055344605313212086,
                        -0.2047788262134721,
                        -0.6660109109364286,
                        1.5235985223459978,
                        0.0
                    ],
                    [
                        0.0,
                        0.0,
                        0.0,
                        0.0,
                        0.0,
                        1.0
                    ]
                ],
                "mui": [
                    0.0,
                    0.0,
                    0.0,
                    0.0,
                    0.0,
                    0.20000000298023224
                ],
                "Ai": [
                    [
                        0.0,
                        0.0,
                        0.0,
                        0.0,
                        0.0,
                        0.0
                    ],
                    [
                        -0.7648527096265295,
                        0.0,
                        0.0,
                        0.0,
                        0.0,
                        0.0
                    ],
                    [
                        0.5349501705055523,
                        0.6647330506554043,
                        0.0,
                        0.0,
                        0.0,
                        0.0
                    ],
                    [
                        -0.7185353358404792,
                        -0.812256600827943,
                        0.9283858818219404,
                        0.0,
                        0.0,
                        0.0
                    ],
                    [
                        -0.7965183445908157,
                        -0.7020705094334281,
                        0.5520958605905385,
                        -0.6622441369658325,
                        0.0,
                        0.0
                    ],
                    [
                        0.0,
                        0.0,
                        0.0,
                        0.0,
                        0.0,
                        0.0
                    ]
                ]
            },
            "oracle_est_tgt": [
                3,
                4,
                5
            ]
        },
        "obs": {
            "intv_type": "obs",
            "noise_type": "gaussian",
            "obs_noise_gamma_shape": null,
            "true_params": {
                "Si": [
                    [
                        1.0,
                        -0.7648527096265295,
                        0.026527295533457118,
                        -0.0726511071290128,
                        -0.19677943330483144,
                        -1.6014642838596886
                    ],
                    [
                        -0.7648527096265295,
                        1.5849996674230442,
                        0.6444435767875759,
                        -0.13956042527404422,
                        -0.055344605313212086,
                        1.06347757554627
                    ],
                    [
                        0.026527295533457118,
                        0.6444435767875759,
                        1.4425737260419598,
                        0.7967507324326768,
                        -0.2047788262134721,
                        -0.14439988634685835
                    ],
                    [
                        -0.0726511071290128,
                        -0.13956042527404422,
                        0.7967507324326768,
                        1.9052533956251128,
                        -0.6660109109364286,
                        0.6070138499117939
                    ],
                    [
                        -0.19677943330483144,
                        -0.055344605313212086,
                        -0.2047788262134721,
                        -0.6660109109364286,
                        1.5235985223459978,
                        0.7889425590215617
                    ],
                    [
                        -1.6014642838596886,
                        1.06347757554627,
                        -0.14439988634685835,
                        0.6070138499117939,
                        0.7889425590215617,
                        4.34716348895202
                    ]
                ],
                "mui": [
                    0.0,
                    0.0,
                    0.0,
                    0.0,
                    0.0,
                    0.0
                ],
                "Ai": [
                    [
                        0.0,
                        0.0,
                        0.0,
                        0.0,
                        0.0,
                        0.0
                    ],
                    [
                        -0.7648527096265295,
                        0.0,
                        0.0,
                        0.0,
                        0.0,
                        0.0
                    ],
                    [
                        0.5349501705055523,
                        0.6647330506554043,
                        0.0,
                        0.0,
                        0.0,
                        0.0
                    ],
                    [
                        -0.7185353358404792,
                        -0.812256600827943,
                        0.9283858818219404,
                        0.0,
                        0.0,
                        0.0
                    ],
                    [
                        -0.7965183445908157,
                        -0.7020705094334281,
                        0.5520958605905385,
                        -0.6622441369658325,
                        0.0,
                        0.0
                    ],
                    [
                        -0.8106718379173015,
                        0.724655212958476,
                        -0.8257677880733106,
                        0.9453652017245684,
                        0.7416970646381111,
                        0.0
                    ]
                ]
            },
            "est_params": {
                "mui": [
                    0.024276972537020977,
                    5.579910603246862e-05,
                    0.04250492143265742,
                    0.06742945487840206,
                    -0.005263260009183748,
                    0.041235424403293475
                ],
                "Si": [
                    [
                        1.0109313655973713,
                        -0.6517282601450674,
                        0.09264321495392719,
                        -0.0952763999518865,
                        -0.20437159621283355,
                        -1.3796468945430878
                    ],
                    [
                        -0.6517282601450674,
                        1.47300745488967,
                        0.5503714913327037,
                        -0.20351577454074093,
                        -0.06587157264384066,
                        0.7509142793209066
                    ],
                    [
                        0.09264321495392719,
                        0.5503714913327037,
                        1.4347931278459807,
                        0.6824052358092961,
                        -0.08851781288857732,
                        -0.2544211762896915
                    ],
                    [
                        -0.0952763999518865,
                        -0.20351577454074093,
                        0.6824052358092961,
                        1.8727480859625285,
                        -0.5461285634451881,
                        0.6631877717481911
                    ],
                    [
                        -0.20437159621283355,
                        -0.06587157264384066,
                        -0.08851781288857732,
                        -0.5461285634451881,
                        1.52406302269193,
                        0.6870256254879372
                    ],
                    [
                        -1.3796468945430878,
                        0.7509142793209066,
                        -0.2544211762896915,
                        0.6631877717481911,
                        0.6870256254879372,
                        4.020828903492222
                    ]
                ]
            },
            "est_tgt": [
                0,
                1,
                2,
                3,
                4,
                5
            ],
            "oracle_est_tgt": [
                0,
                1,
                2,
                3,
                4,
                5
            ]
        }
    },
    "metric_dict": {
        "param_est_rel_err": 3.73276223412031,
        "est_num_comp": 1,
        "weight_precision_error": 0.0,
        "gm_score_dict": {
            "1": -8.8499758772685,
            "2": -8.810870369260604,
            "3": -8.803352070790984,
            "4": -8.802577064139719,
            "5": -8.804499029843397,
            "6": -8.795455658952562,
            "7": -8.797066720416879
        },
        "est_dag": {
            "amat": [
                [
                    0,
                    0,
                    1,
                    1,
                    0,
                    0
                ],
                [
                    1,
                    0,
                    1,
                    1,
                    0,
                    1
                ],
                [
                    0,
                    0,
                    0,
                    1,
                    0,
                    0
                ],
                [
                    0,
                    0,
                    0,
                    0,
                    0,
                    0
                ],
                [
                    0,
                    0,
                    0,
                    1,
                    0,
                    1
                ],
                [
                    1,
                    0,
                    0,
                    1,
                    0,
                    0
                ]
            ],
            "nodes": [
                0,
                1,
                2,
                3,
                4,
                5
            ]
        },
        "oracle_est_dag": {
            "amat": [
                [
                    0,
                    1,
                    0,
                    1,
                    0,
                    1
                ],
                [
                    0,
                    0,
                    0,
                    1,
                    1,
                    1
                ],
                [
                    0,
                    1,
                    0,
                    1,
                    0,
                    0
                ],
                [
                    0,
                    0,
                    0,
                    0,
                    0,
                    0
                ],
                [
                    0,
                    0,
                    0,
                    1,
                    0,
                    0
                ],
                [
                    0,
                    0,
                    0,
                    1,
                    1,
                    0
                ]
            ],
            "nodes": [
                0,
                1,
                2,
                3,
                4,
                5
            ]
        },
        "igsp_dag": null,
        "intv_base_est_dag": null,
        "act_dag": {
            "amat": [
                [
                    0,
                    1,
                    1,
                    1,
                    1,
                    1
                ],
                [
                    0,
                    0,
                    1,
                    1,
                    1,
                    1
                ],
                [
                    0,
                    0,
                    0,
                    1,
                    1,
                    1
                ],
                [
                    0,
                    0,
                    0,
                    0,
                    1,
                    1
                ],
                [
                    0,
                    0,
                    0,
                    0,
                    0,
                    1
                ],
                [
                    0,
                    0,
                    0,
                    0,
                    0,
                    0
                ]
            ],
            "nodes": [
                0,
                1,
                2,
                3,
                4,
                5
            ]
        },
        "shd": 8,
        "oracle_shd": 8,
        "intv_base_shd": null,
        "igsp_shd": null,
        "avg_js": 0.0,
        "avg_oracle_js": 0.45238095238095244
    }
}