{
    "expt_args": {
        "save_dir": "all_expt_logs/expt_logs_sim_compsel_backward_cameraready_new_mean",
        "exp_name": "166",
        "num_nodes": 6,
        "num_tgt_prior": 7,
        "obs_noise_mean": 0.0,
        "obs_noise_var": 1.0,
        "obs_noise_gamma_shape": null,
        "noise_type": "gaussian",
        "max_edge_strength": 1.0,
        "graph_sparsity_method": "adj_dense_prop",
        "adj_dense_prop": 0.8,
        "num_parents": null,
        "new_noise_mean": 1.0,
        "mix_samples": 2048,
        "stage2_samples": 2048,
        "gmm_tol": 0.001,
        "intv_type": "hard",
        "new_noise_var": 1.0,
        "dtype": "simulation",
        "cutoff_drop_ratio": 0.07,
        "intv_targets": [
            0,
            1,
            2,
            3,
            4,
            5
        ]
    },
    "intv_args_dict": {
        "0": {
            "intv_type": "hard",
            "inode": 0,
            "new_mui": 1.0,
            "new_vari": 1.0,
            "noise_type": "gaussian",
            "obs_noise_gamma_shape": null,
            "true_params": {
                "Si": [
                    [
                        1.0,
                        0.9086791503710496,
                        -0.16761423307741563,
                        -0.08065638674123621,
                        0.10295898831725825,
                        0.872753065971232
                    ],
                    [
                        0.9086791503710496,
                        1.8256977983190525,
                        0.7352066741172316,
                        -0.24881029936195026,
                        -0.03139249409589365,
                        -0.015640541233788663
                    ],
                    [
                        -0.16761423307741563,
                        0.7352066741172316,
                        1.815776044943409,
                        -1.0264987062803237,
                        -0.06064496880857316,
                        -2.4456253418403104
                    ],
                    [
                        -0.08065638674123621,
                        -0.24881029936195026,
                        -1.0264987062803237,
                        1.819196099344079,
                        0.7088373083718701,
                        2.446692771853397
                    ],
                    [
                        0.10295898831725825,
                        -0.03139249409589365,
                        -0.06064496880857316,
                        0.7088373083718701,
                        1.6006481442770548,
                        0.8213842715834953
                    ],
                    [
                        0.872753065971232,
                        -0.015640541233788663,
                        -2.4456253418403104,
                        2.446692771853397,
                        0.8213842715834953,
                        5.87096102978816
                    ]
                ],
                "mui": [
                    1.0,
                    0.9086791503710496,
                    -0.16761423307741563,
                    -0.08065638674123621,
                    0.10295898831725825,
                    0.872753065971232
                ],
                "Ai": [
                    [
                        0.0,
                        0.0,
                        0.0,
                        0.0,
                        0.0,
                        0.0
                    ],
                    [
                        0.9086791503710496,
                        0.0,
                        0.0,
                        0.0,
                        0.0,
                        0.0
                    ],
                    [
                        -0.9740799122803454,
                        0.8875142330201127,
                        0.0,
                        0.0,
                        0.0,
                        0.0
                    ],
                    [
                        -0.7824876218899544,
                        0.6092576520220235,
                        -0.8842417903963508,
                        0.0,
                        0.0,
                        0.0
                    ],
                    [
                        0.8729565777142818,
                        -0.6447925205538412,
                        0.7350231525186113,
                        0.7549027437385929,
                        0.0,
                        0.0
                    ],
                    [
                        0.831168333595101,
                        -0.0,
                        -0.7180480239002969,
                        0.9766162314632807,
                        -0.0,
                        0.0
                    ]
                ]
            },
            "oracle_est_tgt": [
                0
            ]
        },
        "1": {
            "intv_type": "hard",
            "inode": 1,
            "new_mui": 1.0,
            "new_vari": 1.0,
            "noise_type": "gaussian",
            "obs_noise_gamma_shape": null,
            "true_params": {
                "Si": [
                    [
                        1.0,
                        0.0,
                        -0.9740799122803454,
                        0.07883454373393861,
                        0.21649770315106034,
                        1.6075955847395438
                    ],
                    [
                        0.0,
                        1.0,
                        0.8875142330201127,
                        -0.17551952238592494,
                        -0.1249491801230827,
                        -0.8086930557042564
                    ],
                    [
                        -0.9740799122803454,
                        0.8875142330201127,
                        2.7365131893213643,
                        -1.1168090101317674,
                        -0.25427364063763047,
                        -3.8652660721869445
                    ],
                    [
                        0.07883454373393861,
                        -0.17551952238592494,
                        -1.1168090101317674,
                        1.8189055319076655,
                        0.7342091059994328,
                        2.6438199451036084
                    ],
                    [
                        0.21649770315106034,
                        -0.1249491801230827,
                        -0.25427364063763047,
                        0.7342091059994328,
                        1.6369188464714262,
                        1.079567250552209
                    ],
                    [
                        1.6075955847395438,
                        -0.8086930557042564,
                        -3.8652660721869445,
                        2.6438199451036084,
                        1.079567250552209,
                        7.69362667970005
                    ]
                ],
                "mui": [
                    0.0,
                    1.0,
                    0.8875142330201127,
                    -0.17551952238592494,
                    -0.1249491801230827,
                    -0.8086930557042564
                ],
                "Ai": [
                    [
                        0.0,
                        0.0,
                        0.0,
                        0.0,
                        0.0,
                        0.0
                    ],
                    [
                        0.0,
                        0.0,
                        0.0,
                        0.0,
                        0.0,
                        0.0
                    ],
                    [
                        -0.9740799122803454,
                        0.8875142330201127,
                        0.0,
                        0.0,
                        0.0,
                        0.0
                    ],
                    [
                        -0.7824876218899544,
                        0.6092576520220235,
                        -0.8842417903963508,
                        0.0,
                        0.0,
                        0.0
                    ],
                    [
                        0.8729565777142818,
                        -0.6447925205538412,
                        0.7350231525186113,
                        0.7549027437385929,
                        0.0,
                        0.0
                    ],
                    [
                        0.831168333595101,
                        -0.0,
                        -0.7180480239002969,
                        0.9766162314632807,
                        -0.0,
                        0.0
                    ]
                ]
            },
            "oracle_est_tgt": [
                1,
                2
            ]
        },
        "2": {
            "intv_type": "hard",
            "inode": 2,
            "new_mui": 1.0,
            "new_vari": 1.0,
            "noise_type": "gaussian",
            "obs_noise_gamma_shape": null,
            "true_params": {
                "Si": [
                    [
                        1.0,
                        0.9086791503710496,
                        0.0,
                        -0.22886789629352144,
                        0.11427405510615078,
                        0.6076522312139931
                    ],
                    [
                        0.9086791503710496,
                        1.8256977983190525,
                        0.0,
                        0.40129016647081694,
                        -0.08102379609537114,
                        1.1471718252885195
                    ],
                    [
                        0.0,
                        0.0,
                        1.0,
                        -0.8842417903963508,
                        0.06750659882008032,
                        -1.581612908939525
                    ],
                    [
                        -0.22886789629352144,
                        0.40129016647081694,
                        -0.8842417903963508,
                        2.205458944384555,
                        0.5564281865436463,
                        2.598587325180287
                    ],
                    [
                        0.11427405510615078,
                        -0.08102379609537114,
                        0.06750659882008032,
                        0.5564281865436463,
                        1.6216679035720063,
                        0.5899247946949485
                    ],
                    [
                        0.6076522312139931,
                        1.1471718252885195,
                        -1.581612908939525,
                        2.598587325180287,
                        0.5899247946949485,
                        5.178557876908524
                    ]
                ],
                "mui": [
                    0.0,
                    0.0,
                    1.0,
                    -0.8842417903963508,
                    0.06750659882008032,
                    -1.581612908939525
                ],
                "Ai": [
                    [
                        0.0,
                        0.0,
                        0.0,
                        0.0,
                        0.0,
                        0.0
                    ],
                    [
                        0.9086791503710496,
                        0.0,
                        0.0,
                        0.0,
                        0.0,
                        0.0
                    ],
                    [
                        0.0,
                        0.0,
                        0.0,
                        0.0,
                        0.0,
                        0.0
                    ],
                    [
                        -0.7824876218899544,
                        0.6092576520220235,
                        -0.8842417903963508,
                        0.0,
                        0.0,
                        0.0
                    ],
                    [
                        0.8729565777142818,
                        -0.6447925205538412,
                        0.7350231525186113,
                        0.7549027437385929,
                        0.0,
                        0.0
                    ],
                    [
                        0.831168333595101,
                        -0.0,
                        -0.7180480239002969,
                        0.9766162314632807,
                        -0.0,
                        0.0
                    ]
                ]
            },
            "oracle_est_tgt": [
                1,
                2
            ]
        },
        "3": {
            "intv_type": "hard",
            "inode": 3,
            "new_mui": 1.0,
            "new_vari": 1.0,
            "noise_type": "gaussian",
            "obs_noise_gamma_shape": null,
            "true_params": {
                "Si": [
                    [
                        1.0,
                        0.9086791503710496,
                        -0.16761423307741563,
                        0.0,
                        0.16384671596825853,
                        0.9515234024339031
                    ],
                    [
                        0.9086791503710496,
                        1.8256977983190525,
                        0.7352066741172316,
                        0.0,
                        0.15643508356286326,
                        0.22735163567832983
                    ],
                    [
                        -0.16761423307741563,
                        0.7352066741172316,
                        1.815776044943409,
                        0.0,
                        0.7142617210065592,
                        -1.4431300437108878
                    ],
                    [
                        0.0,
                        0.0,
                        0.0,
                        1.0,
                        0.7549027437385929,
                        0.9766162314632807
                    ],
                    [
                        0.16384671596825853,
                        0.15643508356286326,
                        0.7142617210065592,
                        0.7549027437385929,
                        2.1370399510094913,
                        0.3605602572712576
                    ],
                    [
                        0.9515234024339031,
                        0.22735163567832983,
                        -1.4431300437108878,
                        0.9766162314632807,
                        0.3605602572712576,
                        3.7808920604530205
                    ]
                ],
                "mui": [
                    0.0,
                    0.0,
                    0.0,
                    1.0,
                    0.7549027437385929,
                    0.9766162314632807
                ],
                "Ai": [
                    [
                        0.0,
                        0.0,
                        0.0,
                        0.0,
                        0.0,
                        0.0
                    ],
                    [
                        0.9086791503710496,
                        0.0,
                        0.0,
                        0.0,
                        0.0,
                        0.0
                    ],
                    [
                        -0.9740799122803454,
                        0.8875142330201127,
                        0.0,
                        0.0,
                        0.0,
                        0.0
                    ],
                    [
                        0.0,
                        0.0,
                        0.0,
                        0.0,
                        0.0,
                        0.0
                    ],
                    [
                        0.8729565777142818,
                        -0.6447925205538412,
                        0.7350231525186113,
                        0.7549027437385929,
                        0.0,
                        0.0
                    ],
                    [
                        0.831168333595101,
                        -0.0,
                        -0.7180480239002969,
                        0.9766162314632807,
                        -0.0,
                        0.0
                    ]
                ]
            },
            "oracle_est_tgt": [
                3,
                4
            ]
        },
        "4": {
            "intv_type": "hard",
            "inode": 4,
            "new_mui": 1.0,
            "new_vari": 1.0,
            "noise_type": "gaussian",
            "obs_noise_gamma_shape": null,
            "true_params": {
                "Si": [
                    [
                        1.0,
                        0.9086791503710496,
                        -0.16761423307741563,
                        -0.08065638674123621,
                        0.0,
                        0.872753065971232
                    ],
                    [
                        0.9086791503710496,
                        1.8256977983190525,
                        0.7352066741172316,
                        -0.24881029936195026,
                        0.0,
                        -0.015640541233788663
                    ],
                    [
                        -0.16761423307741563,
                        0.7352066741172316,
                        1.815776044943409,
                        -1.0264987062803237,
                        0.0,
                        -2.4456253418403104
                    ],
                    [
                        -0.08065638674123621,
                        -0.24881029936195026,
                        -1.0264987062803237,
                        1.819196099344079,
                        0.0,
                        2.446692771853397
                    ],
                    [
                        0.0,
                        0.0,
                        0.0,
                        0.0,
                        1.0,
                        0.0
                    ],
                    [
                        0.872753065971232,
                        -0.015640541233788663,
                        -2.4456253418403104,
                        2.446692771853397,
                        0.0,
                        5.87096102978816
                    ]
                ],
                "mui": [
                    0.0,
                    0.0,
                    0.0,
                    0.0,
                    1.0,
                    0.0
                ],
                "Ai": [
                    [
                        0.0,
                        0.0,
                        0.0,
                        0.0,
                        0.0,
                        0.0
                    ],
                    [
                        0.9086791503710496,
                        0.0,
                        0.0,
                        0.0,
                        0.0,
                        0.0
                    ],
                    [
                        -0.9740799122803454,
                        0.8875142330201127,
                        0.0,
                        0.0,
                        0.0,
                        0.0
                    ],
                    [
                        -0.7824876218899544,
                        0.6092576520220235,
                        -0.8842417903963508,
                        0.0,
                        0.0,
                        0.0
                    ],
                    [
                        0.0,
                        0.0,
                        0.0,
                        0.0,
                        0.0,
                        0.0
                    ],
                    [
                        0.831168333595101,
                        -0.0,
                        -0.7180480239002969,
                        0.9766162314632807,
                        -0.0,
                        0.0
                    ]
                ]
            },
            "oracle_est_tgt": [
                3,
                4
            ]
        },
        "5": {
            "intv_type": "hard",
            "inode": 5,
            "new_mui": 1.0,
            "new_vari": 1.0,
            "noise_type": "gaussian",
            "obs_noise_gamma_shape": null,
            "true_params": {
                "Si": [
                    [
                        1.0,
                        0.9086791503710496,
                        -0.16761423307741563,
                        -0.08065638674123621,
                        0.10295898831725825,
                        0.0
                    ],
                    [
                        0.9086791503710496,
                        1.8256977983190525,
                        0.7352066741172316,
                        -0.24881029936195026,
                        -0.03139249409589365,
                        0.0
                    ],
                    [
                        -0.16761423307741563,
                        0.7352066741172316,
                        1.815776044943409,
                        -1.0264987062803237,
                        -0.06064496880857316,
                        0.0
                    ],
                    [
                        -0.08065638674123621,
                        -0.24881029936195026,
                        -1.0264987062803237,
                        1.819196099344079,
                        0.7088373083718701,
                        0.0
                    ],
                    [
                        0.10295898831725825,
                        -0.03139249409589365,
                        -0.06064496880857316,
                        0.7088373083718701,
                        1.6006481442770548,
                        0.0
                    ],
                    [
                        0.0,
                        0.0,
                        0.0,
                        0.0,
                        0.0,
                        1.0
                    ]
                ],
                "mui": [
                    0.0,
                    0.0,
                    0.0,
                    0.0,
                    0.0,
                    1.0
                ],
                "Ai": [
                    [
                        0.0,
                        0.0,
                        0.0,
                        0.0,
                        0.0,
                        0.0
                    ],
                    [
                        0.9086791503710496,
                        0.0,
                        0.0,
                        0.0,
                        0.0,
                        0.0
                    ],
                    [
                        -0.9740799122803454,
                        0.8875142330201127,
                        0.0,
                        0.0,
                        0.0,
                        0.0
                    ],
                    [
                        -0.7824876218899544,
                        0.6092576520220235,
                        -0.8842417903963508,
                        0.0,
                        0.0,
                        0.0
                    ],
                    [
                        0.8729565777142818,
                        -0.6447925205538412,
                        0.7350231525186113,
                        0.7549027437385929,
                        0.0,
                        0.0
                    ],
                    [
                        0.0,
                        0.0,
                        0.0,
                        0.0,
                        0.0,
                        0.0
                    ]
                ]
            },
            "oracle_est_tgt": [
                5
            ]
        },
        "obs": {
            "intv_type": "obs",
            "noise_type": "gaussian",
            "obs_noise_gamma_shape": null,
            "true_params": {
                "Si": [
                    [
                        1.0,
                        0.9086791503710496,
                        -0.16761423307741563,
                        -0.08065638674123621,
                        0.10295898831725825,
                        0.872753065971232
                    ],
                    [
                        0.9086791503710496,
                        1.8256977983190525,
                        0.7352066741172316,
                        -0.24881029936195026,
                        -0.03139249409589365,
                        -0.015640541233788663
                    ],
                    [
                        -0.16761423307741563,
                        0.7352066741172316,
                        1.815776044943409,
                        -1.0264987062803237,
                        -0.06064496880857316,
                        -2.4456253418403104
                    ],
                    [
                        -0.08065638674123621,
                        -0.24881029936195026,
                        -1.0264987062803237,
                        1.819196099344079,
                        0.7088373083718701,
                        2.446692771853397
                    ],
                    [
                        0.10295898831725825,
                        -0.03139249409589365,
                        -0.06064496880857316,
                        0.7088373083718701,
                        1.6006481442770548,
                        0.8213842715834953
                    ],
                    [
                        0.872753065971232,
                        -0.015640541233788663,
                        -2.4456253418403104,
                        2.446692771853397,
                        0.8213842715834953,
                        5.87096102978816
                    ]
                ],
                "mui": [
                    0.0,
                    0.0,
                    0.0,
                    0.0,
                    0.0,
                    0.0
                ],
                "Ai": [
                    [
                        0.0,
                        0.0,
                        0.0,
                        0.0,
                        0.0,
                        0.0
                    ],
                    [
                        0.9086791503710496,
                        0.0,
                        0.0,
                        0.0,
                        0.0,
                        0.0
                    ],
                    [
                        -0.9740799122803454,
                        0.8875142330201127,
                        0.0,
                        0.0,
                        0.0,
                        0.0
                    ],
                    [
                        -0.7824876218899544,
                        0.6092576520220235,
                        -0.8842417903963508,
                        0.0,
                        0.0,
                        0.0
                    ],
                    [
                        0.8729565777142818,
                        -0.6447925205538412,
                        0.7350231525186113,
                        0.7549027437385929,
                        0.0,
                        0.0
                    ],
                    [
                        0.831168333595101,
                        -0.0,
                        -0.7180480239002969,
                        0.9766162314632807,
                        -0.0,
                        0.0
                    ]
                ]
            },
            "est_params": {
                "mui": [
                    0.11867142348077751,
                    0.24057673338764662,
                    0.23194135213409395,
                    -0.014553367351910613,
                    0.2552444245598347,
                    0.06712046868702912
                ],
                "Si": [
                    [
                        1.1201891576014824,
                        0.8934038690159545,
                        -0.33484801249756607,
                        -0.07012839653063122,
                        0.06299204064988022,
                        0.9585902226507726
                    ],
                    [
                        0.8934038690159545,
                        1.935177666577554,
                        0.6683187694769783,
                        -0.13701016908179117,
                        -0.07642848943182191,
                        0.035720291942963736
                    ],
                    [
                        -0.33484801249756607,
                        0.6683187694769783,
                        2.0097823474584167,
                        -0.9744092778600882,
                        0.044477247770377135,
                        -2.4126656528145727
                    ],
                    [
                        -0.07012839653063122,
                        -0.13701016908179117,
                        -0.9744092778600882,
                        2.0136949690450017,
                        0.7078657580709755,
                        2.2659102688181116
                    ],
                    [
                        0.06299204064988022,
                        -0.07642848943182191,
                        0.044477247770377135,
                        0.7078657580709755,
                        1.7809068779433483,
                        0.5362435816078269
                    ],
                    [
                        0.9585902226507726,
                        0.035720291942963736,
                        -2.4126656528145727,
                        2.2659102688181116,
                        0.5362435816078269,
                        5.987289223317653
                    ]
                ]
            },
            "est_tgt": [
                0,
                1,
                2,
                3,
                4,
                5
            ],
            "oracle_est_tgt": [
                0,
                1,
                2,
                3,
                4,
                5
            ]
        }
    },
    "metric_dict": {
        "param_est_rel_err": 4.344853087078261,
        "est_num_comp": 1,
        "weight_precision_error": 0.0,
        "gm_score_dict": {
            "1": -9.267714423619422,
            "2": -9.144062747688496,
            "3": -9.094362050871215,
            "4": -9.076636782262552,
            "5": -9.077826450897017,
            "6": -9.0584135214491,
            "7": -9.04619911393896
        },
        "est_dag": {
            "amat": [
                [
                    0,
                    1,
                    0,
                    1,
                    0,
                    1
                ],
                [
                    0,
                    0,
                    0,
                    1,
                    0,
                    0
                ],
                [
                    0,
                    1,
                    0,
                    1,
                    0,
                    1
                ],
                [
                    0,
                    0,
                    0,
                    0,
                    0,
                    1
                ],
                [
                    0,
                    0,
                    0,
                    1,
                    0,
                    0
                ],
                [
                    0,
                    0,
                    0,
                    0,
                    0,
                    0
                ]
            ],
            "nodes": [
                0,
                1,
                2,
                3,
                4,
                5
            ]
        },
        "oracle_est_dag": {
            "amat": [
                [
                    0,
                    1,
                    0,
                    1,
                    0,
                    1
                ],
                [
                    0,
                    0,
                    0,
                    1,
                    0,
                    0
                ],
                [
                    0,
                    1,
                    0,
                    1,
                    0,
                    1
                ],
                [
                    0,
                    0,
                    0,
                    0,
                    0,
                    1
                ],
                [
                    0,
                    0,
                    0,
                    1,
                    0,
                    0
                ],
                [
                    0,
                    0,
                    0,
                    0,
                    0,
                    0
                ]
            ],
            "nodes": [
                0,
                1,
                2,
                3,
                4,
                5
            ]
        },
        "igsp_dag": null,
        "intv_base_est_dag": null,
        "act_dag": {
            "amat": [
                [
                    0,
                    1,
                    1,
                    1,
                    1,
                    1
                ],
                [
                    0,
                    0,
                    1,
                    1,
                    1,
                    0
                ],
                [
                    0,
                    0,
                    0,
                    1,
                    1,
                    1
                ],
                [
                    0,
                    0,
                    0,
                    0,
                    1,
                    1
                ],
                [
                    0,
                    0,
                    0,
                    0,
                    0,
                    0
                ],
                [
                    0,
                    0,
                    0,
                    0,
                    0,
                    0
                ]
            ],
            "nodes": [
                0,
                1,
                2,
                3,
                4,
                5
            ]
        },
        "shd": 6,
        "oracle_shd": 6,
        "intv_base_shd": null,
        "igsp_shd": null,
        "avg_js": 0.0,
        "avg_oracle_js": 0.5714285714285714
    }
}