{
    "expt_args": {
        "save_dir": "all_expt_logs/expt_logs_sim_compsel_backward_cameraready_new_mean",
        "exp_name": "176",
        "num_nodes": 6,
        "num_tgt_prior": 7,
        "obs_noise_mean": 0.0,
        "obs_noise_var": 1.0,
        "obs_noise_gamma_shape": null,
        "noise_type": "gaussian",
        "max_edge_strength": 1.0,
        "graph_sparsity_method": "adj_dense_prop",
        "adj_dense_prop": 0.8,
        "num_parents": null,
        "new_noise_mean": 0.1,
        "mix_samples": 1024,
        "stage2_samples": 1024,
        "gmm_tol": 0.001,
        "intv_type": "hard",
        "new_noise_var": 1.0,
        "dtype": "simulation",
        "cutoff_drop_ratio": 0.07,
        "intv_targets": [
            0,
            1,
            2,
            3,
            4,
            5
        ]
    },
    "intv_args_dict": {
        "0": {
            "intv_type": "hard",
            "inode": 0,
            "new_mui": 0.1,
            "new_vari": 1.0,
            "noise_type": "gaussian",
            "obs_noise_gamma_shape": null,
            "true_params": {
                "Si": [
                    [
                        1.0,
                        -0.9545468431486606,
                        0.1384175266590053,
                        -0.04190593833188694,
                        0.9037103218583318,
                        -1.3281789150942638
                    ],
                    [
                        -0.9545468431486606,
                        1.9111596757650737,
                        0.4350868823825201,
                        -0.5727293662746014,
                        -2.2567330766377562,
                        2.8804795841053767
                    ],
                    [
                        0.1384175266590053,
                        0.4350868823825201,
                        1.3408898804980427,
                        -0.35334918429344536,
                        -0.6656617199684275,
                        -0.18279507898323122
                    ],
                    [
                        -0.04190593833188694,
                        -0.5727293662746014,
                        -0.35334918429344536,
                        1.377194831407234,
                        1.4976258996635528,
                        -2.2604465351088465
                    ],
                    [
                        0.9037103218583318,
                        -2.2567330766377562,
                        -0.6656617199684275,
                        1.4976258996635528,
                        4.224360475153707,
                        -5.0609544127997665
                    ],
                    [
                        -1.3281789150942638,
                        2.8804795841053767,
                        -0.18279507898323122,
                        -2.2604465351088465,
                        -5.0609544127997665,
                        8.463938553543304
                    ]
                ],
                "mui": [
                    0.10000000149011612,
                    -0.09545468573725169,
                    0.013841752872158719,
                    -0.004190593895633408,
                    0.09037103353246649,
                    -0.13281789348856718
                ],
                "Ai": [
                    [
                        0.0,
                        0.0,
                        0.0,
                        0.0,
                        0.0,
                        0.0
                    ],
                    [
                        -0.9545468431486606,
                        0.0,
                        0.0,
                        0.0,
                        0.0,
                        0.0
                    ],
                    [
                        0.6798488054434552,
                        0.5672128954913191,
                        0.0,
                        0.0,
                        0.0,
                        0.0
                    ],
                    [
                        -0.6267859480709539,
                        -0.6127305474184865,
                        0.0,
                        0.0,
                        0.0,
                        0.0
                    ],
                    [
                        0.0,
                        -0.9766523307659609,
                        -0.0,
                        0.6812895371053764,
                        0.0,
                        0.0
                    ],
                    [
                        0.0,
                        0.6260465710001752,
                        -0.9136793954452533,
                        -0.8458180235392131,
                        -0.7077087397037256,
                        0.0
                    ]
                ]
            },
            "oracle_est_tgt": []
        },
        "1": {
            "intv_type": "hard",
            "inode": 1,
            "new_mui": 0.1,
            "new_vari": 1.0,
            "noise_type": "gaussian",
            "obs_noise_gamma_shape": null,
            "true_params": {
                "Si": [
                    [
                        1.0,
                        0.0,
                        0.6798488054434552,
                        -0.6267859480709539,
                        -0.4270227084254147,
                        0.21119070903239406
                    ],
                    [
                        0.0,
                        1.0,
                        0.5672128954913191,
                        -0.6127305474184865,
                        -1.3940992417870255,
                        1.6126705935655345
                    ],
                    [
                        0.6798488054434552,
                        0.5672128954913191,
                        1.7839248670745391,
                        -0.7736683460220023,
                        -1.0810619457565185,
                        0.1446259126611873
                    ],
                    [
                        -0.6267859480709539,
                        -0.6127305474184865,
                        -0.7736683460220023,
                        1.7682993484389629,
                        1.8031485618294876,
                        -2.4484764876031453
                    ],
                    [
                        -0.4270227084254147,
                        -1.3940992417870255,
                        -1.0810619457565185,
                        1.8031485618294876,
                        3.590016522831394,
                        -3.9508486465197756
                    ],
                    [
                        0.21119070903239406,
                        1.6126705935655345,
                        0.1446259126611873,
                        -2.4484764876031453,
                        -3.9508486465197756,
                        6.744480838623935
                    ]
                ],
                "mui": [
                    0.0,
                    0.10000000149011612,
                    0.056721290394344995,
                    -0.06127305565488832,
                    -0.1394099262560723,
                    0.1612670617596199
                ],
                "Ai": [
                    [
                        0.0,
                        0.0,
                        0.0,
                        0.0,
                        0.0,
                        0.0
                    ],
                    [
                        0.0,
                        0.0,
                        0.0,
                        0.0,
                        0.0,
                        0.0
                    ],
                    [
                        0.6798488054434552,
                        0.5672128954913191,
                        0.0,
                        0.0,
                        0.0,
                        0.0
                    ],
                    [
                        -0.6267859480709539,
                        -0.6127305474184865,
                        0.0,
                        0.0,
                        0.0,
                        0.0
                    ],
                    [
                        0.0,
                        -0.9766523307659609,
                        -0.0,
                        0.6812895371053764,
                        0.0,
                        0.0
                    ],
                    [
                        0.0,
                        0.6260465710001752,
                        -0.9136793954452533,
                        -0.8458180235392131,
                        -0.7077087397037256,
                        0.0
                    ]
                ]
            },
            "oracle_est_tgt": [
                0
            ]
        },
        "2": {
            "intv_type": "hard",
            "inode": 2,
            "new_mui": 0.1,
            "new_vari": 1.0,
            "noise_type": "gaussian",
            "obs_noise_gamma_shape": null,
            "true_params": {
                "Si": [
                    [
                        1.0,
                        -0.9545468431486606,
                        0.0,
                        -0.04190593833188694,
                        0.9037103218583318,
                        -1.2017096730174366
                    ],
                    [
                        -0.9545468431486606,
                        1.9111596757650737,
                        0.0,
                        -0.5727293662746014,
                        -2.2567330766377562,
                        3.278009503766798
                    ],
                    [
                        0.0,
                        0.0,
                        1.0,
                        0.0,
                        0.0,
                        -0.9136793954452533
                    ],
                    [
                        -0.04190593833188694,
                        -0.5727293662746014,
                        0.0,
                        1.377194831407234,
                        1.4976258996635528,
                        -2.583294404195155
                    ],
                    [
                        0.9037103218583318,
                        -2.2567330766377562,
                        0.0,
                        1.4976258996635528,
                        4.224360475153707,
                        -5.669155810671567
                    ],
                    [
                        -1.2017096730174366,
                        3.278009503766798,
                        -0.9136793954452533,
                        -2.583294404195155,
                        -5.669155810671567,
                        10.084104728331077
                    ]
                ],
                "mui": [
                    0.0,
                    0.0,
                    0.10000000149011612,
                    0.0,
                    0.0,
                    -0.09136794090601373
                ],
                "Ai": [
                    [
                        0.0,
                        0.0,
                        0.0,
                        0.0,
                        0.0,
                        0.0
                    ],
                    [
                        -0.9545468431486606,
                        0.0,
                        0.0,
                        0.0,
                        0.0,
                        0.0
                    ],
                    [
                        0.0,
                        0.0,
                        0.0,
                        0.0,
                        0.0,
                        0.0
                    ],
                    [
                        -0.6267859480709539,
                        -0.6127305474184865,
                        0.0,
                        0.0,
                        0.0,
                        0.0
                    ],
                    [
                        0.0,
                        -0.9766523307659609,
                        -0.0,
                        0.6812895371053764,
                        0.0,
                        0.0
                    ],
                    [
                        0.0,
                        0.6260465710001752,
                        -0.9136793954452533,
                        -0.8458180235392131,
                        -0.7077087397037256,
                        0.0
                    ]
                ]
            },
            "oracle_est_tgt": []
        },
        "3": {
            "intv_type": "hard",
            "inode": 3,
            "new_mui": 0.1,
            "new_vari": 1.0,
            "noise_type": "gaussian",
            "obs_noise_gamma_shape": null,
            "true_params": {
                "Si": [
                    [
                        1.0,
                        -0.9545468431486606,
                        0.1384175266590053,
                        0.0,
                        0.9322603991864294,
                        -1.3838288522730084
                    ],
                    [
                        -0.9545468431486606,
                        1.9111596757650737,
                        0.4350868823825201,
                        0.0,
                        -1.8665385518018773,
                        2.119910688089234
                    ],
                    [
                        0.1384175266590053,
                        0.4350868823825201,
                        1.3408898804980427,
                        0.0,
                        -0.42492861776458374,
                        -0.6520331080271566
                    ],
                    [
                        0.0,
                        0.0,
                        0.0,
                        1.0,
                        0.6812895371053764,
                        -1.3279725832173936
                    ],
                    [
                        0.9322603991864294,
                        -1.8665385518018773,
                        -0.42492861776458374,
                        0.6812895371053764,
                        3.2871146604510826,
                        -3.682858280750557
                    ],
                    [
                        -1.3838288522730084,
                        2.119910688089234,
                        -0.6520331080271566,
                        -1.3279725832173936,
                        -3.682858280750557,
                        6.652526171086034
                    ]
                ],
                "mui": [
                    0.0,
                    0.0,
                    0.0,
                    0.10000000149011612,
                    0.06812895472573817,
                    -0.1327972603005727
                ],
                "Ai": [
                    [
                        0.0,
                        0.0,
                        0.0,
                        0.0,
                        0.0,
                        0.0
                    ],
                    [
                        -0.9545468431486606,
                        0.0,
                        0.0,
                        0.0,
                        0.0,
                        0.0
                    ],
                    [
                        0.6798488054434552,
                        0.5672128954913191,
                        0.0,
                        0.0,
                        0.0,
                        0.0
                    ],
                    [
                        0.0,
                        0.0,
                        0.0,
                        0.0,
                        0.0,
                        0.0
                    ],
                    [
                        0.0,
                        -0.9766523307659609,
                        -0.0,
                        0.6812895371053764,
                        0.0,
                        0.0
                    ],
                    [
                        0.0,
                        0.6260465710001752,
                        -0.9136793954452533,
                        -0.8458180235392131,
                        -0.7077087397037256,
                        0.0
                    ]
                ]
            },
            "est_params": {
                "mui": [
                    0.031077333425698697,
                    -0.03803257572196549,
                    0.020417471300007428,
                    0.042496794271651914,
                    0.09817240992746558,
                    -0.07802614919017087
                ],
                "Si": [
                    [
                        0.9760494333891606,
                        -0.7664666735818066,
                        0.20843633041238144,
                        -0.1398260667884398,
                        0.4851466113250677,
                        -0.664246708929728
                    ],
                    [
                        -0.7664666735818066,
                        1.7262694131101324,
                        0.40588132992865045,
                        -0.5281785272189237,
                        -1.669329746302766,
                        1.896719635226055
                    ],
                    [
                        0.20843633041238144,
                        0.40588132992865045,
                        1.4694757885469676,
                        -0.2617760261300551,
                        -0.4880096334931176,
                        -0.3920038561287063
                    ],
                    [
                        -0.1398260667884398,
                        -0.5281785272189237,
                        -0.2617760261300551,
                        1.4663912913320598,
                        1.3108258017201413,
                        -1.8252938877998612
                    ],
                    [
                        0.4851466113250677,
                        -1.669329746302766,
                        -0.4880096334931176,
                        1.3108258017201413,
                        3.603312272984421,
                        -3.4223796544431946
                    ],
                    [
                        -0.664246708929728,
                        1.896719635226055,
                        -0.3920038561287063,
                        -1.8252938877998612,
                        -3.4223796544431946,
                        6.359020230724425
                    ]
                ]
            },
            "est_tgt": [],
            "oracle_est_tgt": []
        },
        "4": {
            "intv_type": "hard",
            "inode": 4,
            "new_mui": 0.1,
            "new_vari": 1.0,
            "noise_type": "gaussian",
            "obs_noise_gamma_shape": null,
            "true_params": {
                "Si": [
                    [
                        1.0,
                        -0.9545468431486606,
                        0.1384175266590053,
                        -0.04190593833188694,
                        0.0,
                        -0.6886152221546554
                    ],
                    [
                        -0.9545468431486606,
                        1.9111596757650737,
                        0.4350868823825201,
                        -0.5727293662746014,
                        0.0,
                        1.2833698625903593
                    ],
                    [
                        0.1384175266590053,
                        0.4350868823825201,
                        1.3408898804980427,
                        -0.35334918429344536,
                        0.0,
                        -0.6538896958911011
                    ],
                    [
                        -0.04190593833188694,
                        -0.5727293662746014,
                        -0.35334918429344536,
                        1.377194831407234,
                        0.0,
                        -1.2005635971102957
                    ],
                    [
                        0.0,
                        0.0,
                        0.0,
                        0.0,
                        1.0,
                        -0.7077087397037256
                    ],
                    [
                        -0.6886152221546554,
                        1.2833698625903593,
                        -0.6538896958911011,
                        -1.2005635971102957,
                        -0.7077087397037256,
                        3.9172048329233164
                    ]
                ],
                "mui": [
                    0.0,
                    0.0,
                    0.0,
                    0.0,
                    0.10000000149011612,
                    -0.07077087502494077
                ],
                "Ai": [
                    [
                        0.0,
                        0.0,
                        0.0,
                        0.0,
                        0.0,
                        0.0
                    ],
                    [
                        -0.9545468431486606,
                        0.0,
                        0.0,
                        0.0,
                        0.0,
                        0.0
                    ],
                    [
                        0.6798488054434552,
                        0.5672128954913191,
                        0.0,
                        0.0,
                        0.0,
                        0.0
                    ],
                    [
                        -0.6267859480709539,
                        -0.6127305474184865,
                        0.0,
                        0.0,
                        0.0,
                        0.0
                    ],
                    [
                        0.0,
                        0.0,
                        0.0,
                        0.0,
                        0.0,
                        0.0
                    ],
                    [
                        0.0,
                        0.6260465710001752,
                        -0.9136793954452533,
                        -0.8458180235392131,
                        -0.7077087397037256,
                        0.0
                    ]
                ]
            },
            "oracle_est_tgt": [
                3,
                4,
                5
            ]
        },
        "5": {
            "intv_type": "hard",
            "inode": 5,
            "new_mui": 0.1,
            "new_vari": 1.0,
            "noise_type": "gaussian",
            "obs_noise_gamma_shape": null,
            "true_params": {
                "Si": [
                    [
                        1.0,
                        -0.9545468431486606,
                        0.1384175266590053,
                        -0.04190593833188694,
                        0.9037103218583318,
                        0.0
                    ],
                    [
                        -0.9545468431486606,
                        1.9111596757650737,
                        0.4350868823825201,
                        -0.5727293662746014,
                        -2.2567330766377562,
                        0.0
                    ],
                    [
                        0.1384175266590053,
                        0.4350868823825201,
                        1.3408898804980427,
                        -0.35334918429344536,
                        -0.6656617199684275,
                        0.0
                    ],
                    [
                        -0.04190593833188694,
                        -0.5727293662746014,
                        -0.35334918429344536,
                        1.377194831407234,
                        1.4976258996635528,
                        0.0
                    ],
                    [
                        0.9037103218583318,
                        -2.2567330766377562,
                        -0.6656617199684275,
                        1.4976258996635528,
                        4.224360475153707,
                        0.0
                    ],
                    [
                        0.0,
                        0.0,
                        0.0,
                        0.0,
                        0.0,
                        1.0
                    ]
                ],
                "mui": [
                    0.0,
                    0.0,
                    0.0,
                    0.0,
                    0.0,
                    0.10000000149011612
                ],
                "Ai": [
                    [
                        0.0,
                        0.0,
                        0.0,
                        0.0,
                        0.0,
                        0.0
                    ],
                    [
                        -0.9545468431486606,
                        0.0,
                        0.0,
                        0.0,
                        0.0,
                        0.0
                    ],
                    [
                        0.6798488054434552,
                        0.5672128954913191,
                        0.0,
                        0.0,
                        0.0,
                        0.0
                    ],
                    [
                        -0.6267859480709539,
                        -0.6127305474184865,
                        0.0,
                        0.0,
                        0.0,
                        0.0
                    ],
                    [
                        0.0,
                        -0.9766523307659609,
                        -0.0,
                        0.6812895371053764,
                        0.0,
                        0.0
                    ],
                    [
                        0.0,
                        0.0,
                        0.0,
                        0.0,
                        0.0,
                        0.0
                    ]
                ]
            },
            "oracle_est_tgt": [
                3,
                4,
                5
            ]
        },
        "obs": {
            "intv_type": "obs",
            "noise_type": "gaussian",
            "obs_noise_gamma_shape": null,
            "true_params": {
                "Si": [
                    [
                        1.0,
                        -0.9545468431486606,
                        0.1384175266590053,
                        -0.04190593833188694,
                        0.9037103218583318,
                        -1.3281789150942638
                    ],
                    [
                        -0.9545468431486606,
                        1.9111596757650737,
                        0.4350868823825201,
                        -0.5727293662746014,
                        -2.2567330766377562,
                        2.8804795841053767
                    ],
                    [
                        0.1384175266590053,
                        0.4350868823825201,
                        1.3408898804980427,
                        -0.35334918429344536,
                        -0.6656617199684275,
                        -0.18279507898323122
                    ],
                    [
                        -0.04190593833188694,
                        -0.5727293662746014,
                        -0.35334918429344536,
                        1.377194831407234,
                        1.4976258996635528,
                        -2.2604465351088465
                    ],
                    [
                        0.9037103218583318,
                        -2.2567330766377562,
                        -0.6656617199684275,
                        1.4976258996635528,
                        4.224360475153707,
                        -5.0609544127997665
                    ],
                    [
                        -1.3281789150942638,
                        2.8804795841053767,
                        -0.18279507898323122,
                        -2.2604465351088465,
                        -5.0609544127997665,
                        8.463938553543304
                    ]
                ],
                "mui": [
                    0.0,
                    0.0,
                    0.0,
                    0.0,
                    0.0,
                    0.0
                ],
                "Ai": [
                    [
                        0.0,
                        0.0,
                        0.0,
                        0.0,
                        0.0,
                        0.0
                    ],
                    [
                        -0.9545468431486606,
                        0.0,
                        0.0,
                        0.0,
                        0.0,
                        0.0
                    ],
                    [
                        0.6798488054434552,
                        0.5672128954913191,
                        0.0,
                        0.0,
                        0.0,
                        0.0
                    ],
                    [
                        -0.6267859480709539,
                        -0.6127305474184865,
                        0.0,
                        0.0,
                        0.0,
                        0.0
                    ],
                    [
                        0.0,
                        -0.9766523307659609,
                        -0.0,
                        0.6812895371053764,
                        0.0,
                        0.0
                    ],
                    [
                        0.0,
                        0.6260465710001752,
                        -0.9136793954452533,
                        -0.8458180235392131,
                        -0.7077087397037256,
                        0.0
                    ]
                ]
            },
            "est_tgt": [
                0,
                1,
                2,
                3,
                4,
                5
            ],
            "oracle_est_tgt": [
                0,
                1,
                2,
                3,
                4,
                5
            ]
        }
    },
    "metric_dict": {
        "param_est_rel_err": 10.674621532740035,
        "est_num_comp": 1,
        "weight_precision_error": 0.0,
        "gm_score_dict": {
            "1": -9.190670306465023,
            "2": -8.995472398995851,
            "3": -8.948637456439696,
            "4": -8.940005276533286,
            "5": -8.938918945802033,
            "6": -8.888038390091518,
            "7": -8.88224665300729
        },
        "est_dag": {
            "amat": [
                [
                    0,
                    0,
                    0,
                    0,
                    0,
                    0
                ],
                [
                    1,
                    0,
                    0,
                    0,
                    0,
                    0
                ],
                [
                    1,
                    0,
                    0,
                    1,
                    1,
                    0
                ],
                [
                    0,
                    0,
                    0,
                    0,
                    0,
                    0
                ],
                [
                    0,
                    0,
                    0,
                    0,
                    0,
                    0
                ],
                [
                    0,
                    1,
                    0,
                    1,
                    1,
                    0
                ]
            ],
            "nodes": [
                0,
                1,
                2,
                3,
                4,
                5
            ]
        },
        "oracle_est_dag": {
            "amat": [
                [
                    0,
                    0,
                    0,
                    0,
                    0,
                    0
                ],
                [
                    1,
                    0,
                    0,
                    1,
                    0,
                    1
                ],
                [
                    1,
                    0,
                    0,
                    1,
                    1,
                    0
                ],
                [
                    0,
                    0,
                    0,
                    0,
                    0,
                    0
                ],
                [
                    0,
                    0,
                    0,
                    0,
                    0,
                    0
                ],
                [
                    0,
                    0,
                    0,
                    1,
                    1,
                    0
                ]
            ],
            "nodes": [
                0,
                1,
                2,
                3,
                4,
                5
            ]
        },
        "igsp_dag": null,
        "intv_base_est_dag": null,
        "act_dag": {
            "amat": [
                [
                    0,
                    1,
                    1,
                    1,
                    0,
                    0
                ],
                [
                    0,
                    0,
                    1,
                    1,
                    1,
                    1
                ],
                [
                    0,
                    0,
                    0,
                    0,
                    0,
                    1
                ],
                [
                    0,
                    0,
                    0,
                    0,
                    1,
                    1
                ],
                [
                    0,
                    0,
                    0,
                    0,
                    0,
                    1
                ],
                [
                    0,
                    0,
                    0,
                    0,
                    0,
                    0
                ]
            ],
            "nodes": [
                0,
                1,
                2,
                3,
                4,
                5
            ]
        },
        "shd": 13,
        "oracle_shd": 11,
        "intv_base_shd": null,
        "igsp_shd": null,
        "avg_js": 0.0,
        "avg_oracle_js": 0.09523809523809523
    }
}