{
    "expt_args": {
        "save_dir": "all_expt_logs/expt_logs_sim_compsel_backward_cameraready_new_mean",
        "exp_name": "128",
        "num_nodes": 6,
        "num_tgt_prior": 7,
        "obs_noise_mean": 0.0,
        "obs_noise_var": 1.0,
        "obs_noise_gamma_shape": null,
        "noise_type": "gaussian",
        "max_edge_strength": 1.0,
        "graph_sparsity_method": "adj_dense_prop",
        "adj_dense_prop": 0.8,
        "num_parents": null,
        "new_noise_mean": 1.0,
        "mix_samples": 131072,
        "stage2_samples": 131072,
        "gmm_tol": 0.001,
        "intv_type": "hard",
        "new_noise_var": 1.0,
        "dtype": "simulation",
        "cutoff_drop_ratio": 0.07,
        "intv_targets": [
            0,
            1,
            2,
            3,
            4,
            5
        ]
    },
    "intv_args_dict": {
        "0": {
            "intv_type": "hard",
            "inode": 0,
            "new_mui": 1.0,
            "new_vari": 1.0,
            "noise_type": "gaussian",
            "obs_noise_gamma_shape": null,
            "true_params": {
                "Si": [
                    [
                        1.0,
                        0.0,
                        0.8442042629158125,
                        1.3542793301839005,
                        -0.34631210256528067,
                        -2.0258124768772996
                    ],
                    [
                        0.0,
                        1.0,
                        0.6636906347314264,
                        1.1024494412474808,
                        -1.0704398896691085,
                        -2.122580128197841
                    ],
                    [
                        0.8442042629158125,
                        0.6636906347314264,
                        2.153166096155434,
                        2.7054727624860115,
                        -2.1236077565235782,
                        -5.232916205615338
                    ],
                    [
                        1.3542793301839005,
                        1.1024494412474808,
                        2.7054727624860115,
                        4.739195879193503,
                        -3.17235090611771,
                        -8.144508250065087
                    ],
                    [
                        -0.34631210256528067,
                        -1.0704398896691085,
                        -2.1236077565235782,
                        -3.17235090611771,
                        3.87293678073531,
                        6.735858167996953
                    ],
                    [
                        -2.0258124768772996,
                        -2.122580128197841,
                        -5.232916205615338,
                        -8.144508250065087,
                        6.735858167996953,
                        16.165829283459487
                    ]
                ],
                "mui": [
                    1.0,
                    0.0,
                    0.8442042629158125,
                    1.3542793301839005,
                    -0.34631210256528067,
                    -2.0258124768772996
                ],
                "Ai": [
                    [
                        0.0,
                        0.0,
                        0.0,
                        0.0,
                        0.0,
                        0.0
                    ],
                    [
                        0.0,
                        0.0,
                        0.0,
                        0.0,
                        0.0,
                        0.0
                    ],
                    [
                        0.8442042629158125,
                        0.6636906347314264,
                        0.0,
                        0.0,
                        0.0,
                        0.0
                    ],
                    [
                        0.6531685261473701,
                        0.5512550265913809,
                        0.8304990093451446,
                        0.0,
                        0.0,
                        0.0
                    ],
                    [
                        0.9868237291367679,
                        0.0,
                        -0.6288117316034385,
                        -0.5924112326236326,
                        0.0,
                        0.0
                    ],
                    [
                        0.0,
                        0.0,
                        -0.6403455338226041,
                        -0.9382618813986185,
                        0.6195607188377226,
                        0.0
                    ]
                ]
            },
            "oracle_est_tgt": [
                0
            ]
        },
        "1": {
            "intv_type": "hard",
            "inode": 1,
            "new_mui": 1.0,
            "new_vari": 1.0,
            "noise_type": "gaussian",
            "obs_noise_gamma_shape": null,
            "true_params": {
                "Si": [
                    [
                        1.0,
                        0.0,
                        0.8442042629158125,
                        1.3542793301839005,
                        -0.34631210256528067,
                        -2.0258124768772996
                    ],
                    [
                        0.0,
                        1.0,
                        0.6636906347314264,
                        1.1024494412474808,
                        -1.0704398896691085,
                        -2.122580128197841
                    ],
                    [
                        0.8442042629158125,
                        0.6636906347314264,
                        2.153166096155434,
                        2.7054727624860115,
                        -2.1236077565235782,
                        -5.232916205615338
                    ],
                    [
                        1.3542793301839005,
                        1.1024494412474808,
                        2.7054727624860115,
                        4.739195879193503,
                        -3.17235090611771,
                        -8.144508250065087
                    ],
                    [
                        -0.34631210256528067,
                        -1.0704398896691085,
                        -2.1236077565235782,
                        -3.17235090611771,
                        3.87293678073531,
                        6.735858167996953
                    ],
                    [
                        -2.0258124768772996,
                        -2.122580128197841,
                        -5.232916205615338,
                        -8.144508250065087,
                        6.735858167996953,
                        16.165829283459487
                    ]
                ],
                "mui": [
                    0.0,
                    1.0,
                    0.6636906347314264,
                    1.1024494412474808,
                    -1.0704398896691085,
                    -2.122580128197841
                ],
                "Ai": [
                    [
                        0.0,
                        0.0,
                        0.0,
                        0.0,
                        0.0,
                        0.0
                    ],
                    [
                        0.0,
                        0.0,
                        0.0,
                        0.0,
                        0.0,
                        0.0
                    ],
                    [
                        0.8442042629158125,
                        0.6636906347314264,
                        0.0,
                        0.0,
                        0.0,
                        0.0
                    ],
                    [
                        0.6531685261473701,
                        0.5512550265913809,
                        0.8304990093451446,
                        0.0,
                        0.0,
                        0.0
                    ],
                    [
                        0.9868237291367679,
                        0.0,
                        -0.6288117316034385,
                        -0.5924112326236326,
                        0.0,
                        0.0
                    ],
                    [
                        0.0,
                        0.0,
                        -0.6403455338226041,
                        -0.9382618813986185,
                        0.6195607188377226,
                        0.0
                    ]
                ]
            },
            "oracle_est_tgt": [
                1
            ]
        },
        "2": {
            "intv_type": "hard",
            "inode": 2,
            "new_mui": 1.0,
            "new_vari": 1.0,
            "noise_type": "gaussian",
            "obs_noise_gamma_shape": null,
            "true_params": {
                "Si": [
                    [
                        1.0,
                        0.0,
                        0.0,
                        0.6531685261473701,
                        0.599879357450843,
                        -0.2411814442952388
                    ],
                    [
                        0.0,
                        1.0,
                        0.0,
                        0.5512550265913809,
                        -0.32656966979297336,
                        -0.7195513177476068
                    ],
                    [
                        0.0,
                        0.0,
                        1.0,
                        0.8304990093451446,
                        -1.1208086734223015,
                        -2.113980124215544
                    ],
                    [
                        0.6531685261473701,
                        0.5512550265913809,
                        0.8304990093451446,
                        2.4202398324150582,
                        -1.3114425817995654,
                        -3.6151434187700278
                    ],
                    [
                        0.599879357450843,
                        -0.32656966979297336,
                        -1.1208086734223015,
                        -1.3114425817995654,
                        3.073666143681639,
                        3.8525042178876974
                    ],
                    [
                        -0.2411814442952388,
                        -0.7195513177476068,
                        -2.113980124215544,
                        -3.6151434187700278,
                        3.8525042178876974,
                        8.132489279312036
                    ]
                ],
                "mui": [
                    0.0,
                    0.0,
                    1.0,
                    0.8304990093451446,
                    -1.1208086734223015,
                    -2.113980124215544
                ],
                "Ai": [
                    [
                        0.0,
                        0.0,
                        0.0,
                        0.0,
                        0.0,
                        0.0
                    ],
                    [
                        0.0,
                        0.0,
                        0.0,
                        0.0,
                        0.0,
                        0.0
                    ],
                    [
                        0.0,
                        0.0,
                        0.0,
                        0.0,
                        0.0,
                        0.0
                    ],
                    [
                        0.6531685261473701,
                        0.5512550265913809,
                        0.8304990093451446,
                        0.0,
                        0.0,
                        0.0
                    ],
                    [
                        0.9868237291367679,
                        0.0,
                        -0.6288117316034385,
                        -0.5924112326236326,
                        0.0,
                        0.0
                    ],
                    [
                        0.0,
                        0.0,
                        -0.6403455338226041,
                        -0.9382618813986185,
                        0.6195607188377226,
                        0.0
                    ]
                ]
            },
            "oracle_est_tgt": [
                2
            ]
        },
        "3": {
            "intv_type": "hard",
            "inode": 3,
            "new_mui": 1.0,
            "new_vari": 1.0,
            "noise_type": "gaussian",
            "obs_noise_gamma_shape": null,
            "true_params": {
                "Si": [
                    [
                        1.0,
                        0.0,
                        0.8442042629158125,
                        0.0,
                        0.4559781847456713,
                        -0.25807625747679597
                    ],
                    [
                        0.0,
                        1.0,
                        0.6636906347314264,
                        0.0,
                        -0.41733645727445345,
                        -0.683556609256307
                    ],
                    [
                        0.8442042629158125,
                        0.6636906347314264,
                        2.153166096155434,
                        0.0,
                        -0.5208553024695757,
                        -1.7014717788598737
                    ],
                    [
                        0.0,
                        0.0,
                        0.0,
                        1.0,
                        -0.5924112326236326,
                        -1.3052966105304575
                    ],
                    [
                        0.4559781847456713,
                        -0.41733645727445345,
                        -0.5208553024695757,
                        -0.5924112326236326,
                        2.1284410858751155,
                        2.208062733555868
                    ],
                    [
                        -0.25807625747679597,
                        -0.683556609256307,
                        -1.7014717788598737,
                        -1.3052966105304575,
                        2.208062733555868,
                        4.682268842538329
                    ]
                ],
                "mui": [
                    0.0,
                    0.0,
                    0.0,
                    1.0,
                    -0.5924112326236326,
                    -1.3052966105304575
                ],
                "Ai": [
                    [
                        0.0,
                        0.0,
                        0.0,
                        0.0,
                        0.0,
                        0.0
                    ],
                    [
                        0.0,
                        0.0,
                        0.0,
                        0.0,
                        0.0,
                        0.0
                    ],
                    [
                        0.8442042629158125,
                        0.6636906347314264,
                        0.0,
                        0.0,
                        0.0,
                        0.0
                    ],
                    [
                        0.0,
                        0.0,
                        0.0,
                        0.0,
                        0.0,
                        0.0
                    ],
                    [
                        0.9868237291367679,
                        0.0,
                        -0.6288117316034385,
                        -0.5924112326236326,
                        0.0,
                        0.0
                    ],
                    [
                        0.0,
                        0.0,
                        -0.6403455338226041,
                        -0.9382618813986185,
                        0.6195607188377226,
                        0.0
                    ]
                ]
            },
            "oracle_est_tgt": [
                3
            ]
        },
        "4": {
            "intv_type": "hard",
            "inode": 4,
            "new_mui": 1.0,
            "new_vari": 1.0,
            "noise_type": "gaussian",
            "obs_noise_gamma_shape": null,
            "true_params": {
                "Si": [
                    [
                        1.0,
                        0.0,
                        0.8442042629158125,
                        1.3542793301839005,
                        0.0,
                        -1.8112511016697512
                    ],
                    [
                        0.0,
                        1.0,
                        0.6636906347314264,
                        1.1024494412474808,
                        0.0,
                        -1.4593776206818754
                    ],
                    [
                        0.8442042629158125,
                        0.6636906347314264,
                        2.153166096155434,
                        2.7054727624860115,
                        0.0,
                        -3.917212257454227
                    ],
                    [
                        1.3542793301839005,
                        1.1024494412474808,
                        2.7054727624860115,
                        4.739195879193503,
                        0.0,
                        -6.179044242265298
                    ],
                    [
                        0.0,
                        0.0,
                        0.0,
                        0.0,
                        1.0,
                        0.6195607188377226
                    ],
                    [
                        -1.8112511016697512,
                        -1.4593776206818754,
                        -3.917212257454227,
                        -6.179044242265298,
                        0.6195607188377226,
                        9.68978653441583
                    ]
                ],
                "mui": [
                    0.0,
                    0.0,
                    0.0,
                    0.0,
                    1.0,
                    0.6195607188377226
                ],
                "Ai": [
                    [
                        0.0,
                        0.0,
                        0.0,
                        0.0,
                        0.0,
                        0.0
                    ],
                    [
                        0.0,
                        0.0,
                        0.0,
                        0.0,
                        0.0,
                        0.0
                    ],
                    [
                        0.8442042629158125,
                        0.6636906347314264,
                        0.0,
                        0.0,
                        0.0,
                        0.0
                    ],
                    [
                        0.6531685261473701,
                        0.5512550265913809,
                        0.8304990093451446,
                        0.0,
                        0.0,
                        0.0
                    ],
                    [
                        0.0,
                        0.0,
                        0.0,
                        0.0,
                        0.0,
                        0.0
                    ],
                    [
                        0.0,
                        0.0,
                        -0.6403455338226041,
                        -0.9382618813986185,
                        0.6195607188377226,
                        0.0
                    ]
                ]
            },
            "oracle_est_tgt": [
                4
            ]
        },
        "5": {
            "intv_type": "hard",
            "inode": 5,
            "new_mui": 1.0,
            "new_vari": 1.0,
            "noise_type": "gaussian",
            "obs_noise_gamma_shape": null,
            "true_params": {
                "Si": [
                    [
                        1.0,
                        0.0,
                        0.8442042629158125,
                        1.3542793301839005,
                        -0.34631210256528067,
                        0.0
                    ],
                    [
                        0.0,
                        1.0,
                        0.6636906347314264,
                        1.1024494412474808,
                        -1.0704398896691085,
                        0.0
                    ],
                    [
                        0.8442042629158125,
                        0.6636906347314264,
                        2.153166096155434,
                        2.7054727624860115,
                        -2.1236077565235782,
                        0.0
                    ],
                    [
                        1.3542793301839005,
                        1.1024494412474808,
                        2.7054727624860115,
                        4.739195879193503,
                        -3.17235090611771,
                        0.0
                    ],
                    [
                        -0.34631210256528067,
                        -1.0704398896691085,
                        -2.1236077565235782,
                        -3.17235090611771,
                        3.87293678073531,
                        0.0
                    ],
                    [
                        0.0,
                        0.0,
                        0.0,
                        0.0,
                        0.0,
                        1.0
                    ]
                ],
                "mui": [
                    0.0,
                    0.0,
                    0.0,
                    0.0,
                    0.0,
                    1.0
                ],
                "Ai": [
                    [
                        0.0,
                        0.0,
                        0.0,
                        0.0,
                        0.0,
                        0.0
                    ],
                    [
                        0.0,
                        0.0,
                        0.0,
                        0.0,
                        0.0,
                        0.0
                    ],
                    [
                        0.8442042629158125,
                        0.6636906347314264,
                        0.0,
                        0.0,
                        0.0,
                        0.0
                    ],
                    [
                        0.6531685261473701,
                        0.5512550265913809,
                        0.8304990093451446,
                        0.0,
                        0.0,
                        0.0
                    ],
                    [
                        0.9868237291367679,
                        0.0,
                        -0.6288117316034385,
                        -0.5924112326236326,
                        0.0,
                        0.0
                    ],
                    [
                        0.0,
                        0.0,
                        0.0,
                        0.0,
                        0.0,
                        0.0
                    ]
                ]
            },
            "oracle_est_tgt": [
                5
            ]
        },
        "obs": {
            "intv_type": "obs",
            "noise_type": "gaussian",
            "obs_noise_gamma_shape": null,
            "true_params": {
                "Si": [
                    [
                        1.0,
                        0.0,
                        0.8442042629158125,
                        1.3542793301839005,
                        -0.34631210256528067,
                        -2.0258124768772996
                    ],
                    [
                        0.0,
                        1.0,
                        0.6636906347314264,
                        1.1024494412474808,
                        -1.0704398896691085,
                        -2.122580128197841
                    ],
                    [
                        0.8442042629158125,
                        0.6636906347314264,
                        2.153166096155434,
                        2.7054727624860115,
                        -2.1236077565235782,
                        -5.232916205615338
                    ],
                    [
                        1.3542793301839005,
                        1.1024494412474808,
                        2.7054727624860115,
                        4.739195879193503,
                        -3.17235090611771,
                        -8.144508250065087
                    ],
                    [
                        -0.34631210256528067,
                        -1.0704398896691085,
                        -2.1236077565235782,
                        -3.17235090611771,
                        3.87293678073531,
                        6.735858167996953
                    ],
                    [
                        -2.0258124768772996,
                        -2.122580128197841,
                        -5.232916205615338,
                        -8.144508250065087,
                        6.735858167996953,
                        16.165829283459487
                    ]
                ],
                "mui": [
                    0.0,
                    0.0,
                    0.0,
                    0.0,
                    0.0,
                    0.0
                ],
                "Ai": [
                    [
                        0.0,
                        0.0,
                        0.0,
                        0.0,
                        0.0,
                        0.0
                    ],
                    [
                        0.0,
                        0.0,
                        0.0,
                        0.0,
                        0.0,
                        0.0
                    ],
                    [
                        0.8442042629158125,
                        0.6636906347314264,
                        0.0,
                        0.0,
                        0.0,
                        0.0
                    ],
                    [
                        0.6531685261473701,
                        0.5512550265913809,
                        0.8304990093451446,
                        0.0,
                        0.0,
                        0.0
                    ],
                    [
                        0.9868237291367679,
                        0.0,
                        -0.6288117316034385,
                        -0.5924112326236326,
                        0.0,
                        0.0
                    ],
                    [
                        0.0,
                        0.0,
                        -0.6403455338226041,
                        -0.9382618813986185,
                        0.6195607188377226,
                        0.0
                    ]
                ]
            },
            "est_params": {
                "mui": [
                    0.1409360267531198,
                    0.1394212693971312,
                    0.3528115748466437,
                    0.6049749339775711,
                    -0.29958939786246586,
                    -0.828583388198086
                ],
                "Si": [
                    [
                        1.12783724867833,
                        -0.017364148181803204,
                        0.7910529280964781,
                        1.1727989764471725,
                        -0.04865632305927471,
                        -1.3689984163319313
                    ],
                    [
                        -0.017364148181803204,
                        1.130627919674129,
                        0.6174482798671566,
                        0.9540518669538468,
                        -0.8378655345225774,
                        -1.5267345213434713
                    ],
                    [
                        0.7910529280964781,
                        0.6174482798671566,
                        2.1716699748583213,
                        2.231418881027118,
                        -1.650010714481694,
                        -3.8080486901054127
                    ],
                    [
                        1.1727989764471725,
                        0.9540518669538468,
                        2.231418881027118,
                        4.207893044298233,
                        -2.366172910057259,
                        -5.75572320618628
                    ],
                    [
                        -0.04865632305927471,
                        -0.8378655345225774,
                        -1.650010714481694,
                        -2.366172910057259,
                        3.5764600939068347,
                        4.567152351582149
                    ],
                    [
                        -1.3689984163319313,
                        -1.5267345213434713,
                        -3.8080486901054127,
                        -5.75572320618628,
                        4.567152351582149,
                        11.943131115100233
                    ]
                ]
            },
            "est_tgt": [
                0,
                1,
                2,
                3,
                4,
                5
            ],
            "oracle_est_tgt": [
                0,
                1,
                2,
                3,
                4,
                5
            ]
        }
    },
    "metric_dict": {
        "param_est_rel_err": 27.62518905479898,
        "est_num_comp": 1,
        "weight_precision_error": 0.0,
        "gm_score_dict": {
            "1": -9.721314261332973,
            "2": -9.390094913387157,
            "3": -9.326746060032464,
            "4": -9.336553328300639,
            "5": -9.271302160060438,
            "6": -9.249290237008159,
            "7": -9.234930322520777
        },
        "est_dag": {
            "amat": [
                [
                    0,
                    0,
                    1,
                    1,
                    1,
                    0
                ],
                [
                    0,
                    0,
                    1,
                    1,
                    0,
                    0
                ],
                [
                    0,
                    0,
                    0,
                    1,
                    1,
                    1
                ],
                [
                    0,
                    0,
                    0,
                    0,
                    1,
                    1
                ],
                [
                    0,
                    0,
                    0,
                    0,
                    0,
                    1
                ],
                [
                    0,
                    0,
                    0,
                    0,
                    0,
                    0
                ]
            ],
            "nodes": [
                0,
                1,
                2,
                3,
                4,
                5
            ]
        },
        "oracle_est_dag": {
            "amat": [
                [
                    0,
                    0,
                    1,
                    1,
                    1,
                    0
                ],
                [
                    0,
                    0,
                    1,
                    1,
                    0,
                    0
                ],
                [
                    0,
                    0,
                    0,
                    1,
                    1,
                    1
                ],
                [
                    0,
                    0,
                    0,
                    0,
                    1,
                    1
                ],
                [
                    0,
                    0,
                    0,
                    0,
                    0,
                    1
                ],
                [
                    0,
                    0,
                    0,
                    0,
                    0,
                    0
                ]
            ],
            "nodes": [
                0,
                1,
                2,
                3,
                4,
                5
            ]
        },
        "igsp_dag": null,
        "intv_base_est_dag": null,
        "act_dag": {
            "amat": [
                [
                    0,
                    0,
                    1,
                    1,
                    1,
                    0
                ],
                [
                    0,
                    0,
                    1,
                    1,
                    0,
                    0
                ],
                [
                    0,
                    0,
                    0,
                    1,
                    1,
                    1
                ],
                [
                    0,
                    0,
                    0,
                    0,
                    1,
                    1
                ],
                [
                    0,
                    0,
                    0,
                    0,
                    0,
                    1
                ],
                [
                    0,
                    0,
                    0,
                    0,
                    0,
                    0
                ]
            ],
            "nodes": [
                0,
                1,
                2,
                3,
                4,
                5
            ]
        },
        "shd": 0,
        "oracle_shd": 0,
        "intv_base_shd": null,
        "igsp_shd": null,
        "avg_js": 0.0,
        "avg_oracle_js": 0.8571428571428571
    }
}