{
    "expt_args": {
        "save_dir": "all_expt_logs/expt_logs_sim_compsel_backward_cameraready_new_mean",
        "exp_name": "41",
        "num_nodes": 6,
        "num_tgt_prior": 7,
        "obs_noise_mean": 0.0,
        "obs_noise_var": 1.0,
        "obs_noise_gamma_shape": null,
        "noise_type": "gaussian",
        "max_edge_strength": 1.0,
        "graph_sparsity_method": "adj_dense_prop",
        "adj_dense_prop": 0.8,
        "num_parents": null,
        "new_noise_mean": 1.0,
        "mix_samples": 262144,
        "stage2_samples": 262144,
        "gmm_tol": 0.001,
        "intv_type": "hard",
        "new_noise_var": 1.0,
        "dtype": "simulation",
        "cutoff_drop_ratio": 0.07,
        "intv_targets": [
            0,
            1,
            2,
            3,
            4,
            5
        ]
    },
    "intv_args_dict": {
        "0": {
            "intv_type": "hard",
            "inode": 0,
            "new_mui": 1.0,
            "new_vari": 1.0,
            "noise_type": "gaussian",
            "obs_noise_gamma_shape": null,
            "true_params": {
                "Si": [
                    [
                        1.0,
                        -0.7016884309151952,
                        1.1466497080878666,
                        1.8968208611551807,
                        0.5704666533249885,
                        -0.3966610914524763
                    ],
                    [
                        -0.7016884309151952,
                        1.4923666540802287,
                        -1.4192172496785633,
                        -1.8979335202023964,
                        0.12992655161392047,
                        1.2876381311776708
                    ],
                    [
                        1.1466497080878666,
                        -1.4192172496785633,
                        2.6925711833208483,
                        3.4458958333482683,
                        0.5052631028828451,
                        -1.33849530016388
                    ],
                    [
                        1.8968208611551807,
                        -1.8979335202023964,
                        3.4458958333482683,
                        5.770265169305503,
                        1.917073643492202,
                        -0.9717353911183911
                    ],
                    [
                        0.5704666533249885,
                        0.12992655161392047,
                        0.5052631028828451,
                        1.917073643492202,
                        2.5832994422954862,
                        0.8415491970735175
                    ],
                    [
                        -0.3966610914524763,
                        1.2876381311776708,
                        -1.33849530016388,
                        -0.9717353911183911,
                        0.8415491970735175,
                        2.6003364809027927
                    ]
                ],
                "mui": [
                    1.0,
                    -0.7016884309151952,
                    1.1466497080878666,
                    1.8968208611551807,
                    0.5704666533249885,
                    -0.3966610914524763
                ],
                "Ai": [
                    [
                        0.0,
                        0.0,
                        0.0,
                        0.0,
                        0.0,
                        0.0
                    ],
                    [
                        -0.7016884309151952,
                        0.0,
                        0.0,
                        0.0,
                        0.0,
                        0.0
                    ],
                    [
                        0.7153734632064304,
                        -0.6146264152010217,
                        0.0,
                        0.0,
                        0.0,
                        0.0
                    ],
                    [
                        0.83910478956985,
                        -0.0,
                        0.9224404490096281,
                        0.0,
                        0.0,
                        0.0
                    ],
                    [
                        -0.0,
                        0.6390192226759569,
                        -0.7198820438796489,
                        0.9723172189060714,
                        0.0,
                        0.0
                    ],
                    [
                        0.0,
                        0.8474633891621732,
                        -0.8128961340299015,
                        0.5957870362358323,
                        -0.0,
                        0.0
                    ]
                ]
            },
            "oracle_est_tgt": [
                0
            ]
        },
        "1": {
            "intv_type": "hard",
            "inode": 1,
            "new_mui": 1.0,
            "new_vari": 1.0,
            "noise_type": "gaussian",
            "obs_noise_gamma_shape": null,
            "true_params": {
                "Si": [
                    [
                        1.0,
                        0.0,
                        0.7153734632064304,
                        1.4989942081795622,
                        0.9425133688231525,
                        0.3115569939978904
                    ],
                    [
                        0.0,
                        1.0,
                        -0.6146264152010217,
                        -0.5669562664112086,
                        0.5302164024749743,
                        1.009305632311274
                    ],
                    [
                        0.7153734632064304,
                        -0.6146264152010217,
                        1.8895248221228207,
                        2.3432474246414987,
                        0.5253867341472631,
                        -0.6607843696576277
                    ],
                    [
                        1.4989942081795622,
                        -0.5669562664112086,
                        2.3432474246414987,
                        4.4193194261478945,
                        2.2478226758696964,
                        0.24768177147792098
                    ],
                    [
                        0.9425133688231525,
                        0.5302164024749743,
                        0.5253867341472631,
                        2.2478226758696964,
                        3.1461986901500416,
                        1.3614777544120151
                    ],
                    [
                        0.3115569939978904,
                        1.009305632311274,
                        -0.6607843696576277,
                        0.24768177147792098,
                        1.3614777544120151,
                        2.5400642199395245
                    ]
                ],
                "mui": [
                    0.0,
                    1.0,
                    -0.6146264152010217,
                    -0.5669562664112086,
                    0.5302164024749743,
                    1.009305632311274
                ],
                "Ai": [
                    [
                        0.0,
                        0.0,
                        0.0,
                        0.0,
                        0.0,
                        0.0
                    ],
                    [
                        0.0,
                        0.0,
                        0.0,
                        0.0,
                        0.0,
                        0.0
                    ],
                    [
                        0.7153734632064304,
                        -0.6146264152010217,
                        0.0,
                        0.0,
                        0.0,
                        0.0
                    ],
                    [
                        0.83910478956985,
                        -0.0,
                        0.9224404490096281,
                        0.0,
                        0.0,
                        0.0
                    ],
                    [
                        -0.0,
                        0.6390192226759569,
                        -0.7198820438796489,
                        0.9723172189060714,
                        0.0,
                        0.0
                    ],
                    [
                        0.0,
                        0.8474633891621732,
                        -0.8128961340299015,
                        0.5957870362358323,
                        -0.0,
                        0.0
                    ]
                ]
            },
            "oracle_est_tgt": [
                1
            ]
        },
        "2": {
            "intv_type": "hard",
            "inode": 2,
            "new_mui": 1.0,
            "new_vari": 1.0,
            "noise_type": "gaussian",
            "obs_noise_gamma_shape": null,
            "true_params": {
                "Si": [
                    [
                        1.0,
                        -0.7016884309151952,
                        0.0,
                        0.83910478956985,
                        0.3674836396811809,
                        -0.09472750013016615
                    ],
                    [
                        -0.7016884309151952,
                        1.4923666540802287,
                        0.0,
                        -0.5887901231666931,
                        0.3811602041610641,
                        0.9139325800930285
                    ],
                    [
                        0.0,
                        0.0,
                        1.0,
                        0.9224404490096281,
                        0.17702268810786037,
                        -0.26331807281040476
                    ],
                    [
                        0.83910478956985,
                        -0.5887901231666931,
                        0.9224404490096281,
                        2.5549932298481464,
                        1.4439673889542173,
                        0.2734054958570516
                    ],
                    [
                        0.3674836396811809,
                        0.3811602041610641,
                        0.17702268810786037,
                        1.4439673889542173,
                        2.520127598668882,
                        1.039415310719847
                    ],
                    [
                        -0.09472750013016615,
                        0.9139325800930285,
                        -0.26331807281040476,
                        0.2734054958570516,
                        1.039415310719847,
                        2.15146609526641
                    ]
                ],
                "mui": [
                    0.0,
                    0.0,
                    1.0,
                    0.9224404490096281,
                    0.17702268810786037,
                    -0.26331807281040476
                ],
                "Ai": [
                    [
                        0.0,
                        0.0,
                        0.0,
                        0.0,
                        0.0,
                        0.0
                    ],
                    [
                        -0.7016884309151952,
                        0.0,
                        0.0,
                        0.0,
                        0.0,
                        0.0
                    ],
                    [
                        0.0,
                        0.0,
                        0.0,
                        0.0,
                        0.0,
                        0.0
                    ],
                    [
                        0.83910478956985,
                        -0.0,
                        0.9224404490096281,
                        0.0,
                        0.0,
                        0.0
                    ],
                    [
                        -0.0,
                        0.6390192226759569,
                        -0.7198820438796489,
                        0.9723172189060714,
                        0.0,
                        0.0
                    ],
                    [
                        0.0,
                        0.8474633891621732,
                        -0.8128961340299015,
                        0.5957870362358323,
                        -0.0,
                        0.0
                    ]
                ]
            },
            "oracle_est_tgt": [
                2
            ]
        },
        "3": {
            "intv_type": "hard",
            "inode": 3,
            "new_mui": 1.0,
            "new_vari": 1.0,
            "noise_type": "gaussian",
            "obs_noise_gamma_shape": null,
            "true_params": {
                "Si": [
                    [
                        1.0,
                        -0.7016884309151952,
                        1.1466497080878666,
                        0.0,
                        -1.2738449311564362,
                        -1.5267623705904205
                    ],
                    [
                        -0.7016884309151952,
                        1.4923666540802287,
                        -1.4192172496785633,
                        0.0,
                        1.9753199936457246,
                        2.4184023181516965
                    ],
                    [
                        1.1466497080878666,
                        -1.4192172496785633,
                        2.6925711833208483,
                        0.0,
                        -2.845240750438362,
                        -3.3915153658918484
                    ],
                    [
                        0.0,
                        0.0,
                        0.0,
                        1.0,
                        0.9723172189060714,
                        0.5957870362358323
                    ],
                    [
                        -1.2738449311564362,
                        1.9753199936457246,
                        -2.845240750438362,
                        0.9723172189060714,
                        5.255905947812239,
                        4.566190577043604
                    ],
                    [
                        -1.5267623705904205,
                        2.4184023181516965,
                        -3.3915153658918484,
                        0.5957870362358323,
                        4.566190577043604,
                        6.16141934688166
                    ]
                ],
                "mui": [
                    0.0,
                    0.0,
                    0.0,
                    1.0,
                    0.9723172189060714,
                    0.5957870362358323
                ],
                "Ai": [
                    [
                        0.0,
                        0.0,
                        0.0,
                        0.0,
                        0.0,
                        0.0
                    ],
                    [
                        -0.7016884309151952,
                        0.0,
                        0.0,
                        0.0,
                        0.0,
                        0.0
                    ],
                    [
                        0.7153734632064304,
                        -0.6146264152010217,
                        0.0,
                        0.0,
                        0.0,
                        0.0
                    ],
                    [
                        0.0,
                        0.0,
                        0.0,
                        0.0,
                        0.0,
                        0.0
                    ],
                    [
                        -0.0,
                        0.6390192226759569,
                        -0.7198820438796489,
                        0.9723172189060714,
                        0.0,
                        0.0
                    ],
                    [
                        0.0,
                        0.8474633891621732,
                        -0.8128961340299015,
                        0.5957870362358323,
                        -0.0,
                        0.0
                    ]
                ]
            },
            "oracle_est_tgt": [
                3
            ]
        },
        "4": {
            "intv_type": "hard",
            "inode": 4,
            "new_mui": 1.0,
            "new_vari": 1.0,
            "noise_type": "gaussian",
            "obs_noise_gamma_shape": null,
            "true_params": {
                "Si": [
                    [
                        1.0,
                        -0.7016884309151952,
                        1.1466497080878666,
                        1.8968208611551807,
                        0.0,
                        -0.3966610914524763
                    ],
                    [
                        -0.7016884309151952,
                        1.4923666540802287,
                        -1.4192172496785633,
                        -1.8979335202023964,
                        0.0,
                        1.2876381311776708
                    ],
                    [
                        1.1466497080878666,
                        -1.4192172496785633,
                        2.6925711833208483,
                        3.4458958333482683,
                        0.0,
                        -1.33849530016388
                    ],
                    [
                        1.8968208611551807,
                        -1.8979335202023964,
                        3.4458958333482683,
                        5.770265169305503,
                        0.0,
                        -0.9717353911183911
                    ],
                    [
                        0.0,
                        0.0,
                        0.0,
                        0.0,
                        1.0,
                        0.0
                    ],
                    [
                        -0.3966610914524763,
                        1.2876381311776708,
                        -1.33849530016388,
                        -0.9717353911183911,
                        0.0,
                        2.6003364809027927
                    ]
                ],
                "mui": [
                    0.0,
                    0.0,
                    0.0,
                    0.0,
                    1.0,
                    0.0
                ],
                "Ai": [
                    [
                        0.0,
                        0.0,
                        0.0,
                        0.0,
                        0.0,
                        0.0
                    ],
                    [
                        -0.7016884309151952,
                        0.0,
                        0.0,
                        0.0,
                        0.0,
                        0.0
                    ],
                    [
                        0.7153734632064304,
                        -0.6146264152010217,
                        0.0,
                        0.0,
                        0.0,
                        0.0
                    ],
                    [
                        0.83910478956985,
                        -0.0,
                        0.9224404490096281,
                        0.0,
                        0.0,
                        0.0
                    ],
                    [
                        0.0,
                        0.0,
                        0.0,
                        0.0,
                        0.0,
                        0.0
                    ],
                    [
                        0.0,
                        0.8474633891621732,
                        -0.8128961340299015,
                        0.5957870362358323,
                        -0.0,
                        0.0
                    ]
                ]
            },
            "oracle_est_tgt": [
                4
            ]
        },
        "5": {
            "intv_type": "hard",
            "inode": 5,
            "new_mui": 1.0,
            "new_vari": 1.0,
            "noise_type": "gaussian",
            "obs_noise_gamma_shape": null,
            "true_params": {
                "Si": [
                    [
                        1.0,
                        -0.7016884309151952,
                        1.1466497080878666,
                        1.8968208611551807,
                        0.5704666533249885,
                        0.0
                    ],
                    [
                        -0.7016884309151952,
                        1.4923666540802287,
                        -1.4192172496785633,
                        -1.8979335202023964,
                        0.12992655161392047,
                        0.0
                    ],
                    [
                        1.1466497080878666,
                        -1.4192172496785633,
                        2.6925711833208483,
                        3.4458958333482683,
                        0.5052631028828451,
                        0.0
                    ],
                    [
                        1.8968208611551807,
                        -1.8979335202023964,
                        3.4458958333482683,
                        5.770265169305503,
                        1.917073643492202,
                        0.0
                    ],
                    [
                        0.5704666533249885,
                        0.12992655161392047,
                        0.5052631028828451,
                        1.917073643492202,
                        2.5832994422954862,
                        0.0
                    ],
                    [
                        0.0,
                        0.0,
                        0.0,
                        0.0,
                        0.0,
                        1.0
                    ]
                ],
                "mui": [
                    0.0,
                    0.0,
                    0.0,
                    0.0,
                    0.0,
                    1.0
                ],
                "Ai": [
                    [
                        0.0,
                        0.0,
                        0.0,
                        0.0,
                        0.0,
                        0.0
                    ],
                    [
                        -0.7016884309151952,
                        0.0,
                        0.0,
                        0.0,
                        0.0,
                        0.0
                    ],
                    [
                        0.7153734632064304,
                        -0.6146264152010217,
                        0.0,
                        0.0,
                        0.0,
                        0.0
                    ],
                    [
                        0.83910478956985,
                        -0.0,
                        0.9224404490096281,
                        0.0,
                        0.0,
                        0.0
                    ],
                    [
                        -0.0,
                        0.6390192226759569,
                        -0.7198820438796489,
                        0.9723172189060714,
                        0.0,
                        0.0
                    ],
                    [
                        0.0,
                        0.0,
                        0.0,
                        0.0,
                        0.0,
                        0.0
                    ]
                ]
            },
            "oracle_est_tgt": [
                5
            ]
        },
        "obs": {
            "intv_type": "obs",
            "noise_type": "gaussian",
            "obs_noise_gamma_shape": null,
            "true_params": {
                "Si": [
                    [
                        1.0,
                        -0.7016884309151952,
                        1.1466497080878666,
                        1.8968208611551807,
                        0.5704666533249885,
                        -0.3966610914524763
                    ],
                    [
                        -0.7016884309151952,
                        1.4923666540802287,
                        -1.4192172496785633,
                        -1.8979335202023964,
                        0.12992655161392047,
                        1.2876381311776708
                    ],
                    [
                        1.1466497080878666,
                        -1.4192172496785633,
                        2.6925711833208483,
                        3.4458958333482683,
                        0.5052631028828451,
                        -1.33849530016388
                    ],
                    [
                        1.8968208611551807,
                        -1.8979335202023964,
                        3.4458958333482683,
                        5.770265169305503,
                        1.917073643492202,
                        -0.9717353911183911
                    ],
                    [
                        0.5704666533249885,
                        0.12992655161392047,
                        0.5052631028828451,
                        1.917073643492202,
                        2.5832994422954862,
                        0.8415491970735175
                    ],
                    [
                        -0.3966610914524763,
                        1.2876381311776708,
                        -1.33849530016388,
                        -0.9717353911183911,
                        0.8415491970735175,
                        2.6003364809027927
                    ]
                ],
                "mui": [
                    0.0,
                    0.0,
                    0.0,
                    0.0,
                    0.0,
                    0.0
                ],
                "Ai": [
                    [
                        0.0,
                        0.0,
                        0.0,
                        0.0,
                        0.0,
                        0.0
                    ],
                    [
                        -0.7016884309151952,
                        0.0,
                        0.0,
                        0.0,
                        0.0,
                        0.0
                    ],
                    [
                        0.7153734632064304,
                        -0.6146264152010217,
                        0.0,
                        0.0,
                        0.0,
                        0.0
                    ],
                    [
                        0.83910478956985,
                        -0.0,
                        0.9224404490096281,
                        0.0,
                        0.0,
                        0.0
                    ],
                    [
                        -0.0,
                        0.6390192226759569,
                        -0.7198820438796489,
                        0.9723172189060714,
                        0.0,
                        0.0
                    ],
                    [
                        0.0,
                        0.8474633891621732,
                        -0.8128961340299015,
                        0.5957870362358323,
                        -0.0,
                        0.0
                    ]
                ]
            },
            "est_params": {
                "mui": [
                    0.14429599545494504,
                    0.039272076300109704,
                    0.22375821562301434,
                    0.4765011422803995,
                    0.4688119944614509,
                    0.27789673637833456
                ],
                "Si": [
                    [
                        1.1261994525722137,
                        -0.7119391327078614,
                        1.0529909352120854,
                        1.6246107408711432,
                        0.2599192143893787,
                        -0.451611873950614
                    ],
                    [
                        -0.7119391327078614,
                        1.6396858624412063,
                        -1.316111898422306,
                        -1.54639638511175,
                        0.47077784199011424,
                        1.347495690932701
                    ],
                    [
                        1.0529909352120854,
                        -1.316111898422306,
                        2.6718171644927513,
                        2.825583971339772,
                        -0.12550718114491025,
                        -1.4430906575140434
                    ],
                    [
                        1.6246107408711432,
                        -1.54639638511175,
                        2.825583971339772,
                        5.050897360267351,
                        1.5380217527782356,
                        -0.5259742626765295
                    ],
                    [
                        0.2599192143893787,
                        0.47077784199011424,
                        -0.12550718114491025,
                        1.5380217527782356,
                        2.9569148518019484,
                        1.2297764117445598
                    ],
                    [
                        -0.451611873950614,
                        1.347495690932701,
                        -1.4430906575140434,
                        -0.5259742626765295,
                        1.2297764117445598,
                        3.1088413624292763
                    ]
                ]
            },
            "est_tgt": [
                0,
                1,
                2,
                3,
                4,
                5
            ],
            "oracle_est_tgt": [
                0,
                1,
                2,
                3,
                4,
                5
            ]
        }
    },
    "metric_dict": {
        "param_est_rel_err": 11.857670720485931,
        "est_num_comp": 1,
        "weight_precision_error": 0.0,
        "gm_score_dict": {
            "1": -9.341512689805315,
            "2": -9.238886821779358,
            "3": -9.174417583926381,
            "4": -9.152840394695568,
            "5": -9.156945534173667,
            "6": -9.139504227915893,
            "7": -9.126289032646689
        },
        "est_dag": {
            "amat": [
                [
                    0,
                    0,
                    0,
                    1,
                    0,
                    0
                ],
                [
                    1,
                    0,
                    0,
                    0,
                    1,
                    1
                ],
                [
                    1,
                    1,
                    0,
                    1,
                    1,
                    1
                ],
                [
                    0,
                    0,
                    0,
                    0,
                    1,
                    1
                ],
                [
                    0,
                    0,
                    0,
                    0,
                    0,
                    0
                ],
                [
                    0,
                    0,
                    0,
                    0,
                    0,
                    0
                ]
            ],
            "nodes": [
                0,
                1,
                2,
                3,
                4,
                5
            ]
        },
        "oracle_est_dag": {
            "amat": [
                [
                    0,
                    1,
                    1,
                    1,
                    0,
                    0
                ],
                [
                    0,
                    0,
                    1,
                    0,
                    1,
                    1
                ],
                [
                    0,
                    0,
                    0,
                    1,
                    1,
                    1
                ],
                [
                    0,
                    0,
                    0,
                    0,
                    1,
                    1
                ],
                [
                    0,
                    0,
                    0,
                    0,
                    0,
                    0
                ],
                [
                    0,
                    0,
                    0,
                    0,
                    0,
                    0
                ]
            ],
            "nodes": [
                0,
                1,
                2,
                3,
                4,
                5
            ]
        },
        "igsp_dag": null,
        "intv_base_est_dag": null,
        "act_dag": {
            "amat": [
                [
                    0,
                    1,
                    1,
                    1,
                    0,
                    0
                ],
                [
                    0,
                    0,
                    1,
                    0,
                    1,
                    1
                ],
                [
                    0,
                    0,
                    0,
                    1,
                    1,
                    1
                ],
                [
                    0,
                    0,
                    0,
                    0,
                    1,
                    1
                ],
                [
                    0,
                    0,
                    0,
                    0,
                    0,
                    0
                ],
                [
                    0,
                    0,
                    0,
                    0,
                    0,
                    0
                ]
            ],
            "nodes": [
                0,
                1,
                2,
                3,
                4,
                5
            ]
        },
        "shd": 3,
        "oracle_shd": 0,
        "intv_base_shd": null,
        "igsp_shd": null,
        "avg_js": 0.0,
        "avg_oracle_js": 0.8571428571428571
    }
}