{
    "expt_args": {
        "save_dir": "all_expt_logs/expt_logs_sim_compsel_backward_cameraready_new_mean",
        "exp_name": "217",
        "num_nodes": 6,
        "num_tgt_prior": 7,
        "obs_noise_mean": 0.0,
        "obs_noise_var": 1.0,
        "obs_noise_gamma_shape": null,
        "noise_type": "gaussian",
        "max_edge_strength": 1.0,
        "graph_sparsity_method": "adj_dense_prop",
        "adj_dense_prop": 0.8,
        "num_parents": null,
        "new_noise_mean": 1.0,
        "mix_samples": 262144,
        "stage2_samples": 262144,
        "gmm_tol": 0.001,
        "intv_type": "hard",
        "new_noise_var": 1.0,
        "dtype": "simulation",
        "cutoff_drop_ratio": 0.07,
        "intv_targets": [
            0,
            1,
            2,
            3,
            4,
            5
        ]
    },
    "intv_args_dict": {
        "0": {
            "intv_type": "hard",
            "inode": 0,
            "new_mui": 1.0,
            "new_vari": 1.0,
            "noise_type": "gaussian",
            "obs_noise_gamma_shape": null,
            "true_params": {
                "Si": [
                    [
                        1.0,
                        -0.8471658371597015,
                        -0.2531467374174853,
                        -0.9654599913523104,
                        -0.046359775818219894,
                        -0.13947705483113615
                    ],
                    [
                        -0.8471658371597015,
                        1.7176899556504979,
                        -0.4267651260760057,
                        0.38481401228393014,
                        0.8263034611212337,
                        -0.9919158500274404
                    ],
                    [
                        -0.2531467374174853,
                        -0.4267651260760057,
                        1.4752494289815377,
                        1.197524707485342,
                        -0.9253981110567406,
                        1.8131785920622294
                    ],
                    [
                        -0.9654599913523104,
                        0.38481401228393014,
                        1.197524707485342,
                        2.5758648978859497,
                        0.029647563805790145,
                        0.8184964400526396
                    ],
                    [
                        -0.046359775818219894,
                        0.8263034611212337,
                        -0.9253981110567406,
                        0.029647563805790145,
                        2.190326596068701,
                        -2.484362864282633
                    ],
                    [
                        -0.13947705483113615,
                        -0.9919158500274404,
                        1.8131785920622294,
                        0.8184964400526396,
                        -2.484362864282633,
                        4.355568912577094
                    ]
                ],
                "mui": [
                    1.0,
                    -0.8471658371597015,
                    -0.2531467374174853,
                    -0.9654599913523104,
                    -0.046359775818219894,
                    -0.13947705483113615
                ],
                "Ai": [
                    [
                        0.0,
                        0.0,
                        0.0,
                        0.0,
                        0.0,
                        0.0
                    ],
                    [
                        -0.8471658371597015,
                        0.0,
                        0.0,
                        0.0,
                        0.0,
                        0.0
                    ],
                    [
                        -0.7963684434704534,
                        -0.6412223938045367,
                        0.0,
                        0.0,
                        0.0,
                        0.0
                    ],
                    [
                        -0.7944810904534769,
                        0.0,
                        0.6754141990653351,
                        0.0,
                        0.0,
                        0.0
                    ],
                    [
                        0.766840541645353,
                        0.5097174844210816,
                        -0.8497729702780386,
                        0.6178426225565146,
                        0.0,
                        0.0
                    ],
                    [
                        0.0,
                        -0.0,
                        0.7042052488733708,
                        -0.0,
                        -0.8367211814294611,
                        0.0
                    ]
                ]
            },
            "oracle_est_tgt": [
                0
            ]
        },
        "1": {
            "intv_type": "hard",
            "inode": 1,
            "new_mui": 1.0,
            "new_vari": 1.0,
            "noise_type": "gaussian",
            "obs_noise_gamma_shape": null,
            "true_params": {
                "Si": [
                    [
                        1.0,
                        0.0,
                        -0.7963684434704534,
                        -1.332359644860981,
                        0.6203843421195636,
                        -1.07989555760763
                    ],
                    [
                        0.0,
                        1.0,
                        -0.6412223938045367,
                        -0.43309070953424805,
                        0.7870290428296554,
                        -1.1100760459480294
                    ],
                    [
                        -0.7963684434704534,
                        -0.6412223938045367,
                        2.045368856071973,
                        2.0141708370881766,
                        -1.4311884499397272,
                        2.637865175009773
                    ],
                    [
                        -1.332359644860981,
                        -0.43309070953424805,
                        2.0141708370881766,
                        3.418934126238026,
                        -0.8416860066984986,
                        2.122646185522578
                    ],
                    [
                        0.6203843421195636,
                        0.7870290428296554,
                        -1.4311884499397272,
                        -0.8416860066984986,
                        2.573054099201909,
                        -3.1607792843406384
                    ],
                    [
                        -1.07989555760763,
                        -1.1100760459480294,
                        2.637865175009773,
                        2.122646185522578,
                        -3.1607792843406384,
                        5.50228947909342
                    ]
                ],
                "mui": [
                    0.0,
                    1.0,
                    -0.6412223938045367,
                    -0.43309070953424805,
                    0.7870290428296554,
                    -1.1100760459480294
                ],
                "Ai": [
                    [
                        0.0,
                        0.0,
                        0.0,
                        0.0,
                        0.0,
                        0.0
                    ],
                    [
                        0.0,
                        0.0,
                        0.0,
                        0.0,
                        0.0,
                        0.0
                    ],
                    [
                        -0.7963684434704534,
                        -0.6412223938045367,
                        0.0,
                        0.0,
                        0.0,
                        0.0
                    ],
                    [
                        -0.7944810904534769,
                        0.0,
                        0.6754141990653351,
                        0.0,
                        0.0,
                        0.0
                    ],
                    [
                        0.766840541645353,
                        0.5097174844210816,
                        -0.8497729702780386,
                        0.6178426225565146,
                        0.0,
                        0.0
                    ],
                    [
                        0.0,
                        -0.0,
                        0.7042052488733708,
                        -0.0,
                        -0.8367211814294611,
                        0.0
                    ]
                ]
            },
            "oracle_est_tgt": [
                1
            ]
        },
        "2": {
            "intv_type": "hard",
            "inode": 2,
            "new_mui": 1.0,
            "new_vari": 1.0,
            "noise_type": "gaussian",
            "obs_noise_gamma_shape": null,
            "true_params": {
                "Si": [
                    [
                        1.0,
                        -0.8471658371597015,
                        0.0,
                        -0.7944810904534769,
                        -0.15583897825650533,
                        0.13039377399954324
                    ],
                    [
                        -0.8471658371597015,
                        1.7176899556504979,
                        0.0,
                        0.6730572381015724,
                        0.6417389428978664,
                        -0.5369565664707963
                    ],
                    [
                        0.0,
                        0.0,
                        1.0,
                        0.6754141990653351,
                        -0.43247329021560416,
                        1.0660648111992572
                    ],
                    [
                        -0.7944810904534769,
                        0.6730572381015724,
                        0.6754141990653351,
                        2.0873845433872136,
                        0.4495551430087761,
                        0.09947791376941917
                    ],
                    [
                        -0.15583897825650533,
                        0.6417389428978664,
                        -0.43247329021560416,
                        0.4495551430087761,
                        1.852860354066009,
                        -1.8548774654452855
                    ],
                    [
                        0.13039377399954324,
                        -0.5369565664707963,
                        1.0660648111992572,
                        0.09947791376941917,
                        -1.8548774654452855,
                        3.3027436999799793
                    ]
                ],
                "mui": [
                    0.0,
                    0.0,
                    1.0,
                    0.6754141990653351,
                    -0.43247329021560416,
                    1.0660648111992572
                ],
                "Ai": [
                    [
                        0.0,
                        0.0,
                        0.0,
                        0.0,
                        0.0,
                        0.0
                    ],
                    [
                        -0.8471658371597015,
                        0.0,
                        0.0,
                        0.0,
                        0.0,
                        0.0
                    ],
                    [
                        0.0,
                        0.0,
                        0.0,
                        0.0,
                        0.0,
                        0.0
                    ],
                    [
                        -0.7944810904534769,
                        0.0,
                        0.6754141990653351,
                        0.0,
                        0.0,
                        0.0
                    ],
                    [
                        0.766840541645353,
                        0.5097174844210816,
                        -0.8497729702780386,
                        0.6178426225565146,
                        0.0,
                        0.0
                    ],
                    [
                        0.0,
                        -0.0,
                        0.7042052488733708,
                        -0.0,
                        -0.8367211814294611,
                        0.0
                    ]
                ]
            },
            "oracle_est_tgt": [
                2
            ]
        },
        "3": {
            "intv_type": "hard",
            "inode": 3,
            "new_mui": 1.0,
            "new_vari": 1.0,
            "noise_type": "gaussian",
            "obs_noise_gamma_shape": null,
            "true_params": {
                "Si": [
                    [
                        1.0,
                        -0.8471658371597015,
                        -0.2531467374174853,
                        0.0,
                        0.5501425572122814,
                        -0.6385831916498471
                    ],
                    [
                        -0.8471658371597015,
                        1.7176899556504979,
                        -0.4267651260760057,
                        0.0,
                        0.5885489625752356,
                        -0.7929816251138637
                    ],
                    [
                        -0.2531467374174853,
                        -0.4267651260760057,
                        1.4752494289815377,
                        0.0,
                        -1.6652799169057073,
                        2.43225337077034
                    ],
                    [
                        0.0,
                        0.0,
                        0.0,
                        1.0,
                        0.6178426225565146,
                        -0.5169620090829634
                    ],
                    [
                        0.5501425572122814,
                        0.5885489625752356,
                        -1.6652799169057073,
                        0.6178426225565146,
                        3.5187046807981517,
                        -4.116873595947213
                    ],
                    [
                        -0.6385831916498471,
                        -0.7929816251138637,
                        2.43225337077034,
                        -0.5169620090829634,
                        -4.116873595947213,
                        6.157480929283128
                    ]
                ],
                "mui": [
                    0.0,
                    0.0,
                    0.0,
                    1.0,
                    0.6178426225565146,
                    -0.5169620090829634
                ],
                "Ai": [
                    [
                        0.0,
                        0.0,
                        0.0,
                        0.0,
                        0.0,
                        0.0
                    ],
                    [
                        -0.8471658371597015,
                        0.0,
                        0.0,
                        0.0,
                        0.0,
                        0.0
                    ],
                    [
                        -0.7963684434704534,
                        -0.6412223938045367,
                        0.0,
                        0.0,
                        0.0,
                        0.0
                    ],
                    [
                        0.0,
                        0.0,
                        0.0,
                        0.0,
                        0.0,
                        0.0
                    ],
                    [
                        0.766840541645353,
                        0.5097174844210816,
                        -0.8497729702780386,
                        0.6178426225565146,
                        0.0,
                        0.0
                    ],
                    [
                        0.0,
                        -0.0,
                        0.7042052488733708,
                        -0.0,
                        -0.8367211814294611,
                        0.0
                    ]
                ]
            },
            "oracle_est_tgt": [
                3
            ]
        },
        "4": {
            "intv_type": "hard",
            "inode": 4,
            "new_mui": 1.0,
            "new_vari": 1.0,
            "noise_type": "gaussian",
            "obs_noise_gamma_shape": null,
            "true_params": {
                "Si": [
                    [
                        1.0,
                        -0.8471658371597015,
                        -0.2531467374174853,
                        -0.9654599913523104,
                        0.0,
                        -0.17826726122456207
                    ],
                    [
                        -0.8471658371597015,
                        1.7176899556504979,
                        -0.4267651260760057,
                        0.38481401228393014,
                        0.0,
                        -0.30053024181882904
                    ],
                    [
                        -0.2531467374174853,
                        -0.4267651260760057,
                        1.4752494289815377,
                        1.197524707485342,
                        0.0,
                        1.0388783912862418
                    ],
                    [
                        -0.9654599913523104,
                        0.38481401228393014,
                        1.197524707485342,
                        2.5758648978859497,
                        0.0,
                        0.8433031846667257
                    ],
                    [
                        0.0,
                        0.0,
                        0.0,
                        0.0,
                        1.0,
                        -0.8367211814294611
                    ],
                    [
                        -0.17826726122456207,
                        -0.30053024181882904,
                        1.0388783912862418,
                        0.8433031846667257,
                        -0.8367211814294611,
                        2.431685951537608
                    ]
                ],
                "mui": [
                    0.0,
                    0.0,
                    0.0,
                    0.0,
                    1.0,
                    -0.8367211814294611
                ],
                "Ai": [
                    [
                        0.0,
                        0.0,
                        0.0,
                        0.0,
                        0.0,
                        0.0
                    ],
                    [
                        -0.8471658371597015,
                        0.0,
                        0.0,
                        0.0,
                        0.0,
                        0.0
                    ],
                    [
                        -0.7963684434704534,
                        -0.6412223938045367,
                        0.0,
                        0.0,
                        0.0,
                        0.0
                    ],
                    [
                        -0.7944810904534769,
                        0.0,
                        0.6754141990653351,
                        0.0,
                        0.0,
                        0.0
                    ],
                    [
                        0.0,
                        0.0,
                        0.0,
                        0.0,
                        0.0,
                        0.0
                    ],
                    [
                        0.0,
                        -0.0,
                        0.7042052488733708,
                        -0.0,
                        -0.8367211814294611,
                        0.0
                    ]
                ]
            },
            "oracle_est_tgt": [
                4
            ]
        },
        "5": {
            "intv_type": "hard",
            "inode": 5,
            "new_mui": 1.0,
            "new_vari": 1.0,
            "noise_type": "gaussian",
            "obs_noise_gamma_shape": null,
            "true_params": {
                "Si": [
                    [
                        1.0,
                        -0.8471658371597015,
                        -0.2531467374174853,
                        -0.9654599913523104,
                        -0.046359775818219894,
                        0.0
                    ],
                    [
                        -0.8471658371597015,
                        1.7176899556504979,
                        -0.4267651260760057,
                        0.38481401228393014,
                        0.8263034611212337,
                        0.0
                    ],
                    [
                        -0.2531467374174853,
                        -0.4267651260760057,
                        1.4752494289815377,
                        1.197524707485342,
                        -0.9253981110567406,
                        0.0
                    ],
                    [
                        -0.9654599913523104,
                        0.38481401228393014,
                        1.197524707485342,
                        2.5758648978859497,
                        0.029647563805790145,
                        0.0
                    ],
                    [
                        -0.046359775818219894,
                        0.8263034611212337,
                        -0.9253981110567406,
                        0.029647563805790145,
                        2.190326596068701,
                        0.0
                    ],
                    [
                        0.0,
                        0.0,
                        0.0,
                        0.0,
                        0.0,
                        1.0
                    ]
                ],
                "mui": [
                    0.0,
                    0.0,
                    0.0,
                    0.0,
                    0.0,
                    1.0
                ],
                "Ai": [
                    [
                        0.0,
                        0.0,
                        0.0,
                        0.0,
                        0.0,
                        0.0
                    ],
                    [
                        -0.8471658371597015,
                        0.0,
                        0.0,
                        0.0,
                        0.0,
                        0.0
                    ],
                    [
                        -0.7963684434704534,
                        -0.6412223938045367,
                        0.0,
                        0.0,
                        0.0,
                        0.0
                    ],
                    [
                        -0.7944810904534769,
                        0.0,
                        0.6754141990653351,
                        0.0,
                        0.0,
                        0.0
                    ],
                    [
                        0.766840541645353,
                        0.5097174844210816,
                        -0.8497729702780386,
                        0.6178426225565146,
                        0.0,
                        0.0
                    ],
                    [
                        0.0,
                        0.0,
                        0.0,
                        0.0,
                        0.0,
                        0.0
                    ]
                ]
            },
            "oracle_est_tgt": [
                5
            ]
        },
        "obs": {
            "intv_type": "obs",
            "noise_type": "gaussian",
            "obs_noise_gamma_shape": null,
            "true_params": {
                "Si": [
                    [
                        1.0,
                        -0.8471658371597015,
                        -0.2531467374174853,
                        -0.9654599913523104,
                        -0.046359775818219894,
                        -0.13947705483113615
                    ],
                    [
                        -0.8471658371597015,
                        1.7176899556504979,
                        -0.4267651260760057,
                        0.38481401228393014,
                        0.8263034611212337,
                        -0.9919158500274404
                    ],
                    [
                        -0.2531467374174853,
                        -0.4267651260760057,
                        1.4752494289815377,
                        1.197524707485342,
                        -0.9253981110567406,
                        1.8131785920622294
                    ],
                    [
                        -0.9654599913523104,
                        0.38481401228393014,
                        1.197524707485342,
                        2.5758648978859497,
                        0.029647563805790145,
                        0.8184964400526396
                    ],
                    [
                        -0.046359775818219894,
                        0.8263034611212337,
                        -0.9253981110567406,
                        0.029647563805790145,
                        2.190326596068701,
                        -2.484362864282633
                    ],
                    [
                        -0.13947705483113615,
                        -0.9919158500274404,
                        1.8131785920622294,
                        0.8184964400526396,
                        -2.484362864282633,
                        4.355568912577094
                    ]
                ],
                "mui": [
                    0.0,
                    0.0,
                    0.0,
                    0.0,
                    0.0,
                    0.0
                ],
                "Ai": [
                    [
                        0.0,
                        0.0,
                        0.0,
                        0.0,
                        0.0,
                        0.0
                    ],
                    [
                        -0.8471658371597015,
                        0.0,
                        0.0,
                        0.0,
                        0.0,
                        0.0
                    ],
                    [
                        -0.7963684434704534,
                        -0.6412223938045367,
                        0.0,
                        0.0,
                        0.0,
                        0.0
                    ],
                    [
                        -0.7944810904534769,
                        0.0,
                        0.6754141990653351,
                        0.0,
                        0.0,
                        0.0
                    ],
                    [
                        0.766840541645353,
                        0.5097174844210816,
                        -0.8497729702780386,
                        0.6178426225565146,
                        0.0,
                        0.0
                    ],
                    [
                        0.0,
                        -0.0,
                        0.7042052488733708,
                        -0.0,
                        -0.8367211814294611,
                        0.0
                    ]
                ]
            },
            "est_params": {
                "mui": [
                    0.14561441835319522,
                    0.022380547030020532,
                    0.010764877253170387,
                    0.034355140739558615,
                    0.2785631284300531,
                    -0.08425597748812465
                ],
                "Si": [
                    [
                        1.1203197385393657,
                        -0.8490068870520744,
                        -0.33346615728687035,
                        -0.9955040249851107,
                        0.08376518766332179,
                        -0.3036368238873949
                    ],
                    [
                        -0.8490068870520744,
                        1.8644969460363852,
                        -0.4581397468790432,
                        0.30480287457569877,
                        0.758106024434827,
                        -0.8181569736511882
                    ],
                    [
                        -0.33346615728687035,
                        -0.4581397468790432,
                        1.6989061618370964,
                        1.2408504026621239,
                        -1.0374431773721933,
                        1.8043144567869829
                    ],
                    [
                        -0.9955040249851107,
                        0.30480287457569877,
                        1.2408504026621239,
                        2.7698985277699695,
                        0.03484902820224917,
                        0.7195949663302634
                    ],
                    [
                        0.08376518766332179,
                        0.758106024434827,
                        -1.0374431773721933,
                        0.03484902820224917,
                        2.463192396482032,
                        -2.4761355932554165
                    ],
                    [
                        -0.3036368238873949,
                        -0.8181569736511882,
                        1.8043144567869829,
                        0.7195949663302634,
                        -2.4761355932554165,
                        4.496335697895523
                    ]
                ]
            },
            "est_tgt": [
                0,
                1,
                2,
                3,
                4,
                5
            ],
            "oracle_est_tgt": [
                0,
                1,
                2,
                3,
                4,
                5
            ]
        }
    },
    "metric_dict": {
        "param_est_rel_err": 3.7471765935303525,
        "est_num_comp": 1,
        "weight_precision_error": 0.0,
        "gm_score_dict": {
            "1": -9.235277018312674,
            "2": -9.165421083412166,
            "3": -9.125086440709277,
            "4": -9.101145528323613,
            "5": -9.104215437603917,
            "6": -9.082121270800288,
            "7": -9.094872352631837
        },
        "est_dag": {
            "amat": [
                [
                    0,
                    0,
                    0,
                    0,
                    0,
                    0
                ],
                [
                    1,
                    0,
                    0,
                    0,
                    0,
                    0
                ],
                [
                    1,
                    1,
                    0,
                    0,
                    0,
                    1
                ],
                [
                    1,
                    1,
                    1,
                    0,
                    0,
                    0
                ],
                [
                    1,
                    1,
                    1,
                    0,
                    0,
                    1
                ],
                [
                    0,
                    0,
                    0,
                    0,
                    0,
                    0
                ]
            ],
            "nodes": [
                0,
                1,
                2,
                3,
                4,
                5
            ]
        },
        "oracle_est_dag": {
            "amat": [
                [
                    0,
                    1,
                    1,
                    1,
                    1,
                    0
                ],
                [
                    0,
                    0,
                    1,
                    0,
                    1,
                    0
                ],
                [
                    0,
                    0,
                    0,
                    1,
                    1,
                    1
                ],
                [
                    0,
                    0,
                    0,
                    0,
                    1,
                    0
                ],
                [
                    0,
                    0,
                    0,
                    0,
                    0,
                    1
                ],
                [
                    0,
                    0,
                    0,
                    0,
                    0,
                    0
                ]
            ],
            "nodes": [
                0,
                1,
                2,
                3,
                4,
                5
            ]
        },
        "igsp_dag": null,
        "intv_base_est_dag": null,
        "act_dag": {
            "amat": [
                [
                    0,
                    1,
                    1,
                    1,
                    1,
                    0
                ],
                [
                    0,
                    0,
                    1,
                    0,
                    1,
                    0
                ],
                [
                    0,
                    0,
                    0,
                    1,
                    1,
                    1
                ],
                [
                    0,
                    0,
                    0,
                    0,
                    1,
                    0
                ],
                [
                    0,
                    0,
                    0,
                    0,
                    0,
                    1
                ],
                [
                    0,
                    0,
                    0,
                    0,
                    0,
                    0
                ]
            ],
            "nodes": [
                0,
                1,
                2,
                3,
                4,
                5
            ]
        },
        "shd": 10,
        "oracle_shd": 0,
        "intv_base_shd": null,
        "igsp_shd": null,
        "avg_js": 0.0,
        "avg_oracle_js": 0.8571428571428571
    }
}