{
    "expt_args": {
        "save_dir": "all_expt_logs/expt_logs_sim_compsel_backward_cameraready_new_mean",
        "exp_name": "281",
        "num_nodes": 6,
        "num_tgt_prior": 7,
        "obs_noise_mean": 0.0,
        "obs_noise_var": 1.0,
        "obs_noise_gamma_shape": null,
        "noise_type": "gaussian",
        "max_edge_strength": 1.0,
        "graph_sparsity_method": "adj_dense_prop",
        "adj_dense_prop": 0.8,
        "num_parents": null,
        "new_noise_mean": 0.2,
        "mix_samples": 65536,
        "stage2_samples": 65536,
        "gmm_tol": 0.001,
        "intv_type": "hard",
        "new_noise_var": 1.0,
        "dtype": "simulation",
        "cutoff_drop_ratio": 0.07,
        "intv_targets": [
            0,
            1,
            2,
            3,
            4,
            5
        ]
    },
    "intv_args_dict": {
        "0": {
            "intv_type": "hard",
            "inode": 0,
            "new_mui": 0.2,
            "new_vari": 1.0,
            "noise_type": "gaussian",
            "obs_noise_gamma_shape": null,
            "true_params": {
                "Si": [
                    [
                        1.0,
                        0.0,
                        0.6999765837379583,
                        1.508746051184073,
                        -0.6760709514817408,
                        1.930356496948649
                    ],
                    [
                        0.0,
                        1.0,
                        -0.8002179120024027,
                        -0.02457236757985215,
                        0.11535624749682954,
                        -0.9336775437860851
                    ],
                    [
                        0.6999765837379583,
                        -0.8002179120024027,
                        2.130315924470948,
                        1.8403996321445169,
                        -0.4775405588152508,
                        3.40620469509942
                    ],
                    [
                        1.508746051184073,
                        -0.02457236757985215,
                        1.8403996321445169,
                        3.861607270629705,
                        -1.713306634282346,
                        4.0228377276561105
                    ],
                    [
                        -0.6760709514817408,
                        0.11535624749682954,
                        -0.4775405588152508,
                        -1.713306634282346,
                        2.05230023587273,
                        -0.44809520839504335
                    ],
                    [
                        1.930356496948649,
                        -0.9336775437860851,
                        3.40620469509942,
                        4.0228377276561105,
                        -0.44809520839504335,
                        8.154883550310483
                    ]
                ],
                "mui": [
                    0.20000000298023224,
                    0.0,
                    0.13999531883368446,
                    0.3017492147332282,
                    -0.1352141923111966,
                    0.3860713051426405
                ],
                "Ai": [
                    [
                        0.0,
                        0.0,
                        0.0,
                        0.0,
                        0.0,
                        0.0
                    ],
                    [
                        -0.0,
                        0.0,
                        0.0,
                        0.0,
                        0.0,
                        0.0
                    ],
                    [
                        0.6999765837379583,
                        -0.8002179120024027,
                        0.0,
                        0.0,
                        0.0,
                        0.0
                    ],
                    [
                        0.9735093226349976,
                        0.5873138401834601,
                        0.7646494768308498,
                        0.0,
                        0.0,
                        0.0
                    ],
                    [
                        -0.0,
                        0.630811952236551,
                        0.6674123032011025,
                        -0.7577444424950814,
                        0.0,
                        0.0
                    ],
                    [
                        0.9297779312488479,
                        -0.5161656736269232,
                        0.6297746342464121,
                        0.781384118118231,
                        0.9158197562203312,
                        0.0
                    ]
                ]
            },
            "oracle_est_tgt": [
                0
            ]
        },
        "1": {
            "intv_type": "hard",
            "inode": 1,
            "new_mui": 0.2,
            "new_vari": 1.0,
            "noise_type": "gaussian",
            "obs_noise_gamma_shape": null,
            "true_params": {
                "Si": [
                    [
                        1.0,
                        0.0,
                        0.6999765837379583,
                        1.508746051184073,
                        -0.6760709514817408,
                        1.930356496948649
                    ],
                    [
                        0.0,
                        1.0,
                        -0.8002179120024027,
                        -0.02457236757985215,
                        0.11535624749682954,
                        -0.9336775437860851
                    ],
                    [
                        0.6999765837379583,
                        -0.8002179120024027,
                        2.130315924470948,
                        1.8403996321445169,
                        -0.4775405588152508,
                        3.40620469509942
                    ],
                    [
                        1.508746051184073,
                        -0.02457236757985215,
                        1.8403996321445169,
                        3.861607270629705,
                        -1.713306634282346,
                        4.0228377276561105
                    ],
                    [
                        -0.6760709514817408,
                        0.11535624749682954,
                        -0.4775405588152508,
                        -1.713306634282346,
                        2.05230023587273,
                        -0.44809520839504335
                    ],
                    [
                        1.930356496948649,
                        -0.9336775437860851,
                        3.40620469509942,
                        4.0228377276561105,
                        -0.44809520839504335,
                        8.154883550310483
                    ]
                ],
                "mui": [
                    0.0,
                    0.20000000298023224,
                    -0.16004358478531575,
                    -0.004914473589201792,
                    0.023071249843154316,
                    -0.18673551153979295
                ],
                "Ai": [
                    [
                        0.0,
                        0.0,
                        0.0,
                        0.0,
                        0.0,
                        0.0
                    ],
                    [
                        0.0,
                        0.0,
                        0.0,
                        0.0,
                        0.0,
                        0.0
                    ],
                    [
                        0.6999765837379583,
                        -0.8002179120024027,
                        0.0,
                        0.0,
                        0.0,
                        0.0
                    ],
                    [
                        0.9735093226349976,
                        0.5873138401834601,
                        0.7646494768308498,
                        0.0,
                        0.0,
                        0.0
                    ],
                    [
                        -0.0,
                        0.630811952236551,
                        0.6674123032011025,
                        -0.7577444424950814,
                        0.0,
                        0.0
                    ],
                    [
                        0.9297779312488479,
                        -0.5161656736269232,
                        0.6297746342464121,
                        0.781384118118231,
                        0.9158197562203312,
                        0.0
                    ]
                ]
            },
            "oracle_est_tgt": [
                1
            ]
        },
        "2": {
            "intv_type": "hard",
            "inode": 2,
            "new_mui": 0.2,
            "new_vari": 1.0,
            "noise_type": "gaussian",
            "obs_noise_gamma_shape": null,
            "true_params": {
                "Si": [
                    [
                        1.0,
                        0.0,
                        0.0,
                        0.9735093226349976,
                        -0.7376712789438206,
                        1.0148887239428022
                    ],
                    [
                        0.0,
                        1.0,
                        0.0,
                        0.5873138401834601,
                        0.18577815383708962,
                        0.11289133700160806
                    ],
                    [
                        0.0,
                        0.0,
                        1.0,
                        0.7646494768308498,
                        0.08800341167575446,
                        1.3078548543968993
                    ],
                    [
                        0.9735093226349976,
                        0.5873138401834601,
                        0.7646494768308498,
                        2.877346770545987,
                        -1.2994724659375223,
                        2.141783596553665
                    ],
                    [
                        -0.7376712789438206,
                        0.18577815383708962,
                        0.08800341167575446,
                        -1.2994724659375223,
                        2.1605936788204834,
                        0.23698676421501963
                    ],
                    [
                        1.0148887239428022,
                        0.11289133700160806,
                        1.3078548543968993,
                        2.141783596553665,
                        0.23698676421501963,
                        4.599597165184467
                    ]
                ],
                "mui": [
                    0.0,
                    0.0,
                    0.20000000298023224,
                    0.15292989764500298,
                    0.017600682597421497,
                    0.26157097477709107
                ],
                "Ai": [
                    [
                        0.0,
                        0.0,
                        0.0,
                        0.0,
                        0.0,
                        0.0
                    ],
                    [
                        -0.0,
                        0.0,
                        0.0,
                        0.0,
                        0.0,
                        0.0
                    ],
                    [
                        0.0,
                        0.0,
                        0.0,
                        0.0,
                        0.0,
                        0.0
                    ],
                    [
                        0.9735093226349976,
                        0.5873138401834601,
                        0.7646494768308498,
                        0.0,
                        0.0,
                        0.0
                    ],
                    [
                        -0.0,
                        0.630811952236551,
                        0.6674123032011025,
                        -0.7577444424950814,
                        0.0,
                        0.0
                    ],
                    [
                        0.9297779312488479,
                        -0.5161656736269232,
                        0.6297746342464121,
                        0.781384118118231,
                        0.9158197562203312,
                        0.0
                    ]
                ]
            },
            "oracle_est_tgt": [
                2,
                3
            ]
        },
        "3": {
            "intv_type": "hard",
            "inode": 3,
            "new_mui": 0.2,
            "new_vari": 1.0,
            "noise_type": "gaussian",
            "obs_noise_gamma_shape": null,
            "true_params": {
                "Si": [
                    [
                        1.0,
                        0.0,
                        0.6999765837379583,
                        0.0,
                        0.46717298393939016,
                        1.7984516765175707
                    ],
                    [
                        0.0,
                        1.0,
                        -0.8002179120024027,
                        0.0,
                        0.09673667252425026,
                        -0.9315292606269392
                    ],
                    [
                        0.6999765837379583,
                        -0.8002179120024027,
                        2.130315924470948,
                        0.0,
                        0.9170120344122491,
                        3.2453044675170997
                    ],
                    [
                        0.0,
                        0.0,
                        0.0,
                        1.0,
                        -0.7577444424950814,
                        0.08742678751507482
                    ],
                    [
                        0.46717298393939016,
                        0.09673667252425026,
                        0.9170120344122491,
                        -0.7577444424950814,
                        2.2472244033302795,
                        2.4279089316484495
                    ],
                    [
                        1.7984516765175707,
                        -0.9315292606269392,
                        3.2453044675170997,
                        0.08742678751507482,
                        2.4279089316484495,
                        7.488635410776875
                    ]
                ],
                "mui": [
                    0.0,
                    0.0,
                    0.0,
                    0.20000000298023224,
                    -0.1515488907572707,
                    0.017485357763567095
                ],
                "Ai": [
                    [
                        0.0,
                        0.0,
                        0.0,
                        0.0,
                        0.0,
                        0.0
                    ],
                    [
                        -0.0,
                        0.0,
                        0.0,
                        0.0,
                        0.0,
                        0.0
                    ],
                    [
                        0.6999765837379583,
                        -0.8002179120024027,
                        0.0,
                        0.0,
                        0.0,
                        0.0
                    ],
                    [
                        0.0,
                        0.0,
                        0.0,
                        0.0,
                        0.0,
                        0.0
                    ],
                    [
                        -0.0,
                        0.630811952236551,
                        0.6674123032011025,
                        -0.7577444424950814,
                        0.0,
                        0.0
                    ],
                    [
                        0.9297779312488479,
                        -0.5161656736269232,
                        0.6297746342464121,
                        0.781384118118231,
                        0.9158197562203312,
                        0.0
                    ]
                ]
            },
            "oracle_est_tgt": [
                2,
                3
            ]
        },
        "4": {
            "intv_type": "hard",
            "inode": 4,
            "new_mui": 0.2,
            "new_vari": 1.0,
            "noise_type": "gaussian",
            "obs_noise_gamma_shape": null,
            "true_params": {
                "Si": [
                    [
                        1.0,
                        0.0,
                        0.6999765837379583,
                        1.508746051184073,
                        0.0,
                        2.549515630922304
                    ],
                    [
                        0.0,
                        1.0,
                        -0.8002179120024027,
                        -0.02457236757985215,
                        0.0,
                        -1.0393230742471238
                    ],
                    [
                        0.6999765837379583,
                        -0.8002179120024027,
                        2.130315924470948,
                        1.8403996321445169,
                        0.0,
                        3.843545773258924
                    ],
                    [
                        1.508746051184073,
                        -0.02457236757985215,
                        1.8403996321445169,
                        3.861607270629705,
                        0.0,
                        5.591917791795244
                    ],
                    [
                        0.0,
                        0.0,
                        0.0,
                        0.0,
                        1.0,
                        0.9158197562203312
                    ],
                    [
                        2.549515630922304,
                        -1.0393230742471238,
                        3.843545773258924,
                        5.591917791795244,
                        0.9158197562203312,
                        11.535675475518834
                    ]
                ],
                "mui": [
                    0.0,
                    0.0,
                    0.0,
                    0.0,
                    0.20000000298023224,
                    0.1831639539734218
                ],
                "Ai": [
                    [
                        0.0,
                        0.0,
                        0.0,
                        0.0,
                        0.0,
                        0.0
                    ],
                    [
                        -0.0,
                        0.0,
                        0.0,
                        0.0,
                        0.0,
                        0.0
                    ],
                    [
                        0.6999765837379583,
                        -0.8002179120024027,
                        0.0,
                        0.0,
                        0.0,
                        0.0
                    ],
                    [
                        0.9735093226349976,
                        0.5873138401834601,
                        0.7646494768308498,
                        0.0,
                        0.0,
                        0.0
                    ],
                    [
                        0.0,
                        0.0,
                        0.0,
                        0.0,
                        0.0,
                        0.0
                    ],
                    [
                        0.9297779312488479,
                        -0.5161656736269232,
                        0.6297746342464121,
                        0.781384118118231,
                        0.9158197562203312,
                        0.0
                    ]
                ]
            },
            "oracle_est_tgt": [
                4
            ]
        },
        "5": {
            "intv_type": "hard",
            "inode": 5,
            "new_mui": 0.2,
            "new_vari": 1.0,
            "noise_type": "gaussian",
            "obs_noise_gamma_shape": null,
            "true_params": {
                "Si": [
                    [
                        1.0,
                        0.0,
                        0.6999765837379583,
                        1.508746051184073,
                        -0.6760709514817408,
                        0.0
                    ],
                    [
                        0.0,
                        1.0,
                        -0.8002179120024027,
                        -0.02457236757985215,
                        0.11535624749682954,
                        0.0
                    ],
                    [
                        0.6999765837379583,
                        -0.8002179120024027,
                        2.130315924470948,
                        1.8403996321445169,
                        -0.4775405588152508,
                        0.0
                    ],
                    [
                        1.508746051184073,
                        -0.02457236757985215,
                        1.8403996321445169,
                        3.861607270629705,
                        -1.713306634282346,
                        0.0
                    ],
                    [
                        -0.6760709514817408,
                        0.11535624749682954,
                        -0.4775405588152508,
                        -1.713306634282346,
                        2.05230023587273,
                        0.0
                    ],
                    [
                        0.0,
                        0.0,
                        0.0,
                        0.0,
                        0.0,
                        1.0
                    ]
                ],
                "mui": [
                    0.0,
                    0.0,
                    0.0,
                    0.0,
                    0.0,
                    0.20000000298023224
                ],
                "Ai": [
                    [
                        0.0,
                        0.0,
                        0.0,
                        0.0,
                        0.0,
                        0.0
                    ],
                    [
                        -0.0,
                        0.0,
                        0.0,
                        0.0,
                        0.0,
                        0.0
                    ],
                    [
                        0.6999765837379583,
                        -0.8002179120024027,
                        0.0,
                        0.0,
                        0.0,
                        0.0
                    ],
                    [
                        0.9735093226349976,
                        0.5873138401834601,
                        0.7646494768308498,
                        0.0,
                        0.0,
                        0.0
                    ],
                    [
                        -0.0,
                        0.630811952236551,
                        0.6674123032011025,
                        -0.7577444424950814,
                        0.0,
                        0.0
                    ],
                    [
                        0.0,
                        0.0,
                        0.0,
                        0.0,
                        0.0,
                        0.0
                    ]
                ]
            },
            "oracle_est_tgt": [
                5
            ]
        },
        "obs": {
            "intv_type": "obs",
            "noise_type": "gaussian",
            "obs_noise_gamma_shape": null,
            "true_params": {
                "Si": [
                    [
                        1.0,
                        0.0,
                        0.6999765837379583,
                        1.508746051184073,
                        -0.6760709514817408,
                        1.930356496948649
                    ],
                    [
                        0.0,
                        1.0,
                        -0.8002179120024027,
                        -0.02457236757985215,
                        0.11535624749682954,
                        -0.9336775437860851
                    ],
                    [
                        0.6999765837379583,
                        -0.8002179120024027,
                        2.130315924470948,
                        1.8403996321445169,
                        -0.4775405588152508,
                        3.40620469509942
                    ],
                    [
                        1.508746051184073,
                        -0.02457236757985215,
                        1.8403996321445169,
                        3.861607270629705,
                        -1.713306634282346,
                        4.0228377276561105
                    ],
                    [
                        -0.6760709514817408,
                        0.11535624749682954,
                        -0.4775405588152508,
                        -1.713306634282346,
                        2.05230023587273,
                        -0.44809520839504335
                    ],
                    [
                        1.930356496948649,
                        -0.9336775437860851,
                        3.40620469509942,
                        4.0228377276561105,
                        -0.44809520839504335,
                        8.154883550310483
                    ]
                ],
                "mui": [
                    0.0,
                    0.0,
                    0.0,
                    0.0,
                    0.0,
                    0.0
                ],
                "Ai": [
                    [
                        0.0,
                        0.0,
                        0.0,
                        0.0,
                        0.0,
                        0.0
                    ],
                    [
                        -0.0,
                        0.0,
                        0.0,
                        0.0,
                        0.0,
                        0.0
                    ],
                    [
                        0.6999765837379583,
                        -0.8002179120024027,
                        0.0,
                        0.0,
                        0.0,
                        0.0
                    ],
                    [
                        0.9735093226349976,
                        0.5873138401834601,
                        0.7646494768308498,
                        0.0,
                        0.0,
                        0.0
                    ],
                    [
                        -0.0,
                        0.630811952236551,
                        0.6674123032011025,
                        -0.7577444424950814,
                        0.0,
                        0.0
                    ],
                    [
                        0.9297779312488479,
                        -0.5161656736269232,
                        0.6297746342464121,
                        0.781384118118231,
                        0.9158197562203312,
                        0.0
                    ]
                ]
            },
            "est_params": {
                "mui": [
                    0.03213782396870755,
                    0.028766690375710797,
                    0.025486880177614604,
                    0.09131113167573525,
                    -0.006460909074258731,
                    0.1233563386661028
                ],
                "Si": [
                    [
                        1.0044238967949946,
                        -0.0008363845759946645,
                        0.6052370122527512,
                        1.2241317548620028,
                        -0.42103921651849235,
                        1.6089954045997248
                    ],
                    [
                        -0.0008363845759946645,
                        1.0222618320842802,
                        -0.699512716143029,
                        0.0710414939134418,
                        0.10725208076944247,
                        -0.6803008293737048
                    ],
                    [
                        0.6052370122527512,
                        -0.699512716143029,
                        1.9800535982569332,
                        1.4340939507793835,
                        -0.1269053701966784,
                        2.6868405118335996
                    ],
                    [
                        1.2241317548620028,
                        0.0710414939134418,
                        1.4340939507793835,
                        3.3527538061247903,
                        -1.2725999567498945,
                        2.8767234865654085
                    ],
                    [
                        -0.42103921651849235,
                        0.10725208076944247,
                        -0.1269053701966784,
                        -1.2725999567498945,
                        1.9532666303262447,
                        0.3292581830361542
                    ],
                    [
                        1.6089954045997248,
                        -0.6803008293737048,
                        2.6868405118335996,
                        2.8767234865654085,
                        0.3292581830361542,
                        7.069611211782561
                    ]
                ]
            },
            "est_tgt": [
                0,
                1,
                2,
                3,
                4,
                5
            ],
            "oracle_est_tgt": [
                0,
                1,
                2,
                3,
                4,
                5
            ]
        }
    },
    "metric_dict": {
        "param_est_rel_err": 12.687352000594258,
        "est_num_comp": 1,
        "weight_precision_error": 0.0,
        "gm_score_dict": {
            "1": -9.122930841919743,
            "2": -8.9875945629934,
            "3": -8.975712459018661,
            "4": -8.951466450981233,
            "5": -8.950060506028969,
            "6": -8.94658631511909,
            "7": -8.930207443669124
        },
        "est_dag": {
            "amat": [
                [
                    0,
                    0,
                    0,
                    0,
                    1,
                    1
                ],
                [
                    0,
                    0,
                    1,
                    0,
                    1,
                    0
                ],
                [
                    0,
                    0,
                    0,
                    0,
                    1,
                    1
                ],
                [
                    1,
                    0,
                    1,
                    0,
                    1,
                    1
                ],
                [
                    0,
                    0,
                    0,
                    0,
                    0,
                    0
                ],
                [
                    0,
                    0,
                    0,
                    0,
                    1,
                    0
                ]
            ],
            "nodes": [
                0,
                1,
                2,
                3,
                4,
                5
            ]
        },
        "oracle_est_dag": {
            "amat": [
                [
                    0,
                    0,
                    0,
                    1,
                    0,
                    1
                ],
                [
                    0,
                    0,
                    1,
                    0,
                    1,
                    1
                ],
                [
                    0,
                    0,
                    0,
                    0,
                    1,
                    1
                ],
                [
                    0,
                    0,
                    1,
                    0,
                    1,
                    1
                ],
                [
                    0,
                    0,
                    0,
                    0,
                    0,
                    1
                ],
                [
                    0,
                    0,
                    0,
                    0,
                    0,
                    0
                ]
            ],
            "nodes": [
                0,
                1,
                2,
                3,
                4,
                5
            ]
        },
        "igsp_dag": null,
        "intv_base_est_dag": null,
        "act_dag": {
            "amat": [
                [
                    0,
                    0,
                    1,
                    1,
                    0,
                    1
                ],
                [
                    0,
                    0,
                    1,
                    1,
                    1,
                    1
                ],
                [
                    0,
                    0,
                    0,
                    1,
                    1,
                    1
                ],
                [
                    0,
                    0,
                    0,
                    0,
                    1,
                    1
                ],
                [
                    0,
                    0,
                    0,
                    0,
                    0,
                    1
                ],
                [
                    0,
                    0,
                    0,
                    0,
                    0,
                    0
                ]
            ],
            "nodes": [
                0,
                1,
                2,
                3,
                4,
                5
            ]
        },
        "shd": 7,
        "oracle_shd": 3,
        "intv_base_shd": null,
        "igsp_shd": null,
        "avg_js": 0.0,
        "avg_oracle_js": 0.7142857142857143
    }
}