{
    "expt_args": {
        "save_dir": "all_expt_logs/expt_logs_sim_compsel_backward_cameraready_new_mean",
        "exp_name": "186",
        "num_nodes": 6,
        "num_tgt_prior": 7,
        "obs_noise_mean": 0.0,
        "obs_noise_var": 1.0,
        "obs_noise_gamma_shape": null,
        "noise_type": "gaussian",
        "max_edge_strength": 1.0,
        "graph_sparsity_method": "adj_dense_prop",
        "adj_dense_prop": 0.8,
        "num_parents": null,
        "new_noise_mean": 0.1,
        "mix_samples": 1048576,
        "stage2_samples": 1048576,
        "gmm_tol": 0.001,
        "intv_type": "hard",
        "new_noise_var": 1.0,
        "dtype": "simulation",
        "cutoff_drop_ratio": 0.07,
        "intv_targets": [
            0,
            1,
            2,
            3,
            4,
            5
        ]
    },
    "intv_args_dict": {
        "0": {
            "intv_type": "hard",
            "inode": 0,
            "new_mui": 0.1,
            "new_vari": 1.0,
            "noise_type": "gaussian",
            "obs_noise_gamma_shape": null,
            "true_params": {
                "Si": [
                    [
                        1.0,
                        -0.5104078987627769,
                        0.95224735347553,
                        -0.8804270273272298,
                        -0.9945724067816869,
                        0.9121027114700933
                    ],
                    [
                        -0.5104078987627769,
                        1.2605162231194331,
                        -1.2070428638778832,
                        1.581600774127653,
                        2.468452180073705,
                        -1.9074994587948266
                    ],
                    [
                        0.95224735347553,
                        -1.2070428638778832,
                        2.426627980902855,
                        -2.17254773837761,
                        -3.5674999040432382,
                        2.2096565662696697
                    ],
                    [
                        -0.8804270273272298,
                        1.581600774127653,
                        -2.17254773837761,
                        3.3252208414939943,
                        4.400488106382536,
                        -3.173898407638204
                    ],
                    [
                        -0.9945724067816869,
                        2.468452180073705,
                        -3.5674999040432382,
                        4.400488106382536,
                        7.752290202236484,
                        -4.494119710646752
                    ],
                    [
                        0.9121027114700933,
                        -1.9074994587948266,
                        2.2096565662696697,
                        -3.173898407638204,
                        -4.494119710646752,
                        4.340931268528809
                    ]
                ],
                "mui": [
                    0.10000000149011612,
                    -0.05104079063684473,
                    0.09522473676651214,
                    -0.08804270404466148,
                    -0.09945724216019707,
                    0.09121027250614828
                ],
                "Ai": [
                    [
                        0.0,
                        0.0,
                        0.0,
                        0.0,
                        0.0,
                        0.0
                    ],
                    [
                        -0.5104078987627769,
                        0.0,
                        0.0,
                        0.0,
                        0.0,
                        0.0
                    ],
                    [
                        0.5842390256099359,
                        -0.7210082930880226,
                        0.0,
                        0.0,
                        0.0,
                        0.0
                    ],
                    [
                        -0.0,
                        0.7588708927043923,
                        -0.5178206353108223,
                        0.0,
                        0.0,
                        0.0
                    ],
                    [
                        0.7112191786457485,
                        0.5748281245271671,
                        -0.8545774094965359,
                        0.6799265301089323,
                        0.0,
                        0.0
                    ],
                    [
                        0.0,
                        -0.782834503770367,
                        0.0,
                        -0.5821468235449379,
                        0.0,
                        0.0
                    ]
                ]
            },
            "oracle_est_tgt": [
                0
            ]
        },
        "1": {
            "intv_type": "hard",
            "inode": 1,
            "new_mui": 0.1,
            "new_vari": 1.0,
            "noise_type": "gaussian",
            "obs_noise_gamma_shape": null,
            "true_params": {
                "Si": [
                    [
                        1.0,
                        0.0,
                        0.5842390256099359,
                        -0.30253102341471283,
                        0.0062428366125592575,
                        0.17611747430467428
                    ],
                    [
                        0.0,
                        1.0,
                        -0.7210082930880226,
                        1.1322238650956038,
                        1.9608145677608264,
                        -1.441955030377545
                    ],
                    [
                        0.5842390256099359,
                        -0.7210082930880226,
                        1.8611881977473512,
                        -1.5109138620135156,
                        -2.616773653066025,
                        1.4440038747550643
                    ],
                    [
                        -0.30253102341471283,
                        1.1322238650956038,
                        -1.5109138620135156,
                        2.6415941111740855,
                        3.5229510270686384,
                        -2.424139528504091
                    ],
                    [
                        0.0062428366125592575,
                        1.9608145677608264,
                        -2.616773653066025,
                        3.5229510270686384,
                        6.7631549029139375,
                        -3.5858680490511374
                    ],
                    [
                        0.17611747430467428,
                        -1.441955030377545,
                        1.4440038747550643,
                        -2.424139528504091,
                        -3.5858680490511374,
                        3.54001727701317
                    ]
                ],
                "mui": [
                    0.0,
                    0.10000000149011612,
                    -0.07210083038318835,
                    0.11322238819670541,
                    0.19608145969792404,
                    -0.14419550518643492
                ],
                "Ai": [
                    [
                        0.0,
                        0.0,
                        0.0,
                        0.0,
                        0.0,
                        0.0
                    ],
                    [
                        0.0,
                        0.0,
                        0.0,
                        0.0,
                        0.0,
                        0.0
                    ],
                    [
                        0.5842390256099359,
                        -0.7210082930880226,
                        0.0,
                        0.0,
                        0.0,
                        0.0
                    ],
                    [
                        -0.0,
                        0.7588708927043923,
                        -0.5178206353108223,
                        0.0,
                        0.0,
                        0.0
                    ],
                    [
                        0.7112191786457485,
                        0.5748281245271671,
                        -0.8545774094965359,
                        0.6799265301089323,
                        0.0,
                        0.0
                    ],
                    [
                        0.0,
                        -0.782834503770367,
                        0.0,
                        -0.5821468235449379,
                        0.0,
                        0.0
                    ]
                ]
            },
            "est_params": {
                "mui": [
                    0.01541686358451518,
                    0.006207963283698849,
                    0.01739622753483503,
                    0.011180368205073139,
                    0.021676098216220963,
                    0.002459643751925283
                ],
                "Si": [
                    [
                        1.0030329285156754,
                        -0.44020785497717485,
                        0.7653263076343396,
                        -0.6039942695946163,
                        -0.46481391565191843,
                        0.5655826583333641
                    ],
                    [
                        -0.44020785497717485,
                        1.2283535276090713,
                        -0.9696064082258709,
                        1.2090977441563622,
                        1.6922437607967509,
                        -1.3913449937260018
                    ],
                    [
                        0.7653263076343396,
                        -0.9696064082258709,
                        2.1464877957577086,
                        -1.5377001999068058,
                        -2.384178438747726,
                        1.33676978188254
                    ],
                    [
                        -0.6039942695946163,
                        1.2090977441563622,
                        -1.5377001999068058,
                        2.7159440632964653,
                        2.799710997640128,
                        -2.071528251720402
                    ],
                    [
                        -0.46481391565191843,
                        1.6922437607967509,
                        -2.384178438747726,
                        2.799710997640128,
                        5.585809589940622,
                        -2.3089317131734983
                    ],
                    [
                        0.5655826583333641,
                        -1.3913449937260018,
                        1.33676978188254,
                        -2.071528251720402,
                        -2.3089317131734983,
                        3.298580997418169
                    ]
                ]
            },
            "est_tgt": [
                0,
                1,
                2,
                3,
                4,
                5
            ],
            "oracle_est_tgt": [
                1
            ]
        },
        "2": {
            "intv_type": "hard",
            "inode": 2,
            "new_mui": 0.1,
            "new_vari": 1.0,
            "noise_type": "gaussian",
            "obs_noise_gamma_shape": null,
            "true_params": {
                "Si": [
                    [
                        1.0,
                        -0.5104078987627769,
                        0.0,
                        -0.3873336977774816,
                        0.15446390633198426,
                        0.6250499959615101
                    ],
                    [
                        -0.5104078987627769,
                        1.2605162231194331,
                        0.0,
                        0.9565690715070132,
                        1.011964979538734,
                        -1.543639238499337
                    ],
                    [
                        0.0,
                        0.0,
                        1.0,
                        -0.5178206353108223,
                        -1.2066573972822263,
                        0.3014476380122169
                    ],
                    [
                        -0.3873336977774816,
                        0.9565690715070132,
                        -0.5178206353108223,
                        1.9940506355816425,
                        2.072709397580259,
                        -1.9096655179068909
                    ],
                    [
                        0.15446390633198426,
                        1.011964979538734,
                        -1.2066573972822263,
                        2.072709397580259,
                        4.13203588520747,
                        -1.9988222945232843
                    ],
                    [
                        0.6250499959615101,
                        -1.543639238499337,
                        0.3014476380122169,
                        -1.9096655179068909,
                        -1.9988222945232843,
                        3.3201197725538907
                    ]
                ],
                "mui": [
                    0.0,
                    0.0,
                    0.10000000149011612,
                    -0.05178206430269511,
                    -0.12066574152628227,
                    0.030144764250413677
                ],
                "Ai": [
                    [
                        0.0,
                        0.0,
                        0.0,
                        0.0,
                        0.0,
                        0.0
                    ],
                    [
                        -0.5104078987627769,
                        0.0,
                        0.0,
                        0.0,
                        0.0,
                        0.0
                    ],
                    [
                        0.0,
                        0.0,
                        0.0,
                        0.0,
                        0.0,
                        0.0
                    ],
                    [
                        -0.0,
                        0.7588708927043923,
                        -0.5178206353108223,
                        0.0,
                        0.0,
                        0.0
                    ],
                    [
                        0.7112191786457485,
                        0.5748281245271671,
                        -0.8545774094965359,
                        0.6799265301089323,
                        0.0,
                        0.0
                    ],
                    [
                        0.0,
                        -0.782834503770367,
                        0.0,
                        -0.5821468235449379,
                        0.0,
                        0.0
                    ]
                ]
            },
            "oracle_est_tgt": [
                2
            ]
        },
        "3": {
            "intv_type": "hard",
            "inode": 3,
            "new_mui": 0.1,
            "new_vari": 1.0,
            "noise_type": "gaussian",
            "obs_noise_gamma_shape": null,
            "true_params": {
                "Si": [
                    [
                        1.0,
                        -0.5104078987627769,
                        0.95224735347553,
                        0.0,
                        -0.39594671307696144,
                        0.3995649141484342
                    ],
                    [
                        -0.5104078987627769,
                        1.2605162231194331,
                        -1.2070428638778832,
                        0.0,
                        1.3930798537034885,
                        -0.9867755920201986
                    ],
                    [
                        0.95224735347553,
                        -1.2070428638778832,
                        2.426627980902855,
                        0.0,
                        -2.090327058792141,
                        0.9449148013734053
                    ],
                    [
                        0.0,
                        0.0,
                        0.0,
                        1.0,
                        0.6799265301089323,
                        -0.5821468235449379
                    ],
                    [
                        -0.39594671307696144,
                        1.3930798537034885,
                        -2.090327058792141,
                        0.6799265301089323,
                        3.7678229528079505,
                        -1.4863680457333126
                    ],
                    [
                        0.3995649141484342,
                        -0.9867755920201986,
                        0.9449148013734053,
                        -0.5821468235449379,
                        -1.4863680457333126,
                        2.1113769050753035
                    ]
                ],
                "mui": [
                    0.0,
                    0.0,
                    0.0,
                    0.10000000149011612,
                    0.06799265402406271,
                    -0.05821468322196015
                ],
                "Ai": [
                    [
                        0.0,
                        0.0,
                        0.0,
                        0.0,
                        0.0,
                        0.0
                    ],
                    [
                        -0.5104078987627769,
                        0.0,
                        0.0,
                        0.0,
                        0.0,
                        0.0
                    ],
                    [
                        0.5842390256099359,
                        -0.7210082930880226,
                        0.0,
                        0.0,
                        0.0,
                        0.0
                    ],
                    [
                        0.0,
                        0.0,
                        0.0,
                        0.0,
                        0.0,
                        0.0
                    ],
                    [
                        0.7112191786457485,
                        0.5748281245271671,
                        -0.8545774094965359,
                        0.6799265301089323,
                        0.0,
                        0.0
                    ],
                    [
                        0.0,
                        -0.782834503770367,
                        0.0,
                        -0.5821468235449379,
                        0.0,
                        0.0
                    ]
                ]
            },
            "oracle_est_tgt": [
                3
            ]
        },
        "4": {
            "intv_type": "hard",
            "inode": 4,
            "new_mui": 0.1,
            "new_vari": 1.0,
            "noise_type": "gaussian",
            "obs_noise_gamma_shape": null,
            "true_params": {
                "Si": [
                    [
                        1.0,
                        -0.5104078987627769,
                        0.95224735347553,
                        -0.8804270273272298,
                        0.0,
                        0.9121027114700933
                    ],
                    [
                        -0.5104078987627769,
                        1.2605162231194331,
                        -1.2070428638778832,
                        1.581600774127653,
                        0.0,
                        -1.9074994587948266
                    ],
                    [
                        0.95224735347553,
                        -1.2070428638778832,
                        2.426627980902855,
                        -2.17254773837761,
                        0.0,
                        2.2096565662696697
                    ],
                    [
                        -0.8804270273272298,
                        1.581600774127653,
                        -2.17254773837761,
                        3.3252208414939943,
                        0.0,
                        -3.173898407638204
                    ],
                    [
                        0.0,
                        0.0,
                        0.0,
                        0.0,
                        1.0,
                        0.0
                    ],
                    [
                        0.9121027114700933,
                        -1.9074994587948266,
                        2.2096565662696697,
                        -3.173898407638204,
                        0.0,
                        4.340931268528809
                    ]
                ],
                "mui": [
                    0.0,
                    0.0,
                    0.0,
                    0.0,
                    0.10000000149011612,
                    0.0
                ],
                "Ai": [
                    [
                        0.0,
                        0.0,
                        0.0,
                        0.0,
                        0.0,
                        0.0
                    ],
                    [
                        -0.5104078987627769,
                        0.0,
                        0.0,
                        0.0,
                        0.0,
                        0.0
                    ],
                    [
                        0.5842390256099359,
                        -0.7210082930880226,
                        0.0,
                        0.0,
                        0.0,
                        0.0
                    ],
                    [
                        -0.0,
                        0.7588708927043923,
                        -0.5178206353108223,
                        0.0,
                        0.0,
                        0.0
                    ],
                    [
                        0.0,
                        0.0,
                        0.0,
                        0.0,
                        0.0,
                        0.0
                    ],
                    [
                        0.0,
                        -0.782834503770367,
                        0.0,
                        -0.5821468235449379,
                        0.0,
                        0.0
                    ]
                ]
            },
            "oracle_est_tgt": [
                4
            ]
        },
        "5": {
            "intv_type": "hard",
            "inode": 5,
            "new_mui": 0.1,
            "new_vari": 1.0,
            "noise_type": "gaussian",
            "obs_noise_gamma_shape": null,
            "true_params": {
                "Si": [
                    [
                        1.0,
                        -0.5104078987627769,
                        0.95224735347553,
                        -0.8804270273272298,
                        -0.9945724067816869,
                        0.0
                    ],
                    [
                        -0.5104078987627769,
                        1.2605162231194331,
                        -1.2070428638778832,
                        1.581600774127653,
                        2.468452180073705,
                        0.0
                    ],
                    [
                        0.95224735347553,
                        -1.2070428638778832,
                        2.426627980902855,
                        -2.17254773837761,
                        -3.5674999040432382,
                        0.0
                    ],
                    [
                        -0.8804270273272298,
                        1.581600774127653,
                        -2.17254773837761,
                        3.3252208414939943,
                        4.400488106382536,
                        0.0
                    ],
                    [
                        -0.9945724067816869,
                        2.468452180073705,
                        -3.5674999040432382,
                        4.400488106382536,
                        7.752290202236484,
                        0.0
                    ],
                    [
                        0.0,
                        0.0,
                        0.0,
                        0.0,
                        0.0,
                        1.0
                    ]
                ],
                "mui": [
                    0.0,
                    0.0,
                    0.0,
                    0.0,
                    0.0,
                    0.10000000149011612
                ],
                "Ai": [
                    [
                        0.0,
                        0.0,
                        0.0,
                        0.0,
                        0.0,
                        0.0
                    ],
                    [
                        -0.5104078987627769,
                        0.0,
                        0.0,
                        0.0,
                        0.0,
                        0.0
                    ],
                    [
                        0.5842390256099359,
                        -0.7210082930880226,
                        0.0,
                        0.0,
                        0.0,
                        0.0
                    ],
                    [
                        -0.0,
                        0.7588708927043923,
                        -0.5178206353108223,
                        0.0,
                        0.0,
                        0.0
                    ],
                    [
                        0.7112191786457485,
                        0.5748281245271671,
                        -0.8545774094965359,
                        0.6799265301089323,
                        0.0,
                        0.0
                    ],
                    [
                        0.0,
                        0.0,
                        0.0,
                        0.0,
                        0.0,
                        0.0
                    ]
                ]
            },
            "oracle_est_tgt": [
                5
            ]
        },
        "obs": {
            "intv_type": "obs",
            "noise_type": "gaussian",
            "obs_noise_gamma_shape": null,
            "true_params": {
                "Si": [
                    [
                        1.0,
                        -0.5104078987627769,
                        0.95224735347553,
                        -0.8804270273272298,
                        -0.9945724067816869,
                        0.9121027114700933
                    ],
                    [
                        -0.5104078987627769,
                        1.2605162231194331,
                        -1.2070428638778832,
                        1.581600774127653,
                        2.468452180073705,
                        -1.9074994587948266
                    ],
                    [
                        0.95224735347553,
                        -1.2070428638778832,
                        2.426627980902855,
                        -2.17254773837761,
                        -3.5674999040432382,
                        2.2096565662696697
                    ],
                    [
                        -0.8804270273272298,
                        1.581600774127653,
                        -2.17254773837761,
                        3.3252208414939943,
                        4.400488106382536,
                        -3.173898407638204
                    ],
                    [
                        -0.9945724067816869,
                        2.468452180073705,
                        -3.5674999040432382,
                        4.400488106382536,
                        7.752290202236484,
                        -4.494119710646752
                    ],
                    [
                        0.9121027114700933,
                        -1.9074994587948266,
                        2.2096565662696697,
                        -3.173898407638204,
                        -4.494119710646752,
                        4.340931268528809
                    ]
                ],
                "mui": [
                    0.0,
                    0.0,
                    0.0,
                    0.0,
                    0.0,
                    0.0
                ],
                "Ai": [
                    [
                        0.0,
                        0.0,
                        0.0,
                        0.0,
                        0.0,
                        0.0
                    ],
                    [
                        -0.5104078987627769,
                        0.0,
                        0.0,
                        0.0,
                        0.0,
                        0.0
                    ],
                    [
                        0.5842390256099359,
                        -0.7210082930880226,
                        0.0,
                        0.0,
                        0.0,
                        0.0
                    ],
                    [
                        -0.0,
                        0.7588708927043923,
                        -0.5178206353108223,
                        0.0,
                        0.0,
                        0.0
                    ],
                    [
                        0.7112191786457485,
                        0.5748281245271671,
                        -0.8545774094965359,
                        0.6799265301089323,
                        0.0,
                        0.0
                    ],
                    [
                        0.0,
                        -0.782834503770367,
                        0.0,
                        -0.5821468235449379,
                        0.0,
                        0.0
                    ]
                ]
            },
            "est_tgt": [
                0,
                1,
                2,
                3,
                4,
                5
            ],
            "oracle_est_tgt": [
                0,
                1,
                2,
                3,
                4,
                5
            ]
        }
    },
    "metric_dict": {
        "param_est_rel_err": 12.926298977872106,
        "est_num_comp": 1,
        "weight_precision_error": 0.0,
        "gm_score_dict": {
            "1": -9.194121814559947,
            "2": -9.058892587657667,
            "3": -9.05412403957562,
            "4": -9.068155586454012,
            "5": -8.988634004439144,
            "6": -8.994104219865756,
            "7": -8.99576256848494
        },
        "est_dag": {
            "amat": [
                [
                    0,
                    0,
                    1,
                    1,
                    0,
                    0
                ],
                [
                    1,
                    0,
                    1,
                    1,
                    0,
                    1
                ],
                [
                    0,
                    0,
                    0,
                    1,
                    0,
                    0
                ],
                [
                    0,
                    0,
                    0,
                    0,
                    0,
                    1
                ],
                [
                    0,
                    1,
                    1,
                    1,
                    0,
                    0
                ],
                [
                    0,
                    0,
                    0,
                    0,
                    0,
                    0
                ]
            ],
            "nodes": [
                0,
                1,
                2,
                3,
                4,
                5
            ]
        },
        "oracle_est_dag": {
            "amat": [
                [
                    0,
                    1,
                    1,
                    0,
                    1,
                    0
                ],
                [
                    0,
                    0,
                    1,
                    1,
                    1,
                    1
                ],
                [
                    0,
                    0,
                    0,
                    1,
                    1,
                    0
                ],
                [
                    0,
                    0,
                    0,
                    0,
                    1,
                    1
                ],
                [
                    0,
                    0,
                    0,
                    0,
                    0,
                    0
                ],
                [
                    0,
                    0,
                    0,
                    0,
                    0,
                    0
                ]
            ],
            "nodes": [
                0,
                1,
                2,
                3,
                4,
                5
            ]
        },
        "igsp_dag": null,
        "intv_base_est_dag": null,
        "act_dag": {
            "amat": [
                [
                    0,
                    1,
                    1,
                    0,
                    1,
                    0
                ],
                [
                    0,
                    0,
                    1,
                    1,
                    1,
                    1
                ],
                [
                    0,
                    0,
                    0,
                    1,
                    1,
                    0
                ],
                [
                    0,
                    0,
                    0,
                    0,
                    1,
                    1
                ],
                [
                    0,
                    0,
                    0,
                    0,
                    0,
                    0
                ],
                [
                    0,
                    0,
                    0,
                    0,
                    0,
                    0
                ]
            ],
            "nodes": [
                0,
                1,
                2,
                3,
                4,
                5
            ]
        },
        "shd": 6,
        "oracle_shd": 0,
        "intv_base_shd": null,
        "igsp_shd": null,
        "avg_js": 0.08333333333333333,
        "avg_oracle_js": 0.8571428571428571
    }
}