{
    "expt_args": {
        "save_dir": "all_expt_logs/expt_logs_sim_compsel_backward_cameraready_new_mean",
        "exp_name": "201",
        "num_nodes": 6,
        "num_tgt_prior": 7,
        "obs_noise_mean": 0.0,
        "obs_noise_var": 1.0,
        "obs_noise_gamma_shape": null,
        "noise_type": "gaussian",
        "max_edge_strength": 1.0,
        "graph_sparsity_method": "adj_dense_prop",
        "adj_dense_prop": 0.8,
        "num_parents": null,
        "new_noise_mean": 0.5,
        "mix_samples": 8192,
        "stage2_samples": 8192,
        "gmm_tol": 0.001,
        "intv_type": "hard",
        "new_noise_var": 1.0,
        "dtype": "simulation",
        "cutoff_drop_ratio": 0.07,
        "intv_targets": [
            0,
            1,
            2,
            3,
            4,
            5
        ]
    },
    "intv_args_dict": {
        "0": {
            "intv_type": "hard",
            "inode": 0,
            "new_mui": 0.5,
            "new_vari": 1.0,
            "noise_type": "gaussian",
            "obs_noise_gamma_shape": null,
            "true_params": {
                "Si": [
                    [
                        1.0,
                        0.0,
                        -0.8551290468804437,
                        -1.4474614508259478,
                        1.214206362250044,
                        -1.5015422687744056
                    ],
                    [
                        0.0,
                        1.0,
                        -0.7056131679740626,
                        0.1229913030698555,
                        0.07999011131016422,
                        -1.280800445622182
                    ],
                    [
                        -0.8551290468804437,
                        -0.7056131679740626,
                        2.2291356296370486,
                        2.0573768087608175,
                        -1.1221578923062785,
                        3.0408664836671764
                    ],
                    [
                        -1.4474614508259478,
                        0.1229913030698555,
                        2.0573768087608175,
                        3.931822974867098,
                        -2.4081775088242034,
                        3.201269127847103
                    ],
                    [
                        1.214206362250044,
                        0.07999011131016422,
                        -1.1221578923062785,
                        -2.4081775088242034,
                        2.885500400704524,
                        -2.8593320891583955
                    ],
                    [
                        -1.5015422687744056,
                        -1.280800445622182,
                        3.0408664836671764,
                        3.201269127847103,
                        -2.8593320891583955,
                        6.213063827752584
                    ]
                ],
                "mui": [
                    0.5,
                    0.0,
                    -0.42756452344022183,
                    -0.7237307254129739,
                    0.607103181125022,
                    -0.7507711343872028
                ],
                "Ai": [
                    [
                        0.0,
                        0.0,
                        0.0,
                        0.0,
                        0.0,
                        0.0
                    ],
                    [
                        0.0,
                        0.0,
                        0.0,
                        0.0,
                        0.0,
                        0.0
                    ],
                    [
                        -0.8551290468804437,
                        -0.7056131679740626,
                        0.0,
                        0.0,
                        0.0,
                        0.0
                    ],
                    [
                        -0.672376962829654,
                        0.7625553817522197,
                        0.9063947609122194,
                        0.0,
                        0.0,
                        0.0
                    ],
                    [
                        0.7633672307351742,
                        0.5453671950724857,
                        0.5487389355131016,
                        -0.6356519780898913,
                        0.0,
                        0.0
                    ],
                    [
                        0.0,
                        -0.6395182550476128,
                        0.8353315039860756,
                        -0.0,
                        -0.6483461629065902,
                        0.0
                    ]
                ]
            },
            "oracle_est_tgt": [
                0
            ]
        },
        "1": {
            "intv_type": "hard",
            "inode": 1,
            "new_mui": 0.5,
            "new_vari": 1.0,
            "noise_type": "gaussian",
            "obs_noise_gamma_shape": null,
            "true_params": {
                "Si": [
                    [
                        1.0,
                        0.0,
                        -0.8551290468804437,
                        -1.4474614508259478,
                        1.214206362250044,
                        -1.5015422687744056
                    ],
                    [
                        0.0,
                        1.0,
                        -0.7056131679740626,
                        0.1229913030698555,
                        0.07999011131016422,
                        -1.280800445622182
                    ],
                    [
                        -0.8551290468804437,
                        -0.7056131679740626,
                        2.2291356296370486,
                        2.0573768087608175,
                        -1.1221578923062785,
                        3.0408664836671764
                    ],
                    [
                        -1.4474614508259478,
                        0.1229913030698555,
                        2.0573768087608175,
                        3.931822974867098,
                        -2.4081775088242034,
                        3.201269127847103
                    ],
                    [
                        1.214206362250044,
                        0.07999011131016422,
                        -1.1221578923062785,
                        -2.4081775088242034,
                        2.885500400704524,
                        -2.8593320891583955
                    ],
                    [
                        -1.5015422687744056,
                        -1.280800445622182,
                        3.0408664836671764,
                        3.201269127847103,
                        -2.8593320891583955,
                        6.213063827752584
                    ]
                ],
                "mui": [
                    0.0,
                    0.5,
                    -0.3528065839870313,
                    0.06149565153492775,
                    0.03999505565508211,
                    -0.640400222811091
                ],
                "Ai": [
                    [
                        0.0,
                        0.0,
                        0.0,
                        0.0,
                        0.0,
                        0.0
                    ],
                    [
                        0.0,
                        0.0,
                        0.0,
                        0.0,
                        0.0,
                        0.0
                    ],
                    [
                        -0.8551290468804437,
                        -0.7056131679740626,
                        0.0,
                        0.0,
                        0.0,
                        0.0
                    ],
                    [
                        -0.672376962829654,
                        0.7625553817522197,
                        0.9063947609122194,
                        0.0,
                        0.0,
                        0.0
                    ],
                    [
                        0.7633672307351742,
                        0.5453671950724857,
                        0.5487389355131016,
                        -0.6356519780898913,
                        0.0,
                        0.0
                    ],
                    [
                        0.0,
                        -0.6395182550476128,
                        0.8353315039860756,
                        -0.0,
                        -0.6483461629065902,
                        0.0
                    ]
                ]
            },
            "oracle_est_tgt": [
                1
            ]
        },
        "2": {
            "intv_type": "hard",
            "inode": 2,
            "new_mui": 0.5,
            "new_vari": 1.0,
            "noise_type": "gaussian",
            "obs_noise_gamma_shape": null,
            "true_params": {
                "Si": [
                    [
                        1.0,
                        0.0,
                        0.0,
                        -0.672376962829654,
                        1.1907649771799171,
                        -0.7720279038781527
                    ],
                    [
                        0.0,
                        1.0,
                        0.0,
                        0.7625553817522197,
                        0.060647358258595026,
                        -0.6788387370649942
                    ],
                    [
                        0.0,
                        0.0,
                        1.0,
                        0.9063947609122194,
                        -0.027412687191064704,
                        0.853104414541361
                    ],
                    [
                        -0.672376962829654,
                        0.7625553817522197,
                        0.9063947609122194,
                        2.855132952992423,
                        -1.4148946635134063,
                        1.1868135377284856
                    ],
                    [
                        1.1907649771799171,
                        0.060647358258595026,
                        -0.027412687191064704,
                        -1.4148946635134063,
                        2.826404225610662,
                        -1.894172108444041
                    ],
                    [
                        -0.7720279038781527,
                        -0.6788387370649942,
                        0.853104414541361,
                        1.1868135377284856,
                        -1.894172108444041,
                        3.3748339766369053
                    ]
                ],
                "mui": [
                    0.0,
                    0.0,
                    0.5,
                    0.4531973804561097,
                    -0.013706343595532352,
                    0.4265522072706805
                ],
                "Ai": [
                    [
                        0.0,
                        0.0,
                        0.0,
                        0.0,
                        0.0,
                        0.0
                    ],
                    [
                        0.0,
                        0.0,
                        0.0,
                        0.0,
                        0.0,
                        0.0
                    ],
                    [
                        0.0,
                        0.0,
                        0.0,
                        0.0,
                        0.0,
                        0.0
                    ],
                    [
                        -0.672376962829654,
                        0.7625553817522197,
                        0.9063947609122194,
                        0.0,
                        0.0,
                        0.0
                    ],
                    [
                        0.7633672307351742,
                        0.5453671950724857,
                        0.5487389355131016,
                        -0.6356519780898913,
                        0.0,
                        0.0
                    ],
                    [
                        0.0,
                        -0.6395182550476128,
                        0.8353315039860756,
                        -0.0,
                        -0.6483461629065902,
                        0.0
                    ]
                ]
            },
            "oracle_est_tgt": [
                2
            ]
        },
        "3": {
            "intv_type": "hard",
            "inode": 3,
            "new_mui": 0.5,
            "new_vari": 1.0,
            "noise_type": "gaussian",
            "obs_noise_gamma_shape": null,
            "true_params": {
                "Si": [
                    [
                        1.0,
                        0.0,
                        -0.8551290468804437,
                        0.0,
                        0.2941246278236664,
                        -0.9050108066986233
                    ],
                    [
                        0.0,
                        1.0,
                        -0.7056131679740626,
                        0.0,
                        0.1581697763943712,
                        -1.3314879314968497
                    ],
                    [
                        -0.8551290468804437,
                        -0.7056131679740626,
                        2.2291356296370486,
                        0.0,
                        0.1856177458588032,
                        2.192975166720128
                    ],
                    [
                        0.0,
                        0.0,
                        0.0,
                        1.0,
                        -0.6356519780898913,
                        0.41212252093856494
                    ],
                    [
                        0.2941246278236664,
                        0.1581697763943712,
                        0.1856177458588032,
                        -0.6356519780898913,
                        1.8166948314546991,
                        -1.1239472317321488
                    ],
                    [
                        -0.9050108066986233,
                        -1.3314879314968497,
                        2.192975166720128,
                        0.41212252093856494,
                        -1.1239472317321488,
                        4.412078957791284
                    ]
                ],
                "mui": [
                    0.0,
                    0.0,
                    0.0,
                    0.5,
                    -0.31782598904494563,
                    0.20606126046928247
                ],
                "Ai": [
                    [
                        0.0,
                        0.0,
                        0.0,
                        0.0,
                        0.0,
                        0.0
                    ],
                    [
                        0.0,
                        0.0,
                        0.0,
                        0.0,
                        0.0,
                        0.0
                    ],
                    [
                        -0.8551290468804437,
                        -0.7056131679740626,
                        0.0,
                        0.0,
                        0.0,
                        0.0
                    ],
                    [
                        0.0,
                        0.0,
                        0.0,
                        0.0,
                        0.0,
                        0.0
                    ],
                    [
                        0.7633672307351742,
                        0.5453671950724857,
                        0.5487389355131016,
                        -0.6356519780898913,
                        0.0,
                        0.0
                    ],
                    [
                        0.0,
                        -0.6395182550476128,
                        0.8353315039860756,
                        -0.0,
                        -0.6483461629065902,
                        0.0
                    ]
                ]
            },
            "oracle_est_tgt": [
                3,
                4
            ]
        },
        "4": {
            "intv_type": "hard",
            "inode": 4,
            "new_mui": 0.5,
            "new_vari": 1.0,
            "noise_type": "gaussian",
            "obs_noise_gamma_shape": null,
            "true_params": {
                "Si": [
                    [
                        1.0,
                        0.0,
                        -0.8551290468804437,
                        -1.4474614508259478,
                        0.0,
                        -0.7143162328328203
                    ],
                    [
                        0.0,
                        1.0,
                        -0.7056131679740626,
                        0.1229913030698555,
                        0.0,
                        -1.228939163883766
                    ],
                    [
                        -0.8551290468804437,
                        -0.7056131679740626,
                        2.2291356296370486,
                        2.0573768087608175,
                        0.0,
                        2.313319720015054
                    ],
                    [
                        -1.4474614508259478,
                        0.1229913030698555,
                        2.0573768087608175,
                        3.931822974867098,
                        0.0,
                        1.6399364804029801
                    ],
                    [
                        0.0,
                        0.0,
                        0.0,
                        0.0,
                        1.0,
                        -0.6483461629065902
                    ],
                    [
                        -0.7143162328328203,
                        -1.228939163883766,
                        2.313319720015054,
                        1.6399364804029801,
                        -0.6483461629065902,
                        4.13867061752314
                    ]
                ],
                "mui": [
                    0.0,
                    0.0,
                    0.0,
                    0.0,
                    0.5,
                    -0.3241730814532951
                ],
                "Ai": [
                    [
                        0.0,
                        0.0,
                        0.0,
                        0.0,
                        0.0,
                        0.0
                    ],
                    [
                        0.0,
                        0.0,
                        0.0,
                        0.0,
                        0.0,
                        0.0
                    ],
                    [
                        -0.8551290468804437,
                        -0.7056131679740626,
                        0.0,
                        0.0,
                        0.0,
                        0.0
                    ],
                    [
                        -0.672376962829654,
                        0.7625553817522197,
                        0.9063947609122194,
                        0.0,
                        0.0,
                        0.0
                    ],
                    [
                        0.0,
                        0.0,
                        0.0,
                        0.0,
                        0.0,
                        0.0
                    ],
                    [
                        0.0,
                        -0.6395182550476128,
                        0.8353315039860756,
                        -0.0,
                        -0.6483461629065902,
                        0.0
                    ]
                ]
            },
            "oracle_est_tgt": [
                3,
                4
            ]
        },
        "5": {
            "intv_type": "hard",
            "inode": 5,
            "new_mui": 0.5,
            "new_vari": 1.0,
            "noise_type": "gaussian",
            "obs_noise_gamma_shape": null,
            "true_params": {
                "Si": [
                    [
                        1.0,
                        0.0,
                        -0.8551290468804437,
                        -1.4474614508259478,
                        1.214206362250044,
                        0.0
                    ],
                    [
                        0.0,
                        1.0,
                        -0.7056131679740626,
                        0.1229913030698555,
                        0.07999011131016422,
                        0.0
                    ],
                    [
                        -0.8551290468804437,
                        -0.7056131679740626,
                        2.2291356296370486,
                        2.0573768087608175,
                        -1.1221578923062785,
                        0.0
                    ],
                    [
                        -1.4474614508259478,
                        0.1229913030698555,
                        2.0573768087608175,
                        3.931822974867098,
                        -2.4081775088242034,
                        0.0
                    ],
                    [
                        1.214206362250044,
                        0.07999011131016422,
                        -1.1221578923062785,
                        -2.4081775088242034,
                        2.885500400704524,
                        0.0
                    ],
                    [
                        0.0,
                        0.0,
                        0.0,
                        0.0,
                        0.0,
                        1.0
                    ]
                ],
                "mui": [
                    0.0,
                    0.0,
                    0.0,
                    0.0,
                    0.0,
                    0.5
                ],
                "Ai": [
                    [
                        0.0,
                        0.0,
                        0.0,
                        0.0,
                        0.0,
                        0.0
                    ],
                    [
                        0.0,
                        0.0,
                        0.0,
                        0.0,
                        0.0,
                        0.0
                    ],
                    [
                        -0.8551290468804437,
                        -0.7056131679740626,
                        0.0,
                        0.0,
                        0.0,
                        0.0
                    ],
                    [
                        -0.672376962829654,
                        0.7625553817522197,
                        0.9063947609122194,
                        0.0,
                        0.0,
                        0.0
                    ],
                    [
                        0.7633672307351742,
                        0.5453671950724857,
                        0.5487389355131016,
                        -0.6356519780898913,
                        0.0,
                        0.0
                    ],
                    [
                        0.0,
                        0.0,
                        0.0,
                        0.0,
                        0.0,
                        0.0
                    ]
                ]
            },
            "oracle_est_tgt": [
                5
            ]
        },
        "obs": {
            "intv_type": "obs",
            "noise_type": "gaussian",
            "obs_noise_gamma_shape": null,
            "true_params": {
                "Si": [
                    [
                        1.0,
                        0.0,
                        -0.8551290468804437,
                        -1.4474614508259478,
                        1.214206362250044,
                        -1.5015422687744056
                    ],
                    [
                        0.0,
                        1.0,
                        -0.7056131679740626,
                        0.1229913030698555,
                        0.07999011131016422,
                        -1.280800445622182
                    ],
                    [
                        -0.8551290468804437,
                        -0.7056131679740626,
                        2.2291356296370486,
                        2.0573768087608175,
                        -1.1221578923062785,
                        3.0408664836671764
                    ],
                    [
                        -1.4474614508259478,
                        0.1229913030698555,
                        2.0573768087608175,
                        3.931822974867098,
                        -2.4081775088242034,
                        3.201269127847103
                    ],
                    [
                        1.214206362250044,
                        0.07999011131016422,
                        -1.1221578923062785,
                        -2.4081775088242034,
                        2.885500400704524,
                        -2.8593320891583955
                    ],
                    [
                        -1.5015422687744056,
                        -1.280800445622182,
                        3.0408664836671764,
                        3.201269127847103,
                        -2.8593320891583955,
                        6.213063827752584
                    ]
                ],
                "mui": [
                    0.0,
                    0.0,
                    0.0,
                    0.0,
                    0.0,
                    0.0
                ],
                "Ai": [
                    [
                        0.0,
                        0.0,
                        0.0,
                        0.0,
                        0.0,
                        0.0
                    ],
                    [
                        0.0,
                        0.0,
                        0.0,
                        0.0,
                        0.0,
                        0.0
                    ],
                    [
                        -0.8551290468804437,
                        -0.7056131679740626,
                        0.0,
                        0.0,
                        0.0,
                        0.0
                    ],
                    [
                        -0.672376962829654,
                        0.7625553817522197,
                        0.9063947609122194,
                        0.0,
                        0.0,
                        0.0
                    ],
                    [
                        0.7633672307351742,
                        0.5453671950724857,
                        0.5487389355131016,
                        -0.6356519780898913,
                        0.0,
                        0.0
                    ],
                    [
                        0.0,
                        -0.6395182550476128,
                        0.8353315039860756,
                        -0.0,
                        -0.6483461629065902,
                        0.0
                    ]
                ]
            },
            "est_params": {
                "mui": [
                    0.06914948793208572,
                    0.0830259630093149,
                    -0.05632915345152359,
                    0.0572543613511724,
                    0.10614667300830576,
                    -0.11575760442556524
                ],
                "Si": [
                    [
                        1.0439775155873576,
                        0.004576878624717999,
                        -0.769232812380968,
                        -1.197766249047386,
                        0.9306004965679222,
                        -1.0306282209400914
                    ],
                    [
                        0.004576878624717999,
                        1.032445805607606,
                        -0.6396758308251421,
                        0.18194772624802383,
                        0.07230015011614813,
                        -1.062303163913197
                    ],
                    [
                        -0.769232812380968,
                        -0.6396758308251421,
                        2.122452787696022,
                        1.698896035127734,
                        -0.6697180165768758,
                        2.1813073381901855
                    ],
                    [
                        -1.197766249047386,
                        0.18194772624802383,
                        1.698896035127734,
                        3.516235433182154,
                        -1.7380110707454848,
                        1.9764849716183086
                    ],
                    [
                        0.9306004965679222,
                        0.07230015011614813,
                        -0.6697180165768758,
                        -1.7380110707454848,
                        2.4960973578549708,
                        -1.8399839132370788
                    ],
                    [
                        -1.0306282209400914,
                        -1.062303163913197,
                        2.1813073381901855,
                        1.9764849716183086,
                        -1.8399839132370788,
                        4.719159230550403
                    ]
                ]
            },
            "est_tgt": [
                0,
                1,
                2,
                3,
                4,
                5
            ],
            "oracle_est_tgt": [
                0,
                1,
                2,
                3,
                4,
                5
            ]
        }
    },
    "metric_dict": {
        "param_est_rel_err": 15.030760181485816,
        "est_num_comp": 1,
        "weight_precision_error": 0.0,
        "gm_score_dict": {
            "1": -9.144831945753904,
            "2": -9.024570355319664,
            "3": -9.032417208515009,
            "4": -8.969581203407662,
            "5": -8.949698151466077,
            "6": -8.95015537443164,
            "7": -8.947813492655172
        },
        "est_dag": {
            "amat": [
                [
                    0,
                    0,
                    1,
                    1,
                    1,
                    0
                ],
                [
                    0,
                    0,
                    1,
                    1,
                    0,
                    1
                ],
                [
                    0,
                    0,
                    0,
                    1,
                    0,
                    1
                ],
                [
                    0,
                    0,
                    0,
                    0,
                    0,
                    0
                ],
                [
                    0,
                    0,
                    0,
                    1,
                    0,
                    1
                ],
                [
                    0,
                    0,
                    0,
                    0,
                    0,
                    0
                ]
            ],
            "nodes": [
                0,
                1,
                2,
                3,
                4,
                5
            ]
        },
        "oracle_est_dag": {
            "amat": [
                [
                    0,
                    0,
                    1,
                    1,
                    1,
                    0
                ],
                [
                    0,
                    0,
                    1,
                    1,
                    0,
                    1
                ],
                [
                    0,
                    0,
                    0,
                    1,
                    0,
                    1
                ],
                [
                    0,
                    0,
                    0,
                    0,
                    0,
                    0
                ],
                [
                    0,
                    0,
                    0,
                    1,
                    0,
                    1
                ],
                [
                    0,
                    0,
                    0,
                    0,
                    0,
                    0
                ]
            ],
            "nodes": [
                0,
                1,
                2,
                3,
                4,
                5
            ]
        },
        "igsp_dag": null,
        "intv_base_est_dag": null,
        "act_dag": {
            "amat": [
                [
                    0,
                    0,
                    1,
                    1,
                    1,
                    0
                ],
                [
                    0,
                    0,
                    1,
                    1,
                    1,
                    1
                ],
                [
                    0,
                    0,
                    0,
                    1,
                    1,
                    1
                ],
                [
                    0,
                    0,
                    0,
                    0,
                    1,
                    0
                ],
                [
                    0,
                    0,
                    0,
                    0,
                    0,
                    1
                ],
                [
                    0,
                    0,
                    0,
                    0,
                    0,
                    0
                ]
            ],
            "nodes": [
                0,
                1,
                2,
                3,
                4,
                5
            ]
        },
        "shd": 3,
        "oracle_shd": 3,
        "intv_base_shd": null,
        "igsp_shd": null,
        "avg_js": 0.0,
        "avg_oracle_js": 0.7142857142857143
    }
}