{
    "expt_args": {
        "save_dir": "all_expt_logs/expt_logs_sim_compsel_backward_cameraready_new_mean",
        "exp_name": "382",
        "num_nodes": 6,
        "num_tgt_prior": 7,
        "obs_noise_mean": 0.0,
        "obs_noise_var": 1.0,
        "obs_noise_gamma_shape": null,
        "noise_type": "gaussian",
        "max_edge_strength": 1.0,
        "graph_sparsity_method": "adj_dense_prop",
        "adj_dense_prop": 0.8,
        "num_parents": null,
        "new_noise_mean": 0.5,
        "mix_samples": 262144,
        "stage2_samples": 262144,
        "gmm_tol": 0.001,
        "intv_type": "hard",
        "new_noise_var": 1.0,
        "dtype": "simulation",
        "cutoff_drop_ratio": 0.07,
        "intv_targets": [
            0,
            1,
            2,
            3,
            4,
            5
        ]
    },
    "intv_args_dict": {
        "0": {
            "intv_type": "hard",
            "inode": 0,
            "new_mui": 0.5,
            "new_vari": 1.0,
            "noise_type": "gaussian",
            "obs_noise_gamma_shape": null,
            "true_params": {
                "Si": [
                    [
                        1.0,
                        0.0,
                        0.0,
                        0.9867320634026224,
                        -0.8718038041308311,
                        1.5048433827575833
                    ],
                    [
                        0.0,
                        1.0,
                        0.8303262224690999,
                        -0.2901601260608445,
                        1.527166955452251,
                        0.6128218727539827
                    ],
                    [
                        0.0,
                        0.8303262224690999,
                        1.6894416357198052,
                        0.40536220068882267,
                        2.211503651627644,
                        0.9581797825857984
                    ],
                    [
                        0.9867320634026224,
                        -0.2901601260608445,
                        0.40536220068882267,
                        2.4755235202616297,
                        -0.6936131987730183,
                        2.29272046440838
                    ],
                    [
                        -0.8718038041308311,
                        1.527166955452251,
                        2.211503651627644,
                        -0.6936131987730183,
                        4.9823916717218015,
                        0.04788388479882002
                    ],
                    [
                        1.5048433827575833,
                        0.6128218727539827,
                        0.9581797825857984,
                        2.29272046440838,
                        0.04788388479882002,
                        4.3253914264027085
                    ]
                ],
                "mui": [
                    0.5,
                    0.0,
                    0.0,
                    0.4933660317013112,
                    -0.43590190206541557,
                    0.7524216913787917
                ],
                "Ai": [
                    [
                        0.0,
                        0.0,
                        0.0,
                        0.0,
                        0.0,
                        0.0
                    ],
                    [
                        -0.0,
                        0.0,
                        0.0,
                        0.0,
                        0.0,
                        0.0
                    ],
                    [
                        -0.0,
                        0.8303262224690999,
                        0.0,
                        0.0,
                        0.0,
                        0.0
                    ],
                    [
                        0.9867320634026224,
                        -0.8267914628226094,
                        0.6462897620720816,
                        0.0,
                        0.0,
                        0.0
                    ],
                    [
                        -0.8718038041308311,
                        0.7437899662038836,
                        0.9434568824273404,
                        -0.0,
                        0.0,
                        0.0
                    ],
                    [
                        0.818810656134687,
                        0.814557835151245,
                        0.0,
                        0.6952573571565092,
                        0.0,
                        0.0
                    ]
                ]
            },
            "oracle_est_tgt": [
                0
            ]
        },
        "1": {
            "intv_type": "hard",
            "inode": 1,
            "new_mui": 0.5,
            "new_vari": 1.0,
            "noise_type": "gaussian",
            "obs_noise_gamma_shape": null,
            "true_params": {
                "Si": [
                    [
                        1.0,
                        0.0,
                        0.0,
                        0.9867320634026224,
                        -0.8718038041308311,
                        1.5048433827575833
                    ],
                    [
                        0.0,
                        1.0,
                        0.8303262224690999,
                        -0.2901601260608445,
                        1.527166955452251,
                        0.6128218727539827
                    ],
                    [
                        0.0,
                        0.8303262224690999,
                        1.6894416357198052,
                        0.40536220068882267,
                        2.211503651627644,
                        0.9581797825857984
                    ],
                    [
                        0.9867320634026224,
                        -0.2901601260608445,
                        0.40536220068882267,
                        2.4755235202616297,
                        -0.6936131987730183,
                        2.29272046440838
                    ],
                    [
                        -0.8718038041308311,
                        1.527166955452251,
                        2.211503651627644,
                        -0.6936131987730183,
                        4.9823916717218015,
                        0.04788388479882002
                    ],
                    [
                        1.5048433827575833,
                        0.6128218727539827,
                        0.9581797825857984,
                        2.29272046440838,
                        0.04788388479882002,
                        4.3253914264027085
                    ]
                ],
                "mui": [
                    0.0,
                    0.5,
                    0.41516311123454996,
                    -0.14508006303042226,
                    0.7635834777261254,
                    0.30641093637699135
                ],
                "Ai": [
                    [
                        0.0,
                        0.0,
                        0.0,
                        0.0,
                        0.0,
                        0.0
                    ],
                    [
                        0.0,
                        0.0,
                        0.0,
                        0.0,
                        0.0,
                        0.0
                    ],
                    [
                        -0.0,
                        0.8303262224690999,
                        0.0,
                        0.0,
                        0.0,
                        0.0
                    ],
                    [
                        0.9867320634026224,
                        -0.8267914628226094,
                        0.6462897620720816,
                        0.0,
                        0.0,
                        0.0
                    ],
                    [
                        -0.8718038041308311,
                        0.7437899662038836,
                        0.9434568824273404,
                        -0.0,
                        0.0,
                        0.0
                    ],
                    [
                        0.818810656134687,
                        0.814557835151245,
                        0.0,
                        0.6952573571565092,
                        0.0,
                        0.0
                    ]
                ]
            },
            "oracle_est_tgt": [
                1
            ]
        },
        "2": {
            "intv_type": "hard",
            "inode": 2,
            "new_mui": 0.5,
            "new_vari": 1.0,
            "noise_type": "gaussian",
            "obs_noise_gamma_shape": null,
            "true_params": {
                "Si": [
                    [
                        1.0,
                        0.0,
                        0.0,
                        0.9867320634026224,
                        -0.8718038041308311,
                        1.5048433827575833
                    ],
                    [
                        0.0,
                        1.0,
                        0.0,
                        -0.8267914628226094,
                        0.7437899662038836,
                        0.23972498778963341
                    ],
                    [
                        0.0,
                        0.0,
                        1.0,
                        0.6462897620720816,
                        0.9434568824273404,
                        0.4493377119355445
                    ],
                    [
                        0.9867320634026224,
                        -0.8267914628226094,
                        0.6462897620720816,
                        3.074914744502335,
                        -0.865449436653525,
                        2.272334362929795
                    ],
                    [
                        -0.8718038041308311,
                        0.7437899662038836,
                        0.9434568824273404,
                        -0.865449436653525,
                        3.203376275722079,
                        -0.7096923882831486
                    ],
                    [
                        1.5048433827575833,
                        0.23972498778963341,
                        0.4493377119355445,
                        2.272334362929795,
                        -0.7096923882831486,
                        4.00730884844775
                    ]
                ],
                "mui": [
                    0.0,
                    0.0,
                    0.5,
                    0.3231448810360408,
                    0.4717284412136702,
                    0.22466885596777225
                ],
                "Ai": [
                    [
                        0.0,
                        0.0,
                        0.0,
                        0.0,
                        0.0,
                        0.0
                    ],
                    [
                        -0.0,
                        0.0,
                        0.0,
                        0.0,
                        0.0,
                        0.0
                    ],
                    [
                        0.0,
                        0.0,
                        0.0,
                        0.0,
                        0.0,
                        0.0
                    ],
                    [
                        0.9867320634026224,
                        -0.8267914628226094,
                        0.6462897620720816,
                        0.0,
                        0.0,
                        0.0
                    ],
                    [
                        -0.8718038041308311,
                        0.7437899662038836,
                        0.9434568824273404,
                        -0.0,
                        0.0,
                        0.0
                    ],
                    [
                        0.818810656134687,
                        0.814557835151245,
                        0.0,
                        0.6952573571565092,
                        0.0,
                        0.0
                    ]
                ]
            },
            "oracle_est_tgt": [
                2
            ]
        },
        "3": {
            "intv_type": "hard",
            "inode": 3,
            "new_mui": 0.5,
            "new_vari": 1.0,
            "noise_type": "gaussian",
            "obs_noise_gamma_shape": null,
            "true_params": {
                "Si": [
                    [
                        1.0,
                        0.0,
                        0.0,
                        0.0,
                        -0.8718038041308311,
                        0.818810656134687
                    ],
                    [
                        0.0,
                        1.0,
                        0.8303262224690999,
                        0.0,
                        1.527166955452251,
                        0.814557835151245
                    ],
                    [
                        0.0,
                        0.8303262224690999,
                        1.6894416357198052,
                        0.0,
                        2.211503651627644,
                        0.6763487302437411
                    ],
                    [
                        0.0,
                        0.0,
                        0.0,
                        1.0,
                        0.0,
                        0.6952573571565092
                    ],
                    [
                        -0.8718038041308311,
                        1.527166955452251,
                        2.211503651627644,
                        0.0,
                        4.9823916717218015,
                        0.5301235642666214
                    ],
                    [
                        0.818810656134687,
                        0.814557835151245,
                        0.6763487302437411,
                        0.6952573571565092,
                        0.5301235642666214,
                        2.817338150086253
                    ]
                ],
                "mui": [
                    0.0,
                    0.0,
                    0.0,
                    0.5,
                    0.0,
                    0.3476286785782546
                ],
                "Ai": [
                    [
                        0.0,
                        0.0,
                        0.0,
                        0.0,
                        0.0,
                        0.0
                    ],
                    [
                        -0.0,
                        0.0,
                        0.0,
                        0.0,
                        0.0,
                        0.0
                    ],
                    [
                        -0.0,
                        0.8303262224690999,
                        0.0,
                        0.0,
                        0.0,
                        0.0
                    ],
                    [
                        0.0,
                        0.0,
                        0.0,
                        0.0,
                        0.0,
                        0.0
                    ],
                    [
                        -0.8718038041308311,
                        0.7437899662038836,
                        0.9434568824273404,
                        -0.0,
                        0.0,
                        0.0
                    ],
                    [
                        0.818810656134687,
                        0.814557835151245,
                        0.0,
                        0.6952573571565092,
                        0.0,
                        0.0
                    ]
                ]
            },
            "oracle_est_tgt": [
                3
            ]
        },
        "4": {
            "intv_type": "hard",
            "inode": 4,
            "new_mui": 0.5,
            "new_vari": 1.0,
            "noise_type": "gaussian",
            "obs_noise_gamma_shape": null,
            "true_params": {
                "Si": [
                    [
                        1.0,
                        0.0,
                        0.0,
                        0.9867320634026224,
                        0.0,
                        1.5048433827575833
                    ],
                    [
                        0.0,
                        1.0,
                        0.8303262224690999,
                        -0.2901601260608445,
                        0.0,
                        0.6128218727539827
                    ],
                    [
                        0.0,
                        0.8303262224690999,
                        1.6894416357198052,
                        0.40536220068882267,
                        0.0,
                        0.9581797825857984
                    ],
                    [
                        0.9867320634026224,
                        -0.2901601260608445,
                        0.40536220068882267,
                        2.4755235202616297,
                        0.0,
                        2.29272046440838
                    ],
                    [
                        0.0,
                        0.0,
                        0.0,
                        0.0,
                        1.0,
                        0.0
                    ],
                    [
                        1.5048433827575833,
                        0.6128218727539827,
                        0.9581797825857984,
                        2.29272046440838,
                        0.0,
                        4.3253914264027085
                    ]
                ],
                "mui": [
                    0.0,
                    0.0,
                    0.0,
                    0.0,
                    0.5,
                    0.0
                ],
                "Ai": [
                    [
                        0.0,
                        0.0,
                        0.0,
                        0.0,
                        0.0,
                        0.0
                    ],
                    [
                        -0.0,
                        0.0,
                        0.0,
                        0.0,
                        0.0,
                        0.0
                    ],
                    [
                        -0.0,
                        0.8303262224690999,
                        0.0,
                        0.0,
                        0.0,
                        0.0
                    ],
                    [
                        0.9867320634026224,
                        -0.8267914628226094,
                        0.6462897620720816,
                        0.0,
                        0.0,
                        0.0
                    ],
                    [
                        0.0,
                        0.0,
                        0.0,
                        0.0,
                        0.0,
                        0.0
                    ],
                    [
                        0.818810656134687,
                        0.814557835151245,
                        0.0,
                        0.6952573571565092,
                        0.0,
                        0.0
                    ]
                ]
            },
            "oracle_est_tgt": [
                4
            ]
        },
        "5": {
            "intv_type": "hard",
            "inode": 5,
            "new_mui": 0.5,
            "new_vari": 1.0,
            "noise_type": "gaussian",
            "obs_noise_gamma_shape": null,
            "true_params": {
                "Si": [
                    [
                        1.0,
                        0.0,
                        0.0,
                        0.9867320634026224,
                        -0.8718038041308311,
                        0.0
                    ],
                    [
                        0.0,
                        1.0,
                        0.8303262224690999,
                        -0.2901601260608445,
                        1.527166955452251,
                        0.0
                    ],
                    [
                        0.0,
                        0.8303262224690999,
                        1.6894416357198052,
                        0.40536220068882267,
                        2.211503651627644,
                        0.0
                    ],
                    [
                        0.9867320634026224,
                        -0.2901601260608445,
                        0.40536220068882267,
                        2.4755235202616297,
                        -0.6936131987730183,
                        0.0
                    ],
                    [
                        -0.8718038041308311,
                        1.527166955452251,
                        2.211503651627644,
                        -0.6936131987730183,
                        4.9823916717218015,
                        0.0
                    ],
                    [
                        0.0,
                        0.0,
                        0.0,
                        0.0,
                        0.0,
                        1.0
                    ]
                ],
                "mui": [
                    0.0,
                    0.0,
                    0.0,
                    0.0,
                    0.0,
                    0.5
                ],
                "Ai": [
                    [
                        0.0,
                        0.0,
                        0.0,
                        0.0,
                        0.0,
                        0.0
                    ],
                    [
                        -0.0,
                        0.0,
                        0.0,
                        0.0,
                        0.0,
                        0.0
                    ],
                    [
                        -0.0,
                        0.8303262224690999,
                        0.0,
                        0.0,
                        0.0,
                        0.0
                    ],
                    [
                        0.9867320634026224,
                        -0.8267914628226094,
                        0.6462897620720816,
                        0.0,
                        0.0,
                        0.0
                    ],
                    [
                        -0.8718038041308311,
                        0.7437899662038836,
                        0.9434568824273404,
                        -0.0,
                        0.0,
                        0.0
                    ],
                    [
                        0.0,
                        0.0,
                        0.0,
                        0.0,
                        0.0,
                        0.0
                    ]
                ]
            },
            "oracle_est_tgt": [
                5
            ]
        },
        "obs": {
            "intv_type": "obs",
            "noise_type": "gaussian",
            "obs_noise_gamma_shape": null,
            "true_params": {
                "Si": [
                    [
                        1.0,
                        0.0,
                        0.0,
                        0.9867320634026224,
                        -0.8718038041308311,
                        1.5048433827575833
                    ],
                    [
                        0.0,
                        1.0,
                        0.8303262224690999,
                        -0.2901601260608445,
                        1.527166955452251,
                        0.6128218727539827
                    ],
                    [
                        0.0,
                        0.8303262224690999,
                        1.6894416357198052,
                        0.40536220068882267,
                        2.211503651627644,
                        0.9581797825857984
                    ],
                    [
                        0.9867320634026224,
                        -0.2901601260608445,
                        0.40536220068882267,
                        2.4755235202616297,
                        -0.6936131987730183,
                        2.29272046440838
                    ],
                    [
                        -0.8718038041308311,
                        1.527166955452251,
                        2.211503651627644,
                        -0.6936131987730183,
                        4.9823916717218015,
                        0.04788388479882002
                    ],
                    [
                        1.5048433827575833,
                        0.6128218727539827,
                        0.9581797825857984,
                        2.29272046440838,
                        0.04788388479882002,
                        4.3253914264027085
                    ]
                ],
                "mui": [
                    0.0,
                    0.0,
                    0.0,
                    0.0,
                    0.0,
                    0.0
                ],
                "Ai": [
                    [
                        0.0,
                        0.0,
                        0.0,
                        0.0,
                        0.0,
                        0.0
                    ],
                    [
                        -0.0,
                        0.0,
                        0.0,
                        0.0,
                        0.0,
                        0.0
                    ],
                    [
                        -0.0,
                        0.8303262224690999,
                        0.0,
                        0.0,
                        0.0,
                        0.0
                    ],
                    [
                        0.9867320634026224,
                        -0.8267914628226094,
                        0.6462897620720816,
                        0.0,
                        0.0,
                        0.0
                    ],
                    [
                        -0.8718038041308311,
                        0.7437899662038836,
                        0.9434568824273404,
                        -0.0,
                        0.0,
                        0.0
                    ],
                    [
                        0.818810656134687,
                        0.814557835151245,
                        0.0,
                        0.6952573571565092,
                        0.0,
                        0.0
                    ]
                ]
            },
            "est_params": {
                "mui": [
                    0.07234071938096756,
                    0.07267008250639298,
                    0.13029366539825277,
                    0.1669266826744027,
                    0.18908112728911272,
                    0.30678074274928974
                ],
                "Si": [
                    [
                        1.0277850289414008,
                        -0.0034143816172509402,
                        -0.010161671876674789,
                        0.860930835187934,
                        -0.7841890066875871,
                        1.220976779327089
                    ],
                    [
                        -0.0034143816172509402,
                        1.0350003137808386,
                        0.7388835008627563,
                        -0.34425574600574277,
                        1.2423671221746715,
                        0.510519796081366
                    ],
                    [
                        -0.010161671876674789,
                        0.7388835008627563,
                        1.6432261929095073,
                        0.37799234553052424,
                        1.7812376014518425,
                        0.7114121411117229
                    ],
                    [
                        0.860930835187934,
                        -0.34425574600574277,
                        0.37799234553052424,
                        2.4030612267658036,
                        -0.560766661201451,
                        1.7613843853969655
                    ],
                    [
                        -0.7841890066875871,
                        1.2423671221746715,
                        1.7812376014518425,
                        -0.560766661201451,
                        4.314156089494358,
                        -0.03929992632462562
                    ],
                    [
                        1.220976779327089,
                        0.510519796081366,
                        0.7114121411117229,
                        1.7613843853969655,
                        -0.03929992632462562,
                        3.659762396208319
                    ]
                ]
            },
            "est_tgt": [
                0,
                1,
                2,
                3,
                4,
                5
            ],
            "oracle_est_tgt": [
                0,
                1,
                2,
                3,
                4,
                5
            ]
        }
    },
    "metric_dict": {
        "param_est_rel_err": 7.4519585286454015,
        "est_num_comp": 1,
        "weight_precision_error": 0.0,
        "gm_score_dict": {
            "1": -9.084319773049764,
            "2": -9.001984381342899,
            "3": -8.952183401596274,
            "4": -8.932954306825025,
            "5": -8.93898371895115,
            "6": -8.952036509222273,
            "7": -8.932752489092252
        },
        "est_dag": {
            "amat": [
                [
                    0,
                    0,
                    0,
                    1,
                    1,
                    1
                ],
                [
                    0,
                    0,
                    0,
                    1,
                    1,
                    1
                ],
                [
                    0,
                    1,
                    0,
                    1,
                    1,
                    0
                ],
                [
                    0,
                    0,
                    0,
                    0,
                    0,
                    1
                ],
                [
                    0,
                    0,
                    0,
                    0,
                    0,
                    0
                ],
                [
                    0,
                    0,
                    0,
                    0,
                    0,
                    0
                ]
            ],
            "nodes": [
                0,
                1,
                2,
                3,
                4,
                5
            ]
        },
        "oracle_est_dag": {
            "amat": [
                [
                    0,
                    0,
                    0,
                    1,
                    1,
                    1
                ],
                [
                    0,
                    0,
                    1,
                    1,
                    1,
                    1
                ],
                [
                    0,
                    0,
                    0,
                    1,
                    1,
                    0
                ],
                [
                    0,
                    0,
                    0,
                    0,
                    0,
                    1
                ],
                [
                    0,
                    0,
                    0,
                    0,
                    0,
                    0
                ],
                [
                    0,
                    0,
                    0,
                    0,
                    0,
                    0
                ]
            ],
            "nodes": [
                0,
                1,
                2,
                3,
                4,
                5
            ]
        },
        "igsp_dag": null,
        "intv_base_est_dag": null,
        "act_dag": {
            "amat": [
                [
                    0,
                    0,
                    0,
                    1,
                    1,
                    1
                ],
                [
                    0,
                    0,
                    1,
                    1,
                    1,
                    1
                ],
                [
                    0,
                    0,
                    0,
                    1,
                    1,
                    0
                ],
                [
                    0,
                    0,
                    0,
                    0,
                    0,
                    1
                ],
                [
                    0,
                    0,
                    0,
                    0,
                    0,
                    0
                ],
                [
                    0,
                    0,
                    0,
                    0,
                    0,
                    0
                ]
            ],
            "nodes": [
                0,
                1,
                2,
                3,
                4,
                5
            ]
        },
        "shd": 1,
        "oracle_shd": 0,
        "intv_base_shd": null,
        "igsp_shd": null,
        "avg_js": 0.0,
        "avg_oracle_js": 0.8571428571428571
    }
}