{
    "expt_args": {
        "save_dir": "all_expt_logs/expt_logs_sim_compsel_backward_cameraready_new_mean",
        "exp_name": "277",
        "num_nodes": 6,
        "num_tgt_prior": 7,
        "obs_noise_mean": 0.0,
        "obs_noise_var": 1.0,
        "obs_noise_gamma_shape": null,
        "noise_type": "gaussian",
        "max_edge_strength": 1.0,
        "graph_sparsity_method": "adj_dense_prop",
        "adj_dense_prop": 0.8,
        "num_parents": null,
        "new_noise_mean": 0.2,
        "mix_samples": 4096,
        "stage2_samples": 4096,
        "gmm_tol": 0.001,
        "intv_type": "hard",
        "new_noise_var": 1.0,
        "dtype": "simulation",
        "cutoff_drop_ratio": 0.07,
        "intv_targets": [
            0,
            1,
            2,
            3,
            4,
            5
        ]
    },
    "intv_args_dict": {
        "0": {
            "intv_type": "hard",
            "inode": 0,
            "new_mui": 0.2,
            "new_vari": 1.0,
            "noise_type": "gaussian",
            "obs_noise_gamma_shape": null,
            "true_params": {
                "Si": [
                    [
                        1.0,
                        -0.8034626122058719,
                        -1.4591460436830226,
                        1.295171288233104,
                        -0.28275295301336567,
                        2.708934813437493
                    ],
                    [
                        -0.8034626122058719,
                        1.6455521692126833,
                        1.9528887845870824,
                        -1.82292042149983,
                        0.39049709964579304,
                        -2.8678190451070993
                    ],
                    [
                        -1.4591460436830226,
                        1.9528887845870824,
                        3.73831785534239,
                        -2.500443457321437,
                        -0.14625902199294916,
                        -5.825934428398622
                    ],
                    [
                        1.295171288233104,
                        -1.82292042149983,
                        -2.500443457321437,
                        3.2894599453572035,
                        -0.49397514785338925,
                        4.936590727436722
                    ],
                    [
                        -0.28275295301336567,
                        0.39049709964579304,
                        -0.14625902199294916,
                        -0.49397514785338925,
                        1.577639831893055,
                        0.5498262784429796
                    ],
                    [
                        2.708934813437493,
                        -2.8678190451070993,
                        -5.825934428398622,
                        4.936590727436722,
                        0.5498262784429796,
                        11.645606619789804
                    ]
                ],
                "mui": [
                    0.20000000298023224,
                    -0.16069252483567956,
                    -0.2918292130851986,
                    0.259034261506532,
                    -0.0565505914453426,
                    0.5417869707607534
                ],
                "Ai": [
                    [
                        0.0,
                        0.0,
                        0.0,
                        0.0,
                        0.0,
                        0.0
                    ],
                    [
                        -0.8034626122058719,
                        0.0,
                        0.0,
                        0.0,
                        0.0,
                        0.0
                    ],
                    [
                        -0.832027813168815,
                        0.7805194927396577,
                        0.0,
                        0.0,
                        0.0,
                        0.0
                    ],
                    [
                        0.6666235191522871,
                        -0.7822987150020162,
                        -0.0,
                        0.0,
                        0.0,
                        0.0
                    ],
                    [
                        -0.7225622109920626,
                        0.698992399605689,
                        -0.6863079412875265,
                        -0.0,
                        0.0,
                        0.0
                    ],
                    [
                        0.8233796767512283,
                        0.6848785914869637,
                        -0.9812869392094452,
                        0.8872599151032832,
                        0.5133988590176721,
                        0.0
                    ]
                ]
            },
            "oracle_est_tgt": []
        },
        "1": {
            "intv_type": "hard",
            "inode": 1,
            "new_mui": 0.2,
            "new_vari": 1.0,
            "noise_type": "gaussian",
            "obs_noise_gamma_shape": null,
            "true_params": {
                "Si": [
                    [
                        1.0,
                        0.0,
                        -0.832027813168815,
                        0.6666235191522871,
                        -0.15153491544221048,
                        2.153508177192323
                    ],
                    [
                        0.0,
                        1.0,
                        0.7805194927396577,
                        -0.7822987150020162,
                        0.16331567340875008,
                        -0.6912912036071851
                    ],
                    [
                        -0.832027813168815,
                        0.7805194927396577,
                        2.301480960433053,
                        -1.1652487050514369,
                        -0.4327556104079896,
                        -3.664981612086586
                    ],
                    [
                        0.6666235191522871,
                        -0.7822987150020162,
                        -1.1652487050514369,
                        2.0563781957807854,
                        -0.22877838005388476,
                        2.863635334980555
                    ],
                    [
                        -0.15153491544221048,
                        0.16331567340875008,
                        -0.4327556104079896,
                        -0.22877838005388476,
                        1.5206534300533543,
                        0.9894539169281942
                    ],
                    [
                        2.153508177192323,
                        -0.6912912036071851,
                        -3.664981612086586,
                        2.863635334980555,
                        0.9894539169281942,
                        8.944876265570379
                    ]
                ],
                "mui": [
                    0.0,
                    0.20000000298023224,
                    0.1561039008740609,
                    -0.1564597453318351,
                    0.03266313516846865,
                    -0.13825824278164536
                ],
                "Ai": [
                    [
                        0.0,
                        0.0,
                        0.0,
                        0.0,
                        0.0,
                        0.0
                    ],
                    [
                        0.0,
                        0.0,
                        0.0,
                        0.0,
                        0.0,
                        0.0
                    ],
                    [
                        -0.832027813168815,
                        0.7805194927396577,
                        0.0,
                        0.0,
                        0.0,
                        0.0
                    ],
                    [
                        0.6666235191522871,
                        -0.7822987150020162,
                        -0.0,
                        0.0,
                        0.0,
                        0.0
                    ],
                    [
                        -0.7225622109920626,
                        0.698992399605689,
                        -0.6863079412875265,
                        -0.0,
                        0.0,
                        0.0
                    ],
                    [
                        0.8233796767512283,
                        0.6848785914869637,
                        -0.9812869392094452,
                        0.8872599151032832,
                        0.5133988590176721,
                        0.0
                    ]
                ]
            },
            "est_params": {
                "mui": [
                    0.009457505113413353,
                    0.01194619096093006,
                    0.03256682462207233,
                    0.01849552075737619,
                    0.02052233917469248,
                    0.05258524852297514
                ],
                "Si": [
                    [
                        1.0226853881281623,
                        -0.7029000802454711,
                        -1.2279532751349538,
                        1.0371216976913067,
                        -0.36863790448005923,
                        1.9128185010925085
                    ],
                    [
                        -0.7029000802454711,
                        1.575241902944331,
                        1.5717368735708006,
                        -1.4199573535960495,
                        0.49919286124754436,
                        -1.6396577597316595
                    ],
                    [
                        -1.2279532751349538,
                        1.5717368735708006,
                        3.262373232445221,
                        -1.6772396047300422,
                        -0.1999384537886212,
                        -3.8929782004732565
                    ],
                    [
                        1.0371216976913067,
                        -1.4199573535960495,
                        -1.6772396047300422,
                        2.7963040397231973,
                        -0.5195994044966462,
                        3.005893611550108
                    ],
                    [
                        -0.36863790448005923,
                        0.49919286124754436,
                        -0.1999384537886212,
                        -0.5195994044966462,
                        1.7912353868478423,
                        0.6008840568823057
                    ],
                    [
                        1.9128185010925085,
                        -1.6396577597316595,
                        -3.8929782004732565,
                        3.005893611550108,
                        0.6008840568823057,
                        8.152875788420278
                    ]
                ]
            },
            "est_tgt": [
                0,
                3,
                5
            ],
            "oracle_est_tgt": [
                0,
                1,
                2,
                3
            ]
        },
        "2": {
            "intv_type": "hard",
            "inode": 2,
            "new_mui": 0.2,
            "new_vari": 1.0,
            "noise_type": "gaussian",
            "obs_noise_gamma_shape": null,
            "true_params": {
                "Si": [
                    [
                        1.0,
                        -0.8034626122058719,
                        0.0,
                        1.295171288233104,
                        -1.2841764702913,
                        0.7629641672082528
                    ],
                    [
                        -0.8034626122058719,
                        1.6455521692126833,
                        0.0,
                        -1.82292042149983,
                        1.7307801809592533,
                        -0.2633749823561676
                    ],
                    [
                        0.0,
                        0.0,
                        1.0,
                        0.0,
                        -0.6863079412875265,
                        -1.333636653201229
                    ],
                    [
                        1.295171288233104,
                        -1.82292042149983,
                        0.0,
                        3.2894599453572035,
                        -2.21004934935353,
                        1.6019076834956514
                    ],
                    [
                        -1.2841764702913,
                        1.7307801809592533,
                        -0.6863079412875265,
                        -2.21004934935353,
                        3.6087181718306645,
                        0.6932980984228381
                    ],
                    [
                        0.7629641672082528,
                        -0.2633749823561676,
                        -1.333636653201229,
                        1.6019076834956514,
                        0.6932980984228381,
                        4.533756459808123
                    ]
                ],
                "mui": [
                    0.0,
                    0.0,
                    0.20000000298023224,
                    0.0,
                    -0.13726159030286234,
                    -0.26672733461479275
                ],
                "Ai": [
                    [
                        0.0,
                        0.0,
                        0.0,
                        0.0,
                        0.0,
                        0.0
                    ],
                    [
                        -0.8034626122058719,
                        0.0,
                        0.0,
                        0.0,
                        0.0,
                        0.0
                    ],
                    [
                        0.0,
                        0.0,
                        0.0,
                        0.0,
                        0.0,
                        0.0
                    ],
                    [
                        0.6666235191522871,
                        -0.7822987150020162,
                        -0.0,
                        0.0,
                        0.0,
                        0.0
                    ],
                    [
                        -0.7225622109920626,
                        0.698992399605689,
                        -0.6863079412875265,
                        -0.0,
                        0.0,
                        0.0
                    ],
                    [
                        0.8233796767512283,
                        0.6848785914869637,
                        -0.9812869392094452,
                        0.8872599151032832,
                        0.5133988590176721,
                        0.0
                    ]
                ]
            },
            "oracle_est_tgt": [
                0,
                1,
                2,
                3,
                4,
                5
            ]
        },
        "3": {
            "intv_type": "hard",
            "inode": 3,
            "new_mui": 0.2,
            "new_vari": 1.0,
            "noise_type": "gaussian",
            "obs_noise_gamma_shape": null,
            "true_params": {
                "Si": [
                    [
                        1.0,
                        -0.8034626122058719,
                        -1.4591460436830226,
                        0.0,
                        -0.28275295301336567,
                        1.5597812461955796
                    ],
                    [
                        -0.8034626122058719,
                        1.6455521692126833,
                        1.9528887845870824,
                        0.0,
                        0.39049709964579304,
                        -1.2504148266871191
                    ],
                    [
                        -1.4591460436830226,
                        1.9528887845870824,
                        3.73831785534239,
                        0.0,
                        -0.14625902199294916,
                        -3.6073911787350434
                    ],
                    [
                        0.0,
                        0.0,
                        0.0,
                        1.0,
                        0.0,
                        0.8872599151032832
                    ],
                    [
                        -0.28275295301336567,
                        0.39049709964579304,
                        -0.14625902199294916,
                        0.0,
                        1.577639831893055,
                        0.9881106261905095
                    ],
                    [
                        1.5597812461955796,
                        -1.2504148266871191,
                        -3.6073911787350434,
                        0.8872599151032832,
                        0.9881106261905095,
                        6.262320706349848
                    ]
                ],
                "mui": [
                    0.0,
                    0.0,
                    0.0,
                    0.20000000298023224,
                    0.0,
                    0.17745198566489723
                ],
                "Ai": [
                    [
                        0.0,
                        0.0,
                        0.0,
                        0.0,
                        0.0,
                        0.0
                    ],
                    [
                        -0.8034626122058719,
                        0.0,
                        0.0,
                        0.0,
                        0.0,
                        0.0
                    ],
                    [
                        -0.832027813168815,
                        0.7805194927396577,
                        0.0,
                        0.0,
                        0.0,
                        0.0
                    ],
                    [
                        0.0,
                        0.0,
                        0.0,
                        0.0,
                        0.0,
                        0.0
                    ],
                    [
                        -0.7225622109920626,
                        0.698992399605689,
                        -0.6863079412875265,
                        -0.0,
                        0.0,
                        0.0
                    ],
                    [
                        0.8233796767512283,
                        0.6848785914869637,
                        -0.9812869392094452,
                        0.8872599151032832,
                        0.5133988590176721,
                        0.0
                    ]
                ]
            },
            "oracle_est_tgt": [
                0,
                1,
                3,
                5
            ]
        },
        "4": {
            "intv_type": "hard",
            "inode": 4,
            "new_mui": 0.2,
            "new_vari": 1.0,
            "noise_type": "gaussian",
            "obs_noise_gamma_shape": null,
            "true_params": {
                "Si": [
                    [
                        1.0,
                        -0.8034626122058719,
                        -1.4591460436830226,
                        1.295171288233104,
                        0.0,
                        2.8540998568984324
                    ],
                    [
                        -0.8034626122058719,
                        1.6455521692126833,
                        1.9528887845870824,
                        -1.82292042149983,
                        0.0,
                        -3.0682998105149597
                    ],
                    [
                        -1.4591460436830226,
                        1.9528887845870824,
                        3.73831785534239,
                        -2.500443457321437,
                        0.0,
                        -5.7508452133864
                    ],
                    [
                        1.295171288233104,
                        -1.82292042149983,
                        -2.500443457321437,
                        3.2894599453572035,
                        0.0,
                        5.190197004727738
                    ],
                    [
                        0.0,
                        0.0,
                        0.0,
                        0.0,
                        1.0,
                        0.5133988590176721
                    ],
                    [
                        2.8540998568984324,
                        -3.0682998105149597,
                        -5.7508452133864,
                        5.190197004727738,
                        0.5133988590176721,
                        11.76045640463948
                    ]
                ],
                "mui": [
                    0.0,
                    0.0,
                    0.0,
                    0.0,
                    0.20000000298023224,
                    0.10267977333358226
                ],
                "Ai": [
                    [
                        0.0,
                        0.0,
                        0.0,
                        0.0,
                        0.0,
                        0.0
                    ],
                    [
                        -0.8034626122058719,
                        0.0,
                        0.0,
                        0.0,
                        0.0,
                        0.0
                    ],
                    [
                        -0.832027813168815,
                        0.7805194927396577,
                        0.0,
                        0.0,
                        0.0,
                        0.0
                    ],
                    [
                        0.6666235191522871,
                        -0.7822987150020162,
                        -0.0,
                        0.0,
                        0.0,
                        0.0
                    ],
                    [
                        0.0,
                        0.0,
                        0.0,
                        0.0,
                        0.0,
                        0.0
                    ],
                    [
                        0.8233796767512283,
                        0.6848785914869637,
                        -0.9812869392094452,
                        0.8872599151032832,
                        0.5133988590176721,
                        0.0
                    ]
                ]
            },
            "oracle_est_tgt": [
                1,
                3,
                4,
                5
            ]
        },
        "5": {
            "intv_type": "hard",
            "inode": 5,
            "new_mui": 0.2,
            "new_vari": 1.0,
            "noise_type": "gaussian",
            "obs_noise_gamma_shape": null,
            "true_params": {
                "Si": [
                    [
                        1.0,
                        -0.8034626122058719,
                        -1.4591460436830226,
                        1.295171288233104,
                        -0.28275295301336567,
                        0.0
                    ],
                    [
                        -0.8034626122058719,
                        1.6455521692126833,
                        1.9528887845870824,
                        -1.82292042149983,
                        0.39049709964579304,
                        0.0
                    ],
                    [
                        -1.4591460436830226,
                        1.9528887845870824,
                        3.73831785534239,
                        -2.500443457321437,
                        -0.14625902199294916,
                        0.0
                    ],
                    [
                        1.295171288233104,
                        -1.82292042149983,
                        -2.500443457321437,
                        3.2894599453572035,
                        -0.49397514785338925,
                        0.0
                    ],
                    [
                        -0.28275295301336567,
                        0.39049709964579304,
                        -0.14625902199294916,
                        -0.49397514785338925,
                        1.577639831893055,
                        0.0
                    ],
                    [
                        0.0,
                        0.0,
                        0.0,
                        0.0,
                        0.0,
                        1.0
                    ]
                ],
                "mui": [
                    0.0,
                    0.0,
                    0.0,
                    0.0,
                    0.0,
                    0.20000000298023224
                ],
                "Ai": [
                    [
                        0.0,
                        0.0,
                        0.0,
                        0.0,
                        0.0,
                        0.0
                    ],
                    [
                        -0.8034626122058719,
                        0.0,
                        0.0,
                        0.0,
                        0.0,
                        0.0
                    ],
                    [
                        -0.832027813168815,
                        0.7805194927396577,
                        0.0,
                        0.0,
                        0.0,
                        0.0
                    ],
                    [
                        0.6666235191522871,
                        -0.7822987150020162,
                        -0.0,
                        0.0,
                        0.0,
                        0.0
                    ],
                    [
                        -0.7225622109920626,
                        0.698992399605689,
                        -0.6863079412875265,
                        -0.0,
                        0.0,
                        0.0
                    ],
                    [
                        0.0,
                        0.0,
                        0.0,
                        0.0,
                        0.0,
                        0.0
                    ]
                ]
            },
            "oracle_est_tgt": [
                0,
                1,
                3,
                5
            ]
        },
        "obs": {
            "intv_type": "obs",
            "noise_type": "gaussian",
            "obs_noise_gamma_shape": null,
            "true_params": {
                "Si": [
                    [
                        1.0,
                        -0.8034626122058719,
                        -1.4591460436830226,
                        1.295171288233104,
                        -0.28275295301336567,
                        2.708934813437493
                    ],
                    [
                        -0.8034626122058719,
                        1.6455521692126833,
                        1.9528887845870824,
                        -1.82292042149983,
                        0.39049709964579304,
                        -2.8678190451070993
                    ],
                    [
                        -1.4591460436830226,
                        1.9528887845870824,
                        3.73831785534239,
                        -2.500443457321437,
                        -0.14625902199294916,
                        -5.825934428398622
                    ],
                    [
                        1.295171288233104,
                        -1.82292042149983,
                        -2.500443457321437,
                        3.2894599453572035,
                        -0.49397514785338925,
                        4.936590727436722
                    ],
                    [
                        -0.28275295301336567,
                        0.39049709964579304,
                        -0.14625902199294916,
                        -0.49397514785338925,
                        1.577639831893055,
                        0.5498262784429796
                    ],
                    [
                        2.708934813437493,
                        -2.8678190451070993,
                        -5.825934428398622,
                        4.936590727436722,
                        0.5498262784429796,
                        11.645606619789804
                    ]
                ],
                "mui": [
                    0.0,
                    0.0,
                    0.0,
                    0.0,
                    0.0,
                    0.0
                ],
                "Ai": [
                    [
                        0.0,
                        0.0,
                        0.0,
                        0.0,
                        0.0,
                        0.0
                    ],
                    [
                        -0.8034626122058719,
                        0.0,
                        0.0,
                        0.0,
                        0.0,
                        0.0
                    ],
                    [
                        -0.832027813168815,
                        0.7805194927396577,
                        0.0,
                        0.0,
                        0.0,
                        0.0
                    ],
                    [
                        0.6666235191522871,
                        -0.7822987150020162,
                        -0.0,
                        0.0,
                        0.0,
                        0.0
                    ],
                    [
                        -0.7225622109920626,
                        0.698992399605689,
                        -0.6863079412875265,
                        -0.0,
                        0.0,
                        0.0
                    ],
                    [
                        0.8233796767512283,
                        0.6848785914869637,
                        -0.9812869392094452,
                        0.8872599151032832,
                        0.5133988590176721,
                        0.0
                    ]
                ]
            },
            "est_tgt": [
                0,
                1,
                2,
                3,
                4,
                5
            ],
            "oracle_est_tgt": [
                0,
                1,
                2,
                3,
                4,
                5
            ]
        }
    },
    "metric_dict": {
        "param_est_rel_err": 16.929695697783146,
        "est_num_comp": 1,
        "weight_precision_error": 0.0,
        "gm_score_dict": {
            "1": -9.265332943650124,
            "2": -9.064124156151792,
            "3": -9.05272378178438,
            "4": -8.998713163927581,
            "5": -9.004815106058695,
            "6": -8.991300870770496,
            "7": -8.977136571893976
        },
        "est_dag": {
            "amat": [
                [
                    0,
                    0,
                    0,
                    0,
                    0,
                    0
                ],
                [
                    0,
                    0,
                    0,
                    1,
                    0,
                    0
                ],
                [
                    1,
                    1,
                    0,
                    1,
                    0,
                    1
                ],
                [
                    0,
                    0,
                    0,
                    0,
                    0,
                    0
                ],
                [
                    1,
                    1,
                    0,
                    1,
                    0,
                    0
                ],
                [
                    1,
                    0,
                    0,
                    1,
                    0,
                    0
                ]
            ],
            "nodes": [
                0,
                1,
                2,
                3,
                4,
                5
            ]
        },
        "oracle_est_dag": {
            "amat": [
                [
                    0,
                    0,
                    0,
                    0,
                    0,
                    0
                ],
                [
                    0,
                    0,
                    0,
                    0,
                    0,
                    0
                ],
                [
                    0,
                    1,
                    0,
                    0,
                    0,
                    1
                ],
                [
                    0,
                    1,
                    0,
                    0,
                    0,
                    0
                ],
                [
                    1,
                    1,
                    0,
                    1,
                    0,
                    1
                ],
                [
                    1,
                    1,
                    0,
                    1,
                    0,
                    0
                ]
            ],
            "nodes": [
                0,
                1,
                2,
                3,
                4,
                5
            ]
        },
        "igsp_dag": null,
        "intv_base_est_dag": null,
        "act_dag": {
            "amat": [
                [
                    0,
                    1,
                    1,
                    1,
                    1,
                    1
                ],
                [
                    0,
                    0,
                    1,
                    1,
                    1,
                    1
                ],
                [
                    0,
                    0,
                    0,
                    0,
                    1,
                    1
                ],
                [
                    0,
                    0,
                    0,
                    0,
                    0,
                    1
                ],
                [
                    0,
                    0,
                    0,
                    0,
                    0,
                    1
                ],
                [
                    0,
                    0,
                    0,
                    0,
                    0,
                    0
                ]
            ],
            "nodes": [
                0,
                1,
                2,
                3,
                4,
                5
            ]
        },
        "shd": 13,
        "oracle_shd": 12,
        "intv_base_shd": null,
        "igsp_shd": null,
        "avg_js": 0.0,
        "avg_oracle_js": 0.16666666666666666
    }
}