{
    "expt_args": {
        "save_dir": "all_expt_logs/expt_logs_sim_compsel_backward_cameraready_new_mean",
        "exp_name": "329",
        "num_nodes": 6,
        "num_tgt_prior": 7,
        "obs_noise_mean": 0.0,
        "obs_noise_var": 1.0,
        "obs_noise_gamma_shape": null,
        "noise_type": "gaussian",
        "max_edge_strength": 1.0,
        "graph_sparsity_method": "adj_dense_prop",
        "adj_dense_prop": 0.8,
        "num_parents": null,
        "new_noise_mean": 0.2,
        "mix_samples": 1048576,
        "stage2_samples": 1048576,
        "gmm_tol": 0.001,
        "intv_type": "hard",
        "new_noise_var": 1.0,
        "dtype": "simulation",
        "cutoff_drop_ratio": 0.07,
        "intv_targets": [
            0,
            1,
            2,
            3,
            4,
            5
        ]
    },
    "intv_args_dict": {
        "0": {
            "intv_type": "hard",
            "inode": 0,
            "new_mui": 0.2,
            "new_vari": 1.0,
            "noise_type": "gaussian",
            "obs_noise_gamma_shape": null,
            "true_params": {
                "Si": [
                    [
                        1.0,
                        0.6122761914315713,
                        -1.487187262609273,
                        0.1923298303668997,
                        0.3249234640090434,
                        1.731202566561413
                    ],
                    [
                        0.6122761914315713,
                        1.3748821345939501,
                        -1.8668855665858992,
                        -0.3952349694241055,
                        -0.4481407227207791,
                        2.868429606912183
                    ],
                    [
                        -1.487187262609273,
                        -1.8668855665858992,
                        4.126266654251017,
                        0.2045539535239598,
                        -0.36695209578690197,
                        -4.873107311054518
                    ],
                    [
                        0.1923298303668997,
                        -0.3952349694241055,
                        0.2045539535239598,
                        1.3001535517274045,
                        0.9236284259231623,
                        -0.3758603092391974
                    ],
                    [
                        0.3249234640090434,
                        -0.4481407227207791,
                        -0.36695209578690197,
                        0.9236284259231623,
                        2.056883369426476,
                        -0.821192263337302
                    ],
                    [
                        1.731202566561413,
                        2.868429606912183,
                        -4.873107311054518,
                        -0.3758603092391974,
                        -0.821192263337302,
                        8.017861570224971
                    ]
                ],
                "mui": [
                    0.20000000298023224,
                    0.1224552401110395,
                    -0.297437456954018,
                    0.038465966646567505,
                    0.06498469377015606,
                    0.3462405184716683
                ],
                "Ai": [
                    [
                        0.0,
                        0.0,
                        0.0,
                        0.0,
                        0.0,
                        0.0
                    ],
                    [
                        0.6122761914315713,
                        0.0,
                        0.0,
                        0.0,
                        0.0,
                        0.0
                    ],
                    [
                        -0.9016576136093855,
                        -0.9563162134899494,
                        0.0,
                        0.0,
                        0.0,
                        0.0
                    ],
                    [
                        0.5064238095205003,
                        -0.512993945459831,
                        0.0,
                        0.0,
                        0.0,
                        0.0
                    ],
                    [
                        -0.0,
                        -0.8562079055750255,
                        -0.5025466196857977,
                        0.5291859700073528,
                        0.0,
                        0.0
                    ],
                    [
                        -0.0,
                        0.8497691335356359,
                        -0.8782383703681302,
                        0.544504047443567,
                        -0.6152837615182154,
                        0.0
                    ]
                ]
            },
            "oracle_est_tgt": [
                0,
                2,
                3,
                4,
                5
            ]
        },
        "1": {
            "intv_type": "hard",
            "inode": 1,
            "new_mui": 0.2,
            "new_vari": 1.0,
            "noise_type": "gaussian",
            "obs_noise_gamma_shape": null,
            "true_params": {
                "Si": [
                    [
                        1.0,
                        0.0,
                        -0.9016576136093855,
                        0.5064238095205003,
                        0.7211173607092846,
                        0.62392832501873
                    ],
                    [
                        0.0,
                        1.0,
                        -0.9563162134899494,
                        -0.512993945459831,
                        -0.6470836237709894,
                        1.8084554928613998
                    ],
                    [
                        -0.9016576136093855,
                        -0.9563162134899494,
                        2.7275271523635265,
                        0.033963543898186996,
                        -0.533931017379202,
                        -2.861054629667592
                    ],
                    [
                        0.5064238095205003,
                        -0.512993945459831,
                        0.033963543898186996,
                        1.5196278629277,
                        1.226326952129842,
                        -0.3928500459729653
                    ],
                    [
                        0.7211173607092846,
                        -0.6470836237709894,
                        -0.533931017379202,
                        1.226326952129842,
                        2.4713183598791644,
                        -0.9337750511565117
                    ],
                    [
                        0.62392832501873,
                        1.8084554928613998,
                        -2.861054629667592,
                        -0.3928500459729653,
                        -0.9337750511565117,
                        5.410085798516825
                    ]
                ],
                "mui": [
                    0.0,
                    0.20000000298023224,
                    -0.1912632455480343,
                    -0.1025987906208073,
                    -0.12941672668265736,
                    0.36169110396189735
                ],
                "Ai": [
                    [
                        0.0,
                        0.0,
                        0.0,
                        0.0,
                        0.0,
                        0.0
                    ],
                    [
                        0.0,
                        0.0,
                        0.0,
                        0.0,
                        0.0,
                        0.0
                    ],
                    [
                        -0.9016576136093855,
                        -0.9563162134899494,
                        0.0,
                        0.0,
                        0.0,
                        0.0
                    ],
                    [
                        0.5064238095205003,
                        -0.512993945459831,
                        0.0,
                        0.0,
                        0.0,
                        0.0
                    ],
                    [
                        -0.0,
                        -0.8562079055750255,
                        -0.5025466196857977,
                        0.5291859700073528,
                        0.0,
                        0.0
                    ],
                    [
                        -0.0,
                        0.8497691335356359,
                        -0.8782383703681302,
                        0.544504047443567,
                        -0.6152837615182154,
                        0.0
                    ]
                ]
            },
            "oracle_est_tgt": [
                0,
                1,
                2,
                3,
                4,
                5
            ]
        },
        "2": {
            "intv_type": "hard",
            "inode": 2,
            "new_mui": 0.2,
            "new_vari": 1.0,
            "noise_type": "gaussian",
            "obs_noise_gamma_shape": null,
            "true_params": {
                "Si": [
                    [
                        1.0,
                        0.6122761914315713,
                        0.0,
                        0.1923298303668997,
                        -0.42245746765502157,
                        0.8849489995364584
                    ],
                    [
                        0.6122761914315713,
                        1.3748821345939501,
                        0.0,
                        -0.3952349694241055,
                        -1.386337753548728,
                        1.8061164674230406
                    ],
                    [
                        0.0,
                        0.0,
                        1.0,
                        0.0,
                        -0.5025466196857977,
                        -0.5690295958695886
                    ],
                    [
                        0.1923298303668997,
                        -0.3952349694241055,
                        0.0,
                        1.3001535517274045,
                        1.026426323809994,
                        -0.2594630557319319
                    ],
                    [
                        -0.42245746765502157,
                        -1.386337753548728,
                        -0.5025466196857977,
                        1.026426323809994,
                        2.9827168591496367,
                        -2.0130352682381973
                    ],
                    [
                        0.8849489995364584,
                        1.8061164674230406,
                        -0.5690295958695886,
                        -0.2594630557319319,
                        -2.0130352682381973,
                        4.13183487845658
                    ]
                ],
                "mui": [
                    0.0,
                    0.0,
                    0.20000000298023224,
                    0.0,
                    -0.10050932543486518,
                    -0.11380592086975806
                ],
                "Ai": [
                    [
                        0.0,
                        0.0,
                        0.0,
                        0.0,
                        0.0,
                        0.0
                    ],
                    [
                        0.6122761914315713,
                        0.0,
                        0.0,
                        0.0,
                        0.0,
                        0.0
                    ],
                    [
                        0.0,
                        0.0,
                        0.0,
                        0.0,
                        0.0,
                        0.0
                    ],
                    [
                        0.5064238095205003,
                        -0.512993945459831,
                        0.0,
                        0.0,
                        0.0,
                        0.0
                    ],
                    [
                        -0.0,
                        -0.8562079055750255,
                        -0.5025466196857977,
                        0.5291859700073528,
                        0.0,
                        0.0
                    ],
                    [
                        -0.0,
                        0.8497691335356359,
                        -0.8782383703681302,
                        0.544504047443567,
                        -0.6152837615182154,
                        0.0
                    ]
                ]
            },
            "oracle_est_tgt": [
                0,
                1,
                2,
                4,
                5
            ]
        },
        "3": {
            "intv_type": "hard",
            "inode": 3,
            "new_mui": 0.2,
            "new_vari": 1.0,
            "noise_type": "gaussian",
            "obs_noise_gamma_shape": null,
            "true_params": {
                "Si": [
                    [
                        1.0,
                        0.6122761914315713,
                        -1.487187262609273,
                        0.0,
                        0.22314521616498592,
                        1.689100698656726
                    ],
                    [
                        0.6122761914315713,
                        1.3748821345939501,
                        -1.8668855665858992,
                        0.0,
                        -0.23898792204525743,
                        2.954948325523138
                    ],
                    [
                        -1.487187262609273,
                        -1.8668855665858992,
                        4.126266654251017,
                        0.0,
                        -0.4751991781013176,
                        -4.917885094689112
                    ],
                    [
                        0.0,
                        0.0,
                        0.0,
                        1.0,
                        0.5291859700073528,
                        0.2189045132747774
                    ],
                    [
                        0.22314521616498592,
                        -0.23898792204525743,
                        -0.4751991781013176,
                        0.5291859700073528,
                        1.7234708796770066,
                        -0.5580261508613271
                    ],
                    [
                        1.689100698656726,
                        2.954948325523138,
                        -4.917885094689112,
                        0.2189045132747774,
                        -0.5580261508613271,
                        8.292638092049128
                    ]
                ],
                "mui": [
                    0.0,
                    0.0,
                    0.0,
                    0.20000000298023224,
                    0.10583719557856765,
                    0.043780903307341766
                ],
                "Ai": [
                    [
                        0.0,
                        0.0,
                        0.0,
                        0.0,
                        0.0,
                        0.0
                    ],
                    [
                        0.6122761914315713,
                        0.0,
                        0.0,
                        0.0,
                        0.0,
                        0.0
                    ],
                    [
                        -0.9016576136093855,
                        -0.9563162134899494,
                        0.0,
                        0.0,
                        0.0,
                        0.0
                    ],
                    [
                        0.0,
                        0.0,
                        0.0,
                        0.0,
                        0.0,
                        0.0
                    ],
                    [
                        -0.0,
                        -0.8562079055750255,
                        -0.5025466196857977,
                        0.5291859700073528,
                        0.0,
                        0.0
                    ],
                    [
                        -0.0,
                        0.8497691335356359,
                        -0.8782383703681302,
                        0.544504047443567,
                        -0.6152837615182154,
                        0.0
                    ]
                ]
            },
            "oracle_est_tgt": [
                0,
                1,
                2,
                3,
                4,
                5
            ]
        },
        "4": {
            "intv_type": "hard",
            "inode": 4,
            "new_mui": 0.2,
            "new_vari": 1.0,
            "noise_type": "gaussian",
            "obs_noise_gamma_shape": null,
            "true_params": {
                "Si": [
                    [
                        1.0,
                        0.6122761914315713,
                        -1.487187262609273,
                        0.1923298303668997,
                        0.0,
                        1.9311226977024256
                    ],
                    [
                        0.6122761914315713,
                        1.3748821345939501,
                        -1.8668855665858992,
                        -0.3952349694241055,
                        0.0,
                        2.5926958973470504
                    ],
                    [
                        -1.487187262609273,
                        -1.8668855665858992,
                        4.126266654251017,
                        0.2045539535239598,
                        0.0,
                        -5.098886976847276
                    ],
                    [
                        0.1923298303668997,
                        -0.3952349694241055,
                        0.2045539535239598,
                        1.3001535517274045,
                        0.0,
                        0.19243326290795432
                    ],
                    [
                        0.0,
                        0.0,
                        0.0,
                        0.0,
                        1.0,
                        -0.6152837615182154
                    ],
                    [
                        1.9311226977024256,
                        2.5926958973470504,
                        -5.098886976847276,
                        0.19243326290795432,
                        -0.6152837615182154,
                        8.164585933151791
                    ]
                ],
                "mui": [
                    0.0,
                    0.0,
                    0.0,
                    0.0,
                    0.20000000298023224,
                    -0.12305675413733158
                ],
                "Ai": [
                    [
                        0.0,
                        0.0,
                        0.0,
                        0.0,
                        0.0,
                        0.0
                    ],
                    [
                        0.6122761914315713,
                        0.0,
                        0.0,
                        0.0,
                        0.0,
                        0.0
                    ],
                    [
                        -0.9016576136093855,
                        -0.9563162134899494,
                        0.0,
                        0.0,
                        0.0,
                        0.0
                    ],
                    [
                        0.5064238095205003,
                        -0.512993945459831,
                        0.0,
                        0.0,
                        0.0,
                        0.0
                    ],
                    [
                        0.0,
                        0.0,
                        0.0,
                        0.0,
                        0.0,
                        0.0
                    ],
                    [
                        -0.0,
                        0.8497691335356359,
                        -0.8782383703681302,
                        0.544504047443567,
                        -0.6152837615182154,
                        0.0
                    ]
                ]
            },
            "oracle_est_tgt": [
                1,
                2,
                4,
                5
            ]
        },
        "5": {
            "intv_type": "hard",
            "inode": 5,
            "new_mui": 0.2,
            "new_vari": 1.0,
            "noise_type": "gaussian",
            "obs_noise_gamma_shape": null,
            "true_params": {
                "Si": [
                    [
                        1.0,
                        0.6122761914315713,
                        -1.487187262609273,
                        0.1923298303668997,
                        0.3249234640090434,
                        0.0
                    ],
                    [
                        0.6122761914315713,
                        1.3748821345939501,
                        -1.8668855665858992,
                        -0.3952349694241055,
                        -0.4481407227207791,
                        0.0
                    ],
                    [
                        -1.487187262609273,
                        -1.8668855665858992,
                        4.126266654251017,
                        0.2045539535239598,
                        -0.36695209578690197,
                        0.0
                    ],
                    [
                        0.1923298303668997,
                        -0.3952349694241055,
                        0.2045539535239598,
                        1.3001535517274045,
                        0.9236284259231623,
                        0.0
                    ],
                    [
                        0.3249234640090434,
                        -0.4481407227207791,
                        -0.36695209578690197,
                        0.9236284259231623,
                        2.056883369426476,
                        0.0
                    ],
                    [
                        0.0,
                        0.0,
                        0.0,
                        0.0,
                        0.0,
                        1.0
                    ]
                ],
                "mui": [
                    0.0,
                    0.0,
                    0.0,
                    0.0,
                    0.0,
                    0.20000000298023224
                ],
                "Ai": [
                    [
                        0.0,
                        0.0,
                        0.0,
                        0.0,
                        0.0,
                        0.0
                    ],
                    [
                        0.6122761914315713,
                        0.0,
                        0.0,
                        0.0,
                        0.0,
                        0.0
                    ],
                    [
                        -0.9016576136093855,
                        -0.9563162134899494,
                        0.0,
                        0.0,
                        0.0,
                        0.0
                    ],
                    [
                        0.5064238095205003,
                        -0.512993945459831,
                        0.0,
                        0.0,
                        0.0,
                        0.0
                    ],
                    [
                        -0.0,
                        -0.8562079055750255,
                        -0.5025466196857977,
                        0.5291859700073528,
                        0.0,
                        0.0
                    ],
                    [
                        0.0,
                        0.0,
                        0.0,
                        0.0,
                        0.0,
                        0.0
                    ]
                ]
            },
            "oracle_est_tgt": [
                1,
                2,
                5
            ]
        },
        "obs": {
            "intv_type": "obs",
            "noise_type": "gaussian",
            "obs_noise_gamma_shape": null,
            "true_params": {
                "Si": [
                    [
                        1.0,
                        0.6122761914315713,
                        -1.487187262609273,
                        0.1923298303668997,
                        0.3249234640090434,
                        1.731202566561413
                    ],
                    [
                        0.6122761914315713,
                        1.3748821345939501,
                        -1.8668855665858992,
                        -0.3952349694241055,
                        -0.4481407227207791,
                        2.868429606912183
                    ],
                    [
                        -1.487187262609273,
                        -1.8668855665858992,
                        4.126266654251017,
                        0.2045539535239598,
                        -0.36695209578690197,
                        -4.873107311054518
                    ],
                    [
                        0.1923298303668997,
                        -0.3952349694241055,
                        0.2045539535239598,
                        1.3001535517274045,
                        0.9236284259231623,
                        -0.3758603092391974
                    ],
                    [
                        0.3249234640090434,
                        -0.4481407227207791,
                        -0.36695209578690197,
                        0.9236284259231623,
                        2.056883369426476,
                        -0.821192263337302
                    ],
                    [
                        1.731202566561413,
                        2.868429606912183,
                        -4.873107311054518,
                        -0.3758603092391974,
                        -0.821192263337302,
                        8.017861570224971
                    ]
                ],
                "mui": [
                    0.0,
                    0.0,
                    0.0,
                    0.0,
                    0.0,
                    0.0
                ],
                "Ai": [
                    [
                        0.0,
                        0.0,
                        0.0,
                        0.0,
                        0.0,
                        0.0
                    ],
                    [
                        0.6122761914315713,
                        0.0,
                        0.0,
                        0.0,
                        0.0,
                        0.0
                    ],
                    [
                        -0.9016576136093855,
                        -0.9563162134899494,
                        0.0,
                        0.0,
                        0.0,
                        0.0
                    ],
                    [
                        0.5064238095205003,
                        -0.512993945459831,
                        0.0,
                        0.0,
                        0.0,
                        0.0
                    ],
                    [
                        -0.0,
                        -0.8562079055750255,
                        -0.5025466196857977,
                        0.5291859700073528,
                        0.0,
                        0.0
                    ],
                    [
                        -0.0,
                        0.8497691335356359,
                        -0.8782383703681302,
                        0.544504047443567,
                        -0.6152837615182154,
                        0.0
                    ]
                ]
            },
            "est_params": {
                "mui": [
                    0.02871973650240217,
                    0.04688467148859922,
                    -0.04385972382006278,
                    0.018624098235312418,
                    0.020620772519477342,
                    0.10284596689922554
                ],
                "Si": [
                    [
                        1.005144933453531,
                        0.5290901984538423,
                        -1.1997462797848126,
                        0.2098664966313254,
                        0.2116894142703237,
                        1.2395723603777102
                    ],
                    [
                        0.5290901984538423,
                        1.3312132292774908,
                        -1.4820295614998313,
                        -0.3594539315389952,
                        -0.5233392544397032,
                        2.146610902350219
                    ],
                    [
                        -1.1997462797848126,
                        -1.4820295614998313,
                        3.501989395041662,
                        0.12406242533692897,
                        -0.3691274342529308,
                        -3.3441601564678214
                    ],
                    [
                        0.2098664966313254,
                        -0.3594539315389952,
                        0.12406242533692897,
                        1.2969720222122791,
                        0.7998500331209871,
                        -0.1457765112292628
                    ],
                    [
                        0.2116894142703237,
                        -0.5233392544397032,
                        -0.3691274342529308,
                        0.7998500331209871,
                        2.061138640294212,
                        -0.8353483060247209
                    ],
                    [
                        1.2395723603777102,
                        2.146610902350219,
                        -3.3441601564678214,
                        -0.1457765112292628,
                        -0.8353483060247209,
                        6.19898277822832
                    ]
                ]
            },
            "est_tgt": [
                0,
                1,
                2,
                3,
                4,
                5
            ],
            "oracle_est_tgt": [
                0,
                1,
                2,
                3,
                4,
                5
            ]
        }
    },
    "metric_dict": {
        "param_est_rel_err": 11.141590523784716,
        "est_num_comp": 1,
        "weight_precision_error": 0.0,
        "gm_score_dict": {
            "1": -9.094440873804668,
            "2": -8.956609318941462,
            "3": -8.957980298406612,
            "4": -8.948023864957193,
            "5": -8.910769871816134,
            "6": -8.91374830490865,
            "7": -8.915368404880908
        },
        "est_dag": {
            "amat": [
                [
                    0,
                    0,
                    0,
                    0,
                    0,
                    0
                ],
                [
                    0,
                    0,
                    1,
                    0,
                    0,
                    0
                ],
                [
                    1,
                    0,
                    0,
                    0,
                    0,
                    0
                ],
                [
                    1,
                    1,
                    1,
                    0,
                    0,
                    0
                ],
                [
                    0,
                    1,
                    1,
                    1,
                    0,
                    1
                ],
                [
                    0,
                    1,
                    1,
                    0,
                    0,
                    0
                ]
            ],
            "nodes": [
                0,
                1,
                2,
                3,
                4,
                5
            ]
        },
        "oracle_est_dag": {
            "amat": [
                [
                    0,
                    0,
                    0,
                    0,
                    0,
                    0
                ],
                [
                    0,
                    0,
                    1,
                    0,
                    0,
                    0
                ],
                [
                    1,
                    0,
                    0,
                    0,
                    0,
                    0
                ],
                [
                    1,
                    1,
                    1,
                    0,
                    1,
                    0
                ],
                [
                    0,
                    1,
                    1,
                    0,
                    0,
                    1
                ],
                [
                    0,
                    1,
                    1,
                    0,
                    0,
                    0
                ]
            ],
            "nodes": [
                0,
                1,
                2,
                3,
                4,
                5
            ]
        },
        "igsp_dag": null,
        "intv_base_est_dag": null,
        "act_dag": {
            "amat": [
                [
                    0,
                    1,
                    1,
                    1,
                    0,
                    0
                ],
                [
                    0,
                    0,
                    1,
                    1,
                    1,
                    1
                ],
                [
                    0,
                    0,
                    0,
                    0,
                    1,
                    1
                ],
                [
                    0,
                    0,
                    0,
                    0,
                    1,
                    1
                ],
                [
                    0,
                    0,
                    0,
                    0,
                    0,
                    1
                ],
                [
                    0,
                    0,
                    0,
                    0,
                    0,
                    0
                ]
            ],
            "nodes": [
                0,
                1,
                2,
                3,
                4,
                5
            ]
        },
        "shd": 11,
        "oracle_shd": 10,
        "intv_base_shd": null,
        "igsp_shd": null,
        "avg_js": 0.0,
        "avg_oracle_js": 0.1880952380952381
    }
}