{
    "expt_args": {
        "save_dir": "all_expt_logs/expt_logs_sim_compsel_backward_cameraready_new_mean",
        "exp_name": "266",
        "num_nodes": 6,
        "num_tgt_prior": 7,
        "obs_noise_mean": 0.0,
        "obs_noise_var": 1.0,
        "obs_noise_gamma_shape": null,
        "noise_type": "gaussian",
        "max_edge_strength": 1.0,
        "graph_sparsity_method": "adj_dense_prop",
        "adj_dense_prop": 0.8,
        "num_parents": null,
        "new_noise_mean": 0.1,
        "mix_samples": 4096,
        "stage2_samples": 4096,
        "gmm_tol": 0.001,
        "intv_type": "hard",
        "new_noise_var": 1.0,
        "dtype": "simulation",
        "cutoff_drop_ratio": 0.07,
        "intv_targets": [
            0,
            1,
            2,
            3,
            4,
            5
        ]
    },
    "intv_args_dict": {
        "0": {
            "intv_type": "hard",
            "inode": 0,
            "new_mui": 0.1,
            "new_vari": 1.0,
            "noise_type": "gaussian",
            "obs_noise_gamma_shape": null,
            "true_params": {
                "Si": [
                    [
                        1.0,
                        0.6526190273848375,
                        0.06355899702093187,
                        1.294700403048094,
                        0.5172452326351041,
                        2.59827009229741
                    ],
                    [
                        0.6526190273848375,
                        1.4259115949047312,
                        -0.721800879032,
                        0.7468330441809093,
                        -1.376106259441249,
                        0.8156128136342278
                    ],
                    [
                        0.06355899702093187,
                        -0.721800879032,
                        1.586637157599216,
                        1.049250281300587,
                        3.0139204954945393,
                        2.2308138087640175
                    ],
                    [
                        1.294700403048094,
                        0.7468330441809093,
                        1.049250281300587,
                        3.4816688463305443,
                        3.1416609387899688,
                        6.403724181293269
                    ],
                    [
                        0.5172452326351041,
                        -1.376106259441249,
                        3.0139204954945393,
                        3.1416609387899688,
                        7.6615911919103015,
                        7.465014801646068
                    ],
                    [
                        2.59827009229741,
                        0.8156128136342278,
                        2.2308138087640175,
                        6.403724181293269,
                        7.465014801646068,
                        14.190597366188666
                    ]
                ],
                "mui": [
                    0.10000000149011612,
                    0.06526190371096188,
                    0.006355899796803473,
                    0.12947004223406333,
                    0.051724524034265876,
                    0.25982701310146517
                ],
                "Ai": [
                    [
                        0.0,
                        0.0,
                        0.0,
                        0.0,
                        0.0,
                        0.0
                    ],
                    [
                        0.6526190273848375,
                        0.0,
                        0.0,
                        0.0,
                        0.0,
                        0.0
                    ],
                    [
                        0.5616904984520465,
                        -0.7632806898493563,
                        0.0,
                        0.0,
                        0.0,
                        0.0
                    ],
                    [
                        0.8576621540299845,
                        0.5827887218136416,
                        0.892072607731137,
                        0.0,
                        0.0,
                        0.0
                    ],
                    [
                        0.0,
                        -0.9095408422355953,
                        0.9492212623938369,
                        0.811382570515788,
                        0.0,
                        0.0
                    ],
                    [
                        0.9231370851989915,
                        0.0,
                        -0.9795047928245674,
                        0.9849852468504929,
                        0.8934418802846602,
                        0.0
                    ]
                ]
            },
            "oracle_est_tgt": []
        },
        "1": {
            "intv_type": "hard",
            "inode": 1,
            "new_mui": 0.1,
            "new_vari": 1.0,
            "noise_type": "gaussian",
            "obs_noise_gamma_shape": null,
            "true_params": {
                "Si": [
                    [
                        1.0,
                        0.0,
                        0.5616904984520465,
                        1.3587308617219038,
                        1.6356191032383252,
                        3.172619010144483
                    ],
                    [
                        0.0,
                        1.0,
                        -0.7632806898493563,
                        -0.09811307361109478,
                        -1.7136703400830147,
                        -0.8800676868840198
                    ],
                    [
                        0.5616904984520465,
                        -0.7632806898493563,
                        1.8980936275482176,
                        1.730146637223009,
                        3.8997566166700173,
                        3.847700320914603
                    ],
                    [
                        1.3587308617219038,
                        -0.09811307361109478,
                        1.730146637223009,
                        3.6515692672731945,
                        4.694349481214411,
                        7.350478207136911
                    ],
                    [
                        1.6356191032383252,
                        -1.7136703400830147,
                        3.8997566166700173,
                        4.694349481214411,
                        10.0692984121047,
                        11.310268243596242
                    ],
                    [
                        3.172619010144483,
                        -0.8800676868840198,
                        3.847700320914603,
                        7.350478207136911,
                        11.310268243596242,
                        17.505101277191635
                    ]
                ],
                "mui": [
                    0.0,
                    0.10000000149011612,
                    -0.07632807012231249,
                    -0.00981130750730935,
                    -0.17136703656186927,
                    -0.08800676999980503
                ],
                "Ai": [
                    [
                        0.0,
                        0.0,
                        0.0,
                        0.0,
                        0.0,
                        0.0
                    ],
                    [
                        0.0,
                        0.0,
                        0.0,
                        0.0,
                        0.0,
                        0.0
                    ],
                    [
                        0.5616904984520465,
                        -0.7632806898493563,
                        0.0,
                        0.0,
                        0.0,
                        0.0
                    ],
                    [
                        0.8576621540299845,
                        0.5827887218136416,
                        0.892072607731137,
                        0.0,
                        0.0,
                        0.0
                    ],
                    [
                        0.0,
                        -0.9095408422355953,
                        0.9492212623938369,
                        0.811382570515788,
                        0.0,
                        0.0
                    ],
                    [
                        0.9231370851989915,
                        0.0,
                        -0.9795047928245674,
                        0.9849852468504929,
                        0.8934418802846602,
                        0.0
                    ]
                ]
            },
            "oracle_est_tgt": [
                1,
                5
            ]
        },
        "2": {
            "intv_type": "hard",
            "inode": 2,
            "new_mui": 0.1,
            "new_vari": 1.0,
            "noise_type": "gaussian",
            "obs_noise_gamma_shape": null,
            "true_params": {
                "Si": [
                    [
                        1.0,
                        0.6526190273848375,
                        0.0,
                        1.2380011628308558,
                        0.4109089059726543,
                        2.5096731917490605
                    ],
                    [
                        0.6526190273848375,
                        1.4259115949047312,
                        0.0,
                        1.3907318366016126,
                        -0.16850926050319098,
                        1.82175393751397
                    ],
                    [
                        0.0,
                        0.0,
                        1.0,
                        0.892072607731137,
                        1.673033427941449,
                        1.3939316965491482
                    ],
                    [
                        1.2380011628308558,
                        1.3907318366016126,
                        0.892072607731137,
                        3.6680831109079604,
                        2.5580655842650737,
                        6.167546064071546
                    ],
                    [
                        0.4109089059726543,
                        -0.16850926050319098,
                        1.673033427941449,
                        2.5580655842650737,
                        4.816914786529207,
                        5.563871253542259
                    ],
                    [
                        2.5096731917490605,
                        1.82175393751397,
                        1.3939316965491482,
                        6.167546064071546,
                        5.563871253542259,
                        12.99734709420117
                    ]
                ],
                "mui": [
                    0.0,
                    0.0,
                    0.10000000149011612,
                    0.08920726210240547,
                    0.16730334528715898,
                    0.13939317173203492
                ],
                "Ai": [
                    [
                        0.0,
                        0.0,
                        0.0,
                        0.0,
                        0.0,
                        0.0
                    ],
                    [
                        0.6526190273848375,
                        0.0,
                        0.0,
                        0.0,
                        0.0,
                        0.0
                    ],
                    [
                        0.0,
                        0.0,
                        0.0,
                        0.0,
                        0.0,
                        0.0
                    ],
                    [
                        0.8576621540299845,
                        0.5827887218136416,
                        0.892072607731137,
                        0.0,
                        0.0,
                        0.0
                    ],
                    [
                        0.0,
                        -0.9095408422355953,
                        0.9492212623938369,
                        0.811382570515788,
                        0.0,
                        0.0
                    ],
                    [
                        0.9231370851989915,
                        0.0,
                        -0.9795047928245674,
                        0.9849852468504929,
                        0.8934418802846602,
                        0.0
                    ]
                ]
            },
            "est_params": {
                "mui": [
                    0.021322843019220036,
                    0.014994731839281367,
                    0.0240390706196177,
                    0.04332574104520272,
                    0.060962411441891046,
                    0.10015369282405812
                ],
                "Si": [
                    [
                        0.9979705482651196,
                        0.5498154533215825,
                        0.1294702138848938,
                        1.1241746942105686,
                        0.4381220535726901,
                        1.9090908520952654
                    ],
                    [
                        0.5498154533215825,
                        1.324104518827873,
                        -0.5706831766530246,
                        0.6019715083607035,
                        -1.0613111504308343,
                        0.5713900944980522
                    ],
                    [
                        0.1294702138848938,
                        -0.5706831766530246,
                        1.5232415541630224,
                        1.0205120817118747,
                        2.329111103584708,
                        1.381014649358985
                    ],
                    [
                        1.1241746942105686,
                        0.6019715083607035,
                        1.0205120817118747,
                        3.257667050450484,
                        2.5779165300373896,
                        4.577886190957283
                    ],
                    [
                        0.4381220535726901,
                        -1.0613111504308343,
                        2.329111103584708,
                        2.5779165300373896,
                        6.28228295175678,
                        5.14325714134242
                    ],
                    [
                        1.9090908520952654,
                        0.5713900944980522,
                        1.381014649358985,
                        4.577886190957283,
                        5.14325714134242,
                        10.562959908436262
                    ]
                ]
            },
            "est_tgt": [
                0,
                1,
                4,
                5
            ],
            "oracle_est_tgt": [
                0,
                1,
                2
            ]
        },
        "3": {
            "intv_type": "hard",
            "inode": 3,
            "new_mui": 0.1,
            "new_vari": 1.0,
            "noise_type": "gaussian",
            "obs_noise_gamma_shape": null,
            "true_params": {
                "Si": [
                    [
                        1.0,
                        0.6526190273848375,
                        0.06355899702093187,
                        0.0,
                        -0.5332521084378851,
                        0.38445097656136284
                    ],
                    [
                        0.6526190273848375,
                        1.4259115949047312,
                        -0.721800879032,
                        0.0,
                        -1.9820735745748863,
                        -0.4614032941684547
                    ],
                    [
                        0.06355899702093187,
                        -0.721800879032,
                        1.586637157599216,
                        0.0,
                        2.162577105138455,
                        0.4366919219815526
                    ],
                    [
                        0.0,
                        0.0,
                        0.0,
                        1.0,
                        0.811382570515788,
                        1.7099084162823195
                    ],
                    [
                        -0.5332521084378851,
                        -1.9820735745748863,
                        2.162577105138455,
                        0.811382570515788,
                        5.513882713892101,
                        3.1150141646831635
                    ],
                    [
                        0.38445097656136284,
                        -0.4614032941684547,
                        0.4366919219815526,
                        1.7099084162823195,
                        3.1150141646831635,
                        5.394477799247511
                    ]
                ],
                "mui": [
                    0.0,
                    0.0,
                    0.0,
                    0.10000000149011612,
                    0.08113825826063305,
                    0.17099084417619403
                ],
                "Ai": [
                    [
                        0.0,
                        0.0,
                        0.0,
                        0.0,
                        0.0,
                        0.0
                    ],
                    [
                        0.6526190273848375,
                        0.0,
                        0.0,
                        0.0,
                        0.0,
                        0.0
                    ],
                    [
                        0.5616904984520465,
                        -0.7632806898493563,
                        0.0,
                        0.0,
                        0.0,
                        0.0
                    ],
                    [
                        0.0,
                        0.0,
                        0.0,
                        0.0,
                        0.0,
                        0.0
                    ],
                    [
                        0.0,
                        -0.9095408422355953,
                        0.9492212623938369,
                        0.811382570515788,
                        0.0,
                        0.0
                    ],
                    [
                        0.9231370851989915,
                        0.0,
                        -0.9795047928245674,
                        0.9849852468504929,
                        0.8934418802846602,
                        0.0
                    ]
                ]
            },
            "oracle_est_tgt": [
                0,
                1,
                3,
                4
            ]
        },
        "4": {
            "intv_type": "hard",
            "inode": 4,
            "new_mui": 0.1,
            "new_vari": 1.0,
            "noise_type": "gaussian",
            "obs_noise_gamma_shape": null,
            "true_params": {
                "Si": [
                    [
                        1.0,
                        0.6526190273848375,
                        0.06355899702093187,
                        1.294700403048094,
                        0.0,
                        2.136141539083626
                    ],
                    [
                        0.6526190273848375,
                        1.4259115949047312,
                        -0.721800879032,
                        0.7468330441809093,
                        0.0,
                        2.0450837775409076
                    ],
                    [
                        0.06355899702093187,
                        -0.721800879032,
                        1.586637157599216,
                        1.049250281300587,
                        0.0,
                        -0.46194898575909815
                    ],
                    [
                        1.294700403048094,
                        0.7468330441809093,
                        1.049250281300587,
                        3.4816688463305443,
                        0.0,
                        3.596832724923888
                    ],
                    [
                        0.0,
                        0.0,
                        0.0,
                        0.0,
                        1.0,
                        0.8934418802846602
                    ],
                    [
                        2.136141539083626,
                        2.0450837775409076,
                        -0.46194898575909815,
                        3.596832724923888,
                        0.8934418802846602,
                        7.765498282439307
                    ]
                ],
                "mui": [
                    0.0,
                    0.0,
                    0.0,
                    0.0,
                    0.10000000149011612,
                    0.08934418935979817
                ],
                "Ai": [
                    [
                        0.0,
                        0.0,
                        0.0,
                        0.0,
                        0.0,
                        0.0
                    ],
                    [
                        0.6526190273848375,
                        0.0,
                        0.0,
                        0.0,
                        0.0,
                        0.0
                    ],
                    [
                        0.5616904984520465,
                        -0.7632806898493563,
                        0.0,
                        0.0,
                        0.0,
                        0.0
                    ],
                    [
                        0.8576621540299845,
                        0.5827887218136416,
                        0.892072607731137,
                        0.0,
                        0.0,
                        0.0
                    ],
                    [
                        0.0,
                        0.0,
                        0.0,
                        0.0,
                        0.0,
                        0.0
                    ],
                    [
                        0.9231370851989915,
                        0.0,
                        -0.9795047928245674,
                        0.9849852468504929,
                        0.8934418802846602,
                        0.0
                    ]
                ]
            },
            "oracle_est_tgt": [
                1,
                4,
                5
            ]
        },
        "5": {
            "intv_type": "hard",
            "inode": 5,
            "new_mui": 0.1,
            "new_vari": 1.0,
            "noise_type": "gaussian",
            "obs_noise_gamma_shape": null,
            "true_params": {
                "Si": [
                    [
                        1.0,
                        0.6526190273848375,
                        0.06355899702093187,
                        1.294700403048094,
                        0.5172452326351041,
                        0.0
                    ],
                    [
                        0.6526190273848375,
                        1.4259115949047312,
                        -0.721800879032,
                        0.7468330441809093,
                        -1.376106259441249,
                        0.0
                    ],
                    [
                        0.06355899702093187,
                        -0.721800879032,
                        1.586637157599216,
                        1.049250281300587,
                        3.0139204954945393,
                        0.0
                    ],
                    [
                        1.294700403048094,
                        0.7468330441809093,
                        1.049250281300587,
                        3.4816688463305443,
                        3.1416609387899688,
                        0.0
                    ],
                    [
                        0.5172452326351041,
                        -1.376106259441249,
                        3.0139204954945393,
                        3.1416609387899688,
                        7.6615911919103015,
                        0.0
                    ],
                    [
                        0.0,
                        0.0,
                        0.0,
                        0.0,
                        0.0,
                        1.0
                    ]
                ],
                "mui": [
                    0.0,
                    0.0,
                    0.0,
                    0.0,
                    0.0,
                    0.10000000149011612
                ],
                "Ai": [
                    [
                        0.0,
                        0.0,
                        0.0,
                        0.0,
                        0.0,
                        0.0
                    ],
                    [
                        0.6526190273848375,
                        0.0,
                        0.0,
                        0.0,
                        0.0,
                        0.0
                    ],
                    [
                        0.5616904984520465,
                        -0.7632806898493563,
                        0.0,
                        0.0,
                        0.0,
                        0.0
                    ],
                    [
                        0.8576621540299845,
                        0.5827887218136416,
                        0.892072607731137,
                        0.0,
                        0.0,
                        0.0
                    ],
                    [
                        0.0,
                        -0.9095408422355953,
                        0.9492212623938369,
                        0.811382570515788,
                        0.0,
                        0.0
                    ],
                    [
                        0.0,
                        0.0,
                        0.0,
                        0.0,
                        0.0,
                        0.0
                    ]
                ]
            },
            "oracle_est_tgt": [
                0,
                4,
                5
            ]
        },
        "obs": {
            "intv_type": "obs",
            "noise_type": "gaussian",
            "obs_noise_gamma_shape": null,
            "true_params": {
                "Si": [
                    [
                        1.0,
                        0.6526190273848375,
                        0.06355899702093187,
                        1.294700403048094,
                        0.5172452326351041,
                        2.59827009229741
                    ],
                    [
                        0.6526190273848375,
                        1.4259115949047312,
                        -0.721800879032,
                        0.7468330441809093,
                        -1.376106259441249,
                        0.8156128136342278
                    ],
                    [
                        0.06355899702093187,
                        -0.721800879032,
                        1.586637157599216,
                        1.049250281300587,
                        3.0139204954945393,
                        2.2308138087640175
                    ],
                    [
                        1.294700403048094,
                        0.7468330441809093,
                        1.049250281300587,
                        3.4816688463305443,
                        3.1416609387899688,
                        6.403724181293269
                    ],
                    [
                        0.5172452326351041,
                        -1.376106259441249,
                        3.0139204954945393,
                        3.1416609387899688,
                        7.6615911919103015,
                        7.465014801646068
                    ],
                    [
                        2.59827009229741,
                        0.8156128136342278,
                        2.2308138087640175,
                        6.403724181293269,
                        7.465014801646068,
                        14.190597366188666
                    ]
                ],
                "mui": [
                    0.0,
                    0.0,
                    0.0,
                    0.0,
                    0.0,
                    0.0
                ],
                "Ai": [
                    [
                        0.0,
                        0.0,
                        0.0,
                        0.0,
                        0.0,
                        0.0
                    ],
                    [
                        0.6526190273848375,
                        0.0,
                        0.0,
                        0.0,
                        0.0,
                        0.0
                    ],
                    [
                        0.5616904984520465,
                        -0.7632806898493563,
                        0.0,
                        0.0,
                        0.0,
                        0.0
                    ],
                    [
                        0.8576621540299845,
                        0.5827887218136416,
                        0.892072607731137,
                        0.0,
                        0.0,
                        0.0
                    ],
                    [
                        0.0,
                        -0.9095408422355953,
                        0.9492212623938369,
                        0.811382570515788,
                        0.0,
                        0.0
                    ],
                    [
                        0.9231370851989915,
                        0.0,
                        -0.9795047928245674,
                        0.9849852468504929,
                        0.8934418802846602,
                        0.0
                    ]
                ]
            },
            "est_tgt": [
                0,
                1,
                2,
                3,
                4,
                5
            ],
            "oracle_est_tgt": [
                0,
                1,
                2,
                3,
                4,
                5
            ]
        }
    },
    "metric_dict": {
        "param_est_rel_err": 19.849118152084845,
        "est_num_comp": 1,
        "weight_precision_error": 0.0,
        "gm_score_dict": {
            "1": -9.515961703015423,
            "2": -9.229741062009328,
            "3": -9.221664730247353,
            "4": -9.084662824124829,
            "5": -9.056727850725412,
            "6": -9.059161728094415,
            "7": -9.054720995694694
        },
        "est_dag": {
            "amat": [
                [
                    0,
                    1,
                    0,
                    0,
                    0,
                    0
                ],
                [
                    0,
                    0,
                    0,
                    0,
                    0,
                    0
                ],
                [
                    1,
                    0,
                    0,
                    0,
                    1,
                    0
                ],
                [
                    0,
                    1,
                    1,
                    0,
                    1,
                    1
                ],
                [
                    1,
                    1,
                    0,
                    0,
                    0,
                    0
                ],
                [
                    1,
                    0,
                    0,
                    0,
                    1,
                    0
                ]
            ],
            "nodes": [
                0,
                1,
                2,
                3,
                4,
                5
            ]
        },
        "oracle_est_dag": {
            "amat": [
                [
                    0,
                    1,
                    0,
                    0,
                    0,
                    0
                ],
                [
                    0,
                    0,
                    0,
                    0,
                    0,
                    0
                ],
                [
                    1,
                    0,
                    0,
                    0,
                    1,
                    0
                ],
                [
                    0,
                    1,
                    0,
                    0,
                    1,
                    1
                ],
                [
                    1,
                    1,
                    0,
                    0,
                    0,
                    0
                ],
                [
                    1,
                    0,
                    0,
                    0,
                    1,
                    0
                ]
            ],
            "nodes": [
                0,
                1,
                2,
                3,
                4,
                5
            ]
        },
        "igsp_dag": null,
        "intv_base_est_dag": null,
        "act_dag": {
            "amat": [
                [
                    0,
                    1,
                    1,
                    1,
                    0,
                    1
                ],
                [
                    0,
                    0,
                    1,
                    1,
                    1,
                    0
                ],
                [
                    0,
                    0,
                    0,
                    1,
                    1,
                    1
                ],
                [
                    0,
                    0,
                    0,
                    0,
                    1,
                    1
                ],
                [
                    0,
                    0,
                    0,
                    0,
                    0,
                    1
                ],
                [
                    0,
                    0,
                    0,
                    0,
                    0,
                    0
                ]
            ],
            "nodes": [
                0,
                1,
                2,
                3,
                4,
                5
            ]
        },
        "shd": 10,
        "oracle_shd": 10,
        "intv_base_shd": null,
        "igsp_shd": null,
        "avg_js": 0.0,
        "avg_oracle_js": 0.24999999999999997
    }
}