{
    "expt_args": {
        "save_dir": "all_expt_logs/expt_logs_sim_compsel_backward_cameraready_cutoff_var_all",
        "exp_name": "297",
        "num_nodes": 6,
        "num_tgt_prior": 7,
        "obs_noise_mean": 0.0,
        "obs_noise_var": 1.0,
        "obs_noise_gamma_shape": null,
        "noise_type": "gaussian",
        "max_edge_strength": 1.0,
        "graph_sparsity_method": "adj_dense_prop",
        "adj_dense_prop": 0.8,
        "num_parents": null,
        "new_noise_mean": 1.0,
        "mix_samples": 262144,
        "stage2_samples": 262144,
        "gmm_tol": 0.001,
        "intv_type": "do",
        "new_noise_var": null,
        "dtype": "simulation",
        "cutoff_drop_ratio": 0.15,
        "intv_targets": [
            0,
            1,
            2,
            3,
            4,
            5
        ]
    },
    "intv_args_dict": {
        "0": {
            "intv_type": "do",
            "inode": 0,
            "new_mui": 1.0,
            "new_vari": null,
            "noise_type": "gaussian",
            "obs_noise_gamma_shape": null,
            "true_params": {
                "Si": [
                    [
                        1e-09,
                        -6.66257736508557e-10,
                        -1.618952822980913e-09,
                        -2.747248813680967e-09,
                        -3.423471150809436e-09,
                        2.060894778603119e-10
                    ],
                    [
                        -6.66257736508557e-10,
                        1.0000000004438994,
                        0.9926153194493165,
                        1.5923125136744567,
                        2.9813555543870267,
                        -0.7174191808782473
                    ],
                    [
                        -1.618952822980913e-09,
                        0.9926153194493165,
                        1.985285172885128,
                        2.4386448126901525,
                        4.431698633889461,
                        -1.4348777762739795
                    ],
                    [
                        -2.747248813680967e-09,
                        1.5923125136744567,
                        2.4386448126901525,
                        4.27177933698408,
                        6.8240451568755365,
                        -1.7625464050677997
                    ],
                    [
                        -3.423471150809436e-09,
                        2.9813555543870267,
                        4.431698633889461,
                        6.8240451568755365,
                        12.717905384534745,
                        -3.203039023373707
                    ],
                    [
                        2.060894778603119e-10,
                        -0.7174191808782473,
                        -1.4348777762739795,
                        -1.7625464050677997,
                        -3.203039023373707,
                        2.0370672499900255
                    ]
                ],
                "mui": [
                    1.0,
                    -0.6662577365085569,
                    -1.618952822980913,
                    -2.7472488136809665,
                    -3.4234711508094358,
                    0.20608947786031187
                ],
                "Ai": [
                    [
                        0.0,
                        0.0,
                        0.0,
                        0.0,
                        0.0,
                        0.0
                    ],
                    [
                        -0.6662577365085569,
                        0.0,
                        0.0,
                        0.0,
                        0.0,
                        0.0
                    ],
                    [
                        -0.9576151877395455,
                        0.9926153183706766,
                        0.0,
                        0.0,
                        0.0,
                        0.0
                    ],
                    [
                        -0.8646372930455917,
                        0.7405582234634511,
                        0.858091017352762,
                        0.0,
                        0.0,
                        0.0
                    ],
                    [
                        0.6761098908502383,
                        0.9175160000088005,
                        0.7744079475258504,
                        0.8133769916906732,
                        0.0,
                        0.0
                    ],
                    [
                        -0.9640192101938698,
                        -0.0,
                        -0.7227565074439337,
                        0.0,
                        -0.0,
                        0.0
                    ]
                ]
            },
            "est_params": {
                "mui": [
                    1.0000006000956718,
                    -0.6693085265975112,
                    -1.6189247464466943,
                    -2.7487215723350995,
                    -3.4262762194707226,
                    0.20044488288412712
                ],
                "Si": [
                    [
                        1.0098287988602076e-06,
                        -4.371538677234637e-07,
                        -1.1557101701278266e-06,
                        -1.017565806010944e-06,
                        -2.168913683899633e-06,
                        -9.229762627635922e-08
                    ],
                    [
                        -4.371538677234637e-07,
                        0.9826368126851247,
                        0.9825972893612379,
                        1.5741500882083028,
                        2.9490769911664434,
                        -0.7090382754571293
                    ],
                    [
                        -1.155710170127827e-06,
                        0.9825972893612379,
                        1.9928513443631237,
                        2.4358412392378077,
                        4.437783014728907,
                        -1.429247016254631
                    ],
                    [
                        -1.0175658060109446e-06,
                        1.5741500882083028,
                        2.4358412392378073,
                        4.27031234031676,
                        6.816090230555919,
                        -1.7552104005331683
                    ],
                    [
                        -2.1689136838996336e-06,
                        2.9490769911664434,
                        4.437783014728907,
                        6.816090230555919,
                        12.716731872845115,
                        -3.1895146582676155
                    ],
                    [
                        -9.2297626276359e-08,
                        -0.7090382754571293,
                        -1.429247016254631,
                        -1.7552104005331683,
                        -3.1895146582676155,
                        2.030785126106978
                    ]
                ]
            },
            "est_tgt": [
                0
            ],
            "oracle_est_tgt": [
                0
            ]
        },
        "1": {
            "intv_type": "do",
            "inode": 1,
            "new_mui": 1.0,
            "new_vari": null,
            "noise_type": "gaussian",
            "obs_noise_gamma_shape": null,
            "true_params": {
                "Si": [
                    [
                        1.0,
                        0.0,
                        -0.9576151877395455,
                        -1.6863582837254745,
                        -1.4371199489359983,
                        -0.2718966016279691
                    ],
                    [
                        0.0,
                        1e-09,
                        9.926153183706768e-10,
                        1.592312511844081e-09,
                        2.9813555521061126e-09,
                        -7.174191807409386e-10
                    ],
                    [
                        -0.9576151877395455,
                        9.926153183706768e-10,
                        1.91702684877473,
                        2.4729733233992235,
                        2.8485673304809604,
                        -0.46238419294234295
                    ],
                    [
                        -1.6863582837254745,
                        1.592312511844081e-09,
                        2.4729733233992235,
                        4.580124457686485,
                        4.50029453493863,
                        -0.1616757814411188
                    ],
                    [
                        -1.4371199489359983,
                        2.9813555521061126e-09,
                        2.8485673304809604,
                        4.50029453493863,
                        5.894738201258935,
                        -0.673409336870173
                    ],
                    [
                        -0.2718966016279691,
                        -7.174191807409386e-10,
                        -0.46238419294234295,
                        -0.1616757814411188,
                        -0.673409336870173,
                        1.5963047315440817
                    ]
                ],
                "mui": [
                    0.0,
                    1.0,
                    0.9926153183706766,
                    1.5923125118440808,
                    2.9813555521061126,
                    -0.7174191807409386
                ],
                "Ai": [
                    [
                        0.0,
                        0.0,
                        0.0,
                        0.0,
                        0.0,
                        0.0
                    ],
                    [
                        0.0,
                        0.0,
                        0.0,
                        0.0,
                        0.0,
                        0.0
                    ],
                    [
                        -0.9576151877395455,
                        0.9926153183706766,
                        0.0,
                        0.0,
                        0.0,
                        0.0
                    ],
                    [
                        -0.8646372930455917,
                        0.7405582234634511,
                        0.858091017352762,
                        0.0,
                        0.0,
                        0.0
                    ],
                    [
                        0.6761098908502383,
                        0.9175160000088005,
                        0.7744079475258504,
                        0.8133769916906732,
                        0.0,
                        0.0
                    ],
                    [
                        -0.9640192101938698,
                        -0.0,
                        -0.7227565074439337,
                        0.0,
                        -0.0,
                        0.0
                    ]
                ]
            },
            "est_params": {
                "mui": [
                    -0.005444144855478801,
                    1.000000211929249,
                    0.9997655389975808,
                    1.599345231375935,
                    2.9854584446225507,
                    -0.7139268402649241
                ],
                "Si": [
                    [
                        0.9989518322686307,
                        2.416959589698042e-08,
                        -0.9594380560012581,
                        -1.684488074906455,
                        -1.436935623856471,
                        -0.266967956514337
                    ],
                    [
                        2.4169595896980373e-08,
                        1.0134186203142798e-06,
                        3.4595672780095345e-07,
                        8.619212863017866e-07,
                        7.251770064734844e-07,
                        -2.485095162379588e-07
                    ],
                    [
                        -0.9594380560012582,
                        3.4595672780095345e-07,
                        1.9202684445261102,
                        2.4773003566506575,
                        2.843931234297291,
                        -0.46590303506891445
                    ],
                    [
                        -1.6844880749064548,
                        8.619212863017866e-07,
                        2.4773003566506575,
                        4.5837512884752485,
                        4.49612182497828,
                        -0.1664274732916834
                    ],
                    [
                        -1.436935623856471,
                        7.251770064734844e-07,
                        2.8439312342972913,
                        4.49612182497828,
                        5.875065827861288,
                        -0.6590476893257413
                    ],
                    [
                        -0.2669679565143371,
                        -2.4850951623795864e-07,
                        -0.46590303506891445,
                        -0.1664274732916834,
                        -0.6590476893257414,
                        1.5901939261026856
                    ]
                ]
            },
            "est_tgt": [
                1,
                2
            ],
            "oracle_est_tgt": [
                1
            ]
        },
        "2": {
            "intv_type": "do",
            "inode": 2,
            "new_mui": 1.0,
            "new_vari": null,
            "noise_type": "gaussian",
            "obs_noise_gamma_shape": null,
            "true_params": {
                "Si": [
                    [
                        1.0,
                        -0.6662577365085569,
                        0.0,
                        -1.3580399387631488,
                        -1.0397906825129661,
                        -0.9640192101938698
                    ],
                    [
                        -0.6662577365085569,
                        1.4438993714575057,
                        0.0,
                        1.6453628391520059,
                        2.212637606555068,
                        0.6422852569345344
                    ],
                    [
                        0.0,
                        0.0,
                        1e-09,
                        8.580910173527621e-10,
                        1.4723594378170293e-09,
                        -7.227565074439338e-10
                    ],
                    [
                        -1.3580399387631488,
                        1.6453628391520059,
                        8.580910173527621e-10,
                        3.39269895835148,
                        3.351005769094974,
                        1.3091765885579911
                    ],
                    [
                        -1.0397906825129661,
                        2.212637606555068,
                        1.4723594378170293e-09,
                        3.351005769094974,
                        5.0527486341192835,
                        1.0023781914589371
                    ],
                    [
                        -0.9640192101938698,
                        0.6422852569345344,
                        -7.227565074439338e-10,
                        1.3091765885579911,
                        1.0023781914589371,
                        1.9293330381451894
                    ]
                ],
                "mui": [
                    0.0,
                    0.0,
                    1.0,
                    0.858091017352762,
                    1.4723594378170293,
                    -0.7227565074439337
                ],
                "Ai": [
                    [
                        0.0,
                        0.0,
                        0.0,
                        0.0,
                        0.0,
                        0.0
                    ],
                    [
                        -0.6662577365085569,
                        0.0,
                        0.0,
                        0.0,
                        0.0,
                        0.0
                    ],
                    [
                        0.0,
                        0.0,
                        0.0,
                        0.0,
                        0.0,
                        0.0
                    ],
                    [
                        -0.8646372930455917,
                        0.7405582234634511,
                        0.858091017352762,
                        0.0,
                        0.0,
                        0.0
                    ],
                    [
                        0.6761098908502383,
                        0.9175160000088005,
                        0.7744079475258504,
                        0.8133769916906732,
                        0.0,
                        0.0
                    ],
                    [
                        -0.9640192101938698,
                        -0.0,
                        -0.7227565074439337,
                        0.0,
                        -0.0,
                        0.0
                    ]
                ]
            },
            "est_params": {
                "mui": [
                    0.003907372642359961,
                    -0.0040724618736390165,
                    1.000000135726893,
                    0.8507452155663212,
                    1.4637176102900868,
                    -0.733911811417092
                ],
                "Si": [
                    [
                        1.0062956861034666,
                        -0.6735121462365042,
                        -1.0088997330725246e-08,
                        -1.367852854172623,
                        -1.039825708554506,
                        -0.974372653771675
                    ],
                    [
                        -0.6735121462365045,
                        1.4738982615233576,
                        1.5804541760863736e-07,
                        1.673633323988496,
                        2.2469563109155253,
                        0.6544965102665413
                    ],
                    [
                        -1.0088997330725064e-08,
                        1.580454176086375e-07,
                        1.0093905743548009e-06,
                        2.8544789157954735e-08,
                        8.298611315062133e-07,
                        2.3824076472403218e-07
                    ],
                    [
                        -1.367852854172623,
                        1.673633323988496,
                        2.854478915795529e-08,
                        3.423586953751976,
                        3.377241177943134,
                        1.331062855982083
                    ],
                    [
                        -1.0398257085545064,
                        2.2469563109155253,
                        8.29861131506213e-07,
                        3.377241177943134,
                        5.090477440224203,
                        1.0099571295450327
                    ],
                    [
                        -0.974372653771675,
                        0.6544965102665413,
                        2.3824076472403232e-07,
                        1.3310628559820825,
                        1.0099571295450327,
                        1.9493414446306143
                    ]
                ]
            },
            "est_tgt": [
                1,
                2
            ],
            "oracle_est_tgt": [
                2
            ]
        },
        "3": {
            "intv_type": "do",
            "inode": 3,
            "new_mui": 1.0,
            "new_vari": null,
            "noise_type": "gaussian",
            "obs_noise_gamma_shape": null,
            "true_params": {
                "Si": [
                    [
                        1.0,
                        -0.6662577365085569,
                        -1.618952822980913,
                        0.0,
                        -1.1889221753118404,
                        0.20608947786031187
                    ],
                    [
                        -0.6662577365085569,
                        1.4438993714575057,
                        2.071255161724078,
                        0.0,
                        2.478333788799051,
                        -0.8547278897783803
                    ],
                    [
                        -1.618952822980913,
                        2.071255161724078,
                        4.606293413301987,
                        0.0,
                        4.372969962442383,
                        -1.7685269179089447
                    ],
                    [
                        0.0,
                        0.0,
                        0.0,
                        1e-09,
                        8.133769916906733e-10,
                        0.0
                    ],
                    [
                        -1.1889221753118404,
                        2.478333788799051,
                        4.372969962442383,
                        8.133769916906733e-10,
                        5.8565315562748275,
                        -2.0144486807859887
                    ],
                    [
                        0.20608947786031187,
                        -0.8547278897783803,
                        -1.7685269179089447,
                        0.0,
                        -2.0144486807859887,
                        2.0795401228322885
                    ]
                ],
                "mui": [
                    0.0,
                    0.0,
                    0.0,
                    1.0,
                    0.8133769916906732,
                    0.0
                ],
                "Ai": [
                    [
                        0.0,
                        0.0,
                        0.0,
                        0.0,
                        0.0,
                        0.0
                    ],
                    [
                        -0.6662577365085569,
                        0.0,
                        0.0,
                        0.0,
                        0.0,
                        0.0
                    ],
                    [
                        -0.9576151877395455,
                        0.9926153183706766,
                        0.0,
                        0.0,
                        0.0,
                        0.0
                    ],
                    [
                        0.0,
                        0.0,
                        0.0,
                        0.0,
                        0.0,
                        0.0
                    ],
                    [
                        0.6761098908502383,
                        0.9175160000088005,
                        0.7744079475258504,
                        0.8133769916906732,
                        0.0,
                        0.0
                    ],
                    [
                        -0.9640192101938698,
                        -0.0,
                        -0.7227565074439337,
                        0.0,
                        -0.0,
                        0.0
                    ]
                ]
            },
            "est_params": {
                "mui": [
                    0.008175256925206185,
                    -0.006173608545651251,
                    -0.003503136149944928,
                    0.9999999996745872,
                    0.816181112747211,
                    -0.013630600506641083
                ],
                "Si": [
                    [
                        1.0107315775149222,
                        -0.6821487439290522,
                        -1.6459360231884024,
                        -1.942013351789881e-07,
                        -1.2134760020333062,
                        0.21589926402186566
                    ],
                    [
                        -0.6821487439290522,
                        1.463230482933186,
                        2.101598334049509,
                        -3.02778569112421e-08,
                        2.507689906120917,
                        -0.8700183694641747
                    ],
                    [
                        -1.6459360231884024,
                        2.101598334049509,
                        4.656406672258529,
                        1.9178513171462718e-07,
                        4.413500428299448,
                        -1.7877992945308436
                    ],
                    [
                        -1.9420133517898815e-07,
                        -3.0277856911241944e-08,
                        1.9178513171462705e-07,
                        1.0053573655730995e-06,
                        1.541717554480225e-07,
                        -9.347969884143469e-08
                    ],
                    [
                        -1.2134760020333062,
                        2.507689906120917,
                        4.413500428299448,
                        1.541717554480224e-07,
                        5.903987041874789,
                        -2.0345052702942463
                    ],
                    [
                        0.21589926402186563,
                        -0.8700183694641744,
                        -1.7877992945308436,
                        -9.347969884143465e-08,
                        -2.0345052702942463,
                        2.088249373834819
                    ]
                ]
            },
            "est_tgt": [
                0,
                3,
                4
            ],
            "oracle_est_tgt": [
                3,
                4
            ]
        },
        "4": {
            "intv_type": "do",
            "inode": 4,
            "new_mui": 1.0,
            "new_vari": null,
            "noise_type": "gaussian",
            "obs_noise_gamma_shape": null,
            "true_params": {
                "Si": [
                    [
                        1.0,
                        -0.6662577365085569,
                        -1.618952822980913,
                        -2.7472488136809665,
                        0.0,
                        0.20608947786031187
                    ],
                    [
                        -0.6662577365085569,
                        1.4438993714575057,
                        2.071255161724078,
                        3.4226882880729796,
                        0.0,
                        -0.8547278897783803
                    ],
                    [
                        -1.618952822980913,
                        2.071255161724078,
                        4.606293413301987,
                        6.8863110305822515,
                        0.0,
                        -1.7685269179089447
                    ],
                    [
                        -2.7472488136809665,
                        3.4226882880729796,
                        6.8863110305822515,
                        11.819155373708183,
                        0.0,
                        -2.3287254780654925
                    ],
                    [
                        0.0,
                        0.0,
                        0.0,
                        0.0,
                        1e-09,
                        0.0
                    ],
                    [
                        0.20608947786031187,
                        -0.8547278897783803,
                        -1.7685269179089447,
                        -2.3287254780654925,
                        0.0,
                        2.0795401228322885
                    ]
                ],
                "mui": [
                    0.0,
                    0.0,
                    0.0,
                    0.0,
                    1.0,
                    0.0
                ],
                "Ai": [
                    [
                        0.0,
                        0.0,
                        0.0,
                        0.0,
                        0.0,
                        0.0
                    ],
                    [
                        -0.6662577365085569,
                        0.0,
                        0.0,
                        0.0,
                        0.0,
                        0.0
                    ],
                    [
                        -0.9576151877395455,
                        0.9926153183706766,
                        0.0,
                        0.0,
                        0.0,
                        0.0
                    ],
                    [
                        -0.8646372930455917,
                        0.7405582234634511,
                        0.858091017352762,
                        0.0,
                        0.0,
                        0.0
                    ],
                    [
                        0.0,
                        0.0,
                        0.0,
                        0.0,
                        0.0,
                        0.0
                    ],
                    [
                        -0.9640192101938698,
                        -0.0,
                        -0.7227565074439337,
                        0.0,
                        -0.0,
                        0.0
                    ]
                ]
            },
            "est_params": {
                "mui": [
                    0.00371180532946083,
                    -0.005929354691939148,
                    -0.008419310755437514,
                    -0.026136979787508417,
                    1.000000081689994,
                    0.002105634771148346
                ],
                "Si": [
                    [
                        1.0011047017893795,
                        -0.667678509438277,
                        -1.6213183130538216,
                        -2.7368516987082536,
                        7.881680876599582e-08,
                        0.20320149977499313
                    ],
                    [
                        -0.6676785094382771,
                        1.4560936778736617,
                        2.0814060956511624,
                        3.430059200179656,
                        -1.4791480243221803e-09,
                        -0.8601884391541681
                    ],
                    [
                        -1.6213183130538216,
                        2.0814060956511624,
                        4.604086602516491,
                        6.853435928009473,
                        -7.499684333963907e-07,
                        -1.7702192346687833
                    ],
                    [
                        -2.7368516987082536,
                        3.430059200179656,
                        6.853435928009473,
                        11.730649635971135,
                        -1.0747388899466777e-06,
                        -2.3238559228991233
                    ],
                    [
                        7.881680876599588e-08,
                        -1.4791480243221369e-09,
                        -7.499684333963907e-07,
                        -1.0747388899466777e-06,
                        1.004383283030432e-06,
                        1.0239196494296571e-06
                    ],
                    [
                        0.20320149977499313,
                        -0.8601884391541681,
                        -1.7702192346687833,
                        -2.3238559228991233,
                        1.0239196494296567e-06,
                        2.0966680001174347
                    ]
                ]
            },
            "est_tgt": [
                3,
                4
            ],
            "oracle_est_tgt": [
                3,
                4
            ]
        },
        "5": {
            "intv_type": "do",
            "inode": 5,
            "new_mui": 1.0,
            "new_vari": null,
            "noise_type": "gaussian",
            "obs_noise_gamma_shape": null,
            "true_params": {
                "Si": [
                    [
                        1.0,
                        -0.6662577365085569,
                        -1.618952822980913,
                        -2.7472488136809665,
                        -3.4234711508094358,
                        0.0
                    ],
                    [
                        -0.6662577365085569,
                        1.4438993714575057,
                        2.071255161724078,
                        3.4226882880729796,
                        5.262269692046752,
                        0.0
                    ],
                    [
                        -1.618952822980913,
                        2.071255161724078,
                        4.606293413301987,
                        6.8863110305822515,
                        9.974136912343674,
                        0.0
                    ],
                    [
                        -2.7472488136809665,
                        3.4226882880729796,
                        6.8863110305822515,
                        11.819155373708183,
                        16.229172205202644,
                        0.0
                    ],
                    [
                        -3.4234711508094358,
                        5.262269692046752,
                        9.974136912343674,
                        16.229172205202644,
                        24.438060093239073,
                        0.0
                    ],
                    [
                        0.0,
                        0.0,
                        0.0,
                        0.0,
                        0.0,
                        1e-09
                    ]
                ],
                "mui": [
                    0.0,
                    0.0,
                    0.0,
                    0.0,
                    0.0,
                    1.0
                ],
                "Ai": [
                    [
                        0.0,
                        0.0,
                        0.0,
                        0.0,
                        0.0,
                        0.0
                    ],
                    [
                        -0.6662577365085569,
                        0.0,
                        0.0,
                        0.0,
                        0.0,
                        0.0
                    ],
                    [
                        -0.9576151877395455,
                        0.9926153183706766,
                        0.0,
                        0.0,
                        0.0,
                        0.0
                    ],
                    [
                        -0.8646372930455917,
                        0.7405582234634511,
                        0.858091017352762,
                        0.0,
                        0.0,
                        0.0
                    ],
                    [
                        0.6761098908502383,
                        0.9175160000088005,
                        0.7744079475258504,
                        0.8133769916906732,
                        0.0,
                        0.0
                    ],
                    [
                        0.0,
                        0.0,
                        0.0,
                        0.0,
                        0.0,
                        0.0
                    ]
                ]
            },
            "est_params": {
                "mui": [
                    0.0026554412381958378,
                    -0.009698647406168577,
                    -0.010757132551524955,
                    -0.022255244806773877,
                    -0.02878412555800144,
                    1.0000002112758484
                ],
                "Si": [
                    [
                        0.999368694742255,
                        -0.6758523204247121,
                        -1.6241044782842704,
                        -2.7643553598179866,
                        -3.452716449472365,
                        3.340368234366916e-07
                    ],
                    [
                        -0.6758523204247121,
                        1.447612015524461,
                        2.0845158557844785,
                        3.4498438212798765,
                        5.296946129910823,
                        1.5908071288364466e-07
                    ],
                    [
                        -1.6241044782842704,
                        2.084515855784479,
                        4.626214171904537,
                        6.934444109920944,
                        10.04827467994743,
                        1.3747882854620173e-07
                    ],
                    [
                        -2.7643553598179866,
                        3.4498438212798765,
                        6.934444109920944,
                        11.916188473414339,
                        16.38058446344663,
                        -4.5491169715630575e-07
                    ],
                    [
                        -3.4527164494723657,
                        5.296946129910822,
                        10.04827467994743,
                        16.38058446344663,
                        24.653423024932426,
                        -5.21093427562556e-07
                    ],
                    [
                        3.340368234366918e-07,
                        1.5908071288364468e-07,
                        1.374788285462017e-07,
                        -4.54911697156306e-07,
                        -5.21093427562556e-07,
                        1.008864903621671e-06
                    ]
                ]
            },
            "est_tgt": [
                5
            ],
            "oracle_est_tgt": [
                5
            ]
        },
        "obs": {
            "intv_type": "obs",
            "noise_type": "gaussian",
            "obs_noise_gamma_shape": null,
            "true_params": {
                "Si": [
                    [
                        1.0,
                        -0.6662577365085569,
                        -1.618952822980913,
                        -2.7472488136809665,
                        -3.4234711508094358,
                        0.20608947786031187
                    ],
                    [
                        -0.6662577365085569,
                        1.4438993714575057,
                        2.071255161724078,
                        3.4226882880729796,
                        5.262269692046752,
                        -0.8547278897783803
                    ],
                    [
                        -1.618952822980913,
                        2.071255161724078,
                        4.606293413301987,
                        6.8863110305822515,
                        9.974136912343674,
                        -1.7685269179089447
                    ],
                    [
                        -2.7472488136809665,
                        3.4226882880729796,
                        6.8863110305822515,
                        11.819155373708183,
                        16.229172205202644,
                        -2.3287254780654925
                    ],
                    [
                        -3.4234711508094358,
                        5.262269692046752,
                        9.974136912343674,
                        16.229172205202644,
                        24.438060093239073,
                        -3.908580404608323
                    ],
                    [
                        0.20608947786031187,
                        -0.8547278897783803,
                        -1.7685269179089447,
