{
    "expt_args": {
        "save_dir": "all_expt_logs/expt_logs_sim_compsel_backward_cameraready_cutoff_var_all",
        "exp_name": "191",
        "num_nodes": 6,
        "num_tgt_prior": 7,
        "obs_noise_mean": 0.0,
        "obs_noise_var": 1.0,
        "obs_noise_gamma_shape": null,
        "noise_type": "gaussian",
        "max_edge_strength": 1.0,
        "graph_sparsity_method": "adj_dense_prop",
        "adj_dense_prop": 0.8,
        "num_parents": null,
        "new_noise_mean": 1.0,
        "mix_samples": 8192,
        "stage2_samples": 8192,
        "gmm_tol": 0.001,
        "intv_type": "do",
        "new_noise_var": null,
        "dtype": "simulation",
        "cutoff_drop_ratio": 0.6,
        "intv_targets": [
            0,
            1,
            2,
            3,
            4,
            5
        ]
    },
    "intv_args_dict": {
        "0": {
            "intv_type": "do",
            "inode": 0,
            "new_mui": 1.0,
            "new_vari": null,
            "noise_type": "gaussian",
            "obs_noise_gamma_shape": null,
            "true_params": {
                "Si": [
                    [
                        1e-09,
                        -9.421250809905665e-10,
                        -1.4533832176205973e-09,
                        -5.315320737121354e-11,
                        -1.39661852105601e-09,
                        1.0113473422912504e-09
                    ],
                    [
                        -9.421250809905665e-10,
                        1.0000000008875998,
                        0.9410938130044206,
                        -0.03238080287924491,
                        0.07825604891259301,
                        -1.3325642220619531
                    ],
                    [
                        -1.4533832176205973e-09,
                        0.9410938130044206,
                        1.8856575644103013,
                        -0.9396453060252167,
                        1.7950243963364505,
                        -0.4119350189689781
                    ],
                    [
                        -5.315320737121354e-11,
                        -0.03238080287924491,
                        -0.9396453060252167,
                        1.8276421198832076,
                        -2.5017755166533915,
                        -1.4763321385747221
                    ],
                    [
                        -1.39661852105601e-09,
                        0.07825604891259301,
                        1.7950243963364505,
                        -2.5017755166533915,
                        4.84202027945635,
                        2.856516333482957
                    ],
                    [
                        1.0113473422912504e-09,
                        -1.3325642220619531,
                        -0.4119350189689781,
                        -1.4763321385747221,
                        2.856516333482957,
                        4.7043120607400075
                    ]
                ],
                "mui": [
                    1.0,
                    -0.9421250809905664,
                    -1.4533832176205972,
                    -0.05315320737121354,
                    -1.3966185210560098,
                    1.0113473422912502
                ],
                "Ai": [
                    [
                        0.0,
                        0.0,
                        0.0,
                        0.0,
                        0.0,
                        0.0
                    ],
                    [
                        -0.9421250809905664,
                        0.0,
                        0.0,
                        0.0,
                        0.0,
                        0.0
                    ],
                    [
                        -0.5667551341141088,
                        0.9410938116351518,
                        0.0,
                        0.0,
                        0.0,
                        0.0
                    ],
                    [
                        -0.5989378346886731,
                        0.8232352767880948,
                        -0.9091719328499064,
                        0.0,
                        0.0,
                        0.0
                    ],
                    [
                        -0.9068270791377039,
                        -0.7726452608257537,
                        0.872018002710245,
                        -0.9342128576468333,
                        0.0,
                        0.0
                    ],
                    [
                        0.5134260146883879,
                        -0.8810388760727965,
                        -0.5468869928088684,
                        0.0,
                        0.8069231899519316,
                        0.0
                    ]
                ]
            },
            "oracle_est_tgt": [
                0
            ]
        },
        "1": {
            "intv_type": "do",
            "inode": 1,
            "new_mui": 1.0,
            "new_vari": null,
            "noise_type": "gaussian",
            "obs_noise_gamma_shape": null,
            "true_params": {
                "Si": [
                    [
                        1.0,
                        0.0,
                        -0.5667551341141088,
                        -0.08365997395354086,
                        -1.322891535875869,
                        -0.24409483244632646
                    ],
                    [
                        0.0,
                        1e-09,
                        9.41093811635152e-10,
                        -3.238080292932188e-11,
                        7.825604759680367e-11,
                        -1.3325642211091375e-09
                    ],
                    [
                        -0.5667551341141088,
                        9.41093811635152e-10,
                        1.3212113829303591,
                        -0.8617572131223579,
                        2.4711336820976446,
                        0.9804749228387334
                    ],
                    [
                        -0.08365997395354086,
                        -3.238080292932188e-11,
                        -0.8617572131223579,
                        1.8335925947249905,
                        -2.3885684516401655,
                        -1.499060670587563
                    ],
                    [
                        -1.322891535875869,
                        7.825604759680367e-11,
                        2.4711336820976446,
                        -2.3885684516401655,
                        6.585938284218473,
                        3.2837085316983394
                    ],
                    [
                        -0.24409483244632646,
                        -1.3325642211091375e-09,
                        0.9804749228387334,
                        -1.499060670587563,
                        3.2837085316983394,
                        2.9881669453397093
                    ]
                ],
                "mui": [
                    0.0,
                    1.0,
                    0.9410938116351518,
                    -0.032380802929321884,
                    0.07825604759680367,
                    -1.3325642211091375
                ],
                "Ai": [
                    [
                        0.0,
                        0.0,
                        0.0,
                        0.0,
                        0.0,
                        0.0
                    ],
                    [
                        0.0,
                        0.0,
                        0.0,
                        0.0,
                        0.0,
                        0.0
                    ],
                    [
                        -0.5667551341141088,
                        0.9410938116351518,
                        0.0,
                        0.0,
                        0.0,
                        0.0
                    ],
                    [
                        -0.5989378346886731,
                        0.8232352767880948,
                        -0.9091719328499064,
                        0.0,
                        0.0,
                        0.0
                    ],
                    [
                        -0.9068270791377039,
                        -0.7726452608257537,
                        0.872018002710245,
                        -0.9342128576468333,
                        0.0,
                        0.0
                    ],
                    [
                        0.5134260146883879,
                        -0.8810388760727965,
                        -0.5468869928088684,
                        0.0,
                        0.8069231899519316,
                        0.0
                    ]
                ]
            },
            "oracle_est_tgt": [
                1,
                2,
                5
            ]
        },
        "2": {
            "intv_type": "do",
            "inode": 2,
            "new_mui": 1.0,
            "new_vari": null,
            "noise_type": "gaussian",
            "obs_noise_gamma_shape": null,
            "true_params": {
                "Si": [
                    [
                        1.0,
                        -0.9421250809905664,
                        0.0,
                        -1.3745284365069481,
                        1.1052035383807264,
                        2.2352892019006467
                    ],
                    [
                        -0.9421250809905664,
                        1.887599668231481,
                        0.0,
                        2.1182129913560397,
                        -2.582962214377644,
                        -4.231012325395922
                    ],
                    [
                        0.0,
                        0.0,
                        1e-09,
                        -9.091719328499064e-10,
                        1.7213781121902508e-09,
                        8.421329245931226e-10
                    ],
                    [
                        -1.3745284365069481,
                        2.1182129913560397,
                        -9.091719328499064e-10,
                        3.5670447445412,
                        -3.722546686866244,
                        -5.575755897232634
                    ],
                    [
                        1.1052035383807264,
                        -2.582962214377644,
                        1.7213781121902508e-09,
                        -3.722546686866244,
                        5.471135996830569,
                        7.257916884706067
                    ],
                    [
                        2.2352892019006467,
                        -4.231012325395922,
                        8.421329245931226e-10,
                        -5.575755897232634,
                        7.257916884706067,
                        11.731923414977263
                    ]
                ],
                "mui": [
                    0.0,
                    0.0,
                    1.0,
                    -0.9091719328499064,
                    1.7213781121902507,
                    0.8421329245931226
                ],
                "Ai": [
                    [
                        0.0,
                        0.0,
                        0.0,
                        0.0,
                        0.0,
                        0.0
                    ],
                    [
                        -0.9421250809905664,
                        0.0,
                        0.0,
                        0.0,
                        0.0,
                        0.0
                    ],
                    [
                        0.0,
                        0.0,
                        0.0,
                        0.0,
                        0.0,
                        0.0
                    ],
                    [
                        -0.5989378346886731,
                        0.8232352767880948,
                        -0.9091719328499064,
                        0.0,
                        0.0,
                        0.0
                    ],
                    [
                        -0.9068270791377039,
                        -0.7726452608257537,
                        0.872018002710245,
                        -0.9342128576468333,
                        0.0,
                        0.0
                    ],
                    [
                        0.5134260146883879,
                        -0.8810388760727965,
                        -0.5468869928088684,
                        0.0,
                        0.8069231899519316,
                        0.0
                    ]
                ]
            },
            "oracle_est_tgt": [
                1,
                2,
                3,
                4,
                5
            ]
        },
        "3": {
            "intv_type": "do",
            "inode": 3,
            "new_mui": 1.0,
            "new_vari": null,
            "noise_type": "gaussian",
            "obs_noise_gamma_shape": null,
            "true_params": {
                "Si": [
                    [
                        1.0,
                        -0.9421250809905664,
                        -1.4533832176205972,
                        0.0,
                        -1.446274930807366,
                        0.9712784337331257
                    ],
                    [
                        -0.9421250809905664,
                        1.887599668231481,
                        2.310362593246287,
                        0.0,
                        1.410577371480818,
                        -2.272039874494257
                    ],
                    [
                        -1.4533832176205972,
                        2.310362593246287,
                        3.9979803395591786,
                        0.0,
                        3.0191873802190243,
                        -2.531915149013817
                    ],
                    [
                        0.0,
                        0.0,
                        0.0,
                        1e-09,
                        -9.342128576468332e-10,
                        -7.538380191864925e-10
                    ],
                    [
                        -1.446274930807366,
                        1.410577371480818,
                        3.0191873802190243,
                        -9.342128576468332e-10,
                        3.8544311000107494,
                        -0.5262531442751908
                    ],
                    [
                        0.9712784337331257,
                        -2.272039874494257,
                        -2.531915149013817,
                        -7.538380191864925e-10,
                        -0.5262531442751908,
                        4.460460668791989
                    ]
                ],
                "mui": [
                    0.0,
                    0.0,
                    0.0,
                    1.0,
                    -0.9342128576468333,
                    -0.7538380191864924
                ],
                "Ai": [
                    [
                        0.0,
                        0.0,
                        0.0,
                        0.0,
                        0.0,
                        0.0
                    ],
                    [
                        -0.9421250809905664,
                        0.0,
                        0.0,
                        0.0,
                        0.0,
                        0.0
                    ],
                    [
                        -0.5667551341141088,
                        0.9410938116351518,
                        0.0,
                        0.0,
                        0.0,
                        0.0
                    ],
                    [
                        0.0,
                        0.0,
                        0.0,
                        0.0,
                        0.0,
                        0.0
                    ],
                    [
                        -0.9068270791377039,
                        -0.7726452608257537,
                        0.872018002710245,
                        -0.9342128576468333,
                        0.0,
                        0.0
                    ],
                    [
                        0.5134260146883879,
                        -0.8810388760727965,
                        -0.5468869928088684,
                        0.0,
                        0.8069231899519316,
                        0.0
                    ]
                ]
            },
            "oracle_est_tgt": [
                1,
                2,
                3,
                4
            ]
        },
        "4": {
            "intv_type": "do",
            "inode": 4,
            "new_mui": 1.0,
            "new_vari": null,
            "noise_type": "gaussian",
            "obs_noise_gamma_shape": null,
            "true_params": {
                "Si": [
                    [
                        1.0,
                        -0.9421250809905664,
                        -1.4533832176205972,
                        -0.05315320737121354,
                        0.0,
                        2.1383112144477145
                    ],
                    [
                        -0.9421250809905664,
                        1.887599668231481,
                        2.310362593246287,
                        0.017696166870191044,
                        0.0,
                        -3.4102674667635697
                    ],
                    [
                        -1.4533832176205972,
                        2.310362593246287,
                        3.9979803395591786,
                        -0.8623933265464394,
                        0.0,
                        -4.968167460922768
                    ],
                    [
                        -0.05315320737121354,
                        0.017696166870191044,
                        -0.8623933265464394,
                        1.8304673833342295,
                        0.0,
                        0.4287504425748014
                    ],
                    [
                        0.0,
                        0.0,
                        0.0,
                        0.0,
                        1e-09,
                        8.069231899519316e-10
                    ],
                    [
                        2.1383112144477145,
                        -3.4102674667635697,
                        -4.968167460922768,
                        0.4287504425748014,
                        8.069231899519316e-10,
                        7.819468984148425
                    ]
                ],
                "mui": [
                    0.0,
                    0.0,
                    0.0,
                    0.0,
                    1.0,
                    0.8069231899519316
                ],
                "Ai": [
                    [
                        0.0,
                        0.0,
                        0.0,
                        0.0,
                        0.0,
                        0.0
                    ],
                    [
                        -0.9421250809905664,
                        0.0,
                        0.0,
                        0.0,
                        0.0,
                        0.0
                    ],
                    [
                        -0.5667551341141088,
                        0.9410938116351518,
                        0.0,
                        0.0,
                        0.0,
                        0.0
                    ],
                    [
                        -0.5989378346886731,
                        0.8232352767880948,
                        -0.9091719328499064,
                        0.0,
                        0.0,
                        0.0
                    ],
                    [
                        0.0,
                        0.0,
                        0.0,
                        0.0,
                        0.0,
                        0.0
                    ],
                    [
                        0.5134260146883879,
                        -0.8810388760727965,
                        -0.5468869928088684,
                        0.0,
                        0.8069231899519316,
                        0.0
                    ]
                ]
            },
            "oracle_est_tgt": [
                1,
                2,
                4,
                5
            ]
        },
        "5": {
            "intv_type": "do",
            "inode": 5,
            "new_mui": 1.0,
            "new_vari": null,
            "noise_type": "gaussian",
            "obs_noise_gamma_shape": null,
            "true_params": {
                "Si": [
                    [
                        1.0,
                        -0.9421250809905664,
                        -1.4533832176205972,
                        -0.05315320737121354,
                        -1.3966185210560098,
                        0.0
                    ],
                    [
                        -0.9421250809905664,
                        1.887599668231481,
                        2.310362593246287,
                        0.017696166870191044,
                        1.394045384859622,
                        0.0
                    ],
                    [
                        -1.4533832176205972,
                        2.310362593246287,
                        3.9979803395591786,
                        -0.8623933265464394,
                        3.824846314227532,
                        0.0
                    ],
                    [
                        -0.05315320737121354,
                        0.017696166870191044,
                        -0.8623933265464394,
                        1.8304673833342295,
                        -2.4275407628594587,
                        0.0
                    ],
                    [
                        -1.3966185210560098,
                        1.394045384859622,
                        3.824846314227532,
                        -2.4275407628594587,
                        6.792563570862483,
                        0.0
                    ],
                    [
                        0.0,
                        0.0,
                        0.0,
                        0.0,
                        0.0,
                        1e-09
                    ]
                ],
                "mui": [
                    0.0,
                    0.0,
                    0.0,
                    0.0,
                    0.0,
                    1.0
                ],
                "Ai": [
                    [
                        0.0,
                        0.0,
                        0.0,
                        0.0,
                        0.0,
                        0.0
                    ],
                    [
                        -0.9421250809905664,
                        0.0,
                        0.0,
                        0.0,
                        0.0,
                        0.0
                    ],
                    [
                        -0.5667551341141088,
                        0.9410938116351518,
                        0.0,
                        0.0,
                        0.0,
                        0.0
                    ],
                    [
                        -0.5989378346886731,
                        0.8232352767880948,
                        -0.9091719328499064,
                        0.0,
                        0.0,
                        0.0
                    ],
                    [
                        -0.9068270791377039,
                        -0.7726452608257537,
                        0.872018002710245,
                        -0.9342128576468333,
                        0.0,
                        0.0
                    ],
                    [
                        0.0,
                        0.0,
                        0.0,
                        0.0,
                        0.0,
                        0.0
                    ]
                ]
            },
            "oracle_est_tgt": [
                1,
                2,
                5
            ]
        },
        "obs": {
            "intv_type": "obs",
            "noise_type": "gaussian",
            "obs_noise_gamma_shape": null,
            "true_params": {
                "Si": [
                    [
                        1.0,
                        -0.9421250809905664,
                        -1.4533832176205972,
                        -0.05315320737121354,
                        -1.3966185210560098,
                        1.0113473422912502
                    ],
                    [
                        -0.9421250809905664,
                        1.887599668231481,
                        2.310362593246287,
                        0.017696166870191044,
                        1.394045384859622,
                        -2.2853799178748755
                    ],
                    [
                        -1.4533832176205972,
                        2.310362593246287,
                        3.9979803395591786,
                        -0.8623933265464394,
                        3.824846314227532,
                        -1.8818102719703995
                    ],
                    [
                        -0.05315320737121354,
                        0.017696166870191044,
                        -0.8623933265464394,
                        1.8304673833342295,
                        -2.4275407628594587,
                        -1.5300884935300982
                    ],
                    [
                        -1.3966185210560098,
                        1.394045384859622,
                        3.824846314227532,
                        -2.4275407628594587,
                        6.792563570862483,
                        1.4440499054306908
                    ],
                    [
                        1.0113473422912502,
                        -2.2853799178748755,
                        -1.8818102719703995,
                        -1.5300884935300982,
                        1.4440499054306908,
                        5.727135506476758
                    ]
                ],
                "mui": [
                    0.0,
                    0.0,
                    0.0,
                    0.0,
                    0.0,
                    0.0
                ],
                "Ai": [
                    [
                        0.0,
                        0.0,
                        0.0,
                        0.0,
                        0.0,
                        0.0
                    ],
                    [
                        -0.9421250809905664,
                        0.0,
                        0.0,
                        0.0,
                        0.0,
                        0.0
                    ],
                    [
                        -0.5667551341141088,
                        0.9410938116351518,
                        0.0,
                        0.0,
                        0.0,
                        0.0
                    ],
                    [
                        -0.5989378346886731,
                        0.8232352767880948,
                        -0.9091719328499064,
                        0.0,
                        0.0,
                        0.0
                    ],
                    [
                        -0.9068270791377039,
                        -0.7726452608257537,
                        0.872018002710245,
                        -0.9342128576468333,
                        0.0,
                        0.0
                    ],
                    [
                        0.5134260146883879,
                        -0.8810388760727965,
                        -0.5468869928088684,
                        0.0,
                        0.8069231899519316,
                        0.0
                    ]
                ]
            },
            "est_params": {
                "mui": [
                    0.14413742761241213,
                    0.00491082249447997,
                    0.07155439118848103,
                    -0.009120048273409054,
                    0.0856103346270333,
                    0.2266314560624325
                ],
                "Si": [
                    [
                        0.9865058842184986,
                        -0.8196610373031084,
                        -1.1298417169070272,
                        -0.2783176767949913,
                        -0.8342158897816256,
                        0.9897783786093034
                    ],
                    [
                        -0.8196610373031084,
                        1.77373825796884,
                        1.7995418994957297,
                        0.3277607502387063,
                        0.43550639914240197,
                        -2.282909362824991
                    ],
                    [
                        -1.1298417169070272,
                        1.7995418994957297,
                        3.32749210823949,
                        -0.7161536540360168,
                        2.668671200427133,
                        -1.5304295166326898
                    ],
                    [
                        -0.2783176767949913,
                        0.3277607502387063,
                        -0.7161536540360168,
                        2.12580145612237,
                        -2.259985680279677,
                        -1.6332585399728308
                    ],
                    [
                        -0.8342158897816256,
                        0.43550639914240197,
                        2.668671200427133,
                        -2.259985680279677,
                        5.848653618004824,
                        2.234847913693926
                    ],
                    [
                        0.9897783786093034,
                        -2.282909362824991,
                        -1.5304295166326898,
                        -1.6332585399728308,
                        2.234847913693926,
                        6.117726183908844
                    ]
                ]
            },
            "est_tgt": [
                0,
                1,
                2,
                3,
                4,
                5
            ],
            "oracle_est_tgt": [
                0,
                1,
                2,
                3,
                4,
                5
            ]
        }
    },
    "metric_dict": {
        "param_est_rel_err": 14.474353151903152,
        "est_num_comp": 1,
        "weight_precision_error": 0.0,
        "gm_score_dict": {
            "1": -9.246122939527687,
            "2": -9.098586397026638,
            "3": -8.191654637934175,
            "4": -8.1380295239712,
            "5": -6.473755047722685,
            "6": -4.965310695141313,
            "7": -4.104432707196865
        },
        "est_dag": {
            "amat": [
                [
                    0,
                    0,
                    0,
                    0,
                    1,
                    1
                ],
                [
                    0,
                    0,
                    0,
                    0,
                    0,
                    0
                ],
                [
                    0,
                    1,
                    0,
                    0,
                    0,
                    0
                ],
                [
                    0,
                    0,
                    0,
                    0,
                    1,
                    0
                ],
                [
                    0,
                    0,
                    1,
                    0,
                    0,
                    1
                ],
                [
                    0,
                    1,
                    1,
                    0,
                    0,
                    0
                ]
            ],
            "nodes": [
                0,
                1,
                2,
                3,
                4,
                5
            ]
        },
        "oracle_est_dag": {
            "amat": [
                [
                    0,
                    0,
                    0,
                    0,
                    1,
                    1
                ],
                [
                    0,
                    0,
                    0,
                    0,
                    0,
                    0
                ],
                [
                    0,
                    1,
                    0,
                    0,
                    0,
                    0
                ],
                [
                    0,
                    0,
                    0,
                    0,
                    1,
                    0
                ],
                [
                    0,
                    0,
                    1,
                    0,
                    0,
                    1
                ],
                [
                    0,
                    1,
                    1,
                    0,
                    0,
                    0
                ]
            ],
            "nodes": [
                0,
                1,
                2,
                3,
                4,
                5
            ]
        },
        "igsp_dag": null,
        "intv_base_est_dag": null,
        "act_dag": {
            "amat": [
                [
                    0,
                    1,
                    1,
                    1,
                    1,
                    1
                ],
                [
                    0,
                    0,
                    1,
                    1,
                    1,
                    1
                ],
                [
                    0,
                    0,
                    0,
                    1,
                    1,
                    1
                ],
                [
                    0,
                    0,
                    0,
                    0,
                    1,
                    0
                ],
                [
                    0,
                    0,
                    0,
                    0,
                    0,
                    1
                ],
                [
                    0,
                    0,
                    0,
                    0,
                    0,
                    0
                ]
            ],
            "nodes": [
                0,
                1,
                2,
                3,
                4,
                5
            ]
        },
        "shd": 10,
        "oracle_shd": 10,
        "intv_base_shd": null,
        "igsp_shd": null,
        "avg_js": 0.0,
        "avg_oracle_js": 0.3380952380952381
    }
}