{
    "expt_args": {
        "save_dir": "all_expt_logs/expt_logs_sim_compsel_backward_cameraready_cutoff_var_all",
        "exp_name": "431",
        "num_nodes": 6,
        "num_tgt_prior": 7,
        "obs_noise_mean": 0.0,
        "obs_noise_var": 1.0,
        "obs_noise_gamma_shape": null,
        "noise_type": "gaussian",
        "max_edge_strength": 1.0,
        "graph_sparsity_method": "adj_dense_prop",
        "adj_dense_prop": 0.8,
        "num_parents": null,
        "new_noise_mean": 1.0,
        "mix_samples": 262144,
        "stage2_samples": 262144,
        "gmm_tol": 0.001,
        "intv_type": "do",
        "new_noise_var": null,
        "dtype": "simulation",
        "cutoff_drop_ratio": 0.6,
        "intv_targets": [
            0,
            1,
            2,
            3,
            4,
            5
        ]
    },
    "intv_args_dict": {
        "0": {
            "intv_type": "do",
            "inode": 0,
            "new_mui": 1.0,
            "new_vari": null,
            "noise_type": "gaussian",
            "obs_noise_gamma_shape": null,
            "true_params": {
                "Si": [
                    [
                        1e-09,
                        5.422892663933487e-10,
                        7.40924062957715e-10,
                        5.246632988578801e-10,
                        2.6321380538915576e-10,
                        -1.1080649894160447e-09
                    ],
                    [
                        5.422892663933487e-10,
                        1.0000000002940777,
                        4.0179516655451853e-10,
                        2.84519275441154e-10,
                        0.6064324130127994,
                        -0.17792605480405785
                    ],
                    [
                        7.40924062957715e-10,
                        4.0179516655451853e-10,
                        1.0000000005489684,
                        0.708120204723121,
                        -0.08860284884896316,
                        -1.365291871585456
                    ],
                    [
                        5.246632988578801e-10,
                        2.84519275441154e-10,
                        0.708120204723121,
                        1.501434224061843,
                        0.6320768687742436,
                        -1.083348762712921
                    ],
                    [
                        2.6321380538915576e-10,
                        0.6064324130127994,
                        -0.08860284884896316,
                        0.6320768687742436,
                        1.8583832566351655,
                        0.5819331188271891
                    ],
                    [
                        -1.1080649894160447e-09,
                        -0.17792605480405785,
                        -1.365291871585456,
                        -1.083348762712921,
                        0.5819331188271891,
                        3.3315718390804117
                    ]
                ],
                "mui": [
                    1.0,
                    0.5422892663933486,
                    0.740924062957715,
                    0.5246632988578801,
                    0.26321380538915573,
                    -1.1080649894160446
                ],
                "Ai": [
                    [
                        0.0,
                        0.0,
                        0.0,
                        0.0,
                        0.0,
                        0.0
                    ],
                    [
                        0.5422892663933486,
                        0.0,
                        0.0,
                        0.0,
                        0.0,
                        0.0
                    ],
                    [
                        0.740924062957715,
                        0.0,
                        0.0,
                        0.0,
                        0.0,
                        0.0
                    ],
                    [
                        -0.0,
                        0.0,
                        0.7081202043343853,
                        0.0,
                        0.0,
                        0.0
                    ],
                    [
                        0.0,
                        0.6064324128700613,
                        -0.5806177512532992,
                        0.69481833620578,
                        0.0,
                        0.0
                    ],
                    [
                        0.0,
                        -0.5720168454671668,
                        -0.9054396892816454,
                        -0.5680864874127315,
                        0.6498511341088912,
                        0.0
                    ]
                ]
            },
            "oracle_est_tgt": [
                0
            ]
        },
        "1": {
            "intv_type": "do",
            "inode": 1,
            "new_mui": 1.0,
            "new_vari": null,
            "noise_type": "gaussian",
            "obs_noise_gamma_shape": null,
            "true_params": {
                "Si": [
                    [
                        1.0,
                        0.0,
                        0.740924062957715,
                        0.5246632988578801,
                        -0.06564798290329811,
                        -1.0115776000099463
                    ],
                    [
                        0.0,
                        1e-09,
                        0.0,
                        0.0,
                        6.064324128700614e-10,
                        -1.7792605420316611e-10
                    ],
                    [
                        0.740924062957715,
                        0.0,
                        1.548968467069768,
                        1.0968558674089637,
                        -0.13724301926167484,
                        -2.114794056160848
                    ],
                    [
                        0.5246632988578801,
                        0.0,
                        1.0968558674089637,
                        1.7767058009550047,
                        0.5976337813627348,
                        -1.6140864028035156
                    ],
                    [
                        -0.06564798290329811,
                        6.064324128700614e-10,
                        -0.13724301926167484,
                        0.5976337813627348,
                        1.4949326432135115,
                        0.7562412743646346
                    ],
                    [
                        -1.0115776000099463,
                        -1.7792605420316611e-10,
                        -2.114794056160848,
                        -1.6140864028035156,
                        0.7562412743646346,
                        4.323203397961836
                    ]
                ],
                "mui": [
                    0.0,
                    1.0,
                    0.0,
                    0.0,
                    0.6064324128700613,
                    -0.1779260542031661
                ],
                "Ai": [
                    [
                        0.0,
                        0.0,
                        0.0,
                        0.0,
                        0.0,
                        0.0
                    ],
                    [
                        0.0,
                        0.0,
                        0.0,
                        0.0,
                        0.0,
                        0.0
                    ],
                    [
                        0.740924062957715,
                        0.0,
                        0.0,
                        0.0,
                        0.0,
                        0.0
                    ],
                    [
                        -0.0,
                        0.0,
                        0.7081202043343853,
                        0.0,
                        0.0,
                        0.0
                    ],
                    [
                        0.0,
                        0.6064324128700613,
                        -0.5806177512532992,
                        0.69481833620578,
                        0.0,
                        0.0
                    ],
                    [
                        0.0,
                        -0.5720168454671668,
                        -0.9054396892816454,
                        -0.5680864874127315,
                        0.6498511341088912,
                        0.0
                    ]
                ]
            },
            "oracle_est_tgt": [
                1
            ]
        },
        "2": {
            "intv_type": "do",
            "inode": 2,
            "new_mui": 1.0,
            "new_vari": null,
            "noise_type": "gaussian",
            "obs_noise_gamma_shape": null,
            "true_params": {
                "Si": [
                    [
                        1.0,
                        0.5422892663933486,
                        0.0,
                        0.0,
                        0.3288617882924539,
                        -0.09648738940609813
                    ],
                    [
                        0.5422892663933486,
                        1.2940776484454362,
                        0.0,
                        0.0,
                        0.7847706307879809,
                        -0.2302501298204084
                    ],
                    [
                        0.0,
                        0.0,
                        1e-09,
                        7.081202043343854e-10,
                        -8.860284904398461e-11,
                        -1.3652918707644642e-09
                    ],
                    [
                        0.0,
                        0.0,
                        7.081202043343854e-10,
                        1.0000000005014342,
                        0.6948183361430386,
                        -0.11655800459654325
                    ],
                    [
                        0.3288617882924539,
                        0.7847706307879809,
                        -8.860284904398461e-11,
                        0.6948183361430386,
                        1.958682867513934,
                        0.42923335428573295
                    ],
                    [
                        -0.09648738940609813,
                        -0.2302501298204084,
                        -1.3652918707644642e-09,
                        -0.11655800459654325,
                        0.42923335428573295,
                        1.4768597636554994
                    ]
                ],
                "mui": [
                    0.0,
                    0.0,
                    1.0,
                    0.7081202043343853,
                    -0.0886028490439846,
                    -1.3652918707644641
                ],
                "Ai": [
                    [
                        0.0,
                        0.0,
                        0.0,
                        0.0,
                        0.0,
                        0.0
                    ],
                    [
                        0.5422892663933486,
                        0.0,
                        0.0,
                        0.0,
                        0.0,
                        0.0
                    ],
                    [
                        0.0,
                        0.0,
                        0.0,
                        0.0,
                        0.0,
                        0.0
                    ],
                    [
                        -0.0,
                        0.0,
                        0.7081202043343853,
                        0.0,
                        0.0,
                        0.0
                    ],
                    [
                        0.0,
                        0.6064324128700613,
                        -0.5806177512532992,
                        0.69481833620578,
                        0.0,
                        0.0
                    ],
                    [
                        0.0,
                        -0.5720168454671668,
                        -0.9054396892816454,
                        -0.5680864874127315,
                        0.6498511341088912,
                        0.0
                    ]
                ]
            },
            "oracle_est_tgt": [
                2
            ]
        },
        "3": {
            "intv_type": "do",
            "inode": 3,
            "new_mui": 1.0,
            "new_vari": null,
            "noise_type": "gaussian",
            "obs_noise_gamma_shape": null,
            "true_params": {
                "Si": [
                    [
                        1.0,
                        0.5422892663933486,
                        0.740924062957715,
                        0.0,
                        -0.10133187499151244,
                        -1.0469112827233698
                    ],
                    [
                        0.5422892663933486,
                        1.2940776484454362,
                        0.40179516655451847,
                        0.0,
                        0.5514812247186516,
                        -0.7456548056901419
                    ],
                    [
                        0.740924062957715,
                        0.40179516655451847,
                        1.548968467069768,
                        0.0,
                        -0.6556969757791339,
                        -2.058436554569028
                    ],
                    [
                        0.0,
                        0.0,
                        0.0,
                        1e-09,
                        6.948183362057801e-10,
                        -1.165580036297525e-10
                    ],
                    [
                        -0.10133187499151244,
                        0.5514812247186516,
                        -0.6556969757791339,
                        6.948183362057801e-10,
                        1.7151453938219106,
                        1.392826694456533
                    ],
                    [
                        -1.0469112827233698,
                        -0.7456548056901419,
                        -2.058436554569028,
                        -1.165580036297525e-10,
                        1.392826694456533,
                        4.195447271209201
                    ]
                ],
                "mui": [
                    0.0,
                    0.0,
                    0.0,
                    1.0,
                    0.69481833620578,
                    -0.1165580036297525
                ],
                "Ai": [
                    [
                        0.0,
                        0.0,
                        0.0,
                        0.0,
                        0.0,
                        0.0
                    ],
                    [
                        0.5422892663933486,
                        0.0,
                        0.0,
                        0.0,
                        0.0,
                        0.0
                    ],
                    [
                        0.740924062957715,
                        0.0,
                        0.0,
                        0.0,
                        0.0,
                        0.0
                    ],
                    [
                        0.0,
                        0.0,
                        0.0,
                        0.0,
                        0.0,
                        0.0
                    ],
                    [
                        0.0,
                        0.6064324128700613,
                        -0.5806177512532992,
                        0.69481833620578,
                        0.0,
                        0.0
                    ],
                    [
                        0.0,
                        -0.5720168454671668,
                        -0.9054396892816454,
                        -0.5680864874127315,
                        0.6498511341088912,
                        0.0
                    ]
                ]
            },
            "oracle_est_tgt": [
                3
            ]
        },
        "4": {
            "intv_type": "do",
            "inode": 4,
            "new_mui": 1.0,
            "new_vari": null,
            "noise_type": "gaussian",
            "obs_noise_gamma_shape": null,
            "true_params": {
                "Si": [
                    [
                        1.0,
                        0.5422892663933486,
                        0.740924062957715,
                        0.5246632988578801,
                        0.0,
                        -1.2791147793613045
                    ],
                    [
                        0.5422892663933486,
                        1.2940776484454362,
                        0.40179516655451847,
                        0.284519275441154,
                        0.0,
                        -1.2656670607998985
                    ],
                    [
                        0.740924062957715,
                        0.40179516655451847,
                        1.548968467069768,
                        1.0968558674089637,
                        0.0,
                        -2.255440128141591
                    ],
                    [
                        0.5246632988578801,
                        0.284519275441154,
                        1.0968558674089637,
                        1.7767058009550047,
                        0.0,
                        -2.165209211816327
                    ],
                    [
                        0.0,
                        0.0,
                        0.0,
                        0.0,
                        1e-09,
                        6.498511341088912e-10
                    ],
                    [
                        -1.2791147793613045,
                        -1.2656670607998985,
                        -2.255440128141591,
                        -2.165209211816327,
                        6.498511341088912e-10,
                        4.996173984425068
                    ]
                ],
                "mui": [
                    0.0,
                    0.0,
                    0.0,
                    0.0,
                    1.0,
                    0.6498511341088912
                ],
                "Ai": [
                    [
                        0.0,
                        0.0,
                        0.0,
                        0.0,
                        0.0,
                        0.0
                    ],
                    [
                        0.5422892663933486,
                        0.0,
                        0.0,
                        0.0,
                        0.0,
                        0.0
                    ],
                    [
                        0.740924062957715,
                        0.0,
                        0.0,
                        0.0,
                        0.0,
                        0.0
                    ],
                    [
                        -0.0,
                        0.0,
                        0.7081202043343853,
                        0.0,
                        0.0,
                        0.0
                    ],
                    [
                        0.0,
                        0.0,
                        0.0,
                        0.0,
                        0.0,
                        0.0
                    ],
                    [
                        0.0,
                        -0.5720168454671668,
                        -0.9054396892816454,
                        -0.5680864874127315,
                        0.6498511341088912,
                        0.0
                    ]
                ]
            },
            "oracle_est_tgt": [
                4,
                5
            ]
        },
        "5": {
            "intv_type": "do",
            "inode": 5,
            "new_mui": 1.0,
            "new_vari": null,
            "noise_type": "gaussian",
            "obs_noise_gamma_shape": null,
            "true_params": {
                "Si": [
                    [
                        1.0,
                        0.5422892663933486,
                        0.740924062957715,
                        0.5246632988578801,
                        0.26321380538915573,
                        0.0
                    ],
                    [
                        0.5422892663933486,
                        1.2940776484454362,
                        0.40179516655451847,
                        0.284519275441154,
                        0.7491704342991482,
                        0.0
                    ],
                    [
                        0.740924062957715,
                        0.40179516655451847,
                        1.548968467069768,
                        1.0968558674089637,
                        0.10641859307150994,
                        0.0
                    ],
                    [
                        0.5246632988578801,
                        0.284519275441154,
                        1.0968558674089637,
                        1.7767058009550047,
                        0.7701754920765554,
                        0.0
                    ],
                    [
                        0.26321380538915573,
                        0.7491704342991482,
                        0.10641859307150994,
                        0.7701754920765554,
                        1.9276647639133242,
                        0.0
                    ],
                    [
                        0.0,
                        0.0,
                        0.0,
                        0.0,
                        0.0,
                        1e-09
                    ]
                ],
                "mui": [
                    0.0,
                    0.0,
                    0.0,
                    0.0,
                    0.0,
                    1.0
                ],
                "Ai": [
                    [
                        0.0,
                        0.0,
                        0.0,
                        0.0,
                        0.0,
                        0.0
                    ],
                    [
                        0.5422892663933486,
                        0.0,
                        0.0,
                        0.0,
                        0.0,
                        0.0
                    ],
                    [
                        0.740924062957715,
                        0.0,
                        0.0,
                        0.0,
                        0.0,
                        0.0
                    ],
                    [
                        -0.0,
                        0.0,
                        0.7081202043343853,
                        0.0,
                        0.0,
                        0.0
                    ],
                    [
                        0.0,
                        0.6064324128700613,
                        -0.5806177512532992,
                        0.69481833620578,
                        0.0,
                        0.0
                    ],
                    [
                        0.0,
                        0.0,
                        0.0,
                        0.0,
                        0.0,
                        0.0
                    ]
                ]
            },
            "oracle_est_tgt": [
                4,
                5
            ]
        },
        "obs": {
            "intv_type": "obs",
            "noise_type": "gaussian",
            "obs_noise_gamma_shape": null,
            "true_params": {
                "Si": [
                    [
                        1.0,
                        0.5422892663933486,
                        0.740924062957715,
                        0.5246632988578801,
                        0.26321380538915573,
                        -1.1080649894160446
                    ],
                    [
                        0.5422892663933486,
                        1.2940776484454362,
                        0.40179516655451847,
                        0.284519275441154,
                        0.7491704342991482,
                        -0.7788178044297466
                    ],
                    [
                        0.740924062957715,
                        0.40179516655451847,
                        1.548968467069768,
                        1.0968558674089637,
                        0.10641859307150994,
                        -2.1862838847437973
                    ],
                    [
                        0.5246632988578801,
                        0.284519275441154,
                        1.0968558674089637,
                        1.7767058009550047,
                        0.7701754920765554,
                        -1.6647097948275038
                    ],
                    [
                        0.26321380538915573,
                        0.7491704342991482,
                        0.10641859307150994,
                        0.7701754920765554,
                        1.9276647639133242,
                        0.2902751166361554
                    ],
                    [
                        -1.1080649894160446,
                        -0.7788178044297466,
                        -2.1862838847437973,
                        -1.6647097948275038,
                        0.2902751166361554,
                        4.559379858622183
                    ]
                ],
                "mui": [
                    0.0,
                    0.0,
                    0.0,
                    0.0,
                    0.0,
                    0.0
                ],
                "Ai": [
                    [
                        0.0,
                        0.0,
                        0.0,
                        0.0,
                        0.0,
                        0.0
                    ],
                    [
                        0.5422892663933486,
                        0.0,
                        0.0,
                        0.0,
                        0.0,
                        0.0
                    ],
                    [
                        0.740924062957715,
                        0.0,
                        0.0,
                        0.0,
                        0.0,
                        0.0
                    ],
                    [
                        -0.0,
                        0.0,
                        0.7081202043343853,
                        0.0,
                        0.0,
                        0.0
                    ],
                    [
                        0.0,
                        0.6064324128700613,
                        -0.5806177512532992,
                        0.69481833620578,
                        0.0,
                        0.0
                    ],
                    [
                        0.0,
                        -0.5720168454671668,
                        -0.9054396892816454,
                        -0.5680864874127315,
                        0.6498511341088912,
                        0.0
                    ]
                ]
            },
            "est_params": {
                "mui": [
                    0.14157404627386433,
                    0.22168841553845015,
                    0.24755338411126304,
                    0.3161058987997606,
                    0.35122923268857575,
                    -0.15842234782048426
                ],
                "Si": [
                    [
                        0.9777041809052613,
                        0.42889596156376303,
                        0.598013578223807,
                        0.33170429449809335,
                        0.08493960284801447,
                        -0.7866585083691311
                    ],
                    [
                        0.42889596156376303,
                        1.1960242221051252,
                        0.23067067029654267,
                        0.0913008255624459,
                        0.5200198140256399,
                        -0.5329505973779287
                    ],
                    [
                        0.598013578223807,
                        0.23067067029654267,
                        1.4063231125586768,
                        0.8056813395768183,
                        -0.16960559550148832,
                        -1.693421574566646
                    ],
                    [
                        0.33170429449809335,
                        0.0913008255624459,
                        0.8056813395768183,
                        1.5244328532134177,
                        0.4882456113181501,
                        -1.133321651855364
                    ],
                    [
                        0.08493960284801447,
                        0.5200198140256399,
                        -0.16960559550148832,
                        0.4882456113181501,
                        1.70741613880586,
                        0.5925433434696658
                    ],
                    [
                        -0.7866585083691311,
                        -0.5329505973779287,
                        -1.693421574566646,
                        -1.133321651855364,
                        0.5925433434696658,
                        3.8878050122035397
                    ]
                ]
            },
            "est_tgt": [
                0,
                1,
                2,
                3,
                4,
                5
            ],
            "oracle_est_tgt": [
                0,
                1,
                2,
                3,
                4,
                5
            ]
        }
    },
    "metric_dict": {
        "param_est_rel_err": 10.771567400685624,
        "est_num_comp": 1,
        "weight_precision_error": 0.0,
        "gm_score_dict": {
            "1": -8.772281474764265,
            "2": -8.708119815079646,
            "3": -7.885184734431821,
            "4": -7.181328232976904,
            "5": -6.484311085786377,
            "6": -4.959152486960409,
            "7": -4.102055108071227
        },
        "est_dag": {
            "amat": [
                [
                    0,
                    1,
                    0,
                    0,
                    0,
                    0
                ],
                [
                    0,
                    0,
                    0,
                    0,
                    1,
                    1
                ],
                [
                    1,
                    0,
                    0,
                    1,
                    0,
                    1
                ],
                [
                    0,
                    0,
                    0,
                    0,
                    1,
                    0
                ],
                [
                    0,
                    0,
                    0,
                    0,
                    0,
                    0
                ],
                [
                    0,
                    0,
                    0,
                    1,
                    1,
                    0
                ]
            ],
            "nodes": [
                0,
                1,
                2,
                3,
                4,
                5
            ]
        },
        "oracle_est_dag": {
            "amat": [
                [
                    0,
                    1,
                    1,
                    0,
                    0,
                    0
                ],
                [
                    0,
                    0,
                    0,
                    0,
                    1,
                    1
                ],
                [
                    0,
                    0,
                    0,
                    1,
                    0,
                    1
                ],
                [
                    0,
                    0,
                    0,
                    0,
                    1,
                    1
                ],
                [
                    0,
                    0,
                    0,
                    0,
                    0,
                    0
                ],
                [
                    0,
                    0,
                    0,
                    0,
                    1,
                    0
                ]
            ],
            "nodes": [
                0,
                1,
                2,
                3,
                4,
                5
            ]
        },
        "igsp_dag": null,
        "intv_base_est_dag": null,
        "act_dag": {
            "amat": [
                [
                    0,
                    1,
                    1,
                    0,
                    0,
                    0
                ],
                [
                    0,
                    0,
                    0,
                    0,
                    1,
                    1
                ],
                [
                    0,
                    0,
                    0,
                    1,
                    1,
                    1
                ],
                [
                    0,
                    0,
                    0,
                    0,
                    1,
                    1
                ],
                [
                    0,
                    0,
                    0,
                    0,
                    0,
                    1
                ],
                [
                    0,
                    0,
                    0,
                    0,
                    0,
                    0
                ]
            ],
            "nodes": [
                0,
                1,
                2,
                3,
                4,
                5
            ]
        },
        "shd": 4,
        "oracle_shd": 2,
        "intv_base_shd": null,
        "igsp_shd": null,
        "avg_js": 0.0,
        "avg_oracle_js": 0.7142857142857143
    }
}