{
    "expt_args": {
        "save_dir": "all_expt_logs/expt_logs_sim_compsel_backward_cameraready_cutoff_var_all",
        "exp_name": "61",
        "num_nodes": 6,
        "num_tgt_prior": 7,
        "obs_noise_mean": 0.0,
        "obs_noise_var": 1.0,
        "obs_noise_gamma_shape": null,
        "noise_type": "gaussian",
        "max_edge_strength": 1.0,
        "graph_sparsity_method": "adj_dense_prop",
        "adj_dense_prop": 0.8,
        "num_parents": null,
        "new_noise_mean": 1.0,
        "mix_samples": 16384,
        "stage2_samples": 16384,
        "gmm_tol": 0.001,
        "intv_type": "do",
        "new_noise_var": null,
        "dtype": "simulation",
        "cutoff_drop_ratio": 0.15,
        "intv_targets": [
            0,
            1,
            2,
            3,
            4,
            5
        ]
    },
    "intv_args_dict": {
        "0": {
            "intv_type": "do",
            "inode": 0,
            "new_mui": 1.0,
            "new_vari": null,
            "noise_type": "gaussian",
            "obs_noise_gamma_shape": null,
            "true_params": {
                "Si": [
                    [
                        1e-09,
                        0.0,
                        9.365315239779329e-10,
                        6.062188345609691e-10,
                        1.779202452762916e-10,
                        2.0509206568525912e-10
                    ],
                    [
                        0.0,
                        1.0,
                        -0.9677487014139814,
                        -0.6264257794838505,
                        -0.38164922746990193,
                        -1.4791191147443656
                    ],
                    [
                        9.365315239779329e-10,
                        -0.9677487014139814,
                        1.9365375499655386,
                        1.2535248484079058,
                        -0.2295611469266673,
                        3.1277132716426665
                    ],
                    [
                        6.062188345609691e-10,
                        -0.6264257794838505,
                        1.2535248484079058,
                        1.8114092833387223,
                        -1.073822877545175,
                        3.844268848893929
                    ],
                    [
                        1.779202452762916e-10,
                        -0.38164922746990193,
                        -0.2295611469266673,
                        -1.073822877545175,
                        2.3603852252803126,
                        -3.117370531245454
                    ],
                    [
                        2.0509206568525912e-10,
                        -1.4791191147443656,
                        3.1277132716426665,
                        3.844268848893929,
                        -3.117370531245454,
                        10.341474228740205
                    ]
                ],
                "mui": [
                    1.0,
                    0.0,
                    0.9365315239779328,
                    0.606218834560969,
                    0.1779202452762916,
                    0.20509206568525912
                ],
                "Ai": [
                    [
                        0.0,
                        0.0,
                        0.0,
                        0.0,
                        0.0,
                        0.0
                    ],
                    [
                        -0.0,
                        0.0,
                        0.0,
                        0.0,
                        0.0,
                        0.0
                    ],
                    [
                        0.9365315239779328,
                        -0.9677487014139814,
                        0.0,
                        0.0,
                        0.0,
                        0.0
                    ],
                    [
                        0.0,
                        0.0,
                        0.6473021132124253,
                        0.0,
                        0.0,
                        0.0
                    ],
                    [
                        0.7388105590107545,
                        -0.9612355615707036,
                        -0.0,
                        -0.9252274620280752,
                        0.0,
                        0.0
                    ],
                    [
                        -0.657788905793921,
                        -0.7817791181029585,
                        0.5184062606915655,
                        0.9108153806870303,
                        -0.9823293138725204,
                        0.0
                    ]
                ]
            },
            "est_params": {
                "mui": [
                    0.9999992683308008,
                    -0.02692151725125189,
                    0.9819002339130496,
                    0.6633061289009624,
                    0.17758798160695075,
                    0.24784011351794652
                ],
                "Si": [
                    [
                        1.0129201571260474e-06,
                        -2.033486863604579e-07,
                        2.1869569465539077e-06,
                        2.6224348353957473e-06,
                        -2.7942549698039208e-06,
                        4.623082668450448e-06
                    ],
                    [
                        -2.0334868636045786e-07,
                        0.9895152142444876,
                        -0.9703359106035888,
                        -0.6393020847674672,
                        -0.38438623005885225,
                        -1.4847698669402103
                    ],
                    [
                        2.186956946553908e-06,
                        -0.970335910603589,
                        1.9769657532064593,
                        1.3159015746518175,
                        -0.2388710256718172,
                        3.240555117911572
                    ],
                    [
                        2.6224348353957473e-06,
                        -0.6393020847674672,
                        1.3159015746518175,
                        1.8537360720488327,
                        -1.0725454592539727,
                        3.92857365533582
                    ],
                    [
                        -2.7942549698039208e-06,
                        -0.38438623005885225,
                        -0.23887102567181714,
                        -1.0725454592539725,
                        2.3843440405543115,
                        -3.1673133354468566
                    ],
                    [
                        4.623082668450448e-06,
                        -1.4847698669402103,
                        3.240555117911572,
                        3.92857365533582,
                        -3.1673133354468566,
                        10.614906991081922
                    ]
                ]
            },
            "est_tgt": [
                0
            ],
            "oracle_est_tgt": [
                0
            ]
        },
        "1": {
            "intv_type": "do",
            "inode": 1,
            "new_mui": 1.0,
            "new_vari": null,
            "noise_type": "gaussian",
            "obs_noise_gamma_shape": null,
            "true_params": {
                "Si": [
                    [
                        1.0,
                        0.0,
                        0.9365315239779328,
                        0.606218834560969,
                        0.1779202452762916,
                        0.20509206568525912
                    ],
                    [
                        0.0,
                        1e-09,
                        -9.677487014139814e-10,
                        -6.264257794838506e-10,
                        -3.8164922746990194e-10,
                        -1.4791191147443657e-09
                    ],
                    [
                        0.9365315239779328,
                        -9.677487014139814e-10,
                        1.877091296340967,
                        1.2150451628141585,
                        -0.4322737725484685,
                        1.8883728551835475
                    ],
                    [
                        0.606218834560969,
                        -6.264257794838506e-10,
                        1.2150451628141585,
                        1.7865013015381401,
                        -1.205039188485006,
                        3.042041178330374
                    ],
                    [
                        0.1779202452762916,
                        -3.8164922746990194e-10,
                        -0.4322737725484685,
                        -1.205039188485006,
                        2.2463847062451157,
                        -3.645385167564649
                    ],
                    [
                        0.20509206568525912,
                        -1.4791191147443657e-09,
                        1.8883728551835475,
                        3.042041178330374,
                        -3.645385167564649,
                        8.195743630690828
                    ]
                ],
                "mui": [
                    0.0,
                    1.0,
                    -0.9677487014139814,
                    -0.6264257794838505,
                    -0.38164922746990193,
                    -1.4791191147443656
                ],
                "Ai": [
                    [
                        0.0,
                        0.0,
                        0.0,
                        0.0,
                        0.0,
                        0.0
                    ],
                    [
                        0.0,
                        0.0,
                        0.0,
                        0.0,
                        0.0,
                        0.0
                    ],
                    [
                        0.9365315239779328,
                        -0.9677487014139814,
                        0.0,
                        0.0,
                        0.0,
                        0.0
                    ],
                    [
                        0.0,
                        0.0,
                        0.6473021132124253,
                        0.0,
                        0.0,
                        0.0
                    ],
                    [
                        0.7388105590107545,
                        -0.9612355615707036,
                        -0.0,
                        -0.9252274620280752,
                        0.0,
                        0.0
                    ],
                    [
                        -0.657788905793921,
                        -0.7817791181029585,
                        0.5184062606915655,
                        0.9108153806870303,
                        -0.9823293138725204,
                        0.0
                    ]
                ]
            },
            "est_params": {
                "mui": [
                    0.01059697223205036,
                    1.0000005641744845,
                    -0.9350574383956592,
                    -0.6053829524247324,
                    -0.40731457985796554,
                    -1.4419191713416482
                ],
                "Si": [
                    [
                        0.9871842261314907,
                        -1.9666250882285882e-06,
                        0.9294286154221668,
                        0.644586347787217,
                        0.11255940488448916,
                        0.33405354438719437
                    ],
                    [
                        -1.9666250882285887e-06,
                        1.0114884763181336e-06,
                        -2.4449169171534175e-07,
                        4.544945877104464e-07,
                        -1.348218894899687e-06,
                        5.194626813052438e-07
                    ],
                    [
                        0.9294286154221668,
                        -2.4449169171534186e-07,
                        1.8850958340864334,
                        1.2320785046848357,
                        -0.47254256009767637,
                        1.9494936719896099
                    ],
                    [
                        0.644586347787217,
                        4.544945877104464e-07,
                        1.2320785046848357,
                        1.796941426430614,
                        -1.1888686207240038,
                        3.041426550124581
                    ],
                    [
                        0.11255940488448914,
                        -1.348218894899688e-06,
                        -0.47254256009767637,
                        -1.1888686207240038,
                        2.2048355153458425,
                        -3.5436529723176613
                    ],
                    [
                        0.3340535443871943,
                        5.194626813052445e-07,
                        1.9494936719896099,
                        3.041426550124581,
                        -3.543652972317662,
                        8.057966922609353
                    ]
                ]
            },
            "est_tgt": [
                1
            ],
            "oracle_est_tgt": [
                1
            ]
        },
        "2": {
            "intv_type": "do",
            "inode": 2,
            "new_mui": 1.0,
            "new_vari": null,
            "noise_type": "gaussian",
            "obs_noise_gamma_shape": null,
            "true_params": {
                "Si": [
                    [
                        1.0,
                        0.0,
                        0.0,
                        0.0,
                        0.7388105590107545,
                        -1.3835441753087288
                    ],
                    [
                        0.0,
                        1.0,
                        0.0,
                        0.0,
                        -0.9612355615707036,
                        0.1624707515646575
                    ],
                    [
                        0.0,
                        0.0,
                        1e-09,
                        6.473021132124253e-10,
                        -5.98901691372942e-10,
                        1.696297668920134e-09
                    ],
                    [
                        0.0,
                        0.0,
                        6.473021132124253e-10,
                        1.000000000419,
                        -0.9252274624157455,
                        1.8196934397350997
                    ],
                    [
                        0.7388105590107545,
                        -0.9612355615707036,
                        -5.98901691372942e-10,
                        -0.9252274624157455,
                        3.325860703783526,
                        -3.844309366482748
                    ],
                    [
                        -1.3835441753087288,
                        0.1624707515646575,
                        1.696297668920134e-09,
                        1.8196934397350997,
                        -3.844309366482748,
                        7.216846324534228
                    ]
                ],
                "mui": [
                    0.0,
                    0.0,
                    1.0,
                    0.6473021132124253,
                    -0.598901691372942,
                    1.696297668920134
                ],
                "Ai": [
                    [
                        0.0,
                        0.0,
                        0.0,
                        0.0,
                        0.0,
                        0.0
                    ],
                    [
                        -0.0,
                        0.0,
                        0.0,
                        0.0,
                        0.0,
                        0.0
                    ],
                    [
                        0.0,
                        0.0,
                        0.0,
                        0.0,
                        0.0,
                        0.0
                    ],
                    [
                        0.0,
                        0.0,
                        0.6473021132124253,
                        0.0,
                        0.0,
                        0.0
                    ],
                    [
                        0.7388105590107545,
                        -0.9612355615707036,
                        -0.0,
                        -0.9252274620280752,
                        0.0,
                        0.0
                    ],
                    [
                        -0.657788905793921,
                        -0.7817791181029585,
                        0.5184062606915655,
                        0.9108153806870303,
                        -0.9823293138725204,
                        0.0
                    ]
                ]
            },
            "est_params": {
                "mui": [
                    -0.025346374821863783,
                    0.033581195563071035,
                    1.0000000539334795,
                    0.660048429234206,
                    -0.5988649407250793,
                    1.6722275361175836
                ],
                "Si": [
                    [
                        0.982159559195793,
                        0.00589964005015025,
                        9.054753987425819e-07,
                        0.003625459957334433,
                        0.7218597599390776,
                        -1.3650599321103318
                    ],
                    [
                        0.0058996400501502505,
                        1.0067282251537737,
                        1.1112792407564451e-08,
                        0.017076518776548734,
                        -0.9824117742351963,
                        0.19068487690972327
                    ],
                    [
                        9.054753987425822e-07,
                        1.1112792407564405e-08,
                        1.005187043904268e-06,
                        -7.259261871942644e-07,
                        1.2734184544870452e-06,
                        -1.8645064064390816e-06
                    ],
                    [
                        0.0036254599573344354,
                        0.017076518776548748,
                        -7.259261871942648e-07,
                        1.0851406427301828,
                        -1.0428172784227647,
                        1.9843088742288726
                    ],
                    [
                        0.7218597599390776,
                        -0.9824117742351963,
                        1.273418454487045e-06,
                        -1.0428172784227647,
                        3.4765821501603904,
                        -4.064278632552926
                    ],
                    [
                        -1.365059932110332,
                        0.19068487690972327,
                        -1.8645064064390822e-06,
                        1.9843088742288726,
                        -4.064278632552926,
                        7.539549838356261
                    ]
                ]
            },
            "est_tgt": [
                2
            ],
            "oracle_est_tgt": [
                2
            ]
        },
        "3": {
            "intv_type": "do",
            "inode": 3,
            "new_mui": 1.0,
            "new_vari": null,
            "noise_type": "gaussian",
            "obs_noise_gamma_shape": null,
            "true_params": {
                "Si": [
                    [
                        1.0,
                        0.0,
                        0.9365315239779328,
                        0.0,
                        0.7388105590107545,
                        -0.8980403699435554
                    ],
                    [
                        0.0,
                        1.0,
                        -0.9677487014139814,
                        0.0,
                        -0.9612355615707036,
                        -0.33921623402448287
                    ],
                    [
                        0.9365315239779328,
                        -0.9677487014139814,
                        2.8136288444928765,
                        0.0,
                        1.622153845224318,
                        0.005639214410355531
                    ],
                    [
                        0.0,
                        0.0,
                        0.0,
                        1e-09,
                        -9.252274620280752e-10,
                        1.8196934386370828e-09
                    ],
                    [
                        0.7388105590107545,
                        -0.9612355615707036,
                        1.622153845224318,
                        -9.252274620280752e-10,
                        2.4698148477899755,
                        -1.3197443160819506
                    ],
                    [
                        -0.8980403699435554,
                        -0.33921623402448287,
                        0.005639214410355531,
                        1.8196934386370828e-09,
                        -1.3197443160819506,
                        3.155260094802863
                    ]
                ],
                "mui": [
                    0.0,
                    0.0,
                    0.0,
                    1.0,
                    -0.9252274620280752,
                    1.8196934386370827
                ],
                "Ai": [
                    [
                        0.0,
                        0.0,
                        0.0,
                        0.0,
                        0.0,
                        0.0
                    ],
                    [
                        -0.0,
                        0.0,
                        0.0,
                        0.0,
                        0.0,
                        0.0
                    ],
                    [
                        0.9365315239779328,
                        -0.9677487014139814,
                        0.0,
                        0.0,
                        0.0,
                        0.0
                    ],
                    [
                        0.0,
                        0.0,
                        0.0,
                        0.0,
                        0.0,
                        0.0
                    ],
                    [
                        0.7388105590107545,
                        -0.9612355615707036,
                        -0.0,
                        -0.9252274620280752,
                        0.0,
                        0.0
                    ],
                    [
                        -0.657788905793921,
                        -0.7817791181029585,
                        0.5184062606915655,
                        0.9108153806870303,
                        -0.9823293138725204,
                        0.0
                    ]
                ]
            },
            "est_params": {
                "mui": [
                    -0.0111626761681621,
                    0.0148354085143411,
                    -0.05999576544010932,
                    1.000000317514178,
                    -0.9738548552935772,
                    1.8231380501998697
                ],
                "Si": [
                    [
                        0.9859495373914736,
                        -0.00883150587152918,
                        0.9314457430374992,
                        -6.876911641059928e-07,
                        0.7457314394554572,
                        -0.8676728961757031
                    ],
                    [
                        -0.008831505871529175,
                        0.9760512351123712,
                        -0.9476825826616276,
                        -1.4101241416382237e-06,
                        -0.9116347884329594,
                        -0.38986086250452107
                    ],
                    [
                        0.9314457430374992,
                        -0.9476825826616276,
                        2.790976064143492,
                        2.2417902172521264e-06,
                        1.5951064807467663,
                        0.04546780863366294
                    ],
                    [
                        -6.876911641059926e-07,
                        -1.4101241416382237e-06,
                        2.241790217252125e-06,
                        1.0092448005993183e-06,
                        2.1925718767775966e-06,
                        9.707964017718374e-07
                    ],
                    [
                        0.7457314394554572,
                        -0.9116347884329594,
                        1.5951064807467659,
                        2.192571876777596e-06,
                        2.4222006017753888,
                        -1.2937497962344293
                    ],
                    [
                        -0.8676728961757031,
                        -0.38986086250452107,
                        0.04546780863366294,
                        9.707964017718377e-07,
                        -1.2937497962344293,
                        3.1797863067278738
                    ]
                ]
            },
            "est_tgt": [
                3
            ],
            "oracle_est_tgt": [
                3
            ]
        },
        "4": {
            "intv_type": "do",
            "inode": 4,
            "new_mui": 1.0,
            "new_vari": null,
            "noise_type": "gaussian",
            "obs_noise_gamma_shape": null,
            "true_params": {
                "Si": [
                    [
                        1.0,
                        0.0,
                        0.9365315239779328,
                        0.606218834560969,
                        0.0,
                        0.3798683381515492
                    ],
                    [
                        0.0,
                        1.0,
                        -0.9677487014139814,
                        -0.6264257794838505,
                        0.0,
                        -1.8540243385048518
                    ],
                    [
                        0.9365315239779328,
                        -0.9677487014139814,
                        2.8136288444928765,
                        1.8212678968356733,
                        0.0,
                        3.2579673009746815
                    ],
                    [
                        0.606218834560969,
                        -0.6264257794838505,
                        1.8212678968356733,
                        2.1789105583476807,
                        0.0,
                        3.0197044993849227
                    ],
                    [
                        0.0,
                        0.0,
                        0.0,
                        0.0,
                        1e-09,
                        -9.823293138725206e-10
                    ],
                    [
                        0.3798683381515492,
                        -1.8540243385048518,
                        3.2579673009746815,
                        3.0197044993849227,
                        -9.823293138725206e-10,
                        6.638908283887546
                    ]
                ],
                "mui": [
                    0.0,
                    0.0,
                    0.0,
                    0.0,
                    1.0,
                    -0.9823293138725204
                ],
                "Ai": [
                    [
                        0.0,
                        0.0,
                        0.0,
                        0.0,
                        0.0,
                        0.0
                    ],
                    [
                        -0.0,
                        0.0,
                        0.0,
                        0.0,
                        0.0,
                        0.0
                    ],
                    [
                        0.9365315239779328,
                        -0.9677487014139814,
                        0.0,
                        0.0,
                        0.0,
                        0.0
                    ],
                    [
                        0.0,
                        0.0,
                        0.6473021132124253,
                        0.0,
                        0.0,
                        0.0
                    ],
                    [
                        0.0,
                        0.0,
                        0.0,
                        0.0,
                        0.0,
                        0.0
                    ],
                    [
                        -0.657788905793921,
                        -0.7817791181029585,
                        0.5184062606915655,
                        0.9108153806870303,
                        -0.9823293138725204,
                        0.0
                    ]
                ]
            },
            "est_params": {
                "mui": [
                    0.020171252470078532,
                    -0.0273917735316488,
                    0.03751751009309228,
                    0.04417839144417593,
                    1.000000897180026,
                    -0.8926717209409972
                ],
                "Si": [
                    [
                        1.0269887002610851,
                        -0.003231918601446945,
                        0.9641030307170699,
                        0.5868360343385353,
                        1.2066397368473349e-06,
                        0.3833612009100705
                    ],
                    [
                        -0.003231918601446951,
                        0.9559191855319362,
                        -0.9230861170405705,
                        -0.6023071008421408,
                        -1.2142192695603837e-06,
                        -1.7755450862604356
                    ],
                    [
                        0.9641030307170699,
                        -0.9230861170405705,
                        2.785403342457386,
                        1.7702130422602924,
                        2.5556628386507496e-06,
                        3.161697421862368
                    ],
                    [
                        0.5868360343385353,
                        -0.6023071008421408,
                        1.7702130422602924,
                        2.176126075320256,
                        3.163495627710715e-06,
                        3.0192619662325373
                    ],
                    [
                        1.2066397368473353e-06,
                        -1.2142192695603842e-06,
                        2.5556628386507488e-06,
                        3.163495627710715e-06,
                        1.0056651043698783e-06,
                        4.651036904173606e-06
                    ],
                    [
                        0.3833612009100705,
                        -1.7755450862604356,
                        3.161697421862368,
                        3.0192619662325377,
                        4.651036904173606e-06,
                        6.53817814822081
                    ]
                ]
            },
            "est_tgt": [
                4,
                5
            ],
            "oracle_est_tgt": [
                4,
                5
            ]
        },
        "5": {
            "intv_type": "do",
            "inode": 5,
            "new_mui": 1.0,
            "new_vari": null,
            "noise_type": "gaussian",
            "obs_noise_gamma_shape": null,
            "true_params": {
                "Si": [
                    [
                        1.0,
                        0.0,
                        0.9365315239779328,
                        0.606218834560969,
                        0.1779202452762916,
                        0.0
                    ],
                    [
                        0.0,
                        1.0,
                        -0.9677487014139814,
                        -0.6264257794838505,
                        -0.38164922746990193,
                        0.0
                    ],
                    [
                        0.9365315239779328,
                        -0.9677487014139814,
                        2.8136288444928765,
                        1.8212678968356733,
                        -0.06293322863816231,
                        0.0
                    ],
                    [
                        0.606218834560969,
                        -0.6264257794838505,
                        1.8212678968356733,
                        2.1789105583476807,
                        -0.9659642739168383,
                        0.0
                    ],
                    [
                        0.1779202452762916,
                        -0.38164922746990193,
                        -0.06293322863816231,
                        -0.9659642739168383,
                        2.3920408389278327,
                        0.0
                    ],
                    [
                        0.0,
                        0.0,
                        0.0,
                        0.0,
                        0.0,
                        1e-09
                    ]
                ],
                "mui": [
                    0.0,
                    0.0,
                    0.0,
                    0.0,
                    0.0,
                    1.0
                ],
                "Ai": [
                    [
                        0.0,
                        0.0,
                        0.0,
                        0.0,
                        0.0,
                        0.0
                    ],
                    [
                        -0.0,
                        0.0,
                        0.0,
                        0.0,
                        0.0,
                        0.0
                    ],
                    [
                        0.9365315239779328,
                        -0.9677487014139814,
                        0.0,
                        0.0,
                        0.0,
                        0.0
                    ],
                    [
                        0.0,
                        0.0,
                        0.6473021132124253,
                        0.0,
                        0.0,
                        0.0
                    ],
                    [
                        0.7388105590107545,
                        -0.9612355615707036,
                        -0.0,
                        -0.9252274620280752,
                        0.0,
                        0.0
                    ],
                    [
                        0.0,
                        0.0,
                        0.0,
                        0.0,
                        0.0,
                        0.0
                    ]
                ]
            },
            "est_params": {
                "mui": [
                    -0.019500442951850352,
                    -0.018026327004106276,
                    -0.031241838633746896,
                    -0.02782529372980285,
                    0.02346374857996302,
                    1.0000010366188463
                ],
                "Si": [
                    [
                        0.9991789319850934,
                        -0.023560989593112015,
                        0.948989488842518,
                        0.6123342654714626,
                        0.23201668239434814,
                        1.4108127792680923e-07
                    ],
                    [
                        -0.02356098959311202,
                        0.9772628472153548,
                        -0.9630856348468604,
                        -0.6452235309265011,
                        -0.344990015978736,
                        -1.20480367909566e-06
                    ],
                    [
                        0.948989488842518,
                        -0.9630856348468604,
                        2.8384898294222887,
                        1.844284210882731,
                        -0.06734065491591809,
                        6.858055051175699e-07
                    ],
                    [
                        0.6123342654714626,
                        -0.6452235309265011,
                        1.844284210882731,
                        2.192408353718615,
                        -0.983219659658216,
                        1.2482767119216467e-06
                    ],
                    [
                        0.23201668239434808,
                        -0.344990015978736,
                        -0.06734065491591808,
                        -0.9832196596582158,
                        2.4755150435636493,
                        -8.879567111221192e-07
                    ],
                    [
                        1.4108127792680923e-07,
                        -1.20480367909566e-06,
                        6.858055051175699e-07,
                        1.248276711921647e-06,
                        -8.879567111221186e-07,
                        1.0058173565521078e-06
                    ]
                ]
            },
            "est_tgt": [
                4,
                5
            ],
            "oracle_est_tgt": [
                4,
                5
            ]
        },
        "obs": {
            "intv_type": "obs",
            "noise_type": "gaussian",
            "obs_noise_gamma_shape": null,
            "true_params": {
                "Si": [
                    [
                        1.0,
                        0.0,
                        0.9365315239779328,
                        0.606218834560969,
                        0.1779202452762916,
                        0.20509206568525912
                    ],
                    [
                        0.0,
                        1.0,
                        -0.9677487014139814,
                        -0.6264257794838505,
                        -0.38164922746990193,
                        -1.4791191147443656
                    ],
                    [
                        0.9365315239779328,
                        -0.9677487014139814,
                        2.8136288444928765,
                        1.8212678968356733,
                        -0.06293322863816231,
                        3.3197884562825895
                    ],
                    [
                        0.606218834560969,
                        -0.6264257794838505,
                        1.8212678968356733,
                        2.1789105583476807,
                        -0.9659642739168383,
                        3.968599521807018
                    ],
                    [
                        0.1779202452762916,
                        -0.38164922746990193,
                        -0.06293322863816231,
                        -0.9659642739168383,
                        2.3920408389278327,
                        -3.080880500651001
                    ],
                    [
                        0.20509206568525912,
                        -1.4791191147443656,
                        3.3197884562825895,
                        3.968599521807018,
                        -3.080880500651001,
                        10.38353698410519
                    ]
                ],
                "mui": [
                    0.0,
                    0.0,
                    0.0,
                    0.0,
                    0.0,
