{
    "expt_args": {
        "save_dir": "all_expt_logs/expt_logs_sim_compsel_backward_cameraready_cutoff_var_all",
        "exp_name": "93",
        "num_nodes": 6,
        "num_tgt_prior": 7,
        "obs_noise_mean": 0.0,
        "obs_noise_var": 1.0,
        "obs_noise_gamma_shape": null,
        "noise_type": "gaussian",
        "max_edge_strength": 1.0,
        "graph_sparsity_method": "adj_dense_prop",
        "adj_dense_prop": 0.8,
        "num_parents": null,
        "new_noise_mean": 1.0,
        "mix_samples": 2048,
        "stage2_samples": 2048,
        "gmm_tol": 0.001,
        "intv_type": "do",
        "new_noise_var": null,
        "dtype": "simulation",
        "cutoff_drop_ratio": 0.15,
        "intv_targets": [
            0,
            1,
            2,
            3,
            4,
            5
        ]
    },
    "intv_args_dict": {
        "0": {
            "intv_type": "do",
            "inode": 0,
            "new_mui": 1.0,
            "new_vari": null,
            "noise_type": "gaussian",
            "obs_noise_gamma_shape": null,
            "true_params": {
                "Si": [
                    [
                        1e-09,
                        0.0,
                        -5.388315971709432e-10,
                        -1.0270715000393822e-09,
                        -3.780488180424694e-10,
                        -1.1791944235484433e-09
                    ],
                    [
                        0.0,
                        1.0,
                        -0.8306712313175051,
                        -1.3512913326308575,
                        -1.1958754258054385,
                        0.07516576351336086
                    ],
                    [
                        -5.388315971709432e-10,
                        -0.8306712313175051,
                        1.6900146948288794,
                        2.0010723211029315,
                        0.9278462629243627,
                        0.03890885503420394
                    ],
                    [
                        -1.0270715000393822e-09,
                        -1.3512913326308575,
                        2.0010723211029315,
                        3.5979147792931476,
                        2.3049980223716005,
                        0.7270488375136396
                    ],
                    [
                        -3.780488180424694e-10,
                        -1.1958754258054385,
                        0.9278462629243627,
                        2.3049980223716005,
                        2.99182243486458,
                        0.45563683830465157
                    ],
                    [
                        -1.1791944235484433e-09,
                        0.07516576351336086,
                        0.03890885503420394,
                        0.7270488375136396,
                        0.45563683830465157,
                        1.562895168888978
                    ]
                ],
                "mui": [
                    1.0,
                    0.0,
                    -0.5388315971709432,
                    -1.0270715000393822,
                    -0.37804881804246937,
                    -1.1791944235484433
                ],
                "Ai": [
                    [
                        0.0,
                        0.0,
                        0.0,
                        0.0,
                        0.0,
                        0.0
                    ],
                    [
                        0.0,
                        0.0,
                        0.0,
                        0.0,
                        0.0,
                        0.0
                    ],
                    [
                        -0.5388315971709432,
                        -0.8306712313175051,
                        0.0,
                        0.0,
                        0.0,
                        0.0
                    ],
                    [
                        -0.5536575690349615,
                        -0.6214690002824741,
                        0.8785934854043664,
                        0.0,
                        0.0,
                        0.0
                    ],
                    [
                        -0.0,
                        -0.7863238134693149,
                        -0.7214899221682928,
                        0.746598834762475,
                        0.0,
                        0.0
                    ],
                    [
                        -0.7151131329985319,
                        0.6189758661925654,
                        -0.5484406092228551,
                        0.7395769622092925,
                        -0.0,
                        0.0
                    ]
                ]
            },
            "est_params": {
                "mui": [
                    1.0000132524191911,
                    -0.005224021920638209,
                    -0.3981831132892831,
                    -0.8414520337500007,
                    -0.3497701919463524,
                    -1.020097700057089
                ],
                "Si": [
                    [
                        1.0327569326014683e-06,
                        -2.2923791505213595e-07,
                        4.189841775314478e-06,
                        6.46154030187467e-07,
                        9.685933960523594e-06,
                        -2.0868917961607536e-05
                    ],
                    [
                        -2.2923791505213738e-07,
                        0.8568982779234608,
                        -0.5758791176117599,
                        -0.9342336374839075,
                        -0.9642772926500985,
                        0.16131301708010948
                    ],
                    [
                        4.189841775314478e-06,
                        -0.5758791176117599,
                        1.358813775134803,
                        1.4715384055474718,
                        0.5882659765890413,
                        0.08024025628203665
                    ],
                    [
                        6.46154030187467e-07,
                        -0.9342336374839075,
                        1.4715384055474718,
                        2.606855669666356,
                        1.6271251772928823,
                        0.5935027655282619
                    ],
                    [
                        9.685933960523594e-06,
                        -0.9642772926500985,
                        0.5882659765890413,
                        1.6271251772928823,
                        2.6462822972047384,
                        0.23475657900228356
                    ],
                    [
                        -2.0868917961607536e-05,
                        0.1613130170801095,
                        0.08024025628203665,
                        0.5935027655282621,
                        0.23475657900228356,
                        1.4733077204851888
                    ]
                ]
            },
            "est_tgt": [
                0,
                3,
                5
            ],
            "oracle_est_tgt": [
                0,
                3,
                5
            ]
        },
        "1": {
            "intv_type": "do",
            "inode": 1,
            "new_mui": 1.0,
            "new_vari": null,
            "noise_type": "gaussian",
            "obs_noise_gamma_shape": null,
            "true_params": {
                "Si": [
                    [
                        1.0,
                        0.0,
                        -0.5388315971709432,
                        -1.0270715000393822,
                        -0.37804881804246937,
                        -1.1791944235484433
                    ],
                    [
                        0.0,
                        1e-09,
                        -8.306712313175051e-10,
                        -1.3512913326308576e-09,
                        -1.1958754258054386e-09,
                        7.516576351336086e-11
                    ],
                    [
                        -0.5388315971709432,
                        -8.306712313175051e-10,
                        1.2903394907998043,
                        1.432012063301822,
                        0.1381715996922992,
                        0.7367341062826199
                    ],
                    [
                        -1.0270715000393822,
                        -1.3512913326308576e-09,
                        1.432012063301822,
                        2.8268023806141276,
                        1.0773050924371628,
                        2.0397366663791114
                    ],
                    [
                        -0.37804881804246937,
                        -1.1958754258054386e-09,
                        0.1381715996922992,
                        1.0773050924371628,
                        1.704625310929746,
                        0.9913187852812609
                    ],
                    [
                        -1.1791944235484433,
                        7.516576351336086e-11,
                        0.7367341062826199,
                        2.0397366663791114,
                        0.9913187852812609,
                        2.9477447640273278
                    ]
                ],
                "mui": [
                    0.0,
                    1.0,
                    -0.8306712313175051,
                    -1.3512913326308575,
                    -1.1958754258054385,
                    0.07516576351336086
                ],
                "Ai": [
                    [
                        0.0,
                        0.0,
                        0.0,
                        0.0,
                        0.0,
                        0.0
                    ],
                    [
                        0.0,
                        0.0,
                        0.0,
                        0.0,
                        0.0,
                        0.0
                    ],
                    [
                        -0.5388315971709432,
                        -0.8306712313175051,
                        0.0,
                        0.0,
                        0.0,
                        0.0
                    ],
                    [
                        -0.5536575690349615,
                        -0.6214690002824741,
                        0.8785934854043664,
                        0.0,
                        0.0,
                        0.0
                    ],
                    [
                        -0.0,
                        -0.7863238134693149,
                        -0.7214899221682928,
                        0.746598834762475,
                        0.0,
                        0.0
                    ],
                    [
                        -0.7151131329985319,
                        0.6189758661925654,
                        -0.5484406092228551,
                        0.7395769622092925,
                        -0.0,
                        0.0
                    ]
                ]
            },
            "est_params": {
                "mui": [
                    -0.03714166878921832,
                    1.0000008901146886,
                    -0.7090113358530178,
                    -1.2916617053162094,
                    -1.2235781333729685,
                    0.06483606767318546
                ],
                "Si": [
                    [
                        1.0315619667757066,
                        5.312400028667316e-06,
                        -0.5704613445483514,
                        -1.1142228528945701,
                        -0.4364869172241605,
                        -1.2268827853391604
                    ],
                    [
                        5.312400028667317e-06,
                        1.0174833525912112e-06,
                        1.6480812401612828e-06,
                        5.706681020326424e-06,
                        2.9581259709821204e-06,
                        -3.426810918544784e-07
                    ],
                    [
                        -0.5704613445483514,
                        1.648081240161283e-06,
                        1.2323044123249667,
                        1.434530484283325,
                        0.05602963347983714,
                        0.8508116983776558
                    ],
                    [
                        -1.1142228528945701,
                        5.706681020326425e-06,
                        1.4345304842833253,
                        2.9929939318954015,
                        1.1543023382568374,
                        2.3089841674876204
                    ],
                    [
                        -0.4364869172241604,
                        2.9581259709821195e-06,
                        0.05602963347983712,
                        1.1543023382568374,
                        1.8414173728396808,
                        1.175134858832313
                    ],
                    [
                        -1.2268827853391602,
                        -3.426810918544784e-07,
                        0.8508116983776558,
                        2.3089841674876204,
                        1.175134858832313,
                        3.115522720804958
                    ]
                ]
            },
            "est_tgt": [
                1
            ],
            "oracle_est_tgt": [
                1
            ]
        },
        "2": {
            "intv_type": "do",
            "inode": 2,
            "new_mui": 1.0,
            "new_vari": null,
            "noise_type": "gaussian",
            "obs_noise_gamma_shape": null,
            "true_params": {
                "Si": [
                    [
                        1.0,
                        0.0,
                        0.0,
                        -0.5536575690349615,
                        -0.41336009589892686,
                        -1.1245855160095903
                    ],
                    [
                        0.0,
                        1.0,
                        0.0,
                        -0.6214690002824741,
                        -1.2503118449212103,
                        0.15935171085640729
                    ],
                    [
                        0.0,
                        0.0,
                        1e-09,
                        8.785934854043665e-10,
                        -6.55330497354912e-11,
                        1.0134689172938059e-10
                    ],
                    [
                        -0.5536575690349615,
                        -0.6214690002824741,
                        8.785934854043665e-10,
                        1.6927604228337274,
                        1.752488832840877,
                        1.2631800968248994
                    ],
                    [
                        -0.41336009589892686,
                        -1.2503118449212103,
                        -6.55330497354912e-11,
                        1.752488832840877,
                        3.291556098504831,
                        0.8177867433480298
                    ],
                    [
                        -1.1245855160095903,
                        0.15935171085640729,
                        1.0134689172938059e-10,
                        1.2631800968248994,
                        0.8177867433480298,
                        2.8370596336124168
                    ]
                ],
                "mui": [
                    0.0,
                    0.0,
                    1.0,
                    0.8785934854043664,
                    -0.06553304973549119,
                    0.10134689172938059
                ],
                "Ai": [
                    [
                        0.0,
                        0.0,
                        0.0,
                        0.0,
                        0.0,
                        0.0
                    ],
                    [
                        0.0,
                        0.0,
                        0.0,
                        0.0,
                        0.0,
                        0.0
                    ],
                    [
                        0.0,
                        0.0,
                        0.0,
                        0.0,
                        0.0,
                        0.0
                    ],
                    [
                        -0.5536575690349615,
                        -0.6214690002824741,
                        0.8785934854043664,
                        0.0,
                        0.0,
                        0.0
                    ],
                    [
                        -0.0,
                        -0.7863238134693149,
                        -0.7214899221682928,
                        0.746598834762475,
                        0.0,
                        0.0
                    ],
                    [
                        -0.7151131329985319,
                        0.6189758661925654,
                        -0.5484406092228551,
                        0.7395769622092925,
                        -0.0,
                        0.0
                    ]
                ]
            },
            "est_params": {
                "mui": [
                    -0.15406464441146395,
                    0.051198230408386246,
                    1.000009110560463,
                    0.9651219827636323,
                    0.06240611416402497,
                    0.32348390230031243
                ],
                "Si": [
                    [
                        1.0288655468086767,
                        0.0935115740570716,
                        -9.716766766228083e-06,
                        -0.5876123298410241,
                        -0.5392679775304317,
                        -1.2031038427845342
                    ],
                    [
                        0.0935115740570716,
                        0.9065440681936751,
                        -6.964520633956805e-06,
                        -0.6543682804198613,
                        -1.1153850954653641,
                        0.04488628859705424
                    ],
                    [
                        -9.716766766228083e-06,
                        -6.964520633956804e-06,
                        1.0296179357496417e-06,
                        1.4987228219190869e-05,
                        1.4192335431014754e-05,
                        2.233610904080946e-06
                    ],
                    [
                        -0.5876123298410241,
                        -0.6543682804198613,
                        1.4987228219190869e-05,
                        1.6456868560500184,
                        1.7888044359341302,
                        1.298918956076972
                    ],
                    [
                        -0.5392679775304315,
                        -1.1153850954653641,
                        1.4192335431014754e-05,
                        1.7888044359341302,
                        3.1471775453658504,
                        1.0769291839295476
                    ],
                    [
                        -1.2031038427845342,
                        0.044886288597054215,
                        2.233610904080947e-06,
                        1.298918956076972,
                        1.0769291839295478,
                        3.089965186532796
                    ]
                ]
            },
            "est_tgt": [
                2,
                3
            ],
            "oracle_est_tgt": [
                2,
                3
            ]
        },
        "3": {
            "intv_type": "do",
            "inode": 3,
            "new_mui": 1.0,
            "new_vari": null,
            "noise_type": "gaussian",
            "obs_noise_gamma_shape": null,
            "true_params": {
                "Si": [
                    [
                        1.0,
                        0.0,
                        -0.5388315971709432,
                        0.0,
                        0.3887615671046807,
                        -0.4195960035775757
                    ],
                    [
                        0.0,
                        1.0,
                        -0.8306712313175051,
                        0.0,
                        -0.18700289143860824,
                        1.074549702360237
                    ],
                    [
                        -0.5388315971709432,
                        -0.8306712313175051,
                        1.9803541846483297,
                        0.0,
                        -0.7756290161987442,
                        -1.214946548820042
                    ],
                    [
                        0.0,
                        0.0,
                        0.0,
                        1e-09,
                        7.465988347624751e-10,
                        7.395769622092926e-10
                    ],
                    [
                        0.3887615671046807,
                        -0.18700289143860824,
                        -0.7756290161987442,
                        7.465988347624751e-10,
                        1.706653345811906,
                        0.031627671776756384
                    ],
                    [
                        -0.4195960035775757,
                        1.074549702360237,
                        -1.214946548820042,
                        7.395769622092926e-10,
                        0.031627671776756384,
                        2.6315049714524577
                    ]
                ],
                "mui": [
                    0.0,
                    0.0,
                    0.0,
                    1.0,
                    0.746598834762475,
                    0.7395769622092925
                ],
                "Ai": [
                    [
                        0.0,
                        0.0,
                        0.0,
                        0.0,
                        0.0,
                        0.0
                    ],
                    [
                        0.0,
                        0.0,
                        0.0,
                        0.0,
                        0.0,
                        0.0
                    ],
                    [
                        -0.5388315971709432,
                        -0.8306712313175051,
                        0.0,
                        0.0,
                        0.0,
                        0.0
                    ],
                    [
                        0.0,
                        0.0,
                        0.0,
                        0.0,
                        0.0,
                        0.0
                    ],
                    [
                        -0.0,
                        -0.7863238134693149,
                        -0.7214899221682928,
                        0.746598834762475,
                        0.0,
                        0.0
                    ],
                    [
                        -0.7151131329985319,
                        0.6189758661925654,
                        -0.5484406092228551,
                        0.7395769622092925,
                        -0.0,
                        0.0
                    ]
                ]
            },
            "est_params": {
                "mui": [
                    -0.0707251417156403,
                    -0.08499810012857892,
                    0.1271935974917728,
                    0.9999961121452483,
                    0.6895107462531216,
                    0.6446119366154701
                ],
                "Si": [
                    [
                        1.0787678241277379,
                        0.11024996175073858,
                        -0.6546715758679498,
                        -1.5091545469622522e-07,
                        0.48045228916988664,
                        -0.23877857091880694
                    ],
                    [
                        0.11024996175073856,
                        0.9633185218504349,
                        -0.9540152429051488,
                        4.633560736608248e-06,
                        -0.14965008669762242,
                        1.060244398126732
                    ],
                    [
                        -0.65467157586795,
                        -0.9540152429051488,
                        2.171132804601844,
                        -3.952289579363916e-06,
                        -0.7237588723065033,
                        -1.305114957284325
                    ],
                    [
                        -1.5091545469622522e-07,
                        4.633560736608248e-06,
                        -3.952289579363916e-06,
                        1.002357119541219e-06,
                        -9.974686165042424e-07,
                        3.000475768862987e-06
                    ],
                    [
                        0.48045228916988664,
                        -0.14965008669762242,
                        -0.7237588723065033,
                        -9.974686165042424e-07,
                        1.7310414787081063,
                        0.04718705254165632
                    ],
                    [
                        -0.238778570918807,
                        1.060244398126732,
                        -1.305114957284325,
                        3.0004757688629873e-06,
                        0.047187052541656324,
                        2.4390568816761253
                    ]
                ]
            },
            "est_tgt": [
                0,
                2,
                3,
                5
            ],
            "oracle_est_tgt": [
                0,
                2,
                3,
                5
            ]
        },
        "4": {
            "intv_type": "do",
            "inode": 4,
            "new_mui": 1.0,
            "new_vari": null,
            "noise_type": "gaussian",
            "obs_noise_gamma_shape": null,
            "true_params": {
                "Si": [
                    [
                        1.0,
                        0.0,
                        -0.5388315971709432,
                        -1.0270715000393822,
                        0.0,
                        -1.1791944235484433
                    ],
                    [
                        0.0,
                        1.0,
                        -0.8306712313175051,
                        -1.3512913326308575,
                        0.0,
                        0.07516576351336086
                    ],
                    [
                        -0.5388315971709432,
                        -0.8306712313175051,
                        1.9803541846483297,
                        2.5544908973244898,
                        0.0,
                        0.6742960690144941
                    ],
                    [
                        -1.0270715000393822,
                        -1.3512913326308575,
                        2.5544908973244898,
                        4.652790644431418,
                        0.0,
                        1.9381658217344968
                    ],
                    [
                        0.0,
                        0.0,
                        0.0,
                        0.0,
                        1e-09,
                        0.0
                    ],
                    [
                        -1.1791944235484433,
                        0.07516576351336086,
                        0.6742960690144941,
                        1.9381658217344968,
                        0.0,
                        2.953394656026224
                    ]
                ],
                "mui": [
                    0.0,
                    0.0,
                    0.0,
                    0.0,
                    1.0,
                    0.0
                ],
                "Ai": [
                    [
                        0.0,
                        0.0,
                        0.0,
                        0.0,
                        0.0,
                        0.0
                    ],
                    [
                        0.0,
                        0.0,
                        0.0,
                        0.0,
                        0.0,
                        0.0
                    ],
                    [
                        -0.5388315971709432,
                        -0.8306712313175051,
                        0.0,
                        0.0,
                        0.0,
                        0.0
                    ],
                    [
                        -0.5536575690349615,
                        -0.6214690002824741,
                        0.8785934854043664,
                        0.0,
                        0.0,
                        0.0
                    ],
                    [
                        0.0,
                        0.0,
                        0.0,
                        0.0,
                        0.0,
                        0.0
                    ],
                    [
                        -0.7151131329985319,
                        0.6189758661925654,
                        -0.5484406092228551,
                        0.7395769622092925,
                        -0.0,
                        0.0
                    ]
                ]
            },
            "est_params": {
                "mui": [
                    0.051593261995522256,
                    0.04639199003649476,
                    -0.07541725316486297,
                    -0.1676814095567703,
                    0.9999918980802592,
                    -0.11632025136739704
                ],
                "Si": [
                    [
                        0.9649770297134617,
                        0.06639311420380113,
                        -0.7138518118337414,
                        -1.2447879689696368,
                        6.788042670715189e-06,
                        -1.2248357843580022
                    ],
                    [
                        0.06639311420380113,
                        1.050584992633225,
                        -0.9772239157580617,
                        -1.5432238066692492,
                        8.332011322618433e-06,
                        -0.0709778833332613
                    ],
                    [
                        -0.7138518118337416,
                        -0.9772239157580619,
                        2.3009071489676076,
                        3.073653601195437,
                        5.076250528801154e-07,
                        0.900167872760883
                    ],
                    [
                        -1.2447879689696368,
                        -1.5432238066692492,
                        3.073653601195437,
                        5.450718047589494,
                        -1.5117005658895452e-05,
                        2.2400843437216427
                    ],
                    [
                        6.788042670715189e-06,
                        8.332011322618435e-06,
                        5.076250528801154e-07,
                        -1.5117005658895456e-05,
                        1.0171414689210876e-06,
                        -1.316378537034691e-05
                    ],
                    [
                        -1.2248357843580024,
                        -0.0709778833332613,
                        0.9001678727608832,
                        2.2400843437216427,
                        -1.3163785370346911e-05,
                        2.892538759895758
                    ]
                ]
            },
            "est_tgt": [
                4
            ],
            "oracle_est_tgt": [
                4
            ]
        },
        "5": {
            "intv_type": "do",
            "inode": 5,
            "new_mui": 1.0,
            "new_vari": null,
            "noise_type": "gaussian",
            "obs_noise_gamma_shape": null,
            "true_params": {
                "Si": [
                    [
                        1.0,
                        0.0,
                        -0.5388315971709432,
                        -1.0270715000393822,
                        -0.37804881804246937,
                        0.0
                    ],
                    [
                        0.0,
                        1.0,
                        -0.8306712313175051,
                        -1.3512913326308575,
                        -1.1958754258054385,
                        0.0
                    ],
                    [
                        -0.5388315971709432,
                        -0.8306712313175051,
                        1.9803541846483297,
                        2.5544908973244898,
                        1.1315509111550692,
                        0.0
                    ],
                    [
                        -1.0270715000393822,
                        -1.3512913326308575,
                        2.5544908973244898,
                        4.652790644431418,
                        2.693281188618312,
                        0.0
                    ],
                    [
                        -0.37804881804246937,
                        -1.1958754258054385,
                        1.1315509111550692,
                        2.693281188618312,
                        3.134743343544967,
                        0.0
                    ],
                    [
                        0.0,
                        0.0,
                        0.0,
                        0.0,
                        0.0,
                        1e-09
                    ]
                ],
                "mui": [
                    0.0,
                    0.0,
                    0.0,
                    0.0,
                    0.0,
                    1.0
                ],
                "Ai": [
                    [
                        0.0,
                        0.0,
                        0.0,
                        0.0,
                        0.0,
                        0.0
                    ],
                    [
                        0.0,
                        0.0,
                        0.0,
                        0.0,
                        0.0,
                        0.0
                    ],
                    [
                        -0.5388315971709432,
                        -0.8306712313175051,
                        0.0,
                        0.0,
                        0.0,
                        0.0
                    ],
                    [
                        -0.5536575690349615,
                        -0.6214690002824741,
                        0.8785934854043664,
                        0.0,
                        0.0,
                        0.0
                    ],
                    [
                        -0.0,
                        -0.7863238134693149,
                        -0.7214899221682928,
                        0.746598834762475,
                        0.0,
                        0.0
                    ],
                    [
                        0.0,
                        0.0,
                        0.0,
                        0.0,
                        0.0,
                        0.0
                    ]
                ]
            },
            "est_params": {
                "mui": [
                    -0.016000858055170812,
                    0.035185507593860056,
                    -0.00578135133491773,
                    -0.028206903886023683,
                    0.02386752202081175,
                    0.9999973902707876
                ],
                "Si": [
                    [
                        0.9050616634866108,
                        0.07186992553366675,
                        -0.5675912614060955,
                        -1.000342185177986,
                        -0.3994272978067733,
                        2.524321132847443e-06
                    ],
                    [
                        0.07186992553366675,
                        0.9579287506793506,
                        -0.8183366783345624,
                        -1.3175109832140919,
                        -1.1013560128603312,
                        1.1876715893234002e-05
                    ],
                    [
                        -0.5675912614060955,
                        -0.8183366783345625,
                        1.9684884038799402,
                        2.6064160737794313,
                        1.1988127810210734,
                        -1.4627290536242638e-05
                    ],
                    [
                        -1.0003421851779857,
                        -1.3175109832140919,
                        2.6064160737794313,
                        4.68626547779977,
                        2.746223688239045,
                        -2.626542561554392e-05
                    ],
                    [
                        -0.3994272978067733,
                        -1.1013560128603312,
                        1.1988127810210734,
                        2.7462236882390445,
                        3.102761514542078,
                        -1.683306335613056e-05
                    ],
                    [
                        2.5243211328474435e-06,
                        1.1876715893234004e-05,
                        -1.4627290536242638e-05,
                        -2.626542561554392e-05,
                        -1.6833063356130563e-05,
                        1.0099303128960934e-06
                    ]
                ]
            },
            "est_tgt": [
                0,
                3,
                5
            ],
            "oracle_est_tgt": [
                0,
                3,
                5
            ]
        },
        "obs": {
            "intv_type": "obs",
            "noise_type": "gaussian",
            "obs_noise_gamma_shape": null,
            "true_params": {
                "Si": [
                    [
                        1.0,
                        0.0,
                        -0.5388315971709432,
                        -1.0270715000393822,
                        -0.37804881804246937,
                        -1.1791944235484433
                    ],
                    [
                        0.0,
                        1.0,
                        -0.8306712313175051,
                        -1.3512913326308575,
                        -1.1958754258054385,
                        0.07516576351336086
                    ],
                    [
                        -0.5388315971709432,
                        -0.8306712313175051,
                        1.9803541846483297,
                        2.5544908973244898,
                        1.1315509111550692,
                        0.6742960690144941
                    ],
                    [
                        -1.0270715000393822,
                        -1.3512913326308575,
                        2.5544908973244898,
                        4.652790644431418,
                        2.693281188618312,
                        1.9381658217344968
                    ],
                    [
                        -0.37804881804246937,
                        -1.1958754258054385,
                        1.1315509111550692,
                        2.693281188618312,
                        3.134743343544967,
                        0.9014298959236186
                    ],
                    [
                        -1.1791944235484433,
                        0.07516576351336086,
