{
    "expt_args": {
        "save_dir": "all_expt_logs/expt_logs_sim_compsel_backward_cameraready_cutoff_var_all",
        "exp_name": "130",
        "num_nodes": 6,
        "num_tgt_prior": 7,
        "obs_noise_mean": 0.0,
        "obs_noise_var": 1.0,
        "obs_noise_gamma_shape": null,
        "noise_type": "gaussian",
        "max_edge_strength": 1.0,
        "graph_sparsity_method": "adj_dense_prop",
        "adj_dense_prop": 0.8,
        "num_parents": null,
        "new_noise_mean": 1.0,
        "mix_samples": 1048576,
        "stage2_samples": 1048576,
        "gmm_tol": 0.001,
        "intv_type": "do",
        "new_noise_var": null,
        "dtype": "simulation",
        "cutoff_drop_ratio": 0.3,
        "intv_targets": [
            0,
            1,
            2,
            3,
            4,
            5
        ]
    },
    "intv_args_dict": {
        "0": {
            "intv_type": "do",
            "inode": 0,
            "new_mui": 1.0,
            "new_vari": null,
            "noise_type": "gaussian",
            "obs_noise_gamma_shape": null,
            "true_params": {
                "Si": [
                    [
                        1e-09,
                        -8.441972821220019e-10,
                        5.466764797954567e-10,
                        -9.943680376772575e-10,
                        2.22195030335023e-10,
                        -4.200592066071532e-10
                    ],
                    [
                        -8.441972821220019e-10,
                        1.000000000712669,
                        0.5133633098090276,
                        1.1219539773397154,
                        -1.989706773062653,
                        3.029609576848994
                    ],
                    [
                        5.466764797954567e-10,
                        0.5133633098090276,
                        1.263541888630772,
                        1.2029639361563174,
                        -2.424362751927183,
                        3.652187050330517
                    ],
                    [
                        -9.943680376772575e-10,
                        1.1219539773397154,
                        1.2029639361563174,
                        2.6519021138184926,
                        -3.8196273504890783,
                        5.420466531352482
                    ],
                    [
                        2.22195030335023e-10,
                        -1.989706773062653,
                        -2.424362751927183,
                        -3.8196273504890783,
                        7.42788043422139,
                        -10.468448737199514
                    ],
                    [
                        -4.200592066071532e-10,
                        3.029609576848994,
                        3.652187050330517,
                        5.420466531352482,
                        -10.468448737199514,
                        16.07202107371296
                    ]
                ],
                "mui": [
                    1.0,
                    -0.8441972821220018,
                    0.5466764797954566,
                    -0.9943680376772575,
                    0.22219503033502297,
                    -0.4200592066071532
                ],
                "Ai": [
                    [
                        0.0,
                        0.0,
                        0.0,
                        0.0,
                        0.0,
                        0.0
                    ],
                    [
                        -0.8441972821220018,
                        0.0,
                        0.0,
                        0.0,
                        0.0,
                        0.0
                    ],
                    [
                        0.9800563910669924,
                        0.5133633102705304,
                        0.0,
                        0.0,
                        0.0,
                        0.0
                    ],
                    [
                        -0.6617069476719282,
                        0.8000782974083203,
                        0.6269939293525502,
                        0.0,
                        0.0,
                        0.0
                    ],
                    [
                        -0.5508229042434432,
                        -0.7033272265339103,
                        -0.9592309173177056,
                        -0.7076454150014935,
                        0.0,
                        0.0
                    ],
                    [
                        0.0,
                        0.6854399224191432,
                        0.6959645523382304,
                        0.0,
                        -0.9985828136800953,
                        0.0
                    ]
                ]
            },
            "est_params": {
                "mui": [
                    1.0000004299146252,
                    -0.8414599900956394,
                    0.5461128106498561,
                    -0.9936766271534373,
                    0.21883042538316985,
                    -0.41607216496686467
                ],
                "Si": [
                    [
                        1.0184296304059304e-06,
                        1.3595207992099117e-07,
                        6.409302965834656e-07,
                        6.267410061566847e-07,
                        -6.314722198754996e-07,
                        1.3782167619340142e-06
                    ],
                    [
                        1.359520799209912e-07,
                        1.0012907663574568,
                        0.5168322623641259,
                        1.1290701812866806,
                        -1.9988053793536829,
                        3.043726995175661
                    ],
                    [
                        6.409302965834655e-07,
                        0.5168322623641259,
                        1.2663645662311156,
                        1.2076484705487749,
                        -2.427927815934182,
                        3.6605545591699635
                    ],
                    [
                        6.26741006156685e-07,
                        1.1290701812866806,
                        1.2076484705487749,
                        2.6595970098461166,
                        -3.8325880456809407,
                        5.445651091551896
                    ],
                    [
                        -6.314722198754994e-07,
                        -1.9988053793536824,
                        -2.427927815934182,
                        -3.8325880456809407,
                        7.443520097661666,
                        -10.497580551898002
                    ],
                    [
                        1.3782167619340147e-06,
                        3.043726995175661,
                        3.6605545591699635,
                        5.445651091551896,
                        -10.497580551898002,
                        16.118186973890754
                    ]
                ]
            },
            "est_tgt": [
                0
            ],
            "oracle_est_tgt": [
                0
            ]
        },
        "1": {
            "intv_type": "do",
            "inode": 1,
            "new_mui": 1.0,
            "new_vari": null,
            "noise_type": "gaussian",
            "obs_noise_gamma_shape": null,
            "true_params": {
                "Si": [
                    [
                        1.0,
                        0.0,
                        0.9800563910669924,
                        -0.04721754004975509,
                        -1.4575100195458557,
                        2.137528963760192
                    ],
                    [
                        0.0,
                        1e-09,
                        5.133633102705304e-10,
                        1.1219539765002726e-09,
                        -1.9897067728750768e-09,
                        3.0296095764943817e-09
                    ],
                    [
                        0.9800563910669924,
                        5.133633102705304e-10,
                        1.9605105299347994,
                        0.580718078032296,
                        -2.8313623073793437,
                        4.19179557312297
                    ],
                    [
                        -0.04721754004975509,
                        1.1219539765002726e-09,
                        0.580718078032296,
                        1.3953508847920817,
                        -1.5184478888829516,
                        1.920455163288835
                    ],
                    [
                        -1.4575100195458557,
                        -1.9897067728750768e-09,
                        -2.8313623073793437,
                        -1.5184478888829516,
                        5.593282853182562,
                        -7.555883931366102
                    ],
                    [
                        2.137528963760192,
                        3.0296095764943817e-09,
                        4.19179557312297,
                        1.920455163288835,
                        -7.555883931366102,
                        11.462516967642303
                    ]
                ],
                "mui": [
                    0.0,
                    1.0,
                    0.5133633102705304,
                    1.1219539765002726,
                    -1.9897067728750766,
                    3.0296095764943813
                ],
                "Ai": [
                    [
                        0.0,
                        0.0,
                        0.0,
                        0.0,
                        0.0,
                        0.0
                    ],
                    [
                        0.0,
                        0.0,
                        0.0,
                        0.0,
                        0.0,
                        0.0
                    ],
                    [
                        0.9800563910669924,
                        0.5133633102705304,
                        0.0,
                        0.0,
                        0.0,
                        0.0
                    ],
                    [
                        -0.6617069476719282,
                        0.8000782974083203,
                        0.6269939293525502,
                        0.0,
                        0.0,
                        0.0
                    ],
                    [
                        -0.5508229042434432,
                        -0.7033272265339103,
                        -0.9592309173177056,
                        -0.7076454150014935,
                        0.0,
                        0.0
                    ],
                    [
                        0.0,
                        0.6854399224191432,
                        0.6959645523382304,
                        0.0,
                        -0.9985828136800953,
                        0.0
                    ]
                ]
            },
            "est_params": {
                "mui": [
                    0.00016789182637065884,
                    0.9999997001835598,
                    0.5126682913378691,
                    1.1197993587487218,
                    -1.984797292807448,
                    3.0258402595009337
                ],
                "Si": [
                    [
                        1.0008633071663682,
                        5.216269312926501e-07,
                        0.9790745855825815,
                        -0.04627537504308089,
                        -1.4588473381028626,
                        2.142609082550439
                    ],
                    [
                        5.216269312926501e-07,
                        1.0174324797443734e-06,
                        -1.5147386716059433e-08,
                        -2.742120537194377e-07,
                        -1.1477272284981623e-07,
                        5.252158170463688e-07
                    ],
                    [
                        0.9790745855825813,
                        -1.5147386716059373e-08,
                        1.9533158636082522,
                        0.5775289271489992,
                        -2.8270176146233084,
                        4.187392280345871
                    ],
                    [
                        -0.04627537504308087,
                        -2.742120537194377e-07,
                        0.5775289271489992,
                        1.387587965195842,
                        -1.5097972636226584,
                        1.9078808308379136
                    ],
                    [
                        -1.4588473381028626,
                        -1.1477272284981629e-07,
                        -2.8270176146233084,
                        -1.5097972636226582,
                        5.594294934884888,
                        -7.5565573723629225
                    ],
                    [
                        2.142609082550439,
                        5.252158170463684e-07,
                        4.187392280345871,
                        1.9078808308379136,
                        -7.5565573723629225,
                        11.468921023693584
                    ]
                ]
            },
            "est_tgt": [
                1
            ],
            "oracle_est_tgt": [
                1
            ]
        },
        "2": {
            "intv_type": "do",
            "inode": 2,
            "new_mui": 1.0,
            "new_vari": null,
            "noise_type": "gaussian",
            "obs_noise_gamma_shape": null,
            "true_params": {
                "Si": [
                    [
                        1.0,
                        -0.8441972821220018,
                        0.0,
                        -1.3371308718288308,
                        0.9891385595455112,
                        -1.5663832854745894
                    ],
                    [
                        -0.8441972821220018,
                        1.712669051142175,
                        0.0,
                        1.928880545247642,
                        -2.104527048947502,
                        3.2754762835484237
                    ],
                    [
                        0.0,
                        0.0,
                        1e-09,
                        6.269939293525502e-10,
                        -1.4029202966578082e-09,
                        2.0968966495436985e-09
                    ],
                    [
                        -1.3371308718288308,
                        1.928880545247642,
                        6.269939293525502e-10,
                        3.428044250774647,
                        -3.0459516911142583,
                        4.363766741773224
                    ],
                    [
                        0.9891385595455112,
                        -2.104527048947502,
                        -1.4029202966578082e-09,
                        -3.0459516911142583,
                        4.090784748312581,
                        -5.527514202265546
                    ],
                    [
                        -1.5663832854745894,
                        3.2754762835484237,
                        2.0968966495436985e-09,
                        4.363766741773224,
                        -5.527514202265546,
                        8.764822895895556
                    ]
                ],
                "mui": [
                    0.0,
                    0.0,
                    1.0,
                    0.6269939293525502,
                    -1.402920296657808,
                    2.0968966495436985
                ],
                "Ai": [
                    [
                        0.0,
                        0.0,
                        0.0,
                        0.0,
                        0.0,
                        0.0
                    ],
                    [
                        -0.8441972821220018,
                        0.0,
                        0.0,
                        0.0,
                        0.0,
                        0.0
                    ],
                    [
                        0.0,
                        0.0,
                        0.0,
                        0.0,
                        0.0,
                        0.0
                    ],
                    [
                        -0.6617069476719282,
                        0.8000782974083203,
                        0.6269939293525502,
                        0.0,
                        0.0,
                        0.0
                    ],
                    [
                        -0.5508229042434432,
                        -0.7033272265339103,
                        -0.9592309173177056,
                        -0.7076454150014935,
                        0.0,
                        0.0
                    ],
                    [
                        0.0,
                        0.6854399224191432,
                        0.6959645523382304,
                        0.0,
                        -0.9985828136800953,
                        0.0
                    ]
                ]
            },
            "oracle_est_tgt": [
                2,
                3
            ]
        },
        "3": {
            "intv_type": "do",
            "inode": 3,
            "new_mui": 1.0,
            "new_vari": null,
            "noise_type": "gaussian",
            "obs_noise_gamma_shape": null,
            "true_params": {
                "Si": [
                    [
                        1.0,
                        -0.8441972821220018,
                        0.5466764797954566,
                        0.0,
                        -0.4814649523513206,
                        0.28260355877786286
                    ],
                    [
                        -0.8441972821220018,
                        1.712669051142175,
                        0.05186051182718243,
                        0.0,
                        -0.7893097813499812,
                        1.998216001768082
                    ],
                    [
                        0.5466764797954566,
                        0.05186051182718243,
                        1.5623970618934693,
                        0.0,
                        -1.8362964031271172,
                        2.956614265944011
                    ],
                    [
                        0.0,
                        0.0,
                        0.0,
                        1e-09,
                        -7.076454150014936e-10,
                        7.066425496000101e-10
                    ],
                    [
                        -0.4814649523513206,
                        -0.7893097813499812,
                        -1.8362964031271172,
                        -7.076454150014936e-10,
                        3.581777266478145,
                        -5.395722860191016
                    ],
                    [
                        0.28260355877786286,
                        1.998216001768082,
                        2.956614265944011,
                        7.066425496000101e-10,
                        -5.395722860191016,
                        9.81543186083071
                    ]
                ],
                "mui": [
                    0.0,
                    0.0,
                    0.0,
                    1.0,
                    -0.7076454150014935,
                    0.70664254960001
                ],
                "Ai": [
                    [
                        0.0,
                        0.0,
                        0.0,
                        0.0,
                        0.0,
                        0.0
                    ],
                    [
                        -0.8441972821220018,
                        0.0,
                        0.0,
                        0.0,
                        0.0,
                        0.0
                    ],
                    [
                        0.9800563910669924,
                        0.5133633102705304,
                        0.0,
                        0.0,
                        0.0,
                        0.0
                    ],
                    [
                        0.0,
                        0.0,
                        0.0,
                        0.0,
                        0.0,
                        0.0
                    ],
                    [
                        -0.5508229042434432,
                        -0.7033272265339103,
                        -0.9592309173177056,
                        -0.7076454150014935,
                        0.0,
                        0.0
                    ],
                    [
                        0.0,
                        0.6854399224191432,
                        0.6959645523382304,
                        0.0,
                        -0.9985828136800953,
                        0.0
                    ]
                ]
            },
            "est_params": {
                "mui": [
                    0.0021703899239743428,
                    0.0013146953504225042,
                    0.004145641962299973,
                    1.0000001022880787,
                    -0.7131604391376591,
                    0.7183648065204453
                ],
                "Si": [
                    [
                        1.0003057781427276,
                        -0.8462378133768264,
                        0.5510939800596557,
                        3.7262129043199875e-07,
                        -0.4800821718084946,
                        0.28357204835241717
                    ],
                    [
                        -0.8462378133768265,
                        1.7130388370821374,
                        0.04621757559130085,
                        -2.1952363703604065e-07,
                        -0.784493012386509,
                        1.9915755363466492
                    ],
                    [
                        0.5510939800596557,
                        0.046217575591300866,
                        1.5631990824188002,
                        5.858444113118077e-07,
                        -1.8334984371844747,
                        2.9542476750314033
                    ],
                    [
                        3.726212904319987e-07,
                        -2.1952363703604054e-07,
                        5.858444113118079e-07,
                        1.0143897470975644e-06,
                        -7.743261648478121e-07,
                        1.4718146084404966e-06
                    ],
                    [
                        -0.4800821718084946,
                        -0.7844930123865091,
                        -1.8334984371844743,
                        -7.743261648478122e-07,
                        3.567373571182681,
                        -5.380214905102125
                    ],
                    [
                        0.2835720483524171,
                        1.9915755363466492,
                        2.9542476750314033,
                        1.4718146084404966e-06,
                        -5.380214905102126,
                        9.799007775892841
                    ]
                ]
            },
            "est_tgt": [
                2,
                3
            ],
            "oracle_est_tgt": [
                2,
                3
            ]
        },
        "4": {
            "intv_type": "do",
            "inode": 4,
            "new_mui": 1.0,
            "new_vari": null,
            "noise_type": "gaussian",
            "obs_noise_gamma_shape": null,
            "true_params": {
                "Si": [
                    [
                        1.0,
                        -0.8441972821220018,
                        0.5466764797954566,
                        -0.9943680376772575,
                        0.0,
                        -0.19817906802947183
                    ],
                    [
                        -0.8441972821220018,
                        1.712669051142175,
                        0.05186051182718243,
                        1.9613967713364016,
                        0.0,
                        1.2100248194423964
                    ],
                    [
                        0.5466764797954566,
                        0.05186051182718243,
                        1.5623970618934693,
                        0.6593663182413959,
                        0.0,
                        1.122920236958696
                    ],
                    [
                        -0.9943680376772575,
                        1.9613967713364016,
                        0.6593663182413959,
                        3.6406699071838444,
                        0.0,
                        1.8033152352797615
                    ],
                    [
                        0.0,
                        0.0,
                        0.0,
                        0.0,
                        1e-09,
                        -9.985828136800953e-10
                    ],
                    [
                        -0.19817906802947183,
                        1.2100248194423964,
                        1.122920236958696,
                        1.8033152352797615,
                        -9.985828136800953e-10,
                        2.6109119993875
                    ]
                ],
                "mui": [
                    0.0,
                    0.0,
                    0.0,
                    0.0,
                    1.0,
                    -0.9985828136800953
                ],
                "Ai": [
                    [
                        0.0,
                        0.0,
                        0.0,
                        0.0,
                        0.0,
                        0.0
                    ],
                    [
                        -0.8441972821220018,
                        0.0,
                        0.0,
                        0.0,
                        0.0,
                        0.0
                    ],
                    [
                        0.9800563910669924,
                        0.5133633102705304,
                        0.0,
                        0.0,
                        0.0,
                        0.0
                    ],
                    [
                        -0.6617069476719282,
                        0.8000782974083203,
                        0.6269939293525502,
                        0.0,
                        0.0,
                        0.0
                    ],
                    [
                        0.0,
                        0.0,
                        0.0,
                        0.0,
                        0.0,
                        0.0
                    ],
                    [
                        0.0,
                        0.6854399224191432,
                        0.6959645523382304,
                        0.0,
                        -0.9985828136800953,
                        0.0
                    ]
                ]
            },
            "est_params": {
                "mui": [
                    -0.001372645051403204,
                    0.0015310801762927428,
                    0.004091566472373978,
                    0.005631538340726897,
                    1.000000026270926,
                    -0.9934415443755926
                ],
                "Si": [
                    [
                        1.0034496342061743,
                        -0.8463451774549052,
                        0.5511997997410787,
                        -0.9909721269889094,
                        -1.9467329453050922e-07,
                        -0.1922455040597975
                    ],
                    [
                        -0.8463451774549052,
                        1.7115394946862743,
                        0.042565304662475004,
                        1.9536581363333703,
                        1.4387952837318792e-08,
                        1.1996440600951914
                    ],
                    [
                        0.5511997997410788,
                        0.04256530466247501,
                        1.5589846191513934,
                        0.6433839591356146,
                        -2.59515072719242e-07,
                        1.1188664566172548
                    ],
                    [
                        -0.9909721269889094,
                        1.9536581363333703,
                        0.6433839591356146,
                        3.6174229560873803,
                        1.4822108330295917e-07,
                        1.7861297249707542
                    ],
                    [
                        -1.9467329453050922e-07,
                        1.438795283731885e-08,
                        -2.59515072719242e-07,
                        1.4822108330295915e-07,
                        1.0093291687938017e-06,
                        -1.3629079407128233e-07
                    ],
                    [
                        -0.19224550405979754,
                        1.1996440600951914,
                        1.1188664566172548,
                        1.7861297249707542,
                        -1.3629079407128238e-07,
                        2.598049309235389
                    ]
                ]
            },
            "est_tgt": [
                4
            ],
            "oracle_est_tgt": [
                4
            ]
        },
        "5": {
            "intv_type": "do",
            "inode": 5,
            "new_mui": 1.0,
            "new_vari": null,
            "noise_type": "gaussian",
            "obs_noise_gamma_shape": null,
            "true_params": {
                "Si": [
                    [
                        1.0,
                        -0.8441972821220018,
                        0.5466764797954566,
                        -0.9943680376772575,
                        0.22219503033502297,
                        0.0
                    ],
                    [
                        -0.8441972821220018,
                        1.712669051142175,
                        0.05186051182718243,
                        1.9613967713364016,
                        -2.1772832135849187,
                        0.0
                    ],
                    [
                        0.5466764797954566,
                        0.05186051182718243,
                        1.5623970618934693,
                        0.6593663182413959,
                        -2.3028939550370566,
                        0.0
                    ],
                    [
                        -0.9943680376772575,
                        1.9613967713364016,
                        0.6593663182413959,
                        3.6406699071838444,
                        -4.04057098656401,
                        0.0
                    ],
                    [
                        0.22219503033502297,
                        -2.1772832135849187,
                        -2.3028939550370566,
                        -4.04057098656401,
                        7.477251065677602,
                        0.0
                    ],
                    [
                        0.0,
                        0.0,
                        0.0,
                        0.0,
                        0.0,
                        1e-09
                    ]
                ],
                "mui": [
                    0.0,
                    0.0,
                    0.0,
                    0.0,
                    0.0,
                    1.0
                ],
                "Ai": [
                    [
                        0.0,
                        0.0,
                        0.0,
                        0.0,
                        0.0,
                        0.0
                    ],
                    [
                        -0.8441972821220018,
                        0.0,
                        0.0,
                        0.0,
                        0.0,
                        0.0
                    ],
                    [
                        0.9800563910669924,
                        0.5133633102705304,
                        0.0,
                        0.0,
                        0.0,
                        0.0
                    ],
                    [
                        -0.6617069476719282,
                        0.8000782974083203,
                        0.6269939293525502,
                        0.0,
                        0.0,
                        0.0
                    ],
                    [
                        -0.5508229042434432,
                        -0.7033272265339103,
                        -0.9592309173177056,
                        -0.7076454150014935,
                        0.0,
                        0.0
                    ],
                    [
                        0.0,
                        0.0,
                        0.0,
                        0.0,
                        0.0,
                        0.0
                    ]
                ]
            },
            "est_params": {
                "mui": [
                    -0.00038901544641771376,
                    0.0017959582914771539,
                    -0.00018013997657754128,
                    -0.001903546659964285,
                    0.0034903349586352652,
                    0.9999995517058787
                ],
                "Si": [
                    [
                        1.006443471920017,
                        -0.8488103669943746,
                        0.5504187753509091,
                        -0.9965966046016802,
                        0.2202686707611957,
                        -1.5968925648830247e-07
                    ],
                    [
                        -0.8488103669943744,
                        1.720558594628567,
                        0.05145542485950739,
                        1.964488599052907,
                        -2.178069090316352,
                        -1.5363380863396e-09
                    ],
                    [
                        0.5504187753509091,
                        0.05145542485950739,
                        1.5680688599278734,
                        0.6608196789357483,
                        -2.3069418774583657,
                        -3.9852898956470643e-07
                    ],
                    [
                        -0.9965966046016802,
                        1.964488599052907,
                        0.6608196789357483,
                        3.6405876045784136,
                        -4.03439277765593,
                        -1.3060081408142645e-07
                    ],
                    [
                        0.2202686707611957,
                        -2.178069090316352,
                        -2.3069418774583657,
                        -4.03439277765593,
                        7.462756418696334,
                        4.0143590750107335e-07
                    ],
                    [
                        -1.5968925648830242e-07,
                        -1.5363380863397329e-09,
                        -3.9852898956470643e-07,
                        -1.3060081408142647e-07,
                        4.0143590750107304e-07,
                        1.0082092647466162e-06
                    ]
                ]
            },
            "est_tgt": [
                5
            ],
            "oracle_est_tgt": [
                5
            ]
        },
        "obs": {
            "intv_type": "obs",
            "noise_type": "gaussian",
            "obs_noise_gamma_shape": null,
            "true_params": {
                "Si": [
                    [
                        1.0,
                        -0.8441972821220018,
                        0.5466764797954566,
                        -0.9943680376772575,
                        0.22219503033502297,
                        -0.4200592066071532
                    ],
                    [
                        -0.8441972821220018,
                        1.712669051142175,
                        0.05186051182718243,
                        1.9613967713364016,
                        -2.1772832135849187,
                        3.3842224170424644
                    ],
                    [
                        0.5466764797954566,
                        0.05186051182718243,
                        1.5623970618934693,
                        0.6593663182413959,
                        -2.3028939550370566,
                        3.422550562186483
                    ],
                    [
                        -0.9943680376772575,
                        1.9613967713364016,
                        0.6593663182413959,
                        3.6406699071838444,
                        -4.04057098656401,
                        5.83815997991701
                    ],
                    [
                        0.22219503033502297,
                        -2.1772832135849187,
                        -2.3028939550370566,
                        -4.04057098656401,
                        7.477251065677602,
                        -10.561783805260761
                    ],
                    [
                        -0.4200592066071532,
                        3.3842224170424644,
                        3.422550562186483,
                        5.83815997991701,
                        -10.561783805260761,
                        16.248470810591943
                    ]
                ],
                "mui": [
                    0.0,
                    0.0,
                    0.0,
                    0.0,
                    0.0,
                    0.0
                ],
                "Ai": [
                    [
                        0.0,
                        0.0,
                        0.0,
                        0.0,
                        0.0,
                        0.0
                    ],
                    [
                        -0.8441972821220018,
                        0.0,
                        0.0,
                        0.0,
                        0.0,
                        0.0
                    ],
                    [
                        0.9800563910669924,
                        0.5133633102705304,
                        0.0,
                        0.0,
                        0.0,
                        0.0
                    ],
                    [
                        -0.6617069476719282,
                        0.8000782974083203,
                        0.6269939293525502,
                        0.0,
                        0.0,
                        0.0
                    ],
                    [
                        -0.5508229042434432,
                        -0.7033272265339103,
                        -0.9592309173177056,
                        -0.7076454150014935,
                        0.0,
                        0.0
                    ],
                    [
                        0.0,
                        0.6854399224191432,
                        0.6959645523382304,
                        0.0,
                        -0.9985828136800953,
                        0.0
                    ]
                ]
            },
            "est_params": {
                "mui": [
                    0.0010949995750887448,
                    -0.003217903708476079,
                    0.5001821012420425,
                    0.30910521360528304,
                    -0.6958805108134456,
