{
    "expt_args": {
        "save_dir": "all_expt_logs/expt_logs_sim_compsel_backward_cameraready_cutoff_var_all",
        "exp_name": "337",
        "num_nodes": 6,
        "num_tgt_prior": 7,
        "obs_noise_mean": 0.0,
        "obs_noise_var": 1.0,
        "obs_noise_gamma_shape": null,
        "noise_type": "gaussian",
        "max_edge_strength": 1.0,
        "graph_sparsity_method": "adj_dense_prop",
        "adj_dense_prop": 0.8,
        "num_parents": null,
        "new_noise_mean": 1.0,
        "mix_samples": 131072,
        "stage2_samples": 131072,
        "gmm_tol": 0.001,
        "intv_type": "do",
        "new_noise_var": null,
        "dtype": "simulation",
        "cutoff_drop_ratio": 0.15,
        "intv_targets": [
            0,
            1,
            2,
            3,
            4,
            5
        ]
    },
    "intv_args_dict": {
        "0": {
            "intv_type": "do",
            "inode": 0,
            "new_mui": 1.0,
            "new_vari": null,
            "noise_type": "gaussian",
            "obs_noise_gamma_shape": null,
            "true_params": {
                "Si": [
                    [
                        1e-09,
                        -9.042083936850622e-10,
                        1.0541556663826634e-09,
                        7.481930048867761e-10,
                        -6.402819794932459e-10,
                        1.8725567751738827e-09
                    ],
                    [
                        -9.042083936850622e-10,
                        1.0000000008175929,
                        -0.582520337282824,
                        -0.41344713637490726,
                        0.21571273571116195,
                        -1.0888454706692576
                    ],
                    [
                        1.0541556663826634e-09,
                        -0.582520337282824,
                        1.33932994334885,
                        0.9505970766989671,
                        0.5557709912484207,
                        2.108039109104099
                    ],
                    [
                        7.481930048867761e-10,
                        -0.41344713637490726,
                        0.9505970766989671,
                        1.6746917043974845,
                        0.39446163525161176,
                        1.9967455431765349
                    ],
                    [
                        -6.402819794932459e-10,
                        0.21571273571116195,
                        0.5557709912484207,
                        0.39446163525161176,
                        1.5108761676689821,
                        1.3556963952125367
                    ],
                    [
                        1.8725567751738827e-09,
                        -1.0888454706692576,
                        2.108039109104099,
                        1.9967455431765349,
                        1.3556963952125367,
                        4.951878406389659
                    ]
                ],
                "mui": [
                    1.0,
                    -0.9042083936850621,
                    1.0541556663826634,
                    0.748193004886776,
                    -0.6402819794932458,
                    1.8725567751738827
                ],
                "Ai": [
                    [
                        0.0,
                        0.0,
                        0.0,
                        0.0,
                        0.0,
                        0.0
                    ],
                    [
                        -0.9042083936850621,
                        0.0,
                        0.0,
                        0.0,
                        0.0,
                        0.0
                    ],
                    [
                        0.5274358887811507,
                        -0.5825203363296476,
                        0.0,
                        0.0,
                        0.0,
                        0.0
                    ],
                    [
                        -0.0,
                        0.0,
                        0.7097557113687025,
                        0.0,
                        0.0,
                        0.0
                    ],
                    [
                        -0.804642321341817,
                        0.6126584302220114,
                        0.6814280469431828,
                        0.0,
                        0.0,
                        0.0
                    ],
                    [
                        0.5824669480539355,
                        -0.5895553191556424,
                        0.718966379573238,
                        0.5005527457013093,
                        0.5863097805371964,
                        0.0
                    ]
                ]
            },
            "est_params": {
                "mui": [
                    1.0000005036459023,
                    -0.8980702367367089,
                    1.0384039595762626,
                    0.737627280725503,
                    -0.6407666037306614,
                    1.8417299647459646
                ],
                "Si": [
                    [
                        1.011946297125411e-06,
                        1.255697944933452e-06,
                        -4.848197988613636e-07,
                        -6.005534555906463e-07,
                        9.031077215826668e-08,
                        -1.2631081028171494e-06
                    ],
                    [
                        1.2556979449334524e-06,
                        0.9854755837928852,
                        -0.5720960102942947,
                        -0.39779077421022996,
                        0.20579353793030178,
                        -1.0651458853799298
                    ],
                    [
                        -4.848197988613636e-07,
                        -0.5720960102942947,
                        1.3181637912385653,
                        0.9351866259739835,
                        0.5484308990551364,
                        2.0754524285157228
                    ],
                    [
                        -6.005534555906462e-07,
                        -0.39779077421022996,
                        0.9351866259739833,
                        1.6595082940748547,
                        0.39456017387607045,
                        1.9712392749612344
                    ],
                    [
                        9.031077215826686e-08,
                        0.20579353793030178,
                        0.5484308990551364,
                        0.3945601738760705,
                        1.5012154203118802,
                        1.339715721434722
                    ],
                    [
                        -1.2631081028171498e-06,
                        -1.0651458853799298,
                        2.0754524285157228,
                        1.9712392749612344,
                        1.3397157214347217,
                        4.898932731767492
                    ]
                ]
            },
            "est_tgt": [
                0
            ],
            "oracle_est_tgt": [
                0
            ]
        },
        "1": {
            "intv_type": "do",
            "inode": 1,
            "new_mui": 1.0,
            "new_vari": null,
            "noise_type": "gaussian",
            "obs_noise_gamma_shape": null,
            "true_params": {
                "Si": [
                    [
                        1.0,
                        0.0,
                        0.5274358887811507,
                        0.37435063444324945,
                        -0.44523271376193574,
                        0.8880135626997671
                    ],
                    [
                        0.0,
                        1e-09,
                        -5.825203363296477e-10,
                        -4.134471356983849e-10,
                        2.1571273513221363e-10,
                        -1.088845468976076e-09
                    ],
                    [
                        0.5274358887811507,
                        -5.825203363296477e-10,
                        1.2781886171136922,
                        0.9072016712029068,
                        0.44659633472005555,
                        1.9421347016577182
                    ],
                    [
                        0.37435063444324945,
                        -4.134471356983849e-10,
                        0.9072016712029068,
                        1.643891567499495,
                        0.3169742992438882,
                        1.8789939424502258
                    ],
                    [
                        -0.44523271376193574,
                        2.1571273513221363e-10,
                        0.44659633472005555,
                        0.3169742992438882,
                        1.6625763526111503,
                        1.1952015420475481
                    ],
                    [
                        0.8880135626997671,
                        -1.088845468976076e-09,
                        1.9421347016577182,
                        1.8789939424502258,
                        1.1952015420475481,
                        4.554862036297775
                    ]
                ],
                "mui": [
                    0.0,
                    1.0,
                    -0.5825203363296476,
                    -0.41344713569838487,
                    0.21571273513221362,
                    -1.088845468976076
                ],
                "Ai": [
                    [
                        0.0,
                        0.0,
                        0.0,
                        0.0,
                        0.0,
                        0.0
                    ],
                    [
                        0.0,
                        0.0,
                        0.0,
                        0.0,
                        0.0,
                        0.0
                    ],
                    [
                        0.5274358887811507,
                        -0.5825203363296476,
                        0.0,
                        0.0,
                        0.0,
                        0.0
                    ],
                    [
                        -0.0,
                        0.0,
                        0.7097557113687025,
                        0.0,
                        0.0,
                        0.0
                    ],
                    [
                        -0.804642321341817,
                        0.6126584302220114,
                        0.6814280469431828,
                        0.0,
                        0.0,
                        0.0
                    ],
                    [
                        0.5824669480539355,
                        -0.5895553191556424,
                        0.718966379573238,
                        0.5005527457013093,
                        0.5863097805371964,
                        0.0
                    ]
                ]
            },
            "est_params": {
                "mui": [
                    -0.010052720060432327,
                    1.0000001988160643,
                    -0.5906509632600405,
                    -0.4335233051967257,
                    0.2318530053745652,
                    -1.1116636371773903
                ],
                "Si": [
                    [
                        1.002563115682689,
                        -8.715878303337164e-08,
                        0.531089633181025,
                        0.37475254507160316,
                        -0.4371619347810915,
                        0.8931150089346137
                    ],
                    [
                        -8.715878303337164e-08,
                        1.0099970208539069e-06,
                        4.2022214616065567e-07,
                        1.5875193627816406e-07,
                        2.601304563938003e-07,
                        1.1714090729762531e-06
                    ],
                    [
                        0.531089633181025,
                        4.2022214616065567e-07,
                        1.2889322477211083,
                        0.9144531461052727,
                        0.45379682753854184,
                        1.969024719071656
                    ],
                    [
                        0.3747525450716031,
                        1.587519362781639e-07,
                        0.9144531461052726,
                        1.6387593559605311,
                        0.3111716515399737,
                        1.894176771890795
                    ],
                    [
                        -0.4371619347810914,
                        2.601304563938002e-07,
                        0.45379682753854184,
                        0.3111716515399737,
                        1.6633154357984212,
                        1.2147946641107343
                    ],
                    [
                        0.8931150089346137,
                        1.171409072976253e-06,
                        1.969024719071656,
                        1.894176771890795,
                        1.2147946641107348,
                        4.643637496109255
                    ]
                ]
            },
            "est_tgt": [
                1
            ],
            "oracle_est_tgt": [
                1
            ]
        },
        "2": {
            "intv_type": "do",
            "inode": 2,
            "new_mui": 1.0,
            "new_vari": null,
            "noise_type": "gaussian",
            "obs_noise_gamma_shape": null,
            "true_params": {
                "Si": [
                    [
                        1.0,
                        -0.9042083936850621,
                        0.0,
                        0.0,
                        -1.3586132164104736,
                        0.3189795994275837
                    ],
                    [
                        -0.9042083936850621,
                        1.8175928192105202,
                        0.0,
                        0.0,
                        1.8411279042718216,
                        -0.5187717206046316
                    ],
                    [
                        0.0,
                        0.0,
                        1e-09,
                        7.097557113687025e-10,
                        6.814280469431829e-10,
                        1.473764478331176e-09
                    ],
                    [
                        0.0,
                        0.0,
                        7.097557113687025e-10,
                        1.0000000005037533,
                        4.836474482047444e-10,
                        0.500552746747322
                    ],
                    [
                        -1.3586132164104736,
                        1.8411279042718216,
                        6.814280469431829e-10,
                        4.836474482047444e-10,
                        3.221180224391656,
                        0.011815428208161505
                    ],
                    [
                        0.3189795994275837,
                        -0.5187717206046316,
                        1.473764478331176e-09,
                        0.500552746747322,
                        0.011815428208161505,
                        1.7491202550120084
                    ]
                ],
                "mui": [
                    0.0,
                    0.0,
                    1.0,
                    0.7097557113687025,
                    0.6814280469431828,
                    1.4737644783311759
                ],
                "Ai": [
                    [
                        0.0,
                        0.0,
                        0.0,
                        0.0,
                        0.0,
                        0.0
                    ],
                    [
                        -0.9042083936850621,
                        0.0,
                        0.0,
                        0.0,
                        0.0,
                        0.0
                    ],
                    [
                        0.0,
                        0.0,
                        0.0,
                        0.0,
                        0.0,
                        0.0
                    ],
                    [
                        -0.0,
                        0.0,
                        0.7097557113687025,
                        0.0,
                        0.0,
                        0.0
                    ],
                    [
                        -0.804642321341817,
                        0.6126584302220114,
                        0.6814280469431828,
                        0.0,
                        0.0,
                        0.0
                    ],
                    [
                        0.5824669480539355,
                        -0.5895553191556424,
                        0.718966379573238,
                        0.5005527457013093,
                        0.5863097805371964,
                        0.0
                    ]
                ]
            },
            "est_params": {
                "mui": [
                    0.0030492002927705146,
                    0.001856682597267138,
                    1.0000000277119634,
                    0.7225173174212774,
                    0.6944039091928045,
                    1.4788155926239641
                ],
                "Si": [
                    [
                        1.0057277566799818,
                        -0.8995515321181193,
                        8.098039176321108e-07,
                        0.0008326083962973204,
                        -1.354944704523417,
                        0.3255010703691084
                    ],
                    [
                        -0.8995515321181193,
                        1.7937751806502724,
                        -1.045182473886677e-06,
                        -0.012978679653770074,
                        1.810536704152718,
                        -0.538420849046587
                    ],
                    [
                        8.098039176321107e-07,
                        -1.0451824738866773e-06,
                        1.0131589002250243e-06,
                        1.218569829982834e-06,
                        2.0929896991057946e-08,
                        2.003607504801433e-06
                    ],
                    [
                        0.000832608396297319,
                        -0.012978679653770078,
                        1.218569829982834e-06,
                        1.0107324192348506,
                        -0.016990194109522842,
                        0.5152021213736917
                    ],
                    [
                        -1.354944704523417,
                        1.810536704152718,
                        2.092989699105813e-08,
                        -0.016990194109522842,
                        3.1814098210620103,
                        -0.010912962525036858
                    ],
                    [
                        0.3255010703691084,
                        -0.538420849046587,
                        2.0036075048014332e-06,
                        0.5152021213736917,
                        -0.010912962525036854,
                        1.7720940168403556
                    ]
                ]
            },
            "est_tgt": [
                2
            ],
            "oracle_est_tgt": [
                2
            ]
        },
        "3": {
            "intv_type": "do",
            "inode": 3,
            "new_mui": 1.0,
            "new_vari": null,
            "noise_type": "gaussian",
            "obs_noise_gamma_shape": null,
            "true_params": {
                "Si": [
                    [
                        1.0,
                        -0.9042083936850621,
                        1.0541556663826634,
                        0.0,
                        -0.6402819794932458,
                        1.4980467122632941
                    ],
                    [
                        -0.9042083936850621,
                        1.8175928192105202,
                        -1.535696738123522,
                        0.0,
                        0.7946610753152934,
                        -2.2364397813606893
                    ],
                    [
                        1.0541556663826634,
                        -1.535696738123522,
                        2.4505741112042827,
                        0.0,
                        -0.11918588484213588,
                        3.2113895609658893
                    ],
                    [
                        0.0,
                        0.0,
                        0.0,
                        1e-09,
                        0.0,
                        5.005527457013093e-10
                    ],
                    [
                        -0.6402819794932458,
                        0.7946610753152934,
                        -0.11918588484213588,
                        0.0,
                        1.9208371805228104,
                        0.1990752272713956
                    ],
                    [
                        1.4980467122632941,
                        -2.2364397813606893,
                        3.2113895609658893,
                        5.005527457013093e-10,
                        0.1990752272713956,
                        5.616668544716082
                    ]
                ],
                "mui": [
                    0.0,
                    0.0,
                    0.0,
                    1.0,
                    0.0,
                    0.5005527457013093
                ],
                "Ai": [
                    [
                        0.0,
                        0.0,
                        0.0,
                        0.0,
                        0.0,
                        0.0
                    ],
                    [
                        -0.9042083936850621,
                        0.0,
                        0.0,
                        0.0,
                        0.0,
                        0.0
                    ],
                    [
                        0.5274358887811507,
                        -0.5825203363296476,
                        0.0,
                        0.0,
                        0.0,
                        0.0
                    ],
                    [
                        0.0,
                        0.0,
                        0.0,
                        0.0,
                        0.0,
                        0.0
                    ],
                    [
                        -0.804642321341817,
                        0.6126584302220114,
                        0.6814280469431828,
                        0.0,
                        0.0,
                        0.0
                    ],
                    [
                        0.5824669480539355,
                        -0.5895553191556424,
                        0.718966379573238,
                        0.5005527457013093,
                        0.5863097805371964,
                        0.0
                    ]
                ]
            },
            "est_params": {
                "mui": [
                    0.0027221989285932213,
                    -0.0028218684416368694,
                    -0.005506225185080119,
                    1.0000000453406472,
                    -0.018600736654684855,
                    0.49421760111175317
                ],
                "Si": [
                    [
                        1.0091462665144002,
                        -0.902084102791028,
                        1.0778592024778393,
                        3.8262303027738217e-07,
                        -0.6358949259565965,
                        1.525619951075008
                    ],
                    [
                        -0.902084102791028,
                        1.8058317613896187,
                        -1.553093736223896,
                        -8.293036412333185e-07,
                        0.7812026280412981,
                        -2.251190593101245
                    ],
                    [
                        1.0778592024778393,
                        -1.553093736223896,
                        2.5014292746616107,
                        9.56709179522494e-07,
                        -0.12749481656149575,
                        3.2717094047059687
                    ],
                    [
                        3.826230302773824e-07,
                        -8.293036412333185e-07,
                        9.567091795224938e-07,
                        1.0107106264560403e-06,
                        6.652507026119415e-08,
                        9.114783616162546e-07
                    ],
                    [
                        -0.6358949259565965,
                        0.7812026280412981,
                        -0.12749481656149578,
                        6.652507026119433e-08,
                        1.9239578881073305,
                        0.19841243708638961
                    ],
                    [
                        1.5256199510750081,
                        -2.251190593101245,
                        3.271709404705969,
                        9.114783616162542e-07,
                        0.19841243708638961,
                        5.681779861992914
                    ]
                ]
            },
            "est_tgt": [
                3
            ],
            "oracle_est_tgt": [
                3
            ]
        },
        "4": {
            "intv_type": "do",
            "inode": 4,
            "new_mui": 1.0,
            "new_vari": null,
            "noise_type": "gaussian",
            "obs_noise_gamma_shape": null,
            "true_params": {
                "Si": [
                    [
                        1.0,
                        -0.9042083936850621,
                        1.0541556663826634,
                        0.748193004886776,
                        0.0,
                        2.2479603620524893
                    ],
                    [
                        -0.9042083936850621,
                        1.8175928192105202,
                        -1.535696738123522,
                        -1.0899695308134563,
                        0.0,
                        -3.2479445834096943
                    ],
                    [
                        1.0541556663826634,
                        -1.535696738123522,
                        2.4505741112042827,
                        1.7393089715595218,
                        0.0,
                        4.151885292287853
                    ],
                    [
                        0.748193004886776,
                        -1.0899695308134563,
                        1.7393089715595218,
                        2.234484476399195,
                        0.0,
                        3.4473770448503274
                    ],
                    [
                        0.0,
                        0.0,
                        0.0,
                        0.0,
                        1e-09,
                        5.863097805371964e-10
                    ],
                    [
                        2.2479603620524893,
                        -3.2479445834096943,
                        4.151885292287853,
                        3.4473770448503274,
                        5.863097805371964e-10,
                        8.934865599513703
                    ]
                ],
                "mui": [
                    0.0,
                    0.0,
                    0.0,
                    0.0,
                    1.0,
                    0.5863097805371964
                ],
                "Ai": [
                    [
                        0.0,
                        0.0,
                        0.0,
                        0.0,
                        0.0,
                        0.0
                    ],
                    [
                        -0.9042083936850621,
                        0.0,
                        0.0,
                        0.0,
                        0.0,
                        0.0
                    ],
                    [
                        0.5274358887811507,
                        -0.5825203363296476,
                        0.0,
                        0.0,
                        0.0,
                        0.0
                    ],
                    [
                        -0.0,
                        0.0,
                        0.7097557113687025,
                        0.0,
                        0.0,
                        0.0
                    ],
                    [
                        0.0,
                        0.0,
                        0.0,
                        0.0,
                        0.0,
                        0.0
                    ],
                    [
                        0.5824669480539355,
                        -0.5895553191556424,
                        0.718966379573238,
                        0.5005527457013093,
                        0.5863097805371964,
                        0.0
                    ]
                ]
            },
            "est_params": {
                "mui": [
                    -0.002444626109828963,
                    0.007923771417399583,
                    -0.0032475641740173744,
                    0.001938113028022562,
                    1.0000002485143111,
                    0.5872178262636182
                ],
                "Si": [
                    [
                        1.005325339192647,
                        -0.9013391982198583,
                        1.050171244816111,
                        0.7421207007609155,
                        4.2782116832603953e-07,
                        2.2478266018937196
                    ],
                    [
                        -0.9013391982198583,
                        1.8053874394904765,
                        -1.526190490319138,
                        -1.0758281725630874,
                        -6.194372403902056e-08,
                        -3.2439828151570076
                    ],
                    [
                        1.050171244816111,
                        -1.5261904903191377,
                        2.4572497874130486,
                        1.7373241502485743,
                        4.2087443185802835e-07,
                        4.169688213975582
                    ],
                    [
                        0.7421207007609155,
                        -1.0758281725630874,
                        1.7373241502485743,
                        2.232928396288022,
                        3.2387308929271096e-07,
                        3.4408261423135604
                    ],
                    [
                        4.2782116832603953e-07,
                        -6.194372403902056e-08,
                        4.2087443185802856e-07,
                        3.2387308929271096e-07,
                        1.010729522815916e-06,
                        3.3651887256614976e-09
                    ],
                    [
                        2.2478266018937196,
                        -3.243982815157008,
                        4.169688213975582,
                        3.440826142313561,
                        3.365188725661035e-09,
                        8.967873432174072
                    ]
                ]
            },
            "est_tgt": [
                4
            ],
            "oracle_est_tgt": [
                4
            ]
        },
        "5": {
            "intv_type": "do",
            "inode": 5,
            "new_mui": 1.0,
            "new_vari": null,
            "noise_type": "gaussian",
            "obs_noise_gamma_shape": null,
            "true_params": {
                "Si": [
                    [
                        1.0,
                        -0.9042083936850621,
                        1.0541556663826634,
                        0.748193004886776,
                        -0.6402819794932458,
                        0.0
                    ],
                    [
                        -0.9042083936850621,
                        1.8175928192105202,
                        -1.535696738123522,
                        -1.0899695308134563,
                        0.7946610753152934,
                        0.0
                    ],
                    [
                        1.0541556663826634,
                        -1.535696738123522,
                        2.4505741112042827,
                        1.7393089715595218,
                        -0.11918588484213588,
                        0.0
                    ],
                    [
                        0.748193004886776,
                        -1.0899695308134563,
                        1.7393089715595218,
                        2.234484476399195,
                        -0.08459286248123835,
                        0.0
                    ],
                    [
                        -0.6402819794932458,
                        0.7946610753152934,
                        -0.11918588484213588,
                        -0.08459286248123835,
                        1.9208371805228104,
                        0.0
                    ],
                    [
                        0.0,
                        0.0,
                        0.0,
                        0.0,
                        0.0,
                        1e-09
                    ]
                ],
                "mui": [
                    0.0,
                    0.0,
                    0.0,
                    0.0,
                    0.0,
                    1.0
                ],
                "Ai": [
                    [
                        0.0,
                        0.0,
                        0.0,
                        0.0,
                        0.0,
                        0.0
                    ],
                    [
                        -0.9042083936850621,
                        0.0,
                        0.0,
                        0.0,
                        0.0,
                        0.0
                    ],
                    [
                        0.5274358887811507,
                        -0.5825203363296476,
                        0.0,
                        0.0,
                        0.0,
                        0.0
                    ],
                    [
                        -0.0,
                        0.0,
                        0.7097557113687025,
                        0.0,
                        0.0,
                        0.0
                    ],
                    [
                        -0.804642321341817,
                        0.6126584302220114,
                        0.6814280469431828,
                        0.0,
                        0.0,
                        0.0
                    ],
                    [
                        0.0,
                        0.0,
                        0.0,
                        0.0,
                        0.0,
                        0.0
                    ]
                ]
            },
            "est_params": {
                "mui": [
                    -0.006631368909264149,
                    -0.0038128481965332833,
                    0.0028772745218854467,
                    0.01060400193390465,
                    0.005659262818897683,
                    1.000000663919549
                ],
                "Si": [
                    [
                        1.0060639741177029,
                        -0.9138417035134313,
                        1.0532697797922421,
                        0.7622693606405456,
                        -0.6461274148262898,
                        -2.3125980592542757e-07
                    ],
                    [
                        -0.9138417035134313,
                        1.8119654132147243,
                        -1.5279681737699276,
                        -1.0971199865152257,
                        0.7992618845045927,
                        6.27105235294154e-07
                    ],
                    [
                        1.0532697797922421,
                        -1.5279681737699276,
                        2.428729609262826,
                        1.7335948967643624,
                        -0.1190542802215175,
                        3.596457884339844e-07
                    ],
                    [
                        0.7622693606405456,
                        -1.0971199865152257,
                        1.7335948967643624,
                        2.224250576141305,
                        -0.10760371040108947,
                        -2.6200981510091695e-07
                    ],
                    [
                        -0.6461274148262898,
                        0.7992618845045928,
                        -0.1190542802215175,
                        -0.10760371040108942,
                        1.9178244656336085,
                        4.5240013120193355e-07
                    ],
                    [
                        -2.3125980592542767e-07,
                        6.271052352941539e-07,
                        3.596457884339844e-07,
                        -2.620098151009172e-07,
                        4.5240013120193366e-07,
                        1.0095834534089922e-06
                    ]
                ]
            },
            "est_tgt": [
                5
            ],
            "oracle_est_tgt": [
                5
            ]
        },
        "obs": {
            "intv_type": "obs",
            "noise_type": "gaussian",
            "obs_noise_gamma_shape": null,
            "true_params": {
                "Si": [
                    [
                        1.0,
                        -0.9042083936850621,
                        1.0541556663826634,
                        0.748193004886776,
                        -0.6402819794932458,
                        1.8725567751738827
                    ],
                    [
                        -0.9042083936850621,
                        1.8175928192105202,
                        -1.535696738123522,
                        -1.0899695308134563,
                        0.7946610753152934,
                        -2.7820270227401327
                    ],
                    [
                        1.0541556663826634,
                        -1.535696738123522,
                        2.4505741112042827,
                        1.7393089715595218,
                        -0.11918588484213588,
                        4.082005442302928
                    ],
                    [
                        0.748193004886776,
                        -1.0899695308134563,
                        1.7393089715595218,
                        2.234484476399195,
                        -0.08459286248123835,
                        3.3977794222139392
                    ],
                    [
                        -0.6402819794932458,
                        0.7946610753152934,
                        -0.11918588484213588,
                        -0.08459286248123835,
                        1.9208371805228104,
                        0.15673203768967853
                    ],
                    [
                        1.8725567751738827,
                        -2.7820270227401327,
                        4.082005442302928,
                        3.3977794222139392,
                        0.15673203768967853,
                        8.4583472791328
