{
    "expt_args": {
        "save_dir": "all_expt_logs/expt_logs_sim_compsel_backward_cameraready_cutoff_var_all",
        "exp_name": "194",
        "num_nodes": 6,
        "num_tgt_prior": 7,
        "obs_noise_mean": 0.0,
        "obs_noise_var": 1.0,
        "obs_noise_gamma_shape": null,
        "noise_type": "gaussian",
        "max_edge_strength": 1.0,
        "graph_sparsity_method": "adj_dense_prop",
        "adj_dense_prop": 0.8,
        "num_parents": null,
        "new_noise_mean": 1.0,
        "mix_samples": 16384,
        "stage2_samples": 16384,
        "gmm_tol": 0.001,
        "intv_type": "do",
        "new_noise_var": null,
        "dtype": "simulation",
        "cutoff_drop_ratio": 0.3,
        "intv_targets": [
            0,
            1,
            2,
            3,
            4,
            5
        ]
    },
    "intv_args_dict": {
        "0": {
            "intv_type": "do",
            "inode": 0,
            "new_mui": 1.0,
            "new_vari": null,
            "noise_type": "gaussian",
            "obs_noise_gamma_shape": null,
            "true_params": {
                "Si": [
                    [
                        1e-09,
                        -7.111223692793589e-10,
                        -5.799173091976297e-10,
                        -9.794683698599208e-10,
                        1.9670027970507261e-10,
                        2.0279662838658463e-09
                    ],
                    [
                        -7.111223692793589e-10,
                        1.000000000505695,
                        -0.5787675509664333,
                        1.471328634066862,
                        0.9840138266144458,
                        -1.5347886331039409
                    ],
                    [
                        -5.799173091976297e-10,
                        -0.5787675509664333,
                        1.3349718788653453,
                        -1.7042086229881646,
                        -2.1813496117541726,
                        2.1615157423744304
                    ],
                    [
                        -9.794683698599208e-10,
                        1.471328634066862,
                        -1.7042086229881646,
                        3.8918222783579797,
                        3.7233639937382663,
                        -4.996982732245391
                    ],
                    [
                        1.9670027970507261e-10,
                        0.9840138266144458,
                        -2.1813496117541726,
                        3.7233639937382663,
                        5.378497024696673,
                        -6.038582357368307
                    ],
                    [
                        2.0279662838658463e-09,
                        -1.5347886331039409,
                        2.1615157423744304,
                        -4.996982732245391,
                        -6.038582357368307,
                        8.68230698297248
                    ]
                ],
                "mui": [
                    1.0,
                    -0.7111223692793589,
                    -0.5799173091976297,
                    -0.9794683698599207,
                    0.1967002797050726,
                    2.027966283865846
                ],
                "Ai": [
                    [
                        0.0,
                        0.0,
                        0.0,
                        0.0,
                        0.0,
                        0.0
                    ],
                    [
                        -0.7111223692793589,
                        0.0,
                        0.0,
                        0.0,
                        0.0,
                        0.0
                    ],
                    [
                        -0.9914918615961532,
                        -0.5787675513788254,
                        0.0,
                        0.0,
                        0.0,
                        0.0
                    ],
                    [
                        -0.7785705435331123,
                        0.977841697529684,
                        -0.85265135314687,
                        0.0,
                        0.0,
                        0.0
                    ],
                    [
                        -0.0,
                        -0.8301175478563523,
                        -0.8434048633607258,
                        0.9012235451334663,
                        0.0,
                        0.0
                    ],
                    [
                        0.9118211713871947,
                        -0.0,
                        -0.9681298056610353,
                        -0.7643910617305811,
                        -0.9862059516840838,
                        0.0
                    ]
                ]
            },
            "est_params": {
                "mui": [
                    1.000001755398702,
                    -0.7038244681777641,
                    -0.589078110455462,
                    -0.9643772652089659,
                    0.20042829588737887,
                    1.9961733213578225
                ],
                "Si": [
                    [
                        1.0237997299867422e-06,
                        7.865726534263441e-07,
                        -6.540329297745631e-07,
                        3.4496590708542405e-06,
                        1.0143442073530837e-06,
                        -2.026409218005884e-06
                    ],
                    [
                        7.865726534263441e-07,
                        0.9861912671779003,
                        -0.5576407955692015,
                        1.4512957000954123,
                        0.9747593840703535,
                        -1.5535688034985455
                    ],
                    [
                        -6.540329297745626e-07,
                        -0.5576407955692014,
                        1.299591412121065,
                        -1.63680051045253,
                        -2.1177537941586273,
                        2.0746341992196022
                    ],
                    [
                        3.4496590708542405e-06,
                        1.4512957000954123,
                        -1.6368005104525303,
                        3.89746383290906,
                        3.731720880272153,
                        -5.095547377491148
                    ],
                    [
                        1.014344207353083e-06,
                        0.9747593840703535,
                        -2.1177537941586273,
                        3.731720880272153,
                        5.387332900984982,
                        -6.100976123235276
                    ],
                    [
                        -2.0264092180058843e-06,
                        -1.5535688034985455,
                        2.0746341992196022,
                        -5.095547377491148,
                        -6.100976123235276,
                        8.918031279385888
                    ]
                ]
            },
            "est_tgt": [
                0
            ],
            "oracle_est_tgt": [
                0
            ]
        },
        "1": {
            "intv_type": "do",
            "inode": 1,
            "new_mui": 1.0,
            "new_vari": null,
            "noise_type": "gaussian",
            "obs_noise_gamma_shape": null,
            "true_params": {
                "Si": [
                    [
                        1.0,
                        0.0,
                        -0.9914918615961532,
                        0.06682633389095693,
                        0.8964545235902561,
                        0.9365437557754752
                    ],
                    [
                        0.0,
                        1e-09,
                        -5.787675513788254e-10,
                        1.4713286333703402e-09,
                        9.84013826754324e-10,
                        -1.5347886316618087e-09
                    ],
                    [
                        -0.9914918615961532,
                        -5.787675513788254e-10,
                        1.9830561119463774,
                        -0.9189091201916183,
                        -2.500661703606906,
                        0.34465437432772716
                    ],
                    [
                        0.06682633389095693,
                        1.4713286333703402e-09,
                        -0.9189091201916183,
                        1.731480091089302,
                        2.335463045754279,
                        -2.676218486854994
                    ],
                    [
                        0.8964545235902561,
                        9.84013826754324e-10,
                        -2.500661703606906,
                        2.335463045754279,
                        5.21384452724801,
                        -3.688760238171761
                    ],
                    [
                        0.9365437557754752,
                        -1.5347886316618087e-09,
                        0.34465437432772716,
                        -2.676218486854994,
                        -3.688760238171761,
                        7.203845043819116
                    ]
                ],
                "mui": [
                    0.0,
                    1.0,
                    -0.5787675513788254,
                    1.4713286333703401,
                    0.9840138267543238,
                    -1.5347886316618087
                ],
                "Ai": [
                    [
                        0.0,
                        0.0,
                        0.0,
                        0.0,
                        0.0,
                        0.0
                    ],
                    [
                        0.0,
                        0.0,
                        0.0,
                        0.0,
                        0.0,
                        0.0
                    ],
                    [
                        -0.9914918615961532,
                        -0.5787675513788254,
                        0.0,
                        0.0,
                        0.0,
                        0.0
                    ],
                    [
                        -0.7785705435331123,
                        0.977841697529684,
                        -0.85265135314687,
                        0.0,
                        0.0,
                        0.0
                    ],
                    [
                        -0.0,
                        -0.8301175478563523,
                        -0.8434048633607258,
                        0.9012235451334663,
                        0.0,
                        0.0
                    ],
                    [
                        0.9118211713871947,
                        -0.0,
                        -0.9681298056610353,
                        -0.7643910617305811,
                        -0.9862059516840838,
                        0.0
                    ]
                ]
            },
            "est_params": {
                "mui": [
                    0.011920654764512413,
                    0.9999996353713653,
                    -0.6066190786459555,
                    1.5070827276307863,
                    1.0548801326698345,
                    -1.5657490299426553
                ],
                "Si": [
                    [
                        1.021562297622648,
                        -9.147723441817976e-07,
                        -1.0354435004849656,
                        0.08925333755135416,
                        0.9334423201860204,
                        0.9318628980628311
                    ],
                    [
                        -9.147723441817976e-07,
                        1.0119567460847425e-06,
                        -6.967124625970649e-07,
                        -2.2786082788197937e-07,
                        2.2013233535777505e-06,
                        -2.47111774766448e-06
                    ],
                    [
                        -1.0354435004849656,
                        -6.967124625970648e-07,
                        2.0499942542567897,
                        -0.9486999051736283,
                        -2.5459083892186976,
                        0.3174240385182189
                    ],
                    [
                        0.08925333755135416,
                        -2.2786082788197937e-07,
                        -0.9486999051736283,
                        1.7476440888839102,
                        2.36699499261287,
                        -2.619383177247487
                    ],
                    [
                        0.9334423201860204,
                        2.2013233535777505e-06,
                        -2.5459083892186976,
                        2.36699499261287,
                        5.23679922612301,
                        -3.6331080048995275
                    ],
                    [
                        0.9318628980628311,
                        -2.47111774766448e-06,
                        0.3174240385182189,
                        -2.619383177247487,
                        -3.6331080048995275,
                        7.016291967959168
                    ]
                ]
            },
            "est_tgt": [
                1
            ],
            "oracle_est_tgt": [
                1
            ]
        },
        "2": {
            "intv_type": "do",
            "inode": 2,
            "new_mui": 1.0,
            "new_vari": null,
            "noise_type": "gaussian",
            "obs_noise_gamma_shape": null,
            "true_params": {
                "Si": [
                    [
                        1.0,
                        -0.7111223692793589,
                        0.0,
                        -1.4739356482605714,
                        -0.7380303528120051,
                        2.766334332950349
                    ],
                    [
                        -0.7111223692793589,
                        1.5056950240894889,
                        0.0,
                        2.0259903078860493,
                        0.5759663064624303,
                        -2.7650867136595743
                    ],
                    [
                        0.0,
                        0.0,
                        1e-09,
                        -8.5265135314687e-10,
                        -1.6118343386065953e-09,
                        1.2732298853195204e-09
                    ],
                    [
                        -1.4739356482605714,
                        2.0259903078860493,
                        -8.5265135314687e-10,
                        4.128660681368059,
                        2.0390361102717014,
                        -6.510786597925773
                    ],
                    [
                        -0.7380303528120051,
                        0.5759663064624303,
                        -1.6118343386065953e-09,
                        2.0390361102717014,
                        2.359507615345172,
                        -4.5585331297947915
                    ],
                    [
                        2.766334332950349,
                        -2.7650867136595743,
                        1.2732298853195204e-09,
                        -6.510786597925773,
                        -4.5585331297947915,
                        12.994841794529165
                    ]
                ],
                "mui": [
                    0.0,
                    0.0,
                    1.0,
                    -0.85265135314687,
                    -1.6118343386065952,
                    1.2732298853195203
                ],
                "Ai": [
                    [
                        0.0,
                        0.0,
                        0.0,
                        0.0,
                        0.0,
                        0.0
                    ],
                    [
                        -0.7111223692793589,
                        0.0,
                        0.0,
                        0.0,
                        0.0,
                        0.0
                    ],
                    [
                        0.0,
                        0.0,
                        0.0,
                        0.0,
                        0.0,
                        0.0
                    ],
                    [
                        -0.7785705435331123,
                        0.977841697529684,
                        -0.85265135314687,
                        0.0,
                        0.0,
                        0.0
                    ],
                    [
                        -0.0,
                        -0.8301175478563523,
                        -0.8434048633607258,
                        0.9012235451334663,
                        0.0,
                        0.0
                    ],
                    [
                        0.9118211713871947,
                        -0.0,
                        -0.9681298056610353,
                        -0.7643910617305811,
                        -0.9862059516840838,
                        0.0
                    ]
                ]
            },
            "oracle_est_tgt": [
                2
            ]
        },
        "3": {
            "intv_type": "do",
            "inode": 3,
            "new_mui": 1.0,
            "new_vari": null,
            "noise_type": "gaussian",
            "obs_noise_gamma_shape": null,
            "true_params": {
                "Si": [
                    [
                        1.0,
                        -0.7111223692793589,
                        -0.5799173091976297,
                        0.0,
                        1.0794202363363274,
                        0.40872574179704
                    ],
                    [
                        -0.7111223692793589,
                        1.5056950240894889,
                        -0.1663753804760964,
                        0.0,
                        -1.1095820561796468,
                        0.606932960697393
                    ],
                    [
                        -0.5799173091976297,
                        -0.1663753804760964,
                        1.6712759640360606,
                        0.0,
                        -1.271451153221414,
                        -0.892880259865933
                    ],
                    [
                        0.0,
                        0.0,
                        0.0,
                        1e-09,
                        9.012235451334663e-10,
                        -1.653183085739035e-09
                    ],
                    [
                        1.0794202363363274,
                        -1.1095820561796468,
                        -1.271451153221414,
                        9.012235451334663e-10,
                        2.9934316225860056,
                        -0.7369721006515704
                    ],
                    [
                        0.40872574179704,
                        0.606932960697393,
                        -0.892880259865933,
                        -1.653183085739035e-09,
                        -0.7369721006515704,
                        2.9639150502754363
                    ]
                ],
                "mui": [
                    0.0,
                    0.0,
                    0.0,
                    1.0,
                    0.9012235451334663,
                    -1.653183085739035
                ],
                "Ai": [
                    [
                        0.0,
                        0.0,
                        0.0,
                        0.0,
                        0.0,
                        0.0
                    ],
                    [
                        -0.7111223692793589,
                        0.0,
                        0.0,
                        0.0,
                        0.0,
                        0.0
                    ],
                    [
                        -0.9914918615961532,
                        -0.5787675513788254,
                        0.0,
                        0.0,
                        0.0,
                        0.0
                    ],
                    [
                        0.0,
                        0.0,
                        0.0,
                        0.0,
                        0.0,
                        0.0
                    ],
                    [
                        -0.0,
                        -0.8301175478563523,
                        -0.8434048633607258,
                        0.9012235451334663,
                        0.0,
                        0.0
                    ],
                    [
                        0.9118211713871947,
                        -0.0,
                        -0.9681298056610353,
                        -0.7643910617305811,
                        -0.9862059516840838,
                        0.0
                    ]
                ]
            },
            "est_params": {
                "mui": [
                    -0.010550510975899487,
                    0.014131465982688407,
                    0.016877849941919234,
                    1.000000760207755,
                    0.8672018331690176,
                    -1.6674438630464665
                ],
                "Si": [
                    [
                        1.0123593948043048,
                        -0.755816100128919,
                        -0.5438342657735611,
                        1.759079226299962e-06,
                        1.097132979132407,
                        0.37016285020639633
                    ],
                    [
                        -0.755816100128919,
                        1.5449163304661953,
                        -0.14419409891811344,
                        1.6042582829559716e-07,
                        -1.1511029493646212,
                        0.5846401335606556
                    ],
                    [
                        -0.5438342657735611,
                        -0.14419409891811344,
                        1.5589260662714908,
                        -5.7582981613517085e-08,
                        -1.2236882162159084,
                        -0.8123885844303008
                    ],
                    [
                        1.7590792262999622e-06,
                        1.6042582829559724e-07,
                        -5.758298161351667e-08,
                        1.0096685024795447e-06,
                        -1.7566713963276008e-06,
                        2.6621534559918437e-06
                    ],
                    [
                        1.0971329791324071,
                        -1.151102949364621,
                        -1.2236882162159084,
                        -1.7566713963276006e-06,
                        2.964854480858041,
                        -0.7648373210722212
                    ],
                    [
                        0.37016285020639633,
                        0.5846401335606556,
                        -0.8123885844303008,
                        2.6621534559918437e-06,
                        -0.7648373210722212,
                        2.9185971230504753
                    ]
                ]
            },
            "est_tgt": [
                2,
                3
            ],
            "oracle_est_tgt": [
                3,
                4
            ]
        },
        "4": {
            "intv_type": "do",
            "inode": 4,
            "new_mui": 1.0,
            "new_vari": null,
            "noise_type": "gaussian",
            "obs_noise_gamma_shape": null,
            "true_params": {
                "Si": [
                    [
                        1.0,
                        -0.7111223692793589,
                        -0.5799173091976297,
                        -0.9794683698599207,
                        0.0,
                        2.2219532704089127
                    ],
                    [
                        -0.7111223692793589,
                        1.5056950240894889,
                        -0.1663753804760964,
                        2.167850501179318,
                        0.0,
                        -2.1444290132584696
                    ],
                    [
                        -0.5799173091976297,
                        -0.1663753804760964,
                        1.6712759640360606,
                        -1.1361979620628213,
                        0.0,
                        -1.2782933878911609
                    ],
                    [
                        -0.9794683698599207,
                        2.167850501179318,
                        -1.1361979620628213,
                        4.851180564954671,
                        0.0,
                        -3.501311946830497
                    ],
                    [
                        0.0,
                        0.0,
                        0.0,
                        0.0,
                        1e-09,
                        -9.862059516840839e-10
                    ],
                    [
                        2.2219532704089127,
                        -2.1444290132584696,
                        -1.2782933878911609,
                        -3.501311946830497,
                        -9.862059516840839e-10,
                        6.939949520449054
                    ]
                ],
                "mui": [
                    0.0,
                    0.0,
                    0.0,
                    0.0,
                    1.0,
                    -0.9862059516840838
                ],
                "Ai": [
                    [
                        0.0,
                        0.0,
                        0.0,
                        0.0,
                        0.0,
                        0.0
                    ],
                    [
                        -0.7111223692793589,
                        0.0,
                        0.0,
                        0.0,
                        0.0,
                        0.0
                    ],
                    [
                        -0.9914918615961532,
                        -0.5787675513788254,
                        0.0,
                        0.0,
                        0.0,
                        0.0
                    ],
                    [
                        -0.7785705435331123,
                        0.977841697529684,
                        -0.85265135314687,
                        0.0,
                        0.0,
                        0.0
                    ],
                    [
                        0.0,
                        0.0,
                        0.0,
                        0.0,
                        0.0,
                        0.0
                    ],
                    [
                        0.9118211713871947,
                        -0.0,
                        -0.9681298056610353,
                        -0.7643910617305811,
                        -0.9862059516840838,
                        0.0
                    ]
                ]
            },
            "est_params": {
                "mui": [
                    -0.0018771242175203214,
                    0.053486036754533076,
                    -0.05934391921062241,
                    0.1373748173998482,
                    1.0000010454584973,
                    -1.0480221774314724
                ],
                "Si": [
                    [
                        1.0043711988831283,
                        -0.737671336504802,
                        -0.561153011200293,
                        -1.0100153125643951,
                        -3.7738297185291315e-06,
                        2.226640040910709
                    ],
                    [
                        -0.737671336504802,
                        1.5137664400500104,
                        -0.13155029982668254,
                        2.132873050783703,
                        2.8349835402841444e-06,
                        -2.1629208562248383
                    ],
                    [
                        -0.561153011200293,
                        -0.13155029982668254,
                        1.6735285210856603,
                        -1.0862899653378197,
                        1.6701626916250082e-06,
                        -1.330548461060568
                    ],
                    [
                        -1.0100153125643951,
                        2.132873050783703,
                        -1.0862899653378197,
                        4.7503049022664605,
                        3.912565670761812e-06,
                        -3.4867504506207325
                    ],
                    [
                        -3.7738297185291315e-06,
                        2.8349835402841444e-06,
                        1.6701626916250082e-06,
                        3.91256567076181e-06,
                        1.00771059257385e-06,
                        -9.84080591675722e-06
                    ],
                    [
                        2.226640040910709,
                        -2.162920856224839,
                        -1.330548461060568,
                        -3.486750450620732,
                        -9.840805916757221e-06,
                        7.032299335773837
                    ]
                ]
            },
            "est_tgt": [
                4
            ],
            "oracle_est_tgt": [
                3,
                4
            ]
        },
        "5": {
            "intv_type": "do",
            "inode": 5,
            "new_mui": 1.0,
            "new_vari": null,
            "noise_type": "gaussian",
            "obs_noise_gamma_shape": null,
            "true_params": {
                "Si": [
                    [
                        1.0,
                        -0.7111223692793589,
                        -0.5799173091976297,
                        -0.9794683698599207,
                        0.1967002797050726,
                        0.0
                    ],
                    [
                        -0.7111223692793589,
                        1.5056950240894889,
                        -0.1663753804760964,
                        2.167850501179318,
                        0.84413585781254,
                        0.0
                    ],
                    [
                        -0.5799173091976297,
                        -0.1663753804760964,
                        1.6712759640360606,
                        -1.1361979620628213,
                        -2.2954195085650895,
                        0.0
                    ],
                    [
                        -0.9794683698599207,
                        2.167850501179318,
                        -1.1361979620628213,
                        4.851180564954671,
                        3.5307022916172097,
                        0.0
                    ],
                    [
                        0.1967002797050726,
                        0.84413585781254,
                        -2.2954195085650895,
                        3.5307022916172097,
                        5.417188024694036,
                        0.0
                    ],
                    [
                        0.0,
                        0.0,
                        0.0,
                        0.0,
                        0.0,
                        1e-09
                    ]
                ],
                "mui": [
                    0.0,
                    0.0,
                    0.0,
                    0.0,
                    0.0,
                    1.0
                ],
                "Ai": [
                    [
                        0.0,
                        0.0,
                        0.0,
                        0.0,
                        0.0,
                        0.0
                    ],
                    [
                        -0.7111223692793589,
                        0.0,
                        0.0,
                        0.0,
                        0.0,
                        0.0
                    ],
                    [
                        -0.9914918615961532,
                        -0.5787675513788254,
                        0.0,
                        0.0,
                        0.0,
                        0.0
                    ],
                    [
                        -0.7785705435331123,
                        0.977841697529684,
                        -0.85265135314687,
                        0.0,
                        0.0,
                        0.0
                    ],
                    [
                        -0.0,
                        -0.8301175478563523,
                        -0.8434048633607258,
                        0.9012235451334663,
                        0.0,
                        0.0
                    ],
                    [
                        0.0,
                        0.0,
                        0.0,
                        0.0,
                        0.0,
                        0.0
                    ]
                ]
            },
            "est_params": {
                "mui": [
                    0.010736227288740647,
                    0.008509073405246474,
                    -0.029063827277897573,
                    0.019725251721678553,
                    0.004568820608454829,
                    0.9999997099033113
                ],
                "Si": [
                    [
                        0.9636147555005851,
                        -0.7040649263092532,
                        -0.5387503398563029,
                        -0.9954225876375162,
                        0.13683572536594008,
                        -2.5041712907619107e-06
                    ],
                    [
                        -0.7040649263092532,
                        1.5792438475514856,
                        -0.23303171436375916,
                        2.3133124057124053,
                        1.0080009217727177,
                        1.0997002310828838e-06
                    ],
                    [
                        -0.5387503398563029,
                        -0.23303171436375916,
                        1.720336503193274,
                        -1.303154493504491,
                        -2.4442826640749282,
                        1.1717477042855526e-06
                    ],
                    [
                        -0.9954225876375162,
                        2.3133124057124053,
                        -1.3031544935044912,
                        5.138796099321456,
                        3.8574785328400014,
                        2.2061093954460376e-07
                    ],
                    [
                        0.13683572536594002,
                        1.008000921772718,
                        -2.4442826640749282,
                        3.8574785328400014,
                        5.728220027713028,
                        2.7651167379465107e-07
                    ],
                    [
                        -2.5041712907619107e-06,
                        1.099700231082884e-06,
                        1.1717477042855524e-06,
                        2.2061093954460376e-07,
                        2.7651167379465027e-07,
                        1.007882279760961e-06
                    ]
                ]
            },
            "est_tgt": [
                5
            ],
            "oracle_est_tgt": [
                5
            ]
        },
        "obs": {
            "intv_type": "obs",
            "noise_type": "gaussian",
            "obs_noise_gamma_shape": null,
            "true_params": {
                "Si": [
                    [
                        1.0,
                        -0.7111223692793589,
                        -0.5799173091976297,
                        -0.9794683698599207,
                        0.1967002797050726,
                        2.027966283865846
                    ],
                    [
                        -0.7111223692793589,
                        1.5056950240894889,
                        -0.1663753804760964,
                        2.167850501179318,
                        0.84413585781254,
                        -2.976920820263146
                    ],
                    [
                        -0.5799173091976297,
                        -0.1663753804760964,
                        1.6712759640360606,
                        -1.1361979620628213,
                        -2.2954195085650895,
                        0.9854629930674852
                    ],
                    [
                        -0.9794683698599207,
                        2.167850501179318,
                        -1.1361979620628213,
                        4.851180564954671,
                        3.5307022916172097,
                        -6.983311560448023
                    ],
                    [
                        0.1967002797050726,
                        0.84413585781254,
                        -2.2954195085650895,
                        3.5307022916172097,
                        5.417188024694036,
                        -5.63968082249834
                    ],
                    [
                        2.027966283865846,
                        -2.976920820263146,
                        0.9854629930674852,
                        -6.983311560448023,
                        -5.63968082249834,
                        12.794954227356483
                    ]
                ],
                "mui": [
                    0.0,
                    0.0,
                    0.0,
                    0.0,
                    0.0,
                    0.0
                ],
                "Ai": [
                    [
                        0.0,
                        0.0,
                        0.0,
                        0.0,
                        0.0,
                        0.0
                    ],
                    [
                        -0.7111223692793589,
                        0.0,
                        0.0,
                        0.0,
                        0.0,
                        0.0
                    ],
                    [
                        -0.9914918615961532,
                        -0.5787675513788254,
                        0.0,
                        0.0,
                        0.0,
                        0.0
                    ],
                    [
                        -0.7785705435331123,
                        0.977841697529684,
                        -0.85265135314687,
                        0.0,
                        0.0,
                        0.0
                    ],
                    [
                        -0.0,
                        -0.8301175478563523,
                        -0.8434048633607258,
                        0.9012235451334663,
                        0.0,
                        0.0
                    ],
                    [
                        0.9118211713871947,
                        -0.0,
                        -0.9681298056610353,
                        -0.7643910617305811,
                        -0.9862059516840838,
                        0.0
                    ]
                ]
            },
            "est_params": {
                "mui": [
                    -0.002081632409336006,
                    -0.029748014127510814,
                    0.4840032613699419,
                    -0.46140466740916586,
                    -0.8123080064513446,
