{
    "expt_args": {
        "save_dir": "all_expt_logs/expt_logs_sim_compsel_backward_cameraready_cutoff_var_all",
        "exp_name": "396",
        "num_nodes": 6,
        "num_tgt_prior": 7,
        "obs_noise_mean": 0.0,
        "obs_noise_var": 1.0,
        "obs_noise_gamma_shape": null,
        "noise_type": "gaussian",
        "max_edge_strength": 1.0,
        "graph_sparsity_method": "adj_dense_prop",
        "adj_dense_prop": 0.8,
        "num_parents": null,
        "new_noise_mean": 1.0,
        "mix_samples": 1024,
        "stage2_samples": 1024,
        "gmm_tol": 0.001,
        "intv_type": "do",
        "new_noise_var": null,
        "dtype": "simulation",
        "cutoff_drop_ratio": 0.01,
        "intv_targets": [
            0,
            1,
            2,
            3,
            4,
            5
        ]
    },
    "intv_args_dict": {
        "0": {
            "intv_type": "do",
            "inode": 0,
            "new_mui": 1.0,
            "new_vari": null,
            "noise_type": "gaussian",
            "obs_noise_gamma_shape": null,
            "true_params": {
                "Si": [
                    [
                        1e-09,
                        0.0,
                        0.0,
                        -5.860222543762394e-10,
                        3.6595028195793844e-10,
                        -8.058239448229321e-10
                    ],
                    [
                        0.0,
                        1.0,
                        0.9510470832697393,
                        1.3008390354379995,
                        2.0108952014301655,
                        1.2601599139633615
                    ],
                    [
                        0.0,
                        0.9510470832697393,
                        1.9044905545958786,
                        1.749852291190111,
                        2.352013347087646,
                        1.2050621192060307
                    ],
                    [
                        -5.860222543762394e-10,
                        1.3008390354379995,
                        1.749852291190111,
                        2.95503643251002,
                        3.6985587673934606,
                        2.931705761601539
                    ],
                    [
                        3.6595028195793844e-10,
                        2.0108952014301655,
                        2.352013347087646,
                        3.6985587673934606,
                        5.971958792866856,
                        4.443159656860959
                    ],
                    [
                        -8.058239448229321e-10,
                        1.2601599139633615,
                        1.2050621192060307,
                        2.931705761601539,
                        4.443159656860959,
                        4.8913856099250115
                    ]
                ],
                "mui": [
                    1.0,
                    0.0,
                    0.0,
                    -0.5860222543762393,
                    0.36595028195793844,
                    -0.8058239448229321
                ],
                "Ai": [
                    [
                        0.0,
                        0.0,
                        0.0,
                        0.0,
                        0.0,
                        0.0
                    ],
                    [
                        -0.0,
                        0.0,
                        0.0,
                        0.0,
                        0.0,
                        0.0
                    ],
                    [
                        -0.0,
                        0.9510470832697393,
                        0.0,
                        0.0,
                        0.0,
                        0.0
                    ],
                    [
                        -0.5860222543762393,
                        0.8132437383520574,
                        0.5126931207333807,
                        0.0,
                        0.0,
                        0.0
                    ],
                    [
                        0.8683763290940647,
                        0.8956211488583066,
                        -0.0,
                        0.8573497736377048,
                        0.0,
                        0.0
                    ],
                    [
                        -0.7460063429923094,
                        -0.5118546338324628,
                        -0.654302276824412,
                        0.6022930670288449,
                        0.8010365165902326,
                        0.0
                    ]
                ]
            },
            "est_params": {
                "mui": [
                    0.6785059060771729,
                    0.6951637586434104,
                    0.6244790313370325,
                    0.7107870622821577,
                    2.458840436560232,
                    1.2129802423923564
                ],
                "Si": [
                    [
                        0.44132534615126917,
                        -0.07194958837746127,
                        -0.08128077630193488,
                        -0.3996238410469236,
                        -0.06635478788146632,
                        -0.4720077595386434
                    ],
                    [
                        -0.07194958837746127,
                        0.704468749392145,
                        0.6806003832374145,
                        0.9158775534355416,
                        1.1376736452168676,
                        0.8417951340163362
                    ],
                    [
                        -0.08128077630193485,
                        0.6806003832374145,
                        1.6722607407219234,
                        1.5120814946187084,
                        1.4457717982391358,
                        0.7043513792210999
                    ],
                    [
                        -0.3996238410469236,
                        0.9158775534355416,
                        1.5120814946187084,
                        2.339919760357304,
                        2.142642895594094,
                        1.9145570856555119
                    ],
                    [
                        -0.06635478788146632,
                        1.1376736452168679,
                        1.4457717982391358,
                        2.142642895594094,
                        3.0497695450455753,
                        2.3601662094911853
                    ],
                    [
                        -0.4720077595386434,
                        0.8417951340163362,
                        0.7043513792210998,
                        1.9145570856555116,
                        2.3601662094911853,
                        3.2334780222668216
                    ]
                ]
            },
            "est_tgt": [
                0
            ],
            "oracle_est_tgt": [
                0,
                5
            ]
        },
        "1": {
            "intv_type": "do",
            "inode": 1,
            "new_mui": 1.0,
            "new_vari": null,
            "noise_type": "gaussian",
            "obs_noise_gamma_shape": null,
            "true_params": {
                "Si": [
                    [
                        1.0,
                        0.0,
                        0.0,
                        -0.5860222543762393,
                        0.36595028195793844,
                        -0.8058239448229321
                    ],
                    [
                        0.0,
                        1e-09,
                        9.510470832697395e-10,
                        1.3008390354379995e-09,
                        2.0108952014301658e-09,
                        1.2601599139633616e-09
                    ],
                    [
                        0.0,
                        9.510470832697395e-10,
                        1.0000000009044905,
                        0.5126931219705398,
                        0.4395573329188284,
                        0.006590709776201497
                    ],
                    [
                        -0.5860222543762393,
                        1.3008390354379995e-09,
                        0.5126931219705398,
                        1.6062763203637247,
                        0.868252786805837,
                        1.7646713205663311
                    ],
                    [
                        0.36595028195793844,
                        2.0108952014301658e-09,
                        0.4395573329188284,
                        0.868252786805837,
                        2.0621788945068635,
                        1.6142186358499162
                    ],
                    [
                        -0.8058239448229321,
                        1.2601599139633616e-09,
                        0.006590709776201497,
                        1.7646713205663311,
                        1.6142186358499162,
                        3.9527348321535074
                    ]
                ],
                "mui": [
                    0.0,
                    1.0,
                    0.9510470832697393,
                    1.3008390354379995,
                    2.0108952014301655,
                    1.2601599139633615
                ],
                "Ai": [
                    [
                        0.0,
                        0.0,
                        0.0,
                        0.0,
                        0.0,
                        0.0
                    ],
                    [
                        0.0,
                        0.0,
                        0.0,
                        0.0,
                        0.0,
                        0.0
                    ],
                    [
                        -0.0,
                        0.9510470832697393,
                        0.0,
                        0.0,
                        0.0,
                        0.0
                    ],
                    [
                        -0.5860222543762393,
                        0.8132437383520574,
                        0.5126931207333807,
                        0.0,
                        0.0,
                        0.0
                    ],
                    [
                        0.8683763290940647,
                        0.8956211488583066,
                        -0.0,
                        0.8573497736377048,
                        0.0,
                        0.0
                    ],
                    [
                        -0.7460063429923094,
                        -0.5118546338324628,
                        -0.654302276824412,
                        0.6022930670288449,
                        0.8010365165902326,
                        0.0
                    ]
                ]
            },
            "est_params": {
                "mui": [
                    -0.07063882968386323,
                    0.9999979920676346,
                    0.9586698669537213,
                    1.4090607956991001,
                    2.0888577093777543,
                    1.4539359268586423
                ],
                "Si": [
                    [
                        1.0713223275855446,
                        1.027781167930527e-06,
                        -0.055073534496410045,
                        -0.6393178684136123,
                        0.3238865071357063,
                        -0.809827879034252
                    ],
                    [
                        1.027781167930527e-06,
                        1.0013549318788104e-06,
                        1.0868134515771745e-06,
                        -2.0820600438156417e-07,
                        1.6923078686989312e-06,
                        -1.7095061666018276e-07
                    ],
                    [
                        -0.055073534496410045,
                        1.0868134515771747e-06,
                        0.9019108353610003,
                        0.50553375323495,
                        0.3872052652559162,
                        0.17138087917009437
                    ],
                    [
                        -0.6393178684136123,
                        -2.0820600438156435e-07,
                        0.50553375323495,
                        1.7711045227908646,
                        1.0016745321570475,
                        1.9453671189372013
                    ],
                    [
                        0.3238865071357063,
                        1.6923078686989314e-06,
                        0.3872052652559162,
                        1.0016745321570477,
                        2.036128520888049,
                        1.728855080818129
                    ],
                    [
                        -0.809827879034252,
                        -1.7095061666018387e-07,
                        0.1713808791700944,
                        1.9453671189372013,
                        1.7288550808181289,
                        3.894413599630111
                    ]
                ]
            },
            "est_tgt": [
                1,
                3,
                4
            ],
            "oracle_est_tgt": [
                1
            ]
        },
        "2": {
            "intv_type": "do",
            "inode": 2,
            "new_mui": 1.0,
            "new_vari": null,
            "noise_type": "gaussian",
            "obs_noise_gamma_shape": null,
            "true_params": {
                "Si": [
                    [
                        1.0,
                        0.0,
                        0.0,
                        -0.5860222543762393,
                        0.36595028195793844,
                        -0.8058239448229321
                    ],
                    [
                        0.0,
                        1.0,
                        0.0,
                        0.8132437383520574,
                        1.592855483846724,
                        1.2538918397938306
                    ],
                    [
                        0.0,
                        0.0,
                        1e-09,
                        5.126931207333808e-10,
                        4.395573310063724e-10,
                        6.590708577730087e-12
                    ],
                    [
                        -0.5860222543762393,
                        0.8132437383520574,
                        5.126931207333808e-10,
                        2.0047874608558933,
                        1.9382745129785364,
                        2.7810119952649583
                    ],
                    [
                        0.36595028195793844,
                        1.592855483846724,
                        4.395573310063724e-10,
                        1.9382745129785364,
                        4.40615683583551,
                        3.608590132213157
                    ],
                    [
                        -0.8058239448229321,
                        1.2538918397938306,
                        6.590708577730087e-12,
                        2.7810119952649583,
                        3.608590132213157,
                        5.524936139027549
                    ]
                ],
                "mui": [
                    0.0,
                    0.0,
                    1.0,
                    0.5126931207333807,
                    0.4395573310063724,
                    0.006590708577730087
                ],
                "Ai": [
                    [
                        0.0,
                        0.0,
                        0.0,
                        0.0,
                        0.0,
                        0.0
                    ],
                    [
                        -0.0,
                        0.0,
                        0.0,
                        0.0,
                        0.0,
                        0.0
                    ],
                    [
                        0.0,
                        0.0,
                        0.0,
                        0.0,
                        0.0,
                        0.0
                    ],
                    [
                        -0.5860222543762393,
                        0.8132437383520574,
                        0.5126931207333807,
                        0.0,
                        0.0,
                        0.0
                    ],
                    [
                        0.8683763290940647,
                        0.8956211488583066,
                        -0.0,
                        0.8573497736377048,
                        0.0,
                        0.0
                    ],
                    [
                        -0.7460063429923094,
                        -0.5118546338324628,
                        -0.654302276824412,
                        0.6022930670288449,
                        0.8010365165902326,
                        0.0
                    ]
                ]
            },
            "est_params": {
                "mui": [
                    0.12119792676426372,
                    0.17078597164434475,
                    1.0000024066439794,
                    0.6132215038069947,
                    0.7794489703892684,
                    0.04639356714450163
                ],
                "Si": [
                    [
                        1.0984459944391285,
                        -0.09542059674471376,
                        3.379750342637537e-06,
                        -0.7245110625658792,
                        0.24344817268165259,
                        -0.9207014214945831
                    ],
                    [
                        -0.09542059674471377,
                        0.8297733416770625,
                        1.2811749496566525e-06,
                        0.619022546814124,
                        1.2076753263339468,
                        0.9160354249625702
                    ],
                    [
                        3.3797503426375366e-06,
                        1.2811749496566527e-06,
                        1.0014115563011338e-06,
                        2.903185399665686e-07,
                        5.564066874016325e-06,
                        1.1837539253977972e-05
                    ],
                    [
                        -0.7245110625658792,
                        0.6190225468141239,
                        2.90318539966569e-07,
                        1.8369741028161903,
                        1.2906307166585982,
                        2.179375401294735
                    ],
                    [
                        0.24344817268165259,
                        1.2076753263339468,
                        5.564066874016325e-06,
                        1.2906307166585982,
                        3.2558248137777754,
                        2.570792479410056
                    ],
                    [
                        -0.9207014214945831,
                        0.9160354249625702,
                        1.1837539253977972e-05,
                        2.1793754012947346,
                        2.570792479410056,
                        4.368468275139744
                    ]
                ]
            },
            "est_tgt": [
                1,
                2,
                3,
                4
            ],
            "oracle_est_tgt": [
                2
            ]
        },
        "3": {
            "intv_type": "do",
            "inode": 3,
            "new_mui": 1.0,
            "new_vari": null,
            "noise_type": "gaussian",
            "obs_noise_gamma_shape": null,
            "true_params": {
                "Si": [
                    [
                        1.0,
                        0.0,
                        0.0,
                        0.0,
                        0.8683763290940647,
                        -0.05040519324538639
                    ],
                    [
                        0.0,
                        1.0,
                        0.9510470832697393,
                        0.0,
                        0.8956211488583066,
                        -0.41670166051706936
                    ],
                    [
                        0.0,
                        0.9510470832697393,
                        1.9044905545958786,
                        0.0,
                        0.8517778813363854,
                        -1.0506051756528278
                    ],
                    [
                        0.0,
                        0.0,
                        0.0,
                        1e-09,
                        8.573497736377048e-10,
                        1.2890615432030163e-09
                    ],
                    [
                        0.8683763290940647,
                        0.8956211488583066,
                        0.8517778813363854,
                        8.573497736377048e-10,
                        2.556214691948205,
                        0.3840590210942419
                    ],
                    [
                        -0.05040519324538639,
                        -0.41670166051706936,
                        -1.0506051756528278,
                        1.2890615432030163e-09,
                        0.3840590210942419,
                        2.245951929414091
                    ]
                ],
                "mui": [
                    0.0,
                    0.0,
                    0.0,
                    1.0,
                    0.8573497736377048,
                    1.2890615432030164
                ],
                "Ai": [
                    [
                        0.0,
                        0.0,
                        0.0,
                        0.0,
                        0.0,
                        0.0
                    ],
                    [
                        -0.0,
                        0.0,
                        0.0,
                        0.0,
                        0.0,
                        0.0
                    ],
                    [
                        -0.0,
                        0.9510470832697393,
                        0.0,
                        0.0,
                        0.0,
                        0.0
                    ],
                    [
                        0.0,
                        0.0,
                        0.0,
                        0.0,
                        0.0,
                        0.0
                    ],
                    [
                        0.8683763290940647,
                        0.8956211488583066,
                        -0.0,
                        0.8573497736377048,
                        0.0,
                        0.0
                    ],
                    [
                        -0.7460063429923094,
                        -0.5118546338324628,
                        -0.654302276824412,
                        0.6022930670288449,
                        0.8010365165902326,
                        0.0
                    ]
                ]
            },
            "est_params": {
                "mui": [
                    0.1665073152381192,
                    -0.19629608707331317,
                    -0.17244163311662652,
                    0.9999852378205263,
                    1.005734708766204,
                    1.3562783470803257
                ],
                "Si": [
                    [
                        0.970088690722103,
                        -0.06075374137020008,
                        -0.03978876982586507,
                        7.176313304954973e-06,
                        0.7569245853843382,
                        -0.11303363645574273
                    ],
                    [
                        -0.06075374137020006,
                        0.7578441013194044,
                        0.5829688123544887,
                        -9.012809361049484e-06,
                        0.5765117705539419,
                        -0.37575760480833037
                    ],
                    [
                        -0.03978876982586507,
                        0.5829688123544887,
                        1.3705900856689874,
                        -6.90923309516964e-06,
                        0.39172490869071824,
                        -0.9111449854720474
                    ],
                    [
                        7.176313304954973e-06,
                        -9.012809361049484e-06,
                        -6.909233095169638e-06,
                        1.0735152159438331e-06,
                        -1.2144611553568451e-05,
                        4.985428759522158e-05
                    ],
                    [
                        0.7569245853843379,
                        0.5765117705539419,
                        0.39172490869071824,
                        -1.2144611553568451e-05,
                        1.9408895319429433,
                        0.27181624671631865
                    ],
                    [
                        -0.11303363645574273,
                        -0.3757576048083304,
                        -0.9111449854720474,
                        4.985428759522157e-05,
                        0.2718162467163186,
                        2.000975774506099
                    ]
                ]
            },
            "est_tgt": [
                1,
                2,
                3,
                4
            ],
            "oracle_est_tgt": [
                0,
                3,
                4,
                5
            ]
        },
        "4": {
            "intv_type": "do",
            "inode": 4,
            "new_mui": 1.0,
            "new_vari": null,
            "noise_type": "gaussian",
            "obs_noise_gamma_shape": null,
            "true_params": {
                "Si": [
                    [
                        1.0,
                        0.0,
                        0.0,
                        -0.5860222543762393,
                        0.0,
                        -1.0989634839277325
                    ],
                    [
                        0.0,
                        1.0,
                        0.9510470832697393,
                        1.3008390354379995,
                        0.0,
                        -0.3506405734182724
                    ],
                    [
                        0.0,
                        0.9510470832697393,
                        1.9044905545958786,
                        1.749852291190111,
                        0.0,
                        -0.6789864593187911
                    ],
                    [
                        -0.5860222543762393,
                        1.3008390354379995,
                        1.749852291190111,
                        3.2984585147908074,
                        0.0,
                        0.6130421878488962
                    ],
                    [
                        0.0,
                        0.0,
                        0.0,
                        0.0,
                        1e-09,
                        8.010365165902326e-10
                    ],
                    [
                        -1.0989634839277325,
                        -0.3506405734182724,
                        -0.6789864593187911,
                        0.6130421878488962,
                        8.010365165902326e-10,
                        2.812804178485305
                    ]
                ],
                "mui": [
                    0.0,
                    0.0,
                    0.0,
                    0.0,
                    1.0,
                    0.8010365165902326
                ],
                "Ai": [
                    [
                        0.0,
                        0.0,
                        0.0,
                        0.0,
                        0.0,
                        0.0
                    ],
                    [
                        -0.0,
                        0.0,
                        0.0,
                        0.0,
                        0.0,
                        0.0
                    ],
                    [
                        -0.0,
                        0.9510470832697393,
                        0.0,
                        0.0,
                        0.0,
                        0.0
                    ],
                    [
                        -0.5860222543762393,
                        0.8132437383520574,
                        0.5126931207333807,
                        0.0,
                        0.0,
                        0.0
                    ],
                    [
                        0.0,
                        0.0,
                        0.0,
                        0.0,
                        0.0,
                        0.0
                    ],
                    [
                        -0.7460063429923094,
                        -0.5118546338324628,
                        -0.654302276824412,
                        0.6022930670288449,
                        0.8010365165902326,
                        0.0
                    ]
                ]
            },
            "est_params": {
                "mui": [
                    -0.0006812086583721221,
                    -0.030753537645346024,
                    0.06319812995639129,
                    -0.023976306013605,
                    1.0000000784264822,
                    0.7568499961273083
                ],
                "Si": [
                    [
                        0.9392199650608657,
                        0.00962323363269498,
                        0.044662795345551815,
                        -0.4931027372270955,
                        -9.872394074633672e-08,
                        -0.7957190941294562
                    ],
                    [
                        0.009623233632694992,
                        1.071148340141698,
                        0.9934714854073632,
                        1.392479310204003,
                        -6.808866495600125e-06,
                        -0.24679037597659045
                    ],
                    [
                        0.0446627953455518,
                        0.9934714854073632,
                        1.8445158879664532,
                        1.7094538746019405,
                        -2.1790274672151553e-06,
                        -0.5557726891264336
                    ],
                    [
                        -0.4931027372270955,
                        1.392479310204003,
                        1.7094538746019405,
                        3.1932190375441007,
                        -5.716909954468485e-06,
                        0.5003328340009797
                    ],
                    [
                        -9.872394074633672e-08,
                        -6.808866495600125e-06,
                        -2.1790274672151553e-06,
                        -5.716909954468484e-06,
                        1.0033265387664658e-06,
                        3.7705484907161184e-07
                    ],
                    [
                        -0.7957190941294562,
                        -0.24679037597659034,
                        -0.5557726891264336,
                        0.5003328340009797,
                        3.770548490716122e-07,
                        2.2964072825856716
                    ]
                ]
            },
            "est_tgt": [
                1,
                4,
                5
            ],
            "oracle_est_tgt": [
                0,
                3,
                4
            ]
        },
        "5": {
            "intv_type": "do",
            "inode": 5,
            "new_mui": 1.0,
            "new_vari": null,
            "noise_type": "gaussian",
            "obs_noise_gamma_shape": null,
            "true_params": {
                "Si": [
                    [
                        1.0,
                        0.0,
                        0.0,
                        -0.5860222543762393,
                        0.36595028195793844,
                        0.0
                    ],
                    [
                        0.0,
                        1.0,
                        0.9510470832697393,
                        1.3008390354379995,
                        2.0108952014301655,
                        0.0
                    ],
                    [
                        0.0,
                        0.9510470832697393,
                        1.9044905545958786,
                        1.749852291190111,
                        2.352013347087646,
                        0.0
                    ],
                    [
                        -0.5860222543762393,
                        1.3008390354379995,
                        1.749852291190111,
                        3.2984585147908074,
                        3.484103758385304,
                        0.0
                    ],
                    [
                        0.36595028195793844,
                        2.0108952014301655,
                        2.352013347087646,
                        3.484103758385304,
                        6.105878401598031,
                        0.0
                    ],
                    [
                        0.0,
                        0.0,
                        0.0,
                        0.0,
                        0.0,
                        1e-09
                    ]
                ],
                "mui": [
                    0.0,
                    0.0,
                    0.0,
                    0.0,
                    0.0,
                    1.0
                ],
                "Ai": [
                    [
                        0.0,
                        0.0,
                        0.0,
                        0.0,
                        0.0,
                        0.0
                    ],
                    [
                        -0.0,
                        0.0,
                        0.0,
                        0.0,
                        0.0,
                        0.0
                    ],
                    [
                        -0.0,
                        0.9510470832697393,
                        0.0,
                        0.0,
                        0.0,
                        0.0
                    ],
                    [
                        -0.5860222543762393,
                        0.8132437383520574,
                        0.5126931207333807,
                        0.0,
                        0.0,
                        0.0
                    ],
                    [
                        0.8683763290940647,
                        0.8956211488583066,
                        -0.0,
                        0.8573497736377048,
                        0.0,
                        0.0
                    ],
                    [
                        0.0,
                        0.0,
                        0.0,
                        0.0,
                        0.0,
                        0.0
                    ]
                ]
            },
            "est_params": {
                "mui": [
                    0.007419920896469876,
                    0.13180306074792858,
                    0.1671026629793082,
                    0.2472505584419288,
                    0.31477498355379213,
                    1.0000030454592939
                ],
                "Si": [
                    [
                        0.9456911948922876,
                        -0.07610165473889643,
                        -0.13485178982124693,
                        -0.5610633730028001,
                        0.1468527761246747,
                        1.8837635046433444e-06
                    ],
                    [
                        -0.07610165473889645,
                        1.1128549399289043,
                        1.1467223994984321,
                        1.5687906933309768,
                        2.2333219127045547,
                        3.232047251782449e-07
                    ],
                    [
                        -0.13485178982124693,
                        1.1467223994984321,
                        1.9922325453126086,
                        2.0476138552994647,
                        2.5571314851335427,
                        8.327252350900274e-07
                    ],
                    [
                        -0.5610633730028001,
                        1.568790693330977,
                        2.0476138552994647,
                        3.635697369607075,
                        4.069330415179093,
                        -1.6579875056577962e-06
                    ],
                    [
                        0.1468527761246747,
                        2.2333219127045547,
                        2.557131485133543,
                        4.069330415179093,
                        6.456710284080467,
                        -5.024077349091473e-09
                    ],
                    [
                        1.883763504643344e-06,
                        3.2320472517824466e-07,
                        8.327252350900274e-07,
                        -1.6579875056577962e-06,
                        -5.024077349091844e-09,
                        1.0010157702789718e-06
                    ]
                ]
            },
            "est_tgt": [
                2,
                4,
                5
            ],
            "oracle_est_tgt": [
                0,
                3,
                5
            ]
        },
        "obs": {
            "intv_type": "obs",
            "noise_type": "gaussian",
            "obs_noise_gamma_shape": null,
            "true_params": {
                "Si": [
                    [
                        1.0,
                        0.0,
                        0.0,
                        -0.5860222543762393,
                        0.36595028195793844,
                        -0.8058239448229321
                    ],
                    [
                        0.0,
                        1.0,
                        0.9510470832697393,
                        1.3008390354379995,
                        2.0108952014301655,
                        1.2601599139633615
                    ],
                    [
                        0.0,
                        0.9510470832697393,
                        1.9044905545958786,
                        1.749852291190111,
                        2.352013347087646,
                        1.2050621192060307
                    ],
                    [
                        -0.5860222543762393,
                        1.3008390354379995,
                        1.749852291190111,
                        3.2984585147908074,
                        3.484103758385304,
                        3.403936525904798
                    ],
                    [
                        0.36595028195793844,
                        2.0108952014301655,
                        2.352013347087646,
                        3.484103758385304,
                        6.105878401598031,
                        4.14826815733944
                    ],
                    [
                        -0.8058239448229321,
                        1.2601599139633615,
                        1.2050621192060307,
                        3.403936525904798,
                        4.14826815733944,
                        5.540737839325651
                    ]
                ],
                "mui": [
                    0.0,
