{
    "expt_args": {
        "save_dir": "all_expt_logs/expt_logs_sim_compsel_backward_cameraready_cutoff_var_all",
        "exp_name": "346",
        "num_nodes": 6,
        "num_tgt_prior": 7,
        "obs_noise_mean": 0.0,
        "obs_noise_var": 1.0,
        "obs_noise_gamma_shape": null,
        "noise_type": "gaussian",
        "max_edge_strength": 1.0,
        "graph_sparsity_method": "adj_dense_prop",
        "adj_dense_prop": 0.8,
        "num_parents": null,
        "new_noise_mean": 1.0,
        "mix_samples": 524288,
        "stage2_samples": 524288,
        "gmm_tol": 0.001,
        "intv_type": "do",
        "new_noise_var": null,
        "dtype": "simulation",
        "cutoff_drop_ratio": 0.3,
        "intv_targets": [
            0,
            1,
            2,
            3,
            4,
            5
        ]
    },
    "intv_args_dict": {
        "0": {
            "intv_type": "do",
            "inode": 0,
            "new_mui": 1.0,
            "new_vari": null,
            "noise_type": "gaussian",
            "obs_noise_gamma_shape": null,
            "true_params": {
                "Si": [
                    [
                        1e-09,
                        -6.631674000395878e-10,
                        3.412322802586295e-10,
                        -7.435249477058997e-10,
                        -7.175000199388089e-11,
                        -7.473098143539733e-10
                    ],
                    [
                        -6.631674000395878e-10,
                        1.000000000439791,
                        -0.5145492380782446,
                        -0.37357541690980234,
                        0.28794977285575085,
                        0.8193199973094599
                    ],
                    [
                        3.412322802586295e-10,
                        -0.5145492380782446,
                        1.2647609182904627,
                        0.9182475709489102,
                        -0.7077799212720728,
                        -0.38710634754942846
                    ],
                    [
                        -7.435249477058997e-10,
                        -0.37357541690980234,
                        0.9182475709489102,
                        1.6666703489984822,
                        -1.284659872690549,
                        0.8690201596101936
                    ],
                    [
                        -7.175000199388089e-11,
                        0.28794977285575085,
                        -0.7077799212720728,
                        -1.284659872690549,
                        1.990208405751067,
                        -1.2590744409493027
                    ],
                    [
                        -7.473098143539733e-10,
                        0.8193199973094599,
                        -0.38710634754942846,
                        0.8690201596101936,
                        -1.2590744409493027,
                        3.3423344719958443
                    ]
                ],
                "mui": [
                    1.0,
                    -0.6631674000395877,
                    0.34123228025862945,
                    -0.7435249477058997,
                    -0.07175000199388089,
                    -0.7473098143539733
                ],
                "Ai": [
                    [
                        0.0,
                        0.0,
                        0.0,
                        0.0,
                        0.0,
                        0.0
                    ],
                    [
                        -0.6631674000395877,
                        0.0,
                        0.0,
                        0.0,
                        0.0,
                        0.0
                    ],
                    [
                        0.0,
                        -0.5145492378519505,
                        0.0,
                        0.0,
                        0.0,
                        0.0
                    ],
                    [
                        -0.9912679859836739,
                        0.0,
                        0.7260246248977468,
                        0.0,
                        0.0,
                        0.0
                    ],
                    [
                        -0.6448547347879678,
                        0.0,
                        0.0,
                        -0.770794220909959,
                        0.0,
                        0.0
                    ],
                    [
                        0.5560895981804888,
                        0.8370586354806486,
                        -0.8005042088479606,
                        0.6958870960254705,
                        -0.5892387245494216,
                        0.0
                    ]
                ]
            },
            "est_params": {
                "mui": [
                    0.999999692263459,
                    -0.6633734367223696,
                    0.3415820672482328,
                    -0.7423472759157628,
                    -0.07620073916235998,
                    -0.7380546898718484
                ],
                "Si": [
                    [
                        1.0223610328413051e-06,
                        4.050117023151685e-07,
                        -6.359792621280274e-07,
                        -9.108067567359944e-07,
                        7.915806501145825e-07,
                        2.45409596966603e-07
                    ],
                    [
                        4.0501170231516813e-07,
                        1.0021369665006319,
                        -0.5147785290159238,
                        -0.37644302805736485,
                        0.28956994472313813,
                        0.8224095397273852
                    ],
                    [
                        -6.359792621280273e-07,
                        -0.5147785290159238,
                        1.2694967325407553,
                        0.9241765529131315,
                        -0.7153830525935957,
                        -0.3858137222629999
                    ],
                    [
                        -9.108067567359944e-07,
                        -0.3764430280573648,
                        0.9241765529131314,
                        1.6786512468129622,
                        -1.2977315617003562,
                        0.8746543597812285
                    ],
                    [
                        7.915806501145829e-07,
                        0.28956994472313813,
                        -0.7153830525935957,
                        -1.2977315617003562,
                        2.0062929655711326,
                        -1.2674280205014552
                    ],
                    [
                        2.454095969666032e-07,
                        0.8224095397273852,
                        -0.3858137222629999,
                        0.8746543597812283,
                        -1.2674280205014552,
                        3.3550212647985878
                    ]
                ]
            },
            "est_tgt": [
                0
            ],
            "oracle_est_tgt": [
                0
            ]
        },
        "1": {
            "intv_type": "do",
            "inode": 1,
            "new_mui": 1.0,
            "new_vari": null,
            "noise_type": "gaussian",
            "obs_noise_gamma_shape": null,
            "true_params": {
                "Si": [
                    [
                        1.0,
                        0.0,
                        0.0,
                        -0.9912679859836739,
                        0.11920890018130224,
                        -0.20396350226647675
                    ],
                    [
                        0.0,
                        1e-09,
                        -5.145492378519506e-10,
                        -3.735754174028839e-10,
                        2.879497728081686e-10,
                        8.193199968138685e-10
                    ],
                    [
                        0.0,
                        -5.145492378519506e-10,
                        1.0000000002647609,
                        0.7260246250899697,
                        -0.5596155852576683,
                        0.03447413220143582
                    ],
                    [
                        -0.9912679859836739,
                        -3.735754174028839e-10,
                        0.7260246250899697,
                        2.5097239761336017,
                        -1.295256882677639,
                        1.3772804586506096
                    ],
                    [
                        0.11920890018130224,
                        2.879497728081686e-10,
                        -0.5596155852576683,
                        -1.295256882677639,
                        1.921504096050994,
                        -1.5193117124890554
                    ],
                    [
                        -0.20396350226647675,
                        8.193199968138685e-10,
                        0.03447413220143582,
                        1.3772804586506096,
                        -1.5193117124890554,
                        2.7126503251863876
                    ]
                ],
                "mui": [
                    0.0,
                    1.0,
                    -0.5145492378519505,
                    -0.37357541740288386,
                    0.2879497728081686,
                    0.8193199968138685
                ],
                "Ai": [
                    [
                        0.0,
                        0.0,
                        0.0,
                        0.0,
                        0.0,
                        0.0
                    ],
                    [
                        0.0,
                        0.0,
                        0.0,
                        0.0,
                        0.0,
                        0.0
                    ],
                    [
                        0.0,
                        -0.5145492378519505,
                        0.0,
                        0.0,
                        0.0,
                        0.0
                    ],
                    [
                        -0.9912679859836739,
                        0.0,
                        0.7260246248977468,
                        0.0,
                        0.0,
                        0.0
                    ],
                    [
                        -0.6448547347879678,
                        0.0,
                        0.0,
                        -0.770794220909959,
                        0.0,
                        0.0
                    ],
                    [
                        0.5560895981804888,
                        0.8370586354806486,
                        -0.8005042088479606,
                        0.6958870960254705,
                        -0.5892387245494216,
                        0.0
                    ]
                ]
            },
            "oracle_est_tgt": [
                1
            ]
        },
        "2": {
            "intv_type": "do",
            "inode": 2,
            "new_mui": 1.0,
            "new_vari": null,
            "noise_type": "gaussian",
            "obs_noise_gamma_shape": null,
            "true_params": {
                "Si": [
                    [
                        1.0,
                        -0.6631674000395877,
                        0.0,
                        -0.9912679859836739,
                        0.11920890018130224,
                        -0.7590735012388634
                    ],
                    [
                        -0.6631674000395877,
                        1.4397910004752665,
                        0.0,
                        0.6573766130072716,
                        -0.07905545639481294,
                        1.3404514357361723
                    ],
                    [
                        0.0,
                        0.0,
                        1e-09,
                        7.260246248977468e-10,
                        -5.59615585109504e-10,
                        3.44741326230163e-11
                    ],
                    [
                        -0.9912679859836739,
                        0.6573766130072716,
                        7.260246248977468e-10,
                        1.982612220563241,
                        -0.888962187710302,
                        1.9025141604561728
                    ],
                    [
                        0.11920890018130224,
                        -0.07905545639481294,
                        -5.59615585109504e-10,
                        -0.888962187710302,
                        1.608334493183796,
                        -1.5661935033024408
                    ],
                    [
                        -0.7590735012388634,
                        1.3404514357361723,
                        3.44741326230163e-11,
                        1.9025141604561728,
                        -1.5661935033024408,
                        3.946720487955126
                    ]
                ],
                "mui": [
                    0.0,
                    0.0,
                    1.0,
                    0.7260246248977468,
                    -0.5596155851095039,
                    0.034474132623016296
                ],
                "Ai": [
                    [
                        0.0,
                        0.0,
                        0.0,
                        0.0,
                        0.0,
                        0.0
                    ],
                    [
                        -0.6631674000395877,
                        0.0,
                        0.0,
                        0.0,
                        0.0,
                        0.0
                    ],
                    [
                        0.0,
                        0.0,
                        0.0,
                        0.0,
                        0.0,
                        0.0
                    ],
                    [
                        -0.9912679859836739,
                        0.0,
                        0.7260246248977468,
                        0.0,
                        0.0,
                        0.0
                    ],
                    [
                        -0.6448547347879678,
                        0.0,
                        0.0,
                        -0.770794220909959,
                        0.0,
                        0.0
                    ],
                    [
                        0.5560895981804888,
                        0.8370586354806486,
                        -0.8005042088479606,
                        0.6958870960254705,
                        -0.5892387245494216,
                        0.0
                    ]
                ]
            },
            "est_params": {
                "mui": [
                    -0.0025976786389094062,
                    0.0033893032606328822,
                    1.000000265184932,
                    0.7314758211852057,
                    -0.564054203542425,
                    0.048543010110472296
                ],
                "Si": [
                    [
                        0.993989542738718,
                        -0.6625480991763104,
                        5.098497027947926e-07,
                        -0.9881120725659617,
                        0.11990524898743922,
                        -0.7678404598962565
                    ],
                    [
                        -0.6625480991763104,
                        1.4403736225139512,
                        -4.767848114913556e-07,
                        0.6603258189763082,
                        -0.07842416818451871,
                        1.3524758413905178
                    ],
                    [
                        5.098497027947926e-07,
                        -4.767848114913556e-07,
                        1.0216248039275985e-06,
                        -1.266993762266549e-06,
                        1.3216128655926642e-06,
                        -1.051171806307277e-06
                    ],
                    [
                        -0.9881120725659617,
                        0.6603258189763082,
                        -1.266993762266549e-06,
                        1.983593881683077,
                        -0.8919421815308474,
                        1.9162338368791012
                    ],
                    [
                        0.11990524898743922,
                        -0.07842416818451871,
                        1.3216128655926647e-06,
                        -0.8919421815308469,
                        1.6112150755704235,
                        -1.5693753000145982
                    ],
                    [
                        -0.7678404598962565,
                        1.3524758413905178,
                        -1.051171806307277e-06,
                        1.9162338368791012,
                        -1.5693753000145982,
                        3.9706767820722275
                    ]
                ]
            },
            "est_tgt": [
                2
            ],
            "oracle_est_tgt": [
                2
            ]
        },
        "3": {
            "intv_type": "do",
            "inode": 3,
            "new_mui": 1.0,
            "new_vari": null,
            "noise_type": "gaussian",
            "obs_noise_gamma_shape": null,
            "true_params": {
                "Si": [
                    [
                        1.0,
                        -0.6631674000395877,
                        0.34123228025862945,
                        0.0,
                        -0.6448547347879678,
                        0.10779510411239995
                    ],
                    [
                        -0.6631674000395877,
                        1.4397910004752665,
                        -0.7408433619606457,
                        0.0,
                        0.4276466378725545,
                        1.1774712671094283
                    ],
                    [
                        0.34123228025862945,
                        -0.7408433619606457,
                        1.3812003872645269,
                        0.0,
                        -0.220045251587272,
                        -1.4063711519316873
                    ],
                    [
                        0.0,
                        0.0,
                        0.0,
                        1e-09,
                        -7.70794220909959e-10,
                        1.15006889964452e-09
                    ],
                    [
                        -0.6448547347879678,
                        0.4276466378725545,
                        -0.220045251587272,
                        -7.70794220909959e-10,
                        1.415837629572584,
                        -0.6587509087097311
                    ],
                    [
                        0.10779510411239995,
                        1.1774712671094283,
                        -1.4063711519316873,
                        1.15006889964452e-09,
                        -0.6587509087097311,
                        3.5595238006638596
                    ]
                ],
                "mui": [
                    0.0,
                    0.0,
                    0.0,
                    1.0,
                    -0.770794220909959,
                    1.1500688996445199
                ],
                "Ai": [
                    [
                        0.0,
                        0.0,
                        0.0,
                        0.0,
                        0.0,
                        0.0
                    ],
                    [
                        -0.6631674000395877,
                        0.0,
                        0.0,
                        0.0,
                        0.0,
                        0.0
                    ],
                    [
                        0.0,
                        -0.5145492378519505,
                        0.0,
                        0.0,
                        0.0,
                        0.0
                    ],
                    [
                        0.0,
                        0.0,
                        0.0,
                        0.0,
                        0.0,
                        0.0
                    ],
                    [
                        -0.6448547347879678,
                        0.0,
                        0.0,
                        -0.770794220909959,
                        0.0,
                        0.0
                    ],
                    [
                        0.5560895981804888,
                        0.8370586354806486,
                        -0.8005042088479606,
                        0.6958870960254705,
                        -0.5892387245494216,
                        0.0
                    ]
                ]
            },
            "oracle_est_tgt": [
                3
            ]
        },
        "4": {
            "intv_type": "do",
            "inode": 4,
            "new_mui": 1.0,
            "new_vari": null,
            "noise_type": "gaussian",
            "obs_noise_gamma_shape": null,
            "true_params": {
                "Si": [
                    [
                        1.0,
                        -0.6631674000395877,
                        0.34123228025862945,
                        -0.7435249477058997,
                        0.0,
                        -0.7895876940152661
                    ],
                    [
                        -0.6631674000395877,
                        1.4397910004752665,
                        -0.7408433619606457,
                        0.1195060890318081,
                        0.0,
                        1.5126199718210072
                    ],
                    [
                        0.34123228025862945,
                        -0.7408433619606457,
                        1.3812003872645269,
                        0.6645328578677625,
                        0.0,
                        -1.073590494645024
                    ],
                    [
                        -0.7435249477058997,
                        0.1195060890318081,
                        0.6645328578677625,
                        2.2194996963067135,
                        0.0,
                        0.6991269630610367
                    ],
                    [
                        0.0,
                        0.0,
                        0.0,
                        0.0,
                        1e-09,
                        -5.892387245494216e-10
                    ],
                    [
                        -0.7895876940152661,
                        1.5126199718210072,
                        -1.073590494645024,
                        0.6991269630610367,
                        -5.892387245494216e-10,
                        3.1729972480874205
                    ]
                ],
                "mui": [
                    0.0,
                    0.0,
                    0.0,
                    0.0,
                    1.0,
                    -0.5892387245494216
                ],
                "Ai": [
                    [
                        0.0,
                        0.0,
                        0.0,
                        0.0,
                        0.0,
                        0.0
                    ],
                    [
                        -0.6631674000395877,
                        0.0,
                        0.0,
                        0.0,
                        0.0,
                        0.0
                    ],
                    [
                        0.0,
                        -0.5145492378519505,
                        0.0,
                        0.0,
                        0.0,
                        0.0
                    ],
                    [
                        -0.9912679859836739,
                        0.0,
                        0.7260246248977468,
                        0.0,
                        0.0,
                        0.0
                    ],
                    [
                        0.0,
                        0.0,
                        0.0,
                        0.0,
                        0.0,
                        0.0
                    ],
                    [
                        0.5560895981804888,
                        0.8370586354806486,
                        -0.8005042088479606,
                        0.6958870960254705,
                        -0.5892387245494216,
                        0.0
                    ]
                ]
            },
            "est_params": {
                "mui": [
                    -0.003064442224174867,
                    0.004937221618674281,
                    -0.005533794119842151,
                    0.00423701974857054,
                    0.9999992379316067,
                    -0.5799434051215832
                ],
                "Si": [
                    [
                        0.9982564288760153,
                        -0.6625015113291373,
                        0.3413450492911025,
                        -0.7414129764634887,
                        -9.199738880689476e-08,
                        -0.7889187388014386
                    ],
                    [
                        -0.6625015113291373,
                        1.4398305427612572,
                        -0.7487845396452127,
                        0.11467440729340274,
                        -1.2572675736585482e-06,
                        1.5109238390900959
                    ],
                    [
                        0.3413450492911026,
                        -0.7487845396452127,
                        1.3920166635953797,
                        0.6714302076936026,
                        1.8326369296578933e-06,
                        -1.0812454024048552
                    ],
                    [
                        -0.7414129764634888,
                        0.11467440729340275,
                        0.6714302076936024,
                        2.226424630508396,
                        1.2561059501957793e-06,
                        0.7012882933283051
                    ],
                    [
                        -9.199738880689487e-08,
                        -1.257267573658549e-06,
                        1.8326369296578933e-06,
                        1.2561059501957793e-06,
                        1.018642107417699e-06,
                        -1.5390492683911302e-06
                    ],
                    [
                        -0.7889187388014386,
                        1.5109238390900959,
                        -1.0812454024048552,
                        0.7012882933283052,
                        -1.5390492683911293e-06,
                        3.180796240608182
                    ]
                ]
            },
            "est_tgt": [
                4
            ],
            "oracle_est_tgt": [
                4
            ]
        },
        "5": {
            "intv_type": "do",
            "inode": 5,
            "new_mui": 1.0,
            "new_vari": null,
            "noise_type": "gaussian",
            "obs_noise_gamma_shape": null,
            "true_params": {
                "Si": [
                    [
                        1.0,
                        -0.6631674000395877,
                        0.34123228025862945,
                        -0.7435249477058997,
                        -0.07175000199388089,
                        0.0
                    ],
                    [
                        -0.6631674000395877,
                        1.4397910004752665,
                        -0.7408433619606457,
                        0.1195060890318081,
                        0.33553203508328583,
                        0.0
                    ],
                    [
                        0.34123228025862945,
                        -0.7408433619606457,
                        1.3812003872645269,
                        0.6645328578677625,
                        -0.7322633380365225,
                        0.0
                    ],
                    [
                        -0.7435249477058997,
                        0.1195060890318081,
                        0.6645328578677625,
                        2.2194996963067135,
                        -1.2313119562634984,
                        0.0
                    ],
                    [
                        -0.07175000199388089,
                        0.33553203508328583,
                        -0.7322633380365225,
                        -1.2313119562634984,
                        1.9953564685320409,
                        0.0
                    ],
                    [
                        0.0,
                        0.0,
                        0.0,
                        0.0,
                        0.0,
                        1e-09
                    ]
                ],
                "mui": [
                    0.0,
                    0.0,
                    0.0,
                    0.0,
                    0.0,
                    1.0
                ],
                "Ai": [
                    [
                        0.0,
                        0.0,
                        0.0,
                        0.0,
                        0.0,
                        0.0
                    ],
                    [
                        -0.6631674000395877,
                        0.0,
                        0.0,
                        0.0,
                        0.0,
                        0.0
                    ],
                    [
                        0.0,
                        -0.5145492378519505,
                        0.0,
                        0.0,
                        0.0,
                        0.0
                    ],
                    [
                        -0.9912679859836739,
                        0.0,
                        0.7260246248977468,
                        0.0,
                        0.0,
                        0.0
                    ],
                    [
                        -0.6448547347879678,
                        0.0,
                        0.0,
                        -0.770794220909959,
                        0.0,
                        0.0
                    ],
                    [
                        0.0,
                        0.0,
                        0.0,
                        0.0,
                        0.0,
                        0.0
                    ]
                ]
            },
            "est_params": {
                "mui": [
                    0.0063071380832520315,
                    -0.008274023114623594,
                    0.0025889299570269206,
                    0.0005086198003397661,
                    -0.011155424351413817,
                    1.0000004322698213
                ],
                "Si": [
                    [
                        1.0060912132765998,
                        -0.6716815178830269,
                        0.34140478921972334,
                        -0.7474839866943448,
                        -0.07225223661589478,
                        1.796629330411637e-07
                    ],
                    [
                        -0.6716815178830269,
                        1.4593813048670268,
                        -0.7499058253750627,
                        0.12036872887469574,
                        0.34465947400718394,
                        3.534593513546026e-08
                    ],
                    [
                        0.3414047892197233,
                        -0.7499058253750627,
                        1.3886957109788607,
                        0.6748756126624087,
                        -0.733055206790706,
                        2.502383112505436e-09
                    ],
                    [
                        -0.7474839866943448,
                        0.12036872887469574,
                        0.6748756126624087,
                        2.2270186865218387,
                        -1.2264304136997182,
                        -1.1255494431112317e-07
                    ],
                    [
                        -0.07225223661589476,
                        0.34465947400718394,
                        -0.733055206790706,
                        -1.2264304136997182,
                        1.9860842250071815,
                        6.161292672684529e-07
                    ],
                    [
                        1.7966293304116382e-07,
                        3.5345935135460315e-08,
                        2.5023831125055113e-09,
                        -1.1255494431112308e-07,
                        6.161292672684529e-07,
                        1.020339858882614e-06
                    ]
                ]
            },
            "est_tgt": [
                5
            ],
            "oracle_est_tgt": [
                5
            ]
        },
        "obs": {
            "intv_type": "obs",
            "noise_type": "gaussian",
            "obs_noise_gamma_shape": null,
            "true_params": {
                "Si": [
                    [
                        1.0,
                        -0.6631674000395877,
                        0.34123228025862945,
                        -0.7435249477058997,
                        -0.07175000199388089,
                        -0.7473098143539733
                    ],
                    [
                        -0.6631674000395877,
                        1.4397910004752665,
                        -0.7408433619606457,
                        0.1195060890318081,
                        0.33553203508328583,
                        1.3149115034230598
                    ],
                    [
                        0.34123228025862945,
                        -0.7408433619606457,
                        1.3812003872645269,
                        0.6645328578677625,
                        -0.7322633380365225,
                        -0.6421125793060816
                    ],
                    [
                        -0.7435249477058997,
                        0.1195060890318081,
                        0.6645328578677625,
                        2.2194996963067135,
                        -1.2313119562634984,
                        1.4246636496921936
                    ],
                    [
                        -0.07175000199388089,
                        0.33553203508328583,
                        -0.7322633380365225,
                        -1.2313119562634984,
                        1.9953564685320409,
                        -1.2054549603329778
                    ],
                    [
                        -0.7473098143539733,
                        1.3149115034230598,
                        -0.6421125793060816,
                        1.4246636496921936,
                        -1.2054549603329778,
                        3.9008064300671426
                    ]
                ],
                "mui": [
                    0.0,
                    0.0,
                    0.0,
                    0.0,
                    0.0,
                    0.0
                ],
                "Ai": [
                    [
                        0.0,
                        0.0,
                        0.0,
                        0.0,
                        0.0,
                        0.0
                    ],
                    [
                        -0.6631674000395877,
                        0.0,
                        0.0,
                        0.0,
                        0.0,
                        0.0
                    ],
                    [
                        0.0,
                        -0.5145492378519505,
                        0.0,
                        0.0,
                        0.0,
                        0.0
                    ],
                    [
                        -0.9912679859836739,
                        0.0,
                        0.7260246248977468,
                        0.0,
                        0.0,
                        0.0
                    ],
                    [
                        -0.6448547347879678,
                        0.0,
                        0.0,
                        -0.770794220909959,
                        0.0,
                        0.0
                    ],
                    [
                        0.5560895981804888,
                        0.8370586354806486,
                        -0.8005042088479606,
                        0.6958870960254705,
                        -0.5892387245494216,
                        0.0
                    ]
                ]
            },
            "est_params": {
                "mui": [
                    0.0024799411466790563,
                    0.33317867352726027,
                    -0.17019890026066703,
                    0.2081605770796278,
                    -0.16029642002986785,
                    0.658491750665696
                ],
                "Si": [
                    [
                        0.9944491311515646,
                        -0.43873737186040584,
                        0.23015282278821672,
                        -0.5676472540141058,
                        -0.20258451504120426,
                        -0.27300893033117885
                    ],
                    [
                        -0.43873737186040584,
                        1.179259130609454,
                        -0.6054230491336998,
                        -0.1553315601906415,
                        0.4024062007607863,
                        0.8799943952697147
                    ],
                    [
                        0.23015282278821672,
                        -0.6054230491336998,
                        1.3087334558705062,
                        0.5604915855446945,
                        -0.5788724312925357,
                        -0.6930148560541287
                    ],
                    [
                        -0.5676472540141058,
                        -0.1553315601906415,
                        0.5604915855446945,
                        1.897392887908213,
                        -1.0991667923815542,
                        1.0757911773845281
                    ],
                    [
                        -0.20258451504120426,
                        0.4024062007607863,
                        -0.5788724312925357,
                        -1.0991667923815542,
                        1.9774358979053008,
                        -1.246568337337979
                    ],
                    [
                        -0.27300893033117885,
                        0.8799943952697147,
                        -0.6930148560541287,
                        1.0757911773845281,
                        -1.246568337337979,
                        3.621478863853627
                    ]
                ]
            },
            "est_tgt": [
                0,
                1,
                2,
                3,
                4,
                5
            ],
            "oracle_est_tgt": [
                0,
                1,
                2,
                3,
                4,
                5
            ]
        }
    },
    "metric_dict": {
        "param_est_rel_err": 8.832184340588675,
        "est_num_comp": 5,
        "weight_precision_error": 0.45425481253878996,
        "gm_score_dict": {
            "1": -8.788682727468869,
