{
    "expt_args": {
        "save_dir": "all_expt_logs/expt_logs_sim_compsel_backward_cameraready_cutoff_var_all",
        "exp_name": "418",
        "num_nodes": 6,
        "num_tgt_prior": 7,
        "obs_noise_mean": 0.0,
        "obs_noise_var": 1.0,
        "obs_noise_gamma_shape": null,
        "noise_type": "gaussian",
        "max_edge_strength": 1.0,
        "graph_sparsity_method": "adj_dense_prop",
        "adj_dense_prop": 0.8,
        "num_parents": null,
        "new_noise_mean": 1.0,
        "mix_samples": 32768,
        "stage2_samples": 32768,
        "gmm_tol": 0.001,
        "intv_type": "do",
        "new_noise_var": null,
        "dtype": "simulation",
        "cutoff_drop_ratio": 0.3,
        "intv_targets": [
            0,
            1,
            2,
            3,
            4,
            5
        ]
    },
    "intv_args_dict": {
        "0": {
            "intv_type": "do",
            "inode": 0,
            "new_mui": 1.0,
            "new_vari": null,
            "noise_type": "gaussian",
            "obs_noise_gamma_shape": null,
            "true_params": {
                "Si": [
                    [
                        1e-09,
                        8.685348368058634e-10,
                        1.2690908407211254e-10,
                        1.6255417884952936e-09,
                        -2.0573851400197906e-09,
                        -2.95033355601052e-09
                    ],
                    [
                        8.685348368058634e-10,
                        1.0000000007543528,
                        0.8271436269339627,
                        1.5120269147608363,
                        -1.6453383142912332,
                        -2.004272882785295
                    ],
                    [
                        1.2690908407211254e-10,
                        0.8271436269339627,
                        1.6841665794112326,
                        2.059542351995616,
                        -3.0319849993930568,
                        -3.014865081247324
                    ],
                    [
                        1.6255417884952936e-09,
                        1.5120269147608363,
                        2.059542351995616,
                        3.940510507598442,
                        -4.780310404357661,
                        -4.892239121107146
                    ],
                    [
                        -2.0573851400197906e-09,
                        -1.6453383142912332,
                        -3.0319849993930568,
                        -4.780310404357661,
                        7.3847284941580895,
                        7.0963239595296965
                    ],
                    [
                        -2.95033355601052e-09,
                        -2.004272882785295,
                        -3.014865081247324,
                        -4.892239121107146,
                        7.0963239595296965,
                        8.101922706640643
                    ]
                ],
                "mui": [
                    1.0,
                    0.8685348368058634,
                    0.12690908407211254,
                    1.6255417884952934,
                    -2.0573851400197904,
                    -2.95033355601052
                ],
                "Ai": [
                    [
                        0.0,
                        0.0,
                        0.0,
                        0.0,
                        0.0,
                        0.0
                    ],
                    [
                        0.8685348368058634,
                        0.0,
                        0.0,
                        0.0,
                        0.0,
                        0.0
                    ],
                    [
                        -0.5914939708662525,
                        0.8271436268237378,
                        0.0,
                        0.0,
                        0.0,
                        0.0
                    ],
                    [
                        0.7907407484424245,
                        0.8429678641522425,
                        0.8088789268267297,
                        0.0,
                        0.0,
                        0.0
                    ],
                    [
                        -0.8728137810874681,
                        0.5299563561032906,
                        -0.9100328564901832,
                        -0.940834305661072,
                        0.0,
                        0.0
                    ],
                    [
                        -0.6992757548409176,
                        -0.6681126697514872,
                        -0.0,
                        -0.0,
                        0.812088432097353,
                        0.0
                    ]
                ]
            },
            "est_params": {
                "mui": [
                    1.0000009831214092,
                    0.8906340964850393,
                    0.1529676707274609,
                    1.6483643028407409,
                    -2.1036359100441535,
                    -3.0250088771131147
                ],
                "Si": [
                    [
                        1.0181017439076933e-06,
                        -1.4711050585431492e-06,
                        1.526646404345645e-06,
                        -2.1208384626182943e-06,
                        1.4266802997189697e-06,
                        6.676517420744528e-07
                    ],
                    [
                        -1.4711050585431492e-06,
                        1.008478621364913,
                        0.8047532258989886,
                        1.496955799602101,
                        -1.6147398036508984,
                        -1.98530562327197
                    ],
                    [
                        1.5266464043456455e-06,
                        0.8047532258989886,
                        1.6361799404973705,
                        1.999629268110107,
                        -2.94832736888984,
                        -2.9580786621377184
                    ],
                    [
                        -2.1208384626182935e-06,
                        1.4969557996021008,
                        1.999629268110107,
                        3.870171681265246,
                        -4.694629203775158,
                        -4.816401036880509
                    ],
                    [
                        1.4266802997189686e-06,
                        -1.6147398036508984,
                        -2.94832736888984,
                        -4.694629203775158,
                        7.283004591271601,
                        7.021797848463688
                    ],
                    [
                        6.676517420744528e-07,
                        -1.9853056232719704,
                        -2.958078662137718,
                        -4.816401036880509,
                        7.02179784846369,
                        8.046685709513433
                    ]
                ]
            },
            "est_tgt": [
                0,
                1,
                2,
                4
            ],
            "oracle_est_tgt": [
                0,
                1,
                2,
                4
            ]
        },
        "1": {
            "intv_type": "do",
            "inode": 1,
            "new_mui": 1.0,
            "new_vari": null,
            "noise_type": "gaussian",
            "obs_noise_gamma_shape": null,
            "true_params": {
                "Si": [
                    [
                        1.0,
                        0.0,
                        -0.5914939708662525,
                        0.3122937400636492,
                        -0.6283514972784138,
                        -1.209552737071769
                    ],
                    [
                        0.0,
                        1e-09,
                        8.271436268237378e-10,
                        1.5120269133489967e-09,
                        -1.6453383125043227e-09,
                        -2.0042728802228273e-09
                    ],
                    [
                        -0.5914939708662525,
                        8.271436268237378e-10,
                        1.3498651182552939,
                        0.6241590636904719,
                        -1.2993877791110493,
                        -0.6416003918160282
                    ],
                    [
                        0.3122937400636492,
                        1.5120269133489967e-09,
                        0.6241590636904719,
                        1.7518125006335294,
                        -2.4887448325900037,
                        -2.2394603308137113
                    ],
                    [
                        -0.6283514972784138,
                        -1.6453383125043227e-09,
                        -1.2993877791110493,
                        -2.4887448325900037,
                        5.072415934169847,
                        4.558641271589676
                    ],
                    [
                        -1.209552737071769,
                        -2.0042728802228273e-09,
                        -0.6416003918160282,
                        -2.2394603308137113,
                        4.558641271589676,
                        5.547830747314383
                    ]
                ],
                "mui": [
                    0.0,
                    1.0,
                    0.8271436268237378,
                    1.5120269133489965,
                    -1.6453383125043226,
                    -2.0042728802228273
                ],
                "Ai": [
                    [
                        0.0,
                        0.0,
                        0.0,
                        0.0,
                        0.0,
                        0.0
                    ],
                    [
                        0.0,
                        0.0,
                        0.0,
                        0.0,
                        0.0,
                        0.0
                    ],
                    [
                        -0.5914939708662525,
                        0.8271436268237378,
                        0.0,
                        0.0,
                        0.0,
                        0.0
                    ],
                    [
                        0.7907407484424245,
                        0.8429678641522425,
                        0.8088789268267297,
                        0.0,
                        0.0,
                        0.0
                    ],
                    [
                        -0.8728137810874681,
                        0.5299563561032906,
                        -0.9100328564901832,
                        -0.940834305661072,
                        0.0,
                        0.0
                    ],
                    [
                        -0.6992757548409176,
                        -0.6681126697514872,
                        -0.0,
                        -0.0,
                        0.812088432097353,
                        0.0
                    ]
                ]
            },
            "est_params": {
                "mui": [
                    -0.01510594064805057,
                    1.000000049142234,
                    0.8237939801047953,
                    1.4917093951880567,
                    -1.6169903323082893,
                    -1.970045013641062
                ],
                "Si": [
                    [
                        1.0238049979765373,
                        5.802591035437489e-07,
                        -0.5972249795246792,
                        0.3133958705160907,
                        -0.6643946204363481,
                        -1.2732124994411775
                    ],
                    [
                        5.802591035437492e-07,
                        1.0138593746226295e-06,
                        -7.403750684143442e-07,
                        -5.479318228445634e-07,
                        -1.691935422424435e-06,
                        -4.7088469875671e-06
                    ],
                    [
                        -0.5972249795246795,
                        -7.40375068414344e-07,
                        1.3554323752364101,
                        0.6181361282997607,
                        -1.2808682495632102,
                        -0.6168167012007393
                    ],
                    [
                        0.31339587051609075,
                        -5.479318228445635e-07,
                        0.6181361282997607,
                        1.7560989022707547,
                        -2.5065380911611834,
                        -2.2681213028149507
                    ],
                    [
                        -0.6643946204363481,
                        -1.691935422424435e-06,
                        -1.2808682495632102,
                        -2.5065380911611834,
                        5.160195123217294,
                        4.719304929310134
                    ],
                    [
                        -1.273212499441177,
                        -4.7088469875671e-06,
                        -0.6168167012007393,
                        -2.2681213028149507,
                        4.719304929310134,
                        5.788096056990785
                    ]
                ]
            },
            "est_tgt": [
                0,
                1,
                2,
                4
            ],
            "oracle_est_tgt": [
                0,
                1,
                2,
                4
            ]
        },
        "2": {
            "intv_type": "do",
            "inode": 2,
            "new_mui": 1.0,
            "new_vari": null,
            "noise_type": "gaussian",
            "obs_noise_gamma_shape": null,
            "true_params": {
                "Si": [
                    [
                        1.0,
                        0.8685348368058634,
                        0.0,
                        1.5228877047664797,
                        -1.845313220138821,
                        -2.778112403102508
                    ],
                    [
                        0.8685348368058634,
                        1.7543527627453877,
                        0.0,
                        2.1656488882852525,
                        -1.8658555455699544,
                        -3.2946903661388274
                    ],
                    [
                        0.0,
                        0.0,
                        1e-09,
                        8.088789268267297e-10,
                        -1.6710538999750824e-09,
                        -1.3570435415809317e-09
                    ],
                    [
                        1.5228877047664797,
                        2.1656488882852525,
                        8.088789268267297e-10,
                        4.029781781976595,
                        -3.9728549278817455,
                        -5.738125439118862
                    ],
                    [
                        -1.845313220138821,
                        -1.8658555455699544,
                        -1.6710538999750824e-09,
                        -3.9728549278817455,
                        5.359591012101189,
                        6.889446386552177
                    ],
                    [
                        -2.778112403102508,
                        -3.2946903661388274,
                        -1.3570435415809317e-09,
                        -5.738125439118862,
                        6.889446386552177,
                        10.73873073831187
                    ]
                ],
                "mui": [
                    0.0,
                    0.0,
                    1.0,
                    0.8088789268267297,
                    -1.6710538999750824,
                    -1.3570435415809317
                ],
                "Ai": [
                    [
                        0.0,
                        0.0,
                        0.0,
                        0.0,
                        0.0,
                        0.0
                    ],
                    [
                        0.8685348368058634,
                        0.0,
                        0.0,
                        0.0,
                        0.0,
                        0.0
                    ],
                    [
                        0.0,
                        0.0,
                        0.0,
                        0.0,
                        0.0,
                        0.0
                    ],
                    [
                        0.7907407484424245,
                        0.8429678641522425,
                        0.8088789268267297,
                        0.0,
                        0.0,
                        0.0
                    ],
                    [
                        -0.8728137810874681,
                        0.5299563561032906,
                        -0.9100328564901832,
                        -0.940834305661072,
                        0.0,
                        0.0
                    ],
                    [
                        -0.6992757548409176,
                        -0.6681126697514872,
                        -0.0,
                        -0.0,
                        0.812088432097353,
                        0.0
                    ]
                ]
            },
            "oracle_est_tgt": [
                0,
                2,
                4
            ]
        },
        "3": {
            "intv_type": "do",
            "inode": 3,
            "new_mui": 1.0,
            "new_vari": null,
            "noise_type": "gaussian",
            "obs_noise_gamma_shape": null,
            "true_params": {
                "Si": [
                    [
                        1.0,
                        0.8685348368058634,
                        0.12690908407211254,
                        0.0,
                        -0.5280196601177639,
                        -1.7083535413330673
                    ],
                    [
                        0.8685348368058634,
                        1.7543527627453877,
                        0.9373685874474916,
                        0.0,
                        -0.6813749906734351,
                        -2.3327874094631103
                    ],
                    [
                        0.12690908407211254,
                        0.9373685874474916,
                        1.7002724950151493,
                        0.0,
                        -1.1613073920442936,
                        -1.6580965742497364
                    ],
                    [
                        0.0,
                        0.0,
                        0.0,
                        1e-09,
                        -9.40834305661072e-10,
                        -7.640406561477018e-10
                    ],
                    [
                        -0.5280196601177639,
                        -0.6813749906734351,
                        -1.1613073920442936,
                        -9.40834305661072e-10,
                        2.156591712969101,
                        2.5758097933796393
                    ],
                    [
                        -1.7083535413330673,
                        -2.3327874094631103,
                        -1.6580965742497364,
                        -7.640406561477018e-10,
                        2.5758097933796393,
                        5.844960372736567
                    ]
                ],
                "mui": [
                    0.0,
                    0.0,
                    0.0,
                    1.0,
                    -0.940834305661072,
                    -0.7640406561477018
                ],
                "Ai": [
                    [
                        0.0,
                        0.0,
                        0.0,
                        0.0,
                        0.0,
                        0.0
                    ],
                    [
                        0.8685348368058634,
                        0.0,
                        0.0,
                        0.0,
                        0.0,
                        0.0
                    ],
                    [
                        -0.5914939708662525,
                        0.8271436268237378,
                        0.0,
                        0.0,
                        0.0,
                        0.0
                    ],
                    [
                        0.0,
                        0.0,
                        0.0,
                        0.0,
                        0.0,
                        0.0
                    ],
                    [
                        -0.8728137810874681,
                        0.5299563561032906,
                        -0.9100328564901832,
                        -0.940834305661072,
                        0.0,
                        0.0
                    ],
                    [
                        -0.6992757548409176,
                        -0.6681126697514872,
                        -0.0,
                        -0.0,
                        0.812088432097353,
                        0.0
                    ]
                ]
            },
            "est_params": {
                "mui": [
                    -0.008639443777343044,
                    0.009805724987015907,
                    -0.004193075980976226,
                    0.9999995080178159,
                    -0.9233858243481498,
                    -0.7620992814480997
                ],
                "Si": [
                    [
                        0.9948250827724028,
                        0.8691784636218479,
                        0.1189924939137124,
                        2.521536549459875e-07,
                        -0.5478200394112426,
                        -1.7345937844279626
                    ],
                    [
                        0.8691784636218479,
                        1.7850308009283016,
                        0.9679671273961374,
                        1.7152518108725642e-06,
                        -0.7250072603294285,
                        -2.3886880764669436
                    ],
                    [
                        0.1189924939137124,
                        0.9679671273961374,
                        1.7300690558622362,
                        9.602676452604897e-07,
                        -1.173918106333506,
                        -1.6768626458719196
                    ],
                    [
                        2.521536549459875e-07,
                        1.7152518108725642e-06,
                        9.602676452604904e-07,
                        1.0138197541904257e-06,
                        1.8807334199087313e-06,
                        -2.819974827741754e-07
                    ],
                    [
                        -0.5478200394112427,
                        -0.7250072603294285,
                        -1.173918106333506,
                        1.8807334199087309e-06,
                        2.177072886145477,
                        2.649129394481352
                    ],
                    [
                        -1.7345937844279624,
                        -2.3886880764669436,
                        -1.6768626458719196,
                        -2.819974827741752e-07,
                        2.649129394481352,
                        5.97997159569738
                    ]
                ]
            },
            "est_tgt": [
                0,
                1,
                3,
                4
            ],
            "oracle_est_tgt": [
                0,
                2,
                3,
                4
            ]
        },
        "4": {
            "intv_type": "do",
            "inode": 4,
            "new_mui": 1.0,
            "new_vari": null,
            "noise_type": "gaussian",
            "obs_noise_gamma_shape": null,
            "true_params": {
                "Si": [
                    [
                        1.0,
                        0.8685348368058634,
                        0.12690908407211254,
                        1.6255417884952934,
                        0.0,
                        -1.2795548834314552
                    ],
                    [
                        0.8685348368058634,
                        1.7543527627453877,
                        0.9373685874474916,
                        2.9238665853408676,
                        0.0,
                        -1.7794506616167718
                    ],
                    [
                        0.12690908407211254,
                        0.9373685874474916,
                        1.7002724950151493,
                        2.2658383712882015,
                        0.0,
                        -0.71501227506142
                    ],
                    [
                        1.6255417884952934,
                        2.9238665853408676,
                        2.2658383712882015,
                        6.582896611100533,
                        0.0,
                        -3.090174271504753
                    ],
                    [
                        0.0,
                        0.0,
                        0.0,
                        0.0,
                        1e-09,
                        8.120884320973531e-10
                    ],
                    [
                        -1.2795548834314552,
                        -1.7794506616167718,
                        -0.71501227506142,
                        -3.090174271504753,
                        8.120884320973531e-10,
                        3.0836352398552322
                    ]
                ],
                "mui": [
                    0.0,
                    0.0,
                    0.0,
                    0.0,
                    1.0,
                    0.812088432097353
                ],
                "Ai": [
                    [
                        0.0,
                        0.0,
                        0.0,
                        0.0,
                        0.0,
                        0.0
                    ],
                    [
                        0.8685348368058634,
                        0.0,
                        0.0,
                        0.0,
                        0.0,
                        0.0
                    ],
                    [
                        -0.5914939708662525,
                        0.8271436268237378,
                        0.0,
                        0.0,
                        0.0,
                        0.0
                    ],
                    [
                        0.7907407484424245,
                        0.8429678641522425,
                        0.8088789268267297,
                        0.0,
                        0.0,
                        0.0
                    ],
                    [
                        0.0,
                        0.0,
                        0.0,
                        0.0,
                        0.0,
                        0.0
                    ],
                    [
                        -0.6992757548409176,
                        -0.6681126697514872,
                        -0.0,
                        -0.0,
                        0.812088432097353,
                        0.0
                    ]
                ]
            },
            "est_params": {
                "mui": [
                    0.0025363237594143253,
                    0.02926410574956007,
                    0.03575600532974659,
                    0.05696327157949251,
                    1.0000007325701885,
                    0.8102698254609143
                ],
                "Si": [
                    [
                        0.960433085949714,
                        0.8196716765157048,
                        0.13926189875465453,
                        1.5757137876473464,
                        -6.882202207614851e-07,
                        -1.2182218467985164
                    ],
                    [
                        0.8196716765157048,
                        1.684544991935188,
                        0.9350391307074974,
                        2.8331716788823553,
                        -2.9096737217659797e-07,
                        -1.699004382139389
                    ],
                    [
                        0.13926189875465453,
                        0.9350391307074974,
                        1.6579522626661085,
                        2.2430972370893394,
                        7.478801624132236e-07,
                        -0.7081012734370213
                    ],
                    [
                        1.5757137876473464,
                        2.8331716788823553,
                        2.2430972370893394,
                        6.457148260771528,
                        -1.6599737463271093e-06,
                        -2.9722309653083383
                    ],
                    [
                        -6.88220220761485e-07,
                        -2.909673721765979e-07,
                        7.478801624132234e-07,
                        -1.6599737463271093e-06,
                        1.0044013046976283e-06,
                        4.2823878946437536e-07
                    ],
                    [
                        -1.2182218467985164,
                        -1.699004382139389,
                        -0.7081012734370212,
                        -2.9722309653083383,
                        4.2823878946437536e-07,
                        2.971445479411715
                    ]
                ]
            },
            "est_tgt": [
                0,
                1,
                3,
                4
            ],
            "oracle_est_tgt": [
                0,
                2,
                3,
                4
            ]
        },
        "5": {
            "intv_type": "do",
            "inode": 5,
            "new_mui": 1.0,
            "new_vari": null,
            "noise_type": "gaussian",
            "obs_noise_gamma_shape": null,
            "true_params": {
                "Si": [
                    [
                        1.0,
                        0.8685348368058634,
                        0.12690908407211254,
                        1.6255417884952934,
                        -2.0573851400197904,
                        0.0
                    ],
                    [
                        0.8685348368058634,
                        1.7543527627453877,
                        0.9373685874474916,
                        2.9238665853408676,
                        -3.43224897933822,
                        0.0
                    ],
                    [
                        0.12690908407211254,
                        0.9373685874474916,
                        1.7002724950151493,
                        2.2658383712882015,
                        -3.2930858628354427,
                        0.0
                    ],
                    [
                        1.6255417884952934,
                        2.9238665853408676,
                        2.2658383712882015,
                        6.582896611100533,
                        -8.124675921144705,
                        0.0
                    ],
                    [
                        -2.0573851400197904,
                        -3.43224897933822,
                        -3.2930858628354427,
                        -8.124675921144705,
                        11.617562104299509,
                        0.0
                    ],
                    [
                        0.0,
                        0.0,
                        0.0,
                        0.0,
                        0.0,
                        1e-09
                    ]
                ],
                "mui": [
                    0.0,
                    0.0,
                    0.0,
                    0.0,
                    0.0,
                    1.0
                ],
                "Ai": [
                    [
                        0.0,
                        0.0,
                        0.0,
                        0.0,
                        0.0,
                        0.0
                    ],
                    [
                        0.8685348368058634,
                        0.0,
                        0.0,
                        0.0,
                        0.0,
                        0.0
                    ],
                    [
                        -0.5914939708662525,
                        0.8271436268237378,
                        0.0,
                        0.0,
                        0.0,
                        0.0
                    ],
                    [
                        0.7907407484424245,
                        0.8429678641522425,
                        0.8088789268267297,
                        0.0,
                        0.0,
                        0.0
                    ],
                    [
                        -0.8728137810874681,
                        0.5299563561032906,
                        -0.9100328564901832,
                        -0.940834305661072,
                        0.0,
                        0.0
                    ],
                    [
                        0.0,
                        0.0,
                        0.0,
                        0.0,
                        0.0,
                        0.0
                    ]
                ]
            },
            "est_params": {
                "mui": [
                    0.012994282162754165,
                    -0.0034879077615564023,
                    -0.019409232430877874,
                    -0.011840542951799983,
                    -0.004417518959576198,
                    1.0000014060563918
                ],
                "Si": [
                    [
                        1.0065481515920067,
                        0.8892552368554603,
                        0.16130356515859304,
                        1.6463193981251747,
                        -2.118603470010331,
                        7.898860059833772e-07
                    ],
                    [
                        0.8892552368554605,
                        1.7794267345216401,
                        0.9549397879012593,
                        2.946595841164111,
                        -3.5061651057321925,
                        5.348855824755636e-07
                    ],
                    [
                        0.16130356515859304,
                        0.9549397879012593,
                        1.7001224158076924,
                        2.305365705378402,
                        -3.3574819612758073,
                        1.4752265681330495e-06
                    ],
                    [
                        1.6463193981251747,
                        2.9465958411641107,
                        2.305365705378402,
                        6.569170710803613,
                        -8.202206187868667,
                        1.1803213664957251e-06
                    ],
                    [
                        -2.118603470010331,
                        -3.5061651057321925,
                        -3.3574819612758073,
                        -8.202206187868667,
                        11.801689226995308,
                        -1.1348376337278496e-06
                    ],
                    [
                        7.898860059833776e-07,
                        5.34885582475564e-07,
                        1.4752265681330495e-06,
                        1.1803213664957251e-06,
                        -1.1348376337278496e-06,
                        1.009301562282761e-06
                    ]
                ]
            },
            "est_tgt": [
                5
            ],
            "oracle_est_tgt": [
                5
            ]
        },
        "obs": {
            "intv_type": "obs",
            "noise_type": "gaussian",
            "obs_noise_gamma_shape": null,
            "true_params": {
                "Si": [
                    [
                        1.0,
                        0.8685348368058634,
                        0.12690908407211254,
                        1.6255417884952934,
                        -2.0573851400197904,
                        -2.95033355601052
                    ],
                    [
                        0.8685348368058634,
                        1.7543527627453877,
                        0.9373685874474916,
                        2.9238665853408676,
                        -3.43224897933822,
                        -4.5667403538152875
                    ],
                    [
                        0.12690908407211254,
                        0.9373685874474916,
                        1.7002724950151493,
                        2.2658383712882015,
                        -3.2930858628354427,
                        -3.389289210173414
                    ],
                    [
                        1.6255417884952934,
                        2.9238665853408676,
                        2.2658383712882015,
                        6.582896611100533,
                        -8.124675921144705,
                        -9.688129601606274
                    ],
                    [
                        -2.0573851400197904,
                        -3.43224897933822,
                        -3.2930858628354427,
                        -8.124675921144705,
                        11.617562104299509,
                        13.166296369697514
                    ],
                    [
                        -2.95033355601052,
                        -4.5667403538152875,
                        -3.389289210173414,
                        -9.688129601606274,
                        13.166296369697514,
                        16.806390789657854
                    ]
                ],
                "mui": [
                    0.0,
                    0.0,
                    0.0,
                    0.0,
                    0.0,
                    0.0
                ],
                "Ai": [
                    [
                        0.0,
                        0.0,
                        0.0,
                        0.0,
                        0.0,
                        0.0
                    ],
                    [
                        0.8685348368058634,
                        0.0,
                        0.0,
                        0.0,
                        0.0,
                        0.0
                    ],
                    [
                        -0.5914939708662525,
                        0.8271436268237378,
                        0.0,
                        0.0,
                        0.0,
                        0.0
                    ],
                    [
                        0.7907407484424245,
                        0.8429678641522425,
                        0.8088789268267297,
                        0.0,
                        0.0,
                        0.0
                    ],
                    [
                        -0.8728137810874681,
                        0.5299563561032906,
                        -0.9100328564901832,
                        -0.940834305661072,
                        0.0,
                        0.0
                    ],
                    [
                        -0.6992757548409176,
                        -0.6681126697514872,
                        -0.0,
                        -0.0,
