{
    "expt_args": {
        "save_dir": "all_expt_logs/expt_logs_sim_compsel_backward_cameraready_cutoff_var_all",
        "exp_name": "186",
        "num_nodes": 6,
        "num_tgt_prior": 7,
        "obs_noise_mean": 0.0,
        "obs_noise_var": 1.0,
        "obs_noise_gamma_shape": null,
        "noise_type": "gaussian",
        "max_edge_strength": 1.0,
        "graph_sparsity_method": "adj_dense_prop",
        "adj_dense_prop": 0.8,
        "num_parents": null,
        "new_noise_mean": 1.0,
        "mix_samples": 4096,
        "stage2_samples": 4096,
        "gmm_tol": 0.001,
        "intv_type": "do",
        "new_noise_var": null,
        "dtype": "simulation",
        "cutoff_drop_ratio": 0.3,
        "intv_targets": [
            0,
            1,
            2,
            3,
            4,
            5
        ]
    },
    "intv_args_dict": {
        "0": {
            "intv_type": "do",
            "inode": 0,
            "new_mui": 1.0,
            "new_vari": null,
            "noise_type": "gaussian",
            "obs_noise_gamma_shape": null,
            "true_params": {
                "Si": [
                    [
                        1e-09,
                        -8.883021697366412e-10,
                        -6.000523754986718e-10,
                        5.2941550725660875e-11,
                        1.9934017168615307e-09,
                        9.241412904240587e-11
                    ],
                    [
                        -8.883021697366412e-10,
                        1.0000000007890808,
                        5.330278271110958e-10,
                        -0.7835625816973685,
                        -1.4891753399022007,
                        -0.516438889794022
                    ],
                    [
                        -6.000523754986718e-10,
                        5.330278271110958e-10,
                        1.0000000003600629,
                        -3.1767703275516235e-11,
                        -0.6647730536220819,
                        0.6105128021322528
                    ],
                    [
                        5.2941550725660875e-11,
                        -0.7835625816973685,
                        -3.1767703275516235e-11,
                        1.6139703193653492,
                        1.8280586363032922,
                        0.4046621896922081
                    ],
                    [
                        1.9934017168615307e-09,
                        -1.4891753399022007,
                        -0.6647730536220819,
                        1.8280586363032922,
                        4.096747298781349,
                        0.3632155993397835
                    ],
                    [
                        9.241412904240587e-11,
                        -0.516438889794022,
                        0.6105128021322528,
                        0.4046621896922081,
                        0.3632155993397835,
                        1.639435008450517
                    ]
                ],
                "mui": [
                    1.0,
                    -0.8883021697366411,
                    -0.6000523754986717,
                    0.05294155072566087,
                    1.9934017168615306,
                    0.09241412904240587
                ],
                "Ai": [
                    [
                        0.0,
                        0.0,
                        0.0,
                        0.0,
                        0.0,
                        0.0
                    ],
                    [
                        -0.8883021697366411,
                        0.0,
                        0.0,
                        0.0,
                        0.0,
                        0.0
                    ],
                    [
                        -0.6000523754986717,
                        -0.0,
                        0.0,
                        0.0,
                        0.0,
                        0.0
                    ],
                    [
                        -0.6430987906787805,
                        -0.7835625816503404,
                        -0.0,
                        0.0,
                        0.0,
                        0.0
                    ],
                    [
                        0.6968800941356074,
                        -0.9710864516835405,
                        -0.6647730524259365,
                        0.6611965637214551,
                        0.0,
                        0.0
                    ],
                    [
                        -0.0,
                        -0.5164388897119303,
                        0.6105128021877061,
                        -0.0,
                        -0.0,
                        0.0
                    ]
                ]
            },
            "oracle_est_tgt": [
                0
            ]
        },
        "1": {
            "intv_type": "do",
            "inode": 1,
            "new_mui": 1.0,
            "new_vari": null,
            "noise_type": "gaussian",
            "obs_noise_gamma_shape": null,
            "true_params": {
                "Si": [
                    [
                        1.0,
                        0.0,
                        -0.6000523754986717,
                        -0.6430987906787805,
                        0.6705640328810606,
                        -0.3663396572250837
                    ],
                    [
                        0.0,
                        1e-09,
                        0.0,
                        -7.835625816503405e-10,
                        -1.4891753381314577e-09,
                        -5.164388897119304e-10
                    ],
                    [
                        -0.6000523754986717,
                        0.0,
                        1.3600628533415988,
                        0.3858929570271253,
                        -1.0671465932801865,
                        0.8303357837449867
                    ],
                    [
                        -0.6430987906787805,
                        -7.835625816503405e-10,
                        0.3858929570271253,
                        1.4135760551864802,
                        0.22995764626982107,
                        0.2355925909437925
                    ],
                    [
                        0.6705640328810606,
                        -1.4891753381314577e-09,
                        -1.0671465932801865,
                        0.22995764626982107,
                        2.3287602315201124,
                        -0.6515066562394828
                    ],
                    [
                        -0.3663396572250837,
                        -5.164388897119304e-10,
                        0.8303357837449867,
                        0.2355925909437925,
                        -0.6515066562394828,
                        1.5069306263575861
                    ]
                ],
                "mui": [
                    0.0,
                    1.0,
                    0.0,
                    -0.7835625816503404,
                    -1.4891753381314576,
                    -0.5164388897119303
                ],
                "Ai": [
                    [
                        0.0,
                        0.0,
                        0.0,
                        0.0,
                        0.0,
                        0.0
                    ],
                    [
                        0.0,
                        0.0,
                        0.0,
                        0.0,
                        0.0,
                        0.0
                    ],
                    [
                        -0.6000523754986717,
                        -0.0,
                        0.0,
                        0.0,
                        0.0,
                        0.0
                    ],
                    [
                        -0.6430987906787805,
                        -0.7835625816503404,
                        -0.0,
                        0.0,
                        0.0,
                        0.0
                    ],
                    [
                        0.6968800941356074,
                        -0.9710864516835405,
                        -0.6647730524259365,
                        0.6611965637214551,
                        0.0,
                        0.0
                    ],
                    [
                        -0.0,
                        -0.5164388897119303,
                        0.6105128021877061,
                        -0.0,
                        -0.0,
                        0.0
                    ]
                ]
            },
            "oracle_est_tgt": [
                1
            ]
        },
        "2": {
            "intv_type": "do",
            "inode": 2,
            "new_mui": 1.0,
            "new_vari": null,
            "noise_type": "gaussian",
            "obs_noise_gamma_shape": null,
            "true_params": {
                "Si": [
                    [
                        1.0,
                        -0.8883021697366411,
                        0.0,
                        0.05294155072566087,
                        1.5945030675858443,
                        0.4587537862674896
                    ],
                    [
                        -0.8883021697366411,
                        1.7890807447588244,
                        0.0,
                        -0.8305906760291675,
                        -2.905575872719693,
                        -0.9239508734282407
                    ],
                    [
                        0.0,
                        0.0,
                        1e-09,
                        0.0,
                        -6.647730524259366e-10,
                        6.105128021877061e-10
                    ],
                    [
                        0.05294155072566087,
                        -0.8305906760291675,
                        0.0,
                        1.6167731271557841,
                        1.9124741012325766,
                        0.4289493265335848
                    ],
                    [
                        1.5945030675858443,
                        -2.905575872719693,
                        -6.647730524259366e-10,
                        1.9124741012325766,
                        6.197264116558592,
                        1.500552377275279
                    ],
                    [
                        0.4587537862674896,
                        -0.9239508734282407,
                        6.105128021877061e-10,
                        0.4289493265335848,
                        1.500552377275279,
                        1.4771641635943746
                    ]
                ],
                "mui": [
                    0.0,
                    0.0,
                    1.0,
                    0.0,
                    -0.6647730524259365,
                    0.6105128021877061
                ],
                "Ai": [
                    [
                        0.0,
                        0.0,
                        0.0,
                        0.0,
                        0.0,
                        0.0
                    ],
                    [
                        -0.8883021697366411,
                        0.0,
                        0.0,
                        0.0,
                        0.0,
                        0.0
                    ],
                    [
                        0.0,
                        0.0,
                        0.0,
                        0.0,
                        0.0,
                        0.0
                    ],
                    [
                        -0.6430987906787805,
                        -0.7835625816503404,
                        -0.0,
                        0.0,
                        0.0,
                        0.0
                    ],
                    [
                        0.6968800941356074,
                        -0.9710864516835405,
                        -0.6647730524259365,
                        0.6611965637214551,
                        0.0,
                        0.0
                    ],
                    [
                        -0.0,
                        -0.5164388897119303,
                        0.6105128021877061,
                        -0.0,
                        -0.0,
                        0.0
                    ]
                ]
            },
            "oracle_est_tgt": [
                2
            ]
        },
        "3": {
            "intv_type": "do",
            "inode": 3,
            "new_mui": 1.0,
            "new_vari": null,
            "noise_type": "gaussian",
            "obs_noise_gamma_shape": null,
            "true_params": {
                "Si": [
                    [
                        1.0,
                        -0.8883021697366411,
                        -0.6000523754986717,
                        0.0,
                        1.9583969454436385,
                        0.09241412904240587
                    ],
                    [
                        -0.8883021697366411,
                        1.7890807447588244,
                        0.5330278271110959,
                        0.0,
                        -2.710734707526735,
                        -0.5985305610546214
                    ],
                    [
                        -0.6000523754986717,
                        0.5330278271110959,
                        1.3600628533415988,
                        0.0,
                        -1.8399137917087345,
                        0.5550594845261697
                    ],
                    [
                        0.0,
                        0.0,
                        0.0,
                        1e-09,
                        6.611965637214551e-10,
                        0.0
                    ],
                    [
                        1.9583969454436385,
                        -2.710734707526735,
                        -1.8399137917087345,
                        6.611965637214551e-10,
                        6.2202507042351805,
                        0.27663789789879417
                    ],
                    [
                        0.09241412904240587,
                        -0.5985305610546214,
                        0.5550594845261697,
                        0.0,
                        0.27663789789879417,
                        1.647975379688643
                    ]
                ],
                "mui": [
                    0.0,
                    0.0,
                    0.0,
                    1.0,
                    0.6611965637214551,
                    0.0
                ],
                "Ai": [
                    [
                        0.0,
                        0.0,
                        0.0,
                        0.0,
                        0.0,
                        0.0
                    ],
                    [
                        -0.8883021697366411,
                        0.0,
                        0.0,
                        0.0,
                        0.0,
                        0.0
                    ],
                    [
                        -0.6000523754986717,
                        -0.0,
                        0.0,
                        0.0,
                        0.0,
                        0.0
                    ],
                    [
                        0.0,
                        0.0,
                        0.0,
                        0.0,
                        0.0,
                        0.0
                    ],
                    [
                        0.6968800941356074,
                        -0.9710864516835405,
                        -0.6647730524259365,
                        0.6611965637214551,
                        0.0,
                        0.0
                    ],
                    [
                        -0.0,
                        -0.5164388897119303,
                        0.6105128021877061,
                        -0.0,
                        -0.0,
                        0.0
                    ]
                ]
            },
            "oracle_est_tgt": [
                3,
                4
            ]
        },
        "4": {
            "intv_type": "do",
            "inode": 4,
            "new_mui": 1.0,
            "new_vari": null,
            "noise_type": "gaussian",
            "obs_noise_gamma_shape": null,
            "true_params": {
                "Si": [
                    [
                        1.0,
                        -0.8883021697366411,
                        -0.6000523754986717,
                        0.05294155072566087,
                        0.0,
                        0.09241412904240587
                    ],
                    [
                        -0.8883021697366411,
                        1.7890807447588244,
                        0.5330278271110959,
                        -0.8305906760291675,
                        0.0,
                        -0.5985305610546214
                    ],
                    [
                        -0.6000523754986717,
                        0.5330278271110959,
                        1.3600628533415988,
                        -0.031767703275516236,
                        0.0,
                        0.5550594845261697
                    ],
                    [
                        0.05294155072566087,
                        -0.8305906760291675,
                        -0.031767703275516236,
                        1.6167731271557841,
                        0.0,
                        0.40955473698778183
                    ],
                    [
                        0.0,
                        0.0,
                        0.0,
                        0.0,
                        1e-09,
                        0.0
                    ],
                    [
                        0.09241412904240587,
                        -0.5985305610546214,
                        0.5550594845261697,
                        0.40955473698778183,
                        0.0,
                        1.647975379688643
                    ]
                ],
                "mui": [
                    0.0,
                    0.0,
                    0.0,
                    0.0,
                    1.0,
                    0.0
                ],
                "Ai": [
                    [
                        0.0,
                        0.0,
                        0.0,
                        0.0,
                        0.0,
                        0.0
                    ],
                    [
                        -0.8883021697366411,
                        0.0,
                        0.0,
                        0.0,
                        0.0,
                        0.0
                    ],
                    [
                        -0.6000523754986717,
                        -0.0,
                        0.0,
                        0.0,
                        0.0,
                        0.0
                    ],
                    [
                        -0.6430987906787805,
                        -0.7835625816503404,
                        -0.0,
                        0.0,
                        0.0,
                        0.0
                    ],
                    [
                        0.0,
                        0.0,
                        0.0,
                        0.0,
                        0.0,
                        0.0
                    ],
                    [
                        -0.0,
                        -0.5164388897119303,
                        0.6105128021877061,
                        -0.0,
                        -0.0,
                        0.0
                    ]
                ]
            },
            "oracle_est_tgt": [
                3,
                4
            ]
        },
        "5": {
            "intv_type": "do",
            "inode": 5,
            "new_mui": 1.0,
            "new_vari": null,
            "noise_type": "gaussian",
            "obs_noise_gamma_shape": null,
            "true_params": {
                "Si": [
                    [
                        1.0,
                        -0.8883021697366411,
                        -0.6000523754986717,
                        0.05294155072566087,
                        1.9934017168615306,
                        0.0
                    ],
                    [
                        -0.8883021697366411,
                        1.7890807447588244,
                        0.5330278271110959,
                        -0.8305906760291675,
                        -3.2599184083763006,
                        0.0
                    ],
                    [
                        -0.6000523754986717,
                        0.5330278271110959,
                        1.3600628533415988,
                        -0.031767703275516236,
                        -1.8609184879518286,
                        0.0
                    ],
                    [
                        0.05294155072566087,
                        -0.8305906760291675,
                        -0.031767703275516236,
                        1.6167731271557841,
                        1.9335924143076029,
                        0.0
                    ],
                    [
                        1.9934017168615306,
                        -3.2599184083763006,
                        -1.8609184879518286,
                        1.9335924143076029,
                        8.070397699594196,
                        0.0
                    ],
                    [
                        0.0,
                        0.0,
                        0.0,
                        0.0,
                        0.0,
                        1e-09
                    ]
                ],
                "mui": [
                    0.0,
                    0.0,
                    0.0,
                    0.0,
                    0.0,
                    1.0
                ],
                "Ai": [
                    [
                        0.0,
                        0.0,
                        0.0,
                        0.0,
                        0.0,
                        0.0
                    ],
                    [
                        -0.8883021697366411,
                        0.0,
                        0.0,
                        0.0,
                        0.0,
                        0.0
                    ],
                    [
                        -0.6000523754986717,
                        -0.0,
                        0.0,
                        0.0,
                        0.0,
                        0.0
                    ],
                    [
                        -0.6430987906787805,
                        -0.7835625816503404,
                        -0.0,
                        0.0,
                        0.0,
                        0.0
                    ],
                    [
                        0.6968800941356074,
                        -0.9710864516835405,
                        -0.6647730524259365,
                        0.6611965637214551,
                        0.0,
                        0.0
                    ],
                    [
                        0.0,
                        0.0,
                        0.0,
                        0.0,
                        0.0,
                        0.0
                    ]
                ]
            },
            "oracle_est_tgt": [
                5
            ]
        },
        "obs": {
            "intv_type": "obs",
            "noise_type": "gaussian",
            "obs_noise_gamma_shape": null,
            "true_params": {
                "Si": [
                    [
                        1.0,
                        -0.8883021697366411,
                        -0.6000523754986717,
                        0.05294155072566087,
                        1.9934017168615306,
                        0.09241412904240587
                    ],
                    [
                        -0.8883021697366411,
                        1.7890807447588244,
                        0.5330278271110959,
                        -0.8305906760291675,
                        -3.2599184083763006,
                        -0.5985305610546214
                    ],
                    [
                        -0.6000523754986717,
                        0.5330278271110959,
                        1.3600628533415988,
                        -0.031767703275516236,
                        -1.8609184879518286,
                        0.5550594845261697
                    ],
                    [
                        0.05294155072566087,
                        -0.8305906760291675,
                        -0.031767703275516236,
                        1.6167731271557841,
                        1.9335924143076029,
                        0.40955473698778183
                    ],
                    [
                        1.9934017168615306,
                        -3.2599184083763006,
                        -1.8609184879518286,
                        1.9335924143076029,
                        8.070397699594196,
                        0.5474340826509599
                    ],
                    [
                        0.09241412904240587,
                        -0.5985305610546214,
                        0.5550594845261697,
                        0.40955473698778183,
                        0.5474340826509599,
                        1.647975379688643
                    ]
                ],
                "mui": [
                    0.0,
                    0.0,
                    0.0,
                    0.0,
                    0.0,
                    0.0
                ],
                "Ai": [
                    [
                        0.0,
                        0.0,
                        0.0,
                        0.0,
                        0.0,
                        0.0
                    ],
                    [
                        -0.8883021697366411,
                        0.0,
                        0.0,
                        0.0,
                        0.0,
                        0.0
                    ],
                    [
                        -0.6000523754986717,
                        -0.0,
                        0.0,
                        0.0,
                        0.0,
                        0.0
                    ],
                    [
                        -0.6430987906787805,
                        -0.7835625816503404,
                        -0.0,
                        0.0,
                        0.0,
                        0.0
                    ],
                    [
                        0.6968800941356074,
                        -0.9710864516835405,
                        -0.6647730524259365,
                        0.6611965637214551,
                        0.0,
                        0.0
                    ],
                    [
                        -0.0,
                        -0.5164388897119303,
                        0.6105128021877061,
                        -0.0,
                        -0.0,
                        0.0
                    ]
                ]
            },
            "est_params": {
                "mui": [
                    0.1560026050943855,
                    -0.02709178994525673,
                    0.05140330792935678,
                    0.05171272582759829,
                    0.3129873666661463,
                    0.20525515160171473
                ],
                "Si": [
                    [
                        1.008161406804731,
                        -0.7773742714354744,
                        -0.5267998797862022,
                        -0.07247633820297629,
                        1.432884987484877,
                        0.054690088397263456
                    ],
                    [
                        -0.7773742714354744,
                        1.7310151614160851,
                        0.3526661496274596,
                        -0.7351061867689997,
                        -2.5028937311148063,
                        -0.5631651107025988
                    ],
                    [
                        -0.5267998797862022,
                        0.3526661496274596,
                        1.297174749135266,
                        0.04749008204997604,
                        -1.2878108600278038,
                        0.5316146188860852
                    ],
                    [
                        -0.07247633820297629,
                        -0.7351061867689997,
                        0.04749008204997604,
                        1.632253145372577,
                        1.4695179791645188,
                        0.27665457662712717
                    ],
                    [
                        1.432884987484877,
                        -2.5028937311148063,
                        -1.2878108600278038,
                        1.4695179791645188,
                        6.207503951255947,
                        0.35308916904014914
                    ],
                    [
                        0.054690088397263456,
                        -0.5631651107025988,
                        0.5316146188860852,
                        0.27665457662712717,
                        0.35308916904014914,
                        1.5730601201973737
                    ]
                ]
            },
            "est_tgt": [
                0,
                1,
                2,
                3,
                4,
                5
            ],
            "oracle_est_tgt": [
                0,
                1,
                2,
                3,
                4,
                5
            ]
        }
    },
    "metric_dict": {
        "param_est_rel_err": 9.773267338115655,
        "est_num_comp": 1,
        "weight_precision_error": 0.0,
        "gm_score_dict": {
            "1": -8.932348700334357,
            "2": -8.87151692558793,
            "3": -7.9453120845006895,
            "4": -7.241129141065179,
            "5": -5.77718534492375,
            "6": -4.945384607120822,
            "7": -4.117060183147746
        },
        "est_dag": {
            "amat": [
                [
                    0,
                    0,
                    1,
                    1,
                    0,
                    0
                ],
                [
                    1,
                    0,
                    0,
                    0,
                    1,
                    1
                ],
                [
                    0,
                    0,
                    0,
                    1,
                    1,
                    1
                ],
                [
                    0,
                    0,
                    0,
                    0,
                    0,
                    0
                ],
                [
                    0,
                    0,
                    0,
                    1,
                    0,
                    0
                ],
                [
                    0,
                    0,
                    0,
                    0,
                    0,
                    0
                ]
            ],
            "nodes": [
                0,
                1,
                2,
                3,
                4,
                5
            ]
        },
        "oracle_est_dag": {
            "amat": [
                [
                    0,
                    1,
                    1,
                    1,
                    0,
                    0
                ],
                [
                    0,
                    0,
                    0,
                    0,
                    1,
                    1
                ],
                [
                    0,
                    0,
                    0,
                    1,
                    1,
                    1
                ],
                [
                    0,
                    0,
                    0,
                    0,
                    0,
                    0
                ],
                [
                    0,
                    0,
                    0,
                    1,
                    0,
                    0
                ],
                [
                    0,
                    0,
                    0,
                    0,
                    0,
                    0
                ]
            ],
            "nodes": [
                0,
                1,
                2,
                3,
                4,
                5
            ]
        },
        "igsp_dag": null,
        "intv_base_est_dag": null,
        "act_dag": {
            "amat": [
                [
                    0,
                    1,
                    1,
                    1,
                    1,
                    0
                ],
                [
                    0,
                    0,
                    0,
                    1,
                    1,
                    1
                ],
                [
                    0,
                    0,
                    0,
                    0,
                    1,
                    1
                ],
                [
                    0,
                    0,
                    0,
                    0,
                    1,
                    0
                ],
                [
                    0,
                    0,
                    0,
                    0,
                    0,
                    0
                ],
                [
                    0,
                    0,
                    0,
                    0,
                    0,
                    0
                ]
            ],
            "nodes": [
                0,
                1,
                2,
                3,
                4,
                5
            ]
        },
        "shd": 5,
        "oracle_shd": 4,
        "intv_base_shd": null,
        "igsp_shd": null,
        "avg_js": 0.0,
        "avg_oracle_js": 0.7142857142857143
    }
}