{
    "expt_args": {
        "save_dir": "all_expt_logs/expt_logs_sim_compsel_backward_cameraready_cutoff_var_all",
        "exp_name": "367",
        "num_nodes": 6,
        "num_tgt_prior": 7,
        "obs_noise_mean": 0.0,
        "obs_noise_var": 1.0,
        "obs_noise_gamma_shape": null,
        "noise_type": "gaussian",
        "max_edge_strength": 1.0,
        "graph_sparsity_method": "adj_dense_prop",
        "adj_dense_prop": 0.8,
        "num_parents": null,
        "new_noise_mean": 1.0,
        "mix_samples": 8192,
        "stage2_samples": 8192,
        "gmm_tol": 0.001,
        "intv_type": "do",
        "new_noise_var": null,
        "dtype": "simulation",
        "cutoff_drop_ratio": 0.6,
        "intv_targets": [
            0,
            1,
            2,
            3,
            4,
            5
        ]
    },
    "intv_args_dict": {
        "0": {
            "intv_type": "do",
            "inode": 0,
            "new_mui": 1.0,
            "new_vari": null,
            "noise_type": "gaussian",
            "obs_noise_gamma_shape": null,
            "true_params": {
                "Si": [
                    [
                        1e-09,
                        -7.168346174136868e-10,
                        1.46045765720083e-09,
                        -2.3298569635754247e-09,
                        1.5336276147004537e-09,
                        1.3190691031854088e-09
                    ],
                    [
                        -7.168346174136868e-10,
                        1.0000000005138518,
                        -0.6805231641375673,
                        1.3205985495468593,
                        -0.3279916686703877,
                        -0.28059128038625725
                    ],
                    [
                        1.46045765720083e-09,
                        -0.6805231641375673,
                        1.4631117776358546,
                        -1.6794343554811455,
                        1.1925362041411918,
                        0.5857014300458393
                    ],
                    [
                        -2.3298569635754247e-09,
                        1.3205985495468593,
                        -1.6794343554811455,
                        3.353529936165595,
                        -1.7601315701037323,
                        -0.9267026792874861
                    ],
                    [
                        1.5336276147004537e-09,
                        -0.3279916686703877,
                        1.1925362041411918,
                        -1.7601315701037323,
                        2.3723017913805684,
                        -0.3721039709861229
                    ],
                    [
                        1.3190691031854088e-09,
                        -0.28059128038625725,
                        0.5857014300458393,
                        -0.9267026792874861,
                        -0.3721039709861229,
                        2.2725129630525553
                    ]
                ],
                "mui": [
                    1.0,
                    -0.7168346174136868,
                    1.4604576572008299,
                    -2.3298569635754247,
                    1.5336276147004537,
                    1.3190691031854087
                ],
                "Ai": [
                    [
                        0.0,
                        0.0,
                        0.0,
                        0.0,
                        0.0,
                        0.0
                    ],
                    [
                        -0.7168346174136868,
                        0.0,
                        0.0,
                        0.0,
                        0.0,
                        0.0
                    ],
                    [
                        0.9726350959455841,
                        -0.6805231630906607,
                        0.0,
                        0.0,
                        0.0,
                        0.0
                    ],
                    [
                        -0.6238345357229154,
                        0.7892893086309412,
                        -0.7807364511044774,
                        0.0,
                        0.0,
                        0.0
                    ],
                    [
                        0.0,
                        0.781708671277219,
                        0.5241584352816777,
                        -0.5701947679106447,
                        0.0,
                        0.0
                    ],
                    [
                        0.5792975200881774,
                        0.9562133308077247,
                        0.7191187279009177,
                        -0.8114028656513927,
                        -0.988164698276977,
                        0.0
                    ]
                ]
            },
            "oracle_est_tgt": [
                0,
                3
            ]
        },
        "1": {
            "intv_type": "do",
            "inode": 1,
            "new_mui": 1.0,
            "new_vari": null,
            "noise_type": "gaussian",
            "obs_noise_gamma_shape": null,
            "true_params": {
                "Si": [
                    [
                        1.0,
                        0.0,
                        0.9726350959455841,
                        -1.3832062087511336,
                        1.2985118331622973,
                        1.1179315607379154
                    ],
                    [
                        0.0,
                        1e-09,
                        -6.805231630906607e-10,
                        1.3205985478767373e-09,
                        -3.2799166757103037e-10,
                        -2.8059127944070284e-10
                    ],
                    [
                        0.9726350959455841,
                        -6.805231630906607e-10,
                        1.9460190303281872,
                        -2.1260913555643617,
                        2.2323084564760687,
                        1.4820920341286201
                    ],
                    [
                        -1.3832062087511336,
                        1.3205985478767373e-09,
                        -2.1260913555643617,
                        3.5228088237548794,
                        -3.1230958768206785,
                        -2.102484116180054
                    ],
                    [
                        1.2985118331622973,
                        -3.2799166757103037e-10,
                        2.2323084564760687,
                        -3.1230958768206785,
                        3.950856236002618,
                        0.9875117857170814
                    ],
                    [
                        1.1179315607379154,
                        -2.8059127944070284e-10,
                        1.4820920341286201,
                        -2.102484116180054,
                        0.9875117857170814,
                        3.4435524697870843
                    ]
                ],
                "mui": [
                    0.0,
                    1.0,
                    -0.6805231630906607,
                    1.3205985478767372,
                    -0.3279916675710303,
                    -0.28059127944070283
                ],
                "Ai": [
                    [
                        0.0,
                        0.0,
                        0.0,
                        0.0,
                        0.0,
                        0.0
                    ],
                    [
                        0.0,
                        0.0,
                        0.0,
                        0.0,
                        0.0,
                        0.0
                    ],
                    [
                        0.9726350959455841,
                        -0.6805231630906607,
                        0.0,
                        0.0,
                        0.0,
                        0.0
                    ],
                    [
                        -0.6238345357229154,
                        0.7892893086309412,
                        -0.7807364511044774,
                        0.0,
                        0.0,
                        0.0
                    ],
                    [
                        0.0,
                        0.781708671277219,
                        0.5241584352816777,
                        -0.5701947679106447,
                        0.0,
                        0.0
                    ],
                    [
                        0.5792975200881774,
                        0.9562133308077247,
                        0.7191187279009177,
                        -0.8114028656513927,
                        -0.988164698276977,
                        0.0
                    ]
                ]
            },
            "est_params": {
                "mui": [
                    0.14538042470877907,
                    0.028256494365658497,
                    0.262981115823364,
                    -0.1266785823149786,
                    0.38573946071212123,
                    0.19610897619567128
                ],
                "Si": [
                    [
                        0.955761980200862,
                        -0.6056889777809874,
                        1.1039151265166463,
                        -1.6398649247517292,
                        0.8191509857807099,
                        1.103053786371497
                    ],
                    [
                        -0.6056889777809874,
                        1.4176988700053195,
                        -1.302613128949992,
                        2.10943633454808,
                        -0.6031042852275942,
                        -0.8996981694719717
                    ],
                    [
                        1.1039151265166463,
                        -1.302613128949992,
                        2.892085277709196,
                        -3.337823180423535,
                        1.8931472984429754,
                        1.9439143192511141
                    ],
                    [
                        -1.6398649247517292,
                        2.10943633454808,
                        -3.337823180423535,
                        6.31167523541467,
                        -2.9772945396173855,
                        -2.9615643906301035
                    ],
                    [
                        0.8191509857807099,
                        -0.6031042852275942,
                        1.8931472984429754,
                        -2.9772945396173855,
                        3.146678790130162,
                        0.28712422115590913
                    ],
                    [
                        1.103053786371497,
                        -0.8996981694719717,
                        1.9439143192511141,
                        -2.9615643906301035,
                        0.28712422115590913,
                        4.2951703294798484
                    ]
                ]
            },
            "est_tgt": [
                0,
                1,
                2,
                3,
                4
            ],
            "oracle_est_tgt": [
                1,
                2,
                4
            ]
        },
        "2": {
            "intv_type": "do",
            "inode": 2,
            "new_mui": 1.0,
            "new_vari": null,
            "noise_type": "gaussian",
            "obs_noise_gamma_shape": null,
            "true_params": {
                "Si": [
                    [
                        1.0,
                        -0.7168346174136868,
                        0.0,
                        -1.1896244353040895,
                        0.11796179248508028,
                        0.7425496997081822
                    ],
                    [
                        -0.7168346174136868,
                        1.5138518687226268,
                        0.0,
                        1.6420532855781214,
                        0.24710094074257102,
                        -0.544238346463557
                    ],
                    [
                        0.0,
                        0.0,
                        1e-09,
                        -7.807364511044774e-10,
                        9.693302748185756e-10,
                        3.947525630987522e-10
                    ],
                    [
                        -1.1896244353040895,
                        1.6420532855781214,
                        -7.807364511044774e-10,
                        3.038183910401232,
                        -0.4487492780346501,
                        -1.140746180547369
                    ],
                    [
                        0.11796179248508028,
                        0.24710094074257102,
                        9.693302748185756e-10,
                        -0.4487492780346501,
                        1.4490354390063453,
                        -0.7631530290800406
                    ],
                    [
                        0.7425496997081822,
                        -0.544238346463557,
                        3.947525630987522e-10,
                        -1.140746180547369,
                        -0.7631530290800406,
                        2.5894748404388936
                    ]
                ],
                "mui": [
                    0.0,
                    0.0,
                    1.0,
                    -0.7807364511044774,
                    0.9693302748185756,
                    0.3947525630987522
                ],
                "Ai": [
                    [
                        0.0,
                        0.0,
                        0.0,
                        0.0,
                        0.0,
                        0.0
                    ],
                    [
                        -0.7168346174136868,
                        0.0,
                        0.0,
                        0.0,
                        0.0,
                        0.0
                    ],
                    [
                        0.0,
                        0.0,
                        0.0,
                        0.0,
                        0.0,
                        0.0
                    ],
                    [
                        -0.6238345357229154,
                        0.7892893086309412,
                        -0.7807364511044774,
                        0.0,
                        0.0,
                        0.0
                    ],
                    [
                        0.0,
                        0.781708671277219,
                        0.5241584352816777,
                        -0.5701947679106447,
                        0.0,
                        0.0
                    ],
                    [
                        0.5792975200881774,
                        0.9562133308077247,
                        0.7191187279009177,
                        -0.8114028656513927,
                        -0.988164698276977,
                        0.0
                    ]
                ]
            },
            "oracle_est_tgt": [
                1,
                2,
                4,
                5
            ]
        },
        "3": {
            "intv_type": "do",
            "inode": 3,
            "new_mui": 1.0,
            "new_vari": null,
            "noise_type": "gaussian",
            "obs_noise_gamma_shape": null,
            "true_params": {
                "Si": [
                    [
                        1.0,
                        -0.7168346174136868,
                        1.4604576572008299,
                        0.0,
                        0.20515536408956506,
                        0.7413658670767017
                    ],
                    [
                        -0.7168346174136868,
                        1.5138518687226268,
                        -1.727429769039107,
                        0.0,
                        0.27794424801117135,
                        -0.4845769704637038
                    ],
                    [
                        1.4604576572008299,
                        -1.727429769039107,
                        3.596048343979455,
                        0.0,
                        0.5345522436972657,
                        1.2520081798072444
                    ],
                    [
                        0.0,
                        0.0,
                        0.0,
                        1e-09,
                        -5.701947679106448e-10,
                        -2.4795652485985965e-10
                    ],
                    [
                        0.20515536408956506,
                        0.27794424801117135,
                        0.5345522436972657,
                        -5.701947679106448e-10,
                        1.4974614967597495,
                        -0.7107120693606889
                    ],
                    [
                        0.7413658670767017,
                        -0.4845769704637038,
                        1.2520081798072444,
                        -2.4795652485985965e-10,
                        -0.7107120693606889,
                        2.5687555566830724
                    ]
                ],
                "mui": [
                    0.0,
                    0.0,
                    0.0,
                    1.0,
                    -0.5701947679106447,
                    -0.24795652485985964
                ],
                "Ai": [
                    [
                        0.0,
                        0.0,
                        0.0,
                        0.0,
                        0.0,
                        0.0
                    ],
                    [
                        -0.7168346174136868,
                        0.0,
                        0.0,
                        0.0,
                        0.0,
                        0.0
                    ],
                    [
                        0.9726350959455841,
                        -0.6805231630906607,
                        0.0,
                        0.0,
                        0.0,
                        0.0
                    ],
                    [
                        0.0,
                        0.0,
                        0.0,
                        0.0,
                        0.0,
                        0.0
                    ],
                    [
                        0.0,
                        0.781708671277219,
                        0.5241584352816777,
                        -0.5701947679106447,
                        0.0,
                        0.0
                    ],
                    [
                        0.5792975200881774,
                        0.9562133308077247,
                        0.7191187279009177,
                        -0.8114028656513927,
                        -0.988164698276977,
                        0.0
                    ]
                ]
            },
            "oracle_est_tgt": [
                1,
                2,
                3,
                4,
                5
            ]
        },
        "4": {
            "intv_type": "do",
            "inode": 4,
            "new_mui": 1.0,
            "new_vari": null,
            "noise_type": "gaussian",
            "obs_noise_gamma_shape": null,
            "true_params": {
                "Si": [
                    [
                        1.0,
                        -0.7168346174136868,
                        1.4604576572008299,
                        -2.3298569635754247,
                        0.0,
                        2.8345457723351224
                    ],
                    [
                        -0.7168346174136868,
                        1.5138518687226268,
                        -1.727429769039107,
                        2.9907206729899407,
                        0.0,
                        -2.636601600916823
                    ],
                    [
                        1.4604576572008299,
                        -1.727429769039107,
                        3.596048343979455,
                        -5.082091794714892,
                        0.0,
                        5.903857682148727
                    ],
                    [
                        -2.3298569635754247,
                        2.9907206729899407,
                        -5.082091794714892,
                        8.78176340145826,
                        0.0,
                        -9.270088760831003
                    ],
                    [
                        0.0,
                        0.0,
                        0.0,
                        0.0,
                        1e-09,
                        -9.88164698276977e-10
                    ],
                    [
                        2.8345457723351224,
                        -2.636601600916823,
                        5.903857682148727,
                        -9.270088760831003,
                        -9.88164698276977e-10,
                        11.888242950116874
                    ]
                ],
                "mui": [
                    0.0,
                    0.0,
                    0.0,
                    0.0,
                    1.0,
                    -0.988164698276977
                ],
                "Ai": [
                    [
                        0.0,
                        0.0,
                        0.0,
                        0.0,
                        0.0,
                        0.0
                    ],
                    [
                        -0.7168346174136868,
                        0.0,
                        0.0,
                        0.0,
                        0.0,
                        0.0
                    ],
                    [
                        0.9726350959455841,
                        -0.6805231630906607,
                        0.0,
                        0.0,
                        0.0,
                        0.0
                    ],
                    [
                        -0.6238345357229154,
                        0.7892893086309412,
                        -0.7807364511044774,
                        0.0,
                        0.0,
                        0.0
                    ],
                    [
                        0.0,
                        0.0,
                        0.0,
                        0.0,
                        0.0,
                        0.0
                    ],
                    [
                        0.5792975200881774,
                        0.9562133308077247,
                        0.7191187279009177,
                        -0.8114028656513927,
                        -0.988164698276977,
                        0.0
                    ]
                ]
            },
            "oracle_est_tgt": [
                1,
                2,
                3,
                4,
                5
            ]
        },
        "5": {
            "intv_type": "do",
            "inode": 5,
            "new_mui": 1.0,
            "new_vari": null,
            "noise_type": "gaussian",
            "obs_noise_gamma_shape": null,
            "true_params": {
                "Si": [
                    [
                        1.0,
                        -0.7168346174136868,
                        1.4604576572008299,
                        -2.3298569635754247,
                        1.5336276147004537,
                        0.0
                    ],
                    [
                        -0.7168346174136868,
                        1.5138518687226268,
                        -1.727429769039107,
                        2.9907206729899407,
                        -1.4273490320098952,
                        0.0
                    ],
                    [
                        1.4604576572008299,
                        -1.727429769039107,
                        3.596048343979455,
                        -5.082091794714892,
                        3.4323343950853156,
                        0.0
                    ],
                    [
                        -2.3298569635754247,
                        2.9907206729899407,
                        -5.082091794714892,
                        8.78176340145826,
                        -5.333264544172019,
                        0.0
                    ],
                    [
                        1.5336276147004537,
                        -1.4273490320098952,
                        3.4323343950853156,
                        -5.333264544172019,
                        4.724315449600358,
                        0.0
                    ],
                    [
                        0.0,
                        0.0,
                        0.0,
                        0.0,
                        0.0,
                        1e-09
                    ]
                ],
                "mui": [
                    0.0,
                    0.0,
                    0.0,
                    0.0,
                    0.0,
                    1.0
                ],
                "Ai": [
                    [
                        0.0,
                        0.0,
                        0.0,
                        0.0,
                        0.0,
                        0.0
                    ],
                    [
                        -0.7168346174136868,
                        0.0,
                        0.0,
                        0.0,
                        0.0,
                        0.0
                    ],
                    [
                        0.9726350959455841,
                        -0.6805231630906607,
                        0.0,
                        0.0,
                        0.0,
                        0.0
                    ],
                    [
                        -0.6238345357229154,
                        0.7892893086309412,
                        -0.7807364511044774,
                        0.0,
                        0.0,
                        0.0
                    ],
                    [
                        0.0,
                        0.781708671277219,
                        0.5241584352816777,
                        -0.5701947679106447,
                        0.0,
                        0.0
                    ],
                    [
                        0.0,
                        0.0,
                        0.0,
                        0.0,
                        0.0,
                        0.0
                    ]
                ]
            },
            "oracle_est_tgt": [
                2,
                3,
                5
            ]
        },
        "obs": {
            "intv_type": "obs",
            "noise_type": "gaussian",
            "obs_noise_gamma_shape": null,
            "true_params": {
                "Si": [
                    [
                        1.0,
                        -0.7168346174136868,
                        1.4604576572008299,
                        -2.3298569635754247,
                        1.5336276147004537,
                        1.3190691031854087
                    ],
                    [
                        -0.7168346174136868,
                        1.5138518687226268,
                        -1.727429769039107,
                        2.9907206729899407,
                        -1.4273490320098952,
                        -1.22614567536483
                    ],
                    [
                        1.4604576572008299,
                        -1.727429769039107,
                        3.596048343979455,
                        -5.082091794714892,
                        3.4323343950853156,
                        2.5121460002435563
                    ],
                    [
                        -2.3298569635754247,
                        2.9907206729899407,
                        -5.082091794714892,
                        8.78176340145826,
                        -5.333264544172019,
                        -3.9999450117079585
                    ],
                    [
                        1.5336276147004537,
                        -1.4273490320098952,
                        3.4323343950853156,
                        -5.333264544172019,
                        4.724315449600358,
                        1.6508568293342214
                    ],
                    [
                        1.3190691031854087,
                        -1.22614567536483,
                        2.5121460002435563,
                        -3.9999450117079585,
                        1.6508568293342214,
                        4.01245626029097
                    ]
                ],
                "mui": [
                    0.0,
                    0.0,
                    0.0,
                    0.0,
                    0.0,
                    0.0
                ],
                "Ai": [
                    [
                        0.0,
                        0.0,
                        0.0,
                        0.0,
                        0.0,
                        0.0
                    ],
                    [
                        -0.7168346174136868,
                        0.0,
                        0.0,
                        0.0,
                        0.0,
                        0.0
                    ],
                    [
                        0.9726350959455841,
                        -0.6805231630906607,
                        0.0,
                        0.0,
                        0.0,
                        0.0
                    ],
                    [
                        -0.6238345357229154,
                        0.7892893086309412,
                        -0.7807364511044774,
                        0.0,
                        0.0,
                        0.0
                    ],
                    [
                        0.0,
                        0.781708671277219,
                        0.5241584352816777,
                        -0.5701947679106447,
                        0.0,
                        0.0
                    ],
                    [
                        0.5792975200881774,
                        0.9562133308077247,
                        0.7191187279009177,
                        -0.8114028656513927,
                        -0.988164698276977,
                        0.0
                    ]
                ]
            },
            "est_tgt": [
                0,
                1,
                2,
                3,
                4,
                5
            ],
            "oracle_est_tgt": [
                0,
                1,
                2,
                3,
                4,
                5
            ]
        }
    },
    "metric_dict": {
        "param_est_rel_err": 31.79240698861458,
        "est_num_comp": 1,
        "weight_precision_error": 0.0,
        "gm_score_dict": {
            "1": -9.237075238363529,
            "2": -9.090892958657324,
            "3": -8.139955798779617,
            "4": -8.902401317332053,
            "5": -6.508250436882232,
            "6": -4.903720309639408,
            "7": -4.062618247117587
        },
        "est_dag": {
            "amat": [
                [
                    0,
                    0,
                    0,
                    0,
                    0,
                    0
                ],
                [
                    0,
                    0,
                    1,
                    0,
                    1,
                    0
                ],
                [
                    0,
                    0,
                    0,
                    0,
                    0,
                    0
                ],
                [
                    0,
                    1,
                    0,
                    0,
                    1,
                    0
                ],
                [
                    1,
                    0,
                    1,
                    0,
                    0,
                    0
                ],
                [
                    1,
                    0,
                    1,
                    1,
                    1,
                    0
                ]
            ],
            "nodes": [
                0,
                1,
                2,
                3,
                4,
                5
            ]
        },
        "oracle_est_dag": {
            "amat": [
                [
                    0,
                    0,
                    0,
                    0,
                    1,
                    1
                ],
                [
                    0,
                    0,
                    0,
                    1,
                    0,
                    0
                ],
                [
                    0,
                    1,
                    0,
                    0,
                    0,
                    0
                ],
                [
                    0,
                    0,
                    0,
                    0,
                    0,
                    0
                ],
                [
                    0,
                    1,
                    1,
                    1,
                    0,
                    0
                ],
                [
                    0,
                    0,
                    1,
                    1,
                    1,
                    0
                ]
            ],
            "nodes": [
                0,
                1,
                2,
                3,
                4,
                5
            ]
        },
        "igsp_dag": null,
        "intv_base_est_dag": null,
        "act_dag": {
            "amat": [
                [
                    0,
                    1,
                    1,
                    1,
                    0,
                    1
                ],
                [
                    0,
                    0,
                    1,
                    1,
                    1,
                    1
                ],
                [
                    0,
                    0,
                    0,
                    1,
                    1,
                    1
                ],
                [
                    0,
                    0,
                    0,
                    0,
                    1,
                    1
                ],
                [
                    0,
                    0,
                    0,
                    0,
                    0,
                    1
                ],
                [
                    0,
                    0,
                    0,
                    0,
                    0,
                    0
                ]
            ],
            "nodes": [
                0,
                1,
                2,
                3,
                4,
                5
            ]
        },
        "shd": 12,
        "oracle_shd": 13,
        "intv_base_shd": null,
        "igsp_shd": null,
        "avg_js": 0.1,
        "avg_oracle_js": 0.2595238095238095
    }
}