{
    "expt_args": {
        "save_dir": "all_expt_logs/expt_logs_sim_compsel_backward_cameraready_cutoff_var_all",
        "exp_name": "169",
        "num_nodes": 6,
        "num_tgt_prior": 7,
        "obs_noise_mean": 0.0,
        "obs_noise_var": 1.0,
        "obs_noise_gamma_shape": null,
        "noise_type": "gaussian",
        "max_edge_strength": 1.0,
        "graph_sparsity_method": "adj_dense_prop",
        "adj_dense_prop": 0.8,
        "num_parents": null,
        "new_noise_mean": 1.0,
        "mix_samples": 524288,
        "stage2_samples": 524288,
        "gmm_tol": 0.001,
        "intv_type": "do",
        "new_noise_var": null,
        "dtype": "simulation",
        "cutoff_drop_ratio": 0.15,
        "intv_targets": [
            0,
            1,
            2,
            3,
            4,
            5
        ]
    },
    "intv_args_dict": {
        "0": {
            "intv_type": "do",
            "inode": 0,
            "new_mui": 1.0,
            "new_vari": null,
            "noise_type": "gaussian",
            "obs_noise_gamma_shape": null,
            "true_params": {
                "Si": [
                    [
                        1e-09,
                        -9.579730688153235e-10,
                        7.656031285358316e-10,
                        -8.025116456332482e-10,
                        2.0503492720900574e-09,
                        1.5665792944350444e-09
                    ],
                    [
                        -9.579730688153235e-10,
                        1.0000000009177124,
                        -7.334271785380831e-10,
                        0.5550725207826741,
                        -1.127472557118255,
                        -0.15088243153260145
                    ],
                    [
                        7.656031285358316e-10,
                        -7.33427178538083e-10,
                        1.0000000005861482,
                        0.8150638991208828,
                        -0.5528781213231346,
                        1.5178497828079964
                    ],
                    [
                        -8.025116456332482e-10,
                        0.5550725207826741,
                        0.8150638991208828,
                        1.9724346637702908,
                        -1.754784914124392,
                        1.929337621428984
                    ],
                    [
                        2.0503492720900574e-09,
                        -1.127472557118255,
                        -0.5528781213231346,
                        -1.754784914124392,
                        3.0369932299491937,
                        -1.1954120887085138
                    ],
                    [
                        1.5665792944350444e-09,
                        -0.15088243153260145,
                        1.5178497828079964,
                        1.929337621428984,
                        -1.1954120887085138,
                        3.928722174608275
                    ]
                ],
                "mui": [
                    1.0,
                    -0.9579730688153234,
                    0.7656031285358316,
                    -0.8025116456332481,
                    2.0503492720900574,
                    1.5665792944350443
                ],
                "Ai": [
                    [
                        0.0,
                        0.0,
                        0.0,
                        0.0,
                        0.0,
                        0.0
                    ],
                    [
                        -0.9579730688153234,
                        0.0,
                        0.0,
                        0.0,
                        0.0,
                        0.0
                    ],
                    [
                        0.7656031285358316,
                        0.0,
                        0.0,
                        0.0,
                        0.0,
                        0.0
                    ],
                    [
                        -0.8947825918144394,
                        0.5550725200138895,
                        0.8150638997352883,
                        0.0,
                        0.0,
                        0.0
                    ],
                    [
                        0.7865928537893716,
                        -0.7509530540028483,
                        -0.0,
                        -0.6783248811196877,
                        0.0,
                        0.0
                    ],
                    [
                        0.9542684092069516,
                        -0.5815874833658989,
                        0.8854060418296212,
                        0.7759437511395102,
                        -0.0,
                        0.0
                    ]
                ]
            },
            "est_params": {
                "mui": [
                    0.9999993927404326,
                    -0.9629470902969351,
                    0.7686556517374942,
                    -0.8061662708385524,
                    2.0623512549197396,
                    1.5616803095107934
                ],
                "Si": [
                    [
                        1.0121638279599297e-06,
                        -2.430731060395808e-07,
                        -8.573882038484317e-07,
                        -4.327136712292521e-07,
                        7.310473645000348e-07,
                        -2.2954481328329768e-07
                    ],
                    [
                        -2.430731060395808e-07,
                        1.001580173761246,
                        0.003701303247660308,
                        0.5574386830307075,
                        -1.131338627647776,
                        -0.14360917578974108
                    ],
                    [
                        -8.573882038484325e-07,
                        0.003701303247660306,
                        1.002546123846106,
                        0.812239092670266,
                        -0.5536251628754983,
                        1.5234330784923256
                    ],
                    [
                        -4.327136712292521e-07,
                        0.5574386830307075,
                        0.812239092670266,
                        1.970858859805647,
                        -1.7600504395347574,
                        1.931912763593365
                    ],
                    [
                        7.310473645000348e-07,
                        -1.131338627647776,
                        -0.5536251628754983,
                        -1.7600504395347574,
                        3.043554705762331,
                        -1.210989021697126
                    ],
                    [
                        -2.295448132832975e-07,
                        -0.14360917578974108,
                        1.5234330784923256,
                        1.931912763593365,
                        -1.2109890216971262,
                        3.9426563119592495
                    ]
                ]
            },
            "est_tgt": [
                0
            ],
            "oracle_est_tgt": [
                0
            ]
        },
        "1": {
            "intv_type": "do",
            "inode": 1,
            "new_mui": 1.0,
            "new_vari": null,
            "noise_type": "gaussian",
            "obs_noise_gamma_shape": null,
            "true_params": {
                "Si": [
                    [
                        1.0,
                        0.0,
                        0.7656031285358316,
                        -0.27076712022048743,
                        0.970260928424054,
                        1.4220379899071092
                    ],
                    [
                        0.0,
                        1e-09,
                        0.0,
                        5.550725200138896e-10,
                        -1.1274725551540756e-09,
                        -1.5088243003186066e-10
                    ],
                    [
                        0.7656031285358316,
                        0.0,
                        1.586148150423853,
                        0.6077637453898455,
                        0.1899566794046479,
                        2.6065665155783067
                    ],
                    [
                        -0.27076712022048743,
                        5.550725200138896e-10,
                        0.6077637453898455,
                        1.7376439943522974,
                        -1.391670638120758,
                        1.628047181894757
                    ],
                    [
                        0.970260928424054,
                        -1.1274725551540756e-09,
                        0.1899566794046479,
                        -1.391670638120758,
                        2.707205133617104,
                        0.014220009675236414
                    ],
                    [
                        1.4220379899071092,
                        -1.5088243003186066e-10,
                        2.6065665155783067,
                        1.628047181894757,
                        0.014220009675236414,
                        5.928148709223602
                    ]
                ],
                "mui": [
                    0.0,
                    1.0,
                    0.0,
                    0.5550725200138895,
                    -1.1274725551540754,
                    -0.15088243003186066
                ],
                "Ai": [
                    [
                        0.0,
                        0.0,
                        0.0,
                        0.0,
                        0.0,
                        0.0
                    ],
                    [
                        0.0,
                        0.0,
                        0.0,
                        0.0,
                        0.0,
                        0.0
                    ],
                    [
                        0.7656031285358316,
                        0.0,
                        0.0,
                        0.0,
                        0.0,
                        0.0
                    ],
                    [
                        -0.8947825918144394,
                        0.5550725200138895,
                        0.8150638997352883,
                        0.0,
                        0.0,
                        0.0
                    ],
                    [
                        0.7865928537893716,
                        -0.7509530540028483,
                        -0.0,
                        -0.6783248811196877,
                        0.0,
                        0.0
                    ],
                    [
                        0.9542684092069516,
                        -0.5815874833658989,
                        0.8854060418296212,
                        0.7759437511395102,
                        -0.0,
                        0.0
                    ]
                ]
            },
            "est_params": {
                "mui": [
                    0.003250846168878068,
                    0.9999989231056093,
                    -0.0015092630147758332,
                    0.5421769998876909,
                    -1.1195711282418759,
                    -0.1624540535969194
                ],
                "Si": [
                    [
                        0.9919767774412975,
                        3.309655409817563e-07,
                        0.7623259660089735,
                        -0.2618574770520742,
                        0.9594848821743561,
                        1.4206123127064987
                    ],
                    [
                        3.309655409817564e-07,
                        1.0112152398569096e-06,
                        4.161896431389001e-07,
                        -2.0188190023395213e-07,
                        2.4922154902410403e-07,
                        9.574470666209908e-07
                    ],
                    [
                        0.7623259660089735,
                        4.161896431389001e-07,
                        1.5819670955150869,
                        0.6048755629933521,
                        0.18821263224474644,
                        2.5944388811022217
                    ],
                    [
                        -0.2618574770520742,
                        -2.018819002339522e-07,
                        0.604875562993352,
                        1.7131784014790583,
                        -1.3688337447878043,
                        1.6096288007018775
                    ],
                    [
                        0.9594848821743561,
                        2.492215490241042e-07,
                        0.1882126322447464,
                        -1.3688337447878045,
                        2.6851217140680794,
                        0.03207287756308922
                    ],
                    [
                        1.4206123127064985,
                        9.574470666209908e-07,
                        2.5944388811022217,
                        1.6096288007018775,
                        0.03207287756308921,
                        5.899584842497039
                    ]
                ]
            },
            "est_tgt": [
                1
            ],
            "oracle_est_tgt": [
                1
            ]
        },
        "2": {
            "intv_type": "do",
            "inode": 2,
            "new_mui": 1.0,
            "new_vari": null,
            "noise_type": "gaussian",
            "obs_noise_gamma_shape": null,
            "true_params": {
                "Si": [
                    [
                        1.0,
                        -0.9579730688153234,
                        0.0,
                        -1.4265271172272,
                        2.473634492675871,
                        0.4045087529880572
                    ],
                    [
                        -0.9579730688153234,
                        1.9177124005754482,
                        0.0,
                        1.921647080252307,
                        -3.4971477812302147,
                        -0.5383909214944894
                    ],
                    [
                        0.0,
                        0.0,
                        1e-09,
                        8.150638997352883e-10,
                        -5.528781228928885e-10,
                        1.5178497816086187e-09
                    ],
                    [
                        -1.4265271172272,
                        1.921647080252307,
                        8.150638997352883e-10,
                        3.3430851193234448,
                        -4.832860595916867,
                        0.11515035641982774
                    ],
                    [
                        2.473634492675871,
                        -3.4971477812302147,
                        -5.528781228928885e-10,
                        -4.832860595916867,
                        8.850186610633186,
                        0.6443806493099813
                    ],
                    [
                        0.4045087529880572,
                        -0.5383909214944894,
                        1.5178497816086187e-09,
                        0.11515035641982774,
                        0.6443806493099813,
                        1.7884815461725945
                    ]
                ],
                "mui": [
                    0.0,
                    0.0,
                    1.0,
                    0.8150638997352883,
                    -0.5528781228928884,
                    1.5178497816086185
                ],
                "Ai": [
                    [
                        0.0,
                        0.0,
                        0.0,
                        0.0,
                        0.0,
                        0.0
                    ],
                    [
                        -0.9579730688153234,
                        0.0,
                        0.0,
                        0.0,
                        0.0,
                        0.0
                    ],
                    [
                        0.0,
                        0.0,
                        0.0,
                        0.0,
                        0.0,
                        0.0
                    ],
                    [
                        -0.8947825918144394,
                        0.5550725200138895,
                        0.8150638997352883,
                        0.0,
                        0.0,
                        0.0
                    ],
                    [
                        0.7865928537893716,
                        -0.7509530540028483,
                        -0.0,
                        -0.6783248811196877,
                        0.0,
                        0.0
                    ],
                    [
                        0.9542684092069516,
                        -0.5815874833658989,
                        0.8854060418296212,
                        0.7759437511395102,
                        -0.0,
                        0.0
                    ]
                ]
            },
            "est_params": {
                "mui": [
                    -0.0005405522384541443,
                    0.0010095928678162842,
                    1.000000684698222,
                    0.8127918777966697,
                    -0.5480991973411318,
                    1.5177227011497123
                ],
                "Si": [
                    [
                        1.003949293415005,
                        -0.9661316887933649,
                        4.818684328538988e-07,
                        -1.442283139137536,
                        2.4976282214831804,
                        0.4017700558182621
                    ],
                    [
                        -0.9661316887933651,
                        1.9349979382862545,
                        -4.14480317419355e-07,
                        1.9416660076746555,
                        -3.532515635452777,
                        -0.5449287148482165
                    ],
                    [
                        4.818684328538988e-07,
                        -4.14480317419355e-07,
                        1.0106482654047733e-06,
                        -5.45073631765427e-07,
                        1.5406711272596424e-06,
                        6.001201931264208e-07
                    ],
                    [
                        -1.442283139137536,
                        1.9416660076746555,
                        -5.45073631765427e-07,
                        3.378479206054554,
                        -4.886192146956077,
                        0.11134010487354958
                    ],
                    [
                        2.4976282214831804,
                        -3.5325156354527762,
                        1.5406711272596424e-06,
                        -4.886192146956076,
                        8.935933056248798,
                        0.649821279131869
                    ],
                    [
                        0.4017700558182621,
                        -0.5449287148482165,
                        6.00120193126421e-07,
                        0.11134010487354958,
                        0.6498212791318692,
                        1.782314172495299
                    ]
                ]
            },
            "est_tgt": [
                2
            ],
            "oracle_est_tgt": [
                2
            ]
        },
        "3": {
            "intv_type": "do",
            "inode": 3,
            "new_mui": 1.0,
            "new_vari": null,
            "noise_type": "gaussian",
            "obs_noise_gamma_shape": null,
            "true_params": {
                "Si": [
                    [
                        1.0,
                        -0.9579730688153234,
                        0.7656031285358316,
                        0.0,
                        1.5059856554687194,
                        2.189283191080848
                    ],
                    [
                        -0.9579730688153234,
                        1.9177124005754482,
                        -0.733427178538083,
                        0.0,
                        -2.1936467539640736,
                        -2.6788618204314227
                    ],
                    [
                        0.7656031285358316,
                        -0.733427178538083,
                        1.586148150423853,
                        0.0,
                        1.1529873293569366,
                        2.5615281021720273
                    ],
                    [
                        0.0,
                        0.0,
                        0.0,
                        1e-09,
                        -6.783248811196877e-10,
                        7.759437511395102e-10
                    ],
                    [
                        1.5059856554687194,
                        -2.1936467539640736,
                        1.1529873293569366,
                        -6.783248811196877e-10,
                        3.8319232842538784,
                        3.733773977803651
                    ],
                    [
                        2.189283191080848,
                        -2.6788618204314227,
                        2.5615281021720273,
                        7.759437511395102e-10,
                        3.733773977803651,
                        6.915148751067506
                    ]
                ],
                "mui": [
                    0.0,
                    0.0,
                    0.0,
                    1.0,
                    -0.6783248811196877,
                    0.7759437511395102
                ],
                "Ai": [
                    [
                        0.0,
                        0.0,
                        0.0,
                        0.0,
                        0.0,
                        0.0
                    ],
                    [
                        -0.9579730688153234,
                        0.0,
                        0.0,
                        0.0,
                        0.0,
                        0.0
                    ],
                    [
                        0.7656031285358316,
                        0.0,
                        0.0,
                        0.0,
                        0.0,
                        0.0
                    ],
                    [
                        0.0,
                        0.0,
                        0.0,
                        0.0,
                        0.0,
                        0.0
                    ],
                    [
                        0.7865928537893716,
                        -0.7509530540028483,
                        -0.0,
                        -0.6783248811196877,
                        0.0,
                        0.0
                    ],
                    [
                        0.9542684092069516,
                        -0.5815874833658989,
                        0.8854060418296212,
                        0.7759437511395102,
                        -0.0,
                        0.0
                    ]
                ]
            },
            "est_params": {
                "mui": [
                    0.01000036597970639,
                    -0.015748291438052214,
                    0.006732815665699474,
                    0.9999993006549824,
                    -0.6615692594594984,
                    0.8014783629103628
                ],
                "Si": [
                    [
                        1.0008260479720272,
                        -0.9602687514115186,
                        0.7658714435301303,
                        4.04111101847299e-07,
                        1.4963980414700184,
                        2.193821150100344
                    ],
                    [
                        -0.9602687514115186,
                        1.916549522878567,
                        -0.7369172731220653,
                        -1.909363052758069e-07,
                        -2.179950505709267,
                        -2.686015332079883
                    ],
                    [
                        0.7658714435301303,
                        -0.7369172731220653,
                        1.5889084683216028,
                        6.959680503241179e-10,
                        1.1385867385326782,
                        2.570615207466202
                    ],
                    [
                        4.04111101847299e-07,
                        -1.90936305275807e-07,
                        6.959680503240428e-10,
                        1.0105998379094492e-06,
                        5.813478646113941e-07,
                        7.09565517098024e-07
                    ],
                    [
                        1.4963980414700184,
                        -2.179950505709267,
                        1.138586738532678,
                        5.813478646113941e-07,
                        3.780786336756398,
                        3.7016503472870226
                    ],
                    [
                        2.1938211501003444,
                        -2.686015332079883,
                        2.5706152074662016,
                        7.095655170980245e-07,
                        3.7016503472870226,
                        6.933511720865755
                    ]
                ]
            },
            "est_tgt": [
                3
            ],
            "oracle_est_tgt": [
                3
            ]
        },
        "4": {
            "intv_type": "do",
            "inode": 4,
            "new_mui": 1.0,
            "new_vari": null,
            "noise_type": "gaussian",
            "obs_noise_gamma_shape": null,
            "true_params": {
                "Si": [
                    [
                        1.0,
                        -0.9579730688153234,
                        0.7656031285358316,
                        -0.8025116456332481,
                        0.0,
                        1.5665792944350443
                    ],
                    [
                        -0.9579730688153234,
                        1.9177124005754482,
                        -0.733427178538083,
                        1.3238570639412075,
                        0.0,
                        -1.6516232042643442
                    ],
                    [
                        0.7656031285358316,
                        -0.733427178538083,
                        1.586148150423853,
                        0.2006584731520349,
                        0.0,
                        2.717227790527544
                    ],
                    [
                        -0.8025116456332481,
                        1.3238570639412075,
                        0.2006584731520349,
                        2.61645960450325,
                        0.0,
                        0.6721394950941421
                    ],
                    [
                        0.0,
                        0.0,
                        0.0,
                        0.0,
                        1e-09,
                        0.0
                    ],
                    [
                        1.5665792944350443,
                        -1.6516232042643442,
                        2.717227790527544,
                        0.6721394950941421,
                        0.0,
                        6.382892857906706
                    ]
                ],
                "mui": [
                    0.0,
                    0.0,
                    0.0,
                    0.0,
                    1.0,
                    0.0
                ],
                "Ai": [
                    [
                        0.0,
                        0.0,
                        0.0,
                        0.0,
                        0.0,
                        0.0
                    ],
                    [
                        -0.9579730688153234,
                        0.0,
                        0.0,
                        0.0,
                        0.0,
                        0.0
                    ],
                    [
                        0.7656031285358316,
                        0.0,
                        0.0,
                        0.0,
                        0.0,
                        0.0
                    ],
                    [
                        -0.8947825918144394,
                        0.5550725200138895,
                        0.8150638997352883,
                        0.0,
                        0.0,
                        0.0
                    ],
                    [
                        0.0,
                        0.0,
                        0.0,
                        0.0,
                        0.0,
                        0.0
                    ],
                    [
                        0.9542684092069516,
                        -0.5815874833658989,
                        0.8854060418296212,
                        0.7759437511395102,
                        -0.0,
                        0.0
                    ]
                ]
            },
            "est_params": {
                "mui": [
                    -0.006906657660190373,
                    0.002762443745495021,
                    -0.008382395260033274,
                    0.004254930525410109,
                    0.999999658289428,
                    -0.013438872003374295
                ],
                "Si": [
                    [
                        0.9948665544869566,
                        -0.9531695754101537,
                        0.761039932494363,
                        -0.7991217828098015,
                        1.4916116268888822e-08,
                        1.5513928851963552
                    ],
                    [
                        -0.9531695754101537,
                        1.9103447764933417,
                        -0.7240427951371278,
                        1.3235494131598116,
                        -8.606392544380387e-08,
                        -1.6219435573463228
                    ],
                    [
                        0.7610399324943627,
                        -0.7240427951371278,
                        1.5867889018336527,
                        0.20922805846179668,
                        2.410535708793453e-07,
                        2.7086644476497064
                    ],
                    [
                        -0.7991217828098015,
                        1.3235494131598116,
                        0.20922805846179668,
                        2.607856516225983,
                        1.1848888273302667e-07,
                        0.6886838882165217
                    ],
                    [
                        1.491611626888886e-08,
                        -8.606392544380375e-08,
                        2.4105357087934533e-07,
                        1.1848888273302667e-07,
                        1.0083741032866973e-06,
                        -2.8206309870602897e-08
                    ],
                    [
                        1.5513928851963552,
                        -1.6219435573463228,
                        2.7086644476497064,
                        0.6886838882165218,
                        -2.820630987060271e-08,
                        6.342268817362447
                    ]
                ]
            },
            "est_tgt": [
                4
            ],
            "oracle_est_tgt": [
                4
            ]
        },
        "5": {
            "intv_type": "do",
            "inode": 5,
            "new_mui": 1.0,
            "new_vari": null,
            "noise_type": "gaussian",
            "obs_noise_gamma_shape": null,
            "true_params": {
                "Si": [
                    [
                        1.0,
                        -0.9579730688153234,
                        0.7656031285358316,
                        -0.8025116456332481,
                        2.0503492720900574,
                        0.0
                    ],
                    [
                        -0.9579730688153234,
                        1.9177124005754482,
                        -0.733427178538083,
                        1.3238570639412075,
                        -3.0916519394814523,
                        0.0
                    ],
                    [
                        0.7656031285358316,
                        -0.733427178538083,
                        1.586148150423853,
                        0.2006584731520349,
                        1.0168756944104245,
                        0.0
                    ],
                    [
                        -0.8025116456332481,
                        1.3238570639412075,
                        0.2006584731520349,
                        2.61645960450325,
                        -3.400214080946887,
                        0.0
                    ],
                    [
                        2.0503492720900574,
                        -3.0916519394814523,
                        1.0168756944104245,
                        -3.400214080946887,
                        7.2409253633054895,
                        0.0
                    ],
                    [
                        0.0,
                        0.0,
                        0.0,
                        0.0,
                        0.0,
                        1e-09
                    ]
                ],
                "mui": [
                    0.0,
                    0.0,
                    0.0,
                    0.0,
                    0.0,
                    1.0
                ],
                "Ai": [
                    [
                        0.0,
                        0.0,
                        0.0,
                        0.0,
                        0.0,
                        0.0
                    ],
                    [
                        -0.9579730688153234,
                        0.0,
                        0.0,
                        0.0,
                        0.0,
                        0.0
                    ],
                    [
                        0.7656031285358316,
                        0.0,
                        0.0,
                        0.0,
                        0.0,
                        0.0
                    ],
                    [
                        -0.8947825918144394,
                        0.5550725200138895,
                        0.8150638997352883,
                        0.0,
                        0.0,
                        0.0
                    ],
                    [
                        0.7865928537893716,
                        -0.7509530540028483,
                        -0.0,
                        -0.6783248811196877,
                        0.0,
                        0.0
                    ],
                    [
                        0.0,
                        0.0,
                        0.0,
                        0.0,
                        0.0,
                        0.0
                    ]
                ]
            },
            "est_params": {
                "mui": [
                    0.0035260913673618673,
                    -0.004449580955779218,
                    -0.0013903331509724924,
                    -0.0035344738042390623,
                    0.009933015134115706,
                    1.00000036467853
                ],
                "Si": [
                    [
                        0.9985120923127544,
                        -0.9567247615246238,
                        0.7629990996537135,
                        -0.7940544025895383,
                        2.0482626061217717,
                        3.3512505131055204e-07
                    ],
                    [
                        -0.9567247615246238,
                        1.9153585894517728,
                        -0.7318681594040817,
                        1.3136460740688825,
                        -3.0898948573253415,
                        -5.111409497495353e-07
                    ],
                    [
                        0.7629990996537135,
                        -0.7318681594040818,
                        1.5861664552213608,
                        0.20867523932950394,
                        1.0064794942518318,
                        2.738067634496735e-07
                    ],
                    [
                        -0.7940544025895383,
                        1.3136460740688827,
                        0.2086752393295039,
                        2.5950910847077404,
                        -3.3792343114489913,
                        -5.079176385036638e-07
                    ],
                    [
                        2.0482626061217717,
                        -3.0898948573253415,
                        1.0064794942518316,
                        -3.3792343114489913,
                        7.23325798500989,
                        8.938834714300328e-07
                    ],
                    [
                        3.35125051310552e-07,
                        -5.111409497495352e-07,
                        2.738067634496734e-07,
                        -5.079176385036637e-07,
                        8.938834714300328e-07,
                        1.0070739554021589e-06
                    ]
                ]
            },
            "est_tgt": [
                5
            ],
            "oracle_est_tgt": [
                5
            ]
        },
        "obs": {
            "intv_type": "obs",
            "noise_type": "gaussian",
            "obs_noise_gamma_shape": null,
            "true_params": {
                "Si": [
                    [
                        1.0,
                        -0.9579730688153234,
                        0.7656031285358316,
                        -0.8025116456332481,
                        2.0503492720900574,
                        1.5665792944350443
                    ],
                    [
                        -0.9579730688153234,
                        1.9177124005754482,
                        -0.733427178538083,
                        1.3238570639412075,
                        -3.0916519394814523,
                        -1.6516232042643442
                    ],
                    [
                        0.7656031285358316,
                        -0.733427178538083,
                        1.586148150423853,
                        0.2006584731520349,
                        1.0168756944104245,
                        2.717227790527544
                    ],
                    [
                        -0.8025116456332481,
                        1.3238570639412075,
                        0.2006584731520349,
                        2.61645960450325,
                        -3.400214080946887,
                        0.6721394950941421
                    ],
                    [
                        2.0503492720900574,
                        -3.0916519394814523,
                        1.0168756944104245,
                        -3.400214080946887,
                        7.2409253633054895,
                        2.0166226240957004
                    ],
                    [
                        1.5665792944350443,
                        -1.6516232042643442,
                        2.717227790527544,
                        0.6721394950941421,
                        2.0166226240957004,
                        6.382892857906706
                    ]
