{
    "expt_args": {
        "save_dir": "all_expt_logs/expt_logs_sim_compsel_backward_cameraready_cutoff_var_all",
        "exp_name": "373",
        "num_nodes": 6,
        "num_tgt_prior": 7,
        "obs_noise_mean": 0.0,
        "obs_noise_var": 1.0,
        "obs_noise_gamma_shape": null,
        "noise_type": "gaussian",
        "max_edge_strength": 1.0,
        "graph_sparsity_method": "adj_dense_prop",
        "adj_dense_prop": 0.8,
        "num_parents": null,
        "new_noise_mean": 1.0,
        "mix_samples": 32768,
        "stage2_samples": 32768,
        "gmm_tol": 0.001,
        "intv_type": "do",
        "new_noise_var": null,
        "dtype": "simulation",
        "cutoff_drop_ratio": 0.15,
        "intv_targets": [
            0,
            1,
            2,
            3,
            4,
            5
        ]
    },
    "intv_args_dict": {
        "0": {
            "intv_type": "do",
            "inode": 0,
            "new_mui": 1.0,
            "new_vari": null,
            "noise_type": "gaussian",
            "obs_noise_gamma_shape": null,
            "true_params": {
                "Si": [
                    [
                        1e-09,
                        -5.496541526455832e-10,
                        -5.191765673030738e-10,
                        7.271894087625617e-10,
                        -1.651204176994508e-09,
                        6.128959750241785e-10
                    ],
                    [
                        -5.496541526455832e-10,
                        1.0000000003021197,
                        0.9445513418956957,
                        0.14332650914881154,
                        0.7750627510585935,
                        0.7790403189965819
                    ],
                    [
                        -5.191765673030738e-10,
                        0.9445513418956957,
                        1.8921772372074153,
                        0.8762028623955254,
                        1.128104739884202,
                        0.6793664315517981
                    ],
                    [
                        7.271894087625617e-10,
                        0.14332650914881154,
                        0.8762028623955254,
                        1.5693621187295221,
                        -0.31621854280922407,
                        -0.21706726934364626
                    ],
                    [
                        -1.651204176994508e-09,
                        0.7750627510585935,
                        1.128104739884202,
                        -0.31621854280922407,
                        2.2769398235540854,
                        0.1623834580609459
                    ],
                    [
                        6.128959750241785e-10,
                        0.7790403189965819,
                        0.6793664315517981,
                        -0.21706726934364626,
                        0.1623834580609459,
                        2.0840336814049123
                    ]
                ],
                "mui": [
                    1.0,
                    -0.5496541526455831,
                    -0.5191765673030737,
                    0.7271894087625617,
                    -1.6512041769945078,
                    0.6128959750241785
                ],
                "Ai": [
                    [
                        0.0,
                        0.0,
                        0.0,
                        0.0,
                        0.0,
                        0.0
                    ],
                    [
                        -0.5496541526455831,
                        0.0,
                        0.0,
                        0.0,
                        0.0,
                        0.0
                    ],
                    [
                        0.0,
                        0.9445513416103282,
                        0.0,
                        0.0,
                        0.0,
                        0.0
                    ],
                    [
                        0.8059694199200993,
                        -0.5564194307376519,
                        0.7408236158906905,
                        0.0,
                        0.0,
                        0.0
                    ],
                    [
                        -0.6443374858262712,
                        0.0,
                        0.9299187937690252,
                        -0.7206851992528642,
                        0.0,
                        0.0
                    ],
                    [
                        0.8690866883468946,
                        0.6727576097120274,
                        0.7380057346920506,
                        -0.7378963115348123,
                        -0.6258093223581581,
                        0.0
                    ]
                ]
            },
            "est_params": {
                "mui": [
                    0.9999989445174152,
                    -0.5497356518393007,
                    -0.5567027769912775,
                    0.657053575477287,
                    -1.6400507985035557,
                    0.6184929268268018
                ],
                "Si": [
                    [
                        1.0123695522221131e-06,
                        2.653814071791091e-06,
                        3.893885030471961e-06,
                        1.4207450307160697e-06,
                        4.47593632787989e-06,
                        -2.5576575832307667e-07
                    ],
                    [
                        2.653814071791091e-06,
                        1.0014366251400928,
                        0.9468157768986165,
                        0.1439378110869706,
                        0.747506828944019,
                        0.7920802592398699
                    ],
                    [
                        3.893885030471961e-06,
                        0.9468157768986165,
                        1.8616739715178046,
                        0.8552335935365025,
                        1.0919265980652126,
                        0.7065045025312796
                    ],
                    [
                        1.4207450307160692e-06,
                        0.14393781108697057,
                        0.8552335935365025,
                        1.5524459477677401,
                        -0.3169365239750266,
                        -0.21772799502028742
                    ],
                    [
                        4.47593632787989e-06,
                        0.747506828944019,
                        1.0919265980652129,
                        -0.3169365239750266,
                        2.252238598139809,
                        0.14341760633937936
                    ],
                    [
                        -2.557657583230763e-07,
                        0.79208025923987,
                        0.7065045025312795,
                        -0.21772799502028742,
                        0.14341760633937936,
                        2.1543309550858276
                    ]
                ]
            },
            "est_tgt": [
                0
            ],
            "oracle_est_tgt": [
                0
            ]
        },
        "1": {
            "intv_type": "do",
            "inode": 1,
            "new_mui": 1.0,
            "new_vari": null,
            "noise_type": "gaussian",
            "obs_noise_gamma_shape": null,
            "true_params": {
                "Si": [
                    [
                        1.0,
                        0.0,
                        0.0,
                        0.8059694199200993,
                        -1.2251877178131032,
                        1.0410987216241574
                    ],
                    [
                        0.0,
                        1e-09,
                        9.445513416103283e-10,
                        1.4332650954851422e-10,
                        7.750627501510023e-10,
                        7.790403193334628e-10
                    ],
                    [
                        0.0,
                        9.445513416103283e-10,
                        1.0000000008921772,
                        0.7408236160260697,
                        0.39601817927170213,
                        -0.05647714618911781
                    ],
                    [
                        0.8059694199200993,
                        1.4332650954851422e-10,
                        0.7408236160260697,
                        2.198406335728241,
                        -1.4147694143766714,
                        0.5103693333016734
                    ],
                    [
                        -1.2251877178131032,
                        7.750627501510023e-10,
                        0.39601817927170213,
                        -1.4147694143766714,
                        3.1773024986367777,
                        -1.7169630394691815
                    ],
                    [
                        1.0410987216241574,
                        7.790403193334628e-10,
                        -0.05647714618911781,
                        0.5103693333016734,
                        -1.7169630394691815,
                        2.5610164106564453
                    ]
                ],
                "mui": [
                    0.0,
                    1.0,
                    0.9445513416103282,
                    0.14332650954851422,
                    0.7750627501510022,
                    0.7790403193334627
                ],
                "Ai": [
                    [
                        0.0,
                        0.0,
                        0.0,
                        0.0,
                        0.0,
                        0.0
                    ],
                    [
                        0.0,
                        0.0,
                        0.0,
                        0.0,
                        0.0,
                        0.0
                    ],
                    [
                        0.0,
                        0.9445513416103282,
                        0.0,
                        0.0,
                        0.0,
                        0.0
                    ],
                    [
                        0.8059694199200993,
                        -0.5564194307376519,
                        0.7408236158906905,
                        0.0,
                        0.0,
                        0.0
                    ],
                    [
                        -0.6443374858262712,
                        0.0,
                        0.9299187937690252,
                        -0.7206851992528642,
                        0.0,
                        0.0
                    ],
                    [
                        0.8690866883468946,
                        0.6727576097120274,
                        0.7380057346920506,
                        -0.7378963115348123,
                        -0.6258093223581581,
                        0.0
                    ]
                ]
            },
            "est_params": {
                "mui": [
                    -0.024095017348038168,
                    1.000000828451132,
                    0.9778810029704588,
                    0.1716149744242346,
                    0.812064563235372,
                    0.7231285731635383
                ],
                "Si": [
                    [
                        1.0051094395772753,
                        -1.1841355458943447e-06,
                        -0.006815259760648775,
                        0.8159838795411499,
                        -1.258927607671722,
                        1.037157378441264
                    ],
                    [
                        -1.1841355458943445e-06,
                        1.0119699552399847e-06,
                        -2.549477005699297e-06,
                        -2.2925910947580834e-06,
                        1.5793586333395624e-06,
                        -2.2577700800916965e-06
                    ],
                    [
                        -0.006815259760648773,
                        -2.549477005699297e-06,
                        1.045478926905573,
                        0.7780039624203653,
                        0.4359380296441727,
                        -0.07910853482389368
                    ],
                    [
                        0.8159838795411499,
                        -2.2925910947580834e-06,
                        0.7780039624203652,
                        2.2465125716532266,
                        -1.4209113870676982,
                        0.4700199501131218
                    ],
                    [
                        -1.258927607671722,
                        1.5793586333395626e-06,
                        0.4359380296441727,
                        -1.4209113870676982,
                        3.255164304951711,
                        -1.7012650036106318
                    ],
                    [
                        1.037157378441264,
                        -2.2577700800916965e-06,
                        -0.07910853482389368,
                        0.47001995011312186,
                        -1.7012650036106318,
                        2.5571834509232545
                    ]
                ]
            },
            "est_tgt": [
                1
            ],
            "oracle_est_tgt": [
                1
            ]
        },
        "2": {
            "intv_type": "do",
            "inode": 2,
            "new_mui": 1.0,
            "new_vari": null,
            "noise_type": "gaussian",
            "obs_noise_gamma_shape": null,
            "true_params": {
                "Si": [
                    [
                        1.0,
                        -0.5496541526455831,
                        0.0,
                        1.111807670637741,
                        -1.4456008184706945,
                        0.5835743637526059
                    ],
                    [
                        -0.5496541526455831,
                        1.302119687520534,
                        0.0,
                        -1.167529133846899,
                        1.195583741249601,
                        0.5116218118176348
                    ],
                    [
                        0.0,
                        0.0,
                        1e-09,
                        7.408236158906905e-10,
                        3.960181785396156e-10,
                        -5.6477146924961396e-11
                    ],
                    [
                        1.111807670637741,
                        -1.167529133846899,
                        7.408236158906905e-10,
                        2.545718879940152,
                        -2.551041276763626,
                        -0.10121802124926835
                    ],
                    [
                        -1.4456008184706945,
                        1.195583741249601,
                        3.960181785396156e-10,
                        -2.551041276763626,
                        3.769952488096747,
                        -0.9288818309316877
                    ],
                    [
                        0.5835743637526059,
                        0.5116218118176348,
                        -5.6477146924961396e-11,
                        -0.10121802124926835,
                        -0.9288818309316877,
                        2.5073654920580384
                    ]
                ],
                "mui": [
                    0.0,
                    0.0,
                    1.0,
                    0.7408236158906905,
                    0.3960181785396156,
                    -0.05647714692496139
                ],
                "Ai": [
                    [
                        0.0,
                        0.0,
                        0.0,
                        0.0,
                        0.0,
                        0.0
                    ],
                    [
                        -0.5496541526455831,
                        0.0,
                        0.0,
                        0.0,
                        0.0,
                        0.0
                    ],
                    [
                        0.0,
                        0.0,
                        0.0,
                        0.0,
                        0.0,
                        0.0
                    ],
                    [
                        0.8059694199200993,
                        -0.5564194307376519,
                        0.7408236158906905,
                        0.0,
                        0.0,
                        0.0
                    ],
                    [
                        -0.6443374858262712,
                        0.0,
                        0.9299187937690252,
                        -0.7206851992528642,
                        0.0,
                        0.0
                    ],
                    [
                        0.8690866883468946,
                        0.6727576097120274,
                        0.7380057346920506,
                        -0.7378963115348123,
                        -0.6258093223581581,
                        0.0
                    ]
                ]
            },
            "est_params": {
                "mui": [
                    0.013740688825595392,
                    -0.014063925776297994,
                    1.000001056112049,
                    0.7568027588100051,
                    0.35135471149811454,
                    -0.036499721236318186
                ],
                "Si": [
                    [
                        1.0205971475080295,
                        -0.5438506040491115,
                        -3.3957482400345014e-06,
                        1.1462499347417365,
                        -1.496106666510725,
                        0.6184510418014816
                    ],
                    [
                        -0.5438506040491115,
                        1.2736564086786508,
                        1.268087986054942e-06,
                        -1.1456313924924277,
                        1.1824775819872206,
                        0.49623484122049705
                    ],
                    [
                        -3.3957482400345014e-06,
                        1.268087986054942e-06,
                        1.013488177946352e-06,
                        -3.2666993590337813e-06,
                        5.9240252147192366e-06,
                        -2.0082078236151117e-06
                    ],
                    [
                        1.1462499347417365,
                        -1.1456313924924277,
                        -3.2666993590337813e-06,
                        2.5804131552622676,
                        -2.6088517122974944,
                        -0.03273751222071857
                    ],
                    [
                        -1.496106666510725,
                        1.1824775819872206,
                        5.924025214719238e-06,
                        -2.6088517122974944,
                        3.8613974695015987,
                        -1.0175012962414491
                    ],
                    [
                        0.6184510418014816,
                        0.49623484122049705,
                        -2.0082078236151117e-06,
                        -0.03273751222071856,
                        -1.0175012962414491,
                        2.542243711971166
                    ]
                ]
            },
            "est_tgt": [
                2
            ],
            "oracle_est_tgt": [
                2
            ]
        },
        "3": {
            "intv_type": "do",
            "inode": 3,
            "new_mui": 1.0,
            "new_vari": null,
            "noise_type": "gaussian",
            "obs_noise_gamma_shape": null,
            "true_params": {
                "Si": [
                    [
                        1.0,
                        -0.5496541526455831,
                        -0.5191765673030737,
                        0.0,
                        -1.1271295330458886,
                        0.8215155597426753
                    ],
                    [
                        -0.5496541526455831,
                        1.302119687520534,
                        1.2299188977847417,
                        0.0,
                        1.4978874726513405,
                        0.3686090768189739
                    ],
                    [
                        -0.5191765673030737,
                        1.2299188977847417,
                        2.1617215449744736,
                        0.0,
                        2.3447504156431527,
                        0.5042240825544474
                    ],
                    [
                        0.0,
                        0.0,
                        0.0,
                        1e-09,
                        -7.206851992528642e-10,
                        -2.868847953568232e-10
                    ],
                    [
                        -1.1271295330458886,
                        1.4978874726513405,
                        2.3447504156431527,
                        -7.206851992528642e-10,
                        3.9066792882470147,
                        -0.6862551418448367
                    ],
                    [
                        0.8215155597426753,
                        0.3686090768189739,
                        0.5042240825544474,
                        -2.868847953568232e-10,
                        -0.6862551418448367,
                        2.7635379286705275
                    ]
                ],
                "mui": [
                    0.0,
                    0.0,
                    0.0,
                    1.0,
                    -0.7206851992528642,
                    -0.28688479535682315
                ],
                "Ai": [
                    [
                        0.0,
                        0.0,
                        0.0,
                        0.0,
                        0.0,
                        0.0
                    ],
                    [
                        -0.5496541526455831,
                        0.0,
                        0.0,
                        0.0,
                        0.0,
                        0.0
                    ],
                    [
                        0.0,
                        0.9445513416103282,
                        0.0,
                        0.0,
                        0.0,
                        0.0
                    ],
                    [
                        0.0,
                        0.0,
                        0.0,
                        0.0,
                        0.0,
                        0.0
                    ],
                    [
                        -0.6443374858262712,
                        0.0,
                        0.9299187937690252,
                        -0.7206851992528642,
                        0.0,
                        0.0
                    ],
                    [
                        0.8690866883468946,
                        0.6727576097120274,
                        0.7380057346920506,
                        -0.7378963115348123,
                        -0.6258093223581581,
                        0.0
                    ]
                ]
            },
            "est_params": {
                "mui": [
                    -0.025233461572509643,
                    0.029526087282331682,
                    0.034144561257557486,
                    1.0000018968290165,
                    -0.6780516857741703,
                    -0.3093211652266773
                ],
                "Si": [
                    [
                        1.0010670077659591,
                        -0.5379751743595722,
                        -0.50033729765077,
                        9.542324335623356e-07,
                        -1.1227645313414834,
                        0.873297335455791
                    ],
                    [
                        -0.5379751743595722,
                        1.2709381415422925,
                        1.1806688017142668,
                        -1.6602946540967592e-06,
                        1.4416062505521219,
                        0.35411983042628153
                    ],
                    [
                        -0.50033729765077,
                        1.1806688017142668,
                        2.1270051582141036,
                        -2.9432581363335087e-06,
                        2.328325575652586,
                        0.46471028698745315
                    ],
                    [
                        9.542324335623358e-07,
                        -1.6602946540967592e-06,
                        -2.943258136333509e-06,
                        1.0188299333002545e-06,
                        -4.243417144769467e-06,
                        5.864935101362498e-07
                    ],
                    [
                        -1.1227645313414834,
                        1.4416062505521219,
                        2.328325575652586,
                        -4.243417144769467e-06,
                        3.9554055441046163,
                        -0.8050216664949099
                    ],
                    [
                        0.873297335455791,
                        0.35411983042628153,
                        0.46471028698745315,
                        5.8649351013625e-07,
                        -0.8050216664949099,
                        2.894845604693043
                    ]
                ]
            },
            "est_tgt": [
                3,
                5
            ],
            "oracle_est_tgt": [
                3,
                5
            ]
        },
        "4": {
            "intv_type": "do",
            "inode": 4,
            "new_mui": 1.0,
            "new_vari": null,
            "noise_type": "gaussian",
            "obs_noise_gamma_shape": null,
            "true_params": {
                "Si": [
                    [
                        1.0,
                        -0.5496541526455831,
                        -0.5191765673030737,
                        0.7271894087625617,
                        0.0,
                        -0.4204429920557146
                    ],
                    [
                        -0.5496541526455831,
                        1.302119687520534,
                        1.2299188977847417,
                        -0.2563761687377142,
                        0.0,
                        1.4951800503246693
                    ],
                    [
                        -0.5191765673030737,
                        1.2299188977847417,
                        2.1617215449744736,
                        0.4986631617525666,
                        0.0,
                        1.6036290435115919
                    ],
                    [
                        0.7271894087625617,
                        -0.2563761687377142,
                        0.4986631617525666,
                        2.098166554417162,
                        0.0,
                        -0.7207014718417868
                    ],
                    [
                        0.0,
                        0.0,
                        0.0,
                        0.0,
                        1e-09,
                        -6.258093223581581e-10
                    ],
                    [
                        -0.4204429920557146,
                        1.4951800503246693,
                        1.6036290435115919,
                        -0.7207014718417868,
                        -6.258093223581581e-10,
                        3.3557827377528575
                    ]
                ],
                "mui": [
                    0.0,
                    0.0,
                    0.0,
                    0.0,
                    1.0,
                    -0.6258093223581581
                ],
                "Ai": [
                    [
                        0.0,
                        0.0,
                        0.0,
                        0.0,
                        0.0,
                        0.0
                    ],
                    [
                        -0.5496541526455831,
                        0.0,
                        0.0,
                        0.0,
                        0.0,
                        0.0
                    ],
                    [
                        0.0,
                        0.9445513416103282,
                        0.0,
                        0.0,
                        0.0,
                        0.0
                    ],
                    [
                        0.8059694199200993,
                        -0.5564194307376519,
                        0.7408236158906905,
                        0.0,
                        0.0,
                        0.0
                    ],
                    [
                        0.0,
                        0.0,
                        0.0,
                        0.0,
                        0.0,
                        0.0
                    ],
                    [
                        0.8690866883468946,
                        0.6727576097120274,
                        0.7380057346920506,
                        -0.7378963115348123,
                        -0.6258093223581581,
                        0.0
                    ]
                ]
            },
            "est_params": {
                "mui": [
                    -0.014866450087086057,
                    0.01565620498798018,
                    0.012994483912991475,
                    -0.0166919210585046,
                    1.000000539160926,
                    -0.6117819022091964
                ],
                "Si": [
                    [
                        1.0021325256993694,
                        -0.5641141235872182,
                        -0.5373890992841507,
                        0.7165159523794569,
                        1.339584967079845e-06,
                        -0.45581869962159255
                    ],
                    [
                        -0.5641141235872182,
                        1.3377474886410818,
                        1.2587008580766124,
                        -0.2626183884189517,
                        7.040523643674115e-07,
                        1.5689926682175792
                    ],
                    [
                        -0.5373890992841507,
                        1.2587008580766124,
                        2.194839258858739,
                        0.5072168019237382,
                        1.9564548902366494e-07,
                        1.6527646163582426
                    ],
                    [
                        0.7165159523794568,
                        -0.2626183884189517,
                        0.5072168019237382,
                        2.107227847355563,
                        7.877073472369594e-07,
                        -0.7540374821836625
                    ],
                    [
                        1.3395849670798446e-06,
                        7.040523643674111e-07,
                        1.9564548902366542e-07,
                        7.877073472369595e-07,
                        1.0135351281441375e-06,
                        1.9044275493942303e-06
                    ],
                    [
                        -0.45581869962159277,
                        1.5689926682175792,
                        1.6527646163582428,
                        -0.7540374821836625,
                        1.9044275493942307e-06,
                        3.4651886703760284
                    ]
                ]
            },
            "est_tgt": [
                3,
                4,
                5
            ],
            "oracle_est_tgt": [
                3,
                4,
                5
            ]
        },
        "5": {
            "intv_type": "do",
            "inode": 5,
            "new_mui": 1.0,
            "new_vari": null,
            "noise_type": "gaussian",
            "obs_noise_gamma_shape": null,
            "true_params": {
                "Si": [
                    [
                        1.0,
                        -0.5496541526455831,
                        -0.5191765673030737,
                        0.7271894087625617,
                        -1.6512041769945078,
                        0.0
                    ],
                    [
                        -0.5496541526455831,
                        1.302119687520534,
                        1.2299188977847417,
                        -0.2563761687377142,
                        1.682653982901766,
                        0.0
                    ],
                    [
                        -0.5191765673030737,
                        1.2299188977847417,
                        2.1617215449744736,
                        0.4986631617525666,
                        1.9853712555554408,
                        0.0
                    ],
                    [
                        0.7271894087625617,
                        -0.2563761687377142,
                        0.4986631617525666,
                        2.098166554417162,
                        -1.516956730823394,
                        0.0
                    ],
                    [
                        -1.6512041769945078,
                        1.682653982901766,
                        1.9853712555554408,
                        -1.516956730823394,
                        5.00341505495172,
                        0.0
                    ],
                    [
                        0.0,
                        0.0,
                        0.0,
                        0.0,
                        0.0,
                        1e-09
                    ]
                ],
                "mui": [
                    0.0,
                    0.0,
                    0.0,
                    0.0,
                    0.0,
                    1.0
                ],
                "Ai": [
                    [
                        0.0,
                        0.0,
                        0.0,
                        0.0,
                        0.0,
                        0.0
                    ],
                    [
                        -0.5496541526455831,
                        0.0,
                        0.0,
                        0.0,
                        0.0,
                        0.0
                    ],
                    [
                        0.0,
                        0.9445513416103282,
                        0.0,
                        0.0,
                        0.0,
                        0.0
                    ],
                    [
                        0.8059694199200993,
                        -0.5564194307376519,
                        0.7408236158906905,
                        0.0,
                        0.0,
                        0.0
                    ],
                    [
                        -0.6443374858262712,
                        0.0,
                        0.9299187937690252,
                        -0.7206851992528642,
                        0.0,
                        0.0
                    ],
                    [
                        0.0,
                        0.0,
                        0.0,
                        0.0,
                        0.0,
                        0.0
                    ]
                ]
            },
            "est_params": {
                "mui": [
                    0.0007495671439540715,
                    -0.005198996996992124,
                    0.02838200251098277,
                    -0.0015753764598320935,
                    0.02456953624761233,
                    1.00000175280181
                ],
                "Si": [
                    [
                        0.9938837496362455,
                        -0.5346596017930935,
                        -0.4970317436568375,
                        0.7107398316087652,
                        -1.6222649302974106,
                        1.2951793017239113e-06
                    ],
                    [
                        -0.5346596017930936,
                        1.3135682739998595,
                        1.23979482730857,
                        -0.2321789024735542,
                        1.679098669090506,
                        7.232671764478901e-07
                    ],
                    [
                        -0.4970317436568376,
                        1.23979482730857,
                        2.1441133233072502,
                        0.518568140179576,
                        1.9425198174588396,
                        1.424500726930576e-06
                    ],
                    [
                        0.7107398316087653,
                        -0.2321789024735542,
                        0.518568140179576,
                        2.0800587032911286,
                        -1.4548122708685995,
                        -6.262775065051981e-07
                    ],
                    [
                        -1.6222649302974106,
                        1.6790986690905059,
                        1.9425198174588405,
                        -1.4548122708685995,
                        4.910454293168613,
                        -7.069956395142362e-08
                    ],
                    [
                        1.2951793017239113e-06,
                        7.2326717644789e-07,
                        1.4245007269305764e-06,
                        -6.262775065051981e-07,
                        -7.069956395142362e-08,
                        1.0117831361972342e-06
                    ]
                ]
            },
            "est_tgt": [
                3,
                4,
                5
            ],
            "oracle_est_tgt": [
                3,
                4,
                5
            ]
        },
        "obs": {
            "intv_type": "obs",
            "noise_type": "gaussian",
            "obs_noise_gamma_shape": null,
            "true_params": {
                "Si": [
                    [
                        1.0,
                        -0.5496541526455831,
                        -0.5191765673030737,
                        0.7271894087625617,
                        -1.6512041769945078,
                        0.6128959750241785
                    ],
                    [
                        -0.5496541526455831,
                        1.302119687520534,
                        1.2299188977847417,
                        -0.2563761687377142,
                        1.682653982901766,
                        0.44215950152165945
                    ],
                    [
                        -0.5191765673030737,
                        1.2299188977847417,
                        2.1617215449744736,
                        0.4986631617525666,
                        1.9853712555554408,
                        0.3611652034430759
                    ],
                    [
                        0.7271894087625617,
                        -0.2563761687377142,
                        0.4986631617525666,
                        2.098166554417162,
                        -1.516956730823394,
                        0.2286241919214484
                    ],
                    [
                        -1.6512041769945078,
                        1.682653982901766,
                        1.9853712555554408,
                        -1.516956730823394,
                        5.00341505495172,
