{
    "expt_args": {
        "save_dir": "all_expt_logs/expt_logs_sim_compsel_backward_cameraready_cutoff_var_all",
        "exp_name": "83",
        "num_nodes": 6,
        "num_tgt_prior": 7,
        "obs_noise_mean": 0.0,
        "obs_noise_var": 1.0,
        "obs_noise_gamma_shape": null,
        "noise_type": "gaussian",
        "max_edge_strength": 1.0,
        "graph_sparsity_method": "adj_dense_prop",
        "adj_dense_prop": 0.8,
        "num_parents": null,
        "new_noise_mean": 1.0,
        "mix_samples": 524288,
        "stage2_samples": 524288,
        "gmm_tol": 0.001,
        "intv_type": "do",
        "new_noise_var": null,
        "dtype": "simulation",
        "cutoff_drop_ratio": 0.6,
        "intv_targets": [
            0,
            1,
            2,
            3,
            4,
            5
        ]
    },
    "intv_args_dict": {
        "0": {
            "intv_type": "do",
            "inode": 0,
            "new_mui": 1.0,
            "new_vari": null,
            "noise_type": "gaussian",
            "obs_noise_gamma_shape": null,
            "true_params": {
                "Si": [
                    [
                        1e-09,
                        0.0,
                        -6.083268651528118e-10,
                        1.3653743618440985e-09,
                        -1.0765641523218657e-09,
                        8.466641672258819e-10
                    ],
                    [
                        0.0,
                        1.0,
                        -0.632637968693702,
                        1.0133024574506444,
                        -0.20665261755265185,
                        -0.45414689231575855
                    ],
                    [
                        -6.083268651528118e-10,
                        -0.632637968693702,
                        1.400230799802955,
                        -1.3129908343516163,
                        -0.0263233626196539,
                        1.3839139384122743
                    ],
                    [
                        1.3653743618440985e-09,
                        1.0133024574506444,
                        -1.3129908343516163,
                        2.478281506705038,
                        -0.6241149113760549,
                        -0.7896886318484685
                    ],
                    [
                        -1.0765641523218657e-09,
                        -0.20665261755265185,
                        -0.0263233626196539,
                        -0.6241149113760549,
                        1.3380305372829542,
                        -1.0732924919528628
                    ],
                    [
                        8.466641672258819e-10,
                        -0.45414689231575855,
                        1.3839139384122743,
                        -0.7896886318484685,
                        -1.0732924919528628,
                        3.187792827442175
                    ]
                ],
                "mui": [
                    1.0,
                    0.0,
                    -0.6083268651528118,
                    1.3653743618440983,
                    -1.0765641523218656,
                    0.8466641672258819
                ],
                "Ai": [
                    [
                        0.0,
                        0.0,
                        0.0,
                        0.0,
                        0.0,
                        0.0
                    ],
                    [
                        -0.0,
                        0.0,
                        0.0,
                        0.0,
                        0.0,
                        0.0
                    ],
                    [
                        -0.6083268651528118,
                        -0.632637968693702,
                        0.0,
                        0.0,
                        0.0,
                        0.0
                    ],
                    [
                        0.9566168960787109,
                        0.588209456231241,
                        -0.6719372251671104,
                        0.0,
                        0.0,
                        0.0
                    ],
                    [
                        -0.6744301792152543,
                        0.0,
                        -0.5066333397181522,
                        -0.5202475337825054,
                        0.0,
                        0.0
                    ],
                    [
                        0.5960098417984159,
                        -0.0,
                        0.9736273709949339,
                        -0.0,
                        -0.7829891140567817,
                        0.0
                    ]
                ]
            },
            "oracle_est_tgt": [
                0
            ]
        },
        "1": {
            "intv_type": "do",
            "inode": 1,
            "new_mui": 1.0,
            "new_vari": null,
            "noise_type": "gaussian",
            "obs_noise_gamma_shape": null,
            "true_params": {
                "Si": [
                    [
                        1.0,
                        0.0,
                        -0.6083268651528118,
                        1.3653743618440983,
                        -1.0765641523218656,
                        0.8466641672258819
                    ],
                    [
                        0.0,
                        1e-09,
                        -6.326379686937021e-10,
                        1.0133024574506445e-09,
                        -2.0665261755265186e-10,
                        -4.541468923157586e-10
                    ],
                    [
                        -0.6083268651528118,
                        -6.326379686937021e-10,
                        1.3700615752668779,
                        -1.5025311311088054,
                        0.49784324058028806,
                        0.5815548130856978
                    ],
                    [
                        1.3653743618440983,
                        1.0133024574506445e-09,
                        -1.5025311311088054,
                        3.315746783573237,
                        -1.8846263973715331,
                        0.8265130755847647
                    ],
                    [
                        -1.0765641523218656,
                        -2.0665261755265186e-10,
                        0.49784324058028806,
                        -1.8846263973715331,
                        2.4543156058898035,
                        -2.0786314264888075
                    ],
                    [
                        0.8466641672258819,
                        -4.541468923157586e-10,
                        0.5815548130856978,
                        0.8265130755847647,
                        -2.0786314264888075,
                        3.698383639195819
                    ]
                ],
                "mui": [
                    0.0,
                    1.0,
                    -0.632637968693702,
                    1.0133024574506444,
                    -0.20665261755265185,
                    -0.45414689231575855
                ],
                "Ai": [
                    [
                        0.0,
                        0.0,
                        0.0,
                        0.0,
                        0.0,
                        0.0
                    ],
                    [
                        0.0,
                        0.0,
                        0.0,
                        0.0,
                        0.0,
                        0.0
                    ],
                    [
                        -0.6083268651528118,
                        -0.632637968693702,
                        0.0,
                        0.0,
                        0.0,
                        0.0
                    ],
                    [
                        0.9566168960787109,
                        0.588209456231241,
                        -0.6719372251671104,
                        0.0,
                        0.0,
                        0.0
                    ],
                    [
                        -0.6744301792152543,
                        0.0,
                        -0.5066333397181522,
                        -0.5202475337825054,
                        0.0,
                        0.0
                    ],
                    [
                        0.5960098417984159,
                        -0.0,
                        0.9736273709949339,
                        -0.0,
                        -0.7829891140567817,
                        0.0
                    ]
                ]
            },
            "oracle_est_tgt": [
                1
            ]
        },
        "2": {
            "intv_type": "do",
            "inode": 2,
            "new_mui": 1.0,
            "new_vari": null,
            "noise_type": "gaussian",
            "obs_noise_gamma_shape": null,
            "true_params": {
                "Si": [
                    [
                        1.0,
                        0.0,
                        0.0,
                        0.9566168960787109,
                        -1.1721077601748788,
                        1.5137574585168232
                    ],
                    [
                        0.0,
                        1.0,
                        0.0,
                        0.588209456231241,
                        -0.3060145189518517,
                        0.23960603708262262
                    ],
                    [
                        0.0,
                        0.0,
                        1e-09,
                        -6.719372251671104e-10,
                        -1.5705965546830297e-10,
                        1.096603371484124e-09
                    ],
                    [
                        0.9566168960787109,
                        0.588209456231241,
                        -6.719372251671104e-10,
                        2.261106250714619,
                        -1.8215062548767673,
                        1.9963726529941943
                    ],
                    [
                        -1.1721077601748788,
                        -0.3060145189518517,
                        -1.5705965546830297e-10,
                        -1.8215062548767673,
                        2.7381389837029513,
                        -2.8425207778793533
                    ],
                    [
                        1.5137574585168232,
                        0.23960603708262262,
                        1.096603371484124e-09,
                        1.9963726529941943,
                        -2.8425207778793533,
                        4.127877169999216
                    ]
                ],
                "mui": [
                    0.0,
                    0.0,
                    1.0,
                    -0.6719372251671104,
                    -0.15705965546830294,
                    1.096603371484124
                ],
                "Ai": [
                    [
                        0.0,
                        0.0,
                        0.0,
                        0.0,
                        0.0,
                        0.0
                    ],
                    [
                        -0.0,
                        0.0,
                        0.0,
                        0.0,
                        0.0,
                        0.0
                    ],
                    [
                        0.0,
                        0.0,
                        0.0,
                        0.0,
                        0.0,
                        0.0
                    ],
                    [
                        0.9566168960787109,
                        0.588209456231241,
                        -0.6719372251671104,
                        0.0,
                        0.0,
                        0.0
                    ],
                    [
                        -0.6744301792152543,
                        0.0,
                        -0.5066333397181522,
                        -0.5202475337825054,
                        0.0,
                        0.0
                    ],
                    [
                        0.5960098417984159,
                        -0.0,
                        0.9736273709949339,
                        -0.0,
                        -0.7829891140567817,
                        0.0
                    ]
                ]
            },
            "oracle_est_tgt": [
                2
            ]
        },
        "3": {
            "intv_type": "do",
            "inode": 3,
            "new_mui": 1.0,
            "new_vari": null,
            "noise_type": "gaussian",
            "obs_noise_gamma_shape": null,
            "true_params": {
                "Si": [
                    [
                        1.0,
                        0.0,
                        -0.6083268651528118,
                        0.0,
                        -0.3662315078826113,
                        0.2904814392707792
                    ],
                    [
                        0.0,
                        1.0,
                        -0.632637968693702,
                        0.0,
                        0.32051548691179804,
                        -0.8669137793893711
                    ],
                    [
                        -0.6083268651528118,
                        -0.632637968693702,
                        1.7702923742995407,
                        0.0,
                        -0.4866151411824887,
                        1.7420506699012805
                    ],
                    [
                        0.0,
                        0.0,
                        0.0,
                        1e-09,
                        -5.202475337825054e-10,
                        4.0734815556658956e-10
                    ],
                    [
                        -0.3662315078826113,
                        0.32051548691179804,
                        -0.4866151411824887,
                        -5.202475337825054e-10,
                        1.4935330359009042,
                        -1.8614795122651302
                    ],
                    [
                        0.2904814392707792,
                        -0.8669137793893711,
                        1.7420506699012805,
                        4.0734815556658956e-10,
                        -1.8614795122651302,
                        4.3267562046844255
                    ]
                ],
                "mui": [
                    0.0,
                    0.0,
                    0.0,
                    1.0,
                    -0.5202475337825054,
                    0.40734815556658954
                ],
                "Ai": [
                    [
                        0.0,
                        0.0,
                        0.0,
                        0.0,
                        0.0,
                        0.0
                    ],
                    [
                        -0.0,
                        0.0,
                        0.0,
                        0.0,
                        0.0,
                        0.0
                    ],
                    [
                        -0.6083268651528118,
                        -0.632637968693702,
                        0.0,
                        0.0,
                        0.0,
                        0.0
                    ],
                    [
                        0.0,
                        0.0,
                        0.0,
                        0.0,
                        0.0,
                        0.0
                    ],
                    [
                        -0.6744301792152543,
                        0.0,
                        -0.5066333397181522,
                        -0.5202475337825054,
                        0.0,
                        0.0
                    ],
                    [
                        0.5960098417984159,
                        -0.0,
                        0.9736273709949339,
                        -0.0,
                        -0.7829891140567817,
                        0.0
                    ]
                ]
            },
            "oracle_est_tgt": [
                3
            ]
        },
        "4": {
            "intv_type": "do",
            "inode": 4,
            "new_mui": 1.0,
            "new_vari": null,
            "noise_type": "gaussian",
            "obs_noise_gamma_shape": null,
            "true_params": {
                "Si": [
                    [
                        1.0,
                        0.0,
                        -0.6083268651528118,
                        1.3653743618440983,
                        0.0,
                        0.0037261553740940904
                    ],
                    [
                        0.0,
                        1.0,
                        -0.632637968693702,
                        1.0133024574506444,
                        0.0,
                        -0.6159536422508244
                    ],
                    [
                        -0.6083268651528118,
                        -0.632637968693702,
                        1.7702923742995407,
                        -2.1435847388216636,
                        0.0,
                        1.3610363116201878
                    ],
                    [
                        1.3653743618440983,
                        1.0133024574506444,
                        -2.1435847388216636,
                        4.34252865282197,
                        0.0,
                        -1.2732762163654843
                    ],
                    [
                        0.0,
                        0.0,
                        0.0,
                        0.0,
                        1e-09,
                        -7.829891140567818e-10
                    ],
                    [
                        0.0037261553740940904,
                        -0.6159536422508244,
                        1.3610363116201878,
                        -1.2732762163654843,
                        -7.829891140567818e-10,
                        2.327363031799507
                    ]
                ],
                "mui": [
                    0.0,
                    0.0,
                    0.0,
                    0.0,
                    1.0,
                    -0.7829891140567817
                ],
                "Ai": [
                    [
                        0.0,
                        0.0,
                        0.0,
                        0.0,
                        0.0,
                        0.0
                    ],
                    [
                        -0.0,
                        0.0,
                        0.0,
                        0.0,
                        0.0,
                        0.0
                    ],
                    [
                        -0.6083268651528118,
                        -0.632637968693702,
                        0.0,
                        0.0,
                        0.0,
                        0.0
                    ],
                    [
                        0.9566168960787109,
                        0.588209456231241,
                        -0.6719372251671104,
                        0.0,
                        0.0,
                        0.0
                    ],
                    [
                        0.0,
                        0.0,
                        0.0,
                        0.0,
                        0.0,
                        0.0
                    ],
                    [
                        0.5960098417984159,
                        -0.0,
                        0.9736273709949339,
                        -0.0,
                        -0.7829891140567817,
                        0.0
                    ]
                ]
            },
            "oracle_est_tgt": [
                4
            ]
        },
        "5": {
            "intv_type": "do",
            "inode": 5,
            "new_mui": 1.0,
            "new_vari": null,
            "noise_type": "gaussian",
            "obs_noise_gamma_shape": null,
            "true_params": {
                "Si": [
                    [
                        1.0,
                        0.0,
                        -0.6083268651528118,
                        1.3653743618440983,
                        -1.0765641523218656,
                        0.0
                    ],
                    [
                        0.0,
                        1.0,
                        -0.632637968693702,
                        1.0133024574506444,
                        -0.20665261755265185,
                        0.0
                    ],
                    [
                        -0.6083268651528118,
                        -0.632637968693702,
                        1.7702923742995407,
                        -2.1435847388216636,
                        0.6285795326432979,
                        0.0
                    ],
                    [
                        1.3653743618440983,
                        1.0133024574506444,
                        -2.1435847388216636,
                        4.34252865282197,
                        -2.0940280023668416,
                        0.0
                    ],
                    [
                        -1.0765641523218656,
                        -0.20665261755265185,
                        0.6285795326432979,
                        -2.0940280023668416,
                        2.4970209101884606,
                        0.0
                    ],
                    [
                        0.0,
                        0.0,
                        0.0,
                        0.0,
                        0.0,
                        1e-09
                    ]
                ],
                "mui": [
                    0.0,
                    0.0,
                    0.0,
                    0.0,
                    0.0,
                    1.0
                ],
                "Ai": [
                    [
                        0.0,
                        0.0,
                        0.0,
                        0.0,
                        0.0,
                        0.0
                    ],
                    [
                        -0.0,
                        0.0,
                        0.0,
                        0.0,
                        0.0,
                        0.0
                    ],
                    [
                        -0.6083268651528118,
                        -0.632637968693702,
                        0.0,
                        0.0,
                        0.0,
                        0.0
                    ],
                    [
                        0.9566168960787109,
                        0.588209456231241,
                        -0.6719372251671104,
                        0.0,
                        0.0,
                        0.0
                    ],
                    [
                        -0.6744301792152543,
                        0.0,
                        -0.5066333397181522,
                        -0.5202475337825054,
                        0.0,
                        0.0
                    ],
                    [
                        0.0,
                        0.0,
                        0.0,
                        0.0,
                        0.0,
                        0.0
                    ]
                ]
            },
            "oracle_est_tgt": [
                5
            ]
        },
        "obs": {
            "intv_type": "obs",
            "noise_type": "gaussian",
            "obs_noise_gamma_shape": null,
            "true_params": {
                "Si": [
                    [
                        1.0,
                        0.0,
                        -0.6083268651528118,
                        1.3653743618440983,
                        -1.0765641523218656,
                        0.8466641672258819
                    ],
                    [
                        0.0,
                        1.0,
                        -0.632637968693702,
                        1.0133024574506444,
                        -0.20665261755265185,
                        -0.45414689231575855
                    ],
                    [
                        -0.6083268651528118,
                        -0.632637968693702,
                        1.7702923742995407,
                        -2.1435847388216636,
                        0.6285795326432979,
                        0.8688653802415861
                    ],
                    [
                        1.3653743618440983,
                        1.0133024574506444,
                        -2.1435847388216636,
                        4.34252865282197,
                        -2.0940280023668416,
                        0.36632491401782147
                    ],
                    [
                        -1.0765641523218656,
                        -0.20665261755265185,
                        0.6285795326432979,
                        -2.0940280023668416,
                        2.4970209101884606,
                        -1.9847807825322044
                    ],
                    [
                        0.8466641672258819,
                        -0.45414689231575855,
                        0.8688653802415861,
                        0.36632491401782147,
                        -1.9847807825322044,
                        3.904633038789631
                    ]
                ],
                "mui": [
                    0.0,
                    0.0,
                    0.0,
                    0.0,
                    0.0,
                    0.0
                ],
                "Ai": [
                    [
                        0.0,
                        0.0,
                        0.0,
                        0.0,
                        0.0,
                        0.0
                    ],
                    [
                        -0.0,
                        0.0,
                        0.0,
                        0.0,
                        0.0,
                        0.0
                    ],
                    [
                        -0.6083268651528118,
                        -0.632637968693702,
                        0.0,
                        0.0,
                        0.0,
                        0.0
                    ],
                    [
                        0.9566168960787109,
                        0.588209456231241,
                        -0.6719372251671104,
                        0.0,
                        0.0,
                        0.0
                    ],
                    [
                        -0.6744301792152543,
                        0.0,
                        -0.5066333397181522,
                        -0.5202475337825054,
                        0.0,
                        0.0
                    ],
                    [
                        0.5960098417984159,
                        -0.0,
                        0.9736273709949339,
                        -0.0,
                        -0.7829891140567817,
                        0.0
                    ]
                ]
            },
            "est_params": {
                "mui": [
                    0.1445085363484702,
                    0.141031190943371,
                    -0.03424659546781118,
                    0.3862238753900487,
                    -0.13621762400273477,
                    0.30135724313198764
                ],
                "Si": [
                    [
                        0.9791831245413127,
                        -0.020959277749798493,
                        -0.5167087694412865,
                        1.0575745018849065,
                        -0.8129971360376921,
                        0.5763901986531387
                    ],
                    [
                        -0.020959277749798493,
                        0.9786527080117123,
                        -0.5353893699325685,
                        0.7490020877527485,
                        -0.09762199461924397,
                        -0.4152625426148756
                    ],
                    [
                        -0.5167087694412865,
                        -0.5353893699325685,
                        1.66018561150805,
                        -1.6159258182402398,
                        0.2608173457149303,
                        0.9862468730009973
                    ],
                    [
                        1.0575745018849065,
                        0.7490020877527485,
                        -1.6159258182402398,
                        3.4852885691898705,
                        -1.4625061032698294,
                        0.09603016748328652
                    ],
                    [
                        -0.8129971360376921,
                        -0.09762199461924397,
                        0.2608173457149303,
                        -1.4625061032698294,
                        2.1959513123027685,
                        -1.6493299632460787
                    ],
                    [
                        0.5763901986531387,
                        -0.4152625426148756,
                        0.9862468730009973,
                        0.09603016748328652,
                        -1.6493299632460787,
                        3.555194074037997
                    ]
                ]
            },
            "est_tgt": [
                0,
                1,
                2,
                3,
                4,
                5
            ],
            "oracle_est_tgt": [
                0,
                1,
                2,
                3,
                4,
                5
            ]
        }
    },
    "metric_dict": {
        "param_est_rel_err": 10.231109090907571,
        "est_num_comp": 1,
        "weight_precision_error": 0.0,
        "gm_score_dict": {
            "1": -8.910227030532997,
            "2": -8.837187652962312,
            "3": -7.261639148653825,
            "4": -7.272255108791001,
            "5": -6.429192748948519,
            "6": -4.923353636249719,
            "7": -4.105542466163036
        },
        "est_dag": {
            "amat": [
                [
                    0,
                    0,
                    1,
                    1,
                    1,
                    1
                ],
                [
                    0,
                    0,
                    1,
                    1,
                    0,
                    0
                ],
                [
                    0,
                    0,
                    0,
                    0,
                    1,
                    1
                ],
                [
                    0,
                    0,
                    1,
                    0,
                    1,
                    0
                ],
                [
                    0,
                    0,
                    0,
                    0,
                    0,
                    1
                ],
                [
                    0,
                    0,
                    0,
                    0,
                    0,
                    0
                ]
            ],
            "nodes": [
                0,
                1,
                2,
                3,
                4,
                5
            ]
        },
        "oracle_est_dag": {
            "amat": [
                [
                    0,
                    0,
                    1,
                    1,
                    1,
                    1
                ],
                [
                    0,
                    0,
                    1,
                    1,
                    0,
                    0
                ],
                [
                    0,
                    0,
                    0,
                    1,
                    1,
                    1
                ],
                [
                    0,
                    0,
                    0,
                    0,
                    1,
                    0
                ],
                [
                    0,
                    0,
                    0,
                    0,
                    0,
                    1
                ],
                [
                    0,
                    0,
                    0,
                    0,
                    0,
                    0
                ]
            ],
            "nodes": [
                0,
                1,
                2,
                3,
                4,
                5
            ]
        },
        "igsp_dag": null,
        "intv_base_est_dag": null,
        "act_dag": {
            "amat": [
                [
                    0,
                    0,
                    1,
                    1,
                    1,
                    1
                ],
                [
                    0,
                    0,
                    1,
                    1,
                    0,
                    0
                ],
                [
                    0,
                    0,
                    0,
                    1,
                    1,
                    1
                ],
                [
                    0,
                    0,
                    0,
                    0,
                    1,
                    0
                ],
                [
                    0,
                    0,
                    0,
                    0,
                    0,
                    1
                ],
                [
                    0,
                    0,
                    0,
                    0,
                    0,
                    0
                ]
            ],
            "nodes": [
                0,
                1,
                2,
                3,
                4,
                5
            ]
        },
        "shd": 1,
        "oracle_shd": 0,
        "intv_base_shd": null,
        "igsp_shd": null,
        "avg_js": 0.0,
        "avg_oracle_js": 0.8571428571428571
    }
}