{
    "expt_args": {
        "save_dir": "all_expt_logs/expt_logs_sim_compsel_backward_cameraready_cutoff_var_all",
        "exp_name": "368",
        "num_nodes": 6,
        "num_tgt_prior": 7,
        "obs_noise_mean": 0.0,
        "obs_noise_var": 1.0,
        "obs_noise_gamma_shape": null,
        "noise_type": "gaussian",
        "max_edge_strength": 1.0,
        "graph_sparsity_method": "adj_dense_prop",
        "adj_dense_prop": 0.8,
        "num_parents": null,
        "new_noise_mean": 1.0,
        "mix_samples": 16384,
        "stage2_samples": 16384,
        "gmm_tol": 0.001,
        "intv_type": "do",
        "new_noise_var": null,
        "dtype": "simulation",
        "cutoff_drop_ratio": 0.01,
        "intv_targets": [
            0,
            1,
            2,
            3,
            4,
            5
        ]
    },
    "intv_args_dict": {
        "0": {
            "intv_type": "do",
            "inode": 0,
            "new_mui": 1.0,
            "new_vari": null,
            "noise_type": "gaussian",
            "obs_noise_gamma_shape": null,
            "true_params": {
                "Si": [
                    [
                        1e-09,
                        0.0,
                        8.667533988146333e-10,
                        -1.0949347679271396e-09,
                        2.3247118715295393e-10,
                        -5.140549580605501e-10
                    ],
                    [
                        0.0,
                        1.0,
                        0.596581421538124,
                        -0.30716882624002473,
                        0.1259662784521012,
                        -0.525863421179938
                    ],
                    [
                        8.667533988146333e-10,
                        0.596581421538124,
                        1.3559093932757103,
                        -0.6981328652205154,
                        0.28629597578550753,
                        -1.1951816239774828
                    ],
                    [
                        -1.0949347679271396e-09,
                        -0.30716882624002473,
                        -0.6981328652205154,
                        1.3594558017582903,
                        0.7164135237173281,
                        1.1202583330867455
                    ],
                    [
                        2.3247118715295393e-10,
                        0.1259662784521012,
                        0.28629597578550753,
                        0.7164135237173281,
                        1.8066390541825559,
                        0.18376874680999972
                    ],
                    [
                        -5.140549580605501e-10,
                        -0.525863421179938,
                        -1.1951816239774828,
                        1.1202583330867455,
                        0.18376874680999972,
                        2.3084113930268604
                    ]
                ],
                "mui": [
                    1.0,
                    0.0,
                    0.8667533988146332,
                    -1.0949347679271395,
                    0.23247118715295392,
                    -0.5140549580605501
                ],
                "Ai": [
                    [
                        0.0,
                        0.0,
                        0.0,
                        0.0,
                        0.0,
                        0.0
                    ],
                    [
                        -0.0,
                        0.0,
                        0.0,
                        0.0,
                        0.0,
                        0.0
                    ],
                    [
                        0.8667533988146332,
                        0.596581421538124,
                        0.0,
                        0.0,
                        0.0,
                        0.0
                    ],
                    [
                        -0.6486593484428786,
                        -0.0,
                        -0.514881649261006,
                        0.0,
                        0.0,
                        0.0
                    ],
                    [
                        0.609785210867859,
                        -0.0,
                        0.655912965188614,
                        0.8638220680573538,
                        0.0,
                        0.0
                    ],
                    [
                        0.5774505397418439,
                        0.0,
                        -0.6215071870360234,
                        0.5048812470333253,
                        0.0,
                        0.0
                    ]
                ]
            },
            "est_params": {
                "mui": [
                    1.000001743417307,
                    0.03285317183928961,
                    0.8986186061145376,
                    -1.1261304647319945,
                    0.23090634263153925,
                    -0.5440254630888203
                ],
                "Si": [
                    [
                        1.0212789431077678e-06,
                        6.260452345474572e-06,
                        1.3482520072180211e-06,
                        -3.5871976516560454e-06,
                        -3.2686150156524367e-06,
                        -1.8670277639557345e-06
                    ],
                    [
                        6.260452345474572e-06,
                        1.0525729744631995,
                        0.6098926225527266,
                        -0.3302575796684241,
                        0.1527398851495273,
                        -0.5333767208280753
                    ],
                    [
                        1.3482520072180216e-06,
                        0.6098926225527266,
                        1.3731956594734465,
                        -0.7332434531870374,
                        0.2849235735669976,
                        -1.215793281968171
                    ],
                    [
                        -3.5871976516560454e-06,
                        -0.3302575796684241,
                        -0.7332434531870374,
                        1.3783245801621296,
                        0.6732358557981147,
                        1.1531347696645522
                    ],
                    [
                        -3.2686150156524367e-06,
                        0.15273988514952727,
                        0.2849235735669976,
                        0.6732358557981147,
                        1.6796927475130903,
                        0.1738865152071119
                    ],
                    [
                        -1.8670277639557345e-06,
                        -0.5333767208280753,
                        -1.215793281968171,
                        1.1531347696645522,
                        0.1738865152071119,
                        2.3619441577592255
                    ]
                ]
            },
            "est_tgt": [
                0
            ],
            "oracle_est_tgt": [
                0
            ]
        },
        "1": {
            "intv_type": "do",
            "inode": 1,
            "new_mui": 1.0,
            "new_vari": null,
            "noise_type": "gaussian",
            "obs_noise_gamma_shape": null,
            "true_params": {
                "Si": [
                    [
                        1.0,
                        0.0,
                        0.8667533988146332,
                        -1.0949347679271395,
                        0.23247118715295392,
                        -0.5140549580605501
                    ],
                    [
                        0.0,
                        1e-09,
                        5.96581421538124e-10,
                        -3.071688262400247e-10,
                        1.2596627845210121e-10,
                        -5.25863421179938e-10
                    ],
                    [
                        0.8667533988146332,
                        5.96581421538124e-10,
                        1.751261454712628,
                        -1.463920081025417,
                        0.4126420257856353,
                        -1.327020158579711
                    ],
                    [
                        -1.0949347679271395,
                        -3.071688262400247e-10,
                        -1.463920081025417,
                        2.463985258855745,
                        0.5005656524760658,
                        1.5215861290448365
                    ],
                    [
                        0.23247118715295392,
                        1.2596627845210121e-10,
                        0.4126420257856353,
                        0.5005656524760658,
                        1.8448144036936118,
                        0.13050683864119023
                    ],
                    [
                        -0.5140549580605501,
                        -5.25863421179938e-10,
                        -1.327020158579711,
                        1.5215861290448365,
                        0.13050683864119023,
                        2.2961315552107053
                    ]
                ],
                "mui": [
                    0.0,
                    1.0,
                    0.596581421538124,
                    -0.30716882624002473,
                    0.1259662784521012,
                    -0.525863421179938
                ],
                "Ai": [
                    [
                        0.0,
                        0.0,
                        0.0,
                        0.0,
                        0.0,
                        0.0
                    ],
                    [
                        0.0,
                        0.0,
                        0.0,
                        0.0,
                        0.0,
                        0.0
                    ],
                    [
                        0.8667533988146332,
                        0.596581421538124,
                        0.0,
                        0.0,
                        0.0,
                        0.0
                    ],
                    [
                        -0.6486593484428786,
                        -0.0,
                        -0.514881649261006,
                        0.0,
                        0.0,
                        0.0
                    ],
                    [
                        0.609785210867859,
                        -0.0,
                        0.655912965188614,
                        0.8638220680573538,
                        0.0,
                        0.0
                    ],
                    [
                        0.5774505397418439,
                        0.0,
                        -0.6215071870360234,
                        0.5048812470333253,
                        0.0,
                        0.0
                    ]
                ]
            },
            "est_params": {
                "mui": [
                    0.011660790448023733,
                    1.0000010056950674,
                    0.6721591094146082,
                    -0.3399372153730135,
                    0.16984853563081811,
                    -0.6039298460497403
                ],
                "Si": [
                    [
                        0.9599662873448297,
                        -9.134582718554029e-07,
                        0.855836517476804,
                        -1.098369515592544,
                        0.15992576264768887,
                        -0.5258337891407158
                    ],
                    [
                        -9.134582718554029e-07,
                        1.0130335841670617e-06,
                        8.459852449072147e-07,
                        7.434423360016193e-07,
                        -1.4287623739243782e-06,
                        2.540606200242551e-06
                    ],
                    [
                        0.855836517476804,
                        8.459852449072152e-07,
                        1.7170123767251608,
                        -1.4674174655336145,
                        0.3362245391423461,
                        -1.3015508874895678
                    ],
                    [
                        -1.098369515592544,
                        7.434423360016192e-07,
                        -1.4674174655336145,
                        2.489549729659334,
                        0.5757845775800566,
                        1.5384684243688544
                    ],
                    [
                        0.15992576264768887,
                        -1.428762373924378e-06,
                        0.3362245391423461,
                        0.5757845775800567,
                        1.7828387105328638,
                        0.1471765697841802
                    ],
                    [
                        -0.5258337891407158,
                        2.540606200242551e-06,
                        -1.3015508874895678,
                        1.5384684243688544,
                        0.1471765697841802,
                        2.2883849372956324
                    ]
                ]
            },
            "est_tgt": [
                1
            ],
            "oracle_est_tgt": [
                1
            ]
        },
        "2": {
            "intv_type": "do",
            "inode": 2,
            "new_mui": 1.0,
            "new_vari": null,
            "noise_type": "gaussian",
            "obs_noise_gamma_shape": null,
            "true_params": {
                "Si": [
                    [
                        1.0,
                        0.0,
                        0.0,
                        -0.6486593484428786,
                        0.04945895103119585,
                        0.24995459900017908
                    ],
                    [
                        0.0,
                        1.0,
                        0.0,
                        0.0,
                        0.0,
                        0.0
                    ],
                    [
                        0.0,
                        0.0,
                        1e-09,
                        -5.14881649261006e-10,
                        2.111468341191907e-10,
                        -8.814612761894953e-10
                    ],
                    [
                        -0.6486593484428786,
                        0.0,
                        -5.14881649261006e-10,
                        1.420758950587443,
                        0.8317400569980745,
                        0.3427458601594163
                    ],
                    [
                        0.04945895103119585,
                        0.0,
                        2.111468341191907e-10,
                        0.8317400569980745,
                        1.748634753144573,
                        0.4484900550215571
                    ],
                    [
                        0.24995459900017908,
                        0.0,
                        -8.814612761894953e-10,
                        0.3427458601594163,
                        0.4484900550215571,
                        1.31738237594424
                    ]
                ],
                "mui": [
                    0.0,
                    0.0,
                    1.0,
                    -0.514881649261006,
                    0.21114683411919066,
                    -0.8814612761894952
                ],
                "Ai": [
                    [
                        0.0,
                        0.0,
                        0.0,
                        0.0,
                        0.0,
                        0.0
                    ],
                    [
                        -0.0,
                        0.0,
                        0.0,
                        0.0,
                        0.0,
                        0.0
                    ],
                    [
                        0.0,
                        0.0,
                        0.0,
                        0.0,
                        0.0,
                        0.0
                    ],
                    [
                        -0.6486593484428786,
                        -0.0,
                        -0.514881649261006,
                        0.0,
                        0.0,
                        0.0
                    ],
                    [
                        0.609785210867859,
                        -0.0,
                        0.655912965188614,
                        0.8638220680573538,
                        0.0,
                        0.0
                    ],
                    [
                        0.5774505397418439,
                        0.0,
                        -0.6215071870360234,
                        0.5048812470333253,
                        0.0,
                        0.0
                    ]
                ]
            },
            "est_params": {
                "mui": [
                    0.030468131019337943,
                    0.0328042515379528,
                    1.000000344023466,
                    -0.5059553991073675,
                    0.25413263062912694,
                    -0.8646623476546872
                ],
                "Si": [
                    [
                        1.0349753015946204,
                        -0.018233815444173046,
                        -3.358135626211322e-07,
                        -0.6494214197856264,
                        0.05862188196085468,
                        0.29645693682534924
                    ],
                    [
                        -0.018233815444173046,
                        0.9586100827795283,
                        -3.066167593831557e-06,
                        0.010800564813032976,
                        -0.020872059471496885,
                        -0.006768831942298172
                    ],
                    [
                        -3.358135626211324e-07,
                        -3.066167593831557e-06,
                        1.0166448534204874e-06,
                        3.734626546852397e-06,
                        2.412596530877203e-06,
                        5.150106562453109e-06
                    ],
                    [
                        -0.6494214197856264,
                        0.01080056481303298,
                        3.734626546852397e-06,
                        1.4306315480273253,
                        0.8600819561366784,
                        0.3072985822578281
                    ],
                    [
                        0.05862188196085467,
                        -0.020872059471496885,
                        2.412596530877202e-06,
                        0.8600819561366784,
                        1.7558915429554842,
                        0.44827114289494413
                    ],
                    [
                        0.29645693682534924,
                        -0.00676883194229818,
                        5.150106562453109e-06,
                        0.3072985822578281,
                        0.44827114289494413,
                        1.3341274777523164
                    ]
                ]
            },
            "est_tgt": [
                2
            ],
            "oracle_est_tgt": [
                2
            ]
        },
        "3": {
            "intv_type": "do",
            "inode": 3,
            "new_mui": 1.0,
            "new_vari": null,
            "noise_type": "gaussian",
            "obs_noise_gamma_shape": null,
            "true_params": {
                "Si": [
                    [
                        1.0,
                        0.0,
                        0.8667533988146332,
                        0.0,
                        1.1783000027716743,
                        0.03875707299064871
                    ],
                    [
                        0.0,
                        1.0,
                        0.596581421538124,
                        0.0,
                        0.39130548917750935,
                        -0.3707796411381115
                    ],
                    [
                        0.8667533988146332,
                        0.596581421538124,
                        2.1071708468811674,
                        0.0,
                        1.910654082403444,
                        -0.8091146076808418
                    ],
                    [
                        0.0,
                        0.0,
                        0.0,
                        1e-09,
                        8.638220680573539e-10,
                        5.048812470333253e-10
                    ],
                    [
                        1.1783000027716743,
                        0.39130548917750935,
                        1.910654082403444,
                        8.638220680573539e-10,
                        2.971732701040886,
                        -0.5070752711390117
                    ],
                    [
                        0.03875707299064871,
                        -0.3707796411381115,
                        -0.8091146076808418,
                        5.048812470333253e-10,
                        -0.5070752711390117,
                        1.5252508367816449
                    ]
                ],
                "mui": [
                    0.0,
                    0.0,
                    0.0,
                    1.0,
                    0.8638220680573538,
                    0.5048812470333253
                ],
                "Ai": [
                    [
                        0.0,
                        0.0,
                        0.0,
                        0.0,
                        0.0,
                        0.0
                    ],
                    [
                        -0.0,
                        0.0,
                        0.0,
                        0.0,
                        0.0,
                        0.0
                    ],
                    [
                        0.8667533988146332,
                        0.596581421538124,
                        0.0,
                        0.0,
                        0.0,
                        0.0
                    ],
                    [
                        0.0,
                        0.0,
                        0.0,
                        0.0,
                        0.0,
                        0.0
                    ],
                    [
                        0.609785210867859,
                        -0.0,
                        0.655912965188614,
                        0.8638220680573538,
                        0.0,
                        0.0
                    ],
                    [
                        0.5774505397418439,
                        0.0,
                        -0.6215071870360234,
                        0.5048812470333253,
                        0.0,
                        0.0
                    ]
                ]
            },
            "est_params": {
                "mui": [
                    -0.01254782867236311,
                    -0.014504247905801787,
                    -0.03750529355900145,
                    0.9999972404539627,
                    0.8484275496669501,
                    0.5244355594935037
                ],
                "Si": [
                    [
                        1.004513640742103,
                        -0.01748282639189561,
                        0.8627056376417621,
                        6.203365794110585e-07,
                        1.154200944968532,
                        0.022354666131746234
                    ],
                    [
                        -0.017482826391895596,
                        0.9353310456437699,
                        0.5811176827875653,
                        3.692886473777757e-06,
                        0.3831448862215408,
                        -0.3780117492601039
                    ],
                    [
                        0.862705637641762,
                        0.5811176827875655,
                        2.1210583658622357,
                        4.57785287793362e-06,
                        1.8904395792733448,
                        -0.8115678632231595
                    ],
                    [
                        6.203365794110585e-07,
                        3.692886473777757e-06,
                        4.577852877933621e-06,
                        1.0175022510613741e-06,
                        5.906543795805652e-06,
                        -3.6788951734126687e-06
                    ],
                    [
                        1.154200944968532,
                        0.3831448862215408,
                        1.8904395792733448,
                        5.906543795805651e-06,
                        2.8623410633636466,
                        -0.5211162261048813
                    ],
                    [
                        0.022354666131746238,
                        -0.3780117492601039,
                        -0.8115678632231595,
                        -3.6788951734126696e-06,
                        -0.5211162261048813,
                        1.475066205227859
                    ]
                ]
            },
            "est_tgt": [
                3,
                4
            ],
            "oracle_est_tgt": [
                3,
                4
            ]
        },
        "4": {
            "intv_type": "do",
            "inode": 4,
            "new_mui": 1.0,
            "new_vari": null,
            "noise_type": "gaussian",
            "obs_noise_gamma_shape": null,
            "true_params": {
                "Si": [
                    [
                        1.0,
                        0.0,
                        0.8667533988146332,
                        -1.0949347679271395,
                        0.0,
                        -0.5140549580605501
                    ],
                    [
                        0.0,
                        1.0,
                        0.596581421538124,
                        -0.30716882624002473,
                        0.0,
                        -0.525863421179938
                    ],
                    [
                        0.8667533988146332,
                        0.596581421538124,
                        2.1071708468811674,
                        -1.6471712958526368,
                        0.0,
                        -1.6407405056084192
                    ],
                    [
                        -1.0949347679271395,
                        -0.30716882624002473,
                        -1.6471712958526368,
                        2.558337946575067,
                        0.0,
                        1.6831149787297128
                    ],
                    [
                        0.0,
                        0.0,
                        0.0,
                        0.0,
                        1e-09,
                        0.0
                    ],
                    [
                        -0.5140549580605501,
                        -0.525863421179938,
                        -1.6407405056084192,
                        1.6831149787297128,
                        0.0,
                        2.572663892669242
                    ]
                ],
                "mui": [
                    0.0,
                    0.0,
                    0.0,
                    0.0,
                    1.0,
                    0.0
                ],
                "Ai": [
                    [
                        0.0,
                        0.0,
                        0.0,
                        0.0,
                        0.0,
                        0.0
                    ],
                    [
                        -0.0,
                        0.0,
                        0.0,
                        0.0,
                        0.0,
                        0.0
                    ],
                    [
                        0.8667533988146332,
                        0.596581421538124,
                        0.0,
                        0.0,
                        0.0,
                        0.0
                    ],
                    [
                        -0.6486593484428786,
                        -0.0,
                        -0.514881649261006,
                        0.0,
                        0.0,
                        0.0
                    ],
                    [
                        0.0,
                        0.0,
                        0.0,
                        0.0,
                        0.0,
                        0.0
                    ],
                    [
                        0.5774505397418439,
                        0.0,
                        -0.6215071870360234,
                        0.5048812470333253,
                        0.0,
                        0.0
                    ]
                ]
            },
            "est_params": {
                "mui": [
                    0.009944717306430942,
                    0.00548101801480373,
                    0.006486967916830231,
                    -0.02245965973940291,
                    1.0000004485749054,
                    -0.0012193457258722396
                ],
                "Si": [
                    [
                        0.9591692704208956,
                        0.003596937681384278,
                        0.8194481795252063,
                        -1.0107229296668956,
                        -6.740483462362454e-07,
                        -0.45215891077237036
                    ],
                    [
                        0.0035969376813842864,
                        0.9968490258854227,
                        0.6253793916720011,
                        -0.35271803051525663,
                        4.786223734905947e-07,
                        -0.5554093361519652
                    ],
                    [
                        0.8194481795252063,
                        0.6253793916720011,
                        2.1209295042386724,
                        -1.6271931758427733,
                        -9.737626800528488e-07,
                        -1.6475105863575519
                    ],
                    [
                        -1.0107229296668956,
                        -0.3527180305152567,
                        -1.627193175842773,
                        2.4874477892064872,
                        1.931603852031532e-06,
                        1.6776882266881399
                    ],
                    [
                        -6.740483462362455e-07,
                        4.786223734905949e-07,
                        -9.737626800528494e-07,
                        1.931603852031532e-06,
                        1.0041869937807674e-06,
                        3.4491576883044566e-07
                    ],
                    [
                        -0.45215891077237036,
                        -0.5554093361519652,
                        -1.6475105863575519,
                        1.6776882266881397,
                        3.44915768830446e-07,
                        2.597586432776972
                    ]
                ]
            },
            "est_tgt": [
                3,
                4
            ],
            "oracle_est_tgt": [
                3,
                4
            ]
        },
        "5": {
            "intv_type": "do",
            "inode": 5,
            "new_mui": 1.0,
            "new_vari": null,
            "noise_type": "gaussian",
            "obs_noise_gamma_shape": null,
            "true_params": {
                "Si": [
                    [
                        1.0,
                        0.0,
                        0.8667533988146332,
                        -1.0949347679271395,
                        0.23247118715295392,
                        0.0
                    ],
                    [
                        0.0,
                        1.0,
                        0.596581421538124,
                        -0.30716882624002473,
                        0.1259662784521012,
                        0.0
                    ],
                    [
                        0.8667533988146332,
                        0.596581421538124,
                        2.1071708468811674,
                        -1.6471712958526368,
                        0.48779116717530785,
                        0.0
                    ],
                    [
                        -1.0949347679271395,
                        -0.30716882624002473,
                        -1.6471712958526368,
                        2.558337946575067,
                        0.4618727386168026,
                        0.0
                    ],
                    [
                        0.23247118715295392,
                        0.1259662784521012,
                        0.48779116717530785,
                        0.4618727386168026,
                        1.8606819069848166,
                        0.0
                    ],
                    [
                        0.0,
                        0.0,
                        0.0,
                        0.0,
                        0.0,
                        1e-09
                    ]
                ],
                "mui": [
                    0.0,
                    0.0,
                    0.0,
                    0.0,
                    0.0,
                    1.0
                ],
                "Ai": [
                    [
                        0.0,
                        0.0,
                        0.0,
                        0.0,
                        0.0,
                        0.0
                    ],
                    [
                        -0.0,
                        0.0,
                        0.0,
                        0.0,
                        0.0,
                        0.0
                    ],
                    [
                        0.8667533988146332,
                        0.596581421538124,
                        0.0,
                        0.0,
                        0.0,
                        0.0
                    ],
                    [
                        -0.6486593484428786,
                        -0.0,
                        -0.514881649261006,
                        0.0,
                        0.0,
                        0.0
                    ],
                    [
                        0.609785210867859,
                        -0.0,
                        0.655912965188614,
                        0.8638220680573538,
                        0.0,
                        0.0
                    ],
                    [
                        0.0,
                        0.0,
                        0.0,
                        0.0,
                        0.0,
                        0.0
                    ]
                ]
            },
            "est_params": {
                "mui": [
                    -0.01898562446770493,
                    0.012291896134265165,
                    0.011278386498060004,
                    -0.018926776552771765,
                    -0.0035564735468670743,
                    0.9999974744834741
                ],
                "Si": [
                    [
                        0.9592241170202312,
                        -0.012667570613207271,
                        0.8295063126577954,
                        -1.042342931605879,
                        0.2151693339267489,
                        2.204457520160883e-06
                    ],
                    [
                        -0.01266757061320727,
                        0.9831233400095687,
                        0.5809463128444717,
                        -0.2732581520103805,
                        0.14812071117938186,
                        2.2870084237428346e-07
                    ],
                    [
                        0.8295063126577954,
                        0.5809463128444718,
                        2.0856097131075186,
                        -1.5652603938133898,
                        0.5276988869388174,
                        2.9413295716649614e-06
                    ],
                    [
                        -1.042342931605879,
                        -0.2732581520103805,
                        -1.5652603938133898,
                        2.444814669207259,
                        0.44536251495104706,
                        -4.11569446078915e-06
                    ],
                    [
                        0.21516933392674886,
                        0.1481207111793819,
                        0.5276988869388175,
                        0.44536251495104706,
                        1.8010928591371558,
                        1.6154772991943087e-07
                    ],
                    [
                        2.2044575201608836e-06,
                        2.2870084237428357e-07,
                        2.9413295716649623e-06,
                        -4.11569446078915e-06,
                        1.61547729919431e-07,
                        1.0037837835114867e-06
                    ]
                ]
            },
            "est_tgt": [
                5
            ],
            "oracle_est_tgt": [
                5
            ]
        },
        "obs": {
            "intv_type": "obs",
            "noise_type": "gaussian",
            "obs_noise_gamma_shape": null,
            "true_params": {
                "Si": [
                    [
                        1.0,
                        0.0,
                        0.8667533988146332,
                        -1.0949347679271395,
                        0.23247118715295392,
                        -0.5140549580605501
                    ],
                    [
                        0.0,
                        1.0,
                        0.596581421538124,
                        -0.30716882624002473,
                        0.1259662784521012,
                        -0.525863421179938
                    ],
                    [
                        0.8667533988146332,
                        0.596581421538124,
                        2.1071708468811674,
                        -1.6471712958526368,
                        0.48779116717530785,
                        -1.6407405056084192
                    ],
                    [
                        -1.0949347679271395,
                        -0.30716882624002473,
                        -1.6471712958526368,
                        2.558337946575067,
                        0.4618727386168026,
                        1.6831149787297128
                    ],
                    [
                        0.23247118715295392,
                        0.1259662784521012,
                        0.48779116717530785,
                        0.4618727386168026,
                        1.8606819069848166,
                        0.06426578056730466
                    ],
                    [
                        -0.5140549580605501,
                        -0.525863421179938,
                        -1.6407405056084192,
                        1.6831149787297128,
                        0.06426578056730466,
                        2.572663892669242
                    ]
                ],
                "mui": [
                    0.0,
                    0.0,
                    0.0,
                    0.0,
                    0.0,
                    0.0
                ],
                "Ai": [
                    [
                        0.0,
                        0.0,
                        0.0,
