{
    "expt_args": {
        "save_dir": "all_expt_logs/expt_logs_sim_compsel_backward_cameraready_cutoff_var_all",
        "exp_name": "242",
        "num_nodes": 6,
        "num_tgt_prior": 7,
        "obs_noise_mean": 0.0,
        "obs_noise_var": 1.0,
        "obs_noise_gamma_shape": null,
        "noise_type": "gaussian",
        "max_edge_strength": 1.0,
        "graph_sparsity_method": "adj_dense_prop",
        "adj_dense_prop": 0.8,
        "num_parents": null,
        "new_noise_mean": 1.0,
        "mix_samples": 32768,
        "stage2_samples": 32768,
        "gmm_tol": 0.001,
        "intv_type": "do",
        "new_noise_var": null,
        "dtype": "simulation",
        "cutoff_drop_ratio": 0.3,
        "intv_targets": [
            0,
            1,
            2,
            3,
            4,
            5
        ]
    },
    "intv_args_dict": {
        "0": {
            "intv_type": "do",
            "inode": 0,
            "new_mui": 1.0,
            "new_vari": null,
            "noise_type": "gaussian",
            "obs_noise_gamma_shape": null,
            "true_params": {
                "Si": [
                    [
                        1e-09,
                        -5.671181484875074e-10,
                        -5.089048595319513e-10,
                        1.7852419639097407e-09,
                        -1.6183406266333854e-09,
                        -1.853882097942324e-09
                    ],
                    [
                        -5.671181484875074e-10,
                        1.000000000321623,
                        2.8860918169405526e-10,
                        -0.779649241267695,
                        1.1369030268574631,
                        1.3738043297221578
                    ],
                    [
                        -5.089048595319513e-10,
                        2.8860918169405526e-10,
                        1.0000000002589842,
                        -0.917469174889357,
                        0.6650578760091295,
                        1.6352475172766368
                    ],
                    [
                        1.7852419639097407e-09,
                        -0.779649241267695,
                        -0.917469174889357,
                        2.449602626222763,
                        -2.2214387567574105,
                        -3.7855182437955675
                    ],
                    [
                        -1.6183406266333854e-09,
                        1.1369030268574631,
                        0.6650578760091295,
                        -2.2214387567574105,
                        3.260305941406947,
                        4.276707243676907
                    ],
                    [
                        -1.853882097942324e-09,
                        1.3738043297221578,
                        1.6352475172766368,
                        -3.7855182437955675,
                        4.276707243676907,
                        7.593793191005105
                    ]
                ],
                "mui": [
                    1.0,
                    -0.5671181484875074,
                    -0.5089048595319513,
                    1.7852419639097405,
                    -1.6183406266333853,
                    -1.8538820979423238
                ],
                "Ai": [
                    [
                        0.0,
                        0.0,
                        0.0,
                        0.0,
                        0.0,
                        0.0
                    ],
                    [
                        -0.5671181484875074,
                        0.0,
                        0.0,
                        0.0,
                        0.0,
                        0.0
                    ],
                    [
                        -0.5089048595319513,
                        0.0,
                        0.0,
                        0.0,
                        0.0,
                        0.0
                    ],
                    [
                        0.8761842091968761,
                        -0.7796492402552518,
                        -0.9174691739808387,
                        0.0,
                        0.0,
                        0.0
                    ],
                    [
                        0.0,
                        0.5717484879791268,
                        0.0,
                        -0.7248830740545815,
                        0.0,
                        0.0
                    ],
                    [
                        0.8212260842765948,
                        0.0,
                        0.5213082352150098,
                        -0.6725264352804788,
                        0.7471785939268534,
                        0.0
                    ]
                ]
            },
            "est_params": {
                "mui": [
                    0.9999993597085642,
                    -0.5636346995568108,
                    -0.52460119119277,
                    1.8003490553547528,
                    -1.6169432609928949,
                    -1.8534830368738415
                ],
                "Si": [
                    [
                        1.024743952853201e-06,
                        -3.024586635277106e-06,
                        -7.222177525048994e-07,
                        5.302824431478789e-06,
                        -6.1838141650354666e-06,
                        -1.0347516350566772e-05
                    ],
                    [
                        -3.0245866352771065e-06,
                        1.0126548961880733,
                        0.016187994404253756,
                        -0.8205282384357312,
                        1.1601841410304226,
                        1.4384346388490088
                    ],
                    [
                        -7.222177525048996e-07,
                        0.016187994404253756,
                        0.9898264479433526,
                        -0.9299479781618685,
                        0.6985589877792608,
                        1.6773907310124103
                    ],
                    [
                        5.30282443147879e-06,
                        -0.8205282384357311,
                        -0.9299479781618682,
                        2.494350332402569,
                        -2.2741250593019378,
                        -3.8914544272228038
                    ],
                    [
                        -6.1838141650354666e-06,
                        1.1601841410304226,
                        0.6985589877792608,
                        -2.2741250593019378,
                        3.3348702961640715,
                        4.41716654932492
                    ],
                    [
                        -1.0347516350566772e-05,
                        1.4384346388490088,
                        1.6773907310124103,
                        -3.8914544272228038,
                        4.417166549324921,
                        7.809666354193945
                    ]
                ]
            },
            "est_tgt": [
                0
            ],
            "oracle_est_tgt": [
                0
            ]
        },
        "1": {
            "intv_type": "do",
            "inode": 1,
            "new_mui": 1.0,
            "new_vari": null,
            "noise_type": "gaussian",
            "obs_noise_gamma_shape": null,
            "true_params": {
                "Si": [
                    [
                        1.0,
                        0.0,
                        -0.5089048595319513,
                        1.3430887303064902,
                        -0.9735822875526334,
                        -1.0747727306824235
                    ],
                    [
                        0.0,
                        1e-09,
                        0.0,
                        -7.796492402552519e-10,
                        1.1369030259396728e-09,
                        1.3738043286707878e-09
                    ],
                    [
                        -0.5089048595319513,
                        0.0,
                        1.258984156055235,
                        -1.60097355561641,
                        1.1605186324753167,
                        2.1822045818698976
                    ],
                    [
                        1.3430887303064902,
                        -7.796492402552519e-10,
                        -1.60097355561641,
                        3.6456370232892352,
                        -2.642660572774858,
                        -4.157947882669765
                    ],
                    [
                        -0.9735822875526334,
                        1.1369030259396728e-09,
                        1.1605186324753167,
                        -2.642660572774858,
                        2.915619920325903,
                        3.7612046376607218
                    ],
                    [
                        -1.0747727306824235,
                        1.3738043286707878e-09,
                        2.1822045818698976,
                        -4.157947882669765,
                        3.7612046376607218,
                        6.861591278599524
                    ]
                ],
                "mui": [
                    0.0,
                    1.0,
                    0.0,
                    -0.7796492402552518,
                    1.1369030259396729,
                    1.3738043286707877
                ],
                "Ai": [
                    [
                        0.0,
                        0.0,
                        0.0,
                        0.0,
                        0.0,
                        0.0
                    ],
                    [
                        0.0,
                        0.0,
                        0.0,
                        0.0,
                        0.0,
                        0.0
                    ],
                    [
                        -0.5089048595319513,
                        0.0,
                        0.0,
                        0.0,
                        0.0,
                        0.0
                    ],
                    [
                        0.8761842091968761,
                        -0.7796492402552518,
                        -0.9174691739808387,
                        0.0,
                        0.0,
                        0.0
                    ],
                    [
                        0.0,
                        0.5717484879791268,
                        0.0,
                        -0.7248830740545815,
                        0.0,
                        0.0
                    ],
                    [
                        0.8212260842765948,
                        0.0,
                        0.5213082352150098,
                        -0.6725264352804788,
                        0.7471785939268534,
                        0.0
                    ]
                ]
            },
            "est_params": {
                "mui": [
                    -0.0025331769380564787,
                    1.0000023846135868,
                    -0.010807234774488446,
                    -0.7835658480497886,
                    1.127952343452596,
                    1.3608706983399315
                ],
                "Si": [
                    [
                        0.9826475972155091,
                        4.820730921921004e-07,
                        -0.4909643641006552,
                        1.3401951715389746,
                        -0.9805551163579542,
                        -1.091742865019454
                    ],
                    [
                        4.820730921921005e-07,
                        1.0204383682164189e-06,
                        3.906443996787454e-06,
                        -3.80784108141892e-06,
                        -5.359380121391087e-07,
                        4.774032897667297e-06
                    ],
                    [
                        -0.4909643641006552,
                        3.906443996787454e-06,
                        1.2780608154075794,
                        -1.586808475246961,
                        1.1439640318526465,
                        2.2043845778027813
                    ],
                    [
                        1.3401951715389746,
                        -3.80784108141892e-06,
                        -1.586808475246961,
                        3.619088613675993,
                        -2.6422063014385113,
                        -4.17740960361923
                    ],
                    [
                        -0.9805551163579544,
                        -5.359380121391086e-07,
                        1.1439640318526465,
                        -2.6422063014385113,
                        2.9158903684711857,
                        3.777285331809972
                    ],
                    [
                        -1.091742865019454,
                        4.774032897667298e-06,
                        2.2043845778027813,
                        -4.177409603619231,
                        3.777285331809972,
                        6.980631868703555
                    ]
                ]
            },
            "est_tgt": [
                1
            ],
            "oracle_est_tgt": [
                1,
                3,
                4
            ]
        },
        "2": {
            "intv_type": "do",
            "inode": 2,
            "new_mui": 1.0,
            "new_vari": null,
            "noise_type": "gaussian",
            "obs_noise_gamma_shape": null,
            "true_params": {
                "Si": [
                    [
                        1.0,
                        -0.5671181484875074,
                        0.0,
                        1.3183374428001264,
                        -1.279889442081466,
                        -1.0216966903428109
                    ],
                    [
                        -0.5671181484875074,
                        1.3216229943438984,
                        0.0,
                        -1.5273023298978148,
                        1.8627515566016226,
                        1.953227064013817
                    ],
                    [
                        0.0,
                        0.0,
                        1e-09,
                        -9.174691739808388e-10,
                        6.650578751855481e-10,
                        1.6352475163331874e-09
                    ],
                    [
                        1.3183374428001264,
                        -1.5273023298978148,
                        -9.174691739808388e-10,
                        3.3458665517611177,
                        -3.2985948292230747,
                        -3.632170055985695
                    ],
                    [
                        -1.279889442081466,
                        1.8627515566016226,
                        6.650578751855481e-10,
                        -3.2985948292230747,
                        4.456120945835513,
                        4.496831810128574
                    ],
                    [
                        -1.0216966903428109,
                        1.953227064013817,
                        1.6352475163331874e-09,
                        -3.632170055985695,
                        4.496831810128574,
                        5.963622877625856
                    ]
                ],
                "mui": [
                    0.0,
                    0.0,
                    1.0,
                    -0.9174691739808387,
                    0.665057875185548,
                    1.6352475163331872
                ],
                "Ai": [
                    [
                        0.0,
                        0.0,
                        0.0,
                        0.0,
                        0.0,
                        0.0
                    ],
                    [
                        -0.5671181484875074,
                        0.0,
                        0.0,
                        0.0,
                        0.0,
                        0.0
                    ],
                    [
                        0.0,
                        0.0,
                        0.0,
                        0.0,
                        0.0,
                        0.0
                    ],
                    [
                        0.8761842091968761,
                        -0.7796492402552518,
                        -0.9174691739808387,
                        0.0,
                        0.0,
                        0.0
                    ],
                    [
                        0.0,
                        0.5717484879791268,
                        0.0,
                        -0.7248830740545815,
                        0.0,
                        0.0
                    ],
                    [
                        0.8212260842765948,
                        0.0,
                        0.5213082352150098,
                        -0.6725264352804788,
                        0.7471785939268534,
                        0.0
                    ]
                ]
            },
            "est_params": {
                "mui": [
                    -0.9352514079365836,
                    1.2351659299782376,
                    1.0859164889829296,
                    -3.1544583160162927,
                    2.714407103878667,
                    3.942453814625514
                ],
                "Si": [
                    [
                        0.7240911404275252,
                        -0.18745377423305604,
                        -0.10462673805971065,
                        0.732692189279943,
                        -0.27325651292075737,
                        -0.15051154180875792
                    ],
                    [
                        -0.18745377423305604,
                        0.7465180445133478,
                        -0.003746576631785841,
                        -0.5850910748976731,
                        0.46946036611395997,
                        0.5469717750564598
                    ],
                    [
                        -0.10462673805971065,
                        -0.00374657663178584,
                        0.3569935629495464,
                        -0.3468437899512525,
                        0.04368625788441439,
                        0.362122447025286
                    ],
                    [
                        0.732692189279943,
                        -0.5850910748976731,
                        -0.3468437899512525,
                        2.0300761801447815,
                        -0.8859982687790906,
                        -1.5568155368725898
                    ],
                    [
                        -0.27325651292075737,
                        0.46946036611396,
                        0.04368625788441439,
                        -0.8859982687790908,
                        2.4523895406764775,
                        2.200602778482571
                    ],
                    [
                        -0.15051154180875798,
                        0.5469717750564598,
                        0.36212244702528595,
                        -1.5568155368725898,
                        2.200602778482571,
                        3.6589785550584613
                    ]
                ]
            },
            "est_tgt": [
                0,
                1,
                2,
                3,
                4
            ],
            "oracle_est_tgt": [
                1,
                2,
                3,
                4
            ]
        },
        "3": {
            "intv_type": "do",
            "inode": 3,
            "new_mui": 1.0,
            "new_vari": null,
            "noise_type": "gaussian",
            "obs_noise_gamma_shape": null,
            "true_params": {
                "Si": [
                    [
                        1.0,
                        -0.5671181484875074,
                        -0.5089048595319513,
                        0.0,
                        -0.32424894390325426,
                        0.3136579200737502
                    ],
                    [
                        -0.5671181484875074,
                        1.3216229943438984,
                        0.28860918169405525,
                        0.0,
                        0.7556359486945701,
                        0.2493171324373806
                    ],
                    [
                        -0.5089048595319513,
                        0.28860918169405525,
                        1.258984156055235,
                        0.0,
                        0.16501186325046915,
                        0.36168619545879394
                    ],
                    [
                        0.0,
                        0.0,
                        0.0,
                        1e-09,
                        -7.248830740545816e-10,
                        -1.2141435513139563e-09
                    ],
                    [
                        -0.32424894390325426,
                        0.7556359486945701,
                        0.16501186325046915,
                        -7.248830740545816e-10,
                        1.432033711654249,
                        0.8897252883053296
                    ],
                    [
                        0.3136579200737502,
                        0.2493171324373806,
                        0.36168619545879394,
                        -1.2141435513139563e-09,
                        0.8897252883053296,
                        2.110917748474446
                    ]
                ],
                "mui": [
                    0.0,
                    0.0,
                    0.0,
                    1.0,
                    -0.7248830740545815,
                    -1.2141435513139562
                ],
                "Ai": [
                    [
                        0.0,
                        0.0,
                        0.0,
                        0.0,
                        0.0,
                        0.0
                    ],
                    [
                        -0.5671181484875074,
                        0.0,
                        0.0,
                        0.0,
                        0.0,
                        0.0
                    ],
                    [
                        -0.5089048595319513,
                        0.0,
                        0.0,
                        0.0,
                        0.0,
                        0.0
                    ],
                    [
                        0.0,
                        0.0,
                        0.0,
                        0.0,
                        0.0,
                        0.0
                    ],
                    [
                        0.0,
                        0.5717484879791268,
                        0.0,
                        -0.7248830740545815,
                        0.0,
                        0.0
                    ],
                    [
                        0.8212260842765948,
                        0.0,
                        0.5213082352150098,
                        -0.6725264352804788,
                        0.7471785939268534,
                        0.0
                    ]
                ]
            },
            "est_params": {
                "mui": [
                    0.005867335347188789,
                    0.012824651210501385,
                    0.004153144616736455,
                    0.9999991924115198,
                    -0.7364949594007476,
                    -1.2059561719683327
                ],
                "Si": [
                    [
                        0.9924066241122502,
                        -0.5547724103500834,
                        -0.495859387892543,
                        -2.4149062240348653e-07,
                        -0.33068212945291897,
                        0.293739357461023
                    ],
                    [
                        -0.5547724103500834,
                        1.289050580270313,
                        0.26783848445323566,
                        3.4745682750752177e-06,
                        0.7465392393285105,
                        0.23768635717162664
                    ],
                    [
                        -0.495859387892543,
                        0.26783848445323566,
                        1.2416211586382129,
                        -6.035080592750667e-08,
                        0.17915954798317885,
                        0.3716099298781416
                    ],
                    [
                        -2.414906224034871e-07,
                        3.4745682750752173e-06,
                        -6.035080592750674e-08,
                        1.0197930554386676e-06,
                        3.331258130378318e-06,
                        1.004812701939597e-07
                    ],
                    [
                        -0.330682129452919,
                        0.7465392393285105,
                        0.17915954798317885,
                        3.3312581303783172e-06,
                        1.4386170750768463,
                        0.8836985287670109
                    ],
                    [
                        0.293739357461023,
                        0.23768635717162664,
                        0.3716099298781416,
                        1.0048127019395977e-07,
                        0.8836985287670112,
                        2.1009863715146775
                    ]
                ]
            },
            "est_tgt": [
                3
            ],
            "oracle_est_tgt": [
                1,
                2,
                3,
                4
            ]
        },
        "4": {
            "intv_type": "do",
            "inode": 4,
            "new_mui": 1.0,
            "new_vari": null,
            "noise_type": "gaussian",
            "obs_noise_gamma_shape": null,
            "true_params": {
                "Si": [
                    [
                        1.0,
                        -0.5671181484875074,
                        -0.5089048595319513,
                        1.7852419639097405,
                        0.0,
                        -0.6446926240396882
                    ],
                    [
                        -0.5671181484875074,
                        1.3216229943438984,
                        0.28860918169405525,
                        -1.7920923574299454,
                        0.0,
                        0.8899516116069388
                    ],
                    [
                        -0.5089048595319513,
                        0.28860918169405525,
                        1.258984156055235,
                        -1.82598748485487,
                        0.0,
                        1.4664177175502713
                    ],
                    [
                        1.7852419639097405,
                        -1.7920923574299454,
                        -1.82598748485487,
                        5.636691492739981,
                        0.0,
                        -3.276639082134753
                    ],
                    [
                        0.0,
                        0.0,
                        0.0,
                        0.0,
                        1e-09,
                        7.471785939268535e-10
                    ],
                    [
                        -0.6446926240396882,
                        0.8899516116069388,
                        1.4664177175502713,
                        -3.276639082134753,
                        7.471785939268535e-10,
                        3.4386436353891
                    ]
                ],
                "mui": [
                    0.0,
                    0.0,
                    0.0,
                    0.0,
                    1.0,
                    0.7471785939268534
                ],
                "Ai": [
                    [
                        0.0,
                        0.0,
                        0.0,
                        0.0,
                        0.0,
                        0.0
                    ],
                    [
                        -0.5671181484875074,
                        0.0,
                        0.0,
                        0.0,
                        0.0,
                        0.0
                    ],
                    [
                        -0.5089048595319513,
                        0.0,
                        0.0,
                        0.0,
                        0.0,
                        0.0
                    ],
                    [
                        0.8761842091968761,
                        -0.7796492402552518,
                        -0.9174691739808387,
                        0.0,
                        0.0,
                        0.0
                    ],
                    [
                        0.0,
                        0.0,
                        0.0,
                        0.0,
                        0.0,
                        0.0
                    ],
                    [
                        0.8212260842765948,
                        0.0,
                        0.5213082352150098,
                        -0.6725264352804788,
                        0.7471785939268534,
                        0.0
                    ]
                ]
            },
            "est_params": {
                "mui": [
                    -0.13466070004521305,
                    0.15125005555838722,
                    0.47936077624094925,
                    -0.7247723642543251,
                    0.7994401563253706,
                    1.2314844463144614
                ],
                "Si": [
                    [
                        0.6795344096132527,
                        -0.1425369417757303,
                        -0.01839934714721721,
                        0.5870510836180018,
                        -0.20334053555145598,
                        0.0015352383717837064
                    ],
                    [
                        -0.1425369417757303,
                        0.797065727945883,
                        -0.18664200208011722,
                        -0.35932114321306735,
                        0.2888526670799233,
                        0.23807760757827282
                    ],
                    [
                        -0.018399347147217207,
                        -0.18664200208011722,
                        0.6869994689069611,
                        -0.39074199722257114,
                        -0.047237875247336435,
                        0.5621800866715969
                    ],
                    [
                        0.5870510836180018,
                        -0.3593211432130674,
                        -0.3907419972225712,
                        1.6881739903429103,
                        -0.4759209382939715,
                        -1.2023221628018308
                    ],
                    [
                        -0.203340535551456,
                        0.2888526670799233,
                        -0.047237875247336435,
                        -0.4759209382939715,
                        0.7732767386651794,
                        0.6866531291395173
                    ],
                    [
                        0.001535238371783706,
                        0.2380776075782728,
                        0.5621800866715969,
                        -1.2023221628018308,
                        0.6866531291395173,
                        2.5887949717264354
                    ]
                ]
            },
            "est_tgt": [
                0,
                1,
                2,
                3,
                4
            ],
            "oracle_est_tgt": [
                1,
                4
            ]
        },
        "5": {
            "intv_type": "do",
            "inode": 5,
            "new_mui": 1.0,
            "new_vari": null,
            "noise_type": "gaussian",
            "obs_noise_gamma_shape": null,
            "true_params": {
                "Si": [
                    [
                        1.0,
                        -0.5671181484875074,
                        -0.5089048595319513,
                        1.7852419639097405,
                        -1.6183406266333853,
                        0.0
                    ],
                    [
                        -0.5671181484875074,
                        1.3216229943438984,
                        0.28860918169405525,
                        -1.7920923574299454,
                        2.054693365738111,
                        0.0
                    ],
                    [
                        -0.5089048595319513,
                        0.28860918169405525,
                        1.258984156055235,
                        -1.82598748485487,
                        1.488639284457261,
                        0.0
                    ],
                    [
                        1.7852419639097405,
                        -1.7920923574299454,
                        -1.82598748485487,
                        5.636691492739981,
                        -5.110568352434186,
                        0.0
                    ],
                    [
                        -1.6183406266333853,
                        2.054693365738111,
                        1.488639284457261,
                        -5.110568352434186,
                        5.8793323226000584,
                        0.0
                    ],
                    [
                        0.0,
                        0.0,
                        0.0,
                        0.0,
                        0.0,
                        1e-09
                    ]
                ],
                "mui": [
                    0.0,
                    0.0,
                    0.0,
                    0.0,
                    0.0,
                    1.0
                ],
                "Ai": [
                    [
                        0.0,
                        0.0,
                        0.0,
                        0.0,
                        0.0,
                        0.0
                    ],
                    [
                        -0.5671181484875074,
                        0.0,
                        0.0,
                        0.0,
                        0.0,
                        0.0
                    ],
                    [
                        -0.5089048595319513,
                        0.0,
                        0.0,
                        0.0,
                        0.0,
                        0.0
                    ],
                    [
                        0.8761842091968761,
                        -0.7796492402552518,
                        -0.9174691739808387,
                        0.0,
                        0.0,
                        0.0
                    ],
                    [
                        0.0,
                        0.5717484879791268,
                        0.0,
                        -0.7248830740545815,
                        0.0,
                        0.0
                    ],
                    [
                        0.0,
                        0.0,
                        0.0,
                        0.0,
                        0.0,
                        0.0
                    ]
                ]
            },
            "est_params": {
                "mui": [
                    -0.01847037474371279,
                    0.010777318861658322,
                    -0.001789011118853271,
                    -0.014177692180751466,
                    0.008604389686789952,
                    1.0000034220822225
                ],
                "Si": [
                    [
                        0.9837167864301871,
                        -0.580841112624222,
                        -0.5067134289051252,
                        1.791884743090115,
                        -1.6203166062599816,
                        -4.477592575326297e-07
                    ],
                    [
                        -0.580841112624222,
                        1.3538298538875622,
                        0.3118518415297195,
                        -1.8524033054251179,
                        2.1156709425328004,
                        2.368014328804494e-06
                    ],
                    [
                        -0.5067134289051252,
                        0.3118518415297195,
                        1.2453503149021445,
                        -1.830723120140356,
                        1.520603420665478,
                        3.5251713524834955e-07
                    ],
                    [
                        1.7918847430901148,
                        -1.8524033054251179,
                        -1.830723120140356,
                        5.701722551919887,
                        -5.204323783880555,
                        -3.86486521324171e-06
                    ],
                    [
                        -1.6203166062599816,
                        2.1156709425328004,
                        1.5206034206654782,
                        -5.204323783880555,
                        5.986396792267771,
                        -2.9461028945252206e-07
                    ],
                    [
                        -4.4775925753262976e-07,
                        2.368014328804494e-06,
                        3.5251713524834955e-07,
                        -3.864865213241711e-06,
                        -2.9461028945252185e-07,
                        1.018579181225292e-06
                    ]
                ]
            },
            "est_tgt": [
                5
            ],
            "oracle_est_tgt": [
                5
            ]
        },
        "obs": {
            "intv_type": "obs",
            "noise_type": "gaussian",
            "obs_noise_gamma_shape": null,
            "true_params": {
                "Si": [
                    [
                        1.0,
                        -0.5671181484875074,
                        -0.5089048595319513,
                        1.7852419639097405,
                        -1.6183406266333853,
                        -1.8538820979423238
                    ],
                    [
                        -0.5671181484875074,
                        1.3216229943438984,
                        0.28860918169405525,
                        -1.7920923574299454,
                        2.054693365738111,
                        2.425174511569974
                    ],
                    [
                        -0.5089048595319513,
                        0.28860918169405525,
                        1.258984156055235,
                        -1.82598748485487,
                        1.488639284457261,
                        2.5786971249753248
                    ],
                    [
                        1.7852419639097405,
                        -1.7920923574299454,
                        -1.82598748485487,
                        5.636691492739981,
                        -5.110568352434186,
                        -7.095146357873603
                    ],
                    [
                        -1.6183406266333853,
                        2.054693365738111,
                        1.488639284457261,
                        -5.110568352434186,
                        5.8793323226000584,
                        7.276919956765089
                    ],
                    [
