{
    "expt_args": {
        "save_dir": "all_expt_logs/expt_logs_sim_compsel_n12",
        "exp_name": "14",
        "num_nodes": 12,
        "num_tgt_prior": 13,
        "obs_noise_mean": 0.0,
        "obs_noise_var": 1.0,
        "obs_noise_gamma_shape": 2.0,
        "noise_type": "gaussian",
        "max_edge_strength": 1.0,
        "graph_sparsity_method": "adj_dense_prop",
        "adj_dense_prop": 0.8,
        "num_parents": null,
        "new_noise_mean": 1.0,
        "mix_samples": 8192,
        "stage2_samples": 8192,
        "gmm_tol": 0.001,
        "intv_type": "do",
        "new_noise_var": null,
        "dtype": "simulation",
        "cutoff_drop_ratio": 0.07,
        "intv_targets": [
            9,
            5,
            1,
            11,
            2,
            7
        ]
    },
    "intv_args_dict": {
        "9": {
            "intv_type": "do",
            "inode": 9,
            "new_mui": 1.0,
            "new_vari": null,
            "noise_type": "gaussian",
            "obs_noise_gamma_shape": 2.0,
            "true_params": {
                "Si": [
                    [
                        1.0,
                        0.7969383315481021,
                        0.0,
                        -0.3419230621891233,
                        0.5500670041690946,
                        -1.199184320242254,
                        -1.0000489494743918,
                        -1.5651116255177033,
                        0.6507655833775707,
                        0.0,
                        0.8187315767861315,
                        1.1852594956247358
                    ],
                    [
                        0.7969383315481021,
                        1.6351107042906727,
                        0.0,
                        0.2857843677938468,
                        0.43836948054218117,
                        -2.1971275642366095,
                        -2.493105468683559,
                        -3.39550046532014,
                        1.9138630411229332,
                        0.0,
                        0.9980956689014585,
                        0.23781017493797263
                    ],
                    [
                        0.0,
                        0.0,
                        1.0,
                        0.9091703744040716,
                        0.0,
                        -1.43474265743495,
                        -1.1433572597271944,
                        -3.5502653233994863,
                        4.06028162107381,
                        0.0,
                        1.9277380403051467,
                        -2.5853506784093794
                    ],
                    [
                        -0.3419230621891233,
                        0.2857843677938468,
                        0.9091703744040716,
                        2.2551742004479376,
                        -0.18808059447469405,
                        -2.3793749863217037,
                        -2.2755499035513944,
                        -5.865393498755424,
                        6.91928553613093,
                        0.0,
                        2.700066946322221,
                        -5.283476094508421
                    ],
                    [
                        0.5500670041690946,
                        0.43836948054218117,
                        0.0,
                        -0.18808059447469405,
                        1.3025737090755627,
                        -0.6596317264822088,
                        -1.1512120032405728,
                        -2.391810986992112,
                        1.3924650353418133,
                        0.0,
                        1.0996357817128721,
                        -0.12365396925630989
                    ],
                    [
                        -1.199184320242254,
                        -2.1971275642366095,
                        -1.43474265743495,
                        -2.3793749863217037,
                        -0.6596317264822088,
                        6.664846189576949,
                        6.24198733053511,
                        12.883471708077199,
                        -12.017574051391751,
                        0.0,
                        -6.349021702547899,
                        5.726450063288769
                    ],
                    [
                        -1.0000489494743918,
                        -2.493105468683559,
                        -1.1433572597271944,
                        -2.2755499035513944,
                        -1.1512120032405728,
                        6.24198733053511,
                        7.578875337851331,
                        13.76169220076819,
                        -11.48580522973419,
                        0.0,
                        -5.88004499037626,
                        6.016317288033537
                    ],
                    [
                        -1.5651116255177033,
                        -3.39550046532014,
                        -3.5502653233994863,
                        -5.865393498755424,
                        -2.391810986992112,
                        12.883471708077199,
                        13.76169220076819,
                        30.71357324389488,
                        -29.116292264829564,
                        0.0,
                        -14.364713513499233,
                        16.28018144012897
                    ],
                    [
                        0.6507655833775707,
                        1.9138630411229332,
                        4.06028162107381,
                        6.91928553613093,
                        1.3924650353418133,
                        -12.017574051391751,
                        -11.48580522973419,
                        -29.116292264829564,
                        31.44559664529144,
                        0.0,
                        15.162125539054035,
                        -20.016547051794035
                    ],
                    [
                        0.0,
                        0.0,
                        0.0,
                        0.0,
                        0.0,
                        0.0,
                        0.0,
                        0.0,
                        0.0,
                        1e-09,
                        0.0,
                        7.179151250833476e-10
                    ],
                    [
                        0.8187315767861315,
                        0.9980956689014585,
                        1.9277380403051467,
                        2.700066946322221,
                        1.0996357817128721,
                        -6.349021702547899,
                        -5.88004499037626,
                        -14.364713513499233,
                        15.162125539054035,
                        0.0,
                        9.33396597078936,
                        -9.885954250296404
                    ],
                    [
                        1.1852594956247358,
                        0.23781017493797263,
                        -2.5853506784093794,
                        -5.283476094508421,
                        -0.12365396925630989,
                        5.726450063288769,
                        6.016317288033537,
                        16.28018144012897,
                        -20.016547051794035,
                        7.179151250833476e-10,
                        -9.885954250296404,
                        17.984674433495805
                    ]
                ],
                "mui": [
                    0.0,
                    0.0,
                    0.0,
                    0.0,
                    0.0,
                    0.0,
                    0.0,
                    0.0,
                    0.0,
                    1.0,
                    0.0,
                    0.7179151250833475
                ],
                "Ai": [
                    [
                        0.0,
                        0.0,
                        0.0,
                        0.0,
                        0.0,
                        0.0,
                        0.0,
                        0.0,
                        0.0,
                        0.0,
                        0.0,
                        0.0
                    ],
                    [
                        0.7969383315481021,
                        0.0,
                        0.0,
                        0.0,
                        0.0,
                        0.0,
                        0.0,
                        0.0,
                        0.0,
                        0.0,
                        0.0,
                        0.0
                    ],
                    [
                        0.0,
                        -0.0,
                        0.0,
                        0.0,
                        0.0,
                        0.0,
                        0.0,
                        0.0,
                        0.0,
                        0.0,
                        0.0,
                        0.0
                    ],
                    [
                        -0.7868345762814383,
                        0.5582759624926646,
                        0.9091703744040716,
                        0.0,
                        0.0,
                        0.0,
                        0.0,
                        0.0,
                        0.0,
                        0.0,
                        0.0,
                        0.0
                    ],
                    [
                        0.5500670041690946,
                        0.0,
                        0.0,
                        -0.0,
                        0.0,
                        0.0,
                        0.0,
                        0.0,
                        0.0,
                        0.0,
                        0.0,
                        0.0
                    ],
                    [
                        -0.8329226883183152,
                        -0.7993497249220844,
                        -0.7147655028174618,
                        -0.7919056481458795,
                        0.0,
                        0.0,
                        0.0,
                        0.0,
                        0.0,
                        0.0,
                        0.0,
                        0.0
                    ],
                    [
                        0.8495260734254593,
                        -0.7068059609774906,
                        -0.0,
                        0.0,
                        -0.601118073580744,
                        0.7969075525859823,
                        0.0,
                        0.0,
                        0.0,
                        0.0,
                        0.0,
                        0.0
                    ],
                    [
                        0.0,
                        0.9963706021498473,
                        -0.5529530085553016,
                        -0.6405060933253489,
                        -0.9378084026439,
                        0.8969571557437688,
                        0.9866386445121618,
                        0.0,
                        0.0,
                        0.0,
                        0.0,
                        0.0
                    ],
                    [
                        0.0,
                        -0.6132492057121742,
                        -0.0,
                        0.8378630643426701,
                        0.0,
                        -0.5143090277960005,
                        0.6443699956751852,
                        -0.928765896637691,
                        0.0,
                        0.0,
                        0.0,
                        0.0
                    ],
                    [
                        0.0,
                        0.0,
                        0.0,
                        0.0,
                        0.0,
                        0.0,
                        0.0,
                        0.0,
                        0.0,
                        0.0,
                        0.0,
                        0.0
                    ],
                    [
                        0.0,
                        -0.9574361265225877,
                        0.0,
                        -0.6419220316049852,
                        0.5253531930134412,
                        -0.8445115819822033,
                        -0.5609205630536716,
                        0.6082902382537569,
                        0.6940299090735783,
                        -0.0,
                        0.0,
                        0.0
                    ],
                    [
                        0.7644251612294989,
                        0.0,
                        -0.0,
                        -0.8687642594845341,
                        0.0,
                        -0.9038007920808181,
                        0.8672420589908587,
                        -0.646695231477963,
                        -0.7100568768851003,
                        0.7179151250833475,
                        -0.7851475324051946,
                        0.0
                    ]
                ]
            },
            "est_params": {
                "mui": [
                    -0.06431070279706015,
                    -0.09628753419909894,
                    0.012891115007284635,
                    0.02651344720268791,
                    -0.07202534845126446,
                    0.16245729849086168,
                    0.1791805425470449,
                    0.31244133177653893,
                    -0.18664916104108248,
                    0.40192165487448106,
                    -0.1507601525266485,
                    0.9906302614156041
                ],
                "Si": [
                    [
                        1.1482125199992925,
                        0.9815925418142146,
                        0.03249777255083758,
                        -0.33257670742747625,
                        0.6186089349199316,
                        -1.575640033630504,
                        -1.3581751953961239,
                        -2.2307532374859793,
                        1.0956653185958916,
                        1.4088734298978263,
                        1.1271740524062543,
                        0.22707558261416258
                    ],
                    [
                        0.9815925418142146,
                        1.8814624291154356,
                        0.022663505662631287,
                        0.30684223720044435,
                        0.5309267580666598,
                        -2.6475657136251916,
                        -2.9258149493609062,
                        -4.090815537648693,
                        2.3659813127782514,
                        2.0110301043679417,
                        1.3272613735327918,
                        -0.22169372516561092
                    ],
                    [
                        0.03249777255083758,
                        0.022663505662631266,
                        1.0319971994931378,
                        0.8902800060085753,
                        0.03748511729913663,
                        -1.540804315309279,
                        -1.24238848771613,
                        -3.734156398748755,
                        4.158482367460977,
                        0.783266449172053,
                        2.1057065280899154,
                        -1.3007954663282977
                    ],
                    [
                        -0.33257670742747625,
                        0.3068422372004443,
                        0.8902800060085753,
                        2.26304938872491,
                        -0.12648892366630468,
                        -2.469737832859042,
                        -2.3876068361025635,
                        -6.0414216541992065,
                        7.038402006470938,
                        1.0960254271381484,
                        2.860760856450781,
                        -2.5382214067901385
                    ],
                    [
                        0.6186089349199316,
                        0.5309267580666598,
                        0.037485117299136624,
                        -0.12648892366630468,
                        1.2640111328946715,
                        -0.9639831227129858,
                        -1.3625872624777284,
                        -2.8525572075581738,
                        1.8086104047159568,
                        0.7934281006932089,
                        1.3393055421909914,
                        -0.18839689030651113
                    ],
                    [
                        -1.575640033630504,
                        -2.6475657136251916,
                        -1.540804315309279,
                        -2.469737832859042,
                        -0.9639831227129858,
                        7.7457855088943095,
                        7.292487724935234,
                        14.823192082281503,
                        -13.437955381650005,
                        -4.981571231044098,
                        -7.396519589401964,
                        3.5493796934238055
                    ],
                    [
                        -1.3581751953961239,
                        -2.9258149493609062,
                        -1.24238848771613,
                        -2.3876068361025635,
                        -1.3625872624777284,
                        7.292487724935234,
                        8.563822964703197,
                        15.52054103109487,
                        -12.803816128680335,
                        -4.712536852030342,
                        -6.832473822825939,
                        3.5797687613671747
                    ],
                    [
                        -2.2307532374859793,
                        -4.090815537648693,
                        -3.734156398748755,
                        -6.0414216541992065,
                        -2.8525572075581733,
                        14.823192082281501,
                        15.52054103109487,
                        34.04239427387574,
                        -31.598547071325466,
                        -9.313168473779518,
                        -16.2178769252659,
                        8.91491454867926
                    ],
                    [
                        1.0956653185958916,
                        2.3659813127782514,
                        4.158482367460977,
                        7.038402006470938,
                        1.8086104047159568,
                        -13.437955381650001,
                        -12.803816128680335,
                        -31.598547071325466,
                        33.23717184974979,
                        7.779113402846811,
                        16.65074290395594,
                        -10.19344500957942
                    ],
                    [
                        1.4088734298978263,
                        2.0110301043679417,
                        0.783266449172053,
                        1.0960254271381487,
                        0.7934281006932089,
                        -4.981571231044099,
                        -4.712536852030342,
                        -9.313168473779518,
                        7.779113402846811,
                        9.11293748116056,
                        4.27596819535311,
                        -0.0689519278237017
                    ],
                    [
                        1.1271740524062543,
                        1.3272613735327918,
                        2.1057065280899154,
                        2.860760856450781,
                        1.3393055421909914,
                        -7.396519589401964,
                        -6.832473822825939,
                        -16.2178769252659,
                        16.65074290395594,
                        4.2759681953531095,
                        10.536599323168819,
                        -5.279933745581734
                    ],
                    [
                        0.22707558261416264,
                        -0.22169372516561092,
                        -1.3007954663282977,
                        -2.5382214067901385,
                        -0.18839689030651108,
                        3.5493796934238055,
                        3.5797687613671747,
                        8.914914548679263,
                        -10.19344500957942,
                        -0.0689519278237017,
                        -5.279933745581734,
                        8.201637510085561
                    ]
                ]
            },
            "est_tgt": [
                1,
                2,
                4,
                5,
                6,
                7,
                9,
                10,
                11
            ],
            "oracle_est_tgt": [
                9,
                2,
                7
            ]
        },
        "5": {
            "intv_type": "do",
            "inode": 5,
            "new_mui": 1.0,
            "new_vari": null,
            "noise_type": "gaussian",
            "obs_noise_gamma_shape": 2.0,
            "true_params": {
                "Si": [
                    [
                        1.0,
                        0.7969383315481021,
                        0.0,
                        -0.3419230621891233,
                        0.5500670041690946,
                        0.0,
                        -0.04440990773065223,
                        0.45337574036825795,
                        -1.224902841547905,
                        0.5828437127924395,
                        -0.8039748856571174,
                        2.6491875286891
                    ],
                    [
                        0.7969383315481021,
                        1.6351107042906727,
                        0.0,
                        0.2857843677938468,
                        0.43836948054218117,
                        0.0,
                        -0.7421979187485618,
                        0.30274187723773943,
                        -1.5227085752733727,
                        0.3791455489685968,
                        -1.9750028257308725,
                        2.4255461030056207
                    ],
                    [
                        0.0,
                        0.0,
                        1.0,
                        0.9091703744040716,
                        0.0,
                        0.0,
                        0.0,
                        -1.1352821732319982,
                        1.8161716414663713,
                        -0.2977361432945345,
                        -0.013720118264144654,
                        -1.5482352864359845
                    ],
                    [
                        -0.3419230621891233,
                        0.2857843677938468,
                        0.9091703744040716,
                        2.2551742004479376,
                        -0.18808059447469405,
                        0.0,
                        -0.3794080065174603,
                        -1.8603892074841593,
                        3.1976570445246297,
                        -0.6052416649936593,
                        -0.5196442371095787,
                        -3.64355621731874
                    ],
                    [
                        0.5500670041690946,
                        0.43836948054218117,
                        0.0,
                        -0.18808059447469405,
                        1.3025737090755627,
                        0.0,
                        -0.6255464984815697,
                        -1.2815076886860541,
                        0.36072172402849245,
                        0.2858581738108506,
                        0.2070384992708848,
                        0.6566606337729686
                    ],
                    [
                        0.0,
                        0.0,
                        0.0,
                        0.0,
                        0.0,
                        1e-09,
                        7.969075525859824e-10,
                        1.6832169432287067e-09,
                        -1.564120205096212e-09,
                        -1.4763091278149798e-09,
                        -1.3531751833741763e-09,
                        -1.8802560419500105e-10
                    ],
                    [
                        -0.04440990773065223,
                        -0.7421979187485618,
                        0.0,
                        -0.3794080065174603,
                        -0.6255464984815697,
                        7.969075525859824e-10,
                        1.8628898453984455,
                        1.9281508279876596,
                        -0.45315008221885783,
                        -0.056640983705809604,
                        0.43896700296085744,
                        0.6007635974503401
                    ],
                    [
                        0.45337574036825795,
                        0.30274187723773943,
                        -1.1352821732319982,
                        -1.8603892074841593,
                        -1.2815076886860541,
                        1.6832169432287067e-09,
                        1.9281508279876596,
                        6.225188222470561,
                        -6.283707599360012,
                        -0.045748923240801265,
                        -1.4247745830733711,
                        5.156789627128299
                    ],
                    [
                        -1.224902841547905,
                        -1.5227085752733727,
                        1.8161716414663713,
                        3.1976570445246297,
                        0.36072172402849245,
                        -1.564120205096212e-09,
                        -0.45315008221885783,
                        -6.283707599360012,
                        10.157095561373385,
                        -0.7336280528060657,
                        3.0759473200098135,
                        -10.197574450867718
                    ],
                    [
                        0.5828437127924395,
                        0.3791455489685968,
                        -0.2977361432945345,
                        -0.6052416649936593,
                        0.2858581738108506,
                        -1.4763091278149798e-09,
                        -0.056640983705809604,
                        -0.045748923240801265,
                        -0.7336280528060657,
                        1.8819643849518284,
                        -0.3295305227094212,
                        3.0825553120808014
                    ],
                    [
                        -0.8039748856571174,
                        -1.9750028257308725,
                        -0.013720118264144654,
                        -0.5196442371095787,
                        0.2070384992708848,
                        -1.3531751833741763e-09,
                        0.43896700296085744,
                        -1.4247745830733711,
                        3.0759473200098135,
                        -0.3295305227094212,
                        4.355175827310721,
                        -4.701172761183369
                    ],
                    [
                        2.6491875286891,
                        2.4255461030056207,
                        -1.5482352864359845,
                        -3.64355621731874,
                        0.6566606337729686,
                        -1.8802560419500105e-10,
                        0.6007635974503401,
                        5.156789627128299,
                        -10.197574450867718,
                        3.0825553120808014,
                        -4.701172761183369,
                        16.521618362254046
                    ]
                ],
                "mui": [
                    0.0,
                    0.0,
                    0.0,
                    0.0,
                    0.0,
                    1.0,
                    0.7969075525859823,
                    1.6832169432287065,
                    -1.564120205096212,
                    -1.4763091278149796,
                    -1.3531751833741763,
                    -0.18802560419500103
                ],
                "Ai": [
                    [
                        0.0,
                        0.0,
                        0.0,
                        0.0,
                        0.0,
                        0.0,
                        0.0,
                        0.0,
                        0.0,
                        0.0,
                        0.0,
                        0.0
                    ],
                    [
                        0.7969383315481021,
                        0.0,
                        0.0,
                        0.0,
                        0.0,
                        0.0,
                        0.0,
                        0.0,
                        0.0,
                        0.0,
                        0.0,
                        0.0
                    ],
                    [
                        0.0,
                        -0.0,
                        0.0,
                        0.0,
                        0.0,
                        0.0,
                        0.0,
                        0.0,
                        0.0,
                        0.0,
                        0.0,
                        0.0
                    ],
                    [
                        -0.7868345762814383,
                        0.5582759624926646,
                        0.9091703744040716,
                        0.0,
                        0.0,
                        0.0,
                        0.0,
                        0.0,
                        0.0,
                        0.0,
                        0.0,
                        0.0
                    ],
                    [
                        0.5500670041690946,
                        0.0,
                        0.0,
                        -0.0,
                        0.0,
                        0.0,
                        0.0,
                        0.0,
                        0.0,
                        0.0,
                        0.0,
                        0.0
                    ],
                    [
                        0.0,
                        0.0,
                        0.0,
                        0.0,
                        0.0,
                        0.0,
                        0.0,
                        0.0,
                        0.0,
                        0.0,
                        0.0,
                        0.0
                    ],
                    [
                        0.8495260734254593,
                        -0.7068059609774906,
                        -0.0,
                        0.0,
                        -0.601118073580744,
                        0.7969075525859823,
                        0.0,
                        0.0,
                        0.0,
                        0.0,
                        0.0,
                        0.0
                    ],
                    [
                        0.0,
                        0.9963706021498473,
                        -0.5529530085553016,
                        -0.6405060933253489,
                        -0.9378084026439,
                        0.8969571557437688,
                        0.9866386445121618,
                        0.0,
                        0.0,
                        0.0,
                        0.0,
                        0.0
                    ],
                    [
                        0.0,
                        -0.6132492057121742,
                        -0.0,
                        0.8378630643426701,
                        0.0,
                        -0.5143090277960005,
                        0.6443699956751852,
                        -0.928765896637691,
                        0.0,
                        0.0,
                        0.0,
                        0.0
                    ],
                    [
                        0.6961491022630644,
                        0.5339141222941717,
                        -0.5785210561865357,
                        -0.5051283590905162,
                        -0.7133586994868595,
                        -0.8024026160236849,
                        0.5311744387909008,
                        -0.6518490906464822,
                        0.0,
                        0.0,
                        0.0,
                        0.0
                    ],
                    [
                        0.0,
                        -0.9574361265225877,
                        0.0,
                        -0.6419220316049852,
                        0.5253531930134412,
                        -0.8445115819822033,
                        -0.5609205630536716,
                        0.6082902382537569,
                        0.6940299090735783,
                        -0.0,
                        0.0,
                        0.0
                    ],
                    [
                        0.7644251612294989,
                        0.0,
                        -0.0,
                        -0.8687642594845341,
                        0.0,
                        -0.9038007920808181,
                        0.8672420589908587,
                        -0.646695231477963,
                        -0.7100568768851003,
                        0.7179151250833475,
                        -0.7851475324051946,
                        0.0
                    ]
                ]
            },
            "est_params": {
                "mui": [
                    0.022968464820548668,
                    -0.01838786767504938,
                    -0.05038740325697566,
                    -0.09232686578810091,
                    0.006140399052996208,
                    1.0000006767218181,
                    0.8165324420088114,
                    1.73704438246121,
                    -1.6786595882962616,
                    -1.422945503163495,
                    -1.2936820281878958,
                    -0.11015756124567776
                ],
                "Si": [
                    [
                        0.9745129671576919,
                        0.7535470400395113,
                        0.0014322384059544829,
                        -0.32567587937984804,
                        0.5147133844529124,
                        3.371214454753626e-06,
                        -0.01639889476471572,
                        0.49501902769654393,
                        -1.2267462208561704,
                        0.5562534762465038,
                        -0.7786623780407821,
                        2.6126851271808276
                    ],
                    [
                        0.7535470400395115,
                        1.6120143238464566,
                        0.02533551360260638,
                        0.33253359492913337,
                        0.3853223675475154,
                        7.43543951243493e-06,
                        -0.7185536255800379,
                        0.3397713119572353,
                        -1.4787709396006745,
                        0.3289873311463236,
                        -1.9566879362267342,
                        2.2931596626877604
                    ],
                    [
                        0.0014322384059544905,
                        0.025335513602606375,
                        1.0065576554174676,
                        0.8928520552560149,
                        -0.002157857155640195,
                        -2.3167454791840714e-06,
                        -0.02197838398040555,
                        -1.1206282689686893,
                        1.7270735110454443,
                        -0.2999092786846629,
                        -0.024638161078254655,
                        -1.4547998708990262
                    ],
                    [
                        -0.32567587937984804,
                        0.33253359492913337,
                        0.8928520552560149,
                        2.2331221369848953,
                        -0.2237979194760911,
                        -9.885498941542485e-06,
                        -0.3990769139269764,
                        -1.8312463725510315,
                        3.0846068537273412,
                        -0.5939141899353327,
                        -0.623118046237076,
                        -3.4620496229976414
                    ],
                    [
                        0.5147133844529125,
                        0.3853223675475154,
                        -0.002157857155640195,
                        -0.2237979194760911,
                        1.3021785311953031,
                        3.4037986180889484e-06,
                        -0.5606247780573096,
                        -1.212100759315797,
                        0.3519689385351631,
                        0.24958111217274606,
                        0.2470130458356665,
                        0.6405468569244775
                    ],
                    [
                        3.3712144547536253e-06,
                        7.435439512434928e-06,
                        -2.316745479184071e-06,
                        -9.885498941542485e-06,
                        3.4037986180889484e-06,
                        1.0305114249453668e-06,
                        3.352378887278586e-06,
                        2.1849197436576315e-05,
                        -3.5726209058353816e-05,
                        -4.175372885769654e-06,
                        -1.4119429852693086e-05,
                        3.026161771234115e-05
                    ],
                    [
                        -0.01639889476471572,
                        -0.7185536255800379,
                        -0.021978383980405542,
                        -0.3990769139269764,
                        -0.5606247780573096,
                        3.3523788872785866e-06,
                        1.7980104409505941,
                        1.8604187975093212,
                        -0.5318831567352044,
                        -0.025648179147240324,
                        0.39589064366025806,
                        0.7175538994150434
                    ],
                    [
                        0.49501902769654393,
                        0.3397713119572353,
                        -1.1206282689686893,
                        -1.8312463725510315,
                        -1.212100759315797,
                        2.1849197436576315e-05,
                        1.8604187975093212,
                        6.143305187008962,
                        -6.284204798424372,
                        -0.028216883278552065,
                        -1.417776991649878,
                        5.1051019613516395
                    ],
                    [
                        -1.2267462208561704,
                        -1.4787709396006745,
                        1.727073511045444,
                        3.0846068537273412,
                        0.35196893853516314,
                        -3.5726209058353816e-05,
                        -0.5318831567352044,
                        -6.284204798424373,
                        9.932005652427474,
                        -0.6645052595766985,
                        2.9589042510991557,
                        -9.813421684982897
                    ],
                    [
                        0.5562534762465038,
                        0.3289873311463236,
                        -0.2999092786846629,
