{
    "expt_args": {
        "save_dir": "all_expt_logs/expt_logs_sim_compsel_n12",
        "exp_name": "84",
        "num_nodes": 12,
        "num_tgt_prior": 13,
        "obs_noise_mean": 0.0,
        "obs_noise_var": 1.0,
        "obs_noise_gamma_shape": 2.0,
        "noise_type": "gaussian",
        "max_edge_strength": 1.0,
        "graph_sparsity_method": "adj_dense_prop",
        "adj_dense_prop": 0.8,
        "num_parents": null,
        "new_noise_mean": 1.0,
        "mix_samples": 131072,
        "stage2_samples": 131072,
        "gmm_tol": 0.001,
        "intv_type": "do",
        "new_noise_var": null,
        "dtype": "simulation",
        "cutoff_drop_ratio": 0.07,
        "intv_targets": [
            4,
            10,
            9,
            0,
            2,
            7
        ]
    },
    "intv_args_dict": {
        "4": {
            "intv_type": "do",
            "inode": 4,
            "new_mui": 1.0,
            "new_vari": null,
            "noise_type": "gaussian",
            "obs_noise_gamma_shape": 2.0,
            "true_params": {
                "Si": [
                    [
                        1.0,
                        0.578941862694633,
                        -0.2067673674514151,
                        -0.1884915953814022,
                        0.0,
                        1.0892868887064242,
                        1.0130410678426789,
                        -0.4722790629457322,
                        -0.17635385553172928,
                        0.8962757150648727,
                        -2.028063363335433,
                        -2.3253880897917942
                    ],
                    [
                        0.578941862694633,
                        1.3351736803803314,
                        0.7703160011493152,
                        0.5460659177304839,
                        0.0,
                        2.1360965432671417,
                        1.3002741570337202,
                        -0.7351225362563226,
                        -1.8041934477383073,
                        4.639119137694344,
                        -2.650842544125708,
                        -2.360258203450485
                    ],
                    [
                        -0.2067673674514151,
                        0.7703160011493152,
                        1.834892413830318,
                        0.622109030393531,
                        0.0,
                        1.6920697568881056,
                        0.34775549899215497,
                        -0.72436635006518,
                        -3.2932912748163985,
                        6.206324762330306,
                        -2.2702120238167325,
                        -2.3456798941679287
                    ],
                    [
                        -0.1884915953814022,
                        0.5460659177304839,
                        0.622109030393531,
                        1.4648051051496953,
                        0.0,
                        0.7810451224479188,
                        1.0812301381082667,
                        -0.21348159693399088,
                        0.14247033836546685,
                        1.905592147665495,
                        0.041693382845120586,
                        0.3346811544099356
                    ],
                    [
                        0.0,
                        0.0,
                        0.0,
                        0.0,
                        1e-09,
                        -9.74144954765565e-10,
                        -1.6259906026190954e-09,
                        -7.471311070513727e-10,
                        -3.395094216379675e-10,
                        4.386792246477368e-10,
                        2.680944431837475e-09,
                        1.8593857230542497e-09
                    ],
                    [
                        1.0892868887064242,
                        2.1360965432671417,
                        1.6920697568881056,
                        0.7810451224479188,
                        -9.74144954765565e-10,
                        4.7863586623107945,
                        2.9145662999699398,
                        -0.6799266422563776,
                        -3.935665740548206,
                        9.942547708568247,
                        -6.133858149899174,
                        -6.256486214925646
                    ],
                    [
                        1.0130410678426789,
                        1.3002741570337202,
                        0.34775549899215497,
                        1.0812301381082667,
                        -1.6259906026190954e-09,
                        2.9145662999699398,
                        3.7999362142756237,
                        -0.1764629629331098,
                        0.17180685122456457,
                        2.943699611201775,
                        -4.092134691312333,
                        -4.459967782103623
                    ],
                    [
                        -0.4722790629457322,
                        -0.7351225362563226,
                        -0.72436635006518,
                        -0.21348159693399088,
                        -7.471311070513727e-10,
                        -0.6799266422563776,
                        -0.1764629629331098,
                        2.193442596024366,
                        2.068182214371486,
                        -2.2263285638132704,
                        2.1517952973205072,
                        1.5217215699022835
                    ],
                    [
                        -0.17635385553172928,
                        -1.8041934477383073,
                        -3.2932912748163985,
                        0.14247033836546685,
                        -3.395094216379675e-10,
                        -3.935665740548206,
                        0.17180685122456457,
                        2.068182214371486,
                        9.341661939846752,
                        -14.347087604364884,
                        6.521984237532922,
                        6.042184319235429
                    ],
                    [
                        0.8962757150648727,
                        4.639119137694344,
                        6.206324762330306,
                        1.905592147665495,
                        4.386792246477368e-10,
                        9.942547708568247,
                        2.943699611201775,
                        -2.2263285638132704,
                        -14.347087604364884,
                        30.114748125484105,
                        -11.73141722665029,
                        -12.196507007807655
                    ],
                    [
                        -2.028063363335433,
                        -2.650842544125708,
                        -2.2702120238167325,
                        0.041693382845120586,
                        2.680944431837475e-09,
                        -6.133858149899174,
                        -4.092134691312333,
                        2.1517952973205072,
                        6.521984237532922,
                        -11.73141722665029,
                        12.043855943519985,
                        12.103259534005149
                    ],
                    [
                        -2.3253880897917942,
                        -2.360258203450485,
                        -2.3456798941679287,
                        0.3346811544099356,
                        1.8593857230542497e-09,
                        -6.256486214925646,
                        -4.459967782103623,
                        1.5217215699022835,
                        6.042184319235429,
                        -12.196507007807655,
                        12.103259534005149,
                        14.793256212307796
                    ]
                ],
                "mui": [
                    0.0,
                    0.0,
                    0.0,
                    0.0,
                    1.0,
                    -0.9741449547655648,
                    -1.6259906026190953,
                    -0.7471311070513726,
                    -0.3395094216379675,
                    0.4386792246477368,
                    2.680944431837475,
                    1.8593857230542497
                ],
                "Ai": [
                    [
                        0.0,
                        0.0,
                        0.0,
                        0.0,
                        0.0,
                        0.0,
                        0.0,
                        0.0,
                        0.0,
                        0.0,
                        0.0,
                        0.0
                    ],
                    [
                        0.578941862694633,
                        0.0,
                        0.0,
                        0.0,
                        0.0,
                        0.0,
                        0.0,
                        0.0,
                        0.0,
                        0.0,
                        0.0,
                        0.0
                    ],
                    [
                        -0.7220385275515239,
                        0.8900222860061031,
                        0.0,
                        0.0,
                        0.0,
                        0.0,
                        0.0,
                        0.0,
                        0.0,
                        0.0,
                        0.0,
                        0.0
                    ],
                    [
                        -0.5678094366910875,
                        0.6551915930628759,
                        -0.0,
                        0.0,
                        0.0,
                        0.0,
                        0.0,
                        0.0,
                        0.0,
                        0.0,
                        0.0,
                        0.0
                    ],
                    [
                        0.0,
                        0.0,
                        0.0,
                        0.0,
                        0.0,
                        0.0,
                        0.0,
                        0.0,
                        0.0,
                        0.0,
                        0.0,
                        0.0
                    ],
                    [
                        0.6346189223813361,
                        0.9915609316214377,
                        0.5774033295225165,
                        0.0,
                        -0.9741449547655648,
                        0.0,
                        0.0,
                        0.0,
                        0.0,
                        0.0,
                        0.0,
                        0.0
                    ],
                    [
                        0.5042475952464565,
                        -0.5188312971831466,
                        -0.5293468223593335,
                        0.804515719819545,
                        -0.8646232302821242,
                        0.7815750300941606,
                        0.0,
                        0.0,
                        0.0,
                        0.0,
                        0.0,
                        0.0
                    ],
                    [
                        -0.9885354061248728,
                        -0.8563055505456993,
                        -0.8539403757014152,
                        0.0,
                        0.0,
                        0.7669609162336372,
                        -0.0,
                        0.0,
                        0.0,
                        0.0,
                        0.0,
                        0.0
                    ],
                    [
                        0.5535373750709938,
                        -0.0,
                        -0.9765645471585793,
                        0.7877635526221427,
                        -0.0,
                        -0.9832036977169576,
                        0.542766002994647,
                        0.5551367344645265,
                        0.0,
                        0.0,
                        0.0,
                        0.0
                    ],
                    [
                        0.7170331149138685,
                        0.6059850701973513,
                        0.8567835112939586,
                        0.9611809139977822,
                        0.6298009551324286,
                        0.9753618686616243,
                        -0.6478750359367029,
                        0.7892981785554287,
                        -0.8697626515083496,
                        0.0,
                        0.0,
                        0.0
                    ],
                    [
                        -0.7551539142422872,
                        0.0,
                        -0.8525525794891871,
                        0.5133011817095108,
                        0.6908117836761489,
                        -0.8507315325305239,
                        -0.7481877254917308,
                        -0.0,
                        0.8599867204759712,
                        0.5398573445494952,
                        0.0,
                        0.0
                    ],
                    [
                        -0.8758050006038987,
                        0.9048721694645276,
                        -0.8099394550822865,
                        0.9890363771792012,
                        -0.7123137905914894,
                        0.9073747448054238,
                        -0.6578681029425414,
                        0.0,
                        -0.7031888750748774,
                        -0.6319871733834592,
                        0.9043182903641142,
                        0.0
                    ]
                ]
            },
            "est_params": {
                "mui": [
                    -0.009147170752566757,
                    -0.01141432335292148,
                    -0.0037175920379107774,
                    -0.005304988813245133,
                    0.9999985055105008,
                    -0.9924499354620957,
                    -1.626181523053478,
                    -0.7262140235411607,
                    -0.31258683309501967,
                    0.3878893366038204,
                    2.698279196428711,
                    1.8612073085587448
                ],
                "Si": [
                    [
                        1.0026335575737748,
                        0.5858590059227736,
                        -0.20531909772385723,
                        -0.17517193704962253,
                        -3.7491205197506684e-07,
                        1.0989850475230352,
                        1.0298775239682016,
                        -0.47971356708120727,
                        -0.16806763662273672,
                        0.8958986963596629,
                        -2.044546309159918,
                        -2.326183850715853
                    ],
                    [
                        0.5858590059227736,
                        1.3452015775253996,
                        0.7794852034131647,
                        0.5620432985156253,
                        -7.590993400978041e-07,
                        2.142496194236707,
                        1.3200077149122509,
                        -0.7617829867618194,
                        -1.8088639717634243,
                        4.658414459317335,
                        -2.674969235952912,
                        -2.371672289644445
                    ],
                    [
                        -0.20531909772385717,
                        0.7794852034131647,
                        1.853231743385947,
                        0.6269532394859241,
                        8.750189070226762e-07,
                        1.711676679741756,
                        0.3661418519398197,
                        -0.7396732570521298,
                        -3.32780422889864,
                        6.2796830625491955,
                        -2.284487506507497,
                        -2.3637735849054673
                    ],
                    [
                        -0.17517193704962253,
                        0.5620432985156253,
                        0.626953239485924,
                        1.4662288539414787,
                        -1.2437081239882265e-06,
                        0.7898955643703218,
                        1.0934718220606339,
                        -0.23908658487725024,
                        0.14449144010081375,
                        1.9171789355474764,
                        0.015408849817011615,
                        0.3123884000729514
                    ],
                    [
                        -3.7491205197506647e-07,
                        -7.590993400978043e-07,
                        8.75018907022676e-07,
                        -1.243708123988227e-06,
                        1.0130468333378652e-06,
                        2.0849490021587757e-07,
                        -1.7900764093372674e-06,
                        4.036399711905079e-07,
                        -2.595451960953607e-06,
                        3.3847384005924715e-06,
                        4.305414665504234e-07,
                        8.367693706627142e-08
                    ],
                    [
                        1.0989850475230352,
                        2.142496194236707,
                        1.711676679741756,
                        0.7898955643703217,
                        2.084949002158772e-07,
                        4.79510847384203,
                        2.925565934332793,
                        -0.7190892378284909,
                        -3.9735327393865023,
                        9.997459378807473,
                        -6.165174027246763,
                        -6.279550302558787
                    ],
                    [
                        1.0298775239682016,
                        1.320007714912251,
                        0.3661418519398197,
                        1.0934718220606336,
                        -1.7900764093372674e-06,
                        2.9255659343327935,
                        3.8244046130912293,
                        -0.2305614420087262,
                        0.155659060534832,
                        2.9742422013689227,
                        -4.155704404801398,
                        -4.508227953682773
                    ],
                    [
                        -0.47971356708120727,
                        -0.7617829867618194,
                        -0.7396732570521298,
                        -0.23908658487725024,
                        4.0363997119050785e-07,
                        -0.719089237828491,
                        -0.2305614420087262,
                        2.2030783461325263,
                        2.061975305451605,
                        -2.28182763598779,
                        2.1984042503511807,
                        1.5696661649628003
                    ],
                    [
                        -0.16806763662273672,
                        -1.8088639717634243,
                        -3.32780422889864,
                        0.14449144010081375,
                        -2.595451960953607e-06,
                        -3.9735327393865023,
                        0.15565906053483203,
                        2.061975305451605,
                        9.418908365523023,
                        -14.516365861819985,
                        6.513125809732331,
                        6.064319651070831
                    ],
                    [
                        0.8958986963596627,
                        4.658414459317335,
                        6.2796830625491955,
                        1.9171789355474764,
                        3.3847384005924707e-06,
                        9.997459378807473,
                        2.9742422013689227,
                        -2.28182763598779,
                        -14.516365861819985,
                        30.415362012710972,
                        -11.764390976915298,
                        -12.263781450932198
                    ],
                    [
                        -2.044546309159918,
                        -2.674969235952912,
                        -2.284487506507497,
                        0.015408849817011613,
                        4.305414665504235e-07,
                        -6.165174027246763,
                        -4.155704404801399,
                        2.1984042503511807,
                        6.513125809732331,
                        -11.764390976915298,
                        12.099092298591282,
                        12.132878629733172
                    ],
                    [
                        -2.326183850715853,
                        -2.371672289644445,
                        -2.3637735849054673,
                        0.3123884000729514,
                        8.367693706627077e-08,
                        -6.279550302558787,
                        -4.5082279536827725,
                        1.5696661649628003,
                        6.064319651070831,
                        -12.263781450932198,
                        12.132878629733172,
                        14.805515516764004
                    ]
                ]
            },
            "est_tgt": [
                0,
                1,
                2,
                4,
                5,
                6,
                8,
                10,
                11
            ],
            "oracle_est_tgt": [
                1,
                2,
                4,
                5,
                6,
                8,
                9,
                11
            ]
        },
        "10": {
            "intv_type": "do",
            "inode": 10,
            "new_mui": 1.0,
            "new_vari": null,
            "noise_type": "gaussian",
            "obs_noise_gamma_shape": 2.0,
            "true_params": {
                "Si": [
                    [
                        1.0,
                        0.578941862694633,
                        -0.2067673674514151,
                        -0.1884915953814022,
                        -0.864137219109965,
                        1.931081800927542,
                        2.41812006548888,
                        0.17334473421219032,
                        0.1170288719441368,
                        0.5171966697964612,
                        0.0,
                        -0.0031000249776360067
                    ],
                    [
                        0.578941862694633,
                        1.3351736803803314,
                        0.7703160011493152,
                        0.5460659177304839,
                        -2.359279076376799,
                        4.434376352403562,
                        5.136439764178254,
                        1.0275682519202154,
                        -1.0031959730350617,
                        3.60415242174174,
                        0.0,
                        1.3700374569823557
                    ],
                    [
                        -0.2067673674514151,
                        0.7703160011493152,
                        1.834892413830318,
                        0.622109030393531,
                        -2.2596941644454116,
                        3.893339426495792,
                        4.021996975173603,
                        0.9639214526144473,
                        -2.526103815966846,
                        5.215043878330377,
                        0.0,
                        0.9841350305957584
                    ],
                    [
                        -0.1884915953814022,
                        0.5460659177304839,
                        0.622109030393531,
                        1.4648051051496953,
                        -1.8075775916018568,
                        2.541887713654159,
                        4.020334315557744,
                        1.1370158501607588,
                        0.7561599610559636,
                        1.1126454112909687,
                        0.0,
                        1.3183331701873109
                    ],
                    [
                        -0.864137219109965,
                        -2.359279076376799,
                        -2.2596941644454116,
                        -1.8075775916018568,
                        6.383171347962244,
                        -10.410655887983225,
                        -13.125480872139526,
                        -3.180428089455643,
                        1.6506193258411865,
                        -7.299091797886955,
                        0.0,
                        -3.2416915711904934
                    ],
                    [
                        1.931081800927542,
                        4.434376352403562,
                        3.893339426495792,
                        2.541887713654159,
                        -10.410655887983225,
                        19.011970455583427,
                        22.51768819329076,
                        5.5506347313141395,
                        -4.120207603678817,
                        15.213748979091564,
                        0.0,
                        4.817299574525188
                    ],
                    [
                        2.41812006548888,
                        5.136439764178254,
                        4.021996975173603,
                        4.020334315557744,
                        -13.125480872139526,
                        22.51768819329076,
                        29.607634857735086,
                        7.046881979033697,
                        -1.579620593749301,
                        13.607119930049636,
                        0.0,
                        6.063472996187128
                    ],
                    [
                        0.17334473421219032,
                        1.0275682519202154,
                        0.9639214526144473,
                        1.1370158501607588,
                        -3.180428089455643,
                        5.5506347313141395,
                        7.046881979033697,
                        3.3827186468968278,
                        0.29559567388111396,
                        3.923952364255846,
                        0.0,
                        1.100136278662534
                    ],
                    [
                        0.1170288719441368,
                        -1.0031959730350617,
                        -2.526103815966846,
                        0.7561599610559636,
                        1.6506193258411865,
                        -4.120207603678817,
                        -1.579620593749301,
                        0.29559567388111396,
                        7.485093553472167,
                        -10.194202479951509,
                        0.0,
                        -0.9123762650070131
                    ],
                    [
                        0.5171966697964612,
                        3.60415242174174,
                        5.215043878330377,
                        1.1126454112909687,
                        -7.299091797886955,
                        15.213748979091564,
                        13.607119930049636,
                        3.923952364255846,
                        -10.194202479951509,
                        22.482454203298648,
                        0.0,
                        2.6968630413305497
                    ],
                    [
                        0.0,
                        0.0,
                        0.0,
                        0.0,
                        0.0,
                        0.0,
                        0.0,
                        0.0,
                        0.0,
                        0.0,
                        1e-09,
                        9.043182903641142e-10
                    ],
                    [
                        -0.0031000249776360067,
                        1.3700374569823557,
                        0.9841350305957584,
                        1.3183331701873109,
                        -3.2416915711904934,
                        4.817299574525188,
                        6.063472996187128,
                        1.100136278662534,
                        -0.9123762650070131,
                        2.6968630413305497,
                        9.043182903641142e-10,
                        4.377635551078385
                    ]
                ],
                "mui": [
                    0.0,
                    0.0,
                    0.0,
                    0.0,
                    0.0,
                    0.0,
                    0.0,
                    0.0,
                    0.0,
                    0.0,
                    1.0,
                    0.9043182903641142
                ],
                "Ai": [
                    [
                        0.0,
                        0.0,
                        0.0,
                        0.0,
                        0.0,
                        0.0,
                        0.0,
                        0.0,
                        0.0,
                        0.0,
                        0.0,
                        0.0
                    ],
                    [
                        0.578941862694633,
                        0.0,
                        0.0,
                        0.0,
                        0.0,
                        0.0,
                        0.0,
                        0.0,
                        0.0,
                        0.0,
                        0.0,
                        0.0
                    ],
                    [
                        -0.7220385275515239,
                        0.8900222860061031,
                        0.0,
                        0.0,
                        0.0,
                        0.0,
                        0.0,
                        0.0,
                        0.0,
                        0.0,
                        0.0,
                        0.0
                    ],
                    [
                        -0.5678094366910875,
                        0.6551915930628759,
                        -0.0,
                        0.0,
                        0.0,
                        0.0,
                        0.0,
                        0.0,
                        0.0,
                        0.0,
                        0.0,
                        0.0
                    ],
                    [
                        -0.78109428289342,
                        -0.6683659573347258,
                        -0.7838235728507934,
                        -0.7524630426772638,
                        0.0,
                        0.0,
                        0.0,
                        0.0,
                        0.0,
                        0.0,
                        0.0,
                        0.0
                    ],
                    [
                        0.6346189223813361,
                        0.9915609316214377,
                        0.5774033295225165,
                        0.0,
                        -0.9741449547655648,
                        0.0,
                        0.0,
                        0.0,
                        0.0,
                        0.0,
                        0.0,
                        0.0
                    ],
                    [
                        0.5042475952464565,
                        -0.5188312971831466,
                        -0.5293468223593335,
                        0.804515719819545,
                        -0.8646232302821242,
                        0.7815750300941606,
                        0.0,
                        0.0,
                        0.0,
                        0.0,
                        0.0,
                        0.0
                    ],
                    [
                        -0.9885354061248728,
                        -0.8563055505456993,
                        -0.8539403757014152,
                        0.0,
                        0.0,
                        0.7669609162336372,
                        -0.0,
                        0.0,
                        0.0,
                        0.0,
                        0.0,
                        0.0
                    ],
                    [
                        0.5535373750709938,
                        -0.0,
                        -0.9765645471585793,
                        0.7877635526221427,
                        -0.0,
                        -0.9832036977169576,
                        0.542766002994647,
                        0.5551367344645265,
                        0.0,
                        0.0,
                        0.0,
                        0.0
                    ],
                    [
                        0.7170331149138685,
                        0.6059850701973513,
                        0.8567835112939586,
                        0.9611809139977822,
                        0.6298009551324286,
                        0.9753618686616243,
                        -0.6478750359367029,
                        0.7892981785554287,
                        -0.8697626515083496,
                        0.0,
                        0.0,
                        0.0
                    ],
                    [
                        0.0,
                        0.0,
                        0.0,
                        0.0,
                        0.0,
                        0.0,
                        0.0,
                        0.0,
                        0.0,
                        0.0,
                        0.0,
                        0.0
                    ],
                    [
                        -0.8758050006038987,
                        0.9048721694645276,
                        -0.8099394550822865,
                        0.9890363771792012,
                        -0.7123137905914894,
                        0.9073747448054238,
                        -0.6578681029425414,
                        0.0,
                        -0.7031888750748774,
                        -0.6319871733834592,
                        0.9043182903641142,
                        0.0
                    ]
                ]
            },
            "est_params": {
                "mui": [
                    -0.0032274763266196926,
                    0.00594629862476762,
                    0.008175222350338232,
                    0.018337885573790205,
                    -0.01695418365699669,
                    0.021510950408588463,
                    0.041936707658696136,
                    0.005363245131584938,
                    0.011931020099302107,
                    0.0041184887473717565,
                    1.0000000113149818,
                    0.9188593088357457
                ],
                "Si": [
                    [
                        0.9939301227053478,
                        0.5816530138293706,
                        -0.1889606192721664,
                        -0.18206710939361068,
                        -0.8864721407531759,
                        1.9657821521722332,
                        2.452447101123752,
                        0.19093049960358743,
                        0.08849934736195768,
                        0.5809876321956033,
                        6.026466924113248e-07,
                        -0.014819565080680512
                    ],
                    [
                        0.5816530138293706,
                        1.3417072109888821,
                        0.7814323747996353,
                        0.5536679498753074,
                        -2.3763486849075997,
                        4.456037165237199,
                        5.15907797278719,
                        1.0217584722138533,
                        -1.018522814731575,
                        3.6487289466329553,
                        -2.539646468935332e-07,
                        1.367975675211105
                    ],
                    [
                        -0.18896061927216637,
                        0.7814323747996351,
                        1.8047772857630815,
                        0.6237949459756421,
                        -2.261275720081332,
                        3.8931606135712467,
                        4.040461711050121,
                        0.9607344182984419,
                        -2.4717680338882695,
                        5.154543614092465,
                        -9.724846205589807e-07,
                        1.0000547744141572
                    ],
                    [
                        -0.18206710939361068,
                        0.5536679498753074,
                        0.6237949459756421,
                        1.469465216330453,
                        -1.8153759687232356,
                        2.567363907678411,
                        4.044701820049933,
                        1.1427716701163129,
                        0.7643463420417544,
                        1.1339869249484151,
                        -2.268078515369392e-07,
                        1.3214455469207231
                    ],
                    [
                        -0.8864721407531758,
                        -2.3763486849075997,
                        -2.261275720081332,
                        -1.8153759687232356,
                        6.413541763573642,
                        -10.462493518298361,
                        -13.190449914190479,
                        -3.1837456461236187,
                        1.6419675117817643,
                        -7.341761360112303,
                        5.377556091090539e-07,
                        -3.2296085861534167
                    ],
                    [
                        1.9657821521722332,
                        4.456037165237199,
                        3.8931606135712467,
                        2.567363907678411,
                        -10.462493518298361,
                        19.07749310828272,
                        22.623095365011967,
                        5.530753580738255,
                        -4.095734051924569,
                        15.254909021836525,
                        -1.2032549176890413e-07,
                        4.8026038070565376
                    ],
                    [
                        2.452447101123752,
                        5.15907797278719,
                        4.040461711050121,
                        4.044701820049933,
                        -13.190449914190479,
                        22.623095365011967,
                        29.728673835915593,
                        7.048101723727236,
                        -1.582380038052424,
                        13.71645991327782,
                        1.0879532797514453e-06,
                        6.0374116027904074
                    ],
                    [
                        0.19093049960358743,
                        1.0217584722138533,
                        0.9607344182984419,
                        1.1427716701163129,
                        -3.1837456461236187,
                        5.530753580738255,
                        7.048101723727236,
                        3.347097079551268,
                        0.32387767784294175,
                        3.868133575978528,
                        5.5099800059243e-07,
                        1.0789414820112926
                    ],
                    [
                        0.08849934736195768,
                        -1.018522814731575,
                        -2.4717680338882695,
