{
    "expt_args": {
        "save_dir": "all_expt_logs/expt_logs_sim_compsel_n12",
        "exp_name": "43",
        "num_nodes": 12,
        "num_tgt_prior": 13,
        "obs_noise_mean": 0.0,
        "obs_noise_var": 1.0,
        "obs_noise_gamma_shape": 2.0,
        "noise_type": "gaussian",
        "max_edge_strength": 1.0,
        "graph_sparsity_method": "adj_dense_prop",
        "adj_dense_prop": 0.8,
        "num_parents": null,
        "new_noise_mean": 1.0,
        "mix_samples": 1048576,
        "stage2_samples": 1048576,
        "gmm_tol": 0.001,
        "intv_type": "do",
        "new_noise_var": null,
        "dtype": "simulation",
        "cutoff_drop_ratio": 0.07,
        "intv_targets": [
            0,
            8,
            5,
            2,
            10,
            4
        ]
    },
    "intv_args_dict": {
        "0": {
            "intv_type": "do",
            "inode": 0,
            "new_mui": 1.0,
            "new_vari": null,
            "noise_type": "gaussian",
            "obs_noise_gamma_shape": 2.0,
            "true_params": {
                "Si": [
                    [
                        1e-09,
                        7.969383315481022e-10,
                        0.0,
                        -3.419230621891233e-10,
                        5.500670041690946e-10,
                        -1.1991843202422541e-09,
                        -1.0000489494743918e-09,
                        -1.5651116255177035e-09,
                        6.507655833775707e-10,
                        2.353210470698681e-09,
                        8.187315767861315e-10,
                        2.8746648850438226e-09
                    ],
                    [
                        7.969383315481022e-10,
                        1.0000000006351106,
                        0.0,
                        0.5582759622201731,
                        4.383694805421812e-10,
                        -1.2414516137997786,
                        -1.6961281282199823,
                        -2.148203019040821,
                        1.3952430033957046,
                        1.747421402600229,
                        0.3456170927642506,
                        0.5477317058088914
                    ],
                    [
                        0.0,
                        0.0,
                        1.0,
                        0.9091703744040716,
                        0.0,
                        -1.43474265743495,
                        -1.1433572597271944,
                        -3.5502653233994863,
                        4.06028162107381,
                        1.8203875379422025,
                        1.9277380403051467,
                        -1.2784669314074362
                    ],
                    [
                        -3.419230621891233e-10,
                        0.5582759622201731,
                        0.9091703744040716,
                        2.138262820108062,
                        -1.8808059447469407e-10,
                        -2.789403760818089,
                        -2.6174897023527546,
                        -6.400541257885086,
                        7.141797296944168,
                        3.7120682751198983,
                        2.980010153887921,
                        -2.213258578630315
                    ],
                    [
                        5.500670041690946e-10,
                        4.3836948054218124e-10,
                        0.0,
                        -1.8808059447469407e-10,
                        1.0000000003025737,
                        -6.596317264822089e-10,
                        -0.601118074130838,
                        -1.5308947248142832,
                        1.0345003608349246,
                        -0.03474491988925534,
                        0.649278556501843,
                        -0.8005700120339138
                    ],
                    [
                        -1.1991843202422541e-09,
                        -1.2414516137997786,
                        -1.43474265743495,
                        -2.789403760818089,
                        -6.596317264822089e-10,
                        5.226803157100115,
                        5.042744312049925,
                        11.006614389204358,
                        -11.237186168432451,
                        -7.113867994516958,
                        -5.367211634160564,
                        2.0406412333287856
                    ],
                    [
                        -1.0000489494743918e-09,
                        -1.6961281282199823,
                        -1.1433572597271944,
                        -2.6174897023527546,
                        -0.601118074130838,
                        5.042744312049925,
                        6.578777437506594,
                        12.19650396542424,
                        -10.835007792374158,
                        -6.9952622597491185,
                        -5.061273337928548,
                        2.1796302201036752
                    ],
                    [
                        -1.5651116255177035e-09,
                        -2.148203019040821,
                        -3.5502653233994863,
                        -6.400541257885086,
                        -1.5308947248142832,
                        11.006614389204358,
                        12.19650396542424,
                        28.263998846013788,
                        -28.097771485817038,
                        -15.54500768926707,
                        -13.083307205774222,
                        6.975248714469663
                    ],
                    [
                        6.507655833775707e-10,
                        1.3952430033957046,
                        4.06028162107381,
                        7.141797296944168,
                        1.0345003608349246,
                        -11.237186168432451,
                        -10.835007792374158,
                        -28.097771485817038,
                        31.02210080120619,
                        15.627462537681831,
                        14.629323207389971,
                        -9.568681415671568
                    ],
                    [
                        2.353210470698681e-09,
                        1.747421402600229,
                        1.8203875379422025,
                        3.7120682751198983,
                        -0.03474491988925534,
                        -7.113867994516958,
                        -6.9952622597491185,
                        -15.54500768926707,
                        15.627462537681831,
                        11.155035989360583,
                        7.247424190291552,
                        -1.5874114204128456
                    ],
                    [
                        8.187315767861315e-10,
                        0.3456170927642506,
                        1.9277380403051467,
                        2.980010153887921,
                        0.649278556501843,
                        -5.367211634160564,
                        -5.061273337928548,
                        -13.083307205774222,
                        14.629323207389971,
                        7.247424190291552,
                        8.663644576632976,
                        -5.653328180974333
                    ],
                    [
                        2.8746648850438226e-09,
                        0.5477317058088914,
                        -1.2784669314074362,
                        -2.213258578630315,
                        -0.8005700120339138,
                        2.0406412333287856,
                        2.1796302201036752,
                        6.975248714469663,
                        -9.568681415671568,
                        -1.5874114204128456,
                        -5.653328180974333,
                        8.551251751819354
                    ]
                ],
                "mui": [
                    1.0,
                    0.7969383315481021,
                    0.0,
                    -0.3419230621891233,
                    0.5500670041690946,
                    -1.199184320242254,
                    -1.0000489494743918,
                    -1.5651116255177033,
                    0.6507655833775707,
                    2.3532104706986807,
                    0.8187315767861315,
                    2.8746648850438223
                ],
                "Ai": [
                    [
                        0.0,
                        0.0,
                        0.0,
                        0.0,
                        0.0,
                        0.0,
                        0.0,
                        0.0,
                        0.0,
                        0.0,
                        0.0,
                        0.0
                    ],
                    [
                        0.7969383315481021,
                        0.0,
                        0.0,
                        0.0,
                        0.0,
                        0.0,
                        0.0,
                        0.0,
                        0.0,
                        0.0,
                        0.0,
                        0.0
                    ],
                    [
                        0.0,
                        -0.0,
                        0.0,
                        0.0,
                        0.0,
                        0.0,
                        0.0,
                        0.0,
                        0.0,
                        0.0,
                        0.0,
                        0.0
                    ],
                    [
                        -0.7868345762814383,
                        0.5582759624926646,
                        0.9091703744040716,
                        0.0,
                        0.0,
                        0.0,
                        0.0,
                        0.0,
                        0.0,
                        0.0,
                        0.0,
                        0.0
                    ],
                    [
                        0.5500670041690946,
                        0.0,
                        0.0,
                        -0.0,
                        0.0,
                        0.0,
                        0.0,
                        0.0,
                        0.0,
                        0.0,
                        0.0,
                        0.0
                    ],
                    [
                        -0.8329226883183152,
                        -0.7993497249220844,
                        -0.7147655028174618,
                        -0.7919056481458795,
                        0.0,
                        0.0,
                        0.0,
                        0.0,
                        0.0,
                        0.0,
                        0.0,
                        0.0
                    ],
                    [
                        0.8495260734254593,
                        -0.7068059609774906,
                        -0.0,
                        0.0,
                        -0.601118073580744,
                        0.7969075525859823,
                        0.0,
                        0.0,
                        0.0,
                        0.0,
                        0.0,
                        0.0
                    ],
                    [
                        0.0,
                        0.9963706021498473,
                        -0.5529530085553016,
                        -0.6405060933253489,
                        -0.9378084026439,
                        0.8969571557437688,
                        0.9866386445121618,
                        0.0,
                        0.0,
                        0.0,
                        0.0,
                        0.0
                    ],
                    [
                        0.0,
                        -0.6132492057121742,
                        -0.0,
                        0.8378630643426701,
                        0.0,
                        -0.5143090277960005,
                        0.6443699956751852,
                        -0.928765896637691,
                        0.0,
                        0.0,
                        0.0,
                        0.0
                    ],
                    [
                        0.6961491022630644,
                        0.5339141222941717,
                        -0.5785210561865357,
                        -0.5051283590905162,
                        -0.7133586994868595,
                        -0.8024026160236849,
                        0.5311744387909008,
                        -0.6518490906464822,
                        0.0,
                        0.0,
                        0.0,
                        0.0
                    ],
                    [
                        0.0,
                        -0.9574361265225877,
                        0.0,
                        -0.6419220316049852,
                        0.5253531930134412,
                        -0.8445115819822033,
                        -0.5609205630536716,
                        0.6082902382537569,
                        0.6940299090735783,
                        -0.0,
                        0.0,
                        0.0
                    ],
                    [
                        0.7644251612294989,
                        0.0,
                        -0.0,
                        -0.8687642594845341,
                        0.0,
                        -0.9038007920808181,
                        0.8672420589908587,
                        -0.646695231477963,
                        -0.7100568768851003,
                        0.7179151250833475,
                        -0.7851475324051946,
                        0.0
                    ]
                ]
            },
            "oracle_est_tgt": [
                0,
                1,
                5,
                6,
                7,
                9
            ]
        },
        "8": {
            "intv_type": "do",
            "inode": 8,
            "new_mui": 1.0,
            "new_vari": null,
            "noise_type": "gaussian",
            "obs_noise_gamma_shape": 2.0,
            "true_params": {
                "Si": [
                    [
                        1.0,
                        0.7969383315481021,
                        0.0,
                        -0.3419230621891233,
                        0.5500670041690946,
                        -1.199184320242254,
                        -1.0000489494743918,
                        -1.5651116255177033,
                        0.0,
                        2.3532104706986807,
                        0.36708079812638195,
                        3.6913579571347976
                    ],
                    [
                        0.7969383315481021,
                        1.6351107042906727,
                        0.0,
                        0.2857843677938468,
                        0.43836948054218117,
                        -2.1971275642366095,
                        -2.493105468683559,
                        -3.39550046532014,
                        0.0,
                        3.622785027024996,
                        -0.3301825235083728,
                        5.240508299648482
                    ],
                    [
                        0.0,
                        0.0,
                        1.0,
                        0.9091703744040716,
                        0.0,
                        -1.43474265743495,
                        -1.1433572597271944,
                        -3.5502653233994863,
                        0.0,
                        1.8203875379422025,
                        -0.8902188439818308,
                        3.8170758498483566
                    ],
                    [
                        -0.3419230621891233,
                        0.2857843677938468,
                        0.9091703744040716,
                        2.2551742004479376,
                        -0.18808059447469405,
                        -2.3793749863217037,
                        -2.2755499035513944,
                        -5.865393498755424,
                        0.0,
                        2.907451345807714,
                        -2.102124165172854,
                        5.487341981480764
                    ],
                    [
                        0.5500670041690946,
                        0.43836948054218117,
                        0.0,
                        -0.18808059447469405,
                        1.3025737090755627,
                        -0.6596317264822088,
                        -1.1512120032405728,
                        -2.391810986992112,
                        0.0,
                        1.2596785126128895,
                        0.13322339984645645,
                        2.52819395876573
                    ],
                    [
                        -1.199184320242254,
                        -2.1971275642366095,
                        -1.43474265743495,
                        -2.3793749863217037,
                        -0.6596317264822088,
                        6.664846189576949,
                        6.24198733053511,
                        12.883471708077199,
                        0.0,
                        -9.935801090386779,
                        1.9915341236245105,
                        -16.4883397437932
                    ],
                    [
                        -1.0000489494743918,
                        -2.493105468683559,
                        -1.1433572597271944,
                        -2.2755499035513944,
                        -1.1512120032405728,
                        6.24198733053511,
                        7.578875337851331,
                        13.76169220076819,
                        0.0,
                        -9.348587916510144,
                        2.0914473688529918,
                        -15.109547920771837
                    ],
                    [
                        -1.5651116255177033,
                        -3.39550046532014,
                        -3.5502653233994863,
                        -5.865393498755424,
                        -2.391810986992112,
                        12.883471708077199,
                        13.76169220076819,
                        30.71357324389488,
                        0.0,
                        -19.22804475056453,
                        5.842864159620163,
                        -34.064076010055444
                    ],
                    [
                        0.0,
                        0.0,
                        0.0,
                        0.0,
                        0.0,
                        0.0,
                        0.0,
                        0.0,
                        1e-09,
                        0.0,
                        6.940299090735783e-10,
                        -1.254972747409622e-09
                    ],
                    [
                        2.3532104706986807,
                        3.622785027024996,
                        1.8203875379422025,
                        2.907451345807714,
                        1.2596785126128895,
                        -9.935801090386779,
                        -9.348587916510144,
                        -19.22804475056453,
                        0.0,
                        16.692635503228892,
                        -2.7346838369069095,
                        26.711170362682623
                    ],
                    [
                        0.36708079812638195,
                        -0.3301825235083728,
                        -0.8902188439818308,
                        -2.102124165172854,
                        0.13322339984645645,
                        1.9915341236245105,
                        2.0914473688529918,
                        5.842864159620163,
                        6.940299090735783e-10,
                        -2.7346838369069095,
                        3.4346655928139915,
                        -6.317845348323796
                    ],
                    [
                        3.6913579571347976,
                        5.240508299648482,
                        3.8170758498483566,
                        5.487341981480764,
                        2.52819395876573,
                        -16.4883397437932,
                        -15.109547920771837,
                        -34.064076010055444,
                        -1.254972747409622e-09,
                        26.711170362682623,
                        -6.317845348323796,
                        47.018968798464535
                    ]
                ],
                "mui": [
                    0.0,
                    0.0,
                    0.0,
                    0.0,
                    0.0,
                    0.0,
                    0.0,
                    0.0,
                    1.0,
                    0.0,
                    0.6940299090735783,
                    -1.254972747409622
                ],
                "Ai": [
                    [
                        0.0,
                        0.0,
                        0.0,
                        0.0,
                        0.0,
                        0.0,
                        0.0,
                        0.0,
                        0.0,
                        0.0,
                        0.0,
                        0.0
                    ],
                    [
                        0.7969383315481021,
                        0.0,
                        0.0,
                        0.0,
                        0.0,
                        0.0,
                        0.0,
                        0.0,
                        0.0,
                        0.0,
                        0.0,
                        0.0
                    ],
                    [
                        0.0,
                        -0.0,
                        0.0,
                        0.0,
                        0.0,
                        0.0,
                        0.0,
                        0.0,
                        0.0,
                        0.0,
                        0.0,
                        0.0
                    ],
                    [
                        -0.7868345762814383,
                        0.5582759624926646,
                        0.9091703744040716,
                        0.0,
                        0.0,
                        0.0,
                        0.0,
                        0.0,
                        0.0,
                        0.0,
                        0.0,
                        0.0
                    ],
                    [
                        0.5500670041690946,
                        0.0,
                        0.0,
                        -0.0,
                        0.0,
                        0.0,
                        0.0,
                        0.0,
                        0.0,
                        0.0,
                        0.0,
                        0.0
                    ],
                    [
                        -0.8329226883183152,
                        -0.7993497249220844,
                        -0.7147655028174618,
                        -0.7919056481458795,
                        0.0,
                        0.0,
                        0.0,
                        0.0,
                        0.0,
                        0.0,
                        0.0,
                        0.0
                    ],
                    [
                        0.8495260734254593,
                        -0.7068059609774906,
                        -0.0,
                        0.0,
                        -0.601118073580744,
                        0.7969075525859823,
                        0.0,
                        0.0,
                        0.0,
                        0.0,
                        0.0,
                        0.0
                    ],
                    [
                        0.0,
                        0.9963706021498473,
                        -0.5529530085553016,
                        -0.6405060933253489,
                        -0.9378084026439,
                        0.8969571557437688,
                        0.9866386445121618,
                        0.0,
                        0.0,
                        0.0,
                        0.0,
                        0.0
                    ],
                    [
                        0.0,
                        0.0,
                        0.0,
                        0.0,
                        0.0,
                        0.0,
                        0.0,
                        0.0,
                        0.0,
                        0.0,
                        0.0,
                        0.0
                    ],
                    [
                        0.6961491022630644,
                        0.5339141222941717,
                        -0.5785210561865357,
                        -0.5051283590905162,
                        -0.7133586994868595,
                        -0.8024026160236849,
                        0.5311744387909008,
                        -0.6518490906464822,
                        0.0,
                        0.0,
                        0.0,
                        0.0
                    ],
                    [
                        0.0,
                        -0.9574361265225877,
                        0.0,
                        -0.6419220316049852,
                        0.5253531930134412,
                        -0.8445115819822033,
                        -0.5609205630536716,
                        0.6082902382537569,
                        0.6940299090735783,
                        -0.0,
                        0.0,
                        0.0
                    ],
                    [
                        0.7644251612294989,
                        0.0,
                        -0.0,
                        -0.8687642594845341,
                        0.0,
                        -0.9038007920808181,
                        0.8672420589908587,
                        -0.646695231477963,
                        -0.7100568768851003,
                        0.7179151250833475,
                        -0.7851475324051946,
                        0.0
                    ]
                ]
            },
            "est_params": {
                "mui": [
                    0.0027005092453845844,
                    0.0038927107468426096,
                    -0.0012644375670859266,
                    -0.0037614238883046194,
                    0.0027066938616666213,
                    -0.0005646624653552228,
                    -0.008846594047356137,
                    -0.005116017027628429,
                    1.0000001202140976,
                    0.0068427740151565395,
                    0.7013522777832967,
                    -1.2542404504393088
                ],
                "Si": [
                    [
                        1.0025706089682485,
                        0.795452632327596,
                        0.0005191093911768855,
                        -0.34446187354737395,
                        0.5506098696049723,
                        -1.198741130761929,
                        -0.9961556042131066,
                        -1.5658111409002535,
                        -2.5364830952800625e-07,
                        2.3566744717866563,
                        0.36954551511371975,
                        3.695609891020881
                    ],
                    [
                        0.795452632327596,
                        1.6344337729459915,
                        -0.002378972997557041,
                        0.28679256608771747,
                        0.4373735610716115,
                        -2.192071085572662,
                        -2.487595791882538,
                        -3.387264025409193,
                        -5.771547733477023e-07,
                        3.6171123968323884,
                        -0.33336326868273497,
                        5.230853901335609
                    ],
                    [
                        0.000519109391176887,
                        -0.0023789729975570405,
                        1.0003974082343512,
                        0.9059032675597886,
                        0.005798784314779603,
                        -1.4285193920899064,
                        -1.1394599392748912,
                        -3.5485287426286,
                        1.0658672239834349e-07,
                        1.8098208290196318,
                        -0.8907046472431087,
                        3.8072336906011235
                    ],
                    [
                        -0.3444618735473739,
                        0.28679256608771747,
                        0.9059032675597886,
                        2.254235007123265,
                        -0.1850098187663609,
                        -2.3672965482659354,
                        -2.2688370284961628,
                        -5.849947437138506,
                        -6.696828996022519e-08,
                        2.886795401104028,
                        -2.1071404252140327,
                        5.464055449849603
                    ],
                    [
                        0.5506098696049722,
                        0.4373735610716115,
                        0.005798784314779603,
                        -0.1850098187663609,
                        1.3030498821625807,
                        -0.6673880495547039,
                        -1.151842064466259,
                        -2.4109174304465526,
                        -2.998184010061484e-08,
                        1.2750957491166715,
                        0.12964645897978186,
                        2.5566586243731426
                    ],
                    [
                        -1.1987411307619287,
                        -2.192071085572662,
                        -1.4285193920899064,
                        -2.3672965482659354,
                        -0.6673880495547039,
                        6.630864107811277,
                        6.213165657239593,
                        12.833630691074317,
                        5.019901016916888e-07,
                        -9.885587294207376,
                        1.9847482419610676,
                        -16.41371525383213
                    ],
                    [
                        -0.9961556042131066,
                        -2.487595791882538,
                        -1.1394599392748912,
                        -2.2688370284961628,
                        -1.151842064466259,
                        6.213165657239593,
                        7.545186777512168,
                        13.706043057455219,
                        1.0509636168912274e-06,
                        -9.300591793249625,
                        2.088346153840859,
                        -15.04414695368355
                    ],
                    [
                        -1.5658111409002538,
                        -3.387264025409193,
                        -3.5485287426286,
                        -5.849947437138506,
                        -2.4109174304465526,
                        12.833630691074317,
                        13.706043057455219,
                        30.646783578854482,
                        9.210074194957613e-07,
                        -19.1542151680159,
                        5.838267840337613,
                        -33.97577578150119
                    ],
                    [
                        -2.536483095280064e-07,
                        -5.771547733477023e-07,
                        1.0658672239834349e-07,
                        -6.696828996022496e-08,
                        -2.998184010061486e-08,
                        5.019901016916886e-07,
                        1.0509636168912274e-06,
                        9.210074194957608e-07,
                        1.0098263352514362e-06,
                        -1.4407660128974373e-06,
                        -8.427538910060401e-08,
                        -1.3135591545949319e-06
                    ],
                    [
                        2.3566744717866563,
                        3.617112396832388,
                        1.8098208290196323,
                        2.8867954011040275,
                        1.2750957491166715,
                        -9.885587294207376,
                        -9.300591793249623,
                        -19.1542151680159,
                        -1.4407660128974371e-06,
                        16.620881719278163,
                        -2.7286877088712624,
                        26.61175272270745
                    ],
                    [
                        0.3695455151137197,
                        -0.33336326868273497,
                        -0.8907046472431089,
                        -2.1071404252140327,
                        0.12964645897978186,
                        1.9847482419610676,
                        2.0883461538408588,
                        5.838267840337613,
                        -8.427538910060392e-08,
                        -2.7286877088712624,
                        3.4509692858383807,
                        -6.3221203137653
                    ],
                    [
                        3.695609891020881,
                        5.230853901335609,
                        3.8072336906011235,
                        5.464055449849601,
                        2.5566586243731426,
                        -16.41371525383213,
                        -15.04414695368355,
                        -33.975775781501184,
                        -1.3135591545949317e-06,
                        26.611752722707454,
                        -6.3221203137653,
                        46.88592264550787
                    ]
                ]
            },
            "est_tgt": [
                8
            ],
            "oracle_est_tgt": [
                8
            ]
        },
        "5": {
            "intv_type": "do",
            "inode": 5,
            "new_mui": 1.0,
            "new_vari": null,
            "noise_type": "gaussian",
            "obs_noise_gamma_shape": 2.0,
            "true_params": {
                "Si": [
                    [
                        1.0,
                        0.7969383315481021,
                        0.0,
                        -0.3419230621891233,
                        0.5500670041690946,
                        0.0,
                        -0.04440990773065223,
                        0.45337574036825795,
                        -1.224902841547905,
                        0.5828437127924395,
                        -0.8039748856571174,
                        2.6491875286891
                    ],
                    [
                        0.7969383315481021,
                        1.6351107042906727,
                        0.0,
                        0.2857843677938468,
                        0.43836948054218117,
                        0.0,
                        -0.7421979187485618,
                        0.30274187723773943,
                        -1.5227085752733727,
                        0.3791455489685968,
                        -1.9750028257308725,
                        2.4255461030056207
                    ],
                    [
                        0.0,
                        0.0,
                        1.0,
                        0.9091703744040716,
                        0.0,
                        0.0,
                        0.0,
                        -1.1352821732319982,
                        1.8161716414663713,
                        -0.2977361432945345,
                        -0.013720118264144654,
                        -1.5482352864359845
                    ],
                    [
                        -0.3419230621891233,
                        0.2857843677938468,
                        0.9091703744040716,
                        2.2551742004479376,
                        -0.18808059447469405,
                        0.0,
                        -0.3794080065174603,
                        -1.8603892074841593,
                        3.1976570445246297,
                        -0.6052416649936593,
                        -0.5196442371095787,
                        -3.64355621731874
                    ],
                    [
                        0.5500670041690946,
                        0.43836948054218117,
                        0.0,
                        -0.18808059447469405,
                        1.3025737090755627,
                        0.0,
                        -0.6255464984815697,
                        -1.2815076886860541,
                        0.36072172402849245,
                        0.2858581738108506,
                        0.2070384992708848,
                        0.6566606337729686
                    ],
                    [
                        0.0,
                        0.0,
                        0.0,
                        0.0,
                        0.0,
                        1e-09,
                        7.969075525859824e-10,
                        1.6832169432287067e-09,
                        -1.564120205096212e-09,
                        -1.4763091278149798e-09,
                        -1.3531751833741763e-09,
                        -1.8802560419500105e-10
                    ],
                    [
                        -0.04440990773065223,
                        -0.7421979187485618,
                        0.0,
                        -0.3794080065174603,
                        -0.6255464984815697,
                        7.969075525859824e-10,
                        1.8628898453984455,
                        1.9281508279876596,
                        -0.45315008221885783,
                        -0.056640983705809604,
                        0.43896700296085744,
                        0.6007635974503401
                    ],
                    [
                        0.45337574036825795,
                        0.30274187723773943,
                        -1.1352821732319982,
                        -1.8603892074841593,
                        -1.2815076886860541,
                        1.6832169432287067e-09,
                        1.9281508279876596,
                        6.225188222470561,
                        -6.283707599360012,
                        -0.045748923240801265,
                        -1.4247745830733711,
                        5.156789627128299
                    ],
                    [
                        -1.224902841547905,
                        -1.5227085752733727,
                        1.8161716414663713,
                        3.1976570445246297,
                        0.36072172402849245,
                        -1.564120205096212e-09,
                        -0.45315008221885783,
                        -6.283707599360012,
                        10.157095561373385,
                        -0.7336280528060657,
                        3.0759473200098135,
                        -10.197574450867718
                    ],
                    [
                        0.5828437127924395,
                        0.3791455489685968,
                        -0.2977361432945345,
                        -0.6052416649936593,
                        0.2858581738108506,
                        -1.4763091278149798e-09,
                        -0.056640983705809604,
