{
    "expt_args": {
        "save_dir": "all_expt_logs/expt_logs_sim_compsel_backwardbugfixed_cameraready_half_std_var",
        "exp_name": "256",
        "num_nodes": 6,
        "num_tgt_prior": 7,
        "obs_noise_mean": 0.0,
        "obs_noise_var": 1.0,
        "obs_noise_gamma_shape": null,
        "noise_type": "gaussian",
        "max_edge_strength": 1.0,
        "graph_sparsity_method": "adj_dense_prop",
        "adj_dense_prop": 0.8,
        "num_parents": null,
        "new_noise_mean": 0.0,
        "mix_samples": 8192,
        "stage2_samples": 8192,
        "gmm_tol": 0.001,
        "intv_type": "hard",
        "new_noise_var": 100,
        "dtype": "simulation",
        "cutoff_drop_ratio": 0.07,
        "intv_targets": [
            3,
            4,
            5
        ]
    },
    "intv_args_dict": {
        "3": {
            "intv_type": "hard",
            "inode": 3,
            "new_mui": 0.0,
            "new_vari": 100,
            "noise_type": "gaussian",
            "obs_noise_gamma_shape": null,
            "true_params": {
                "Si": [
                    [
                        1.0,
                        -0.9995849991697439,
                        -0.03553535213508341,
                        0.0,
                        -1.37658415784357,
                        0.5151801700040808
                    ],
                    [
                        -0.9995849991697439,
                        1.999170170565177,
                        -0.7884282205149216,
                        0.0,
                        1.131265678729133,
                        -1.2148344829295823
                    ],
                    [
                        -0.03553535213508341,
                        -0.7884282205149216,
                        1.6801544282107532,
                        0.0,
                        1.2449994775032662,
                        1.218736098113208
                    ],
                    [
                        0.0,
                        0.0,
                        0.0,
                        100.0,
                        73.99239500208876,
                        -11.142900734668165
                    ],
                    [
                        -1.37658415784357,
                        1.131265678729133,
                        1.2449994775032662,
                        73.99239500208876,
                        58.692507239550245,
                        -7.462001178779828
                    ],
                    [
                        0.5151801700040808,
                        -1.2148344829295823,
                        1.218736098113208,
                        -11.142900734668165,
                        -7.462001178779828,
                        3.873997641599955
                    ]
                ],
                "mui": [
                    0.0,
                    0.0,
                    0.0,
                    0.0,
                    0.0,
                    0.0
                ],
                "Ai": [
                    [
                        0.0,
                        0.0,
                        0.0,
                        0.0,
                        0.0,
                        0.0
                    ],
                    [
                        -0.9995849991697439,
                        0.0,
                        0.0,
                        0.0,
                        0.0,
                        0.0
                    ],
                    [
                        -0.8591422381377988,
                        -0.8239488254493654,
                        0.0,
                        0.0,
                        0.0,
                        0.0
                    ],
                    [
                        0.0,
                        0.0,
                        0.0,
                        0.0,
                        0.0,
                        0.0
                    ],
                    [
                        -0.7668790581963219,
                        0.5746063934850524,
                        0.9944229104085529,
                        0.7399239500208876,
                        0.0,
                        0.0
                    ],
                    [
                        0.8922472498556877,
                        -0.5373336067844807,
                        -0.0,
                        -0.6028061349863832,
                        0.6640913942923868,
                        0.0
                    ]
                ]
            },
            "est_params": {
                "mui": [
                    0.046651074984016945,
                    -0.032703585197757935,
                    -0.010061293988263774,
                    -0.02173103914640342,
                    -0.2558266855859495,
                    -0.07464637458462665
                ],
                "Si": [
                    [
                        1.0507385983576834,
                        -1.0634563770864651,
                        -0.012478079670266089,
                        0.5799605282795806,
                        -0.6227758905850903,
                        0.7110685884235396
                    ],
                    [
                        -1.0634563770864651,
                        2.0918462696853695,
                        -0.820214817052175,
                        -1.285157135459918,
                        0.4544875158507691,
                        -0.9462667521568532
                    ],
                    [
                        -0.012478079670266092,
                        -0.820214817052175,
                        1.646321397358543,
                        0.739367954994648,
                        0.5624789330443182,
                        0.3553856071559302
                    ],
                    [
                        0.5799605282795806,
                        -1.285157135459918,
                        0.739367954994648,
                        52.40674408390352,
                        37.01506437555181,
                        -5.818315734101811
                    ],
                    [
                        -0.6227758905850903,
                        0.4544875158507691,
                        0.5624789330443181,
                        37.01506437555181,
                        77.37416849008551,
                        28.35477370214342
                    ],
                    [
                        0.7110685884235396,
                        -0.9462667521568532,
                        0.3553856071559302,
                        -5.818315734101811,
                        28.35477370214342,
                        24.4161003223435
                    ]
                ]
            },
            "est_tgt": [
                2,
                3,
                4,
                5
            ],
            "oracle_est_tgt": [
                2,
                3,
                4,
                5
            ]
        },
        "4": {
            "intv_type": "hard",
            "inode": 4,
            "new_mui": 0.0,
            "new_vari": 100,
            "noise_type": "gaussian",
            "obs_noise_gamma_shape": null,
            "true_params": {
                "Si": [
                    [
                        1.0,
                        -0.9995849991697439,
                        -0.03553535213508341,
                        0.9342263059971928,
                        0.0,
                        0.8662005140264544
                    ],
                    [
                        -0.9995849991697439,
                        1.999170170565177,
                        -0.7884282205149216,
                        -2.517820865419437,
                        0.0,
                        -0.4483404203603744
                    ],
                    [
                        -0.03553535213508341,
                        -0.7884282205149216,
                        1.6801544282107532,
                        2.0274416372302544,
                        0.0,
                        -0.8302115980444635
                    ],
                    [
                        0.9342263059971928,
                        -2.517820865419437,
                        2.0274416372302544,
                        4.95258812522071,
                        0.0,
                        -0.7989798868218717
                    ],
                    [
                        0.0,
                        0.0,
                        0.0,
                        0.0,
                        100.0,
                        66.40913942923868
                    ],
                    [
                        0.8662005140264544,
                        -0.4483404203603744,
                        -0.8302115980444635,
                        -0.7989798868218717,
                        66.40913942923868,
                        46.597141376430784
                    ]
                ],
                "mui": [
                    0.0,
                    0.0,
                    0.0,
                    0.0,
                    0.0,
                    0.0
                ],
                "Ai": [
                    [
                        0.0,
                        0.0,
                        0.0,
                        0.0,
                        0.0,
                        0.0
                    ],
                    [
                        -0.9995849991697439,
                        0.0,
                        0.0,
                        0.0,
                        0.0,
                        0.0
                    ],
                    [
                        -0.8591422381377988,
                        -0.8239488254493654,
                        0.0,
                        0.0,
                        0.0,
                        0.0
                    ],
                    [
                        0.0,
                        -0.9614729650026188,
                        0.7555193719376407,
                        0.0,
                        0.0,
                        0.0
                    ],
                    [
                        0.0,
                        0.0,
                        0.0,
                        0.0,
                        0.0,
                        0.0
                    ],
                    [
                        0.8922472498556877,
                        -0.5373336067844807,
                        -0.0,
                        -0.6028061349863832,
                        0.6640913942923868,
                        0.0
                    ]
                ]
            },
            "oracle_est_tgt": [
                2,
                4,
                5
            ]
        },
        "5": {
            "intv_type": "hard",
            "inode": 5,
            "new_mui": 0.0,
            "new_vari": 100,
            "noise_type": "gaussian",
            "obs_noise_gamma_shape": null,
            "true_params": {
                "Si": [
                    [
                        1.0,
                        -0.9995849991697439,
                        -0.03553535213508341,
                        0.9342263059971928,
                        -0.6853277392967047,
                        0.0
                    ],
                    [
                        -0.9995849991697439,
                        1.999170170565177,
                        -0.7884282205149216,
                        -2.517820865419437,
                        -0.7317302814570263,
                        0.0
                    ],
                    [
                        -0.03553535213508341,
                        -0.7884282205149216,
                        1.6801544282107532,
                        2.0274416372302544,
                        2.7451521021594916,
                        0.0
                    ],
                    [
                        0.9342263059971928,
                        -2.517820865419437,
                        2.0274416372302544,
                        4.95258812522071,
                        3.517478425412409,
                        0.0
                    ],
                    [
                        -0.6853277392967047,
                        -0.7317302814570263,
                        2.7451521021594916,
                        3.517478425412409,
                        6.4376152668238475,
                        0.0
                    ],
                    [
                        0.0,
                        0.0,
                        0.0,
                        0.0,
                        0.0,
                        100.0
                    ]
                ],
                "mui": [
                    0.0,
                    0.0,
                    0.0,
                    0.0,
                    0.0,
                    0.0
                ],
                "Ai": [
                    [
                        0.0,
                        0.0,
                        0.0,
                        0.0,
                        0.0,
                        0.0
                    ],
                    [
                        -0.9995849991697439,
                        0.0,
                        0.0,
                        0.0,
                        0.0,
                        0.0
                    ],
                    [
                        -0.8591422381377988,
                        -0.8239488254493654,
                        0.0,
                        0.0,
                        0.0,
                        0.0
                    ],
                    [
                        0.0,
                        -0.9614729650026188,
                        0.7555193719376407,
                        0.0,
                        0.0,
                        0.0
                    ],
                    [
                        -0.7668790581963219,
                        0.5746063934850524,
                        0.9944229104085529,
                        0.7399239500208876,
                        0.0,
                        0.0
                    ],
                    [
                        0.0,
                        0.0,
                        0.0,
                        0.0,
                        0.0,
                        0.0
                    ]
                ]
            },
            "est_params": {
                "mui": [
                    0.021381675192972086,
                    -0.017075849527423553,
                    -0.006574333942574106,
                    0.016089088176673347,
                    -0.04101182892257551,
                    -0.139421331292865
                ],
                "Si": [
                    [
                        1.0382627754888065,
                        -1.0507064755498507,
                        -0.024564325980060957,
                        1.005240700158149,
                        -0.6799700482005497,
                        0.2844209518876201
                    ],
                    [
                        -1.0507064755498507,
                        2.0483048335593668,
                        -0.7984338057915522,
                        -2.6047641292331365,
                        -0.7156095771760237,
                        -0.4206421032050933
                    ],
                    [
                        -0.024564325980060957,
                        -0.7984338057915521,
                        1.7269887816428053,
                        2.0940530342914925,
                        2.8102337436904303,
                        0.4475396892765873
                    ],
                    [
                        1.0052407001581487,
                        -2.604764129233136,
                        2.0940530342914925,
                        5.080875387450435,
                        3.5405461045196716,
                        0.6762619928371688
                    ],
                    [
                        -0.6799700482005497,
                        -0.7156095771760237,
                        2.8102337436904303,
                        3.5405461045196724,
                        6.506016026236048,
                        0.6076992432668846
                    ],
                    [
                        0.2844209518876202,
                        -0.4206421032050934,
                        0.4475396892765872,
                        0.6762619928371688,
                        0.6076992432668845,
                        52.09481124099023
                    ]
                ]
            },
            "est_tgt": [
                4,
                5
            ],
            "oracle_est_tgt": [
                4,
                5
            ]
        },
        "obs": {
            "intv_type": "obs",
            "noise_type": "gaussian",
            "obs_noise_gamma_shape": null,
            "true_params": {
                "Si": [
                    [
                        1.0,
                        -0.9995849991697439,
                        -0.03553535213508341,
                        0.9342263059971928,
                        -0.6853277392967047,
                        0.41108026008965637
                    ],
                    [
                        -0.9995849991697439,
                        1.999170170565177,
                        -0.7884282205149216,
                        -2.517820865419437,
                        -0.7317302814570263,
                        -0.9342762032191316
                    ],
                    [
                        -0.03553535213508341,
                        -0.7884282205149216,
                        1.6801544282107532,
                        2.0274416372302544,
                        2.7451521021594916,
                        0.9928202890233098
                    ],
                    [
                        0.9342263059971928,
                        -2.517820865419437,
                        2.0274416372302544,
                        4.95258812522071,
                        3.517478425412409,
                        1.536947265103644
                    ],
                    [
                        -0.6853277392967047,
                        -0.7317302814570263,
                        2.7451521021594916,
                        3.517478425412409,
                        6.4376152668238475,
                        1.936508804633588
                    ],
                    [
                        0.41108026008965637,
                        -0.9342762032191316,
                        0.9928202890233098,
                        1.536947265103644,
                        1.936508804633588,
                        2.2283408251171863
                    ]
                ],
                "mui": [
                    0.0,
                    0.0,
                    0.0,
                    0.0,
                    0.0,
                    0.0
                ],
                "Ai": [
                    [
                        0.0,
                        0.0,
                        0.0,
                        0.0,
                        0.0,
                        0.0
                    ],
                    [
                        -0.9995849991697439,
                        0.0,
                        0.0,
                        0.0,
                        0.0,
                        0.0
                    ],
                    [
                        -0.8591422381377988,
                        -0.8239488254493654,
                        0.0,
                        0.0,
                        0.0,
                        0.0
                    ],
                    [
                        0.0,
                        -0.9614729650026188,
                        0.7555193719376407,
                        0.0,
                        0.0,
                        0.0
                    ],
                    [
                        -0.7668790581963219,
                        0.5746063934850524,
                        0.9944229104085529,
                        0.7399239500208876,
                        0.0,
                        0.0
                    ],
                    [
                        0.8922472498556877,
                        -0.5373336067844807,
                        -0.0,
                        -0.6028061349863832,
                        0.6640913942923868,
                        0.0
                    ]
                ]
            },
            "est_tgt": [
                0,
                1,
                2,
                3,
                4,
                5
            ],
            "oracle_est_tgt": [
                0,
                1,
                2,
                3,
                4,
                5
            ]
        }
    },
    "metric_dict": {
        "param_est_rel_err": 310.1648779643365,
        "est_num_comp": 2,
        "weight_precision_error": 0.01841617681372021,
        "gm_score_dict": {
            "1": -13.432657287066565,
            "2": -11.942574873864196,
            "3": -11.911393646888282,
            "4": -11.66758746577701,
            "5": -11.66670521914814,
            "6": -11.223657784435131,
            "7": -11.223715621640757
        },
        "est_dag": {
            "amat": [
                [
                    0,
                    0,
                    0,
                    1,
                    1,
                    0
                ],
                [
                    1,
                    0,
                    1,
                    1,
                    1,
                    1
                ],
                [
                    0,
                    0,
                    0,
                    0,
                    0,
                    0
                ],
                [
                    0,
                    0,
                    0,
                    0,
                    1,
                    1
                ],
                [
                    0,
                    0,
                    1,
                    0,
                    0,
                    0
                ],
                [
                    0,
                    0,
                    0,
                    0,
                    1,
                    0
                ]
            ],
            "nodes": [
                0,
                1,
                2,
                3,
                4,
                5
            ]
        },
        "oracle_est_dag": {
            "amat": [
                [
                    0,
                    1,
                    0,
                    1,
                    1,
                    0
                ],
                [
                    0,
                    0,
                    1,
                    1,
                    1,
                    1
                ],
                [
                    0,
                    0,
                    0,
                    0,
                    0,
                    0
                ],
                [
                    0,
                    0,
                    0,
                    0,
                    1,
                    1
                ],
                [
                    0,
                    0,
                    1,
                    0,
                    0,
                    0
                ],
                [
                    0,
                    0,
                    0,
                    0,
                    1,
                    0
                ]
            ],
            "nodes": [
                0,
                1,
                2,
                3,
                4,
                5
            ]
        },
        "igsp_dag": null,
        "intv_base_est_dag": null,
        "act_dag": {
            "amat": [
                [
                    0,
                    1,
                    1,
                    0,
                    1,
                    1
                ],
                [
                    0,
                    0,
                    1,
                    1,
                    1,
                    1
                ],
                [
                    0,
                    0,
                    0,
                    1,
                    1,
                    0
                ],
                [
                    0,
                    0,
                    0,
                    0,
                    1,
                    1
                ],
                [
                    0,
                    0,
                    0,
                    0,
                    0,
                    1
                ],
                [
                    0,
                    0,
                    0,
                    0,
                    0,
                    0
                ]
            ],
            "nodes": [
                0,
                1,
                2,
                3,
                4,
                5
            ]
        },
        "shd": 7,
        "oracle_shd": 6,
        "intv_base_shd": null,
        "igsp_shd": null,
        "avg_js": 0.25,
        "avg_oracle_js": 0.2708333333333333
    }
}