{
    "expt_args": {
        "save_dir": "all_expt_logs/expt_logs_sim_compsel_backwardbugfixed_cameraready_half_std_var",
        "exp_name": "179",
        "num_nodes": 6,
        "num_tgt_prior": 7,
        "obs_noise_mean": 0.0,
        "obs_noise_var": 1.0,
        "obs_noise_gamma_shape": null,
        "noise_type": "gaussian",
        "max_edge_strength": 1.0,
        "graph_sparsity_method": "adj_dense_prop",
        "adj_dense_prop": 0.8,
        "num_parents": null,
        "new_noise_mean": 0.0,
        "mix_samples": 8192,
        "stage2_samples": 8192,
        "gmm_tol": 0.001,
        "intv_type": "hard",
        "new_noise_var": 0.1,
        "dtype": "simulation",
        "cutoff_drop_ratio": 0.07,
        "intv_targets": [
            3,
            5,
            4
        ]
    },
    "intv_args_dict": {
        "3": {
            "intv_type": "hard",
            "inode": 3,
            "new_mui": 0.0,
            "new_vari": 0.1,
            "noise_type": "gaussian",
            "obs_noise_gamma_shape": null,
            "true_params": {
                "Si": [
                    [
                        1.0,
                        -0.6546589624072714,
                        -0.4371174563045208,
                        0.0,
                        -1.3745497060187422,
                        0.945962803253187
                    ],
                    [
                        -0.6546589624072714,
                        1.4285783570601651,
                        0.9538654069190743,
                        0.0,
                        1.9616239838644316,
                        -2.1575922588187253
                    ],
                    [
                        -0.4371174563045208,
                        0.9538654069190743,
                        1.6368983612416383,
                        0.0,
                        1.822771591461637,
                        -2.798403589410679
                    ],
                    [
                        0.0,
                        0.0,
                        0.0,
                        0.1,
                        -0.06441080199945973,
                        -0.020327271553899885
                    ],
                    [
                        -1.3745497060187422,
                        1.9616239838644316,
                        1.822771591461637,
                        -0.06441080199945973,
                        4.321373447624646,
                        -4.495343039265514
                    ],
                    [
                        0.945962803253187,
                        -2.1575922588187253,
                        -2.798403589410679,
                        -0.020327271553899885,
                        -4.495343039265514,
                        6.88036676098168
                    ]
                ],
                "mui": [
                    0.0,
                    0.0,
                    0.0,
                    0.0,
                    0.0,
                    0.0
                ],
                "Ai": [
                    [
                        0.0,
                        0.0,
                        0.0,
                        0.0,
                        0.0,
                        0.0
                    ],
                    [
                        -0.6546589624072714,
                        0.0,
                        0.0,
                        0.0,
                        0.0,
                        0.0
                    ],
                    [
                        0.0,
                        0.6677025465246509,
                        0.0,
                        0.0,
                        0.0,
                        0.0
                    ],
                    [
                        0.0,
                        0.0,
                        0.0,
                        0.0,
                        0.0,
                        0.0
                    ],
                    [
                        -0.6794572388118807,
                        0.7192377951907685,
                        0.5129902621115253,
                        -0.6441080199945972,
                        0.0,
                        0.0
                    ],
                    [
                        -0.6578853475117359,
                        0.0,
                        -0.9072046325706318,
                        -0.7690050491957994,
                        -0.8783190336017643,
                        0.0
                    ]
                ]
            },
            "oracle_est_tgt": [
                1,
                2,
                3
            ]
        },
        "5": {
            "intv_type": "hard",
            "inode": 5,
            "new_mui": 0.0,
            "new_vari": 0.1,
            "noise_type": "gaussian",
            "obs_noise_gamma_shape": null,
            "true_params": {
                "Si": [
                    [
                        1.0,
                        -0.6546589624072714,
                        -0.4371174563045208,
                        -0.717153248093042,
                        -0.9126255473568387,
                        0.0
                    ],
                    [
                        -0.6546589624072714,
                        1.4285783570601651,
                        0.9538654069190743,
                        0.5363326199040066,
                        1.6161678419995469,
                        0.0
                    ],
                    [
                        -0.4371174563045208,
                        0.9538654069190743,
                        1.6368983612416383,
                        -0.31496269575885455,
                        2.0256415897990334,
                        0.0
                    ],
                    [
                        -0.717153248093042,
                        0.5363326199040066,
                        -0.31496269575885455,
                        1.9718043469415132,
                        -0.558602132795009,
                        0.0
                    ],
                    [
                        -0.9126255473568387,
                        1.6161678419995469,
                        2.0256415897990334,
                        -0.558602132795009,
                        4.181433553628601,
                        0.0
                    ],
                    [
                        0.0,
                        0.0,
                        0.0,
                        0.0,
                        0.0,
                        0.1
                    ]
                ],
                "mui": [
                    0.0,
                    0.0,
                    0.0,
                    0.0,
                    0.0,
                    0.0
                ],
                "Ai": [
                    [
                        0.0,
                        0.0,
                        0.0,
                        0.0,
                        0.0,
                        0.0
                    ],
                    [
                        -0.6546589624072714,
                        0.0,
                        0.0,
                        0.0,
                        0.0,
                        0.0
                    ],
                    [
                        0.0,
                        0.6677025465246509,
                        0.0,
                        0.0,
                        0.0,
                        0.0
                    ],
                    [
                        -0.6733946524695887,
                        0.5162546096505399,
                        -0.6730733518529974,
                        0.0,
                        0.0,
                        0.0
                    ],
                    [
                        -0.6794572388118807,
                        0.7192377951907685,
                        0.5129902621115253,
                        -0.6441080199945972,
                        0.0,
                        0.0
                    ],
                    [
                        0.0,
                        0.0,
                        0.0,
                        0.0,
                        0.0,
                        0.0
                    ]
                ]
            },
            "oracle_est_tgt": [
                5
            ]
        },
        "4": {
            "intv_type": "hard",
            "inode": 4,
            "new_mui": 0.0,
            "new_vari": 0.1,
            "noise_type": "gaussian",
            "obs_noise_gamma_shape": null,
            "true_params": {
                "Si": [
                    [
                        1.0,
                        -0.6546589624072714,
                        -0.4371174563045208,
                        -0.717153248093042,
                        0.0,
                        0.29016410265593323
                    ],
                    [
                        -0.6546589624072714,
                        1.4285783570601651,
                        0.9538654069190743,
                        0.5363326199040066,
                        0.0,
                        -0.8471030697754673
                    ],
                    [
                        -0.4371174563045208,
                        0.9538654069190743,
                        1.6368983612416383,
                        -0.31496269575885455,
                        0.0,
                        -0.9552207033744644
                    ],
                    [
                        -0.717153248093042,
                        0.5363326199040066,
                        -0.31496269575885455,
                        1.9718043469415132,
                        0.0,
                        -0.7587872683040209
                    ],
                    [
                        0.0,
                        0.0,
                        0.0,
                        0.0,
                        0.1,
                        -0.08783190336017643
                    ],
                    [
                        0.29016410265593323,
                        -0.8471030697754673,
                        -0.9552207033744644,
                        -0.7587872683040209,
                        -0.08783190336017643,
                        2.3363416087874556
                    ]
                ],
                "mui": [
                    0.0,
                    0.0,
                    0.0,
                    0.0,
                    0.0,
                    0.0
                ],
                "Ai": [
                    [
                        0.0,
                        0.0,
                        0.0,
                        0.0,
                        0.0,
                        0.0
                    ],
                    [
                        -0.6546589624072714,
                        0.0,
                        0.0,
                        0.0,
                        0.0,
                        0.0
                    ],
                    [
                        0.0,
                        0.6677025465246509,
                        0.0,
                        0.0,
                        0.0,
                        0.0
                    ],
                    [
                        -0.6733946524695887,
                        0.5162546096505399,
                        -0.6730733518529974,
                        0.0,
                        0.0,
                        0.0
                    ],
                    [
                        0.0,
                        0.0,
                        0.0,
                        0.0,
                        0.0,
                        0.0
                    ],
                    [
                        -0.6578853475117359,
                        0.0,
                        -0.9072046325706318,
                        -0.7690050491957994,
                        -0.8783190336017643,
                        0.0
                    ]
                ]
            },
            "oracle_est_tgt": [
                1,
                2,
                4
            ]
        },
        "obs": {
            "intv_type": "obs",
            "noise_type": "gaussian",
            "obs_noise_gamma_shape": null,
            "true_params": {
                "Si": [
                    [
                        1.0,
                        -0.6546589624072714,
                        -0.4371174563045208,
                        -0.717153248093042,
                        -0.9126255473568387,
                        1.091740491450673
                    ],
                    [
                        -0.6546589624072714,
                        1.4285783570601651,
                        0.9538654069190743,
                        0.5363326199040066,
                        1.6161678419995469,
                        -2.2666140468987583
                    ],
                    [
                        -0.4371174563045208,
                        0.9538654069190743,
                        1.6368983612416383,
                        -0.31496269575885455,
                        2.0256415897990334,
                        -2.734380266950293
                    ],
                    [
                        -0.717153248093042,
                        0.5363326199040066,
                        -0.31496269575885455,
                        1.9718043469415132,
                        -0.558602132795009,
                        -0.2681563828596241
                    ],
                    [
                        -0.9126255473568387,
                        1.6161678419995469,
                        2.0256415897990334,
                        -0.558602132795009,
                        4.181433553628601,
                        -4.4803332761046395
                    ],
                    [
                        1.091740491450673,
                        -2.2666140468987583,
                        -2.734380266950293,
                        -0.2681563828596241,
                        -4.4803332761046395,
                        6.903777978451554
                    ]
                ],
                "mui": [
                    0.0,
                    0.0,
                    0.0,
                    0.0,
                    0.0,
                    0.0
                ],
                "Ai": [
                    [
                        0.0,
                        0.0,
                        0.0,
                        0.0,
                        0.0,
                        0.0
                    ],
                    [
                        -0.6546589624072714,
                        0.0,
                        0.0,
                        0.0,
                        0.0,
                        0.0
                    ],
                    [
                        0.0,
                        0.6677025465246509,
                        0.0,
                        0.0,
                        0.0,
                        0.0
                    ],
                    [
                        -0.6733946524695887,
                        0.5162546096505399,
                        -0.6730733518529974,
                        0.0,
                        0.0,
                        0.0
                    ],
                    [
                        -0.6794572388118807,
                        0.7192377951907685,
                        0.5129902621115253,
                        -0.6441080199945972,
                        0.0,
                        0.0
                    ],
                    [
                        -0.6578853475117359,
                        0.0,
                        -0.9072046325706318,
                        -0.7690050491957994,
                        -0.8783190336017643,
                        0.0
                    ]
                ]
            },
            "est_params": {
                "mui": [
                    0.00433407726393477,
                    0.015115489325483603,
                    0.013655008079691236,
                    -0.0011020119176356853,
                    0.011329970799367805,
                    0.0042721693944671795
                ],
                "Si": [
                    [
                        0.9913572400449877,
                        -0.6622002170029057,
                        -0.4500986851959879,
                        -0.5108368061932342,
                        -0.8053793472722838,
                        0.602555218758251
                    ],
                    [
                        -0.6622002170029057,
                        1.4434836505754987,
                        0.9731377597033758,
                        0.38589144678715037,
                        1.300081691935837,
                        -1.3314985082281516
                    ],
                    [
                        -0.4500986851959879,
                        0.9731377597033758,
                        1.6476493672951462,
                        -0.23634180353665002,
                        1.4691350000020988,
                        -1.6055148271747024
                    ],
                    [
                        -0.5108368061932342,
                        0.38589144678715037,
                        -0.23634180353665002,
                        1.4819661210302055,
                        -0.3327657588795673,
                        -0.28762298087690563
                    ],
                    [
                        -0.8053793472722838,
                        1.300081691935837,
                        1.4691350000020988,
                        -0.3327657588795673,
                        3.23336842503604,
                        -2.204876206704435
                    ],
                    [
                        0.602555218758251,
                        -1.3314985082281516,
                        -1.6055148271747024,
                        -0.28762298087690563,
                        -2.204876206704435,
                        3.97250014562277
                    ]
                ]
            },
            "est_tgt": [
                0,
                1,
                2,
                3,
                4,
                5
            ],
            "oracle_est_tgt": [
                0,
                1,
                2,
                3,
                4,
                5
            ]
        }
    },
    "metric_dict": {
        "param_est_rel_err": 17.511166125491123,
        "est_num_comp": 1,
        "weight_precision_error": 0.0,
        "gm_score_dict": {
            "1": -8.943096632205677,
            "2": -8.94258659013084,
            "3": -8.76258010307891,
            "4": -8.687241591340925,
            "5": -8.683064851600207,
            "6": -8.446371311746505,
            "7": -8.439106405977986
        },
        "est_dag": {
            "amat": [
                [
                    0,
                    0,
                    1,
                    1,
                    1,
                    0
                ],
                [
                    0,
                    0,
                    0,
                    0,
                    0,
                    0
                ],
                [
                    0,
                    1,
                    0,
                    0,
                    0,
                    1
                ],
                [
                    0,
                    1,
                    1,
                    0,
                    1,
                    1
                ],
                [
                    0,
                    1,
                    0,
                    0,
                    0,
                    0
                ],
                [
                    0,
                    0,
                    0,
                    0,
                    1,
                    0
                ]
            ],
            "nodes": [
                0,
                1,
                2,
                3,
                4,
                5
            ]
        },
        "oracle_est_dag": {
            "amat": [
                [
                    0,
                    0,
                    0,
                    1,
                    1,
                    1
                ],
                [
                    0,
                    0,
                    0,
                    0,
                    0,
                    0
                ],
                [
                    0,
                    1,
                    0,
                    0,
                    0,
                    1
                ],
                [
                    0,
                    1,
                    0,
                    0,
                    1,
                    1
                ],
                [
                    0,
                    1,
                    1,
                    0,
                    0,
                    1
                ],
                [
                    0,
                    0,
                    0,
                    0,
                    0,
                    0
                ]
            ],
            "nodes": [
                0,
                1,
                2,
                3,
                4,
                5
            ]
        },
        "igsp_dag": null,
        "intv_base_est_dag": null,
        "act_dag": {
            "amat": [
                [
                    0,
                    1,
                    0,
                    1,
                    1,
                    1
                ],
                [
                    0,
                    0,
                    1,
                    1,
                    1,
                    0
                ],
                [
                    0,
                    0,
                    0,
                    1,
                    1,
                    1
                ],
                [
                    0,
                    0,
                    0,
                    0,
                    1,
                    1
                ],
                [
                    0,
                    0,
                    0,
                    0,
                    0,
                    1
                ],
                [
                    0,
                    0,
                    0,
                    0,
                    0,
                    0
                ]
            ],
            "nodes": [
                0,
                1,
                2,
                3,
                4,
                5
            ]
        },
        "shd": 9,
        "oracle_shd": 6,
        "intv_base_shd": null,
        "igsp_shd": null,
        "avg_js": 0.0,
        "avg_oracle_js": 0.41666666666666663
    }
}