{
    "expt_args": {
        "save_dir": "all_expt_logs/expt_logs_sim_compsel_backwardbugfixed_cameraready_half_std_var",
        "exp_name": "61",
        "num_nodes": 6,
        "num_tgt_prior": 7,
        "obs_noise_mean": 0.0,
        "obs_noise_var": 1.0,
        "obs_noise_gamma_shape": null,
        "noise_type": "gaussian",
        "max_edge_strength": 1.0,
        "graph_sparsity_method": "adj_dense_prop",
        "adj_dense_prop": 0.8,
        "num_parents": null,
        "new_noise_mean": 0.0,
        "mix_samples": 65536,
        "stage2_samples": 65536,
        "gmm_tol": 0.001,
        "intv_type": "hard",
        "new_noise_var": 0.0001,
        "dtype": "simulation",
        "cutoff_drop_ratio": 0.07,
        "intv_targets": [
            2,
            5,
            3
        ]
    },
    "intv_args_dict": {
        "2": {
            "intv_type": "hard",
            "inode": 2,
            "new_mui": 0.0,
            "new_vari": 0.0001,
            "noise_type": "gaussian",
            "obs_noise_gamma_shape": null,
            "true_params": {
                "Si": [
                    [
                        1.0,
                        0.0,
                        0.0,
                        -0.5256682593448851,
                        -0.5239053395905643,
                        -0.8844858672843662
                    ],
                    [
                        0.0,
                        1.0,
                        0.0,
                        0.8766544322083156,
                        -0.5598665127812288,
                        -0.22918678334320916
                    ],
                    [
                        0.0,
                        0.0,
                        0.0001,
                        -6.400133204596725e-05,
                        0.00013668529728834528,
                        -4.594344530975322e-05
                    ],
                    [
                        -0.5256682593448851,
                        0.8766544322083156,
                        -6.400133204596725e-05,
                        2.044891074098202,
                        -0.8541364481730127,
                        0.981909333433325
                    ],
                    [
                        -0.5239053395905643,
                        -0.5598665127812288,
                        0.00013668529728834528,
                        -0.8541364481730127,
                        1.9959750877578868,
                        0.1331895232349972
                    ],
                    [
                        -0.8844858672843662,
                        -0.22918678334320916,
                        -4.594344530975322e-05,
                        0.981909333433325,
                        0.1331895232349972,
                        2.35017356032305
                    ]
                ],
                "mui": [
                    0.0,
                    0.0,
                    0.0,
                    0.0,
                    0.0,
                    0.0
                ],
                "Ai": [
                    [
                        0.0,
                        0.0,
                        0.0,
                        0.0,
                        0.0,
                        0.0
                    ],
                    [
                        0.0,
                        0.0,
                        0.0,
                        0.0,
                        0.0,
                        0.0
                    ],
                    [
                        0.0,
                        0.0,
                        0.0,
                        0.0,
                        0.0,
                        0.0
                    ],
                    [
                        -0.5256682593448851,
                        0.8766544322083156,
                        -0.6400133204596724,
                        0.0,
                        0.0,
                        0.0
                    ],
                    [
                        -0.8596180724833186,
                        0.0,
                        0.9581149197868987,
                        -0.6386399158114222,
                        0.0,
                        0.0
                    ],
                    [
                        -0.5071341754955283,
                        -0.8584943879535003,
                        0.0,
                        0.7178513921672063,
                        -0.0,
                        0.0
                    ]
                ]
            },
            "est_params": {
                "mui": [
                    0.008241966324616086,
                    0.0019493146467643074,
                    -6.529119905947917e-05,
                    0.008946710156306457,
                    -0.021084180311289506,
                    0.0058611795328832265
                ],
                "Si": [
                    [
                        1.011568013925657,
                        0.0021076169705766465,
                        6.425286964056508e-05,
                        -0.5340453893767079,
                        -0.5327446772568367,
                        -0.8977831496967131
                    ],
                    [
                        0.002107616970576648,
                        1.001850418220793,
                        0.00010508530559626467,
                        0.8878420832916729,
                        -0.5736267205567929,
                        -0.23009101983811056
                    ],
                    [
                        6.425286964056508e-05,
                        0.00010508530559626468,
                        0.00010198008827532852,
                        -1.6634908429068714e-05,
                        1.9603900429231226e-05,
                        -0.0001854251629900197
                    ],
                    [
                        -0.534045389376708,
                        0.8878420832916729,
                        -1.663490842906868e-05,
                        2.0512108465182846,
                        -0.853912113388122,
                        0.98062151867357
                    ],
                    [
                        -0.5327446772568368,
                        -0.5736267205567929,
                        1.960390042923124e-05,
                        -0.853912113388122,
                        2.012847925326164,
                        0.14725561721154098
                    ],
                    [
                        -0.8977831496967131,
                        -0.23009101983811056,
                        -0.00018542516299001975,
                        0.98062151867357,
                        0.14725561721154093,
                        2.359861419854769
                    ]
                ]
            },
            "est_tgt": [
                2,
                3,
                4,
                5
            ],
            "oracle_est_tgt": [
                2,
                3,
                4,
                5
            ]
        },
        "5": {
            "intv_type": "hard",
            "inode": 5,
            "new_mui": 0.0,
            "new_vari": 0.0001,
            "noise_type": "gaussian",
            "obs_noise_gamma_shape": null,
            "true_params": {
                "Si": [
                    [
                        1.0,
                        0.0,
                        0.0,
                        -0.5256682593448851,
                        -0.5239053395905643,
                        0.0
                    ],
                    [
                        0.0,
                        1.0,
                        -0.5328111224652445,
                        1.217660647875142,
                        -1.2881409795082177,
                        0.0
                    ],
                    [
                        0.0,
                        -0.5328111224652445,
                        1.2838876922226738,
                        -1.2887964570357837,
                        2.053188814068706,
                        0.0
                    ],
                    [
                        -0.5256682593448851,
                        1.217660647875142,
                        -1.2887964570357837,
                        3.168641622632207,
                        -2.8065621973051686,
                        0.0
                    ],
                    [
                        -0.5239053395905643,
                        -1.2881409795082177,
                        2.053188814068706,
                        -2.8065621973051686,
                        5.209931979487848,
                        0.0
                    ],
                    [
                        0.0,
                        0.0,
                        0.0,
                        0.0,
                        0.0,
                        0.0001
                    ]
                ],
                "mui": [
                    0.0,
                    0.0,
                    0.0,
                    0.0,
                    0.0,
                    0.0
                ],
                "Ai": [
                    [
                        0.0,
                        0.0,
                        0.0,
                        0.0,
                        0.0,
                        0.0
                    ],
                    [
                        0.0,
                        0.0,
                        0.0,
                        0.0,
                        0.0,
                        0.0
                    ],
                    [
                        -0.0,
                        -0.5328111224652445,
                        0.0,
                        0.0,
                        0.0,
                        0.0
                    ],
                    [
                        -0.5256682593448851,
                        0.8766544322083156,
                        -0.6400133204596724,
                        0.0,
                        0.0,
                        0.0
                    ],
                    [
                        -0.8596180724833186,
                        0.0,
                        0.9581149197868987,
                        -0.6386399158114222,
                        0.0,
                        0.0
                    ],
                    [
                        0.0,
                        0.0,
                        0.0,
                        0.0,
                        0.0,
                        0.0
                    ]
                ]
            },
            "est_params": {
                "mui": [
                    -0.007037014255576873,
                    0.009268333864752181,
                    -0.00291473881153136,
                    0.024347731398935788,
                    -0.018090614240427846,
                    2.5919512152912948e-05
                ],
                "Si": [
                    [
                        0.9956811201667144,
                        -0.015548094016336151,
                        0.005002371278840697,
                        -0.5510705728768036,
                        -0.49784077258406756,
                        1.2554501723071416e-05
                    ],
                    [
                        -0.015548094016336148,
                        0.9899284622162977,
                        -0.5260213924014868,
                        1.2186676442126771,
                        -1.270220174855781,
                        -9.624710437870723e-05
                    ],
                    [
                        0.005002371278840691,
                        -0.5260213924014868,
                        1.279648041957746,
                        -1.2931137145201113,
                        2.058112148275078,
                        1.9872339893396715e-05
                    ],
                    [
                        -0.5510705728768037,
                        1.2186676442126774,
                        -1.2931137145201113,
                        3.2014267939537797,
                        -2.813455260845614,
                        -5.2647599249712067e-05
                    ],
                    [
                        -0.4978407725840676,
                        -1.270220174855781,
                        2.058112148275078,
                        -2.813455260845614,
                        5.205749708078033,
                        0.00010590638724400458
                    ],
                    [
                        1.2554501723071413e-05,
                        -9.624710437870723e-05,
                        1.987233989339671e-05,
                        -5.264759924971203e-05,
                        0.00010590638724400455,
                        0.00010150351879070013
                    ]
                ]
            },
            "est_tgt": [
                3,
                5
            ],
            "oracle_est_tgt": [
                3,
                5
            ]
        },
        "3": {
            "intv_type": "hard",
            "inode": 3,
            "new_mui": 0.0,
            "new_vari": 0.0001,
            "noise_type": "gaussian",
            "obs_noise_gamma_shape": null,
            "true_params": {
                "Si": [
                    [
                        1.0,
                        0.0,
                        0.0,
                        0.0,
                        -0.8596180724833186,
                        -0.5071341754955283
                    ],
                    [
                        0.0,
                        1.0,
                        -0.5328111224652445,
                        0.0,
                        -0.5104942858623552,
                        -0.8584943879535003
                    ],
                    [
                        0.0,
                        -0.5328111224652445,
                        1.2838876922226738,
                        0.0,
                        1.2301119532493137,
                        0.4574153584756176
                    ],
                    [
                        0.0,
                        0.0,
                        0.0,
                        0.0001,
                        -6.386399158114222e-05,
                        7.178513921672064e-05
                    ],
                    [
                        -0.8596180724833186,
                        -0.5104942858623552,
                        1.2301119532493137,
                        -6.386399158114222e-05,
                        2.917572632050514,
                        0.874152337069779
                    ],
                    [
                        -0.5071341754955283,
                        -0.8584943879535003,
                        0.4574153584756176,
                        7.178513921672064e-05,
                        0.874152337069779,
                        1.994249217165308
                    ]
                ],
                "mui": [
                    0.0,
                    0.0,
                    0.0,
                    0.0,
                    0.0,
                    0.0
                ],
                "Ai": [
                    [
                        0.0,
                        0.0,
                        0.0,
                        0.0,
                        0.0,
                        0.0
                    ],
                    [
                        0.0,
                        0.0,
                        0.0,
                        0.0,
                        0.0,
                        0.0
                    ],
                    [
                        -0.0,
                        -0.5328111224652445,
                        0.0,
                        0.0,
                        0.0,
                        0.0
                    ],
                    [
                        0.0,
                        0.0,
                        0.0,
                        0.0,
                        0.0,
                        0.0
                    ],
                    [
                        -0.8596180724833186,
                        0.0,
                        0.9581149197868987,
                        -0.6386399158114222,
                        0.0,
                        0.0
                    ],
                    [
                        -0.5071341754955283,
                        -0.8584943879535003,
                        0.0,
                        0.7178513921672063,
                        -0.0,
                        0.0
                    ]
                ]
            },
            "est_params": {
                "mui": [
                    0.003238497838668125,
                    0.0055156830835239035,
                    0.0050593955047914,
                    -0.00010426121201534657,
                    0.01728006998594199,
                    -0.011870716382384428
                ],
                "Si": [
                    [
                        0.9874641902725458,
                        0.006720565400020842,
                        0.002513084352890416,
                        -0.00011171895252653818,
                        -0.834519543229114,
                        -0.5090563850442119
                    ],
                    [
                        0.0067205654000208415,
                        0.9940225712996416,
                        -0.5378312876972997,
                        4.3929787900005966e-05,
                        -0.5185627293893439,
                        -0.8594527659195217
                    ],
                    [
                        0.0025130843528904188,
                        -0.5378312876972997,
                        1.2764767102125667,
                        -7.797887895917112e-05,
                        1.203392217455475,
                        0.46583298775532894
                    ],
                    [
                        -0.0001117189525265382,
                        4.392978790000598e-05,
                        -7.797887895917109e-05,
                        0.00010274398520361939,
                        3.993663151402866e-05,
                        6.855179314246155e-05
                    ],
                    [
                        -0.834519543229114,
                        -0.5185627293893439,
                        1.203392217455475,
                        3.9936631514028644e-05,
                        2.8448888871492244,
                        0.8930380190222511
                    ],
                    [
                        -0.5090563850442119,
                        -0.8594527659195217,
                        0.46583298775532894,
                        6.855179314246155e-05,
                        0.8930380190222511,
                        2.0119374146695903
                    ]
                ]
            },
            "est_tgt": [
                2,
                3,
                4,
                5
            ],
            "oracle_est_tgt": [
                2,
                3,
                4,
                5
            ]
        },
        "obs": {
            "intv_type": "obs",
            "noise_type": "gaussian",
            "obs_noise_gamma_shape": null,
            "true_params": {
                "Si": [
                    [
                        1.0,
                        0.0,
                        0.0,
                        -0.5256682593448851,
                        -0.5239053395905643,
                        -0.8844858672843662
                    ],
                    [
                        0.0,
                        1.0,
                        -0.5328111224652445,
                        1.217660647875142,
                        -1.2881409795082177,
                        0.015605003310892691
                    ],
                    [
                        0.0,
                        -0.5328111224652445,
                        1.2838876922226738,
                        -1.2887964570357837,
                        2.053188814068706,
                        -0.46774897242768276
                    ],
                    [
                        -0.5256682593448851,
                        1.217660647875142,
                        -1.2887964570357837,
                        3.168641622632207,
                        -2.8065621973051686,
                        1.4958433067398906
                    ],
                    [
                        -0.5239053395905643,
                        -1.2881409795082177,
                        2.053188814068706,
                        -2.8065621973051686,
                        5.209931979487848,
                        -0.6431424763076735
                    ],
                    [
                        -0.8844858672843662,
                        0.015605003310892691,
                        -0.46774897242768276,
                        1.4958433067398906,
                        -0.6431424763076735,
                        2.508949403483535
                    ]
                ],
                "mui": [
                    0.0,
                    0.0,
                    0.0,
                    0.0,
                    0.0,
                    0.0
                ],
                "Ai": [
                    [
                        0.0,
                        0.0,
                        0.0,
                        0.0,
                        0.0,
                        0.0
                    ],
                    [
                        0.0,
                        0.0,
                        0.0,
                        0.0,
                        0.0,
                        0.0
                    ],
                    [
                        -0.0,
                        -0.5328111224652445,
                        0.0,
                        0.0,
                        0.0,
                        0.0
                    ],
                    [
                        -0.5256682593448851,
                        0.8766544322083156,
                        -0.6400133204596724,
                        0.0,
                        0.0,
                        0.0
                    ],
                    [
                        -0.8596180724833186,
                        0.0,
                        0.9581149197868987,
                        -0.6386399158114222,
                        0.0,
                        0.0
                    ],
                    [
                        -0.5071341754955283,
                        -0.8584943879535003,
                        0.0,
                        0.7178513921672063,
                        -0.0,
                        0.0
                    ]
                ]
            },
            "est_params": {
                "mui": [
                    -0.010602648967444665,
                    -0.0020921741842280803,
                    0.011982873846880555,
                    -0.00032823934075802724,
                    0.019739156695625374,
                    -0.003493130747383899
                ],
                "Si": [
                    [
                        1.0217627177393487,
                        0.018525114155152754,
                        -0.018109517231037913,
                        -0.5231122265743806,
                        -0.5703719091018803,
                        -0.9008005750724386
                    ],
                    [
                        0.01852511415515275,
                        1.0081135936511303,
                        -0.538512022139535,
                        1.2047794365643387,
                        -1.2941953556765997,
                        -0.013406380875368096
                    ],
                    [
                        -0.01810951723103792,
                        -0.538512022139535,
                        1.2812378503967896,
                        -1.278230122346701,
                        2.040502567106935,
                        -0.4364984413218129
                    ],
                    [
                        -0.5231122265743806,
                        1.2047794365643387,
                        -1.278230122346701,
                        3.15003778734772,
                        -2.756012371184863,
                        1.4853725810986713
                    ],
                    [
                        -0.5703719091018803,
                        -1.2941953556765997,
                        2.040502567106935,
                        -2.756012371184863,
                        5.168763750260423,
                        -0.5703330297760216
                    ],
                    [
                        -0.9008005750724386,
                        -0.013406380875368095,
                        -0.4364984413218129,
                        1.4853725810986713,
                        -0.5703330297760216,
                        2.5180348902792327
                    ]
                ]
            },
            "est_tgt": [
                0,
                1,
                2,
                3,
                4,
                5
            ],
            "oracle_est_tgt": [
                0,
                1,
                2,
                3,
                4,
                5
            ]
        }
    },
    "metric_dict": {
        "param_est_rel_err": 1.7933198322065937,
        "est_num_comp": 4,
        "weight_precision_error": 0.0016408682128367658,
        "gm_score_dict": {
            "1": -8.468961027448366,
            "2": -8.47171874748099,
            "3": -7.0469627465316975,
            "4": -6.373021869006555,
            "5": -6.373764214852023,
            "6": -6.374350849547677,
            "7": -6.374061120036232
        },
        "est_dag": {
            "amat": [
                [
                    0,
                    0,
                    1,
                    0,
                    1,
                    1
                ],
                [
                    0,
                    0,
                    0,
                    1,
                    0,
                    0
                ],
                [
                    0,
                    0,
                    0,
                    0,
                    0,
                    0
                ],
                [
                    0,
                    0,
                    0,
                    0,
                    1,
                    0
                ],
                [
                    0,
                    0,
                    1,
                    0,
                    0,
                    0
                ],
                [
                    0,
                    0,
                    0,
                    1,
                    0,
                    0
                ]
            ],
            "nodes": [
                0,
                1,
                2,
                3,
                4,
                5
            ]
        },
        "oracle_est_dag": {
            "amat": [
                [
                    0,
                    0,
                    1,
                    0,
                    1,
                    1
                ],
                [
                    0,
                    0,
                    0,
                    1,
                    0,
                    0
                ],
                [
                    0,
                    0,
                    0,
                    0,
                    0,
                    0
                ],
                [
                    0,
                    0,
                    0,
                    0,
                    1,
                    0
                ],
                [
                    0,
                    0,
                    1,
                    0,
                    0,
                    0
                ],
                [
                    0,
                    0,
                    0,
                    1,
                    0,
                    0
                ]
            ],
            "nodes": [
                0,
                1,
                2,
                3,
                4,
                5
            ]
        },
        "igsp_dag": null,
        "intv_base_est_dag": null,
        "act_dag": {
            "amat": [
                [
                    0,
                    0,
                    0,
                    1,
                    1,
                    1
                ],
                [
                    0,
                    0,
                    1,
                    1,
                    0,
                    1
                ],
                [
                    0,
                    0,
                    0,
                    1,
                    1,
                    0
                ],
                [
                    0,
                    0,
                    0,
                    0,
                    1,
                    1
                ],
                [
                    0,
                    0,
                    0,
                    0,
                    0,
                    0
                ],
                [
                    0,
                    0,
                    0,
                    0,
                    0,
                    0
                ]
            ],
            "nodes": [
                0,
                1,
                2,
                3,
                4,
                5
            ]
        },
        "shd": 7,
        "oracle_shd": 7,
        "intv_base_shd": null,
        "igsp_shd": null,
        "avg_js": 0.25,
        "avg_oracle_js": 0.25
    }
}