{
    "expt_args": {
        "save_dir": "all_expt_logs/expt_logs_sim_compsel_backwardbugfixed_cameraready_half_std_var",
        "exp_name": "154",
        "num_nodes": 6,
        "num_tgt_prior": 7,
        "obs_noise_mean": 0.0,
        "obs_noise_var": 1.0,
        "obs_noise_gamma_shape": null,
        "noise_type": "gaussian",
        "max_edge_strength": 1.0,
        "graph_sparsity_method": "adj_dense_prop",
        "adj_dense_prop": 0.8,
        "num_parents": null,
        "new_noise_mean": 0.0,
        "mix_samples": 1024,
        "stage2_samples": 1024,
        "gmm_tol": 0.001,
        "intv_type": "hard",
        "new_noise_var": 1000,
        "dtype": "simulation",
        "cutoff_drop_ratio": 0.07,
        "intv_targets": [
            4,
            3,
            5
        ]
    },
    "intv_args_dict": {
        "4": {
            "intv_type": "hard",
            "inode": 4,
            "new_mui": 0.0,
            "new_vari": 1000,
            "noise_type": "gaussian",
            "obs_noise_gamma_shape": null,
            "true_params": {
                "Si": [
                    [
                        1.0,
                        -0.7463640002687006,
                        1.2489304812326825,
                        0.1576092409582428,
                        0.0,
                        1.4655449871949524
                    ],
                    [
                        -0.7463640002687006,
                        1.557059220897097,
                        -1.4423657649655577,
                        -0.43135140190606336,
                        0.0,
                        -0.7913661977967572
                    ],
                    [
                        1.2489304812326825,
                        -1.4423657649655577,
                        2.8201405858732667,
                        0.9717849310734294,
                        0.0,
                        2.2106860885983797
                    ],
                    [
                        0.1576092409582428,
                        -0.43135140190606336,
                        0.9717849310734294,
                        1.501337309540824,
                        0.0,
                        -0.14167488517856652
                    ],
                    [
                        0.0,
                        0.0,
                        0.0,
                        0.0,
                        1000.0,
                        572.2735924922058
                    ],
                    [
                        1.4655449871949524,
                        -0.7913661977967572,
                        2.2106860885983797,
                        -0.14167488517856652,
                        572.2735924922058,
                        331.3900689089752
                    ]
                ],
                "mui": [
                    0.0,
                    0.0,
                    0.0,
                    0.0,
                    0.0,
                    0.0
                ],
                "Ai": [
                    [
                        0.0,
                        0.0,
                        0.0,
                        0.0,
                        0.0,
                        0.0
                    ],
                    [
                        -0.7463640002687006,
                        0.0,
                        0.0,
                        0.0,
                        0.0,
                        0.0
                    ],
                    [
                        0.8681288398724788,
                        -0.5102090149352194,
                        0.0,
                        0.0,
                        0.0,
                        0.0
                    ],
                    [
                        -0.6103336700197133,
                        0.0,
                        0.6148804297097495,
                        0.0,
                        0.0,
                        0.0
                    ],
                    [
                        0.0,
                        0.0,
                        0.0,
                        0.0,
                        0.0,
                        0.0
                    ],
                    [
                        0.8569807985073288,
                        0.5752430155284562,
                        0.9075738238565969,
                        -0.6065110466756145,
                        0.5722735924922058,
                        0.0
                    ]
                ]
            },
            "est_params": {
                "mui": [
                    0.0002898484466704424,
                    -0.11634261549752783,
                    0.06053351949357232,
                    0.092321990897779,
                    1.7260175989933422,
                    0.8360570410304847
                ],
                "Si": [
                    [
                        1.0078133713156363,
                        -0.7602706123984391,
                        1.2286418120411904,
                        0.09838931383343687,
                        0.06454682556359799,
                        1.5548021951330129
                    ],
                    [
                        -0.7602706123984391,
                        1.5236597246679402,
                        -1.4191832892151925,
                        -0.3890820237971732,
                        1.8980255225305727,
                        0.30904753149729336
                    ],
                    [
                        1.2286418120411904,
                        -1.4191832892151925,
                        2.7066632908352393,
                        0.8439023284116074,
                        0.1977021837675393,
                        2.289412326214585
                    ],
                    [
                        0.09838931383343687,
                        -0.3890820237971732,
                        0.8439023284116074,
                        1.5110905408200006,
                        -0.3256183561759532,
                        -0.5307428957348154
                    ],
                    [
                        0.06454682556359798,
                        1.8980255225305727,
                        0.1977021837675393,
                        -0.3256183561759532,
                        1006.8320340778596,
                        581.7867833101772
                    ],
                    [
                        1.5548021951330129,
                        0.30904753149729336,
                        2.289412326214585,
                        -0.5307428957348153,
                        581.7867833101772,
                        340.2837410239421
                    ]
                ]
            },
            "est_tgt": [
                2,
                4,
                5
            ],
            "oracle_est_tgt": [
                2,
                4,
                5
            ]
        },
        "3": {
            "intv_type": "hard",
            "inode": 3,
            "new_mui": 0.0,
            "new_vari": 1000,
            "noise_type": "gaussian",
            "obs_noise_gamma_shape": null,
            "true_params": {
                "Si": [
                    [
                        1.0,
                        -0.7463640002687006,
                        1.2489304812326825,
                        0.0,
                        1.5084444186817074,
                        2.424379639448083
                    ],
                    [
                        -0.7463640002687006,
                        1.557059220897097,
                        -1.4423657649655577,
                        0.0,
                        -1.4524910822504429,
                        -1.88420787775415
                    ],
                    [
                        1.2489304812326825,
                        -1.4423657649655577,
                        2.8201405858732667,
                        0.0,
                        2.690811201695368,
                        4.339964577399793
                    ],
                    [
                        0.0,
                        0.0,
                        0.0,
                        1000.0,
                        -877.279752985761,
                        -1108.5550825374507
                    ],
                    [
                        1.5084444186817074,
                        -1.4524910822504429,
                        2.690811201695368,
                        -877.279752985761,
                        773.4117376221428,
                        977.5822571392241
                    ],
                    [
                        2.424379639448083,
                        -1.88420787775415,
                        4.339964577399793,
                        -1108.5550825374507,
                        977.582257139224,
                        1237.7280212817948
                    ]
                ],
                "mui": [
                    0.0,
                    0.0,
                    0.0,
                    0.0,
                    0.0,
                    0.0
                ],
                "Ai": [
                    [
                        0.0,
                        0.0,
                        0.0,
                        0.0,
                        0.0,
                        0.0
                    ],
                    [
                        -0.7463640002687006,
                        0.0,
                        0.0,
                        0.0,
                        0.0,
                        0.0
                    ],
                    [
                        0.8681288398724788,
                        -0.5102090149352194,
                        0.0,
                        0.0,
                        0.0,
                        0.0
                    ],
                    [
                        0.0,
                        0.0,
                        0.0,
                        0.0,
                        0.0,
                        0.0
                    ],
                    [
                        0.7088628207883823,
                        0.0,
                        0.6402130542159126,
                        -0.877279752985761,
                        0.0,
                        0.0
                    ],
                    [
                        0.8569807985073288,
                        0.5752430155284562,
                        0.9075738238565969,
                        -0.6065110466756145,
                        0.5722735924922058,
                        0.0
                    ]
                ]
            },
            "est_params": {
                "mui": [
                    0.01024905499974263,
                    0.005244544921928275,
                    0.06812783713119794,
                    -0.2816061286798248,
                    0.26801032837534033,
                    0.23104180120011786
                ],
                "Si": [
                    [
                        1.0480869871240892,
                        -0.8560152608935374,
                        1.3010163297383381,
                        3.8876049071050116,
                        -1.8961282469339085,
                        -1.7315912148970902
                    ],
                    [
                        -0.8560152608935374,
                        1.7064344771687827,
                        -1.5519613088785449,
                        -1.8555146251211858,
                        0.0544781740743195,
                        -0.23325355911575654
                    ],
                    [
                        1.3010163297383381,
                        -1.5519613088785449,
                        2.831162102244933,
                        6.310929028639737,
                        -2.812464337206336,
                        -2.421620112918376
                    ],
                    [
                        3.8876049071050116,
                        -1.8555146251211856,
                        6.310929028639737,
                        1040.3227344261286,
                        -903.886675495204,
                        -1140.1377992601463
                    ],
                    [
                        -1.8961282469339085,
                        0.05447817407431951,
                        -2.812464337206336,
                        -903.886675495204,
                        788.933530291335,
                        995.7290358884819
                    ],
                    [
                        -1.7315912148970902,
                        -0.23325355911575676,
                        -2.421620112918376,
                        -1140.1377992601463,
                        995.7290358884819,
                        1258.731652511468
                    ]
                ]
            },
            "est_tgt": [
                2,
                3,
                5
            ],
            "oracle_est_tgt": [
                2,
                3,
                5
            ]
        },
        "5": {
            "intv_type": "hard",
            "inode": 5,
            "new_mui": 0.0,
            "new_vari": 1000,
            "noise_type": "gaussian",
            "obs_noise_gamma_shape": null,
            "true_params": {
                "Si": [
                    [
                        1.0,
                        -0.7463640002687006,
                        1.2489304812326825,
                        0.1576092409582428,
                        1.370177022705587,
                        0.0
                    ],
                    [
                        -0.7463640002687006,
                        1.557059220897097,
                        -1.4423657649655577,
                        -0.43135140190606336,
                        -1.0740752309362298,
                        0.0
                    ],
                    [
                        1.2489304812326825,
                        -1.4423657649655577,
                        2.8201405858732667,
                        0.9717849310734294,
                        1.8382839574079857,
                        0.0
                    ],
                    [
                        0.1576092409582428,
                        -0.43135140190606336,
                        0.9717849310734294,
                        1.501337309540824,
                        -0.5832200941707849,
                        0.0
                    ],
                    [
                        1.370177022705587,
                        -1.0740752309362298,
                        1.8382839574079857,
                        -0.5832200941707849,
                        3.659808116333269,
                        0.0
                    ],
                    [
                        0.0,
                        0.0,
                        0.0,
                        0.0,
                        0.0,
                        1000.0
                    ]
                ],
                "mui": [
                    0.0,
                    0.0,
                    0.0,
                    0.0,
                    0.0,
                    0.0
                ],
                "Ai": [
                    [
                        0.0,
                        0.0,
                        0.0,
                        0.0,
                        0.0,
                        0.0
                    ],
                    [
                        -0.7463640002687006,
                        0.0,
                        0.0,
                        0.0,
                        0.0,
                        0.0
                    ],
                    [
                        0.8681288398724788,
                        -0.5102090149352194,
                        0.0,
                        0.0,
                        0.0,
                        0.0
                    ],
                    [
                        -0.6103336700197133,
                        0.0,
                        0.6148804297097495,
                        0.0,
                        0.0,
                        0.0
                    ],
                    [
                        0.7088628207883823,
                        0.0,
                        0.6402130542159126,
                        -0.877279752985761,
                        0.0,
                        0.0
                    ],
                    [
                        0.0,
                        0.0,
                        0.0,
                        0.0,
                        0.0,
                        0.0
                    ]
                ]
            },
            "est_params": {
                "mui": [
                    0.07038127426363047,
                    0.01887966203073056,
                    0.08991457987184698,
                    -0.014301508065472762,
                    0.0683324737615768,
                    2.4999351398581697
                ],
                "Si": [
                    [
                        0.9003655876474278,
                        -0.6564552926461313,
                        1.0437994637084678,
                        0.11885956823196026,
                        1.1381927606815523,
                        0.745192794106623
                    ],
                    [
                        -0.6564552926461313,
                        1.337677043334609,
                        -1.1750810768442401,
                        -0.35817575868054236,
                        -0.7760929495255576,
                        -1.6866696168868143
                    ],
                    [
                        1.043799463708468,
                        -1.1750810768442403,
                        2.415492517367461,
                        0.7970276366483414,
                        1.513902463864423,
                        1.6373451902698979
                    ],
                    [
                        0.11885956823196026,
                        -0.3581757586805423,
                        0.7970276366483414,
                        1.3480952206882597,
                        -0.643030527284205,
                        -0.932168855740845
                    ],
                    [
                        1.1381927606815523,
                        -0.7760929495255576,
                        1.513902463864423,
                        -0.643030527284205,
                        3.230492276692934,
                        -1.431697399134686
                    ],
                    [
                        0.745192794106623,
                        -1.6866696168868143,
                        1.6373451902698979,
                        -0.932168855740845,
                        -1.431697399134686,
                        1238.1756061044814
                    ]
                ]
            },
            "est_tgt": [
                2,
                4,
                5
            ],
            "oracle_est_tgt": [
                2,
                4,
                5
            ]
        },
        "obs": {
            "intv_type": "obs",
            "noise_type": "gaussian",
            "obs_noise_gamma_shape": null,
            "true_params": {
                "Si": [
                    [
                        1.0,
                        -0.7463640002687006,
                        1.2489304812326825,
                        0.1576092409582428,
                        1.370177022705587,
                        2.249661114328953
                    ],
                    [
                        -0.7463640002687006,
                        1.557059220897097,
                        -1.4423657649655577,
                        -0.43135140190606336,
                        -1.0740752309362298,
                        -1.4060310888115288
                    ],
                    [
                        1.2489304812326825,
                        -1.4423657649655577,
                        2.8201405858732667,
                        0.9717849310734294,
                        1.8382839574079857,
                        3.262687452925036
                    ],
                    [
                        0.1576092409582428,
                        -0.43135140190606336,
                        0.9717849310734294,
                        1.501337309540824,
                        -0.5832200941707849,
                        -0.4754363436833241
                    ],
                    [
                        1.370177022705587,
                        -1.0740752309362298,
                        1.8382839574079857,
                        -0.5832200941707849,
                        3.659808116333269,
                        4.672880493149396
                    ],
                    [
                        2.249661114328953,
                        -1.4060310888115288,
                        3.262687452925036,
                        -0.4754363436833241,
                        4.672880493149396,
                        8.042760043910281
                    ]
                ],
                "mui": [
                    0.0,
                    0.0,
                    0.0,
                    0.0,
                    0.0,
                    0.0
                ],
                "Ai": [
                    [
                        0.0,
                        0.0,
                        0.0,
                        0.0,
                        0.0,
                        0.0
                    ],
                    [
                        -0.7463640002687006,
                        0.0,
                        0.0,
                        0.0,
                        0.0,
                        0.0
                    ],
                    [
                        0.8681288398724788,
                        -0.5102090149352194,
                        0.0,
                        0.0,
                        0.0,
                        0.0
                    ],
                    [
                        -0.6103336700197133,
                        0.0,
                        0.6148804297097495,
                        0.0,
                        0.0,
                        0.0
                    ],
                    [
                        0.7088628207883823,
                        0.0,
                        0.6402130542159126,
                        -0.877279752985761,
                        0.0,
                        0.0
                    ],
                    [
                        0.8569807985073288,
                        0.5752430155284562,
                        0.9075738238565969,
                        -0.6065110466756145,
                        0.5722735924922058,
                        0.0
                    ]
                ]
            },
            "est_params": {
                "mui": [
                    0.06274061493859448,
                    -0.08064008578532396,
                    0.04962319353307337,
                    -0.023399236713513592,
                    0.11761767753398734,
                    0.1605400132518079
                ],
                "Si": [
                    [
                        1.0564028050717134,
                        -0.7818519612933671,
                        1.1811265780533078,
                        0.1580793074053127,
                        1.3819846347553706,
                        2.2227677313389687
                    ],
                    [
                        -0.7818519612933671,
                        1.5336619538750753,
                        -1.236278989388114,
                        -0.24530695075609996,
                        -1.095355894126747,
                        -1.4450840261187798
                    ],
                    [
                        1.1811265780533076,
                        -1.236278989388114,
                        2.4683213474841628,
                        0.8698150030034427,
                        1.7816054958772578,
                        2.897969308679472
                    ],
                    [
                        0.15807930740531267,
                        -0.24530695075609996,
                        0.8698150030034427,
                        1.4273001831493608,
                        -0.5214615611307463,
                        -0.5794041191033557
                    ],
                    [
                        1.3819846347553708,
                        -1.095355894126747,
                        1.781605495877258,
                        -0.5214615611307464,
                        3.585143063171913,
                        4.598687806633634
                    ],
                    [
                        2.2227677313389687,
                        -1.4450840261187798,
                        2.897969308679473,
                        -0.5794041191033558,
                        4.598687806633634,
                        7.740721177965057
                    ]
                ]
            },
            "est_tgt": [
                0,
                1,
                2,
                3,
                4,
                5
            ],
            "oracle_est_tgt": [
                0,
                1,
                2,
                3,
                4,
                5
            ]
        }
    },
    "metric_dict": {
        "param_est_rel_err": 610.5488839029894,
        "est_num_comp": 4,
        "weight_precision_error": 0.008976801429005282,
        "gm_score_dict": {
            "1": -16.907603703081843,
            "2": -16.682261240619408,
            "3": -13.724696515602632,
            "4": -12.27844550139601,
            "5": -12.257379327419287,
            "6": -12.223069294100334,
            "7": -12.226088153731734
        },
        "est_dag": {
            "amat": [
                [
                    0,
                    1,
                    0,
                    0,
                    0,
                    1
                ],
                [
                    0,
                    0,
                    1,
                    0,
                    0,
                    0
                ],
                [
                    0,
                    0,
                    0,
                    0,
                    0,
                    0
                ],
                [
                    0,
                    0,
                    1,
                    0,
                    1,
                    1
                ],
                [
                    0,
                    0,
                    0,
                    0,
                    0,
                    0
                ],
                [
                    0,
                    0,
                    1,
                    0,
                    1,
                    0
                ]
            ],
            "nodes": [
                0,
                1,
                2,
                3,
                4,
                5
            ]
        },
        "oracle_est_dag": {
            "amat": [
                [
                    0,
                    1,
                    0,
                    0,
                    0,
                    1
                ],
                [
                    0,
                    0,
                    1,
                    0,
                    0,
                    0
                ],
                [
                    0,
                    0,
                    0,
                    0,
                    0,
                    0
                ],
                [
                    0,
                    0,
                    1,
                    0,
                    1,
                    1
                ],
                [
                    0,
                    0,
                    0,
                    0,
                    0,
                    0
                ],
                [
                    0,
                    0,
                    1,
                    0,
                    1,
                    0
                ]
            ],
            "nodes": [
                0,
                1,
                2,
                3,
                4,
                5
            ]
        },
        "igsp_dag": null,
        "intv_base_est_dag": null,
        "act_dag": {
            "amat": [
                [
                    0,
                    1,
                    1,
                    1,
                    1,
                    1
                ],
                [
                    0,
                    0,
                    1,
                    0,
                    0,
                    1
                ],
                [
                    0,
                    0,
                    0,
                    1,
                    1,
                    1
                ],
                [
                    0,
                    0,
                    0,
                    0,
                    1,
                    1
                ],
                [
                    0,
                    0,
                    0,
                    0,
                    0,
                    1
                ],
                [
                    0,
                    0,
                    0,
                    0,
                    0,
                    0
                ]
            ],
            "nodes": [
                0,
                1,
                2,
                3,
                4,
                5
            ]
        },
        "shd": 8,
        "oracle_shd": 8,
        "intv_base_shd": null,
        "igsp_shd": null,
        "avg_js": 0.25,
        "avg_oracle_js": 0.25
    }
}