{
    "expt_args": {
        "save_dir": "all_expt_logs/expt_logs_sim_compsel_backwardbugfixed_cameraready_half_std_var",
        "exp_name": "90",
        "num_nodes": 6,
        "num_tgt_prior": 7,
        "obs_noise_mean": 0.0,
        "obs_noise_var": 1.0,
        "obs_noise_gamma_shape": null,
        "noise_type": "gaussian",
        "max_edge_strength": 1.0,
        "graph_sparsity_method": "adj_dense_prop",
        "adj_dense_prop": 0.8,
        "num_parents": null,
        "new_noise_mean": 0.0,
        "mix_samples": 4096,
        "stage2_samples": 4096,
        "gmm_tol": 0.001,
        "intv_type": "hard",
        "new_noise_var": 100,
        "dtype": "simulation",
        "cutoff_drop_ratio": 0.07,
        "intv_targets": [
            4,
            1,
            5
        ]
    },
    "intv_args_dict": {
        "4": {
            "intv_type": "hard",
            "inode": 4,
            "new_mui": 0.0,
            "new_vari": 100,
            "noise_type": "gaussian",
            "obs_noise_gamma_shape": null,
            "true_params": {
                "Si": [
                    [
                        1.0,
                        -0.7112415433364359,
                        -1.084537081611443,
                        -0.9146422423222361,
                        0.0,
                        -1.332545690707763
                    ],
                    [
                        -0.7112415433364359,
                        1.5058645329675953,
                        1.355831567979888,
                        0.26065248368119326,
                        0.0,
                        2.1763831302223227
                    ],
                    [
                        -1.084537081611443,
                        1.355831567979888,
                        2.5178185450560826,
                        1.5815307688384257,
                        0.0,
                        2.3530978822882607
                    ],
                    [
                        -0.9146422423222361,
                        0.26065248368119326,
                        1.5815307688384257,
                        2.6567802309954103,
                        0.0,
                        0.3885031212320237
                    ],
                    [
                        0.0,
                        0.0,
                        0.0,
                        0.0,
                        100.0,
                        -99.16772665002917
                    ],
                    [
                        -1.332545690707763,
                        2.1763831302223227,
                        2.3530978822882607,
                        0.3885031212320237,
                        -99.16772665002917,
                        102.92009100785202
                    ]
                ],
                "mui": [
                    0.0,
                    0.0,
                    0.0,
                    0.0,
                    0.0,
                    0.0
                ],
                "Ai": [
                    [
                        0.0,
                        0.0,
                        0.0,
                        0.0,
                        0.0,
                        0.0
                    ],
                    [
                        -0.7112415433364359,
                        0.0,
                        0.0,
                        0.0,
                        0.0,
                        0.0
                    ],
                    [
                        -0.6688421889725789,
                        0.5844637402489712,
                        0.0,
                        0.0,
                        0.0,
                        0.0
                    ],
                    [
                        -0.6452037355060927,
                        -0.8676416689517701,
                        0.8174375238393392,
                        0.0,
                        0.0,
                        0.0
                    ],
                    [
                        0.0,
                        0.0,
                        0.0,
                        0.0,
                        0.0,
                        0.0
                    ],
                    [
                        -0.6585043861714261,
                        0.6782622366845106,
                        0.6038094384943982,
                        -0.5064501510099066,
                        -0.9916772665002916,
                        0.0
                    ]
                ]
            },
            "est_params": {
                "mui": [
                    -0.13376821932099045,
                    0.2067357778971533,
                    0.10781495037521763,
                    -0.048968147717470954,
                    5.427688145319667,
                    -10.354769148898018
                ],
                "Si": [
                    [
                        1.194864219436866,
                        -0.8139411342616957,
                        -1.3049147076075645,
                        -1.1543628660229044,
                        0.8666809951771918,
                        -1.2369628304766007
                    ],
                    [
                        -0.8139411342616955,
                        1.5481751482832762,
                        1.472951597831708,
                        0.42241714006345304,
                        -1.2116180627804656,
                        2.520703819151755
                    ],
                    [
                        -1.3049147076075645,
                        1.472951597831708,
                        2.7565374590084684,
                        1.8589491027993308,
                        -0.8363125126366814,
                        2.0324887780593683
                    ],
                    [
                        -1.1543628660229044,
                        0.42241714006345293,
                        1.8589491027993308,
                        2.918985851343259,
                        0.2293062019707906,
                        -0.8356685751510612
                    ],
                    [
                        0.8666809951771915,
                        -1.2116180627804658,
                        -0.8363125126366816,
                        0.22930620197079063,
                        48.39623543433568,
                        -19.94870104873431
                    ],
                    [
                        -1.2369628304766007,
                        2.5207038191517555,
                        2.0324887780593683,
                        -0.835668575151061,
                        -19.948701048734314,
                        40.446540980177815
                    ]
                ]
            },
            "est_tgt": [
                0,
                1,
                3,
                4,
                5
            ],
            "oracle_est_tgt": [
                0,
                3,
                4,
                5
            ]
        },
        "1": {
            "intv_type": "hard",
            "inode": 1,
            "new_mui": 0.0,
            "new_vari": 100,
            "noise_type": "gaussian",
            "obs_noise_gamma_shape": null,
            "true_params": {
                "Si": [
                    [
                        1.0,
                        0.0,
                        -0.6688421889725789,
                        -1.1919404382991208,
                        0.24946184133223764,
                        -0.7060848346734021
                    ],
                    [
                        0.0,
                        100.0,
                        58.44637402489712,
                        -38.98790763487723,
                        -23.839165317386918,
                        146.50288595729646
                    ],
                    [
                        -0.6688421889725789,
                        58.44637402489712,
                        35.607136240331315,
                        -21.17236074504551,
                        -13.60015596311744,
                        85.7920396130356
                    ],
                    [
                        -1.1919404382991208,
                        -38.98790763487723,
                        -21.17236074504551,
                        18.289495531290473,
                        10.017071891999171,
                        -57.63961892838436
                    ],
                    [
                        0.24946184133223764,
                        -23.839165317386918,
                        -13.600155963117441,
                        10.017071891999171,
                        7.36898302973094,
                        -36.92618036127921
                    ],
                    [
                        -0.7060848346734021,
                        146.50288595729646,
                        85.7920396130356,
                        -57.639618928384365,
                        -36.92618036127921,
                        218.4448256502133
                    ]
                ],
                "mui": [
                    0.0,
                    0.0,
                    0.0,
                    0.0,
                    0.0,
                    0.0
                ],
                "Ai": [
                    [
                        0.0,
                        0.0,
                        0.0,
                        0.0,
                        0.0,
                        0.0
                    ],
                    [
                        0.0,
                        0.0,
                        0.0,
                        0.0,
                        0.0,
                        0.0
                    ],
                    [
                        -0.6688421889725789,
                        0.5844637402489712,
                        0.0,
                        0.0,
                        0.0,
                        0.0
                    ],
                    [
                        -0.6452037355060927,
                        -0.8676416689517701,
                        0.8174375238393392,
                        0.0,
                        0.0,
                        0.0
                    ],
                    [
                        0.978274103410965,
                        -0.0,
                        -0.0,
                        0.6114502358177648,
                        0.0,
                        0.0
                    ],
                    [
                        -0.6585043861714261,
                        0.6782622366845106,
                        0.6038094384943982,
                        -0.5064501510099066,
                        -0.9916772665002916,
                        0.0
                    ]
                ]
            },
            "est_params": {
                "mui": [
                    0.00774150342805828,
                    0.18678085423318955,
                    0.09355384909439107,
                    -0.05261219262568888,
                    -0.01880566690669436,
                    0.21799222857455988
                ],
                "Si": [
                    [
                        1.0735642875248284,
                        0.05739847591179801,
                        -0.7143227360277113,
                        -1.3795675651472348,
                        0.20531473762879346,
                        -0.6247306094099212
                    ],
                    [
                        0.057398475911798044,
                        91.8697179990237,
                        53.733976273704414,
                        -36.242973679710644,
                        -22.224222510924356,
                        135.4039203767554
                    ],
                    [
                        -0.7143227360277113,
                        53.733976273704414,
                        32.98514587256459,
                        -19.44766182038645,
                        -12.573619517221466,
                        79.32095814265313
                    ],
                    [
                        -1.3795675651472348,
                        -36.242973679710644,
                        -19.44766182038645,
                        17.61936965121009,
                        9.49237949832703,
                        -53.857772043390796
                    ],
                    [
                        0.20531473762879346,
                        -22.224222510924356,
                        -12.573619517221466,
                        9.49237949832703,
                        7.011490866176664,
                        -34.70147833541251
                    ],
                    [
                        -0.6247306094099212,
                        135.4039203767554,
                        79.32095814265313,
                        -53.857772043390796,
                        -34.70147833541252,
                        203.2325613401626
                    ]
                ]
            },
            "est_tgt": [
                0,
                1,
                2,
                3,
                4,
                5
            ],
            "oracle_est_tgt": [
                0,
                1,
                2,
                3,
                4,
                5
            ]
        },
        "5": {
            "intv_type": "hard",
            "inode": 5,
            "new_mui": 0.0,
            "new_vari": 100,
            "noise_type": "gaussian",
            "obs_noise_gamma_shape": null,
            "true_params": {
                "Si": [
                    [
                        1.0,
                        -0.7112415433364359,
                        -1.084537081611443,
                        -0.9146422423222361,
                        0.4190158886541445,
                        0.0
                    ],
                    [
                        -0.7112415433364359,
                        1.5058645329675953,
                        1.355831567979888,
                        0.26065248368119326,
                        -0.5364131605027311,
                        0.0
                    ],
                    [
                        -1.084537081611443,
                        1.355831567979888,
                        2.5178185450560826,
                        1.5815307688384257,
                        -0.09394717957007265,
                        0.0
                    ],
                    [
                        -0.9146422423222361,
                        0.26065248368119326,
                        1.5815307688384257,
                        2.6567802309954103,
                        0.729718079208539,
                        0.0
                    ],
                    [
                        0.4190158886541445,
                        -0.5364131605027311,
                        -0.09394717957007265,
                        0.729718079208539,
                        1.8560986844006295,
                        0.0
                    ],
                    [
                        0.0,
                        0.0,
                        0.0,
                        0.0,
                        0.0,
                        100.0
                    ]
                ],
                "mui": [
                    0.0,
                    0.0,
                    0.0,
                    0.0,
                    0.0,
                    0.0
                ],
                "Ai": [
                    [
                        0.0,
                        0.0,
                        0.0,
                        0.0,
                        0.0,
                        0.0
                    ],
                    [
                        -0.7112415433364359,
                        0.0,
                        0.0,
                        0.0,
                        0.0,
                        0.0
                    ],
                    [
                        -0.6688421889725789,
                        0.5844637402489712,
                        0.0,
                        0.0,
                        0.0,
                        0.0
                    ],
                    [
                        -0.6452037355060927,
                        -0.8676416689517701,
                        0.8174375238393392,
                        0.0,
                        0.0,
                        0.0
                    ],
                    [
                        0.978274103410965,
                        -0.0,
                        -0.0,
                        0.6114502358177648,
                        0.0,
                        0.0
                    ],
                    [
                        0.0,
                        0.0,
                        0.0,
                        0.0,
                        0.0,
                        0.0
                    ]
                ]
            },
            "est_params": {
                "mui": [
                    0.08245524499260083,
                    -0.14193366083223288,
                    -0.057196811770593346,
                    0.08964245786873093,
                    -4.791972545212179,
                    9.686262711717797
                ],
                "Si": [
                    [
                        0.9616950839995986,
                        -0.7187293577264249,
                        -1.0621230369528583,
                        -0.8514485325110946,
                        0.8728180927629475,
                        -1.4672375651052618
                    ],
                    [
                        -0.7187293577264249,
                        1.5236184956436845,
                        1.3805212442163013,
                        0.25097669075580553,
                        -1.2074685343558251,
                        2.400506479444444
                    ],
                    [
                        -1.0621230369528583,
                        1.3805212442163013,
                        2.5032392292102643,
                        1.527681332840296,
                        -0.9995312466286118,
                        2.40460476825481
                    ],
                    [
                        -0.8514485325110946,
                        0.25097669075580553,
                        1.527681332840296,
                        2.516199779062392,
                        0.4991829719896792,
                        -0.16714794631518293
                    ],
                    [
                        0.8728180927629478,
                        -1.2074685343558254,
                        -0.9995312466286118,
                        0.4991829719896792,
                        42.69716434027004,
                        -17.194987560243067
                    ],
                    [
                        -1.467237565105262,
                        2.400506479444444,
                        2.40460476825481,
                        -0.16714794631518282,
                        -17.194987560243067,
                        37.963830988544814
                    ]
                ]
            },
            "est_tgt": [
                0,
                1,
                3,
                4,
                5
            ],
            "oracle_est_tgt": [
                0,
                1,
                3,
                5
            ]
        },
        "obs": {
            "intv_type": "obs",
            "noise_type": "gaussian",
            "obs_noise_gamma_shape": null,
            "true_params": {
                "Si": [
                    [
                        1.0,
                        -0.7112415433364359,
                        -1.084537081611443,
                        -0.9146422423222361,
                        0.4190158886541445,
                        -1.7480742217884957
                    ],
                    [
                        -0.7112415433364359,
                        1.5058645329675953,
                        1.355831567979888,
                        0.26065248368119326,
                        -0.5364131605027311,
                        2.7083318669444534
                    ],
                    [
                        -1.084537081611443,
                        1.355831567979888,
                        2.5178185450560826,
                        1.5815307688384257,
                        -0.09394717957007265,
                        2.4462631645197224
                    ],
                    [
                        -0.9146422423222361,
                        0.26065248368119326,
                        1.5815307688384257,
                        2.6567802309954103,
                        0.729718079208539,
                        -0.3351417088733436
                    ],
                    [
                        0.4190158886541445,
                        -0.5364131605027311,
                        -0.09394717957007265,
                        0.729718079208539,
                        1.8560986844006295,
                        -2.9066954854392275
                    ],
                    [
                        -1.7480742217884957,
                        2.7083318669444534,
                        2.4462631645197224,
                        -0.3351417088733436,
                        -2.9066954854392275,
                        8.517386962554525
                    ]
                ],
                "mui": [
                    0.0,
                    0.0,
                    0.0,
                    0.0,
                    0.0,
                    0.0
                ],
                "Ai": [
                    [
                        0.0,
                        0.0,
                        0.0,
                        0.0,
                        0.0,
                        0.0
                    ],
                    [
                        -0.7112415433364359,
                        0.0,
                        0.0,
                        0.0,
                        0.0,
                        0.0
                    ],
                    [
                        -0.6688421889725789,
                        0.5844637402489712,
                        0.0,
                        0.0,
                        0.0,
                        0.0
                    ],
                    [
                        -0.6452037355060927,
                        -0.8676416689517701,
                        0.8174375238393392,
                        0.0,
                        0.0,
                        0.0
                    ],
                    [
                        0.978274103410965,
                        -0.0,
                        -0.0,
                        0.6114502358177648,
                        0.0,
                        0.0
                    ],
                    [
                        -0.6585043861714261,
                        0.6782622366845106,
                        0.6038094384943982,
                        -0.5064501510099066,
                        -0.9916772665002916,
                        0.0
                    ]
                ]
            },
            "est_params": {
                "mui": [
                    -0.026182108311514976,
                    -0.018526002220211554,
                    0.029220202344740834,
                    0.10617841915341322,
                    0.030732639336470045,
                    0.03356348903944481
                ],
                "Si": [
                    [
                        1.0008147675063148,
                        -0.6858132110548845,
                        -1.0730773764436528,
                        -0.9276851523059844,
                        0.37434419534791136,
                        -1.637293667432147
                    ],
                    [
                        -0.6858132110548846,
                        1.4343732793472073,
                        1.266446858093396,
                        0.25899458871861797,
                        -0.48719042979599764,
                        2.4605264724346605
                    ],
                    [
                        -1.0730773764436528,
                        1.266446858093396,
                        2.4115614170828077,
                        1.62188656310661,
                        -0.0672551407165448,
                        2.181450670379036
                    ],
                    [
                        -0.9276851523059844,
                        0.25899458871861797,
                        1.62188656310661,
                        2.720275493385279,
                        0.7562528856840685,
                        -0.34650833093907624
                    ],
                    [
                        0.3743441953479114,
                        -0.48719042979599764,
                        -0.06725514071654483,
                        0.7562528856840685,
                        2.508662619677559,
                        -3.3291421176302554
                    ],
                    [
                        -1.637293667432147,
                        2.4605264724346605,
                        2.1814506703790357,
                        -0.3465083309390763,
                        -3.3291421176302554,
                        9.77511942503593
                    ]
                ]
            },
            "est_tgt": [
                0,
                1,
                2,
                3,
                4,
                5
            ],
            "oracle_est_tgt": [
                0,
                1,
                2,
                3,
                4,
                5
            ]
        }
    },
    "metric_dict": {
        "param_est_rel_err": 577.6129743942477,
        "est_num_comp": 4,
        "weight_precision_error": 0.3024786518999769,
        "gm_score_dict": {
            "1": -13.396516904174193,
            "2": -11.910760772093175,
            "3": -12.482213940974605,
            "4": -11.653813120349039,
            "5": -11.649649918507919,
            "6": -11.191294136868112,
            "7": -11.18997607578752
        },
        "est_dag": {
            "amat": [
                [
                    0,
                    1,
                    0,
                    0,
                    0,
                    0
                ],
                [
                    0,
                    0,
                    0,
                    0,
                    0,
                    0
                ],
                [
                    0,
                    1,
                    0,
                    1,
                    0,
                    1
                ],
                [
                    1,
                    1,
                    0,
                    0,
                    0,
                    0
                ],
                [
                    0,
                    1,
                    0,
                    0,
                    0,
                    1
                ],
                [
                    1,
                    1,
                    0,
                    1,
                    0,
                    0
                ]
            ],
            "nodes": [
                0,
                1,
                2,
                3,
                4,
                5
            ]
        },
        "oracle_est_dag": {
            "amat": [
                [
                    0,
                    1,
                    0,
                    0,
                    0,
                    0
                ],
                [
                    0,
                    0,
                    0,
                    0,
                    0,
                    0
                ],
                [
                    0,
                    1,
                    0,
                    1,
                    0,
                    1
                ],
                [
                    1,
                    1,
                    0,
                    0,
                    0,
                    0
                ],
                [
                    0,
                    1,
                    0,
                    0,
                    0,
                    1
                ],
                [
                    1,
                    1,
                    0,
                    1,
                    0,
                    0
                ]
            ],
            "nodes": [
                0,
                1,
                2,
                3,
                4,
                5
            ]
        },
        "igsp_dag": null,
        "intv_base_est_dag": null,
        "act_dag": {
            "amat": [
                [
                    0,
                    1,
                    1,
                    1,
                    1,
                    1
                ],
                [
                    0,
                    0,
                    1,
                    1,
                    0,
                    1
                ],
                [
                    0,
                    0,
                    0,
                    1,
                    0,
                    1
                ],
                [
                    0,
                    0,
                    0,
                    0,
                    1,
                    1
                ],
                [
                    0,
                    0,
                    0,
                    0,
                    0,
                    1
                ],
                [
                    0,
                    0,
                    0,
                    0,
                    0,
                    0
                ]
            ],
            "nodes": [
                0,
                1,
                2,
                3,
                4,
                5
            ]
        },
        "shd": 10,
        "oracle_shd": 10,
        "intv_base_shd": null,
        "igsp_shd": null,
        "avg_js": 0.14166666666666666,
        "avg_oracle_js": 0.16666666666666666
    }
}