{
    "expt_args": {
        "save_dir": "all_expt_logs/expt_logs_sim_compsel_backwardbugfixed_cameraready_half_std_var",
        "exp_name": "138",
        "num_nodes": 6,
        "num_tgt_prior": 7,
        "obs_noise_mean": 0.0,
        "obs_noise_var": 1.0,
        "obs_noise_gamma_shape": null,
        "noise_type": "gaussian",
        "max_edge_strength": 1.0,
        "graph_sparsity_method": "adj_dense_prop",
        "adj_dense_prop": 0.8,
        "num_parents": null,
        "new_noise_mean": 0.0,
        "mix_samples": 65536,
        "stage2_samples": 65536,
        "gmm_tol": 0.001,
        "intv_type": "hard",
        "new_noise_var": 1.0,
        "dtype": "simulation",
        "cutoff_drop_ratio": 0.07,
        "intv_targets": [
            4,
            0,
            2
        ]
    },
    "intv_args_dict": {
        "4": {
            "intv_type": "hard",
            "inode": 4,
            "new_mui": 0.0,
            "new_vari": 1.0,
            "noise_type": "gaussian",
            "obs_noise_gamma_shape": null,
            "true_params": {
                "Si": [
                    [
                        1.0,
                        0.8415826298351274,
                        0.7067460338322495,
                        -1.5350053023990413,
                        0.0,
                        1.6721931325508503
                    ],
                    [
                        0.8415826298351274,
                        1.708261322840209,
                        0.5947851857780905,
                        -1.2918337992038502,
                        0.0,
                        1.992998710912907
                    ],
                    [
                        0.7067460338322495,
                        0.5947851857780905,
                        1.4994899563376152,
                        -2.0364100288676976,
                        0.0,
                        2.9840760341365895
                    ],
                    [
                        -1.5350053023990413,
                        -1.2918337992038502,
                        -2.0364100288676976,
                        4.261690811387665,
                        0.0,
                        -5.180175574286105
                    ],
                    [
                        0.0,
                        0.0,
                        0.0,
                        0.0,
                        1.0,
                        -0.6505206486100512
                    ],
                    [
                        1.6721931325508503,
                        1.992998710912907,
                        2.9840760341365895,
                        -5.180175574286105,
                        -0.6505206486100512,
                        8.617741086934064
                    ]
                ],
                "mui": [
                    0.0,
                    0.0,
                    0.0,
                    0.0,
                    0.0,
                    0.0
                ],
                "Ai": [
                    [
                        0.0,
                        0.0,
                        0.0,
                        0.0,
                        0.0,
                        0.0
                    ],
                    [
                        0.8415826298351274,
                        0.0,
                        0.0,
                        0.0,
                        0.0,
                        0.0
                    ],
                    [
                        0.7067460338322495,
                        0.0,
                        0.0,
                        0.0,
                        0.0,
                        0.0
                    ],
                    [
                        -0.8625003227138845,
                        -0.0,
                        -0.951551119485702,
                        0.0,
                        0.0,
                        0.0
                    ],
                    [
                        0.0,
                        0.0,
                        0.0,
                        0.0,
                        0.0,
                        0.0
                    ],
                    [
                        -0.8693472871331782,
                        0.5857100168285225,
                        0.947379443859085,
                        -0.8984075669079294,
                        -0.6505206486100512,
                        0.0
                    ]
                ]
            },
            "oracle_est_tgt": [
                4
            ]
        },
        "0": {
            "intv_type": "hard",
            "inode": 0,
            "new_mui": 0.0,
            "new_vari": 1.0,
            "noise_type": "gaussian",
            "obs_noise_gamma_shape": null,
            "true_params": {
                "Si": [
                    [
                        1.0,
                        0.8415826298351274,
                        0.7067460338322495,
                        -1.5350053023990413,
                        -1.7124974954388443,
                        2.786208114026816
                    ],
                    [
                        0.8415826298351274,
                        1.708261322840209,
                        0.5947851857780905,
                        -1.2918337992038502,
                        -2.3413774139129773,
                        3.516113064852502
                    ],
                    [
                        0.7067460338322495,
                        0.5947851857780905,
                        1.4994899563376152,
                        -2.0364100288676976,
                        -1.7664788048279938,
                        4.133206972009205
                    ],
                    [
                        -1.5350053023990413,
                        -1.2918337992038502,
                        -2.0364100288676976,
                        4.261690811387665,
                        3.157924526744565,
                        -7.234470685685569
                    ],
                    [
                        -1.7124974954388443,
                        -2.3413774139129773,
                        -1.7664788048279938,
                        3.157924526744565,
                        5.0522863419055986,
                        -7.679858738981169
                    ],
                    [
                        2.786208114026816,
                        3.516113064852502,
                        4.133206972009205,
                        -7.234470685685569,
                        -7.679858738981169,
                        16.048365394273773
                    ]
                ],
                "mui": [
                    0.0,
                    0.0,
                    0.0,
                    0.0,
                    0.0,
                    0.0
                ],
                "Ai": [
                    [
                        0.0,
                        0.0,
                        0.0,
                        0.0,
                        0.0,
                        0.0
                    ],
                    [
                        0.8415826298351274,
                        0.0,
                        0.0,
                        0.0,
                        0.0,
                        0.0
                    ],
                    [
                        0.7067460338322495,
                        0.0,
                        0.0,
                        0.0,
                        0.0,
                        0.0
                    ],
                    [
                        -0.8625003227138845,
                        -0.0,
                        -0.951551119485702,
                        0.0,
                        0.0,
                        0.0
                    ],
                    [
                        -0.5618540855455586,
                        -0.9001692681154857,
                        -0.5561779919789298,
                        0.0,
                        0.0,
                        0.0
                    ],
                    [
                        -0.8693472871331782,
                        0.5857100168285225,
                        0.947379443859085,
                        -0.8984075669079294,
                        -0.6505206486100512,
                        0.0
                    ]
                ]
            },
            "oracle_est_tgt": []
        },
        "2": {
            "intv_type": "hard",
            "inode": 2,
            "new_mui": 0.0,
            "new_vari": 1.0,
            "noise_type": "gaussian",
            "obs_noise_gamma_shape": null,
            "true_params": {
                "Si": [
                    [
                        1.0,
                        0.8415826298351274,
                        0.0,
                        -0.8625003227138845,
                        -1.3194209055029509,
                        1.2567634487742723
                    ],
                    [
                        0.8415826298351274,
                        1.708261322840209,
                        0.0,
                        -0.7258652898231971,
                        -2.0105709836281043,
                        2.22895900128196
                    ],
                    [
                        0.0,
                        0.0,
                        1.0,
                        -0.951551119485702,
                        -0.5561779919789298,
                        2.1640654379895206
                    ],
                    [
                        -0.8625003227138845,
                        -0.7258652898231971,
                        -0.951551119485702,
                        2.6493563396760478,
                        1.6672327476926012,
                        -4.041585337209998
                    ],
                    [
                        -1.3194209055029509,
                        -2.0105709836281043,
                        -0.5561779919789298,
                        1.6672327476926012,
                        3.8605101958995105,
                        -4.566684289523623
                    ],
                    [
                        1.2567634487742723,
                        2.22895900128196,
                        2.1640654379895206,
                        -4.041585337209998,
                        -4.566684289523623,
                        9.864864105779908
                    ]
                ],
                "mui": [
                    0.0,
                    0.0,
                    0.0,
                    0.0,
                    0.0,
                    0.0
                ],
                "Ai": [
                    [
                        0.0,
                        0.0,
                        0.0,
                        0.0,
                        0.0,
                        0.0
                    ],
                    [
                        0.8415826298351274,
                        0.0,
                        0.0,
                        0.0,
                        0.0,
                        0.0
                    ],
                    [
                        0.0,
                        0.0,
                        0.0,
                        0.0,
                        0.0,
                        0.0
                    ],
                    [
                        -0.8625003227138845,
                        -0.0,
                        -0.951551119485702,
                        0.0,
                        0.0,
                        0.0
                    ],
                    [
                        -0.5618540855455586,
                        -0.9001692681154857,
                        -0.5561779919789298,
                        0.0,
                        0.0,
                        0.0
                    ],
                    [
                        -0.8693472871331782,
                        0.5857100168285225,
                        0.947379443859085,
                        -0.8984075669079294,
                        -0.6505206486100512,
                        0.0
                    ]
                ]
            },
            "est_params": {
                "mui": [
                    0.003038620199826062,
                    0.005860101394634353,
                    0.0013291185104157628,
                    0.003072663624623722,
                    -0.00372373268916058,
                    -0.008043105498514815
                ],
                "Si": [
                    [
                        1.0004449921965564,
                        0.8396571502335622,
                        0.5339611158259411,
                        -1.3718928904942365,
                        -1.1890490779258165,
                        2.1373414551254117
                    ],
                    [
                        0.8396571502335622,
                        1.7080032553118736,
                        0.4526853005084369,
                        -1.1500070847969641,
                        -1.6762877436169286,
                        2.8258086575720225
                    ],
                    [
                        0.5339611158259411,
                        0.4526853005084369,
                        1.3812819610769238,
                        -1.7778286342416194,
                        -1.0358176956604717,
                        3.3860877473289106
                    ],
                    [
                        -1.3718928904942365,
                        -1.1500070847969641,
                        -1.7778286342416194,
                        3.8742926834316043,
                        2.004324111696587,
                        -5.956133699826713
                    ],
                    [
                        -1.1890490779258165,
                        -1.6762877436169286,
                        -1.0358176956604717,
                        2.004324111696587,
                        3.7519467907066844,
                        -5.166475611229546
                    ],
                    [
                        2.1373414551254117,
                        2.8258086575720225,
                        3.3860877473289106,
                        -5.956133699826713,
                        -5.166475611229546,
                        12.72742240081526
                    ]
                ]
            },
            "est_tgt": [
                2,
                4
            ],
            "oracle_est_tgt": [
                2
            ]
        },
        "obs": {
            "intv_type": "obs",
            "noise_type": "gaussian",
            "obs_noise_gamma_shape": null,
            "true_params": {
                "Si": [
                    [
                        1.0,
                        0.8415826298351274,
                        0.7067460338322495,
                        -1.5350053023990413,
                        -1.7124974954388443,
                        2.786208114026816
                    ],
                    [
                        0.8415826298351274,
                        1.708261322840209,
                        0.5947851857780905,
                        -1.2918337992038502,
                        -2.3413774139129773,
                        3.516113064852502
                    ],
                    [
                        0.7067460338322495,
                        0.5947851857780905,
                        1.4994899563376152,
                        -2.0364100288676976,
                        -1.7664788048279938,
                        4.133206972009205
                    ],
                    [
                        -1.5350053023990413,
                        -1.2918337992038502,
                        -2.0364100288676976,
                        4.261690811387665,
                        3.157924526744565,
                        -7.234470685685569
                    ],
                    [
                        -1.7124974954388443,
                        -2.3413774139129773,
                        -1.7664788048279938,
                        3.157924526744565,
                        5.0522863419055986,
                        -7.679858738981169
                    ],
                    [
                        2.786208114026816,
                        3.516113064852502,
                        4.133206972009205,
                        -7.234470685685569,
                        -7.679858738981169,
                        16.048365394273773
                    ]
                ],
                "mui": [
                    0.0,
                    0.0,
                    0.0,
                    0.0,
                    0.0,
                    0.0
                ],
                "Ai": [
                    [
                        0.0,
                        0.0,
                        0.0,
                        0.0,
                        0.0,
                        0.0
                    ],
                    [
                        0.8415826298351274,
                        0.0,
                        0.0,
                        0.0,
                        0.0,
                        0.0
                    ],
                    [
                        0.7067460338322495,
                        0.0,
                        0.0,
                        0.0,
                        0.0,
                        0.0
                    ],
                    [
                        -0.8625003227138845,
                        -0.0,
                        -0.951551119485702,
                        0.0,
                        0.0,
                        0.0
                    ],
                    [
                        -0.5618540855455586,
                        -0.9001692681154857,
                        -0.5561779919789298,
                        0.0,
                        0.0,
                        0.0
                    ],
                    [
                        -0.8693472871331782,
                        0.5857100168285225,
                        0.947379443859085,
                        -0.8984075669079294,
                        -0.6505206486100512,
                        0.0
                    ]
                ]
            },
            "est_tgt": [
                0,
                1,
                2,
                3,
                4,
                5
            ],
            "oracle_est_tgt": [
                0,
                1,
                2,
                3,
                4,
                5
            ]
        }
    },
    "metric_dict": {
        "param_est_rel_err": 23.090229536748822,
        "est_num_comp": 1,
        "weight_precision_error": 0.0,
        "gm_score_dict": {
            "1": -8.836773658224564,
            "2": -8.840037681993575,
            "3": -8.7864878908156,
            "4": -8.7842200818599,
            "5": -8.775345606654456,
            "6": -8.760292498781407,
            "7": -8.754394693770465
        },
        "est_dag": {
            "amat": [
                [
                    0,
                    1,
                    1,
                    1,
                    1,
                    1
                ],
                [
                    0,
                    0,
                    0,
                    0,
                    1,
                    1
                ],
                [
                    0,
                    0,
                    0,
                    1,
                    1,
                    1
                ],
                [
                    0,
                    0,
                    0,
                    0,
                    0,
                    1
                ],
                [
                    0,
                    0,
                    0,
                    0,
                    0,
                    1
                ],
                [
                    0,
                    0,
                    0,
                    0,
                    0,
                    0
                ]
            ],
            "nodes": [
                0,
                1,
                2,
                3,
                4,
                5
            ]
        },
        "oracle_est_dag": {
            "amat": [
                [
                    0,
                    1,
                    1,
                    1,
                    1,
                    1
                ],
                [
                    0,
                    0,
                    0,
                    0,
                    1,
                    1
                ],
                [
                    0,
                    0,
                    0,
                    1,
                    1,
                    1
                ],
                [
                    0,
                    0,
                    0,
                    0,
                    0,
                    1
                ],
                [
                    0,
                    0,
                    0,
                    0,
                    0,
                    1
                ],
                [
                    0,
                    0,
                    0,
                    0,
                    0,
                    0
                ]
            ],
            "nodes": [
                0,
                1,
                2,
                3,
                4,
                5
            ]
        },
        "igsp_dag": null,
        "intv_base_est_dag": null,
        "act_dag": {
            "amat": [
                [
                    0,
                    1,
                    1,
                    1,
                    1,
                    1
                ],
                [
                    0,
                    0,
                    0,
                    0,
                    1,
                    1
                ],
                [
                    0,
                    0,
                    0,
                    1,
                    1,
                    1
                ],
                [
                    0,
                    0,
                    0,
                    0,
                    0,
                    1
                ],
                [
                    0,
                    0,
                    0,
                    0,
                    0,
                    1
                ],
                [
                    0,
                    0,
                    0,
                    0,
                    0,
                    0
                ]
            ],
            "nodes": [
                0,
                1,
                2,
                3,
                4,
                5
            ]
        },
        "shd": 0,
        "oracle_shd": 0,
        "intv_base_shd": null,
        "igsp_shd": null,
        "avg_js": 0.25,
        "avg_oracle_js": 0.5
    }
}