{
    "expt_args": {
        "save_dir": "all_expt_logs/expt_logs_sim_compsel_backwardbugfixed_cameraready_half_std_var",
        "exp_name": "174",
        "num_nodes": 6,
        "num_tgt_prior": 7,
        "obs_noise_mean": 0.0,
        "obs_noise_var": 1.0,
        "obs_noise_gamma_shape": null,
        "noise_type": "gaussian",
        "max_edge_strength": 1.0,
        "graph_sparsity_method": "adj_dense_prop",
        "adj_dense_prop": 0.8,
        "num_parents": null,
        "new_noise_mean": 0.0,
        "mix_samples": 524288,
        "stage2_samples": 524288,
        "gmm_tol": 0.001,
        "intv_type": "hard",
        "new_noise_var": 0.0001,
        "dtype": "simulation",
        "cutoff_drop_ratio": 0.07,
        "intv_targets": [
            5,
            3,
            0
        ]
    },
    "intv_args_dict": {
        "5": {
            "intv_type": "hard",
            "inode": 5,
            "new_mui": 0.0,
            "new_vari": 0.0001,
            "noise_type": "gaussian",
            "obs_noise_gamma_shape": null,
            "true_params": {
                "Si": [
                    [
                        1.0,
                        0.671500159962226,
                        1.0200365732250678,
                        -1.4180935569794604,
                        -2.8167116099501737,
                        0.0
                    ],
                    [
                        0.671500159962226,
                        1.450912464829295,
                        1.2873389715860721,
                        -2.1476153892658028,
                        -3.9481034809998548,
                        0.0
                    ],
                    [
                        1.0200365732250678,
                        1.2873389715860721,
                        2.40334139476015,
                        -3.1663654886198622,
                        -5.48619747701032,
                        0.0
                    ],
                    [
                        -1.4180935569794604,
                        -2.1476153892658028,
                        -3.1663654886198622,
                        5.439465561743281,
                        8.527976276812348,
                        0.0
                    ],
                    [
                        -2.8167116099501737,
                        -3.9481034809998548,
                        -5.48619747701032,
                        8.527976276812348,
                        15.543851576915301,
                        0.0
                    ],
                    [
                        0.0,
                        0.0,
                        0.0,
                        0.0,
                        0.0,
                        0.0001
                    ]
                ],
                "mui": [
                    0.0,
                    0.0,
                    0.0,
                    0.0,
                    0.0,
                    0.0
                ],
                "Ai": [
                    [
                        0.0,
                        0.0,
                        0.0,
                        0.0,
                        0.0,
                        0.0
                    ],
                    [
                        0.671500159962226,
                        0.0,
                        0.0,
                        0.0,
                        0.0,
                        0.0
                    ],
                    [
                        0.6155354533283559,
                        0.6023842494981182,
                        0.0,
                        0.0,
                        0.0,
                        0.0
                    ],
                    [
                        -0.0,
                        -0.5931082264120782,
                        -0.9997889436889998,
                        0.0,
                        0.0,
                        0.0
                    ],
                    [
                        -0.5898202756605713,
                        -0.8129858054695951,
                        -0.6730002342687211,
                        0.7012840430957689,
                        0.0,
                        0.0
                    ],
                    [
                        0.0,
                        0.0,
                        0.0,
                        0.0,
                        0.0,
                        0.0
                    ]
                ]
            },
            "est_params": {
                "mui": [
                    0.0001559381520701659,
                    -0.0029630553675973133,
                    -0.0003379069599943508,
                    0.006530820704371688,
                    0.007120758275065129,
                    3.777532531805758e-05
                ],
                "Si": [
                    [
                        0.9962227987046437,
                        0.6746763251118671,
                        1.019219319828261,
                        -1.4177475912125692,
                        -2.821099117618138,
                        7.109597205978169e-05
                    ],
                    [
                        0.6746763251118671,
                        1.4583403937175066,
                        1.2973825864573463,
                        -2.166553845105931,
                        -3.9793017502954644,
                        4.2317718744896074e-05
                    ],
                    [
                        1.019219319828261,
                        1.2973825864573463,
                        2.4088790788282823,
                        -3.178511258670694,
                        -5.509890687706985,
                        2.5022400859613944e-05
                    ],
                    [
                        -1.4177475912125692,
                        -2.166553845105931,
                        -3.178511258670694,
                        5.469905746592133,
                        8.579915175861185,
                        -5.3272608886010806e-05
                    ],
                    [
                        -2.821099117618138,
                        -3.9793017502954644,
                        -5.509890687706984,
                        8.579915175861185,
                        15.640431923910327,
                        -0.00013743970617261276
                    ],
                    [
                        7.109597205978166e-05,
                        4.231771874489613e-05,
                        2.5022400859613944e-05,
                        -5.32726088860108e-05,
                        -0.00013743970617261281,
                        0.00010149412843844593
                    ]
                ]
            },
            "est_tgt": [
                5
            ],
            "oracle_est_tgt": [
                5
            ]
        },
        "3": {
            "intv_type": "hard",
            "inode": 3,
            "new_mui": 0.0,
            "new_vari": 0.0001,
            "noise_type": "gaussian",
            "obs_noise_gamma_shape": null,
            "true_params": {
                "Si": [
                    [
                        1.0,
                        0.671500159962226,
                        1.0200365732250678,
                        0.0,
                        -1.8222252268235577,
                        0.16200776023809804
                    ],
                    [
                        0.671500159962226,
                        1.450912464829295,
                        1.2873389715860721,
                        0.0,
                        -2.442015077800839,
                        -0.7762143469303384
                    ],
                    [
                        1.0200365732250678,
                        1.2873389715860721,
                        2.40334139476015,
                        0.0,
                        -3.2656758852320733,
                        -0.20247499055053603
                    ],
                    [
                        0.0,
                        0.0,
                        0.0,
                        0.0001,
                        7.012840430957688e-05,
                        -1.8467745289421328e-05
                    ],
                    [
                        -1.8222252268235577,
                        -2.442015077800839,
                        -3.2656758852320733,
                        7.012840430957688e-05,
                        6.257958796333337,
                        1.2489137175558593
                    ],
                    [
                        0.16200776023809804,
                        -0.7762143469303384,
                        -0.20247499055053603,
                        -1.8467745289421328e-05,
                        1.2489137175558593,
                        2.169950595887874
                    ]
                ],
                "mui": [
                    0.0,
                    0.0,
                    0.0,
                    0.0,
                    0.0,
                    0.0
                ],
                "Ai": [
                    [
                        0.0,
                        0.0,
                        0.0,
                        0.0,
                        0.0,
                        0.0
                    ],
                    [
                        0.671500159962226,
                        0.0,
                        0.0,
                        0.0,
                        0.0,
                        0.0
                    ],
                    [
                        0.6155354533283559,
                        0.6023842494981182,
                        0.0,
                        0.0,
                        0.0,
                        0.0
                    ],
                    [
                        0.0,
                        0.0,
                        0.0,
                        0.0,
                        0.0,
                        0.0
                    ],
                    [
                        -0.5898202756605713,
                        -0.8129858054695951,
                        -0.6730002342687211,
                        0.7012840430957689,
                        0.0,
                        0.0
                    ],
                    [
                        0.9949118873274003,
                        -0.5153994800595699,
                        0.5538150796542427,
                        -0.5894341756981799,
                        0.5771651683634447,
                        0.0
                    ]
                ]
            },
            "est_params": {
                "mui": [
                    -0.0008896211169806682,
                    -0.0029381966931251928,
                    -0.00452575922575325,
                    1.4483190210419774e-05,
                    0.012277538893067732,
                    0.007651882473205827
                ],
                "Si": [
                    [
                        0.9988527960827562,
                        0.6676110324303512,
                        1.0224881572629414,
                        8.869291069693465e-06,
                        -1.8192666710154588,
                        0.1627800744919642
                    ],
                    [
                        0.6676110324303512,
                        1.4464099139345923,
                        1.2829516046739973,
                        -1.2502783875382837e-05,
                        -2.4295898168422836,
                        -0.7686881400522106
                    ],
                    [
                        1.0224881572629414,
                        1.2829516046739973,
                        2.4075585815748597,
                        -1.0746226956572214e-05,
                        -3.267028896949016,
                        -0.19527985983495053
                    ],
                    [
                        8.869291069693461e-06,
                        -1.2502783875382837e-05,
                        -1.074622695657224e-05,
                        0.00010174151231821392,
                        6.387944943712588e-05,
                        -5.570750584262492e-05
                    ],
                    [
                        -1.8192666710154588,
                        -2.4295898168422836,
                        -3.267028896949016,
                        6.387944943712585e-05,
                        6.25359386162903,
                        1.2392870423017763
                    ],
                    [
                        0.16278007449196422,
                        -0.7686881400522105,
                        -0.1952798598349505,
                        -5.570750584262494e-05,
                        1.2392870423017763,
                        2.160807242998299
                    ]
                ]
            },
            "est_tgt": [
                3
            ],
            "oracle_est_tgt": [
                3
            ]
        },
        "0": {
            "intv_type": "hard",
            "inode": 0,
            "new_mui": 0.0,
            "new_vari": 0.0001,
            "noise_type": "gaussian",
            "obs_noise_gamma_shape": null,
            "true_params": {
                "Si": [
                    [
                        0.0001,
                        6.715001599622261e-05,
                        0.00010200365732250679,
                        -0.00014180935569794604,
                        -0.0002816711609950174,
                        4.238976663067595e-05
                    ],
                    [
                        6.715001599622261e-05,
                        1.0000450912464829,
                        0.602452744970327,
                        -1.195460563917728,
                        -2.0568703265805186,
                        -0.6642170930418461
                    ],
                    [
                        0.00010200365732250679,
                        0.602452744970327,
                        1.3629708315044828,
                        -1.7200028469752233,
                        -2.613335933519319,
                        -0.05006656100543572
                    ],
                    [
                        -0.00014180935569794604,
                        -1.195460563917728,
                        -1.7200028469752233,
                        3.4286773243302577,
                        4.534015126931359,
                        0.2593311632541878
                    ],
                    [
                        -0.0002816711609950174,
                        -2.0568703265805186,
                        -2.613335933519319,
                        4.534015126931359,
                        7.610780669716564,
                        1.332698848366217
                    ],
                    [
                        4.238976663067595e-05,
                        -0.6642170930418461,
                        -0.05006656100543572,
                        0.2593311632541878,
                        1.332698848366217,
                        1.9309804067614031
                    ]
                ],
                "mui": [
                    0.0,
                    0.0,
                    0.0,
                    0.0,
                    0.0,
                    0.0
                ],
                "Ai": [
                    [
                        0.0,
                        0.0,
                        0.0,
                        0.0,
                        0.0,
                        0.0
                    ],
                    [
                        0.671500159962226,
                        0.0,
                        0.0,
                        0.0,
                        0.0,
                        0.0
                    ],
                    [
                        0.6155354533283559,
                        0.6023842494981182,
                        0.0,
                        0.0,
                        0.0,
                        0.0
                    ],
                    [
                        -0.0,
                        -0.5931082264120782,
                        -0.9997889436889998,
                        0.0,
                        0.0,
                        0.0
                    ],
                    [
                        -0.5898202756605713,
                        -0.8129858054695951,
                        -0.6730002342687211,
                        0.7012840430957689,
                        0.0,
                        0.0
                    ],
                    [
                        0.9949118873274003,
                        -0.5153994800595699,
                        0.5538150796542427,
                        -0.5894341756981799,
                        0.5771651683634447,
                        0.0
                    ]
                ]
            },
            "est_params": {
                "mui": [
                    3.634804556278869e-05,
                    0.34736163221495403,
                    0.4908204541801627,
                    -0.9251189704501328,
                    -1.2526776691635286,
                    -0.0753266210671671
                ],
                "Si": [
                    [
                        0.00010085248121321415,
                        8.859833108788539e-05,
                        6.50510538225196e-05,
                        -0.00023916303089898422,
                        -0.00027677543201971275,
                        2.1575484240138e-05
                    ],
                    [
                        8.859833108788539e-05,
                        0.8732202033646516,
                        0.4253384906959272,
                        -0.844091086922826,
                        -1.579477923017365,
                        -0.6360393076577007
                    ],
                    [
                        6.505105382251956e-05,
                        0.4253384906959272,
                        1.0988020726867318,
                        -1.2227714892523707,
                        -1.9473208885149447,
                        -0.02458936651861431
                    ],
                    [
                        -0.00023916303089898427,
                        -0.844091086922826,
                        -1.2227714892523707,
                        2.472128364494928,
                        3.2395161465231355,
                        0.18524631469053668
                    ],
                    [
                        -0.00027677543201971275,
                        -1.579477923017365,
                        -1.9473208885149447,
                        3.2395161465231355,
                        5.855892933567163,
                        1.2232877973369658
                    ],
                    [
                        2.1575484240137964e-05,
                        -0.6360393076577007,
                        -0.024589366518614316,
                        0.18524631469053665,
                        1.2232877973369658,
                        1.921713389887435
                    ]
                ]
            },
            "est_tgt": [
                0,
                1,
                2,
                3,
                5
            ],
            "oracle_est_tgt": [
                0
            ]
        },
        "obs": {
            "intv_type": "obs",
            "noise_type": "gaussian",
            "obs_noise_gamma_shape": null,
            "true_params": {
                "Si": [
                    [
                        1.0,
                        0.671500159962226,
                        1.0200365732250678,
                        -1.4180935569794604,
                        -2.8167116099501737,
                        0.4238976663067595
                    ],
                    [
                        0.671500159962226,
                        1.450912464829295,
                        1.2873389715860721,
                        -2.1476153892658028,
                        -3.9481034809998548,
                        -0.37959820704431596
                    ],
                    [
                        1.0200365732250678,
                        1.2873389715860721,
                        2.40334139476015,
                        -3.1663654886198622,
                        -5.48619747701032,
                        0.3822813228199208
                    ],
                    [
                        -1.4180935569794604,
                        -2.1476153892658028,
                        -3.1663654886198622,
                        5.439465561743281,
                        8.527976276812348,
                        -0.34173527349911625
                    ],
                    [
                        -2.8167116099501737,
                        -3.9481034809998548,
                        -5.48619747701032,
                        8.527976276812348,
                        15.543851576915301,
                        0.13882076999699444
                    ],
                    [
                        0.4238976663067595,
                        -0.37959820704431596,
                        0.3822813228199208,
                        -0.34173527349911625,
                        0.13882076999699444,
                        2.11065166933857
                    ]
                ],
                "mui": [
                    0.0,
                    0.0,
                    0.0,
                    0.0,
                    0.0,
                    0.0
                ],
                "Ai": [
                    [
                        0.0,
                        0.0,
                        0.0,
                        0.0,
                        0.0,
                        0.0
                    ],
                    [
                        0.671500159962226,
                        0.0,
                        0.0,
                        0.0,
                        0.0,
                        0.0
                    ],
                    [
                        0.6155354533283559,
                        0.6023842494981182,
                        0.0,
                        0.0,
                        0.0,
                        0.0
                    ],
                    [
                        -0.0,
                        -0.5931082264120782,
                        -0.9997889436889998,
                        0.0,
                        0.0,
                        0.0
                    ],
                    [
                        -0.5898202756605713,
                        -0.8129858054695951,
                        -0.6730002342687211,
                        0.7012840430957689,
                        0.0,
                        0.0
                    ],
                    [
                        0.9949118873274003,
                        -0.5153994800595699,
                        0.5538150796542427,
                        -0.5894341756981799,
                        0.5771651683634447,
                        0.0
                    ]
                ]
            },
            "est_params": {
                "mui": [
                    0.006769924691865392,
                    0.004883746515629249,
                    0.011307938147482417,
                    -0.020944736166085255,
                    -0.03199236229454361,
                    0.0011960703537539437
                ],
                "Si": [
                    [
                        1.0025698952896804,
                        0.6709247626880541,
                        1.0252350543901922,
                        -1.4275017027990606,
                        -2.8247736001783452,
                        0.4296967823492257
                    ],
                    [
                        0.6709247626880541,
                        1.4611547050008116,
                        1.2976165461124918,
                        -2.164923757034947,
                        -3.969192758359467,
                        -0.38879017272434535
                    ],
                    [
                        1.0252350543901922,
                        1.2976165461124918,
                        2.4209171271025545,
                        -3.194526237186174,
                        -5.529056052518195,
                        0.3814326571932969
                    ],
                    [
                        -1.4275017027990606,
                        -2.164923757034947,
                        -3.194526237186174,
                        5.486578770020209,
                        8.599189816526946,
                        -0.3382266052396116
                    ],
                    [
                        -2.8247736001783452,
                        -3.969192758359467,
                        -5.529056052518195,
                        8.599189816526946,
                        15.631074211385906,
                        0.14149702098152608
                    ],
                    [
                        0.4296967823492257,
                        -0.38879017272434535,
                        0.3814326571932969,
                        -0.3382266052396116,
                        0.14149702098152606,
                        2.131516706028401
                    ]
                ]
            },
            "est_tgt": [
                0,
                1,
                2,
                3,
                4,
                5
            ],
            "oracle_est_tgt": [
                0,
                1,
                2,
                3,
                4,
                5
            ]
        },
        "left_comp_0": {
            "true_params": {
                "mui": [
                    5.024049026927521e-05,
                    -0.3983347989957601,
                    -0.5731449781887786,
                    1.0764094649326763,
                    1.4571906929571525,
                    0.07876111656740861
                ],
                "Si": [
                    [
                        0.00010012347631161271,
                        0.0001326439047662328,
                        6.02125245211986e-05,
                        -5.116758814373517e-06,
                        -0.00018699525700556334,
                        -8.604514383167279e-05
                    ],
                    [
                        0.00013264390476623274,
                        0.8539855387833664,
                        0.39787137819612517,
                        -0.8068372266843633,
                        -1.535251781704911,
                        -0.6351214878185042
                    ],
                    [
                        6.0212524521198596e-05,
                        0.39787137819612517,
                        1.0773940701300404,
                        -1.173242423338286,
                        -1.882864197137567,
                        -0.008169779276340577
                    ],
                    [
                        -5.116758814373524e-06,
                        -0.8068372266843633,
                        -1.1732424233382863,
                        2.3921762766182413,
                        3.143227013819413,
                        0.17667377569781195
                    ],
                    [
                        -0.0001869952570055634,
                        -1.535251781704911,
                        -1.8828641971375666,
                        3.143227013819413,
                        5.769901382283038,
                        1.2358896409766518
                    ],
                    [
                        -8.604514383167282e-05,
                        -0.6351214878185041,
                        -0.008169779276340574,
                        0.17667377569781195,
                        1.2358896409766518,
                        1.9199128861232675
                    ]
                ]
            },
            "est_params": {
                "mui": [
                    5.024049026927521e-05,
                    -0.3983347989957601,
                    -0.5731449781887786,
                    1.0764094649326763,
                    1.4571906929571525,
                    0.07876111656740861
                ],
                "Si": [
                    [
                        0.00010012347631161271,
                        0.0001326439047662328,
                        6.02125245211986e-05,
                        -5.116758814373517e-06,
                        -0.00018699525700556334,
                        -8.604514383167279e-05
                    ],
                    [
                        0.00013264390476623274,
                        0.8539855387833664,
                        0.39787137819612517,
                        -0.8068372266843633,
                        -1.535251781704911,
                        -0.6351214878185042
                    ],
                    [
                        6.0212524521198596e-05,
                        0.39787137819612517,
                        1.0773940701300404,
                        -1.173242423338286,
                        -1.882864197137567,
                        -0.008169779276340577
                    ],
                    [
                        -5.116758814373524e-06,
                        -0.8068372266843633,
                        -1.1732424233382863,
                        2.3921762766182413,
                        3.143227013819413,
                        0.17667377569781195
                    ],
                    [
                        -0.0001869952570055634,
                        -1.535251781704911,
                        -1.8828641971375666,
                        3.143227013819413,
                        5.769901382283038,
                        1.2358896409766518
                    ],
                    [
                        -8.604514383167282e-05,
                        -0.6351214878185041,
                        -0.008169779276340574,
                        0.17667377569781195,
                        1.2358896409766518,
                        1.9199128861232675
                    ]
                ]
            },
            "est_tgt": [
                0,
                1,
                2,
                3,
                4
            ]
        }
    },
    "metric_dict": {
        "param_est_rel_err": 14.971920435578765,
        "est_num_comp": 5,
        "weight_precision_error": 0.21632179203028903,
        "gm_score_dict": {
            "1": -8.566852396440744,
            "2": -8.57008494623904,
            "3": -8.499119602745568,
            "4": -8.49278259276255,
            "5": -6.382449378244823,
            "6": -6.382733971266037,
            "7": -6.383586441642047
        },
        "est_dag": {
            "amat": [
                [
                    0,
                    0,
                    0,
                    0,
                    1,
                    1
                ],
                [
                    1,
                    0,
                    0,
                    1,
                    1,
                    1
                ],
                [
                    1,
                    1,
                    0,
                    1,
                    1,
                    1
                ],
                [
                    0,
                    0,
                    0,
                    0,
                    1,
                    1
                ],
                [
                    0,
                    0,
                    0,
                    0,
                    0,
                    1
                ],
                [
                    0,
                    0,
                    0,
                    0,
                    0,
                    0
                ]
            ],
            "nodes": [
                0,
                1,
                2,
                3,
                4,
                5
            ]
        },
        "oracle_est_dag": {
            "amat": [
                [
                    0,
                    1,
                    1,
                    0,
                    1,
                    1
                ],
                [
                    0,
                    0,
                    1,
                    1,
                    1,
                    1
                ],
                [
                    0,
                    0,
                    0,
                    1,
                    1,
                    1
                ],
                [
                    0,
                    0,
                    0,
                    0,
                    1,
                    1
                ],
                [
                    0,
                    0,
                    0,
                    0,
                    0,
                    1
                ],
                [
                    0,
                    0,
                    0,
                    0,
                    0,
                    0
                ]
            ],
            "nodes": [
                0,
                1,
                2,
                3,
                4,
                5
            ]
        },
        "igsp_dag": null,
        "intv_base_est_dag": null,
        "act_dag": {
            "amat": [
                [
                    0,
                    1,
                    1,
                    0,
                    1,
                    1
                ],
                [
                    0,
                    0,
                    1,
                    1,
                    1,
                    1
                ],
                [
                    0,
                    0,
                    0,
                    1,
                    1,
                    1
                ],
                [
                    0,
                    0,
                    0,
                    0,
                    1,
                    1
                ],
                [
                    0,
                    0,
                    0,
                    0,
                    0,
                    1
                ],
                [
                    0,
                    0,
                    0,
                    0,
                    0,
                    0
                ]
            ],
            "nodes": [
                0,
                1,
                2,
                3,
                4,
                5
            ]
        },
        "shd": 3,
        "oracle_shd": 0,
        "intv_base_shd": null,
        "igsp_shd": null,
        "avg_js": 0.55,
        "avg_oracle_js": 0.75
    }
}