{
    "expt_args": {
        "save_dir": "all_expt_logs/expt_logs_sim_compsel_backwardbugfixed_cameraready_half_std_var",
        "exp_name": "273",
        "num_nodes": 6,
        "num_tgt_prior": 7,
        "obs_noise_mean": 0.0,
        "obs_noise_var": 1.0,
        "obs_noise_gamma_shape": null,
        "noise_type": "gaussian",
        "max_edge_strength": 1.0,
        "graph_sparsity_method": "adj_dense_prop",
        "adj_dense_prop": 0.8,
        "num_parents": null,
        "new_noise_mean": 0.0,
        "mix_samples": 524288,
        "stage2_samples": 524288,
        "gmm_tol": 0.001,
        "intv_type": "hard",
        "new_noise_var": 1000,
        "dtype": "simulation",
        "cutoff_drop_ratio": 0.07,
        "intv_targets": [
            3,
            1,
            4
        ]
    },
    "intv_args_dict": {
        "3": {
            "intv_type": "hard",
            "inode": 3,
            "new_mui": 0.0,
            "new_vari": 1000,
            "noise_type": "gaussian",
            "obs_noise_gamma_shape": null,
            "true_params": {
                "Si": [
                    [
                        1.0,
                        -0.8322958805791029,
                        0.694764795868291,
                        0.0,
                        0.1214429964469282,
                        0.6581887709861363
                    ],
                    [
                        -0.8322958805791029,
                        1.6927164328289441,
                        -0.5782498775725599,
                        0.0,
                        -0.6252828778747597,
                        0.6373258793255049
                    ],
                    [
                        0.694764795868291,
                        -0.5782498775725599,
                        1.482698121577908,
                        0.0,
                        1.035770527083565,
                        0.7281993104834186
                    ],
                    [
                        0.0,
                        0.0,
                        0.0,
                        1000.0,
                        -911.5316952981891,
                        -352.39338006132994
                    ],
                    [
                        0.1214429964469282,
                        -0.6252828778747597,
                        1.035770527083565,
                        -911.5316952981891,
                        833.0847270006872,
                        320.26392420663603
                    ],
                    [
                        0.6581887709861363,
                        0.6373258793255049,
                        0.7281993104834186,
                        -352.39338006132994,
                        320.26392420663603,
                        127.54145637445053
                    ]
                ],
                "mui": [
                    0.0,
                    0.0,
                    0.0,
                    0.0,
                    0.0,
                    0.0
                ],
                "Ai": [
                    [
                        0.0,
                        0.0,
                        0.0,
                        0.0,
                        0.0,
                        0.0
                    ],
                    [
                        -0.8322958805791029,
                        0.0,
                        0.0,
                        0.0,
                        0.0,
                        0.0
                    ],
                    [
                        0.694764795868291,
                        0.0,
                        0.0,
                        0.0,
                        0.0,
                        0.0
                    ],
                    [
                        0.0,
                        0.0,
                        0.0,
                        0.0,
                        0.0,
                        0.0
                    ],
                    [
                        -0.9758484002659867,
                        -0.5242063722067987,
                        0.9513962084474814,
                        -0.9115316952981891,
                        0.0,
                        0.0
                    ],
                    [
                        0.8023028707533058,
                        0.833792617779529,
                        0.9085712467893536,
                        -0.9633331414454855,
                        -0.6702342491604738,
                        0.0
                    ]
                ]
            },
            "est_params": {
                "mui": [
                    -0.0020052890441891176,
                    -0.0017418796753348696,
                    -0.004633092332966471,
                    -0.04236341098811414,
                    0.03619304635094718,
                    0.008652665304377671
                ],
                "Si": [
                    [
                        0.9988128873884913,
                        -0.8294225998835505,
                        0.6926862644389734,
                        0.11608351116631994,
                        0.010909263775103905,
                        0.6166785432139678
                    ],
                    [
                        -0.8294225998835505,
                        1.6851269182169717,
                        -0.5745346289738048,
                        -0.08881495575239956,
                        -0.5327020870122883,
                        0.6642609552262465
                    ],
                    [
                        0.6926862644389734,
                        -0.5745346289738048,
                        1.481414716897621,
                        0.08935589640588835,
                        0.9528043413186722,
                        0.7015586047026396
                    ],
                    [
                        0.11608351116631994,
                        -0.08881495575239957,
                        0.08935589640588837,
                        998.4812486492225,
                        -910.0370652716267,
                        -351.7378680079875
                    ],
                    [
                        0.010909263775103848,
                        -0.5327020870122882,
                        0.9528043413186723,
                        -910.0370652716267,
                        831.620375939925,
                        319.6382348737051
                    ],
                    [
                        0.6166785432139676,
                        0.6642609552262465,
                        0.7015586047026396,
                        -351.7378680079875,
                        319.6382348737051,
                        127.25980283166673
                    ]
                ]
            },
            "est_tgt": [
                1,
                2,
                3,
                5
            ],
            "oracle_est_tgt": [
                1,
                2,
                3,
                5
            ]
        },
        "1": {
            "intv_type": "hard",
            "inode": 1,
            "new_mui": 0.0,
            "new_vari": 1000,
            "noise_type": "gaussian",
            "obs_noise_gamma_shape": null,
            "true_params": {
                "Si": [
                    [
                        1.0,
                        0.0,
                        0.694764795868291,
                        1.153281394113196,
                        -1.3661043520459668,
                        1.2381619238673993
                    ],
                    [
                        0.0,
                        1000.0,
                        0.0,
                        -771.4286329554972,
                        178.97527739269012,
                        1456.9800255039672
                    ],
                    [
                        0.694764795868291,
                        0.0,
                        1.482698121577908,
                        1.3337394691469715,
                        -0.4830975428654178,
                        0.9435017573882235
                    ],
                    [
                        1.153281394113196,
                        -771.4286329554972,
                        1.3337394691469715,
                        597.715728834967,
                        -140.3055396427776,
                        -1122.8362137308236
                    ],
                    [
                        -1.3661043520459668,
                        178.97527739269012,
                        -0.4830975428654178,
                        -140.3055396427776,
                        35.94645910952881,
                        258.7617353098596
                    ],
                    [
                        1.2381619238673993,
                        1456.9800255039672,
                        0.9435017573882235,
                        -1122.8362137308234,
                        258.7617353098596,
                        2125.904168676676
                    ]
                ],
                "mui": [
                    0.0,
                    0.0,
                    0.0,
                    0.0,
                    0.0,
                    0.0
                ],
                "Ai": [
                    [
                        0.0,
                        0.0,
                        0.0,
                        0.0,
                        0.0,
                        0.0
                    ],
                    [
                        0.0,
                        0.0,
                        0.0,
                        0.0,
                        0.0,
                        0.0
                    ],
                    [
                        0.694764795868291,
                        0.0,
                        0.0,
                        0.0,
                        0.0,
                        0.0
                    ],
                    [
                        0.7833329266790083,
                        -0.7714286329554971,
                        0.5324801567872188,
                        0.0,
                        0.0,
                        0.0
                    ],
                    [
                        -0.9758484002659867,
                        -0.5242063722067987,
                        0.9513962084474814,
                        -0.9115316952981891,
                        0.0,
                        0.0
                    ],
                    [
                        0.8023028707533058,
                        0.833792617779529,
                        0.9085712467893536,
                        -0.9633331414454855,
                        -0.6702342491604738,
                        0.0
                    ]
                ]
            },
            "est_params": {
                "mui": [
                    -0.021113006323057633,
                    -19.40222345875133,
                    -0.022192558209197397,
                    14.940295536820425,
                    -3.438607867014173,
                    -28.310463341292305
                ],
                "Si": [
                    [
                        1.0095404618977328,
                        -0.29589104656961535,
                        0.6947594235310272,
                        1.3828775023358963,
                        -1.4228776943383499,
                        0.8061295122117622
                    ],
                    [
                        -0.2958910465696153,
                        637.3981458990444,
                        -0.3286638033375971,
                        -492.0043044949132,
                        114.38077405193664,
                        928.0599054685061
                    ],
                    [
                        0.694759423531027,
                        -0.3286638033375971,
                        1.4737676039800065,
                        1.5728056937788761,
                        -0.5376417712602579,
                        0.4660635562039493
                    ],
                    [
                        1.3828775023358966,
                        -492.00430449491313,
                        1.5728056937788761,
                        382.3794905091388,
                        -90.52924390586021,
                        -715.258525445253
                    ],
                    [
                        -1.4228776943383499,
                        114.38077405193664,
                        -0.5376417712602578,
                        -90.52924390586021,
                        24.4256335334661,
                        164.5735757016385
                    ],
                    [
                        0.8061295122117622,
                        928.0599054685063,
                        0.46606355620394924,
                        -715.258525445253,
                        164.5735757016385,
                        1354.3575441880582
                    ]
                ]
            },
            "est_tgt": [
                0,
                1,
                5
            ],
            "oracle_est_tgt": [
                1,
                5
            ]
        },
        "4": {
            "intv_type": "hard",
            "inode": 4,
            "new_mui": 0.0,
            "new_vari": 1000,
            "noise_type": "gaussian",
            "obs_noise_gamma_shape": null,
            "true_params": {
                "Si": [
                    [
                        1.0,
                        -0.8322958805791029,
                        0.694764795868291,
                        1.795338267482825,
                        0.0,
                        -0.9899248266459841
                    ],
                    [
                        -0.8322958805791029,
                        1.6927164328289441,
                        -0.5782498775725599,
                        -2.265681277227476,
                        0.0,
                        2.4008457414659796
                    ],
                    [
                        0.694764795868291,
                        -0.5782498775725599,
                        1.482698121577908,
                        1.779817981709455,
                        0.0,
                        -0.2921494555155131
                    ],
                    [
                        1.795338267482825,
                        -2.265681277227476,
                        1.779817981709455,
                        5.101876747803961,
                        0.0,
                        -3.7464187892486227
                    ],
                    [
                        0.0,
                        0.0,
                        0.0,
                        0.0,
                        1000.0,
                        -670.2342491604738
                    ],
                    [
                        -0.9899248266459841,
                        2.4008457414659796,
                        -0.2921494555155131,
                        -3.7464187892486227,
                        -670.2342491604738,
                        454.7651474594885
                    ]
                ],
                "mui": [
                    0.0,
                    0.0,
                    0.0,
                    0.0,
                    0.0,
                    0.0
                ],
                "Ai": [
                    [
                        0.0,
                        0.0,
                        0.0,
                        0.0,
                        0.0,
                        0.0
                    ],
                    [
                        -0.8322958805791029,
                        0.0,
                        0.0,
                        0.0,
                        0.0,
                        0.0
                    ],
                    [
                        0.694764795868291,
                        0.0,
                        0.0,
                        0.0,
                        0.0,
                        0.0
                    ],
                    [
                        0.7833329266790083,
                        -0.7714286329554971,
                        0.5324801567872188,
                        0.0,
                        0.0,
                        0.0
                    ],
                    [
                        0.0,
                        0.0,
                        0.0,
                        0.0,
                        0.0,
                        0.0
                    ],
                    [
                        0.8023028707533058,
                        0.833792617779529,
                        0.9085712467893536,
                        -0.9633331414454855,
                        -0.6702342491604738,
                        0.0
                    ]
                ]
            },
            "est_params": {
                "mui": [
                    -0.003845846092333691,
                    0.0053059415513598855,
                    -0.005756166286647193,
                    -0.011888507676590379,
                    -0.034970902700497235,
                    0.0300332409571236
                ],
                "Si": [
                    [
                        1.0026062208279622,
                        -0.8345054971702353,
                        0.6980376564213774,
                        1.8057388996791783,
                        -0.1883105576228848,
                        -0.8719485462154625
                    ],
                    [
                        -0.8345054971702354,
                        1.6980370012527553,
                        -0.5833646443720798,
                        -2.2790336159411244,
                        0.025575258409594074,
                        2.3926600273002987
                    ],
                    [
                        0.6980376564213774,
                        -0.5833646443720798,
                        1.485690546517508,
                        1.7939988780973715,
                        -0.1703660964379868,
                        -0.19036530849368757
                    ],
                    [
                        1.8057388996791781,
                        -2.2790336159411244,
                        1.7939988780973715,
                        5.135586103839503,
                        -0.2808118334330023,
                        -3.588140883335987
                    ],
                    [
                        -0.18831055762288484,
                        0.02557525840959422,
                        -0.17036609643798678,
                        -0.2808118334330024,
                        1007.4591303197908,
                        -675.2895708001893
                    ],
                    [
                        -0.8719485462154625,
                        2.3926600273002983,
                        -0.19036530849368763,
                        -3.5881408833359867,
                        -675.2895708001893,
                        458.21606677974626
                    ]
                ]
            },
            "est_tgt": [
                1,
                2,
                3,
                4,
                5
            ],
            "oracle_est_tgt": [
                1,
                2,
                3,
                4,
                5
            ]
        },
        "obs": {
            "intv_type": "obs",
            "noise_type": "gaussian",
            "obs_noise_gamma_shape": null,
            "true_params": {
                "Si": [
                    [
                        1.0,
                        -0.8322958805791029,
                        0.694764795868291,
                        1.795338267482825,
                        -1.515064738145405,
                        0.025523450554411298
                    ],
                    [
                        -0.8322958805791029,
                        1.6927164328289441,
                        -0.5782498775725599,
                        -2.265681277227476,
                        1.4399574177617678,
                        1.4357369627493664
                    ],
                    [
                        0.694764795868291,
                        -0.5782498775725599,
                        1.482698121577908,
                        1.779817981709455,
                        -0.5865899751062558,
                        0.10100323601488932
                    ],
                    [
                        1.795338267482825,
                        -2.265681277227476,
                        1.779817981709455,
                        5.101876747803961,
                        -3.5215036949502725,
                        -1.3861864043477923
                    ],
                    [
                        -1.515064738145405,
                        1.4399574177617678,
                        -0.5865899751062558,
                        -3.5215036949502725,
                        4.375521401748898,
                        -0.08811679329938094
                    ],
                    [
                        0.025523450554411298,
                        1.4357369627493664,
                        0.10100323601488932,
                        -1.3861864043477923,
                        -0.08811679329938094,
                        3.703771250665586
                    ]
                ],
                "mui": [
                    0.0,
                    0.0,
                    0.0,
                    0.0,
                    0.0,
                    0.0
                ],
                "Ai": [
                    [
                        0.0,
                        0.0,
                        0.0,
                        0.0,
                        0.0,
                        0.0
                    ],
                    [
                        -0.8322958805791029,
                        0.0,
                        0.0,
                        0.0,
                        0.0,
                        0.0
                    ],
                    [
                        0.694764795868291,
                        0.0,
                        0.0,
                        0.0,
                        0.0,
                        0.0
                    ],
                    [
                        0.7833329266790083,
                        -0.7714286329554971,
                        0.5324801567872188,
                        0.0,
                        0.0,
                        0.0
                    ],
                    [
                        -0.9758484002659867,
                        -0.5242063722067987,
                        0.9513962084474814,
                        -0.9115316952981891,
                        0.0,
                        0.0
                    ],
                    [
                        0.8023028707533058,
                        0.833792617779529,
                        0.9085712467893536,
                        -0.9633331414454855,
                        -0.6702342491604738,
                        0.0
                    ]
                ]
            },
            "est_params": {
                "mui": [
                    0.0049482327082844176,
                    -2.665728680527643e-05,
                    0.002625927114556763,
                    -0.00312383406116502,
                    0.0031831209958804053,
                    0.016750606300866902
                ],
                "Si": [
                    [
                        0.9979473359048283,
                        -0.8362216698005244,
                        0.6986981103855899,
                        1.7980032406851831,
                        -1.5073490468773847,
                        0.017874446568006908
                    ],
                    [
                        -0.8362216698005245,
                        1.7155991718003287,
                        -0.5839060702477384,
                        -2.2864916467757466,
                        1.440115355119981,
                        1.4704301539979077
                    ],
                    [
                        0.6986981103855899,
                        -0.5839060702477384,
                        1.4890309753040474,
                        1.791757890944517,
                        -0.5924543135979592,
                        0.0996820990806093
                    ],
                    [
                        1.7980032406851831,
                        -2.2864916467757466,
                        1.791757890944517,
                        5.128346008514764,
                        -3.5193756479282223,
                        -1.4196829341239268
                    ],
                    [
                        -1.5073490468773847,
                        1.440115355119981,
                        -0.5924543135979592,
                        -3.5193756479282223,
                        4.3661262456202845,
                        -0.08903597233481823
                    ],
                    [
                        0.017874446568006915,
                        1.4704301539979077,
                        0.09968209908060931,
                        -1.4196829341239268,
                        -0.08903597233481823,
                        3.7671121426056784
                    ]
                ]
            },
            "est_tgt": [
                0,
                1,
                2,
                3,
                4,
                5
            ],
            "oracle_est_tgt": [
                0,
                1,
                2,
                3,
                4,
                5
            ]
        },
        "left_comp_2": {
            "true_params": {
                "mui": [
                    -0.28655484764104083,
                    0.28352665019778234,
                    -0.14872743048084497,
                    -5.548954765132791,
                    13.074929765717926,
                    -3.4791830942608235
                ],
                "Si": [
                    [
                        1.1407078728817637,
                        -1.1105525050675131,
                        0.7193695233649274,
                        1.2441914374295513,
                        1.7324913803898168,
                        -1.7813794136046401
                    ],
                    [
                        -1.1105525050675131,
                        1.9233030331922318,
                        -0.6286761249591674,
                        -2.4081812350188248,
                        -1.435015053165484,
                        3.5894676172702846
                    ],
                    [
                        0.7193695233649274,
                        -0.6286761249591674,
                        1.3663339414758662,
                        0.9769407213782667,
                        2.1621289820934657,
                        -1.0138946118712453
                    ],
                    [
                        1.2441914374295513,
                        -2.4081812350188248,
                        0.9769407213782664,
                        71.31328547590151,
                        -15.453302427404786,
                        -59.42527322413044
                    ],
                    [
                        1.7324913803898168,
                        -1.4350150531654837,
                        2.1621289820934657,
                        -15.453302427404786,
                        157.33778283754725,
                        -87.26496048878262
                    ],
                    [
                        -1.7813794136046401,
                        3.5894676172702846,
                        -1.0138946118712453,
                        -59.42527322413044,
                        -87.26496048878262,
                        117.62761488943006
                    ]
                ]
            },
            "est_params": {
                "mui": [
                    -0.28655484764104083,
                    0.28352665019778234,
                    -0.14872743048084497,
                    -5.548954765132791,
                    13.074929765717926,
                    -3.4791830942608235
                ],
                "Si": [
                    [
                        1.1407078728817637,
                        -1.1105525050675131,
                        0.7193695233649274,
                        1.2441914374295513,
                        1.7324913803898168,
                        -1.7813794136046401
                    ],
                    [
                        -1.1105525050675131,
                        1.9233030331922318,
                        -0.6286761249591674,
                        -2.4081812350188248,
                        -1.435015053165484,
                        3.5894676172702846
                    ],
                    [
                        0.7193695233649274,
                        -0.6286761249591674,
                        1.3663339414758662,
                        0.9769407213782667,
                        2.1621289820934657,
                        -1.0138946118712453
                    ],
                    [
                        1.2441914374295513,
                        -2.4081812350188248,
                        0.9769407213782664,
                        71.31328547590151,
                        -15.453302427404786,
                        -59.42527322413044
                    ],
                    [
                        1.7324913803898168,
                        -1.4350150531654837,
                        2.1621289820934657,
                        -15.453302427404786,
                        157.33778283754725,
                        -87.26496048878262
                    ],
                    [
                        -1.7813794136046401,
                        3.5894676172702846,
                        -1.0138946118712453,
                        -59.42527322413044,
                        -87.26496048878262,
                        117.62761488943006
                    ]
                ]
            },
            "est_tgt": [
                0,
                1,
                2,
                3,
                4,
                5
            ]
        },
        "left_comp_4": {
            "true_params": {
                "mui": [
                    0.0174094018243593,
                    18.991003458374273,
                    0.01704029090896726,
                    -14.639001413901761,
                    3.3799682178001924,
                    27.705796977180302
                ],
                "Si": [
                    [
                        1.0036762476872696,
                        -0.24104692188688467,
                        0.7126415430219276,
                        1.3544741022103224,
                        -1.4126516448167956,
                        0.9019270871759698
                    ],
                    [
                        -0.24104692188688473,
                        636.1040108752608,
                        -0.28172046620603364,
                        -491.0433149232975,
                        114.36344163404834,
                        926.1871266904751
                    ],
                    [
                        0.7126415430219276,
                        -0.28172046620603375,
                        1.5040159113401879,
                        1.5790409298838013,
                        -0.5575540838956003,
                        0.5612589370125101
                    ],
                    [
                        1.3544741022103226,
                        -491.0433149232975,
                        1.5790409298838013,
                        381.7083974002873,
                        -90.54120355365137,
                        -713.8289394724989
                    ],
                    [
                        -1.4126516448167956,
                        114.36344163404834,
                        -0.5575540838956003,
                        -90.54120355365137,
                        24.494740679575038,
                        164.49395352252787
                    ],
                    [
                        0.90192708717597,
                        926.1871266904751,
                        0.5612589370125098,
                        -713.8289394724989,
                        164.49395352252785,
                        1351.6957794667655
                    ]
                ]
            },
            "est_params": {
                "mui": [
                    0.0174094018243593,
                    18.991003458374273,
                    0.01704029090896726,
                    -14.639001413901761,
                    3.3799682178001924,
                    27.705796977180302
                ],
                "Si": [
                    [
                        1.0036762476872696,
                        -0.24104692188688467,
                        0.7126415430219276,
                        1.3544741022103224,
                        -1.4126516448167956,
                        0.9019270871759698
                    ],
                    [
                        -0.24104692188688473,
                        636.1040108752608,
                        -0.28172046620603364,
                        -491.0433149232975,
                        114.36344163404834,
                        926.1871266904751
                    ],
                    [
                        0.7126415430219276,
                        -0.28172046620603375,
                        1.5040159113401879,
                        1.5790409298838013,
                        -0.5575540838956003,
                        0.5612589370125101
                    ],
                    [
                        1.3544741022103226,
                        -491.0433149232975,
                        1.5790409298838013,
                        381.7083974002873,
                        -90.54120355365137,
                        -713.8289394724989
                    ],
                    [
                        -1.4126516448167956,
                        114.36344163404834,
                        -0.5575540838956003,
                        -90.54120355365137,
                        24.494740679575038,
                        164.49395352252787
                    ],
                    [
                        0.90192708717597,
                        926.1871266904751,
                        0.5612589370125098,
                        -713.8289394724989,
                        164.49395352252785,
                        1351.6957794667655
                    ]
                ]
            },
            "est_tgt": [
                1,
                4,
                5
            ]
        }
    },
    "metric_dict": {
        "param_est_rel_err": 4314.443009188238,
        "est_num_comp": 6,
        "weight_precision_error": 0.29485986993933866,
        "gm_score_dict": {
            "1": -16.802582155881872,
            "2": -13.756202311731911,
            "3": -12.558458213070143,
            "4": -12.559870903057943,
            "5": -13.302013228455856,
            "6": -12.30480920660367,
            "7": -12.305284735081287
        },
        "est_dag": {
            "amat": [
                [
                    0,
                    1,
                    0,
                    1,
                    1,
                    0
                ],
                [
                    0,
                    0,
                    1,
                    1,
                    1,
                    0
                ],
                [
                    0,
                    0,
                    0,
                    0,
                    1,
                    0
                ],
                [
                    0,
                    0,
                    1,
                    0,
                    1,
                    0
                ],
                [
                    0,
                    0,
                    0,
                    0,
                    0,
                    0
                ],
                [
                    0,
                    1,
                    1,
                    1,
                    1,
                    0
                ]
            ],
            "nodes": [
                0,
                1,
                2,
                3,
                4,
                5
            ]
        },
        "oracle_est_dag": {
            "amat": [
                [
                    0,
                    1,
                    0,
                    1,
                    1,
                    0
                ],
                [
                    0,
                    0,
                    1,
                    1,
                    1,
                    0
                ],
                [
                    0,
                    0,
                    0,
                    0,
                    1,
                    0
                ],
                [
                    0,
                    0,
                    1,
                    0,
                    1,
                    0
                ],
                [
                    0,
                    0,
                    0,
                    0,
                    0,
                    0
                ],
                [
                    0,
                    1,
                    1,
                    1,
                    1,
                    0
                ]
            ],
            "nodes": [
                0,
                1,
                2,
                3,
                4,
                5
            ]
        },
        "igsp_dag": null,
        "intv_base_est_dag": null,
        "act_dag": {
            "amat": [
                [
                    0,
                    1,
                    1,
                    1,
                    1,
                    1
                ],
                [
                    0,
                    0,
                    0,
                    1,
                    1,
                    1
                ],
                [
                    0,
                    0,
                    0,
                    1,
                    1,
                    1
                ],
                [
                    0,
                    0,
                    0,
                    0,
                    1,
                    1
                ],
                [
                    0,
                    0,
                    0,
                    0,
                    0,
                    1
                ],
                [
                    0,
                    0,
                    0,
                    0,
                    0,
                    0
                ]
            ],
            "nodes": [
                0,
                1,
                2,
                3,
                4,
                5
            ]
        },
        "shd": 8,
        "oracle_shd": 8,
        "intv_base_shd": null,
        "igsp_shd": null,
        "avg_js": 0.1958333333333333,
        "avg_oracle_js": 0.2375
    }
}