{
    "expt_args": {
        "save_dir": "all_expt_logs/expt_logs_sim_compsel_backwardbugfixed_cameraready_half_std_var",
        "exp_name": "269",
        "num_nodes": 6,
        "num_tgt_prior": 7,
        "obs_noise_mean": 0.0,
        "obs_noise_var": 1.0,
        "obs_noise_gamma_shape": null,
        "noise_type": "gaussian",
        "max_edge_strength": 1.0,
        "graph_sparsity_method": "adj_dense_prop",
        "adj_dense_prop": 0.8,
        "num_parents": null,
        "new_noise_mean": 0.0,
        "mix_samples": 32768,
        "stage2_samples": 32768,
        "gmm_tol": 0.001,
        "intv_type": "hard",
        "new_noise_var": 1000,
        "dtype": "simulation",
        "cutoff_drop_ratio": 0.07,
        "intv_targets": [
            4,
            5,
            2
        ]
    },
    "intv_args_dict": {
        "4": {
            "intv_type": "hard",
            "inode": 4,
            "new_mui": 0.0,
            "new_vari": 1000,
            "noise_type": "gaussian",
            "obs_noise_gamma_shape": null,
            "true_params": {
                "Si": [
                    [
                        1.0,
                        -0.5484300719936681,
                        0.6129056031215359,
                        -0.9246504820410091,
                        0.0,
                        -0.7239298134539128
                    ],
                    [
                        -0.5484300719936681,
                        1.30077554386698,
                        -0.33613586404526646,
                        1.2554991734968426,
                        0.0,
                        1.1206708891640615
                    ],
                    [
                        0.6129056031215359,
                        -0.33613586404526646,
                        1.3756532783377735,
                        0.22082428110130992,
                        0.0,
                        0.1931008458759917
                    ],
                    [
                        -0.9246504820410091,
                        1.2554991734968426,
                        0.22082428110130992,
                        3.035302107517188,
                        0.0,
                        1.7124652618530893
                    ],
                    [
                        0.0,
                        0.0,
                        0.0,
                        0.0,
                        1000.0,
                        -778.7978751916924
                    ],
                    [
                        -0.7239298134539128,
                        1.1206708891640615,
                        0.1931008458759917,
                        1.7124652618530893,
                        -778.7978751916924,
                        608.9793844559542
                    ]
                ],
                "mui": [
                    0.0,
                    0.0,
                    0.0,
                    0.0,
                    0.0,
                    0.0
                ],
                "Ai": [
                    [
                        0.0,
                        0.0,
                        0.0,
                        0.0,
                        0.0,
                        0.0
                    ],
                    [
                        -0.5484300719936681,
                        0.0,
                        0.0,
                        0.0,
                        0.0,
                        0.0
                    ],
                    [
                        0.6129056031215359,
                        0.0,
                        0.0,
                        0.0,
                        0.0,
                        0.0
                    ],
                    [
                        -0.9969016556424803,
                        0.7483930430621121,
                        0.7875477424732734,
                        0.0,
                        0.0,
                        0.0
                    ],
                    [
                        0.0,
                        0.0,
                        0.0,
                        0.0,
                        0.0,
                        0.0
                    ],
                    [
                        -0.7173597785068992,
                        0.7236460094531694,
                        0.6368014848086231,
                        -0.0,
                        -0.7787978751916924,
                        0.0
                    ]
                ]
            },
            "est_params": {
                "mui": [
                    0.004992275099202113,
                    -0.019601823597999092,
                    0.01501218060855791,
                    -0.030668839478808153,
                    0.22101922323959586,
                    -0.1969319153633158
                ],
                "Si": [
                    [
                        1.012200650489288,
                        -0.5725325975806039,
                        0.6268356309087555,
                        -0.9535944004537582,
                        0.8690113379875654,
                        -1.4279625576963377
                    ],
                    [
                        -0.5725325975806039,
                        1.3264977492132537,
                        -0.3512606133372415,
                        1.3007448334808112,
                        -0.6058372227125428,
                        1.642962816946763
                    ],
                    [
                        0.6268356309087555,
                        -0.3512606133372415,
                        1.3704845686862703,
                        0.19234831549367729,
                        0.594863277141775,
                        -0.2743637577442226
                    ],
                    [
                        -0.9535944004537582,
                        1.3007448334808112,
                        0.19234831549367729,
                        3.085106358933439,
                        -0.9681477564620731,
                        2.5537096454812453
                    ],
                    [
                        0.8690113379875654,
                        -0.6058372227125428,
                        0.594863277141775,
                        -0.9681477564620731,
                        989.5298967365406,
                        -771.1881083710349
                    ],
                    [
                        -1.4279625576963377,
                        1.6429628169467632,
                        -0.2743637577442226,
                        2.5537096454812453,
                        -771.1881083710349,
                        603.5654465504421
                    ]
                ]
            },
            "est_tgt": [
                3,
                4,
                5
            ],
            "oracle_est_tgt": [
                3,
                4
            ]
        },
        "5": {
            "intv_type": "hard",
            "inode": 5,
            "new_mui": 0.0,
            "new_vari": 1000,
            "noise_type": "gaussian",
            "obs_noise_gamma_shape": null,
            "true_params": {
                "Si": [
                    [
                        1.0,
                        -0.5484300719936681,
                        0.6129056031215359,
                        -0.9246504820410091,
                        -2.6675214780253107,
                        0.0
                    ],
                    [
                        -0.5484300719936681,
                        1.30077554386698,
                        -0.33613586404526646,
                        1.2554991734968426,
                        2.982387117074678,
                        0.0
                    ],
                    [
                        0.6129056031215359,
                        -0.33613586404526646,
                        1.3756532783377735,
                        0.22082428110130992,
                        -1.5328793363009814,
                        0.0
                    ],
                    [
                        -0.9246504820410091,
                        1.2554991734968426,
                        0.22082428110130992,
                        3.035302107517188,
                        4.603715591004215,
                        0.0
                    ],
                    [
                        -2.6675214780253107,
                        2.982387117074678,
                        -1.5328793363009814,
                        4.603715591004215,
                        11.280584792513608,
                        0.0
                    ],
                    [
                        0.0,
                        0.0,
                        0.0,
                        0.0,
                        0.0,
                        1000.0
                    ]
                ],
                "mui": [
                    0.0,
                    0.0,
                    0.0,
                    0.0,
                    0.0,
                    0.0
                ],
                "Ai": [
                    [
                        0.0,
                        0.0,
                        0.0,
                        0.0,
                        0.0,
                        0.0
                    ],
                    [
                        -0.5484300719936681,
                        0.0,
                        0.0,
                        0.0,
                        0.0,
                        0.0
                    ],
                    [
                        0.6129056031215359,
                        0.0,
                        0.0,
                        0.0,
                        0.0,
                        0.0
                    ],
                    [
                        -0.9969016556424803,
                        0.7483930430621121,
                        0.7875477424732734,
                        0.0,
                        0.0,
                        0.0
                    ],
                    [
                        -0.9799413461490667,
                        0.8311583242052594,
                        -0.6222299453252846,
                        0.9196769037499168,
                        0.0,
                        0.0
                    ],
                    [
                        0.0,
                        0.0,
                        0.0,
                        0.0,
                        0.0,
                        0.0
                    ]
                ]
            },
            "est_params": {
                "mui": [
                    -0.009483076691872924,
                    -0.006366398760875282,
                    -0.01097627112293637,
                    0.005893135579301129,
                    -0.008865595409513123,
                    0.0598147232173657
                ],
                "Si": [
                    [
                        0.9928866777735013,
                        -0.5517013004431064,
                        0.5985770470313918,
                        -0.9341236013447891,
                        -2.642844269901373,
                        0.16893222158012025
                    ],
                    [
                        -0.5517013004431064,
                        1.34158158378327,
                        -0.3548786516425937,
                        1.282636219957444,
                        3.0197904447281227,
                        0.112628193774739
                    ],
                    [
                        0.5985770470313918,
                        -0.35487865164259375,
                        1.3261529599905926,
                        0.18732210668897586,
                        -1.5111604871723352,
                        0.23566407671652953
                    ],
                    [
                        -0.9341236013447891,
                        1.282636219957444,
                        0.18732210668897584,
                        3.0558922829174984,
                        4.65144327565811,
                        0.44209214280330017
                    ],
                    [
                        -2.642844269901373,
                        3.0197904447281227,
                        -1.511160487172335,
                        4.65144327565811,
                        11.214446489004475,
                        0.14969713950423524
                    ],
                    [
                        0.16893222158012014,
                        0.11262819377473894,
                        0.23566407671652956,
                        0.4420921428033002,
                        0.14969713950423535,
                        1016.678977499182
                    ]
                ]
            },
            "est_tgt": [
                5
            ],
            "oracle_est_tgt": [
                5
            ]
        },
        "2": {
            "intv_type": "hard",
            "inode": 2,
            "new_mui": 0.0,
            "new_vari": 1000,
            "noise_type": "gaussian",
            "obs_noise_gamma_shape": null,
            "true_params": {
                "Si": [
                    [
                        1.0,
                        -0.5484300719936681,
                        0.0,
                        -1.4073429061285947,
                        -2.7300743321538494,
                        1.0119470774275652
                    ],
                    [
                        -0.5484300719936681,
                        1.30077554386698,
                        0.0,
                        1.5202222143899955,
                        3.016692983367802,
                        -1.014671379067015
                    ],
                    [
                        0.0,
                        0.0,
                        1000.0,
                        787.5477424732734,
                        102.05952402777233,
                        557.3177443527185
                    ],
                    [
                        -1.4073429061285947,
                        1.5202222143899955,
                        787.5477424732734,
                        623.7721528770836,
                        86.27571231327677,
                        436.42990426877896
                    ],
                    [
                        -2.7300743321538494,
                        3.016692983367802,
                        102.05952402777233,
                        86.27571231327678,
                        22.023950114203217,
                        51.98091424485821
                    ],
                    [
                        1.0119470774275652,
                        -1.014671379067015,
                        557.3177443527185,
                        436.42990426877896,
                        51.980914244858205,
                        313.9579485238943
                    ]
                ],
                "mui": [
                    0.0,
                    0.0,
                    0.0,
                    0.0,
                    0.0,
                    0.0
                ],
                "Ai": [
                    [
                        0.0,
                        0.0,
                        0.0,
                        0.0,
                        0.0,
                        0.0
                    ],
                    [
                        -0.5484300719936681,
                        0.0,
                        0.0,
                        0.0,
                        0.0,
                        0.0
                    ],
                    [
                        0.0,
                        0.0,
                        0.0,
                        0.0,
                        0.0,
                        0.0
                    ],
                    [
                        -0.9969016556424803,
                        0.7483930430621121,
                        0.7875477424732734,
                        0.0,
                        0.0,
                        0.0
                    ],
                    [
                        -0.9799413461490667,
                        0.8311583242052594,
                        -0.6222299453252846,
                        0.9196769037499168,
                        0.0,
                        0.0
                    ],
                    [
                        -0.7173597785068992,
                        0.7236460094531694,
                        0.6368014848086231,
                        -0.0,
                        -0.7787978751916924,
                        0.0
                    ]
                ]
            },
            "est_params": {
                "mui": [
                    -0.015979732870950794,
                    0.015991572851561962,
                    0.3303698894866482,
                    0.29717749588337233,
                    0.09967469321221241,
                    0.1692752675654154
                ],
                "Si": [
                    [
                        1.0187533568957783,
                        -0.5421863303239516,
                        -0.04868384015245724,
                        -1.4486275743546033,
                        -2.763662532777272,
                        0.9924682366554108
                    ],
                    [
                        -0.5421863303239516,
                        1.2652972612565598,
                        0.9219778822007784,
                        2.2105001919218643,
                        3.0577229181140955,
                        -0.4630330983313278
                    ],
                    [
                        -0.04868384015245727,
                        0.9219778822007784,
                        976.5638552336252,
                        770.2602976615244,
                        101.63706499546217,
                        543.0351905095245
                    ],
                    [
                        -1.4486275743546033,
                        2.2105001919218643,
                        770.2602976615244,
                        611.0494307018272,
                        86.03910404327154,
                        425.85937166394075
                    ],
                    [
                        -2.763662532777272,
                        3.0577229181140955,
                        101.63706499546217,
                        86.03910404327154,
                        22.201621235049977,
                        51.64610254491605
                    ],
                    [
                        0.9924682366554108,
                        -0.4630330983313278,
                        543.0351905095245,
                        425.85937166394075,
                        51.64610254491605,
                        305.3061677371857
                    ]
                ]
            },
            "est_tgt": [
                2
            ],
            "oracle_est_tgt": [
                2
            ]
        },
        "obs": {
            "intv_type": "obs",
            "noise_type": "gaussian",
            "obs_noise_gamma_shape": null,
            "true_params": {
                "Si": [
                    [
                        1.0,
                        -0.5484300719936681,
                        0.6129056031215359,
                        -0.9246504820410091,
                        -2.6675214780253107,
                        1.353530245660402
                    ],
                    [
                        -0.5484300719936681,
                        1.30077554386698,
                        -0.33613586404526646,
                        1.2554991734968426,
                        2.982387117074678,
                        -1.2020058606127748
                    ],
                    [
                        0.6129056031215359,
                        -0.33613586404526646,
                        1.3756532783377735,
                        0.22082428110130992,
                        -1.5328793363009814,
                        1.3869040159124477
                    ],
                    [
                        -0.9246504820410091,
                        1.2554991734968426,
                        0.22082428110130992,
                        3.035302107517188,
                        4.603715591004215,
                        -1.87289865840786
                    ],
                    [
                        -2.6675214780253107,
                        2.982387117074678,
                        -1.5328793363009814,
                        4.603715591004215,
                        11.280584792513608,
                        -5.689670152163972
                    ],
                    [
                        1.353530245660402,
                        -1.2020058606127748,
                        1.3869040159124477,
                        -1.87289865840786,
                        -5.689670152163972,
                        4.473490660065892
                    ]
                ],
                "mui": [
                    0.0,
                    0.0,
                    0.0,
                    0.0,
                    0.0,
                    0.0
                ],
                "Ai": [
                    [
                        0.0,
                        0.0,
                        0.0,
                        0.0,
                        0.0,
                        0.0
                    ],
                    [
                        -0.5484300719936681,
                        0.0,
                        0.0,
                        0.0,
                        0.0,
                        0.0
                    ],
                    [
                        0.6129056031215359,
                        0.0,
                        0.0,
                        0.0,
                        0.0,
                        0.0
                    ],
                    [
                        -0.9969016556424803,
                        0.7483930430621121,
                        0.7875477424732734,
                        0.0,
                        0.0,
                        0.0
                    ],
                    [
                        -0.9799413461490667,
                        0.8311583242052594,
                        -0.6222299453252846,
                        0.9196769037499168,
                        0.0,
                        0.0
                    ],
                    [
                        -0.7173597785068992,
                        0.7236460094531694,
                        0.6368014848086231,
                        -0.0,
                        -0.7787978751916924,
                        0.0
                    ]
                ]
            },
            "est_params": {
                "mui": [
                    0.005047455207489251,
                    0.005255405741234491,
                    0.009915541522128476,
                    0.0029711996013520345,
                    -0.03091024939113216,
                    0.018143179371432117
                ],
                "Si": [
                    [
                        0.9793000997865017,
                        -0.5321906335956853,
                        0.6040988785257232,
                        -0.9091167851262701,
                        -2.6137196226745787,
                        1.3208333454442616
                    ],
                    [
                        -0.5321906335956853,
                        1.291817496076061,
                        -0.3187678301888601,
                        1.2539321669901202,
                        2.957510574455682,
                        -1.1896621595909864
                    ],
                    [
                        0.6040988785257233,
                        -0.3187678301888601,
                        1.390647239731587,
                        0.23797191360525263,
                        -1.5145792975693262,
                        1.3907656248064133
                    ],
                    [
                        -0.9091167851262701,
                        1.2539321669901202,
                        0.2379719136052526,
                        3.0293332121362293,
                        4.568931271769216,
                        -1.8744418646934309
                    ],
                    [
                        -2.6137196226745787,
                        2.957510574455682,
                        -1.5145792975693262,
                        4.568931271769216,
                        11.218477966905722,
                        -5.6937459694027535
                    ],
                    [
                        1.3208333454442618,
                        -1.1896621595909864,
                        1.3907656248064133,
                        -1.8744418646934309,
                        -5.6937459694027535,
                        4.5349933253214125
                    ]
                ]
            },
            "est_tgt": [
                0,
                1,
                2,
                3,
                4,
                5
            ],
            "oracle_est_tgt": [
                0,
                1,
                2,
                3,
                4,
                5
            ]
        },
        "left_comp_4": {
            "true_params": {
                "mui": [
                    -0.2052282509628467,
                    -1.5385184519448118,
                    -0.9672353238561732,
                    -3.2144407913665773,
                    -25.316863440171215,
                    18.516757022566754
                ],
                "Si": [
                    [
                        0.6283478246585237,
                        -0.6293852795067038,
                        -0.3741834446194623,
                        -1.4996916021975604,
                        -7.318328700118063,
                        3.489701902942099
                    ],
                    [
                        -0.6293852795067038,
                        1.9977121931883022,
                        -2.6484126981149982,
                        0.30681330154315817,
                        11.912508024018901,
                        -7.567225494221205
                    ],
                    [
                        -0.3741834446194623,
                        -2.6484126981149982,
                        9.166815765628373,
                        5.3824808201125345,
                        -4.886384199355468,
                        7.436918499950212
                    ],
                    [
                        -1.4996916021975601,
                        0.3068133015431581,
                        5.3824808201125345,
                        6.140419361776692,
                        14.164337401479642,
                        -4.345620493306703
                    ],
                    [
                        -7.318328700118063,
                        11.912508024018901,
                        -4.8863841993554695,
                        14.164337401479642,
                        102.1753156576612,
                        -54.63619122918438
                    ],
                    [
                        3.489701902942099,
                        -7.567225494221204,
                        7.436918499950212,
                        -4.345620493306703,
                        -54.63619122918437,
                        31.897647898371442
                    ]
                ]
            },
            "est_params": {
                "mui": [
                    -0.2052282509628467,
                    -1.5385184519448118,
                    -0.9672353238561732,
                    -3.2144407913665773,
                    -25.316863440171215,
                    18.516757022566754
                ],
                "Si": [
                    [
                        0.6283478246585237,
                        -0.6293852795067038,
                        -0.3741834446194623,
                        -1.4996916021975604,
                        -7.318328700118063,
                        3.489701902942099
                    ],
                    [
                        -0.6293852795067038,
                        1.9977121931883022,
                        -2.6484126981149982,
                        0.30681330154315817,
                        11.912508024018901,
                        -7.567225494221205
                    ],
                    [
                        -0.3741834446194623,
                        -2.6484126981149982,
                        9.166815765628373,
                        5.3824808201125345,
                        -4.886384199355468,
                        7.436918499950212
                    ],
                    [
                        -1.4996916021975601,
                        0.3068133015431581,
                        5.3824808201125345,
                        6.140419361776692,
                        14.164337401479642,
                        -4.345620493306703
                    ],
                    [
                        -7.318328700118063,
                        11.912508024018901,
                        -4.8863841993554695,
                        14.164337401479642,
                        102.1753156576612,
                        -54.63619122918438
                    ],
                    [
                        3.489701902942099,
                        -7.567225494221204,
                        7.436918499950212,
                        -4.345620493306703,
                        -54.63619122918437,
                        31.897647898371442
                    ]
                ]
            },
            "est_tgt": [
                0,
                1,
                2,
                3,
                4,
                5
            ]
        }
    },
    "metric_dict": {
        "param_est_rel_err": 200.52125822611234,
        "est_num_comp": 5,
        "weight_precision_error": 0.19987879134599532,
        "gm_score_dict": {
            "1": -16.79774017102522,
            "2": -16.640326350350147,
            "3": -12.551839300559571,
            "4": -13.293967710998466,
            "5": -12.299987098988211,
            "6": -12.300537885274178,
            "7": -12.301578001146432
        },
        "est_dag": {
            "amat": [
                [
                    0,
                    1,
                    1,
                    1,
                    1,
                    1
                ],
                [
                    0,
                    0,
                    0,
                    0,
                    1,
                    1
                ],
                [
                    0,
                    0,
                    0,
                    1,
                    1,
                    1
                ],
                [
                    0,
                    0,
                    0,
                    0,
                    0,
                    0
                ],
                [
                    0,
                    0,
                    0,
                    1,
                    0,
                    1
                ],
                [
                    0,
                    0,
                    0,
                    0,
                    0,
                    0
                ]
            ],
            "nodes": [
                0,
                1,
                2,
                3,
                4,
                5
            ]
        },
        "oracle_est_dag": {
            "amat": [
                [
                    0,
                    1,
                    1,
                    1,
                    1,
                    1
                ],
                [
                    0,
                    0,
                    0,
                    0,
                    1,
                    1
                ],
                [
                    0,
                    0,
                    0,
                    1,
                    1,
                    1
                ],
                [
                    0,
                    0,
                    0,
                    0,
                    0,
                    0
                ],
                [
                    0,
                    0,
                    0,
                    1,
                    0,
                    1
                ],
                [
                    0,
                    0,
                    0,
                    0,
                    0,
                    0
                ]
            ],
            "nodes": [
                0,
                1,
                2,
                3,
                4,
                5
            ]
        },
        "igsp_dag": null,
        "intv_base_est_dag": null,
        "act_dag": {
            "amat": [
                [
                    0,
                    1,
                    1,
                    1,
                    1,
                    1
                ],
                [
                    0,
                    0,
                    0,
                    1,
                    1,
                    1
                ],
                [
                    0,
                    0,
                    0,
                    1,
                    1,
                    1
                ],
                [
                    0,
                    0,
                    0,
                    0,
                    1,
                    0
                ],
                [
                    0,
                    0,
                    0,
                    0,
                    0,
                    1
                ],
                [
                    0,
                    0,
                    0,
                    0,
                    0,
                    0
                ]
            ],
            "nodes": [
                0,
                1,
                2,
                3,
                4,
                5
            ]
        },
        "shd": 2,
        "oracle_shd": 2,
        "intv_base_shd": null,
        "igsp_shd": null,
        "avg_js": 0.5833333333333333,
        "avg_oracle_js": 0.625
    }
}