{
    "expt_args": {
        "save_dir": "all_expt_logs/expt_logs_sim_compsel_backwardbugfixed_cameraready_half_std_var",
        "exp_name": "8",
        "num_nodes": 6,
        "num_tgt_prior": 7,
        "obs_noise_mean": 0.0,
        "obs_noise_var": 1.0,
        "obs_noise_gamma_shape": null,
        "noise_type": "gaussian",
        "max_edge_strength": 1.0,
        "graph_sparsity_method": "adj_dense_prop",
        "adj_dense_prop": 0.8,
        "num_parents": null,
        "new_noise_mean": 0.0,
        "mix_samples": 262144,
        "stage2_samples": 262144,
        "gmm_tol": 0.001,
        "intv_type": "hard",
        "new_noise_var": 0.0001,
        "dtype": "simulation",
        "cutoff_drop_ratio": 0.07,
        "intv_targets": [
            3,
            5,
            4
        ]
    },
    "intv_args_dict": {
        "3": {
            "intv_type": "hard",
            "inode": 3,
            "new_mui": 0.0,
            "new_vari": 0.0001,
            "noise_type": "gaussian",
            "obs_noise_gamma_shape": null,
            "true_params": {
                "Si": [
                    [
                        1.0,
                        -0.7112415433364359,
                        -1.084537081611443,
                        0.0,
                        0.978274103410965,
                        -2.7658985812105086
                    ],
                    [
                        -0.7112415433364359,
                        1.5058645329675953,
                        1.355831567979888,
                        0.0,
                        -0.6957891831160827,
                        2.998388935116798
                    ],
                    [
                        -1.084537081611443,
                        1.355831567979888,
                        2.5178185450560826,
                        0.0,
                        -1.060974541129379,
                        4.2062087117668785
                    ],
                    [
                        0.0,
                        0.0,
                        0.0,
                        0.0001,
                        6.114502358177649e-05,
                        -0.00011128114494666264
                    ],
                    [
                        0.978274103410965,
                        -0.6957891831160827,
                        -1.060974541129379,
                        6.114502358177649e-05,
                        1.9570576085436158,
                        -3.697552264041982
                    ],
                    [
                        -2.7658985812105086,
                        2.998388935116798,
                        4.2062087117668785,
                        -0.00011128114494666264,
                        -3.697552264041982,
                        11.061633733756837
                    ]
                ],
                "mui": [
                    0.0,
                    0.0,
                    0.0,
                    0.0,
                    0.0,
                    0.0
                ],
                "Ai": [
                    [
                        0.0,
                        0.0,
                        0.0,
                        0.0,
                        0.0,
                        0.0
                    ],
                    [
                        -0.7112415433364359,
                        0.0,
                        0.0,
                        0.0,
                        0.0,
                        0.0
                    ],
                    [
                        -0.6688421889725789,
                        0.5844637402489712,
                        0.0,
                        0.0,
                        0.0,
                        0.0
                    ],
                    [
                        0.0,
                        0.0,
                        0.0,
                        0.0,
                        0.0,
                        0.0
                    ],
                    [
                        0.978274103410965,
                        -0.0,
                        -0.0,
                        0.6114502358177648,
                        0.0,
                        0.0
                    ],
                    [
                        -0.6585043861714261,
                        0.6782622366845106,
                        0.6038094384943982,
                        -0.5064501510099066,
                        -0.9916772665002916,
                        0.0
                    ]
                ]
            },
            "est_params": {
                "mui": [
                    -0.0011898627452555325,
                    0.004417837031427666,
                    0.004158437752388037,
                    5.2797546940009114e-05,
                    -0.002772338650212644,
                    0.003163770012716704
                ],
                "Si": [
                    [
                        1.002713214551937,
                        -0.712328283885154,
                        -1.0869704421651547,
                        1.4362661444238517e-05,
                        0.9792387306913333,
                        -2.7691623961343743
                    ],
                    [
                        -0.7123282838851539,
                        1.5112130536287465,
                        1.360340693133462,
                        7.658568936744587e-06,
                        -0.6944511597003996,
                        3.0047764588732937
                    ],
                    [
                        -1.0869704421651547,
                        1.360340693133462,
                        2.5245505555044008,
                        -4.913880924543605e-05,
                        -1.062487810310298,
                        4.219042257574113
                    ],
                    [
                        1.4362661444238514e-05,
                        7.658568936744576e-06,
                        -4.913880924543604e-05,
                        0.00010105109027350215,
                        -2.7729691069579235e-06,
                        -8.730035401311057e-05
                    ],
                    [
                        0.9792387306913332,
                        -0.6944511597003996,
                        -1.062487810310298,
                        -2.772969106957908e-06,
                        1.945935013078508,
                        -3.682502155329624
                    ],
                    [
                        -2.7691623961343743,
                        3.0047764588732937,
                        4.219042257574113,
                        -8.730035401311053e-05,
                        -3.682502155329624,
                        11.059579684662703
                    ]
                ]
            },
            "est_tgt": [
                3
            ],
            "oracle_est_tgt": [
                3
            ]
        },
        "5": {
            "intv_type": "hard",
            "inode": 5,
            "new_mui": 0.0,
            "new_vari": 0.0001,
            "noise_type": "gaussian",
            "obs_noise_gamma_shape": null,
            "true_params": {
                "Si": [
                    [
                        1.0,
                        -0.7112415433364359,
                        -1.084537081611443,
                        -0.9146422423222361,
                        0.4190158886541445,
                        0.0
                    ],
                    [
                        -0.7112415433364359,
                        1.5058645329675953,
                        1.355831567979888,
                        0.26065248368119326,
                        -0.5364131605027311,
                        0.0
                    ],
                    [
                        -1.084537081611443,
                        1.355831567979888,
                        2.5178185450560826,
                        1.5815307688384257,
                        -0.09394717957007265,
                        0.0
                    ],
                    [
                        -0.9146422423222361,
                        0.26065248368119326,
                        1.5815307688384257,
                        2.6567802309954103,
                        0.729718079208539,
                        0.0
                    ],
                    [
                        0.4190158886541445,
                        -0.5364131605027311,
                        -0.09394717957007265,
                        0.729718079208539,
                        1.8560986844006295,
                        0.0
                    ],
                    [
                        0.0,
                        0.0,
                        0.0,
                        0.0,
                        0.0,
                        0.0001
                    ]
                ],
                "mui": [
                    0.0,
                    0.0,
                    0.0,
                    0.0,
                    0.0,
                    0.0
                ],
                "Ai": [
                    [
                        0.0,
                        0.0,
                        0.0,
                        0.0,
                        0.0,
                        0.0
                    ],
                    [
                        -0.7112415433364359,
                        0.0,
                        0.0,
                        0.0,
                        0.0,
                        0.0
                    ],
                    [
                        -0.6688421889725789,
                        0.5844637402489712,
                        0.0,
                        0.0,
                        0.0,
                        0.0
                    ],
                    [
                        -0.6452037355060927,
                        -0.8676416689517701,
                        0.8174375238393392,
                        0.0,
                        0.0,
                        0.0
                    ],
                    [
                        0.978274103410965,
                        -0.0,
                        -0.0,
                        0.6114502358177648,
                        0.0,
                        0.0
                    ],
                    [
                        0.0,
                        0.0,
                        0.0,
                        0.0,
                        0.0,
                        0.0
                    ]
                ]
            },
            "est_params": {
                "mui": [
                    -0.0010195394722316252,
                    0.0063376572665794105,
                    0.01070564364694717,
                    0.006554892639421251,
                    0.005066669667432848,
                    -3.36482864702814e-05
                ],
                "Si": [
                    [
                        1.0050977581101195,
                        -0.7140822968271365,
                        -1.0877849454037105,
                        -0.9296375827837794,
                        0.41739170707456597,
                        3.998077347612082e-05
                    ],
                    [
                        -0.7140822968271366,
                        1.5069016808474809,
                        1.3559617836971387,
                        0.27032069601345426,
                        -0.5353719704575475,
                        -0.00010200966478355254
                    ],
                    [
                        -1.0877849454037105,
                        1.3559617836971387,
                        2.514387017352999,
                        1.590780814957366,
                        -0.10047762321652429,
                        -7.775963269290702e-05
                    ],
                    [
                        -0.9296375827837793,
                        0.27032069601345426,
                        1.5907808149573661,
                        2.677495031197303,
                        0.7276305010303121,
                        4.335749743763418e-05
                    ],
                    [
                        0.417391707074566,
                        -0.5353719704575475,
                        -0.10047762321652431,
                        0.7276305010303121,
                        1.851431086525776,
                        0.00015983310602515771
                    ],
                    [
                        3.998077347612081e-05,
                        -0.00010200966478355255,
                        -7.775963269290707e-05,
                        4.335749743763414e-05,
                        0.0001598331060251577,
                        0.0001009141087334939
                    ]
                ]
            },
            "est_tgt": [
                5
            ],
            "oracle_est_tgt": [
                5
            ]
        },
        "4": {
            "intv_type": "hard",
            "inode": 4,
            "new_mui": 0.0,
            "new_vari": 0.0001,
            "noise_type": "gaussian",
            "obs_noise_gamma_shape": null,
            "true_params": {
                "Si": [
                    [
                        1.0,
                        -0.7112415433364359,
                        -1.084537081611443,
                        -0.9146422423222361,
                        0.0,
                        -1.332545690707763
                    ],
                    [
                        -0.7112415433364359,
                        1.5058645329675953,
                        1.355831567979888,
                        0.26065248368119326,
                        0.0,
                        2.1763831302223227
                    ],
                    [
                        -1.084537081611443,
                        1.355831567979888,
                        2.5178185450560826,
                        1.5815307688384257,
                        0.0,
                        2.3530978822882607
                    ],
                    [
                        -0.9146422423222361,
                        0.26065248368119326,
                        1.5815307688384257,
                        2.6567802309954103,
                        0.0,
                        0.3885031212320237
                    ],
                    [
                        0.0,
                        0.0,
                        0.0,
                        0.0,
                        0.0001,
                        -9.916772665002916e-05
                    ],
                    [
                        -1.332545690707763,
                        2.1763831302223227,
                        2.3530978822882607,
                        0.3885031212320237,
                        -9.916772665002916e-05,
                        4.5778092608830665
                    ]
                ],
                "mui": [
                    0.0,
                    0.0,
                    0.0,
                    0.0,
                    0.0,
                    0.0
                ],
                "Ai": [
                    [
                        0.0,
                        0.0,
                        0.0,
                        0.0,
                        0.0,
                        0.0
                    ],
                    [
                        -0.7112415433364359,
                        0.0,
                        0.0,
                        0.0,
                        0.0,
                        0.0
                    ],
                    [
                        -0.6688421889725789,
                        0.5844637402489712,
                        0.0,
                        0.0,
                        0.0,
                        0.0
                    ],
                    [
                        -0.6452037355060927,
                        -0.8676416689517701,
                        0.8174375238393392,
                        0.0,
                        0.0,
                        0.0
                    ],
                    [
                        0.0,
                        0.0,
                        0.0,
                        0.0,
                        0.0,
                        0.0
                    ],
                    [
                        -0.6585043861714261,
                        0.6782622366845106,
                        0.6038094384943982,
                        -0.5064501510099066,
                        -0.9916772665002916,
                        0.0
                    ]
                ]
            },
            "est_params": {
                "mui": [
                    -0.002594915894997876,
                    0.004577980915932129,
                    0.007970461589842557,
                    0.003513662635118375,
                    -1.7474947034580692e-05,
                    0.0058832866935997884
                ],
                "Si": [
                    [
                        0.9962699030998134,
                        -0.7072724894877526,
                        -1.0817344372420212,
                        -0.9038804804176737,
                        -2.3756683719843492e-05,
                        -1.3285930596165163
                    ],
                    [
                        -0.7072724894877527,
                        1.510903321639843,
                        1.3547100199581925,
                        0.23868863079659583,
                        -7.3088058032651325e-06,
                        2.1875427519614905
                    ],
                    [
                        -1.0817344372420212,
                        1.3547100199581925,
                        2.5220853893858397,
                        1.5706676755822049,
                        8.244072553911347e-05,
                        2.3463998469219645
                    ],
                    [
                        -0.9038804804176737,
                        0.23868863079659583,
                        1.5706676755822049,
                        2.655955553269774,
                        -3.1051322848141273e-06,
                        0.34680557668274886
                    ],
                    [
                        -2.3756683719843465e-05,
                        -7.308805803265126e-06,
                        8.244072553911349e-05,
                        -3.1051322848140854e-06,
                        0.00010146594657246356,
                        -4.185911293105789e-05
                    ],
                    [
                        -1.3285930596165163,
                        2.1875427519614905,
                        2.3463998469219645,
                        0.34680557668274886,
                        -4.1859112931057904e-05,
                        4.597062587784935
                    ]
                ]
            },
            "est_tgt": [
                4
            ],
            "oracle_est_tgt": [
                4
            ]
        },
        "obs": {
            "intv_type": "obs",
            "noise_type": "gaussian",
            "obs_noise_gamma_shape": null,
            "true_params": {
                "Si": [
                    [
                        1.0,
                        -0.7112415433364359,
                        -1.084537081611443,
                        -0.9146422423222361,
                        0.4190158886541445,
                        -1.7480742217884957
                    ],
                    [
                        -0.7112415433364359,
                        1.5058645329675953,
                        1.355831567979888,
                        0.26065248368119326,
                        -0.5364131605027311,
                        2.7083318669444534
                    ],
                    [
                        -1.084537081611443,
                        1.355831567979888,
                        2.5178185450560826,
                        1.5815307688384257,
                        -0.09394717957007265,
                        2.4462631645197224
                    ],
                    [
                        -0.9146422423222361,
                        0.26065248368119326,
                        1.5815307688384257,
                        2.6567802309954103,
                        0.729718079208539,
                        -0.3351417088733436
                    ],
                    [
                        0.4190158886541445,
                        -0.5364131605027311,
                        -0.09394717957007265,
                        0.729718079208539,
                        1.8560986844006295,
                        -2.9066954854392275
                    ],
                    [
                        -1.7480742217884957,
                        2.7083318669444534,
                        2.4462631645197224,
                        -0.3351417088733436,
                        -2.9066954854392275,
                        8.517386962554525
                    ]
                ],
                "mui": [
                    0.0,
                    0.0,
                    0.0,
                    0.0,
                    0.0,
                    0.0
                ],
                "Ai": [
                    [
                        0.0,
                        0.0,
                        0.0,
                        0.0,
                        0.0,
                        0.0
                    ],
                    [
                        -0.7112415433364359,
                        0.0,
                        0.0,
                        0.0,
                        0.0,
                        0.0
                    ],
                    [
                        -0.6688421889725789,
                        0.5844637402489712,
                        0.0,
                        0.0,
                        0.0,
                        0.0
                    ],
                    [
                        -0.6452037355060927,
                        -0.8676416689517701,
                        0.8174375238393392,
                        0.0,
                        0.0,
                        0.0
                    ],
                    [
                        0.978274103410965,
                        -0.0,
                        -0.0,
                        0.6114502358177648,
                        0.0,
                        0.0
                    ],
                    [
                        -0.6585043861714261,
                        0.6782622366845106,
                        0.6038094384943982,
                        -0.5064501510099066,
                        -0.9916772665002916,
                        0.0
                    ]
                ]
            },
            "est_params": {
                "mui": [
                    0.0018019584773853656,
                    0.0021745798797313505,
                    0.004782746486495265,
                    0.0034419506827828147,
                    0.004078667176187614,
                    -0.006143317350437157
                ],
                "Si": [
                    [
                        1.0017131506046384,
                        -0.7092453045092335,
                        -1.0916431979186842,
                        -0.9278464838288117,
                        0.4128638253964676,
                        -1.7359778788992386
                    ],
                    [
                        -0.7092453045092335,
                        1.5066444756586128,
                        1.3592952388215336,
                        0.26300236015124423,
                        -0.5318576387918661,
                        2.6989827398222923
                    ],
                    [
                        -1.0916431979186842,
                        1.3592952388215336,
                        2.544929905758806,
                        1.6111209290017192,
                        -0.08485022653671273,
                        2.4420737865889515
                    ],
                    [
                        -0.9278464838288117,
                        0.26300236015124423,
                        1.6111209290017192,
                        2.700352422815568,
                        0.7416837272560253,
                        -0.34599841066910103
                    ],
                    [
                        0.4128638253964676,
                        -0.5318576387918661,
                        -0.08485022653671273,
                        0.7416837272560253,
                        1.8625452006577725,
                        -2.9113052615569126
                    ],
                    [
                        -1.7359778788992386,
                        2.6989827398222923,
                        2.4420737865889515,
                        -0.34599841066910103,
                        -2.9113052615569126,
                        8.5121776504301
                    ]
                ]
            },
            "est_tgt": [
                0,
                1,
                2,
                3,
                4,
                5
            ],
            "oracle_est_tgt": [
                0,
                1,
                2,
                3,
                4,
                5
            ]
        }
    },
    "metric_dict": {
        "param_est_rel_err": 0.9675699337259475,
        "est_num_comp": 4,
        "weight_precision_error": 0.0008026450636572924,
        "gm_score_dict": {
            "1": -8.874552571841422,
            "2": -8.877271600473374,
            "3": -7.864020112363694,
            "4": -6.396423842168718,
            "5": -6.396787825010067,
            "6": -6.396990577093683,
            "7": -6.39696790322327
        },
        "est_dag": {
            "amat": [
                [
                    0,
                    1,
                    1,
                    1,
                    1,
                    1
                ],
                [
                    0,
                    0,
                    1,
                    1,
                    0,
                    1
                ],
                [
                    0,
                    0,
                    0,
                    1,
                    0,
                    1
                ],
                [
                    0,
                    0,
                    0,
                    0,
                    1,
                    1
                ],
                [
                    0,
                    0,
                    0,
                    0,
                    0,
                    1
                ],
                [
                    0,
                    0,
                    0,
                    0,
                    0,
                    0
                ]
            ],
            "nodes": [
                0,
                1,
                2,
                3,
                4,
                5
            ]
        },
        "oracle_est_dag": {
            "amat": [
                [
                    0,
                    1,
                    1,
                    1,
                    1,
                    1
                ],
                [
                    0,
                    0,
                    1,
                    1,
                    0,
                    1
                ],
                [
                    0,
                    0,
                    0,
                    1,
                    0,
                    1
                ],
                [
                    0,
                    0,
                    0,
                    0,
                    1,
                    1
                ],
                [
                    0,
                    0,
                    0,
                    0,
                    0,
                    1
                ],
                [
                    0,
                    0,
                    0,
                    0,
                    0,
                    0
                ]
            ],
            "nodes": [
                0,
                1,
                2,
                3,
                4,
                5
            ]
        },
        "igsp_dag": null,
        "intv_base_est_dag": null,
        "act_dag": {
            "amat": [
                [
                    0,
                    1,
                    1,
                    1,
                    1,
                    1
                ],
                [
                    0,
                    0,
                    1,
                    1,
                    0,
                    1
                ],
                [
                    0,
                    0,
                    0,
                    1,
                    0,
                    1
                ],
                [
                    0,
                    0,
                    0,
                    0,
                    1,
                    1
                ],
                [
                    0,
                    0,
                    0,
                    0,
                    0,
                    1
                ],
                [
                    0,
                    0,
                    0,
                    0,
                    0,
                    0
                ]
            ],
            "nodes": [
                0,
                1,
                2,
                3,
                4,
                5
            ]
        },
        "shd": 0,
        "oracle_shd": 0,
        "intv_base_shd": null,
        "igsp_shd": null,
        "avg_js": 0.75,
        "avg_oracle_js": 0.75
    }
}