{
    "expt_args": {
        "save_dir": "all_expt_logs/expt_logs_sim_compsel_backwardbugfixed_cameraready_half_std_var",
        "exp_name": "126",
        "num_nodes": 6,
        "num_tgt_prior": 7,
        "obs_noise_mean": 0.0,
        "obs_noise_var": 1.0,
        "obs_noise_gamma_shape": null,
        "noise_type": "gaussian",
        "max_edge_strength": 1.0,
        "graph_sparsity_method": "adj_dense_prop",
        "adj_dense_prop": 0.8,
        "num_parents": null,
        "new_noise_mean": 0.0,
        "mix_samples": 32768,
        "stage2_samples": 32768,
        "gmm_tol": 0.001,
        "intv_type": "hard",
        "new_noise_var": 0.1,
        "dtype": "simulation",
        "cutoff_drop_ratio": 0.07,
        "intv_targets": [
            1,
            2,
            4
        ]
    },
    "intv_args_dict": {
        "1": {
            "intv_type": "hard",
            "inode": 1,
            "new_mui": 0.0,
            "new_vari": 0.1,
            "noise_type": "gaussian",
            "obs_noise_gamma_shape": null,
            "true_params": {
                "Si": [
                    [
                        1.0,
                        0.0,
                        -0.6688421889725789,
                        -1.1919404382991208,
                        0.24946184133223764,
                        -0.7060848346734021
                    ],
                    [
                        0.0,
                        0.1,
                        0.05844637402489712,
                        -0.038987907634877236,
                        -0.023839165317386918,
                        0.14650288595729646
                    ],
                    [
                        -0.6688421889725789,
                        0.05844637402489712,
                        1.4815096601162125,
                        1.5918705573954965,
                        0.3190386349702562,
                        0.25204055384950286
                    ],
                    [
                        -1.1919404382991208,
                        -0.038987907634877236,
                        1.5918705573954965,
                        3.1041266832507475,
                        0.7319745288855407,
                        -0.5783274787835518
                    ],
                    [
                        0.24946184133223764,
                        -0.023839165317386918,
                        0.3190386349702562,
                        0.7319745288855407,
                        1.6916080574642043,
                        -2.0360402483545896
                    ],
                    [
                        -0.7060848346734021,
                        0.14650288595729646,
                        0.25204055384950286,
                        -0.5783274787835518,
                        -2.0360402483545896,
                        4.028500667985341
                    ]
                ],
                "mui": [
                    0.0,
                    0.0,
                    0.0,
                    0.0,
                    0.0,
                    0.0
                ],
                "Ai": [
                    [
                        0.0,
                        0.0,
                        0.0,
                        0.0,
                        0.0,
                        0.0
                    ],
                    [
                        0.0,
                        0.0,
                        0.0,
                        0.0,
                        0.0,
                        0.0
                    ],
                    [
                        -0.6688421889725789,
                        0.5844637402489712,
                        0.0,
                        0.0,
                        0.0,
                        0.0
                    ],
                    [
                        -0.6452037355060927,
                        -0.8676416689517701,
                        0.8174375238393392,
                        0.0,
                        0.0,
                        0.0
                    ],
                    [
                        0.978274103410965,
                        -0.0,
                        -0.0,
                        0.6114502358177648,
                        0.0,
                        0.0
                    ],
                    [
                        -0.6585043861714261,
                        0.6782622366845106,
                        0.6038094384943982,
                        -0.5064501510099066,
                        -0.9916772665002916,
                        0.0
                    ]
                ]
            },
            "oracle_est_tgt": [
                1
            ]
        },
        "2": {
            "intv_type": "hard",
            "inode": 2,
            "new_mui": 0.0,
            "new_vari": 0.1,
            "noise_type": "gaussian",
            "obs_noise_gamma_shape": null,
            "true_params": {
                "Si": [
                    [
                        1.0,
                        -0.7112415433364359,
                        0.0,
                        -0.028100935817834793,
                        0.96109177957845,
                        -2.0797738118175366
                    ],
                    [
                        -0.7112415433364359,
                        1.5058645329675953,
                        0.0,
                        -0.8476551159914951,
                        -1.2140881036812172,
                        3.1230053556361796
                    ],
                    [
                        0.0,
                        0.0,
                        0.1,
                        0.08174375238393393,
                        0.04998223667178537,
                        -0.030584439725766677
                    ],
                    [
                        -0.028100935817834793,
                        -0.8476551159914951,
                        0.08174375238393393,
                        1.82041213883331,
                        1.0856010137829477,
                        -2.505584064661142
                    ],
                    [
                        0.96109177957845,
                        -1.2140881036812172,
                        0.04998223667178537,
                        1.0856010137829477,
                        2.604002194844345,
                        -4.558306094751986
                    ],
                    [
                        -2.0797738118175366,
                        3.1230053556361796,
                        -0.030584439725766677,
                        -2.505584064661142,
                        -4.558306094751986,
                        10.258611557471253
                    ]
                ],
                "mui": [
                    0.0,
                    0.0,
                    0.0,
                    0.0,
                    0.0,
                    0.0
                ],
                "Ai": [
                    [
                        0.0,
                        0.0,
                        0.0,
                        0.0,
                        0.0,
                        0.0
                    ],
                    [
                        -0.7112415433364359,
                        0.0,
                        0.0,
                        0.0,
                        0.0,
                        0.0
                    ],
                    [
                        0.0,
                        0.0,
                        0.0,
                        0.0,
                        0.0,
                        0.0
                    ],
                    [
                        -0.6452037355060927,
                        -0.8676416689517701,
                        0.8174375238393392,
                        0.0,
                        0.0,
                        0.0
                    ],
                    [
                        0.978274103410965,
                        -0.0,
                        -0.0,
                        0.6114502358177648,
                        0.0,
                        0.0
                    ],
                    [
                        -0.6585043861714261,
                        0.6782622366845106,
                        0.6038094384943982,
                        -0.5064501510099066,
                        -0.9916772665002916,
                        0.0
                    ]
                ]
            },
            "oracle_est_tgt": [
                2
            ]
        },
        "4": {
            "intv_type": "hard",
            "inode": 4,
            "new_mui": 0.0,
            "new_vari": 0.1,
            "noise_type": "gaussian",
            "obs_noise_gamma_shape": null,
            "true_params": {
                "Si": [
                    [
                        1.0,
                        -0.7112415433364359,
                        -1.084537081611443,
                        -0.9146422423222361,
                        0.0,
                        -1.332545690707763
                    ],
                    [
                        -0.7112415433364359,
                        1.5058645329675953,
                        1.355831567979888,
                        0.26065248368119326,
                        0.0,
                        2.1763831302223227
                    ],
                    [
                        -1.084537081611443,
                        1.355831567979888,
                        2.5178185450560826,
                        1.5815307688384257,
                        0.0,
                        2.3530978822882607
                    ],
                    [
                        -0.9146422423222361,
                        0.26065248368119326,
                        1.5815307688384257,
                        2.6567802309954103,
                        0.0,
                        0.3885031212320237
                    ],
                    [
                        0.0,
                        0.0,
                        0.0,
                        0.0,
                        0.1,
                        -0.09916772665002917
                    ],
                    [
                        -1.332545690707763,
                        2.1763831302223227,
                        2.3530978822882607,
                        0.3885031212320237,
                        -0.09916772665002917,
                        4.676053298592326
                    ]
                ],
                "mui": [
                    0.0,
                    0.0,
                    0.0,
                    0.0,
                    0.0,
                    0.0
                ],
                "Ai": [
                    [
                        0.0,
                        0.0,
                        0.0,
                        0.0,
                        0.0,
                        0.0
                    ],
                    [
                        -0.7112415433364359,
                        0.0,
                        0.0,
                        0.0,
                        0.0,
                        0.0
                    ],
                    [
                        -0.6688421889725789,
                        0.5844637402489712,
                        0.0,
                        0.0,
                        0.0,
                        0.0
                    ],
                    [
                        -0.6452037355060927,
                        -0.8676416689517701,
                        0.8174375238393392,
                        0.0,
                        0.0,
                        0.0
                    ],
                    [
                        0.0,
                        0.0,
                        0.0,
                        0.0,
                        0.0,
                        0.0
                    ],
                    [
                        -0.6585043861714261,
                        0.6782622366845106,
                        0.6038094384943982,
                        -0.5064501510099066,
                        -0.9916772665002916,
                        0.0
                    ]
                ]
            },
            "oracle_est_tgt": [
                4
            ]
        },
        "obs": {
            "intv_type": "obs",
            "noise_type": "gaussian",
            "obs_noise_gamma_shape": null,
            "true_params": {
                "Si": [
                    [
                        1.0,
                        -0.7112415433364359,
                        -1.084537081611443,
                        -0.9146422423222361,
                        0.4190158886541445,
                        -1.7480742217884957
                    ],
                    [
                        -0.7112415433364359,
                        1.5058645329675953,
                        1.355831567979888,
                        0.26065248368119326,
                        -0.5364131605027311,
                        2.7083318669444534
                    ],
                    [
                        -1.084537081611443,
                        1.355831567979888,
                        2.5178185450560826,
                        1.5815307688384257,
                        -0.09394717957007265,
                        2.4462631645197224
                    ],
                    [
                        -0.9146422423222361,
                        0.26065248368119326,
                        1.5815307688384257,
                        2.6567802309954103,
                        0.729718079208539,
                        -0.3351417088733436
                    ],
                    [
                        0.4190158886541445,
                        -0.5364131605027311,
                        -0.09394717957007265,
                        0.729718079208539,
                        1.8560986844006295,
                        -2.9066954854392275
                    ],
                    [
                        -1.7480742217884957,
                        2.7083318669444534,
                        2.4462631645197224,
                        -0.3351417088733436,
                        -2.9066954854392275,
                        8.517386962554525
                    ]
                ],
                "mui": [
                    0.0,
                    0.0,
                    0.0,
                    0.0,
                    0.0,
                    0.0
                ],
                "Ai": [
                    [
                        0.0,
                        0.0,
                        0.0,
                        0.0,
                        0.0,
                        0.0
                    ],
                    [
                        -0.7112415433364359,
                        0.0,
                        0.0,
                        0.0,
                        0.0,
                        0.0
                    ],
                    [
                        -0.6688421889725789,
                        0.5844637402489712,
                        0.0,
                        0.0,
                        0.0,
                        0.0
                    ],
                    [
                        -0.6452037355060927,
                        -0.8676416689517701,
                        0.8174375238393392,
                        0.0,
                        0.0,
                        0.0
                    ],
                    [
                        0.978274103410965,
                        -0.0,
                        -0.0,
                        0.6114502358177648,
                        0.0,
                        0.0
                    ],
                    [
                        -0.6585043861714261,
                        0.6782622366845106,
                        0.6038094384943982,
                        -0.5064501510099066,
                        -0.9916772665002916,
                        0.0
                    ]
                ]
            },
            "est_params": {
                "mui": [
                    -0.005233564036859265,
                    0.001625037812448563,
                    0.007778006616779011,
                    0.00936601158022032,
                    0.001972334040339083,
                    -0.0029091762775799597
                ],
                "Si": [
                    [
                        1.0096043001192374,
                        -0.5353528507907072,
                        -0.7198208969417583,
                        -0.776540693328583,
                        0.4091782621591848,
                        -1.4702959831746254
                    ],
                    [
                        -0.5353528507907072,
                        1.1513472634838278,
                        0.6916020738935389,
                        -0.08378671165818946,
                        -0.4417249864030353,
                        2.0254132768622606
                    ],
                    [
                        -0.7198208969417583,
                        0.6916020738935389,
                        1.6584476021508103,
                        1.21541927770428,
                        0.05771470266694414,
                        1.2740285438625
                    ],
                    [
                        -0.776540693328583,
                        -0.08378671165818946,
                        1.21541927770428,
                        2.5527291176388536,
                        0.6076627073674451,
                        -0.7078290287978507
                    ],
                    [
                        0.4091782621591848,
                        -0.4417249864030353,
                        0.05771470266694414,
                        0.6076627073674451,
                        1.5302369041414163,
                        -2.3615723616827213
                    ],
                    [
                        -1.4702959831746254,
                        2.0254132768622606,
                        1.2740285438625,
                        -0.7078290287978507,
                        -2.3615723616827213,
                        6.814013824418286
                    ]
                ]
            },
            "est_tgt": [
                0,
                1,
                2,
                3,
                4,
                5
            ],
            "oracle_est_tgt": [
                0,
                1,
                2,
                3,
                4,
                5
            ]
        }
    },
    "metric_dict": {
        "param_est_rel_err": 14.350605783576531,
        "est_num_comp": 1,
        "weight_precision_error": 0.0,
        "gm_score_dict": {
            "1": -8.425605608484474,
            "2": -8.428967114448055,
            "3": -8.386564584787855,
            "4": -8.387110566329621,
            "5": -8.234116400329555,
            "6": -8.32253750026724,
            "7": -8.234022534042179
        },
        "est_dag": {
            "amat": [
                [
                    0,
                    0,
                    0,
                    0,
                    1,
                    1
                ],
                [
                    1,
                    0,
                    0,
                    1,
                    0,
                    1
                ],
                [
                    1,
                    1,
                    0,
                    1,
                    0,
                    1
                ],
                [
                    1,
                    0,
                    0,
                    0,
                    1,
                    1
                ],
                [
                    0,
                    0,
                    0,
                    0,
                    0,
                    1
                ],
                [
                    0,
                    0,
                    0,
                    0,
                    0,
                    0
                ]
            ],
            "nodes": [
                0,
                1,
                2,
                3,
                4,
                5
            ]
        },
        "oracle_est_dag": {
            "amat": [
                [
                    0,
                    1,
                    1,
                    1,
                    1,
                    1
                ],
                [
                    0,
                    0,
                    1,
                    1,
                    0,
                    1
                ],
                [
                    0,
                    0,
                    0,
                    1,
                    0,
                    1
                ],
                [
                    0,
                    0,
                    0,
                    0,
                    1,
                    1
                ],
                [
                    0,
                    0,
                    0,
                    0,
                    0,
                    1
                ],
                [
                    0,
                    0,
                    0,
                    0,
                    0,
                    0
                ]
            ],
            "nodes": [
                0,
                1,
                2,
                3,
                4,
                5
            ]
        },
        "igsp_dag": null,
        "intv_base_est_dag": null,
        "act_dag": {
            "amat": [
                [
                    0,
                    1,
                    1,
                    1,
                    1,
                    1
                ],
                [
                    0,
                    0,
                    1,
                    1,
                    0,
                    1
                ],
                [
                    0,
                    0,
                    0,
                    1,
                    0,
                    1
                ],
                [
                    0,
                    0,
                    0,
                    0,
                    1,
                    1
                ],
                [
                    0,
                    0,
                    0,
                    0,
                    0,
                    1
                ],
                [
                    0,
                    0,
                    0,
                    0,
                    0,
                    0
                ]
            ],
            "nodes": [
                0,
                1,
                2,
                3,
                4,
                5
            ]
        },
        "shd": 4,
        "oracle_shd": 0,
        "intv_base_shd": null,
        "igsp_shd": null,
        "avg_js": 0.0,
        "avg_oracle_js": 0.75
    }
}