{
    "expt_args": {
        "save_dir": "all_expt_logs/expt_logs_sim_compsel_backwardbugfixed_cameraready_half_cutoff_var",
        "exp_name": "43",
        "num_nodes": 6,
        "num_tgt_prior": 7,
        "obs_noise_mean": 0.0,
        "obs_noise_var": 1.0,
        "obs_noise_gamma_shape": null,
        "noise_type": "gaussian",
        "max_edge_strength": 1.0,
        "graph_sparsity_method": "adj_dense_prop",
        "adj_dense_prop": 0.8,
        "num_parents": null,
        "new_noise_mean": 1.0,
        "mix_samples": 1048576,
        "stage2_samples": 1048576,
        "gmm_tol": 0.001,
        "intv_type": "do",
        "new_noise_var": null,
        "dtype": "simulation",
        "cutoff_drop_ratio": 0.6,
        "intv_targets": [
            5,
            4,
            3
        ]
    },
    "intv_args_dict": {
        "5": {
            "intv_type": "do",
            "inode": 5,
            "new_mui": 1.0,
            "new_vari": null,
            "noise_type": "gaussian",
            "obs_noise_gamma_shape": null,
            "true_params": {
                "Si": [
                    [
                        1.0,
                        0.7227768212856032,
                        0.02835502988141758,
                        -0.024851688647224267,
                        -1.2013787499660173,
                        0.0
                    ],
                    [
                        0.7227768212856032,
                        1.5224063333877207,
                        -0.8701508189172764,
                        0.7626413133153175,
                        -2.920132591347412,
                        0.0
                    ],
                    [
                        0.02835502988141758,
                        -0.8701508189172764,
                        1.7940528395360196,
                        -1.5723927208426827,
                        3.2219333838176736,
                        0.0
                    ],
                    [
                        -0.024851688647224267,
                        0.7626413133153175,
                        -1.5723927208426827,
                        2.3781193140322863,
                        -3.52045678920937,
                        0.0
                    ],
                    [
                        -1.2013787499660173,
                        -2.920132591347412,
                        3.2219333838176736,
                        -3.52045678920937,
                        9.179274683608309,
                        0.0
                    ],
                    [
                        0.0,
                        0.0,
                        0.0,
                        0.0,
                        0.0,
                        1e-09
                    ]
                ],
                "mui": [
                    0.0,
                    0.0,
                    0.0,
                    0.0,
                    0.0,
                    1.0
                ],
                "Ai": [
                    [
                        0.0,
                        0.0,
                        0.0,
                        0.0,
                        0.0,
                        0.0
                    ],
                    [
                        0.7227768212856032,
                        0.0,
                        0.0,
                        0.0,
                        0.0,
                        0.0
                    ],
                    [
                        0.6720927200109618,
                        -0.8906451772824258,
                        0.0,
                        0.0,
                        0.0,
                        0.0
                    ],
                    [
                        0.0,
                        0.0,
                        -0.8764472741222811,
                        0.0,
                        0.0,
                        0.0
                    ],
                    [
                        -0.6785134828829802,
                        -0.7794555321752764,
                        0.8180343116415218,
                        -0.696602057558793,
                        0.0,
                        0.0
                    ],
                    [
                        0.0,
                        0.0,
                        0.0,
                        0.0,
                        0.0,
                        0.0
                    ]
                ]
            },
            "est_params": {
                "mui": [
                    0.004890082549339761,
                    0.004438790337385286,
                    -0.002869435059469642,
                    0.0036237487993978396,
                    -0.00998244779838053,
                    0.9999999797815767
                ],
                "Si": [
                    [
                        1.0009694263170443,
                        0.7247107669302266,
                        0.02675501350316611,
                        -0.02470988543210856,
                        -1.2059274352268112,
                        -3.515891190306716e-08
                    ],
                    [
                        0.7247107669302266,
                        1.5278360650256126,
                        -0.8750268128925136,
                        0.7663278726542855,
                        -2.9348944084705595,
                        4.583507747957739e-08
                    ],
                    [
                        0.02675501350316611,
                        -0.8750268128925136,
                        1.8048516036688769,
                        -1.580982885931337,
                        3.244115383477594,
                        6.000971947308334e-08
                    ],
                    [
                        -0.024709885432108555,
                        0.7663278726542855,
                        -1.5809828859313368,
                        2.387366880871775,
                        -3.536330713309313,
                        3.4970552955737144e-08
                    ],
                    [
                        -1.2059274352268112,
                        -2.9348944084705595,
                        3.244115383477594,
                        -3.5363307133093134,
                        9.225350171127102,
                        -5.680911295929757e-08
                    ],
                    [
                        -3.515891190306706e-08,
                        4.5835077479577364e-08,
                        6.000971947308342e-08,
                        3.497055295573713e-08,
                        -5.680911295929757e-08,
                        1.0063063397679792e-06
                    ]
                ]
            },
            "est_tgt": [
                5
            ],
            "oracle_est_tgt": [
                5
            ]
        },
        "4": {
            "intv_type": "do",
            "inode": 4,
            "new_mui": 1.0,
            "new_vari": null,
            "noise_type": "gaussian",
            "obs_noise_gamma_shape": null,
            "true_params": {
                "Si": [
                    [
                        1.0,
                        0.7227768212856032,
                        0.02835502988141758,
                        -0.024851688647224267,
                        0.0,
                        -0.3354209502396669
                    ],
                    [
                        0.7227768212856032,
                        1.5224063333877207,
                        -0.8701508189172764,
                        0.7626413133153175,
                        0.0,
                        -0.6975362037099497
                    ],
                    [
                        0.02835502988141758,
                        -0.8701508189172764,
                        1.7940528395360196,
                        -1.5723927208426827,
                        0.0,
                        1.7134992669741576
                    ],
                    [
                        -0.024851688647224267,
                        0.7626413133153175,
                        -1.5723927208426827,
                        2.3781193140322863,
                        0.0,
                        -2.4157383873347587
                    ],
                    [
                        0.0,
                        0.0,
                        0.0,
                        0.0,
                        1e-09,
                        5.66112416163008e-10
                    ],
                    [
                        -0.3354209502396669,
                        -0.6975362037099497,
                        1.7134992669741576,
                        -2.4157383873347587,
                        5.66112416163008e-10,
                        3.891193234556288
                    ]
                ],
                "mui": [
                    0.0,
                    0.0,
                    0.0,
                    0.0,
                    1.0,
                    0.566112416163008
                ],
                "Ai": [
                    [
                        0.0,
                        0.0,
                        0.0,
                        0.0,
                        0.0,
                        0.0
                    ],
                    [
                        0.7227768212856032,
                        0.0,
                        0.0,
                        0.0,
                        0.0,
                        0.0
                    ],
                    [
                        0.6720927200109618,
                        -0.8906451772824258,
                        0.0,
                        0.0,
                        0.0,
                        0.0
                    ],
                    [
                        0.0,
                        0.0,
                        -0.8764472741222811,
                        0.0,
                        0.0,
                        0.0
                    ],
                    [
                        0.0,
                        0.0,
                        0.0,
                        0.0,
                        0.0,
                        0.0
                    ],
                    [
                        -0.8920844191288448,
                        0.7184800501713522,
                        0.5166499612682434,
                        -0.9139466255847315,
                        0.566112416163008,
                        0.0
                    ]
                ]
            },
            "est_params": {
                "mui": [
                    0.0008849707275357966,
                    -0.0039879249159390645,
                    0.0022410659939060334,
                    0.003082022234230064,
                    1.0000000069417545,
                    0.5608945480404873
                ],
                "Si": [
                    [
                        1.0005153015376709,
                        0.724386011514326,
                        0.02317894788668691,
                        -0.022088925402535313,
                        1.647759325650664e-07,
                        -0.3407872066798541
                    ],
                    [
                        0.724386011514326,
                        1.5205992045449033,
                        -0.8677343353323163,
                        0.7586294586869582,
                        9.85830188128458e-08,
                        -0.6960772552047434
                    ],
                    [
                        0.023178947886686917,
                        -0.8677343353323163,
                        1.78775527691649,
                        -1.565753714733955,
                        4.214489755411534e-08,
                        1.7111918890268463
                    ],
                    [
                        -0.022088925402535313,
                        0.7586294586869581,
                        -1.5657537147339549,
                        2.372603059830088,
                        -1.1081306939968408e-07,
                        -2.412704571255607
                    ],
                    [
                        1.6477593256506638e-07,
                        9.858301881284585e-08,
                        4.2144897554115324e-08,
                        -1.108130693996841e-07,
                        1.0060379540921411e-06,
                        3.0411350771534215e-07
                    ],
                    [
                        -0.3407872066798541,
                        -0.6960772552047433,
                        1.7111918890268463,
                        -2.412704571255607,
                        3.0411350771534215e-07,
                        3.8912563949768773
                    ]
                ]
            },
            "est_tgt": [
                4
            ],
            "oracle_est_tgt": [
                4
            ]
        },
        "3": {
            "intv_type": "do",
            "inode": 3,
            "new_mui": 1.0,
            "new_vari": null,
            "noise_type": "gaussian",
            "obs_noise_gamma_shape": null,
            "true_params": {
                "Si": [
                    [
                        1.0,
                        0.7227768212856032,
                        0.02835502988141758,
                        0.0,
                        -1.2186904874114843,
                        -1.0480498836022691
                    ],
                    [
                        0.7227768212856032,
                        1.5224063333877207,
                        -0.8701508189172764,
                        0.0,
                        -2.3888750833126218,
                        -1.3528945941996227
                    ],
                    [
                        0.02835502988141758,
                        -0.8701508189172764,
                        1.7940528395360196,
                        0.0,
                        2.126601379188192,
                        1.4803116906538056
                    ],
                    [
                        0.0,
                        0.0,
                        0.0,
                        1e-09,
                        -6.966020575587931e-10,
                        -1.3083016994934628e-09
                    ],
                    [
                        -1.2186904874114843,
                        -2.3888750833126218,
                        2.126601379188192,
                        -6.966020575587931e-10,
                        5.428552722378998,
                        3.5426953246102557
                    ],
                    [
                        -1.0480498836022691,
                        -1.3528945941996227,
                        1.4803116906538056,
                        -1.3083016994934628e-09,
                        3.5426953246102557,
                        3.7332879844957265
                    ]
                ],
                "mui": [
                    0.0,
                    0.0,
                    0.0,
                    1.0,
                    -0.696602057558793,
                    -1.3083016994934626
                ],
                "Ai": [
                    [
                        0.0,
                        0.0,
                        0.0,
                        0.0,
                        0.0,
                        0.0
                    ],
                    [
                        0.7227768212856032,
                        0.0,
                        0.0,
                        0.0,
                        0.0,
                        0.0
                    ],
                    [
                        0.6720927200109618,
                        -0.8906451772824258,
                        0.0,
                        0.0,
                        0.0,
                        0.0
                    ],
                    [
                        0.0,
                        0.0,
                        0.0,
                        0.0,
                        0.0,
                        0.0
                    ],
                    [
                        -0.6785134828829802,
                        -0.7794555321752764,
                        0.8180343116415218,
                        -0.696602057558793,
                        0.0,
                        0.0
                    ],
                    [
                        -0.8920844191288448,
                        0.7184800501713522,
                        0.5166499612682434,
                        -0.9139466255847315,
                        0.566112416163008,
                        0.0
                    ]
                ]
            },
            "est_params": {
                "mui": [
                    -0.002491476667561863,
                    -0.004728212060814362,
                    0.006347938641034779,
                    0.9999999401772182,
                    -0.6832210723414271,
                    -1.3016321182224246
                ],
                "Si": [
                    [
                        1.000409294207101,
                        0.7212203400522118,
                        0.03274865717961464,
                        -4.7906272726947365e-08,
                        -1.2105976870412085,
                        -1.0417377131575476
                    ],
                    [
                        0.7212203400522117,
                        1.5182228785270784,
                        -0.8637959443914199,
                        6.305620748872972e-09,
                        -2.379247697993526,
                        -1.345700677089511
                    ],
                    [
                        0.032748657179614636,
                        -0.8637959443914199,
                        1.7913511082115487,
                        -9.20544839050591e-08,
                        2.120275167580747,
                        1.475072558507377
                    ],
                    [
                        -4.790627272694738e-08,
                        6.305620748872986e-09,
                        -9.205448390505914e-08,
                        1.0094423063446935e-06,
                        -2.6213317259454153e-07,
                        -8.987619391097409e-08
                    ],
                    [
                        -1.2105976870412085,
                        -2.379247697993526,
                        2.1202751675807465,
                        -2.6213317259454163e-07,
                        5.412714526396159,
                        3.529942702815996
                    ],
                    [
                        -1.0417377131575476,
                        -1.345700677089511,
                        1.475072558507377,
                        -8.987619391097417e-08,
                        3.529942702815996,
                        3.7237277583395674
                    ]
                ]
            },
            "est_tgt": [
                3
            ],
            "oracle_est_tgt": [
                3
            ]
        },
        "obs": {
            "intv_type": "obs",
            "noise_type": "gaussian",
            "obs_noise_gamma_shape": null,
            "true_params": {
                "Si": [
                    [
                        1.0,
                        0.7227768212856032,
                        0.02835502988141758,
                        -0.024851688647224267,
                        -1.2013787499660173,
                        -1.0155363771098234
                    ],
                    [
                        0.7227768212856032,
                        1.5224063333877207,
                        -0.8701508189172764,
                        0.7626413133153175,
                        -2.920132591347412,
                        -2.350659520513979
                    ],
                    [
                        0.02835502988141758,
                        -0.8701508189172764,
                        1.7940528395360196,
                        -1.5723927208426827,
                        3.2219333838176736,
                        3.5374757596034367
                    ],
                    [
                        -0.024851688647224267,
                        0.7626413133153175,
                        -1.5723927208426827,
                        2.3781193140322863,
                        -3.52045678920937,
                        -4.4087126862715404
                    ],
                    [
                        -1.2013787499660173,
                        -2.920132591347412,
                        3.2219333838176736,
                        -3.52045678920937,
                        9.179274683608309,
                        9.052296984313337
                    ],
                    [
                        -1.0155363771098234,
                        -2.350659520513979,
                        3.5374757596034367,
                        -4.4087126862715404,
                        9.052296984313337,
                        11.198624723435248
                    ]
                ],
                "mui": [
                    0.0,
                    0.0,
                    0.0,
                    0.0,
                    0.0,
                    0.0
                ],
                "Ai": [
                    [
                        0.0,
                        0.0,
                        0.0,
                        0.0,
                        0.0,
                        0.0
                    ],
                    [
                        0.7227768212856032,
                        0.0,
                        0.0,
                        0.0,
                        0.0,
                        0.0
                    ],
                    [
                        0.6720927200109618,
                        -0.8906451772824258,
                        0.0,
                        0.0,
                        0.0,
                        0.0
                    ],
                    [
                        0.0,
                        0.0,
                        -0.8764472741222811,
                        0.0,
                        0.0,
                        0.0
                    ],
                    [
                        -0.6785134828829802,
                        -0.7794555321752764,
                        0.8180343116415218,
                        -0.696602057558793,
                        0.0,
                        0.0
                    ],
                    [
                        -0.8920844191288448,
                        0.7184800501713522,
                        0.5166499612682434,
                        -0.9139466255847315,
                        0.566112416163008,
                        0.0
                    ]
                ]
            },
            "est_params": {
                "mui": [
                    0.0018107195468997019,
                    0.0035308716082215015,
                    -0.0007472838662523779,
                    -0.0025457300899852033,
                    -0.0018985975137440312,
                    0.0036758125981980823
                ],
                "Si": [
                    [
                        1.004619373925507,
                        0.7262541614893973,
                        0.029226365754160166,
                        -0.022225397639034424,
                        -1.209386100524232,
                        -1.0247827091895698
                    ],
                    [
                        0.7262541614893973,
                        1.5273290326226534,
                        -0.8732394910249139,
                        0.7675936241996233,
                        -2.933878476279445,
                        -2.3662933960921766
                    ],
                    [
                        0.029226365754160166,
                        -0.8732394910249139,
                        1.8049077192254606,
                        -1.5818951066638476,
                        3.240441042514799,
                        3.561747106747962
                    ],
                    [
                        -0.022225397639034424,
                        0.7675936241996234,
                        -1.5818951066638476,
                        2.389224096572758,
                        -3.5405202067892323,
                        -4.439106783837463
                    ],
                    [
                        -1.209386100524232,
                        -2.933878476279445,
                        3.240441042514799,
                        -3.5405202067892323,
                        9.226412323747642,
                        9.114305468050334
                    ],
                    [
                        -1.0247827091895698,
                        -2.3662933960921766,
                        3.561747106747962,
                        -4.439106783837463,
                        9.114305468050334,
                        11.279306726752468
                    ]
                ]
            },
            "est_tgt": [
                0,
                1,
                2,
                3,
                4,
                5
            ],
            "oracle_est_tgt": [
                0,
                1,
                2,
                3,
                4,
                5
            ]
        },
        "left_comp_1": {
            "true_params": {
                "mui": [
                    -0.1309127846737712,
                    -0.28589309167520605,
                    0.15916492543432628,
                    -0.39846058924517835,
                    0.8098167489331977,
                    0.7950126255724068
                ],
                "Si": [
                    [
                        0.667496147252888,
                        0.2640728217539299,
                        0.31832852372462106,
                        -0.28956607646670596,
                        0.009606841569558475,
                        0.06205552808201874
                    ],
                    [
                        0.2640728217539299,
                        0.5393908256722659,
                        0.09789295194740924,
                        -0.25763397964239515,
                        0.0047241534348864515,
                        0.49419209987325263
                    ],
                    [
                        0.31832852372462106,
                        0.09789295194740924,
                        0.5811657675887781,
                        -0.1795441168948748,
                        -0.005099876499160038,
                        0.20749488422896017
                    ],
                    [
                        -0.289566076466706,
                        -0.25763397964239515,
                        -0.17954411689487476,
                        0.693393337274457,
                        -0.007233458390163354,
                        -0.6994703661515373
                    ],
                    [
                        0.009606841569558473,
                        0.004724153434886451,
                        -0.005099876499160037,
                        -0.007233458390163354,
                        0.027342179382854243,
                        0.017038867765905474
                    ],
                    [
                        0.06205552808201874,
                        0.49419209987325274,
                        0.20749488422896017,
                        -0.6994703661515373,
                        0.017038867765905474,
                        2.070503923741949
                    ]
                ]
            },
            "est_params": {
                "mui": [
                    -0.1309127846737712,
                    -0.28589309167520605,
                    0.15916492543432628,
                    -0.39846058924517835,
                    0.8098167489331977,
                    0.7950126255724068
                ],
                "Si": [
                    [
                        0.667496147252888,
                        0.2640728217539299,
                        0.31832852372462106,
                        -0.28956607646670596,
                        0.009606841569558475,
                        0.06205552808201874
                    ],
                    [
                        0.2640728217539299,
                        0.5393908256722659,
                        0.09789295194740924,
                        -0.25763397964239515,
                        0.0047241534348864515,
                        0.49419209987325263
                    ],
                    [
                        0.31832852372462106,
                        0.09789295194740924,
                        0.5811657675887781,
                        -0.1795441168948748,
                        -0.005099876499160038,
                        0.20749488422896017
                    ],
                    [
                        -0.289566076466706,
                        -0.25763397964239515,
                        -0.17954411689487476,
                        0.693393337274457,
                        -0.007233458390163354,
                        -0.6994703661515373
                    ],
                    [
                        0.009606841569558473,
                        0.004724153434886451,
                        -0.005099876499160037,
                        -0.007233458390163354,
                        0.027342179382854243,
                        0.017038867765905474
                    ],
                    [
                        0.06205552808201874,
                        0.49419209987325274,
                        0.20749488422896017,
                        -0.6994703661515373,
                        0.017038867765905474,
                        2.070503923741949
                    ]
                ]
            },
            "est_tgt": [
                0,
                1,
                2,
                3,
                4,
                5
            ]
        }
    },
    "metric_dict": {
        "param_est_rel_err": 1.1822316230067242,
        "est_num_comp": 5,
        "weight_precision_error": 0.1988019950192445,
        "gm_score_dict": {
            "1": -9.518993054368806,
            "2": -9.397458295676078,
            "3": -7.64670291004394,
            "4": -7.56953190975267,
            "5": -4.344585252084918,
            "6": -4.345778739541574,
            "7": -4.345148393028019
        },
        "est_dag": {
            "amat": [
                [
                    0,
                    0,
                    0,
                    0,
                    1,
                    1
                ],
                [
                    1,
                    0,
                    0,
                    0,
                    1,
                    1
                ],
                [
                    1,
                    1,
                    0,
                    1,
                    1,
                    1
                ],
                [
                    0,
                    0,
                    0,
                    0,
                    1,
                    1
                ],
                [
                    0,
                    0,
                    0,
                    0,
                    0,
                    1
                ],
                [
                    0,
                    0,
                    0,
                    0,
                    0,
                    0
                ]
            ],
            "nodes": [
                0,
                1,
                2,
                3,
                4,
                5
            ]
        },
        "oracle_est_dag": {
            "amat": [
                [
                    0,
                    0,
                    0,
                    0,
                    1,
                    1
                ],
                [
                    1,
                    0,
                    1,
                    0,
                    1,
                    1
                ],
                [
                    1,
                    0,
                    0,
                    1,
                    1,
                    1
                ],
                [
                    0,
                    0,
                    0,
                    0,
                    1,
                    1
                ],
                [
                    0,
                    0,
                    0,
                    0,
                    0,
                    1
                ],
                [
                    0,
                    0,
                    0,
                    0,
                    0,
                    0
                ]
            ],
            "nodes": [
                0,
                1,
                2,
                3,
                4,
                5
            ]
        },
        "igsp_dag": null,
        "intv_base_est_dag": null,
        "act_dag": {
            "amat": [
                [
                    0,
                    1,
                    1,
                    0,
                    1,
                    1
                ],
                [
                    0,
                    0,
                    1,
                    0,
                    1,
                    1
                ],
                [
                    0,
                    0,
                    0,
                    1,
                    1,
                    1
                ],
                [
                    0,
                    0,
                    0,
                    0,
                    1,
                    1
                ],
                [
                    0,
                    0,
                    0,
                    0,
                    0,
                    1
                ],
                [
                    0,
                    0,
                    0,
                    0,
                    0,
                    0
                ]
            ],
            "nodes": [
                0,
                1,
                2,
                3,
                4,
                5
            ]
        },
        "shd": 3,
        "oracle_shd": 2,
        "intv_base_shd": null,
        "igsp_shd": null,
        "avg_js": 0.75,
        "avg_oracle_js": 0.75
    }
}