{
    "expt_args": {
        "save_dir": "all_expt_logs/expt_logs_sim_compsel_backwardbugfixed_cameraready_half_cutoff_var",
        "exp_name": "141",
        "num_nodes": 6,
        "num_tgt_prior": 7,
        "obs_noise_mean": 0.0,
        "obs_noise_var": 1.0,
        "obs_noise_gamma_shape": null,
        "noise_type": "gaussian",
        "max_edge_strength": 1.0,
        "graph_sparsity_method": "adj_dense_prop",
        "adj_dense_prop": 0.8,
        "num_parents": null,
        "new_noise_mean": 1.0,
        "mix_samples": 4096,
        "stage2_samples": 4096,
        "gmm_tol": 0.001,
        "intv_type": "do",
        "new_noise_var": null,
        "dtype": "simulation",
        "cutoff_drop_ratio": 0.15,
        "intv_targets": [
            3,
            2,
            0
        ]
    },
    "intv_args_dict": {
        "3": {
            "intv_type": "do",
            "inode": 3,
            "new_mui": 1.0,
            "new_vari": null,
            "noise_type": "gaussian",
            "obs_noise_gamma_shape": null,
            "true_params": {
                "Si": [
                    [
                        1.0,
                        0.0,
                        0.7532185900458657,
                        0.0,
                        -1.2732960000659492,
                        1.2551623920719885
                    ],
                    [
                        0.0,
                        1.0,
                        0.7137034426851362,
                        0.0,
                        0.12453997738722825,
                        -0.2625709283022767
                    ],
                    [
                        0.7532185900458657,
                        0.7137034426851362,
                        2.076710848491297,
                        0.0,
                        -1.555838712121852,
                        1.7997429348358
                    ],
                    [
                        0.0,
                        0.0,
                        0.0,
                        1e-09,
                        5.802553531033455e-10,
                        -1.233979867264902e-09
                    ],
                    [
                        -1.2732960000659492,
                        0.12453997738722825,
                        -1.555838712121852,
                        5.802553531033455e-10,
                        3.1069130902846376,
                        -2.9668314648188945
                    ],
                    [
                        1.2551623920719885,
                        -0.2625709283022767,
                        1.7997429348358,
                        -1.233979867264902e-09,
                        -2.9668314648188945,
                        4.116052718630133
                    ]
                ],
                "mui": [
                    0.0,
                    0.0,
                    0.0,
                    1.0,
                    0.5802553531033454,
                    -1.233979867264902
                ],
                "Ai": [
                    [
                        0.0,
                        0.0,
                        0.0,
                        0.0,
                        0.0,
                        0.0
                    ],
                    [
                        -0.0,
                        0.0,
                        0.0,
                        0.0,
                        0.0,
                        0.0
                    ],
                    [
                        0.7532185900458657,
                        0.7137034426851362,
                        0.0,
                        0.0,
                        0.0,
                        0.0
                    ],
                    [
                        0.0,
                        0.0,
                        0.0,
                        0.0,
                        0.0,
                        0.0
                    ],
                    [
                        -0.7568493351669998,
                        0.613892958809517,
                        -0.6856531048543311,
                        0.5802553531033454,
                        0.0,
                        0.0
                    ],
                    [
                        0.0,
                        -0.6244159513224572,
                        0.615477131717033,
                        -0.8732508583938192,
                        -0.6216728668539071,
                        0.0
                    ]
                ]
            },
            "est_params": {
                "mui": [
                    0.0633794501925946,
                    -0.04496593376474366,
                    -0.009421350897493247,
                    1.0000004992722917,
                    0.5495017014034729,
                    -1.1236668959187688
                ],
                "Si": [
                    [
                        1.0096949737787484,
                        -0.009231377353114292,
                        0.7917217985934113,
                        1.9354350020731616e-08,
                        -1.3635728288924827,
                        1.400875919829433
                    ],
                    [
                        -0.009231377353114292,
                        1.040513108983143,
                        0.7564991091077736,
                        -4.2189072565932474e-07,
                        0.12252006447226768,
                        -0.23171257465606307
                    ],
                    [
                        0.7917217985934113,
                        0.7564991091077736,
                        2.250774941109652,
                        -3.8093788398435554e-07,
                        -1.7241834587058333,
                        2.0402216577787975
                    ],
                    [
                        1.935435002073151e-08,
                        -4.2189072565932463e-07,
                        -3.809378839843552e-07,
                        1.0014639115912742e-06,
                        -5.617525396668614e-07,
                        5.368053678934858e-07
                    ],
                    [
                        -1.3635728288924824,
                        0.12252006447226765,
                        -1.7241834587058333,
                        -5.61752539666861e-07,
                        3.341697059882619,
                        -3.2736353939868374
                    ],
                    [
                        1.400875919829433,
                        -0.23171257465606307,
                        2.0402216577787975,
                        5.368053678934863e-07,
                        -3.2736353939868383,
                        4.589739499867185
                    ]
                ]
            },
            "est_tgt": [
                1,
                2,
                3,
                4,
                5
            ],
            "oracle_est_tgt": [
                1,
                2,
                3,
                4,
                5
            ]
        },
        "2": {
            "intv_type": "do",
            "inode": 2,
            "new_mui": 1.0,
            "new_vari": null,
            "noise_type": "gaussian",
            "obs_noise_gamma_shape": null,
            "true_params": {
                "Si": [
                    [
                        1.0,
                        0.0,
                        0.0,
                        -0.7665406135943165,
                        -1.201638629576225,
                        1.4164083805860135
                    ],
                    [
                        0.0,
                        1.0,
                        0.0,
                        0.7009646095229253,
                        1.0206314258211906,
                        -1.8710327627834904
                    ],
                    [
                        0.0,
                        0.0,
                        1e-09,
                        -8.983491036485623e-10,
                        -1.2069249812020014e-09,
                        2.150273770756904e-09
                    ],
                    [
                        -0.7665406135943165,
                        0.7009646095229253,
                        -8.983491036485623e-10,
                        2.0789358969002096,
                        2.216786675489156,
                        -3.631242168320263
                    ],
                    [
                        -1.201638629576225,
                        1.0206314258211906,
                        -1.2069249812020014e-09,
                        2.216786675489156,
                        3.8223201797253803,
                        -4.949342154856874
                    ],
                    [
                        1.4164083805860135,
                        -1.8710327627834904,
                        2.150273770756904e-09,
                        -3.631242168320263,
                        -4.949342154856874,
                        8.416159770824652
                    ]
                ],
                "mui": [
                    0.0,
                    0.0,
                    1.0,
                    -0.8983491036485622,
                    -1.2069249812020013,
                    2.150273770756904
                ],
                "Ai": [
                    [
                        0.0,
                        0.0,
                        0.0,
                        0.0,
                        0.0,
                        0.0
                    ],
                    [
                        -0.0,
                        0.0,
                        0.0,
                        0.0,
                        0.0,
                        0.0
                    ],
                    [
                        0.0,
                        0.0,
                        0.0,
                        0.0,
                        0.0,
                        0.0
                    ],
                    [
                        -0.7665406135943165,
                        0.7009646095229253,
                        -0.8983491036485622,
                        0.0,
                        0.0,
                        0.0
                    ],
                    [
                        -0.7568493351669998,
                        0.613892958809517,
                        -0.6856531048543311,
                        0.5802553531033454,
                        0.0,
                        0.0
                    ],
                    [
                        0.0,
                        -0.6244159513224572,
                        0.615477131717033,
                        -0.8732508583938192,
                        -0.6216728668539071,
                        0.0
                    ]
                ]
            },
            "est_params": {
                "mui": [
                    0.019581238864931735,
                    0.036902991504582844,
                    0.9999945757458386,
                    -0.9223534954484157,
                    -1.2562938621339879,
                    2.1971725137090727
                ],
                "Si": [
                    [
                        1.0120284043113903,
                        0.0415388971804204,
                        -2.144003666868844e-06,
                        -0.732606051235903,
                        -1.178734704833666,
                        1.33942209761703
                    ],
                    [
                        0.0415388971804204,
                        1.053840162321424,
                        -1.4470332579664065e-06,
                        0.6772012729290905,
                        0.9833708378325494,
                        -1.8139458602439138
                    ],
                    [
                        -2.144003666868844e-06,
                        -1.4470332579664075e-06,
                        1.0127570585271217e-06,
                        -1.8095238972478753e-06,
                        -8.90858167142959e-06,
                        6.977161511331793e-06
                    ],
                    [
                        -0.7326060512359032,
                        0.6772012729290905,
                        -1.8095238972478744e-06,
                        2.013971287651436,
                        2.157878283585315,
                        -3.5008319937303023
                    ],
                    [
                        -1.178734704833666,
                        0.9833708378325494,
                        -8.908581671429586e-06,
                        2.157878283585315,
                        3.7211716978202216,
                        -4.759514276107291
                    ],
                    [
                        1.33942209761703,
                        -1.8139458602439138,
                        6.977161511331793e-06,
                        -3.5008319937303023,
                        -4.759514276107291,
                        8.12584717444796
                    ]
                ]
            },
            "est_tgt": [
                1,
                2,
                4
            ],
            "oracle_est_tgt": [
                1,
                2,
                4,
                5
            ]
        },
        "0": {
            "intv_type": "do",
            "inode": 0,
            "new_mui": 1.0,
            "new_vari": null,
            "noise_type": "gaussian",
            "obs_noise_gamma_shape": null,
            "true_params": {
                "Si": [
                    [
                        1e-09,
                        0.0,
                        7.532185900458658e-10,
                        -1.4431938588134538e-09,
                        -2.1107169622083295e-09,
                        3.036034558408136e-09
                    ],
                    [
                        0.0,
                        1.0,
                        0.7137034426851362,
                        0.059809761515840165,
                        0.15924491167462895,
                        -0.33637496987873855
                    ],
                    [
                        7.532185900458658e-10,
                        0.7137034426851362,
                        1.5093726046679539,
                        -0.8556626720355706,
                        -1.0932713410995594,
                        1.910201799008137
                    ],
                    [
                        -1.4431938588134538e-09,
                        0.059809761515840165,
                        -0.8556626720355706,
                        1.8106083216815654,
                        1.6740197313732654,
                        -3.1857948929333126
                    ],
                    [
                        -2.1107169622083295e-09,
                        0.15924491167462895,
                        -1.0932713410995594,
                        1.6740197313732654,
                        2.818723131403926,
                        -3.98648142958216
                    ],
                    [
                        3.036034558408136e-09,
                        -0.33637496987873855,
                        1.910201799008137,
                        -3.1857948929333126,
                        -3.98648142958216,
                        7.646008884981004
                    ]
                ],
                "mui": [
                    1.0,
                    0.0,
                    0.7532185900458657,
                    -1.4431938588134536,
                    -2.1107169622083295,
                    3.0360345584081356
                ],
                "Ai": [
                    [
                        0.0,
                        0.0,
                        0.0,
                        0.0,
                        0.0,
                        0.0
                    ],
                    [
                        -0.0,
                        0.0,
                        0.0,
                        0.0,
                        0.0,
                        0.0
                    ],
                    [
                        0.7532185900458657,
                        0.7137034426851362,
                        0.0,
                        0.0,
                        0.0,
                        0.0
                    ],
                    [
                        -0.7665406135943165,
                        0.7009646095229253,
                        -0.8983491036485622,
                        0.0,
                        0.0,
                        0.0
                    ],
                    [
                        -0.7568493351669998,
                        0.613892958809517,
                        -0.6856531048543311,
                        0.5802553531033454,
                        0.0,
                        0.0
                    ],
                    [
                        0.0,
                        -0.6244159513224572,
                        0.615477131717033,
                        -0.8732508583938192,
                        -0.6216728668539071,
                        0.0
                    ]
                ]
            },
            "est_params": {
                "mui": [
                    1.000002258655536,
                    0.001061298498289504,
                    0.7605949226922425,
                    -1.4657459248571694,
                    -2.1298977519034197,
                    3.0450545827597275
                ],
                "Si": [
                    [
                        1.016218861560629e-06,
                        -4.787428760001831e-06,
                        -1.1964767664239592e-05,
                        5.066478449947164e-06,
                        1.2999839508987425e-05,
                        -2.264454960018265e-05
                    ],
                    [
                        -4.787428760001831e-06,
                        0.9628806269820335,
                        0.6244029120619621,
                        0.14748830063205806,
                        0.2344604161364842,
                        -0.46265362884043765
                    ],
                    [
                        -1.1964767664239592e-05,
                        0.6244029120619621,
                        1.3624698709158034,
                        -0.7089861795987811,
                        -1.0165724799212643,
                        1.6932581518577179
                    ],
                    [
                        5.066478449947165e-06,
                        0.14748830063205806,
                        -0.7089861795987811,
                        1.7242513315443684,
                        1.581934035719527,
                        -2.9985240634603385
                    ],
                    [
                        1.2999839508987425e-05,
                        0.2344604161364842,
                        -1.0165724799212643,
                        1.581934035719527,
                        2.8710064759648204,
                        -3.8548919146324434
                    ],
                    [
                        -2.264454960018265e-05,
                        -0.46265362884043765,
                        1.693258151857718,
                        -2.9985240634603385,
                        -3.8548919146324434,
                        7.26340960359715
                    ]
                ]
            },
            "est_tgt": [
                0
            ],
            "oracle_est_tgt": [
                0
            ]
        },
        "obs": {
            "intv_type": "obs",
            "noise_type": "gaussian",
            "obs_noise_gamma_shape": null,
            "true_params": {
                "Si": [
                    [
                        1.0,
                        0.0,
                        0.7532185900458657,
                        -1.4431938588134536,
                        -2.1107169622083295,
                        3.0360345584081356
                    ],
                    [
                        0.0,
                        1.0,
                        0.7137034426851362,
                        0.059809761515840165,
                        0.15924491167462895,
                        -0.33637496987873855
                    ],
                    [
                        0.7532185900458657,
                        0.7137034426851362,
                        2.076710848491297,
                        -1.9427031144468518,
                        -2.6831025937701787,
                        4.196999466136038
                    ],
                    [
                        -1.4431938588134536,
                        0.059809761515840165,
                        -1.9427031144468518,
                        3.893416833715624,
                        4.720193485879541,
                        -7.567381318391764
                    ],
                    [
                        -2.1107169622083295,
                        0.15924491167462895,
                        -2.6831025937701787,
                        4.720193485879541,
                        7.273849221502758,
                        -10.394691063456676
                    ],
                    [
                        3.0360345584081356,
                        -0.33637496987873855,
                        4.196999466136038,
                        -7.567381318391764,
                        -10.394691063456676,
                        16.863514715611977
                    ]
                ],
                "mui": [
                    0.0,
                    0.0,
                    0.0,
                    0.0,
                    0.0,
                    0.0
                ],
                "Ai": [
                    [
                        0.0,
                        0.0,
                        0.0,
                        0.0,
                        0.0,
                        0.0
                    ],
                    [
                        -0.0,
                        0.0,
                        0.0,
                        0.0,
                        0.0,
                        0.0
                    ],
                    [
                        0.7532185900458657,
                        0.7137034426851362,
                        0.0,
                        0.0,
                        0.0,
                        0.0
                    ],
                    [
                        -0.7665406135943165,
                        0.7009646095229253,
                        -0.8983491036485622,
                        0.0,
                        0.0,
                        0.0
                    ],
                    [
                        -0.7568493351669998,
                        0.613892958809517,
                        -0.6856531048543311,
                        0.5802553531033454,
                        0.0,
                        0.0
                    ],
                    [
                        0.0,
                        -0.6244159513224572,
                        0.615477131717033,
                        -0.8732508583938192,
                        -0.6216728668539071,
                        0.0
                    ]
                ]
            },
            "est_params": {
                "mui": [
                    0.02120724728751892,
                    0.04293007618143452,
                    -0.0017103677375860632,
                    0.025816446813256094,
                    0.08315949719258246,
                    -0.125837139553457
                ],
                "Si": [
                    [
                        0.8977293960414957,
                        -0.005016125145044659,
                        0.606013682221784,
                        -1.2748643663231332,
                        -1.8198182463323893,
                        2.5617566111286867
                    ],
                    [
                        -0.005016125145044659,
                        1.0271503610030484,
                        0.7566260575209732,
                        0.15799224809856627,
                        0.20096450596315624,
                        -0.45730533510054566
                    ],
                    [
                        0.606013682221784,
                        0.7566260575209732,
                        2.0172726004397465,
                        -1.6875026517261178,
                        -2.3771985418441552,
                        3.6757631666576747
                    ],
                    [
                        -1.2748643663231332,
                        0.15799224809856627,
                        -1.6875026517261178,
                        3.7331365805590977,
                        4.413909136172304,
                        -7.0869424384953135
                    ],
                    [
                        -1.8198182463323893,
                        0.20096450596315624,
                        -2.3771985418441552,
                        4.413909136172304,
                        6.72003410512741,
                        -9.530916598420713
                    ],
                    [
                        2.5617566111286867,
                        -0.45730533510054566,
                        3.6757631666576747,
                        -7.0869424384953135,
                        -9.530916598420713,
                        15.53897835211076
                    ]
                ]
            },
            "est_tgt": [
                0,
                1,
                2,
                3,
                4,
                5
            ],
            "oracle_est_tgt": [
                0,
                1,
                2,
                3,
                4,
                5
            ]
        }
    },
    "metric_dict": {
        "param_est_rel_err": 19.382815791060608,
        "est_num_comp": 4,
        "weight_precision_error": 0.0032165206277691705,
        "gm_score_dict": {
            "1": -8.79271882848085,
            "2": -8.650441752897017,
            "3": -5.984573761671597,
            "4": -4.376636486729023,
            "5": -4.373890800534838,
            "6": -4.368914139075521,
            "7": -4.363807109410132
        },
        "est_dag": {
            "amat": [
                [
                    0,
                    1,
                    0,
                    1,
                    1,
                    0
                ],
                [
                    0,
                    0,
                    0,
                    0,
                    0,
                    0
                ],
                [
                    0,
                    1,
                    0,
                    0,
                    0,
                    1
                ],
                [
                    0,
                    0,
                    0,
                    0,
                    0,
                    0
                ],
                [
                    0,
                    0,
                    1,
                    0,
                    0,
                    1
                ],
                [
                    0,
                    1,
                    0,
                    1,
                    0,
                    0
                ]
            ],
            "nodes": [
                0,
                1,
                2,
                3,
                4,
                5
            ]
        },
        "oracle_est_dag": {
            "amat": [
                [
                    0,
                    1,
                    0,
                    1,
                    1,
                    0
                ],
                [
                    0,
                    0,
                    0,
                    0,
                    0,
                    0
                ],
                [
                    0,
                    1,
                    0,
                    0,
                    0,
                    1
                ],
                [
                    0,
                    0,
                    0,
                    0,
                    0,
                    0
                ],
                [
                    0,
                    0,
                    1,
                    0,
                    0,
                    1
                ],
                [
                    0,
                    1,
                    0,
                    1,
                    0,
                    0
                ]
            ],
            "nodes": [
                0,
                1,
                2,
                3,
                4,
                5
            ]
        },
        "igsp_dag": null,
        "intv_base_est_dag": null,
        "act_dag": {
            "amat": [
                [
                    0,
                    0,
                    1,
                    1,
                    1,
                    0
                ],
                [
                    0,
                    0,
                    1,
                    1,
                    1,
                    1
                ],
                [
                    0,
                    0,
                    0,
                    1,
                    1,
                    1
                ],
                [
                    0,
                    0,
                    0,
                    0,
                    1,
                    1
                ],
                [
                    0,
                    0,
                    0,
                    0,
                    0,
                    1
                ],
                [
                    0,
                    0,
                    0,
                    0,
                    0,
                    0
                ]
            ],
            "nodes": [
                0,
                1,
                2,
                3,
                4,
                5
            ]
        },
        "shd": 10,
        "oracle_shd": 10,
        "intv_base_shd": null,
        "igsp_shd": null,
        "avg_js": 0.3833333333333333,
        "avg_oracle_js": 0.3625
    }
}