{
    "expt_args": {
        "save_dir": "all_expt_logs/expt_logs_sim_compsel_backwardbugfixed_cameraready_half_cutoff_var",
        "exp_name": "206",
        "num_nodes": 6,
        "num_tgt_prior": 7,
        "obs_noise_mean": 0.0,
        "obs_noise_var": 1.0,
        "obs_noise_gamma_shape": null,
        "noise_type": "gaussian",
        "max_edge_strength": 1.0,
        "graph_sparsity_method": "adj_dense_prop",
        "adj_dense_prop": 0.8,
        "num_parents": null,
        "new_noise_mean": 1.0,
        "mix_samples": 131072,
        "stage2_samples": 131072,
        "gmm_tol": 0.001,
        "intv_type": "do",
        "new_noise_var": null,
        "dtype": "simulation",
        "cutoff_drop_ratio": 0.3,
        "intv_targets": [
            0,
            1,
            5
        ]
    },
    "intv_args_dict": {
        "0": {
            "intv_type": "do",
            "inode": 0,
            "new_mui": 1.0,
            "new_vari": null,
            "noise_type": "gaussian",
            "obs_noise_gamma_shape": null,
            "true_params": {
                "Si": [
                    [
                        1e-09,
                        -9.32869187812136e-10,
                        1.6866757489289267e-09,
                        1.5773703778719643e-09,
                        3.593396998279461e-09,
                        -3.6823376495962064e-09
                    ],
                    [
                        -9.32869187812136e-10,
                        1.000000000870245,
                        -0.8345986227139355,
                        -0.6649462045648713,
                        -2.173286053825823,
                        1.8047179573053789
                    ],
                    [
                        1.6866757489289267e-09,
                        -0.8345986227139355,
                        1.6965548612544783,
                        0.5549631868948592,
                        2.496899847708609,
                        -2.300278302503103
                    ],
                    [
                        1.5773703778719643e-09,
                        -0.6649462045648713,
                        0.5549631868948592,
                        1.4421534554964146,
                        2.4332449347881555,
                        -1.7398522537896235
                    ],
                    [
                        3.593396998279461e-09,
                        -2.173286053825823,
                        2.496899847708609,
                        2.4332449347881555,
                        7.166162455174762,
                        -4.997978201263487
                    ],
                    [
                        -3.6823376495962064e-09,
                        1.8047179573053789,
                        -2.300278302503103,
                        -1.7398522537896235,
                        -4.997978201263487,
                        5.17894012515456
                    ]
                ],
                "mui": [
                    1.0,
                    -0.9328691878121359,
                    1.6866757489289266,
                    1.577370377871964,
                    3.5933969982794607,
                    -3.682337649596206
                ],
                "Ai": [
                    [
                        0.0,
                        0.0,
                        0.0,
                        0.0,
                        0.0,
                        0.0
                    ],
                    [
                        -0.9328691878121359,
                        0.0,
                        0.0,
                        0.0,
                        0.0,
                        0.0
                    ],
                    [
                        0.9081044110764712,
                        -0.8345986211404877,
                        0.0,
                        0.0,
                        0.0,
                        0.0
                    ],
                    [
                        0.9570625534534689,
                        -0.664946203093391,
                        0.0,
                        0.0,
                        0.0,
                        0.0
                    ],
                    [
                        0.0,
                        -0.9461387974569293,
                        0.6830783005785459,
                        0.9881266216217499,
                        0.0,
                        0.0
                    ],
                    [
                        -0.7610458484717668,
                        0.783048047143961,
                        -0.7940631804446094,
                        -0.5398118969007237,
                        0.0,
                        0.0
                    ]
                ]
            },
            "est_params": {
                "mui": [
                    1.0000002786590345,
                    -0.9455483041817642,
                    1.6944622802062883,
                    1.5894317942878133,
                    3.6251404057763983,
                    -3.7072342100362046
                ],
                "Si": [
                    [
                        1.0109412535443866e-06,
                        -2.3864067982322015e-07,
                        -7.106903654263697e-07,
                        8.57609369446976e-08,
                        2.081468114651401e-07,
                        2.531557841875707e-07
                    ],
                    [
                        -2.386406798232201e-07,
                        1.0003281216182127,
                        -0.8307462508117607,
                        -0.6687043782331753,
                        -2.1669094475808968,
                        1.7965637714367162
                    ],
                    [
                        -7.106903654263698e-07,
                        -0.8307462508117607,
                        1.699460844731712,
                        0.5508905806124119,
                        2.4801007851608974,
                        -2.2919900109139713
                    ],
                    [
                        8.576093694469741e-08,
                        -0.6687043782331753,
                        0.5508905806124118,
                        1.440610407894027,
                        2.425581450293019,
                        -1.7271315449522824
                    ],
                    [
                        2.0814681146514067e-07,
                        -2.1669094475808968,
                        2.4801007851608974,
                        2.4255814502930195,
                        7.121580378633601,
                        -4.951906962238033
                    ],
                    [
                        2.531557841875709e-07,
                        1.7965637714367162,
                        -2.2919900109139713,
                        -1.727131544952282,
                        -4.951906962238033,
                        5.1657195702755665
                    ]
                ]
            },
            "est_tgt": [
                0
            ],
            "oracle_est_tgt": [
                0
            ]
        },
        "1": {
            "intv_type": "do",
            "inode": 1,
            "new_mui": 1.0,
            "new_vari": null,
            "noise_type": "gaussian",
            "obs_noise_gamma_shape": null,
            "true_params": {
                "Si": [
                    [
                        1.0,
                        0.0,
                        0.9081044110764712,
                        0.9570625534534689,
                        1.566005405490659,
                        -1.998771877739296
                    ],
                    [
                        0.0,
                        1e-09,
                        -8.345986211404877e-10,
                        -6.649462030933911e-10,
                        -2.173286050473654e-09,
                        1.8047179538702397e-09
                    ],
                    [
                        0.9081044110764712,
                        -8.345986211404877e-10,
                        1.8246536221130993,
                        0.8691127270221694,
                        2.1051747188880325,
                        -2.60915674086148
                    ],
                    [
                        0.9570625534534689,
                        -6.649462030933911e-10,
                        0.8691127270221694,
                        1.9159687316650276,
                        2.4868917551676932,
                        -2.4527616151809193
                    ],
                    [
                        1.566005405490659,
                        -2.173286050473654e-09,
                        2.1051747188880325,
                        2.4868917551676932,
                        4.895363119828023,
                        -4.20589740265046
                    ],
                    [
                        -1.998771877739296,
                        1.8047179538702397e-09,
                        -2.60915674086148,
                        -2.4527616151809193,
                        -4.20589740265046,
                        5.9170222410718445
                    ]
                ],
                "mui": [
                    0.0,
                    1.0,
                    -0.8345986211404877,
                    -0.664946203093391,
                    -2.1732860504736538,
                    1.8047179538702396
                ],
                "Ai": [
                    [
                        0.0,
                        0.0,
                        0.0,
                        0.0,
                        0.0,
                        0.0
                    ],
                    [
                        0.0,
                        0.0,
                        0.0,
                        0.0,
                        0.0,
                        0.0
                    ],
                    [
                        0.9081044110764712,
                        -0.8345986211404877,
                        0.0,
                        0.0,
                        0.0,
                        0.0
                    ],
                    [
                        0.9570625534534689,
                        -0.664946203093391,
                        0.0,
                        0.0,
                        0.0,
                        0.0
                    ],
                    [
                        0.0,
                        -0.9461387974569293,
                        0.6830783005785459,
                        0.9881266216217499,
                        0.0,
                        0.0
                    ],
                    [
                        -0.7610458484717668,
                        0.783048047143961,
                        -0.7940631804446094,
                        -0.5398118969007237,
                        0.0,
                        0.0
                    ]
                ]
            },
            "est_params": {
                "mui": [
                    -0.003118056035508282,
                    1.0000003240998427,
                    -0.8384087351932359,
                    -0.6582882716629288,
                    -2.163460739611787,
                    1.812507213123188
                ],
                "Si": [
                    [
                        1.0051854067955985,
                        -2.798042941319114e-07,
                        0.9096844334407079,
                        0.9515338094839129,
                        1.5624857309827374,
                        -2.0019355550018907
                    ],
                    [
                        -2.798042941319113e-07,
                        1.0113027535130848e-06,
                        -1.5429751398136271e-07,
                        1.9033797941043185e-07,
                        1.8322474232396905e-07,
                        9.757298402165807e-07
                    ],
                    [
                        0.9096844334407079,
                        -1.5429751398136256e-07,
                        1.8054051003409213,
                        0.8585524435053498,
                        2.0880635180701366,
                        -2.5852313869734416
                    ],
                    [
                        0.951533809483913,
                        1.9033797941043196e-07,
                        0.8585524435053498,
                        1.9103966949872853,
                        2.4709308119823414,
                        -2.437973985453207
                    ],
                    [
                        1.5624857309827374,
                        1.8322474232396884e-07,
                        2.0880635180701366,
                        2.4709308119823414,
                        4.860026273911714,
                        -4.179391408925686
                    ],
                    [
                        -2.0019355550018907,
                        9.7572984021658e-07,
                        -2.5852313869734416,
                        -2.437973985453207,
                        -4.179391408925685,
                        5.877814334756968
                    ]
                ]
            },
            "est_tgt": [
                1
            ],
            "oracle_est_tgt": [
                1
            ]
        },
        "5": {
            "intv_type": "do",
            "inode": 5,
            "new_mui": 1.0,
            "new_vari": null,
            "noise_type": "gaussian",
            "obs_noise_gamma_shape": null,
            "true_params": {
                "Si": [
                    [
                        1.0,
                        -0.9328691878121359,
                        1.6866757489289266,
                        1.577370377871964,
                        3.5933969982794607,
                        0.0
                    ],
                    [
                        -0.9328691878121359,
                        1.8702449215692742,
                        -2.4080464571462414,
                        -2.1364264263777324,
                        -5.525455389745181,
                        0.0
                    ],
                    [
                        1.6866757489289266,
                        -2.4080464571462414,
                        4.541429940434559,
                        3.2154755476698456,
                        8.55779541491968,
                        0.0
                    ],
                    [
                        1.577370377871964,
                        -2.1364264263777324,
                        3.2154755476698456,
                        3.9302507619962603,
                        8.101362910140093,
                        0.0
                    ],
                    [
                        3.5933969982794607,
                        -5.525455389745181,
                        8.55779541491968,
                        8.101362910140093,
                        20.078664429506098,
                        0.0
                    ],
                    [
                        0.0,
                        0.0,
                        0.0,
                        0.0,
                        0.0,
                        1e-09
                    ]
                ],
                "mui": [
                    0.0,
                    0.0,
                    0.0,
                    0.0,
                    0.0,
                    1.0
                ],
                "Ai": [
                    [
                        0.0,
                        0.0,
                        0.0,
                        0.0,
                        0.0,
                        0.0
                    ],
                    [
                        -0.9328691878121359,
                        0.0,
                        0.0,
                        0.0,
                        0.0,
                        0.0
                    ],
                    [
                        0.9081044110764712,
                        -0.8345986211404877,
                        0.0,
                        0.0,
                        0.0,
                        0.0
                    ],
                    [
                        0.9570625534534689,
                        -0.664946203093391,
                        0.0,
                        0.0,
                        0.0,
                        0.0
                    ],
                    [
                        0.0,
                        -0.9461387974569293,
                        0.6830783005785459,
                        0.9881266216217499,
                        0.0,
                        0.0
                    ],
                    [
                        0.0,
                        0.0,
                        0.0,
                        0.0,
                        0.0,
                        0.0
                    ]
                ]
            },
            "est_params": {
                "mui": [
                    0.0019703792071660104,
                    -0.01066531005026182,
                    0.011885064855826546,
                    0.012339551791410532,
                    0.025767716094580395,
                    0.999999778614049
                ],
                "Si": [
                    [
                        0.98138353696394,
                        -0.9147639801140045,
                        1.6559224736840392,
                        1.5468809897963658,
                        3.531812747655947,
                        2.812655565737368e-07
                    ],
                    [
                        -0.9147639801140044,
                        1.8632679809683155,
                        -2.387590379067239,
                        -2.125002632783726,
                        -5.494709357842606,
                        -4.4701987229911296e-07
                    ],
                    [
                        1.6559224736840392,
                        -2.387590379067239,
                        4.504074693598532,
                        3.1759101494598934,
                        8.481499150198445,
                        6.694697172923562e-07
                    ],
                    [
                        1.5468809897963658,
                        -2.125002632783726,
                        3.1759101494598934,
                        3.8898258961321295,
                        8.032889648294551,
                        6.828273046912566e-07
                    ],
                    [
                        3.531812747655947,
                        -5.494709357842605,
                        8.481499150198445,
                        8.032889648294551,
                        19.936989145314644,
                        8.674527619971491e-07
                    ],
                    [
                        2.812655565737368e-07,
                        -4.47019872299113e-07,
                        6.694697172923564e-07,
                        6.828273046912564e-07,
                        8.674527619971492e-07,
                        1.0051811824908114e-06
                    ]
                ]
            },
            "est_tgt": [
                5
            ],
            "oracle_est_tgt": [
                5
            ]
        },
        "obs": {
            "intv_type": "obs",
            "noise_type": "gaussian",
            "obs_noise_gamma_shape": null,
            "true_params": {
                "Si": [
                    [
                        1.0,
                        -0.9328691878121359,
                        1.6866757489289266,
                        1.577370377871964,
                        3.5933969982794607,
                        -3.682337649596206
                    ],
                    [
                        -0.9328691878121359,
                        1.8702449215692742,
                        -2.4080464571462414,
                        -2.1364264263777324,
                        -5.525455389745181,
                        5.2398572862991015
                    ],
                    [
                        1.6866757489289266,
                        -2.4080464571462414,
                        4.541429940434559,
                        3.2154755476698456,
                        8.55779541491968,
                        -8.511187909234058
                    ],
                    [
                        1.577370377871964,
                        -2.1364264263777324,
                        3.2154755476698456,
                        3.9302507619962603,
                        8.101362910140093,
                        -7.548262577776941
                    ],
                    [
                        3.5933969982794607,
                        -5.525455389745181,
                        8.55779541491968,
                        8.101362910140093,
                        20.078664429506098,
                        -18.23007924474184
                    ],
                    [
                        -3.682337649596206,
                        5.2398572862991015,
                        -8.511187909234058,
                        -7.548262577776941,
                        -18.23007924474184,
                        18.73855067722866
                    ]
                ],
                "mui": [
                    0.0,
                    0.0,
                    0.0,
                    0.0,
                    0.0,
                    0.0
                ],
                "Ai": [
                    [
                        0.0,
                        0.0,
                        0.0,
                        0.0,
                        0.0,
                        0.0
                    ],
                    [
                        -0.9328691878121359,
                        0.0,
                        0.0,
                        0.0,
                        0.0,
                        0.0
                    ],
                    [
                        0.9081044110764712,
                        -0.8345986211404877,
                        0.0,
                        0.0,
                        0.0,
                        0.0
                    ],
                    [
                        0.9570625534534689,
                        -0.664946203093391,
                        0.0,
                        0.0,
                        0.0,
                        0.0
                    ],
                    [
                        0.0,
                        -0.9461387974569293,
                        0.6830783005785459,
                        0.9881266216217499,
                        0.0,
                        0.0
                    ],
                    [
                        -0.7610458484717668,
                        0.783048047143961,
                        -0.7940631804446094,
                        -0.5398118969007237,
                        0.0,
                        0.0
                    ]
                ]
            },
            "est_params": {
                "mui": [
                    -0.008380445102291273,
                    0.000254663872612372,
                    -0.013039484231666796,
                    -0.0063149960701388555,
                    -0.011074516544650232,
                    0.031167565928413552
                ],
                "Si": [
                    [
                        1.0050951878224192,
                        -0.9294457756193995,
                        1.6810029399031128,
                        1.569329423525976,
                        3.584579631631593,
                        -3.674732900324015
                    ],
                    [
                        -0.9294457756193995,
                        1.8514048392089204,
                        -2.3775608124791807,
                        -2.1063895231376066,
                        -5.4606687705741415,
                        5.186951010842713
                    ],
                    [
                        1.6810029399031128,
                        -2.3775608124791807,
                        4.500899245131987,
                        3.172412234592657,
                        8.464579883714526,
                        -8.43023489738419
                    ],
                    [
                        1.569329423525976,
                        -2.1063895231376066,
                        3.172412234592657,
                        3.87546376574946,
                        7.99896737157852,
                        -7.457182907975536
                    ],
                    [
                        3.584579631631593,
                        -5.4606687705741415,
                        8.464579883714526,
                        7.99896737157852,
                        19.879234435236835,
                        -18.047766201048525
                    ],
                    [
                        -3.674732900324015,
                        5.186951010842713,
                        -8.43023489738419,
                        -7.457182907975536,
                        -18.047766201048525,
                        18.58195422495356
                    ]
                ]
            },
            "est_tgt": [
                0,
                1,
                2,
                3,
                4,
                5
            ],
            "oracle_est_tgt": [
                0,
                1,
                2,
                3,
                4,
                5
            ]
        }
    },
    "metric_dict": {
        "param_est_rel_err": 4.006878501315539,
        "est_num_comp": 4,
        "weight_precision_error": 0.0013514881356707642,
        "gm_score_dict": {
            "1": -9.245885913974949,
            "2": -9.078835964619593,
            "3": -5.836223487803162,
            "4": -4.340247802623388,
            "5": -4.340648060917112,
            "6": -4.341429624566971,
            "7": -4.3416358463178115
        },
        "est_dag": {
            "amat": [
                [
                    0,
                    1,
                    1,
                    1,
                    0,
                    1
                ],
                [
                    0,
                    0,
                    1,
                    1,
                    1,
                    1
                ],
                [
                    0,
                    0,
                    0,
                    0,
                    1,
                    1
                ],
                [
                    0,
                    0,
                    0,
                    0,
                    1,
                    1
                ],
                [
                    0,
                    0,
                    0,
                    0,
                    0,
                    0
                ],
                [
                    0,
                    0,
                    0,
                    0,
                    0,
                    0
                ]
            ],
            "nodes": [
                0,
                1,
                2,
                3,
                4,
                5
            ]
        },
        "oracle_est_dag": {
            "amat": [
                [
                    0,
                    1,
                    1,
                    1,
                    0,
                    1
                ],
                [
                    0,
                    0,
                    1,
                    1,
                    1,
                    1
                ],
                [
                    0,
                    0,
                    0,
                    0,
                    1,
                    1
                ],
                [
                    0,
                    0,
                    0,
                    0,
                    1,
                    1
                ],
                [
                    0,
                    0,
                    0,
                    0,
                    0,
                    0
                ],
                [
                    0,
                    0,
                    0,
                    0,
                    0,
                    0
                ]
            ],
            "nodes": [
                0,
                1,
                2,
                3,
                4,
                5
            ]
        },
        "igsp_dag": null,
        "intv_base_est_dag": null,
        "act_dag": {
            "amat": [
                [
                    0,
                    1,
                    1,
                    1,
                    0,
                    1
                ],
                [
                    0,
                    0,
                    1,
                    1,
                    1,
                    1
                ],
                [
                    0,
                    0,
                    0,
                    0,
                    1,
                    1
                ],
                [
                    0,
                    0,
                    0,
                    0,
                    1,
                    1
                ],
                [
                    0,
                    0,
                    0,
                    0,
                    0,
                    0
                ],
                [
                    0,
                    0,
                    0,
                    0,
                    0,
                    0
                ]
            ],
            "nodes": [
                0,
                1,
                2,
                3,
                4,
                5
            ]
        },
        "shd": 0,
        "oracle_shd": 0,
        "intv_base_shd": null,
        "igsp_shd": null,
        "avg_js": 0.75,
        "avg_oracle_js": 0.75
    }
}