{
    "expt_args": {
        "save_dir": "all_expt_logs/expt_logs_sim_compsel_backwardbugfixed_cameraready_half_cutoff_var",
        "exp_name": "70",
        "num_nodes": 6,
        "num_tgt_prior": 7,
        "obs_noise_mean": 0.0,
        "obs_noise_var": 1.0,
        "obs_noise_gamma_shape": null,
        "noise_type": "gaussian",
        "max_edge_strength": 1.0,
        "graph_sparsity_method": "adj_dense_prop",
        "adj_dense_prop": 0.8,
        "num_parents": null,
        "new_noise_mean": 1.0,
        "mix_samples": 65536,
        "stage2_samples": 65536,
        "gmm_tol": 0.001,
        "intv_type": "do",
        "new_noise_var": null,
        "dtype": "simulation",
        "cutoff_drop_ratio": 0.3,
        "intv_targets": [
            5,
            3,
            0
        ]
    },
    "intv_args_dict": {
        "5": {
            "intv_type": "do",
            "inode": 5,
            "new_mui": 1.0,
            "new_vari": null,
            "noise_type": "gaussian",
            "obs_noise_gamma_shape": null,
            "true_params": {
                "Si": [
                    [
                        1.0,
                        -0.5449534781774407,
                        -0.284430818360391,
                        -0.8927489578279253,
                        0.12613713460746215,
                        0.0
                    ],
                    [
                        -0.5449534781774407,
                        1.2969742933776902,
                        -0.41442246835200097,
                        1.8864653277829309,
                        -0.9964422460592404,
                        0.0
                    ],
                    [
                        -0.284430818360391,
                        -0.41442246835200097,
                        1.4051446187870837,
                        -1.3976353160362518,
                        0.27419123818830493,
                        0.0
                    ],
                    [
                        -0.8927489578279253,
                        1.8864653277829309,
                        -1.3976353160362518,
                        4.486868158300513,
                        -1.7267719867714515,
                        0.0
                    ],
                    [
                        0.12613713460746215,
                        -0.9964422460592404,
                        0.27419123818830493,
                        -1.7267719867714515,
                        2.1759881479643504,
                        0.0
                    ],
                    [
                        0.0,
                        0.0,
                        0.0,
                        0.0,
                        0.0,
                        1e-09
                    ]
                ],
                "mui": [
                    0.0,
                    0.0,
                    0.0,
                    0.0,
                    0.0,
                    1.0
                ],
                "Ai": [
                    [
                        0.0,
                        0.0,
                        0.0,
                        0.0,
                        0.0,
                        0.0
                    ],
                    [
                        -0.5449534781774407,
                        0.0,
                        0.0,
                        0.0,
                        0.0,
                        0.0
                    ],
                    [
                        -0.5947404252211096,
                        -0.5694240321183519,
                        0.0,
                        0.0,
                        0.0,
                        0.0
                    ],
                    [
                        -0.6379771865490214,
                        0.9134481846349852,
                        -0.8543905174329096,
                        0.0,
                        0.0,
                        0.0
                    ],
                    [
                        -0.829342350086024,
                        -0.5935449858606046,
                        -0.6469508091058747,
                        -0.5018346178875314,
                        0.0,
                        0.0
                    ],
                    [
                        0.0,
                        0.0,
                        0.0,
                        0.0,
                        0.0,
                        0.0
                    ]
                ]
            },
            "est_params": {
                "mui": [
                    -0.006693975797798604,
                    0.015172078828925501,
                    -0.0014735385804845928,
                    0.02812774344550202,
                    -0.019749926183914066,
                    0.9999992979703601
                ],
                "Si": [
                    [
                        1.009733808351107,
                        -0.5550482684437223,
                        -0.279868571028452,
                        -0.9042453293267517,
                        0.13180014986566313,
                        -1.6170120786561356e-08
                    ],
                    [
                        -0.5550482684437223,
                        1.291810001171106,
                        -0.3911622482118868,
                        1.8547860242199055,
                        -0.9760116087303233,
                        6.415832485963106e-07
                    ],
                    [
                        -0.279868571028452,
                        -0.3911622482118868,
                        1.392858508549813,
                        -1.3697976197002009,
                        0.2485190587105605,
                        -2.4117518426988114e-08
                    ],
                    [
                        -0.9042453293267518,
                        1.8547860242199052,
                        -1.3697976197002009,
                        4.4323625568495375,
                        -1.690980570841473,
                        4.044774293529221e-07
                    ],
                    [
                        0.13180014986566316,
                        -0.9760116087303233,
                        0.24851905871056051,
                        -1.690980570841473,
                        2.14856943887133,
                        -7.483361291807947e-07
                    ],
                    [
                        -1.6170120786561356e-08,
                        6.415832485963106e-07,
                        -2.411751842698793e-08,
                        4.0447742935292234e-07,
                        -7.483361291807949e-07,
                        1.004501665753805e-06
                    ]
                ]
            },
            "est_tgt": [
                4,
                5
            ],
            "oracle_est_tgt": [
                4,
                5
            ]
        },
        "3": {
            "intv_type": "do",
            "inode": 3,
            "new_mui": 1.0,
            "new_vari": null,
            "noise_type": "gaussian",
            "obs_noise_gamma_shape": null,
            "true_params": {
                "Si": [
                    [
                        1.0,
                        -0.5449534781774407,
                        -0.284430818360391,
                        0.0,
                        -0.3218751975136066,
                        0.18033687051104003
                    ],
                    [
                        -0.5449534781774407,
                        1.2969742933776902,
                        -0.41442246835200097,
                        0.0,
                        -0.049748639133216616,
                        0.5405487601323178
                    ],
                    [
                        -0.284430818360391,
                        -0.41442246835200097,
                        1.4051446187870837,
                        0.0,
                        -0.4271905465808666,
                        -1.557861152344085
                    ],
                    [
                        0.0,
                        0.0,
                        0.0,
                        1e-09,
                        -5.018346178875314e-10,
                        -1.3291876041554827e-09
                    ],
                    [
                        -0.3218751975136066,
                        -0.049748639133216616,
                        -0.4271905465808666,
                        -5.018346178875314e-10,
                        1.5728440580559575,
                        1.5240294201875013
                    ],
                    [
                        0.18033687051104003,
                        0.5405487601323178,
                        -1.557861152344085,
                        -1.3291876041554827e-09,
                        1.5240294201875013,
                        3.719945296427566
                    ]
                ],
                "mui": [
                    0.0,
                    0.0,
                    0.0,
                    1.0,
                    -0.5018346178875314,
                    -1.3291876041554826
                ],
                "Ai": [
                    [
                        0.0,
                        0.0,
                        0.0,
                        0.0,
                        0.0,
                        0.0
                    ],
                    [
                        -0.5449534781774407,
                        0.0,
                        0.0,
                        0.0,
                        0.0,
                        0.0
                    ],
                    [
                        -0.5947404252211096,
                        -0.5694240321183519,
                        0.0,
                        0.0,
                        0.0,
                        0.0
                    ],
                    [
                        0.0,
                        0.0,
                        0.0,
                        0.0,
                        0.0,
                        0.0
                    ],
                    [
                        -0.829342350086024,
                        -0.5935449858606046,
                        -0.6469508091058747,
                        -0.5018346178875314,
                        0.0,
                        0.0
                    ],
                    [
                        0.6669982697161494,
                        0.573656933175738,
                        -0.5045432308667108,
                        -0.8340921751793653,
                        0.9865708967233415,
                        0.0
                    ]
                ]
            },
            "est_params": {
                "mui": [
                    -0.008090727529025446,
                    -0.002685879153300458,
                    0.007859175837680758,
                    0.9999994002121261,
                    -0.498285580040983,
                    -1.3434542340626647
                ],
                "Si": [
                    [
                        1.0134260550013248,
                        -0.5610258139758171,
                        -0.2764765137142765,
                        2.3126895197420019e-07,
                        -0.31701495642003374,
                        0.18430555305751106
                    ],
                    [
                        -0.5610258139758171,
                        1.307803791705754,
                        -0.4063623858211962,
                        -1.3657705089976418e-07,
                        -0.0528872831388285,
                        0.5142314876745998
                    ],
                    [
                        -0.2764765137142765,
                        -0.40636238582119616,
                        1.3708520147397707,
                        5.820017249221258e-07,
                        -0.4190292281462338,
                        -1.5187336373258948
                    ],
                    [
                        2.3126895197420008e-07,
                        -1.3657705089976426e-07,
                        5.820017249221258e-07,
                        1.008242588007525e-06,
                        -1.97826074684347e-07,
                        -5.003042907059378e-07
                    ],
                    [
                        -0.31701495642003374,
                        -0.0528872831388285,
                        -0.4190292281462339,
                        -1.9782607468434716e-07,
                        1.568941985948989,
                        1.517264782046992
                    ],
                    [
                        0.18430555305751106,
                        0.5142314876745998,
                        -1.518733637325895,
                        -5.00304290705938e-07,
                        1.5172647820469918,
                        3.67823701586059
                    ]
                ]
            },
            "est_tgt": [
                3
            ],
            "oracle_est_tgt": [
                3
            ]
        },
        "0": {
            "intv_type": "do",
            "inode": 0,
            "new_mui": 1.0,
            "new_vari": null,
            "noise_type": "gaussian",
            "obs_noise_gamma_shape": null,
            "true_params": {
                "Si": [
                    [
                        1e-09,
                        -5.449534781774407e-10,
                        -2.8443081836039103e-10,
                        -8.927489578279253e-10,
                        1.2613713460746216e-10,
                        1.366967718878644e-09
                    ],
                    [
                        -5.449534781774407e-10,
                        1.0000000002969742,
                        -0.5694240319633503,
                        1.3999586785618243,
                        -0.9277033758963067,
                        -1.2219837570115981
                    ],
                    [
                        -2.8443081836039103e-10,
                        -0.5694240319633503,
                        1.3242437284348227,
                        -1.6515606324477095,
                        0.3100685265744629,
                        0.6886661314253127
                    ],
                    [
                        -8.927489578279253e-10,
                        1.3999586785618243,
                        -1.6515606324477095,
                        3.6898674573946666,
                        -1.614163191419848,
                        -3.033796261890253
                    ],
                    [
                        1.2613713460746216e-10,
                        -0.9277033758963067,
                        0.3100685265744629,
                        -1.614163191419848,
                        2.1600775712532796,
                        2.7888041042718923
                    ],
                    [
                        1.366967718878644e-09,
                        -1.2219837570115981,
                        0.6886661314253127,
                        -3.033796261890253,
                        2.7888041042718923,
                        5.233357400604444
                    ]
                ],
                "mui": [
                    1.0,
                    -0.5449534781774407,
                    -0.284430818360391,
                    -0.8927489578279253,
                    0.12613713460746215,
                    1.366967718878644
                ],
                "Ai": [
                    [
                        0.0,
                        0.0,
                        0.0,
                        0.0,
                        0.0,
                        0.0
                    ],
                    [
                        -0.5449534781774407,
                        0.0,
                        0.0,
                        0.0,
                        0.0,
                        0.0
                    ],
                    [
                        -0.5947404252211096,
                        -0.5694240321183519,
                        0.0,
                        0.0,
                        0.0,
                        0.0
                    ],
                    [
                        -0.6379771865490214,
                        0.9134481846349852,
                        -0.8543905174329096,
                        0.0,
                        0.0,
                        0.0
                    ],
                    [
                        -0.829342350086024,
                        -0.5935449858606046,
                        -0.6469508091058747,
                        -0.5018346178875314,
                        0.0,
                        0.0
                    ],
                    [
                        0.6669982697161494,
                        0.573656933175738,
                        -0.5045432308667108,
                        -0.8340921751793653,
                        0.9865708967233415,
                        0.0
                    ]
                ]
            },
            "est_params": {
                "mui": [
                    0.9999992950665476,
                    -0.538559298443235,
                    -0.2817066799419434,
                    -0.8829790682190655,
                    0.10911354666107874,
                    1.3506998321092094
                ],
                "Si": [
                    [
                        1.0118835797749105e-06,
                        -3.6803881805579094e-07,
                        9.312000891764969e-07,
                        -1.6174948318271605e-06,
                        -2.20855069314001e-07,
                        -1.091081108017489e-07
                    ],
                    [
                        -3.6803881805579094e-07,
                        1.0141227891535647,
                        -0.5778823106063742,
                        1.4213549599282287,
                        -0.9434050645906352,
                        -1.2392400236025631
                    ],
                    [
                        9.31200089176497e-07,
                        -0.5778823106063742,
                        1.3365996801697573,
                        -1.6752828103438782,
                        0.3175465059921376,
                        0.7030315849938009
                    ],
                    [
                        -1.6174948318271609e-06,
                        1.4213549599282287,
                        -1.6752828103438782,
                        3.7281646249835916,
                        -1.6259161055033744,
                        -3.0518260596190343
                    ],
                    [
                        -2.2085506931400122e-07,
                        -0.9434050645906352,
                        0.3175465059921376,
                        -1.6259161055033744,
                        2.1837585560290402,
                        2.8131435017533297
                    ],
                    [
                        -1.0910811080174932e-07,
                        -1.2392400236025631,
                        0.703031584993801,
                        -3.051826059619034,
                        2.8131435017533297,
                        5.27124407186669
                    ]
                ]
            },
            "est_tgt": [
                0
            ],
            "oracle_est_tgt": [
                0
            ]
        },
        "obs": {
            "intv_type": "obs",
            "noise_type": "gaussian",
            "obs_noise_gamma_shape": null,
            "true_params": {
                "Si": [
                    [
                        1.0,
                        -0.5449534781774407,
                        -0.284430818360391,
                        -0.8927489578279253,
                        0.12613713460746215,
                        1.366967718878644
                    ],
                    [
                        -0.5449534781774407,
                        1.2969742933776902,
                        -0.41442246835200097,
                        1.8864653277829309,
                        -0.9964422460592404,
                        -1.9669175692258631
                    ],
                    [
                        -0.284430818360391,
                        -0.41442246835200097,
                        1.4051446187870837,
                        -1.3976353160362518,
                        0.27419123818830493,
                        0.29985838486123084
                    ],
                    [
                        -0.8927489578279253,
                        1.8864653277829309,
                        -1.3976353160362518,
                        4.486868158300513,
                        -1.7267719867714515,
                        -4.25415526708322
                    ],
                    [
                        0.12613713460746215,
                        -0.9964422460592404,
                        0.27419123818830493,
                        -1.7267719867714515,
                        2.1759881479643504,
                        2.961229495259718
                    ],
                    [
                        1.366967718878644,
                        -1.9669175692258631,
                        0.29985838486123084,
                        -4.25415526708322,
                        2.961229495259718,
                        7.101958143192127
                    ]
                ],
                "mui": [
                    0.0,
                    0.0,
                    0.0,
                    0.0,
                    0.0,
                    0.0
                ],
                "Ai": [
                    [
                        0.0,
                        0.0,
                        0.0,
                        0.0,
                        0.0,
                        0.0
                    ],
                    [
                        -0.5449534781774407,
                        0.0,
                        0.0,
                        0.0,
                        0.0,
                        0.0
                    ],
                    [
                        -0.5947404252211096,
                        -0.5694240321183519,
                        0.0,
                        0.0,
                        0.0,
                        0.0
                    ],
                    [
                        -0.6379771865490214,
                        0.9134481846349852,
                        -0.8543905174329096,
                        0.0,
                        0.0,
                        0.0
                    ],
                    [
                        -0.829342350086024,
                        -0.5935449858606046,
                        -0.6469508091058747,
                        -0.5018346178875314,
                        0.0,
                        0.0
                    ],
                    [
                        0.6669982697161494,
                        0.573656933175738,
                        -0.5045432308667108,
                        -0.8340921751793653,
                        0.9865708967233415,
                        0.0
                    ]
                ]
            },
            "est_params": {
                "mui": [
                    0.0026173598233187752,
                    -0.005224451068991401,
                    0.0003223424409511735,
                    -0.005498354126344126,
                    0.004915210776179366,
                    0.00888291322501684
                ],
                "Si": [
                    [
                        1.0097056734467087,
                        -0.5371443066024937,
                        -0.30636400039405987,
                        -0.8795309666177348,
                        0.11755119765456272,
                        1.3832106326634936
                    ],
                    [
                        -0.5371443066024937,
                        1.2926481190621364,
                        -0.4123222953605979,
                        1.8728835794985015,
                        -1.0149914656998322,
                        -1.9706639519689582
                    ],
                    [
                        -0.30636400039405987,
                        -0.4123222953605979,
                        1.4193291711973195,
                        -1.3860835833926475,
                        0.28153512157735694,
                        0.2658089424049719
                    ],
                    [
                        -0.8795309666177348,
                        1.8728835794985015,
                        -1.3860835833926475,
                        4.448652163853481,
                        -1.7319043308456377,
                        -4.239130607502178
                    ],
                    [
                        0.11755119765456272,
                        -1.0149914656998322,
                        0.28153512157735694,
                        -1.7319043308456377,
                        2.23389559706419,
                        3.0125057989163757
                    ],
                    [
                        1.3832106326634936,
                        -1.9706639519689582,
                        0.2658089424049719,
                        -4.239130607502178,
                        3.0125057989163757,
                        7.1950764813310055
                    ]
                ]
            },
            "est_tgt": [
                0,
                1,
                2,
                3,
                4,
                5
            ],
            "oracle_est_tgt": [
                0,
                1,
                2,
                3,
                4,
                5
            ]
        }
    },
    "metric_dict": {
        "param_est_rel_err": 2.171512753211654,
        "est_num_comp": 4,
        "weight_precision_error": 0.0013805560155468466,
        "gm_score_dict": {
            "1": -9.084854044364992,
            "2": -7.469071687890672,
            "3": -5.978447820074449,
            "4": -4.352721501997731,
            "5": -4.353067443412654,
            "6": -4.352698592384989,
            "7": -4.353233552739761
        },
        "est_dag": {
            "amat": [
                [
                    0,
                    1,
                    1,
                    1,
                    1,
                    1
                ],
                [
                    0,
                    0,
                    0,
                    1,
                    1,
                    0
                ],
                [
                    0,
                    1,
                    0,
                    1,
                    1,
                    1
                ],
                [
                    0,
                    0,
                    0,
                    0,
                    1,
                    1
                ],
                [
                    0,
                    0,
                    0,
                    0,
                    0,
                    0
                ],
                [
                    0,
                    0,
                    0,
                    0,
                    1,
                    0
                ]
            ],
            "nodes": [
                0,
                1,
                2,
                3,
                4,
                5
            ]
        },
        "oracle_est_dag": {
            "amat": [
                [
                    0,
                    1,
                    1,
                    1,
                    1,
                    1
                ],
                [
                    0,
                    0,
                    0,
                    1,
                    1,
                    0
                ],
                [
                    0,
                    1,
                    0,
                    1,
                    1,
                    1
                ],
                [
                    0,
                    0,
                    0,
                    0,
                    1,
                    1
                ],
                [
                    0,
                    0,
                    0,
                    0,
                    0,
                    0
                ],
                [
                    0,
                    0,
                    0,
                    0,
                    1,
                    0
                ]
            ],
            "nodes": [
                0,
                1,
                2,
                3,
                4,
                5
            ]
        },
        "igsp_dag": null,
        "intv_base_est_dag": null,
        "act_dag": {
            "amat": [
                [
                    0,
                    1,
                    1,
                    1,
                    1,
                    1
                ],
                [
                    0,
                    0,
                    1,
                    1,
                    1,
                    1
                ],
                [
                    0,
                    0,
                    0,
                    1,
                    1,
                    1
                ],
                [
                    0,
                    0,
                    0,
                    0,
                    1,
                    1
                ],
                [
                    0,
                    0,
                    0,
                    0,
                    0,
                    1
                ],
                [
                    0,
                    0,
                    0,
                    0,
                    0,
                    0
                ]
            ],
            "nodes": [
                0,
                1,
                2,
                3,
                4,
                5
            ]
        },
        "shd": 3,
        "oracle_shd": 3,
        "intv_base_shd": null,
        "igsp_shd": null,
        "avg_js": 0.625,
        "avg_oracle_js": 0.625
    }
}