{
    "expt_args": {
        "save_dir": "all_expt_logs/expt_logs_sim_compsel_backwardbugfixed_cameraready_half_cutoff_var",
        "exp_name": "14",
        "num_nodes": 6,
        "num_tgt_prior": 7,
        "obs_noise_mean": 0.0,
        "obs_noise_var": 1.0,
        "obs_noise_gamma_shape": null,
        "noise_type": "gaussian",
        "max_edge_strength": 1.0,
        "graph_sparsity_method": "adj_dense_prop",
        "adj_dense_prop": 0.8,
        "num_parents": null,
        "new_noise_mean": 1.0,
        "mix_samples": 8192,
        "stage2_samples": 8192,
        "gmm_tol": 0.001,
        "intv_type": "do",
        "new_noise_var": null,
        "dtype": "simulation",
        "cutoff_drop_ratio": 0.3,
        "intv_targets": [
            4,
            0,
            5
        ]
    },
    "intv_args_dict": {
        "4": {
            "intv_type": "do",
            "inode": 4,
            "new_mui": 1.0,
            "new_vari": null,
            "noise_type": "gaussian",
            "obs_noise_gamma_shape": null,
            "true_params": {
                "Si": [
                    [
                        1.0,
                        0.7227768212856032,
                        0.02835502988141758,
                        -0.024851688647224267,
                        0.0,
                        -0.3354209502396669
                    ],
                    [
                        0.7227768212856032,
                        1.5224063333877207,
                        -0.8701508189172764,
                        0.7626413133153175,
                        0.0,
                        -0.6975362037099497
                    ],
                    [
                        0.02835502988141758,
                        -0.8701508189172764,
                        1.7940528395360196,
                        -1.5723927208426827,
                        0.0,
                        1.7134992669741576
                    ],
                    [
                        -0.024851688647224267,
                        0.7626413133153175,
                        -1.5723927208426827,
                        2.3781193140322863,
                        0.0,
                        -2.4157383873347587
                    ],
                    [
                        0.0,
                        0.0,
                        0.0,
                        0.0,
                        1e-09,
                        5.66112416163008e-10
                    ],
                    [
                        -0.3354209502396669,
                        -0.6975362037099497,
                        1.7134992669741576,
                        -2.4157383873347587,
                        5.66112416163008e-10,
                        3.891193234556288
                    ]
                ],
                "mui": [
                    0.0,
                    0.0,
                    0.0,
                    0.0,
                    1.0,
                    0.566112416163008
                ],
                "Ai": [
                    [
                        0.0,
                        0.0,
                        0.0,
                        0.0,
                        0.0,
                        0.0
                    ],
                    [
                        0.7227768212856032,
                        0.0,
                        0.0,
                        0.0,
                        0.0,
                        0.0
                    ],
                    [
                        0.6720927200109618,
                        -0.8906451772824258,
                        0.0,
                        0.0,
                        0.0,
                        0.0
                    ],
                    [
                        0.0,
                        0.0,
                        -0.8764472741222811,
                        0.0,
                        0.0,
                        0.0
                    ],
                    [
                        0.0,
                        0.0,
                        0.0,
                        0.0,
                        0.0,
                        0.0
                    ],
                    [
                        -0.8920844191288448,
                        0.7184800501713522,
                        0.5166499612682434,
                        -0.9139466255847315,
                        0.566112416163008,
                        0.0
                    ]
                ]
            },
            "est_params": {
                "mui": [
                    0.0019795374145368167,
                    0.008345225372583592,
                    0.014440871039464396,
                    -0.03402461292962986,
                    0.9999987567649892,
                    0.6280023850289443
                ],
                "Si": [
                    [
                        1.0210933387072452,
                        0.7464289987322292,
                        0.012213087389700719,
                        0.024681425141018055,
                        7.382040801678797e-07,
                        -0.35896885822156877
                    ],
                    [
                        0.7464289987322292,
                        1.6259382582560455,
                        -0.9568771391015479,
                        0.8290278504895643,
                        5.345331925007545e-07,
                        -0.721686807753692
                    ],
                    [
                        0.012213087389700717,
                        -0.9568771391015477,
                        1.9082390643824987,
                        -1.6816405789671165,
                        2.2582951516899746e-07,
                        1.8065000193525367
                    ],
                    [
                        0.024681425141018055,
                        0.8290278504895643,
                        -1.6816405789671165,
                        2.4719655063162724,
                        2.244235918943097e-06,
                        -2.5457130345676986
                    ],
                    [
                        7.382040801678798e-07,
                        5.345331925007545e-07,
                        2.2582951516899746e-07,
                        2.2442359189430976e-06,
                        1.008803661467091e-06,
                        -3.499938561031392e-06
                    ],
                    [
                        -0.35896885822156877,
                        -0.7216868077536918,
                        1.8065000193525367,
                        -2.5457130345676986,
                        -3.499938561031392e-06,
                        4.077140668615751
                    ]
                ]
            },
            "est_tgt": [
                3,
                4,
                5
            ],
            "oracle_est_tgt": [
                3,
                4,
                5
            ]
        },
        "0": {
            "intv_type": "do",
            "inode": 0,
            "new_mui": 1.0,
            "new_vari": null,
            "noise_type": "gaussian",
            "obs_noise_gamma_shape": null,
            "true_params": {
                "Si": [
                    [
                        1e-09,
                        7.227768212856032e-10,
                        2.8355029881417584e-11,
                        -2.485168864722427e-11,
                        -1.2013787499660174e-09,
                        -1.0155363771098235e-09
                    ],
                    [
                        7.227768212856032e-10,
                        1.0000000005224063,
                        -0.8906451772619314,
                        0.7806035378213756,
                        -2.0518038781552312,
                        -1.6166533667006493
                    ],
                    [
                        2.8355029881417584e-11,
                        -0.8906451772619314,
                        1.7932488318172477,
                        -1.5716880504691915,
                        3.2559985141377954,
                        3.5662713238932566
                    ],
                    [
                        -2.485168864722427e-11,
                        0.7806035378213756,
                        -1.5716880504691915,
                        2.377501707604285,
                        -3.550313079821061,
                        -4.433950480100166
                    ],
                    [
                        -1.2013787499660174e-09,
                        -2.0518038781552312,
                        3.2559985141377954,
                        -3.550313079821061,
                        7.73596378418171,
                        7.832253162256164
                    ],
                    [
                        -1.0155363771098235e-09,
                        -1.6166533667006493,
                        3.5662713238932566,
                        -4.433950480100166,
                        7.832253162256164,
                        10.167310591233218
                    ]
                ],
                "mui": [
                    1.0,
                    0.7227768212856032,
                    0.02835502988141758,
                    -0.024851688647224267,
                    -1.2013787499660173,
                    -1.0155363771098234
                ],
                "Ai": [
                    [
                        0.0,
                        0.0,
                        0.0,
                        0.0,
                        0.0,
                        0.0
                    ],
                    [
                        0.7227768212856032,
                        0.0,
                        0.0,
                        0.0,
                        0.0,
                        0.0
                    ],
                    [
                        0.6720927200109618,
                        -0.8906451772824258,
                        0.0,
                        0.0,
                        0.0,
                        0.0
                    ],
                    [
                        0.0,
                        0.0,
                        -0.8764472741222811,
                        0.0,
                        0.0,
                        0.0
                    ],
                    [
                        -0.6785134828829802,
                        -0.7794555321752764,
                        0.8180343116415218,
                        -0.696602057558793,
                        0.0,
                        0.0
                    ],
                    [
                        -0.8920844191288448,
                        0.7184800501713522,
                        0.5166499612682434,
                        -0.9139466255847315,
                        0.566112416163008,
                        0.0
                    ]
                ]
            },
            "est_params": {
                "mui": [
                    0.9999978854707058,
                    0.7568576258553509,
                    0.007083453314856795,
                    0.041627618814588443,
                    -1.2623952469063175,
                    -1.0711579324044156
                ],
                "Si": [
                    [
                        1.012273615957718e-06,
                        7.150902669779558e-07,
                        2.797031498187571e-06,
                        -5.638397098061846e-06,
                        4.153555707148603e-06,
                        1.1882873704540595e-05
                    ],
                    [
                        7.150902669779553e-07,
                        0.9845001457016493,
                        -0.8611270827916104,
                        0.741123189826109,
                        -1.97503043409683,
                        -1.5348481464838295
                    ],
                    [
                        2.797031498187571e-06,
                        -0.8611270827916104,
                        1.796108957754469,
                        -1.5786530475607512,
                        3.256181735122248,
                        3.63818145185661
                    ],
                    [
                        -5.638397098061845e-06,
                        0.741123189826109,
                        -1.5786530475607512,
                        2.3383968233261694,
                        -3.512444613033555,
                        -4.447230888587348
                    ],
                    [
                        4.153555707148603e-06,
                        -1.97503043409683,
                        3.256181735122248,
                        -3.512444613033555,
                        7.627010397957152,
                        7.817995715825418
                    ],
                    [
                        1.1882873704540593e-05,
                        -1.5348481464838295,
                        3.63818145185661,
                        -4.447230888587348,
                        7.817995715825418,
                        10.408053589495108
                    ]
                ]
            },
            "est_tgt": [
                0
            ],
            "oracle_est_tgt": [
                0
            ]
        },
        "5": {
            "intv_type": "do",
            "inode": 5,
            "new_mui": 1.0,
            "new_vari": null,
            "noise_type": "gaussian",
            "obs_noise_gamma_shape": null,
            "true_params": {
                "Si": [
                    [
                        1.0,
                        0.7227768212856032,
                        0.02835502988141758,
                        -0.024851688647224267,
                        -1.2013787499660173,
                        0.0
                    ],
                    [
                        0.7227768212856032,
                        1.5224063333877207,
                        -0.8701508189172764,
                        0.7626413133153175,
                        -2.920132591347412,
                        0.0
                    ],
                    [
                        0.02835502988141758,
                        -0.8701508189172764,
                        1.7940528395360196,
                        -1.5723927208426827,
                        3.2219333838176736,
                        0.0
                    ],
                    [
                        -0.024851688647224267,
                        0.7626413133153175,
                        -1.5723927208426827,
                        2.3781193140322863,
                        -3.52045678920937,
                        0.0
                    ],
                    [
                        -1.2013787499660173,
                        -2.920132591347412,
                        3.2219333838176736,
                        -3.52045678920937,
                        9.179274683608309,
                        0.0
                    ],
                    [
                        0.0,
                        0.0,
                        0.0,
                        0.0,
                        0.0,
                        1e-09
                    ]
                ],
                "mui": [
                    0.0,
                    0.0,
                    0.0,
                    0.0,
                    0.0,
                    1.0
                ],
                "Ai": [
                    [
                        0.0,
                        0.0,
                        0.0,
                        0.0,
                        0.0,
                        0.0
                    ],
                    [
                        0.7227768212856032,
                        0.0,
                        0.0,
                        0.0,
                        0.0,
                        0.0
                    ],
                    [
                        0.6720927200109618,
                        -0.8906451772824258,
                        0.0,
                        0.0,
                        0.0,
                        0.0
                    ],
                    [
                        0.0,
                        0.0,
                        -0.8764472741222811,
                        0.0,
                        0.0,
                        0.0
                    ],
                    [
                        -0.6785134828829802,
                        -0.7794555321752764,
                        0.8180343116415218,
                        -0.696602057558793,
                        0.0,
                        0.0
                    ],
                    [
                        0.0,
                        0.0,
                        0.0,
                        0.0,
                        0.0,
                        0.0
                    ]
                ]
            },
            "est_params": {
                "mui": [
                    0.01638519419285948,
                    0.005264017670909678,
                    0.025404588015870404,
                    0.0008040682290489325,
                    0.030595188699584414,
                    1.00000046748356
                ],
                "Si": [
                    [
                        0.9854599717332714,
                        0.7160854508116965,
                        0.015569562821716718,
                        -0.03290438459596806,
                        -1.1835173677103694,
                        -1.5103722665670055e-06
                    ],
                    [
                        0.7160854508116964,
                        1.5535083328755175,
                        -0.8949541401579673,
                        0.7432786117457068,
                        -2.926438622789221,
                        9.821852470761716e-07
                    ],
                    [
                        0.015569562821716697,
                        -0.8949541401579674,
                        1.783912337324595,
                        -1.555349863907242,
                        3.218320570666503,
                        2.967873393298449e-08
                    ],
                    [
                        -0.03290438459596805,
                        0.7432786117457068,
                        -1.555349863907242,
                        2.3331887594697696,
                        -3.445506304361342,
                        -1.7439080278919303e-06
                    ],
                    [
                        -1.1835173677103694,
                        -2.926438622789221,
                        3.2183205706665032,
                        -3.445506304361342,
                        9.085758397841204,
                        3.6094036863968275e-06
                    ],
                    [
                        -1.510372266567005e-06,
                        9.821852470761712e-07,
                        2.967873393298449e-08,
                        -1.7439080278919305e-06,
                        3.6094036863968266e-06,
                        1.0151759437184467e-06
                    ]
                ]
            },
            "est_tgt": [
                3,
                4,
                5
            ],
            "oracle_est_tgt": [
                3,
                4,
                5
            ]
        },
        "obs": {
            "intv_type": "obs",
            "noise_type": "gaussian",
            "obs_noise_gamma_shape": null,
            "true_params": {
                "Si": [
                    [
                        1.0,
                        0.7227768212856032,
                        0.02835502988141758,
                        -0.024851688647224267,
                        -1.2013787499660173,
                        -1.0155363771098234
                    ],
                    [
                        0.7227768212856032,
                        1.5224063333877207,
                        -0.8701508189172764,
                        0.7626413133153175,
                        -2.920132591347412,
                        -2.350659520513979
                    ],
                    [
                        0.02835502988141758,
                        -0.8701508189172764,
                        1.7940528395360196,
                        -1.5723927208426827,
                        3.2219333838176736,
                        3.5374757596034367
                    ],
                    [
                        -0.024851688647224267,
                        0.7626413133153175,
                        -1.5723927208426827,
                        2.3781193140322863,
                        -3.52045678920937,
                        -4.4087126862715404
                    ],
                    [
                        -1.2013787499660173,
                        -2.920132591347412,
                        3.2219333838176736,
                        -3.52045678920937,
                        9.179274683608309,
                        9.052296984313337
                    ],
                    [
                        -1.0155363771098234,
                        -2.350659520513979,
                        3.5374757596034367,
                        -4.4087126862715404,
                        9.052296984313337,
                        11.198624723435248
                    ]
                ],
                "mui": [
                    0.0,
                    0.0,
                    0.0,
                    0.0,
                    0.0,
                    0.0
                ],
                "Ai": [
                    [
                        0.0,
                        0.0,
                        0.0,
                        0.0,
                        0.0,
                        0.0
                    ],
                    [
                        0.7227768212856032,
                        0.0,
                        0.0,
                        0.0,
                        0.0,
                        0.0
                    ],
                    [
                        0.6720927200109618,
                        -0.8906451772824258,
                        0.0,
                        0.0,
                        0.0,
                        0.0
                    ],
                    [
                        0.0,
                        0.0,
                        -0.8764472741222811,
                        0.0,
                        0.0,
                        0.0
                    ],
                    [
                        -0.6785134828829802,
                        -0.7794555321752764,
                        0.8180343116415218,
                        -0.696602057558793,
                        0.0,
                        0.0
                    ],
                    [
                        -0.8920844191288448,
                        0.7184800501713522,
                        0.5166499612682434,
                        -0.9139466255847315,
                        0.566112416163008,
                        0.0
                    ]
                ]
            },
            "est_params": {
                "mui": [
                    -0.0070817401096103455,
                    -0.01854827227345257,
                    0.015811264162438544,
                    -0.04014710302433418,
                    0.039974323782851526,
                    0.06837790909919814
                ],
                "Si": [
                    [
                        0.9929693125390013,
                        0.729869705900556,
                        0.019430198947978768,
                        -0.02851937698347908,
                        -1.1691542531597419,
                        -0.9982940536005348
                    ],
                    [
                        0.729869705900556,
                        1.5064126966233091,
                        -0.877942475701659,
                        0.7553600633258906,
                        -2.9232929875807576,
                        -2.3946588552599577
                    ],
                    [
                        0.019430198947978768,
                        -0.877942475701659,
                        1.7932674622942162,
                        -1.5360352903404768,
                        3.19449587333543,
                        3.5135770934961577
                    ],
                    [
                        -0.02851937698347908,
                        0.7553600633258906,
                        -1.5360352903404768,
                        2.3330291293118637,
                        -3.380942486025431,
                        -4.283914766915072
                    ],
                    [
                        -1.1691542531597419,
                        -2.9232929875807576,
                        3.19449587333543,
                        -3.380942486025431,
                        9.051204925859683,
                        8.864298803395886
                    ],
                    [
                        -0.9982940536005348,
                        -2.3946588552599577,
                        3.5135770934961577,
                        -4.283914766915072,
                        8.864298803395886,
                        10.95784740303415
                    ]
                ]
            },
            "est_tgt": [
                0,
                1,
                2,
                3,
                4,
                5
            ],
            "oracle_est_tgt": [
                0,
                1,
                2,
                3,
                4,
                5
            ]
        }
    },
    "metric_dict": {
        "param_est_rel_err": 5.899897063146055,
        "est_num_comp": 4,
        "weight_precision_error": 0.0018677925706560017,
        "gm_score_dict": {
            "1": -9.4569438678378,
            "2": -9.331563900260955,
            "3": -6.161632386190661,
            "4": -4.3645280087733385,
            "5": -4.363724962213543,
            "6": -4.363055959905655,
            "7": -4.361333410352614
        },
        "est_dag": {
            "amat": [
                [
                    0,
                    1,
                    0,
                    1,
                    0,
                    1
                ],
                [
                    0,
                    0,
                    0,
                    0,
                    1,
                    1
                ],
                [
                    0,
                    1,
                    0,
                    0,
                    1,
                    1
                ],
                [
                    0,
                    0,
                    0,
                    0,
                    0,
                    0
                ],
                [
                    0,
                    0,
                    0,
                    0,
                    0,
                    0
                ],
                [
                    0,
                    0,
                    0,
                    1,
                    1,
                    0
                ]
            ],
            "nodes": [
                0,
                1,
                2,
                3,
                4,
                5
            ]
        },
        "oracle_est_dag": {
            "amat": [
                [
                    0,
                    1,
                    0,
                    1,
                    0,
                    1
                ],
                [
                    0,
                    0,
                    0,
                    0,
                    1,
                    1
                ],
                [
                    0,
                    1,
                    0,
                    0,
                    1,
                    1
                ],
                [
                    0,
                    0,
                    0,
                    0,
                    0,
                    0
                ],
                [
                    0,
                    0,
                    0,
                    0,
                    0,
                    0
                ],
                [
                    0,
                    0,
                    0,
                    1,
                    1,
                    0
                ]
            ],
            "nodes": [
                0,
                1,
                2,
                3,
                4,
                5
            ]
        },
        "igsp_dag": null,
        "intv_base_est_dag": null,
        "act_dag": {
            "amat": [
                [
                    0,
                    1,
                    1,
                    0,
                    1,
                    1
                ],
                [
                    0,
                    0,
                    1,
                    0,
                    1,
                    1
                ],
                [
                    0,
                    0,
                    0,
                    1,
                    1,
                    1
                ],
                [
                    0,
                    0,
                    0,
                    0,
                    1,
                    1
                ],
                [
                    0,
                    0,
                    0,
                    0,
                    0,
                    1
                ],
                [
                    0,
                    0,
                    0,
                    0,
                    0,
                    0
                ]
            ],
            "nodes": [
                0,
                1,
                2,
                3,
                4,
                5
            ]
        },
        "shd": 8,
        "oracle_shd": 8,
        "intv_base_shd": null,
        "igsp_shd": null,
        "avg_js": 0.41666666666666663,
        "avg_oracle_js": 0.41666666666666663
    }
}