{
    "expt_args": {
        "save_dir": "all_expt_logs/expt_logs_sim_compsel_backwardbugfixed_cameraready_half_cutoff_var",
        "exp_name": "169",
        "num_nodes": 6,
        "num_tgt_prior": 7,
        "obs_noise_mean": 0.0,
        "obs_noise_var": 1.0,
        "obs_noise_gamma_shape": null,
        "noise_type": "gaussian",
        "max_edge_strength": 1.0,
        "graph_sparsity_method": "adj_dense_prop",
        "adj_dense_prop": 0.8,
        "num_parents": null,
        "new_noise_mean": 1.0,
        "mix_samples": 524288,
        "stage2_samples": 524288,
        "gmm_tol": 0.001,
        "intv_type": "do",
        "new_noise_var": null,
        "dtype": "simulation",
        "cutoff_drop_ratio": 0.15,
        "intv_targets": [
            2,
            3,
            0
        ]
    },
    "intv_args_dict": {
        "2": {
            "intv_type": "do",
            "inode": 2,
            "new_mui": 1.0,
            "new_vari": null,
            "noise_type": "gaussian",
            "obs_noise_gamma_shape": null,
            "true_params": {
                "Si": [
                    [
                        1.0,
                        0.0,
                        0.0,
                        -0.7513765656321942,
                        0.8957664272090596,
                        -0.8209715768337824
                    ],
                    [
                        0.0,
                        1.0,
                        0.0,
                        0.0,
                        0.6476805863492973,
                        1.1627749370557274
                    ],
                    [
                        0.0,
                        0.0,
                        1e-09,
                        6.245697094634141e-10,
                        -1.0260684775367972e-09,
                        -2.995067301543376e-10
                    ],
                    [
                        -0.7513765656321942,
                        0.0,
                        6.245697094634141e-10,
                        1.5645667437713184,
                        -1.1833723728391734,
                        1.000703059369853
                    ],
                    [
                        0.8957664272090596,
                        0.6476805863492973,
                        -1.0260684775367972e-09,
                        -1.1833723728391734,
                        2.4823084939167988,
                        0.5841801202084456
                    ],
                    [
                        -0.8209715768337824,
                        1.1627749370557274,
                        -2.995067301543376e-10,
                        1.000703059369853,
                        0.5841801202084456,
                        3.754559035719101
                    ]
                ],
                "mui": [
                    0.0,
                    0.0,
                    1.0,
                    0.6245697094634141,
                    -1.0260684775367972,
                    -0.29950673015433754
                ],
                "Ai": [
                    [
                        0.0,
                        0.0,
                        0.0,
                        0.0,
                        0.0,
                        0.0
                    ],
                    [
                        -0.0,
                        0.0,
                        0.0,
                        0.0,
                        0.0,
                        0.0
                    ],
                    [
                        0.0,
                        0.0,
                        0.0,
                        0.0,
                        0.0,
                        0.0
                    ],
                    [
                        -0.7513765656321942,
                        0.0,
                        0.6245697094634141,
                        0.0,
                        0.0,
                        0.0
                    ],
                    [
                        0.5123280929623211,
                        0.6476805863492973,
                        -0.7073415169532932,
                        -0.510314470513358,
                        0.0,
                        0.0
                    ],
                    [
                        -0.9231350727099752,
                        0.6690134262133371,
                        -0.0,
                        0.7728842381530419,
                        0.7623534211910166,
                        0.0
                    ]
                ]
            },
            "est_params": {
                "mui": [
                    0.007102166745053972,
                    -0.0009199170211663832,
                    0.999999801239084,
                    0.6201840905146233,
                    -1.0183254119670524,
                    -0.30517108355200995
                ],
                "Si": [
                    [
                        0.995520731072894,
                        -0.0014407479883542706,
                        1.1792868229666893e-07,
                        -0.7507883165787705,
                        0.8878801084723529,
                        -0.8261448408264298
                    ],
                    [
                        -0.0014407479883542706,
                        1.0008512190546826,
                        -1.4660080193985894e-07,
                        0.0016925561623375171,
                        0.6415936156517938,
                        1.1616498647488764
                    ],
                    [
                        1.1792868229666898e-07,
                        -1.466008019398588e-07,
                        1.0107671126003895e-06,
                        4.542276471117491e-07,
                        -2.905599289493669e-07,
                        -2.696214699004268e-07
                    ],
                    [
                        -0.7507883165787705,
                        0.001692556162337518,
                        4.542276471117491e-07,
                        1.5670644635201993,
                        -1.1781378258864545,
                        1.0072491438530888
                    ],
                    [
                        0.8878801084723529,
                        0.641593615651794,
                        -2.905599289493669e-07,
                        -1.1781378258864545,
                        2.460354482876558,
                        0.5707135883654341
                    ],
                    [
                        -0.8261448408264298,
                        1.1616498647488764,
                        -2.6962146990042676e-07,
                        1.0072491438530888,
                        0.5707135883654341,
                        3.7531708387189657
                    ]
                ]
            },
            "est_tgt": [
                2
            ],
            "oracle_est_tgt": [
                2
            ]
        },
        "3": {
            "intv_type": "do",
            "inode": 3,
            "new_mui": 1.0,
            "new_vari": null,
            "noise_type": "gaussian",
            "obs_noise_gamma_shape": null,
            "true_params": {
                "Si": [
                    [
                        1.0,
                        0.0,
                        -0.7885836036172477,
                        0.0,
                        1.0701260153894394,
                        -0.10732084377232565
                    ],
                    [
                        0.0,
                        1.0,
                        0.6225053761361827,
                        0.0,
                        0.20735668928154943,
                        0.8270925076939689
                    ],
                    [
                        -0.7885836036172477,
                        0.6225053761361827,
                        2.0093770432124147,
                        0.0,
                        -1.422144692638099,
                        0.06025676492689047
                    ],
                    [
                        0.0,
                        0.0,
                        0.0,
                        1e-09,
                        -5.10314470513358e-10,
                        3.838442556739013e-10
                    ],
                    [
                        1.0701260153894394,
                        0.20735668928154943,
                        -1.422144692638099,
                        -5.10314470513358e-10,
                        2.6884985072692906,
                        1.2004395866084083
                    ],
                    [
                        -0.10732084377232565,
                        0.8270925076939689,
                        0.06025676492689047,
                        3.838442556739013e-10,
                        1.2004395866084083,
                        2.5675668533675013
                    ]
                ],
                "mui": [
                    0.0,
                    0.0,
                    0.0,
                    1.0,
                    -0.510314470513358,
                    0.38384425567390124
                ],
                "Ai": [
                    [
                        0.0,
                        0.0,
                        0.0,
                        0.0,
                        0.0,
                        0.0
                    ],
                    [
                        -0.0,
                        0.0,
                        0.0,
                        0.0,
                        0.0,
                        0.0
                    ],
                    [
                        -0.7885836036172477,
                        0.6225053761361827,
                        0.0,
                        0.0,
                        0.0,
                        0.0
                    ],
                    [
                        0.0,
                        0.0,
                        0.0,
                        0.0,
                        0.0,
                        0.0
                    ],
                    [
                        0.5123280929623211,
                        0.6476805863492973,
                        -0.7073415169532932,
                        -0.510314470513358,
                        0.0,
                        0.0
                    ],
                    [
                        -0.9231350727099752,
                        0.6690134262133371,
                        -0.0,
                        0.7728842381530419,
                        0.7623534211910166,
                        0.0
                    ]
                ]
            },
            "est_params": {
                "mui": [
                    0.0024096174002800593,
                    -0.005425825567336422,
                    -0.005291528205435225,
                    1.0000000806564089,
                    -0.507537930296743,
                    0.37883792449015496
                ],
                "Si": [
                    [
                        1.0028294412283985,
                        -0.003065407594566941,
                        -0.7964475720325015,
                        -5.6429486345997796e-08,
                        1.0764265514473623,
                        -0.10953235485272521
                    ],
                    [
                        -0.003065407594566941,
                        0.9938095863191452,
                        0.6246095734609135,
                        3.478949418020232e-07,
                        0.1995236278187141,
                        0.8178610336738339
                    ],
                    [
                        -0.7964475720325016,
                        0.6246095734609136,
                        2.020498108718937,
                        3.148118615980422e-07,
                        -1.4319218111688878,
                        0.06333513731536641
                    ],
                    [
                        -5.6429486345997796e-08,
                        3.47894941802023e-07,
                        3.148118615980422e-07,
                        1.0088611913868608e-06,
                        -2.4624851561633305e-08,
                        3.979784955752548e-07
                    ],
                    [
                        1.076426551447362,
                        0.19952362781871408,
                        -1.4319218111688874,
                        -2.4624851561633404e-08,
                        2.692252825867631,
                        1.1907283423232662
                    ],
                    [
                        -0.10953235485272522,
                        0.8178610336738339,
                        0.06333513731536641,
                        3.979784955752548e-07,
                        1.190728342323266,
                        2.5554067306572312
                    ]
                ]
            },
            "est_tgt": [
                3
            ],
            "oracle_est_tgt": [
                3
            ]
        },
        "0": {
            "intv_type": "do",
            "inode": 0,
            "new_mui": 1.0,
            "new_vari": null,
            "noise_type": "gaussian",
            "obs_noise_gamma_shape": null,
            "true_params": {
                "Si": [
                    [
                        1e-09,
                        0.0,
                        -7.885836036172477e-10,
                        -1.2439019978310307e-09,
                        1.70490720478309e-09,
                        -5.847854802610564e-10
                    ],
                    [
                        0.0,
                        1.0,
                        0.6225053761361827,
                        0.38879800191278896,
                        0.008947442798772989,
                        0.9763303873456834
                    ],
                    [
                        -7.885836036172477e-10,
                        0.6225053761361827,
                        1.3875129439403144,
                        0.8665985568660517,
                        -1.020498647636352,
                        0.30826418531462435
                    ],
                    [
                        -1.2439019978310307e-09,
                        0.38879800191278896,
                        0.8665985568660517,
                        1.5412512098178826,
                        -1.1476870156564285,
                        0.5763767287732263
                    ],
                    [
                        1.70490720478309e-09,
                        0.008947442798772989,
                        -1.020498647636352,
                        -1.1476870156564285,
                        2.3133174390493556,
                        0.8825222170151555
                    ],
                    [
                        -5.847854802610564e-10,
                        0.9763303873456834,
                        0.30826418531462435,
                        0.5763767287732263,
                        0.8825222170151555,
                        2.771444458419788
                    ]
                ],
                "mui": [
                    1.0,
                    0.0,
                    -0.7885836036172477,
                    -1.2439019978310306,
                    1.70490720478309,
                    -0.5847854802610564
                ],
                "Ai": [
                    [
                        0.0,
                        0.0,
                        0.0,
                        0.0,
                        0.0,
                        0.0
                    ],
                    [
                        -0.0,
                        0.0,
                        0.0,
                        0.0,
                        0.0,
                        0.0
                    ],
                    [
                        -0.7885836036172477,
                        0.6225053761361827,
                        0.0,
                        0.0,
                        0.0,
                        0.0
                    ],
                    [
                        -0.7513765656321942,
                        0.0,
                        0.6245697094634141,
                        0.0,
                        0.0,
                        0.0
                    ],
                    [
                        0.5123280929623211,
                        0.6476805863492973,
                        -0.7073415169532932,
                        -0.510314470513358,
                        0.0,
                        0.0
                    ],
                    [
                        -0.9231350727099752,
                        0.6690134262133371,
                        -0.0,
                        0.7728842381530419,
                        0.7623534211910166,
                        0.0
                    ]
                ]
            },
            "est_params": {
                "mui": [
                    1.000000292848517,
                    -0.003538178204144831,
                    -0.7947860726963053,
                    -1.2452123358763885,
                    1.7080601038867338,
                    -0.5842770073378671
                ],
                "Si": [
                    [
                        1.0107258711202002e-06,
                        2.3406313452693555e-07,
                        3.399446006870398e-08,
                        1.1510974678013102e-07,
                        -2.5710901614158026e-08,
                        1.4473616483283847e-07
                    ],
                    [
                        2.3406313452693555e-07,
                        0.998669183536509,
                        0.6233407530432132,
                        0.38710257426372036,
                        0.011415762935987773,
                        0.9778061882501548
                    ],
                    [
                        3.399446006870381e-08,
                        0.6233407530432133,
                        1.3947006194210585,
                        0.869027653748178,
                        -1.0259209132708345,
                        0.30747179536012353
                    ],
                    [
                        1.1510974678013094e-07,
                        0.38710257426372036,
                        0.869027653748178,
                        1.5392180651924587,
                        -1.1502617164671156,
                        0.5751197829874883
                    ],
                    [
                        -2.5710901614157927e-08,
                        0.01141576293598777,
                        -1.0259209132708345,
                        -1.1502617164671156,
                        2.3214644781214075,
                        0.886653742005932
                    ],
                    [
                        1.4473616483283847e-07,
                        0.9778061882501548,
                        0.30747179536012353,
                        0.5751197829874883,
                        0.886653742005932,
                        2.7721879787158987
                    ]
                ]
            },
            "est_tgt": [
                0
            ],
            "oracle_est_tgt": [
                0
            ]
        },
        "obs": {
            "intv_type": "obs",
            "noise_type": "gaussian",
            "obs_noise_gamma_shape": null,
            "true_params": {
                "Si": [
                    [
                        1.0,
                        0.0,
                        -0.7885836036172477,
                        -1.2439019978310306,
                        1.70490720478309,
                        -0.5847854802610564
                    ],
                    [
                        0.0,
                        1.0,
                        0.6225053761361827,
                        0.38879800191278896,
                        0.008947442798772989,
                        0.9763303873456834
                    ],
                    [
                        -0.7885836036172477,
                        0.6225053761361827,
                        2.0093770432124147,
                        1.8475192758814192,
                        -2.364960513672748,
                        0.7694164262207788
                    ],
                    [
                        -1.2439019978310306,
                        0.38879800191278896,
                        1.8475192758814192,
                        3.08854338847862,
                        -3.2684244916818948,
                        1.3037925552451173
                    ],
                    [
                        1.70490720478309,
                        0.008947442798772989,
                        -2.364960513672748,
                        -3.2684244916818948,
                        5.2200260130639355,
                        -0.11448276053745399
                    ],
                    [
                        -0.5847854802610564,
                        0.9763303873456834,
                        0.7694164262207788,
                        1.3037925552451173,
                        -0.11448276053745399,
                        3.1134185160019685
                    ]
                ],
                "mui": [
                    0.0,
                    0.0,
                    0.0,
                    0.0,
                    0.0,
                    0.0
                ],
                "Ai": [
                    [
                        0.0,
                        0.0,
                        0.0,
                        0.0,
                        0.0,
                        0.0
                    ],
                    [
                        -0.0,
                        0.0,
                        0.0,
                        0.0,
                        0.0,
                        0.0
                    ],
                    [
                        -0.7885836036172477,
                        0.6225053761361827,
                        0.0,
                        0.0,
                        0.0,
                        0.0
                    ],
                    [
                        -0.7513765656321942,
                        0.0,
                        0.6245697094634141,
                        0.0,
                        0.0,
                        0.0
                    ],
                    [
                        0.5123280929623211,
                        0.6476805863492973,
                        -0.7073415169532932,
                        -0.510314470513358,
                        0.0,
                        0.0
                    ],
                    [
                        -0.9231350727099752,
                        0.6690134262133371,
                        -0.0,
                        0.7728842381530419,
                        0.7623534211910166,
                        0.0
                    ]
                ]
            },
            "est_params": {
                "mui": [
                    -0.0029485045056884367,
                    -0.0009933982532362455,
                    0.0035807181306179168,
                    0.006236228344850056,
                    -0.0052031571009141814,
                    3.316953089738365e-05
                ],
                "Si": [
                    [
                        1.0012291098775874,
                        -0.0028517151339282226,
                        -0.7895346207627623,
                        -1.2472655151128886,
                        1.7077905123965025,
                        -0.5878733915670445
                    ],
                    [
                        -0.0028517151339282226,
                        0.9980553109211527,
                        0.6225544880311968,
                        0.3938262046795074,
                        0.0018589277382607058,
                        0.9730215412907892
                    ],
                    [
                        -0.7895346207627623,
                        0.6225544880311968,
                        2.0062159617315203,
                        1.8477455337369502,
                        -2.3628434436247763,
                        0.7690788817753014
                    ],
                    [
                        -1.2472655151128886,
                        0.3938262046795074,
                        1.8477455337369502,
                        3.0946494371473197,
                        -3.2699361465109678,
                        1.3111968702474874
                    ],
                    [
                        1.7077905123965025,
                        0.0018589277382607058,
                        -2.3628434436247763,
                        -3.2699361465109678,
                        5.2131589459261365,
                        -0.125187485830937
                    ],
                    [
                        -0.5878733915670445,
                        0.9730215412907892,
                        0.7690788817753014,
                        1.3111968702474874,
                        -0.125187485830937,
                        3.1112897885690254
                    ]
                ]
            },
            "est_tgt": [
                0,
                1,
                2,
                3,
                4,
                5
            ],
            "oracle_est_tgt": [
                0,
                1,
                2,
                3,
                4,
                5
            ]
        }
    },
    "metric_dict": {
        "param_est_rel_err": 0.557372335278148,
        "est_num_comp": 4,
        "weight_precision_error": 0.0017152968775721311,
        "gm_score_dict": {
            "1": -8.688432642251268,
            "2": -7.332071082264372,
            "3": -5.84332185328547,
            "4": -4.338630785405272,
            "5": -4.339088505304939,
            "6": -4.339505463644073,
            "7": -4.339420254907354
        },
        "est_dag": {
            "amat": [
                [
                    0,
                    0,
                    1,
                    1,
                    1,
                    1
                ],
                [
                    0,
                    0,
                    1,
                    0,
                    1,
                    1
                ],
                [
                    0,
                    0,
                    0,
                    1,
                    1,
                    0
                ],
                [
                    0,
                    0,
                    0,
                    0,
                    1,
                    1
                ],
                [
                    0,
                    0,
                    0,
                    0,
                    0,
                    1
                ],
                [
                    0,
                    0,
                    0,
                    0,
                    0,
                    0
                ]
            ],
            "nodes": [
                0,
                1,
                2,
                3,
                4,
                5
            ]
        },
        "oracle_est_dag": {
            "amat": [
                [
                    0,
                    0,
                    1,
                    1,
                    1,
                    1
                ],
                [
                    0,
                    0,
                    1,
                    0,
                    1,
                    1
                ],
                [
                    0,
                    0,
                    0,
                    1,
                    1,
                    0
                ],
                [
                    0,
                    0,
                    0,
                    0,
                    1,
                    1
                ],
                [
                    0,
                    0,
                    0,
                    0,
                    0,
                    1
                ],
                [
                    0,
                    0,
                    0,
                    0,
                    0,
                    0
                ]
            ],
            "nodes": [
                0,
                1,
                2,
                3,
                4,
                5
            ]
        },
        "igsp_dag": null,
        "intv_base_est_dag": null,
        "act_dag": {
            "amat": [
                [
                    0,
                    0,
                    1,
                    1,
                    1,
                    1
                ],
                [
                    0,
                    0,
                    1,
                    0,
                    1,
                    1
                ],
                [
                    0,
                    0,
                    0,
                    1,
                    1,
                    0
                ],
                [
                    0,
                    0,
                    0,
                    0,
                    1,
                    1
                ],
                [
                    0,
                    0,
                    0,
                    0,
                    0,
                    1
                ],
                [
                    0,
                    0,
                    0,
                    0,
                    0,
                    0
                ]
            ],
            "nodes": [
                0,
                1,
                2,
                3,
                4,
                5
            ]
        },
        "shd": 0,
        "oracle_shd": 0,
        "intv_base_shd": null,
        "igsp_shd": null,
        "avg_js": 0.75,
        "avg_oracle_js": 0.75
    }
}