{
    "expt_args": {
        "save_dir": "all_expt_logs/expt_logs_sim_compsel_backwardbugfixed_cameraready_half_cutoff_var",
        "exp_name": "193",
        "num_nodes": 6,
        "num_tgt_prior": 7,
        "obs_noise_mean": 0.0,
        "obs_noise_var": 1.0,
        "obs_noise_gamma_shape": null,
        "noise_type": "gaussian",
        "max_edge_strength": 1.0,
        "graph_sparsity_method": "adj_dense_prop",
        "adj_dense_prop": 0.8,
        "num_parents": null,
        "new_noise_mean": 1.0,
        "mix_samples": 16384,
        "stage2_samples": 16384,
        "gmm_tol": 0.001,
        "intv_type": "do",
        "new_noise_var": null,
        "dtype": "simulation",
        "cutoff_drop_ratio": 0.15,
        "intv_targets": [
            2,
            3,
            1
        ]
    },
    "intv_args_dict": {
        "2": {
            "intv_type": "do",
            "inode": 2,
            "new_mui": 1.0,
            "new_vari": null,
            "noise_type": "gaussian",
            "obs_noise_gamma_shape": null,
            "true_params": {
                "Si": [
                    [
                        1.0,
                        0.7296847437037501,
                        0.0,
                        0.546569879973238,
                        0.9069480069750259,
                        0.7231035224050275
                    ],
                    [
                        0.7296847437037501,
                        1.5324398251940075,
                        0.0,
                        0.39882370278446166,
                        0.04922898550916455,
                        0.8236798409650683
                    ],
                    [
                        0.0,
                        0.0,
                        1e-09,
                        6.314340705064568e-10,
                        5.134493966065481e-10,
                        1.2634823949550229e-10
                    ],
                    [
                        0.546569879973238,
                        0.39882370278446166,
                        6.314340705064568e-10,
                        1.2987386340926688,
                        1.308858534971956,
                        1.7259262467267118
                    ],
                    [
                        0.9069480069750259,
                        0.04922898550916455,
                        5.134493966065481e-10,
                        1.308858534971956,
                        2.85899072147617,
                        2.290769260842197
                    ],
                    [
                        0.7231035224050275,
                        0.8236798409650683,
                        1.2634823949550229e-10,
                        1.7259262467267118,
                        2.290769260842197,
                        3.920388002560237
                    ]
                ],
                "mui": [
                    0.0,
                    0.0,
                    1.0,
                    0.6314340705064568,
                    0.5134493966065481,
                    0.12634823949550228
                ],
                "Ai": [
                    [
                        0.0,
                        0.0,
                        0.0,
                        0.0,
                        0.0,
                        0.0
                    ],
                    [
                        0.7296847437037501,
                        0.0,
                        0.0,
                        0.0,
                        0.0,
                        0.0
                    ],
                    [
                        0.0,
                        0.0,
                        0.0,
                        0.0,
                        0.0,
                        0.0
                    ],
                    [
                        0.546569879973238,
                        -0.0,
                        0.6314340705064568,
                        0.0,
                        0.0,
                        0.0
                    ],
                    [
                        0.9094793618456241,
                        -0.6125571385130342,
                        0.0,
                        0.813148071333439,
                        0.0,
                        0.0
                    ],
                    [
                        -0.8880094460876076,
                        0.745805511124167,
                        -0.7139008515674996,
                        0.7336546970822697,
                        0.7342388983797958,
                        0.0
                    ]
                ]
            },
            "est_params": {
                "mui": [
                    -0.008708592391298507,
                    -0.0027285050754949033,
                    0.9999998909566172,
                    0.6132692209502733,
                    0.4827780224239282,
                    0.09378583416873504
                ],
                "Si": [
                    [
                        1.040829378226372,
                        0.7482028121657172,
                        1.1288579780454735e-06,
                        0.5735787318432799,
                        0.9526391639153677,
                        0.7711462261906433
                    ],
                    [
                        0.7482028121657173,
                        1.4958942235337784,
                        6.965058991508468e-07,
                        0.40600071683909644,
                        0.06618818390370287,
                        0.8167946112931036
                    ],
                    [
                        1.1288579780454737e-06,
                        6.965058991508473e-07,
                        1.0043628602829507e-06,
                        9.774208853917394e-07,
                        1.9381081946839723e-06,
                        8.164763028617913e-07
                    ],
                    [
                        0.5735787318432799,
                        0.4060007168390965,
                        9.774208853917394e-07,
                        1.3180928552892586,
                        1.3486698415449114,
                        1.7609771290504435
                    ],
                    [
                        0.9526391639153678,
                        0.06618818390370289,
                        1.9381081946839723e-06,
                        1.3486698415449114,
                        2.9225462866841134,
                        2.3559699932342957
                    ],
                    [
                        0.7711462261906432,
                        0.8167946112931035,
                        8.164763028617913e-07,
                        1.7609771290504435,
                        2.3559699932342957,
                        3.9639424356021973
                    ]
                ]
            },
            "est_tgt": [
                2
            ],
            "oracle_est_tgt": [
                2
            ]
        },
        "3": {
            "intv_type": "do",
            "inode": 3,
            "new_mui": 1.0,
            "new_vari": null,
            "noise_type": "gaussian",
            "obs_noise_gamma_shape": null,
            "true_params": {
                "Si": [
                    [
                        1.0,
                        0.7296847437037501,
                        -0.5718999928891677,
                        0.0,
                        0.46250576322583814,
                        0.4040630711701445
                    ],
                    [
                        0.7296847437037501,
                        1.5324398251940075,
                        -0.4173066997355089,
                        0.0,
                        -0.2750737392120811,
                        0.5908808910746138
                    ],
                    [
                        -0.5718999928891677,
                        -0.4173066997355089,
                        1.3270696018666301,
                        0.0,
                        -0.2645070427000559,
                        -0.9449845190964805
                    ],
                    [
                        0.0,
                        0.0,
                        0.0,
                        1e-09,
                        8.13148071333439e-10,
                        1.3306996411977896e-09
                    ],
                    [
                        0.46250576322583814,
                        -0.2750737392120811,
                        -0.2645070427000559,
                        8.13148071333439e-10,
                        1.5891378296216012,
                        0.7397776157363604
                    ],
                    [
                        0.4040630711701445,
                        0.5908808910746138,
                        -0.9449845190964805,
                        1.3306996411977896e-09,
                        0.7397776157363604,
                        2.2996691564688008
                    ]
                ],
                "mui": [
                    0.0,
                    0.0,
                    0.0,
                    1.0,
                    0.813148071333439,
                    1.3306996411977896
                ],
                "Ai": [
                    [
                        0.0,
                        0.0,
                        0.0,
                        0.0,
                        0.0,
                        0.0
                    ],
                    [
                        0.7296847437037501,
                        0.0,
                        0.0,
                        0.0,
                        0.0,
                        0.0
                    ],
                    [
                        -0.5718999928891677,
                        0.0,
                        0.0,
                        0.0,
                        0.0,
                        0.0
                    ],
                    [
                        0.0,
                        0.0,
                        0.0,
                        0.0,
                        0.0,
                        0.0
                    ],
                    [
                        0.9094793618456241,
                        -0.6125571385130342,
                        0.0,
                        0.813148071333439,
                        0.0,
                        0.0
                    ],
                    [
                        -0.8880094460876076,
                        0.745805511124167,
                        -0.7139008515674996,
                        0.7336546970822697,
                        0.7342388983797958,
                        0.0
                    ]
                ]
            },
            "est_params": {
                "mui": [
                    0.013091583979790055,
                    0.012185111849154382,
                    0.019137061896412715,
                    1.0000007331598486,
                    0.8227942224160212,
                    1.3005916038434997
                ],
                "Si": [
                    [
                        0.9768973216483471,
                        0.7110524693516043,
                        -0.5561315044550391,
                        -4.213475888973219e-07,
                        0.4599172791944497,
                        0.4233975846986425
                    ],
                    [
                        0.7110524693516043,
                        1.5297361525222228,
                        -0.3918502735578707,
                        -6.806468915986229e-07,
                        -0.2581010624535864,
                        0.6048458723576892
                    ],
                    [
                        -0.556131504455039,
                        -0.3918502735578707,
                        1.2983306371302727,
                        1.4933125912026027e-06,
                        -0.2815144607958619,
                        -0.9301674834563225
                    ],
                    [
                        -4.213475888973218e-07,
                        -6.806468915986228e-07,
                        1.4933125912026029e-06,
                        1.0094079307811698e-06,
                        5.423708151764997e-07,
                        -1.1747378818123203e-06
                    ],
                    [
                        0.4599172791944497,
                        -0.2581010624535864,
                        -0.2815144607958619,
                        5.423708151764999e-07,
                        1.5649077840320131,
                        0.7794309843840312
                    ],
                    [
                        0.42339758469864247,
                        0.604845872357689,
                        -0.9301674834563225,
                        -1.1747378818123203e-06,
                        0.7794309843840312,
                        2.326855925826035
                    ]
                ]
            },
            "est_tgt": [
                3
            ],
            "oracle_est_tgt": [
                3
            ]
        },
        "1": {
            "intv_type": "do",
            "inode": 1,
            "new_mui": 1.0,
            "new_vari": null,
            "noise_type": "gaussian",
            "obs_noise_gamma_shape": null,
            "true_params": {
                "Si": [
                    [
                        1.0,
                        0.0,
                        -0.5718999928891677,
                        0.18545273954061714,
                        1.0602798993265794,
                        0.4348274645539532
                    ],
                    [
                        0.0,
                        1e-09,
                        0.0,
                        0.0,
                        -6.125571385130343e-10,
                        2.9604223254767684e-10
                    ],
                    [
                        -0.5718999928891677,
                        0.0,
                        1.3270696018666301,
                        0.5253736500819012,
                        -0.0929246702788501,
                        -0.1223295843909184
                    ],
                    [
                        0.18545273954061714,
                        0.0,
                        0.5253736500819012,
                        1.4331017039994731,
                        1.3339893258417597,
                        1.4911201688927904
                    ],
                    [
                        1.0602798993265794,
                        -6.125571385130343e-10,
                        -0.0929246702788501,
                        1.3339893258417597,
                        3.0490335340801273,
                        2.3422069926354974
                    ],
                    [
                        0.4348274645539532,
                        2.9604223254767684e-10,
                        -0.1223295843909184,
                        1.4911201688927904,
                        2.3422069926354974,
                        3.5149070966195755
                    ]
                ],
                "mui": [
                    0.0,
                    1.0,
                    0.0,
                    0.0,
                    -0.6125571385130342,
                    0.2960422325476768
                ],
                "Ai": [
                    [
                        0.0,
                        0.0,
                        0.0,
                        0.0,
                        0.0,
                        0.0
                    ],
                    [
                        0.0,
                        0.0,
                        0.0,
                        0.0,
                        0.0,
                        0.0
                    ],
                    [
                        -0.5718999928891677,
                        0.0,
                        0.0,
                        0.0,
                        0.0,
                        0.0
                    ],
                    [
                        0.546569879973238,
                        -0.0,
                        0.6314340705064568,
                        0.0,
                        0.0,
                        0.0
                    ],
                    [
                        0.9094793618456241,
                        -0.6125571385130342,
                        0.0,
                        0.813148071333439,
                        0.0,
                        0.0
                    ],
                    [
                        -0.8880094460876076,
                        0.745805511124167,
                        -0.7139008515674996,
                        0.7336546970822697,
                        0.7342388983797958,
                        0.0
                    ]
                ]
            },
            "est_params": {
                "mui": [
                    0.0006297705718278081,
                    0.9999981459437014,
                    0.018219585638266263,
                    -0.00916109677611421,
                    -0.6102524814466723,
                    0.30492771883402664
                ],
                "Si": [
                    [
                        0.9906475733915577,
                        -1.4847505965906122e-06,
                        -0.5611449405818928,
                        0.1606058600723285,
                        1.0401191675716683,
                        0.39789253722865503
                    ],
                    [
                        -1.4847505965906122e-06,
                        1.0052701856008366e-06,
                        6.498670739495207e-07,
                        -2.6994536319174165e-07,
                        -1.7077349956409591e-06,
                        8.998647791766253e-07
                    ],
                    [
                        -0.5611449405818929,
                        6.498670739495204e-07,
                        1.355006210929029,
                        0.555224412286265,
                        -0.0624752277688627,
                        -0.11156006847249328
                    ],
                    [
                        0.1606058600723285,
                        -2.6994536319174154e-07,
                        0.555224412286265,
                        1.3954144338752437,
                        1.3167737876851575,
                        1.4468897605856965
                    ],
                    [
                        1.0401191675716683,
                        -1.7077349956409591e-06,
                        -0.0624752277688627,
                        1.3167737876851575,
                        3.078849761875851,
                        2.355463561949562
                    ],
                    [
                        0.39789253722865503,
                        8.998647791766249e-07,
                        -0.11156006847249327,
                        1.4468897605856965,
                        2.3554635619495623,
                        3.544611790021711
                    ]
                ]
            },
            "est_tgt": [
                1,
                4,
                5
            ],
            "oracle_est_tgt": [
                1,
                4,
                5
            ]
        },
        "obs": {
            "intv_type": "obs",
            "noise_type": "gaussian",
            "obs_noise_gamma_shape": null,
            "true_params": {
                "Si": [
                    [
                        1.0,
                        0.7296847437037501,
                        -0.5718999928891677,
                        0.18545273954061714,
                        0.6133063007067936,
                        0.6508449651359909
                    ],
                    [
                        0.7296847437037501,
                        1.5324398251940075,
                        -0.4173066997355089,
                        0.13532203472085355,
                        -0.16503688766990238,
                        0.7709538741238084
                    ],
                    [
                        -0.5718999928891677,
                        -0.4173066997355089,
                        1.3270696018666301,
                        0.5253736500819012,
                        0.16269952759345108,
                        -0.24586999143772154
                    ],
                    [
                        0.18545273954061714,
                        0.13532203472085355,
                        0.5253736500819012,
                        1.4331017039994731,
                        1.2510968474753923,
                        1.5311812061644463
                    ],
                    [
                        0.6133063007067936,
                        -0.16503688766990238,
                        0.16269952759345108,
                        1.2510968474753923,
                        2.6762109352188483,
                        2.098992707527924
                    ],
                    [
                        0.6508449651359909,
                        0.7709538741238084,
                        -0.24586999143772154,
                        1.5311812061644463,
                        2.098992707527924,
                        3.837072344696197
                    ]
                ],
                "mui": [
                    0.0,
                    0.0,
                    0.0,
                    0.0,
                    0.0,
                    0.0
                ],
                "Ai": [
                    [
                        0.0,
                        0.0,
                        0.0,
                        0.0,
                        0.0,
                        0.0
                    ],
                    [
                        0.7296847437037501,
                        0.0,
                        0.0,
                        0.0,
                        0.0,
                        0.0
                    ],
                    [
                        -0.5718999928891677,
                        0.0,
                        0.0,
                        0.0,
                        0.0,
                        0.0
                    ],
                    [
                        0.546569879973238,
                        -0.0,
                        0.6314340705064568,
                        0.0,
                        0.0,
                        0.0
                    ],
                    [
                        0.9094793618456241,
                        -0.6125571385130342,
                        0.0,
                        0.813148071333439,
                        0.0,
                        0.0
                    ],
                    [
                        -0.8880094460876076,
                        0.745805511124167,
                        -0.7139008515674996,
                        0.7336546970822697,
                        0.7342388983797958,
                        0.0
                    ]
                ]
            },
            "est_params": {
                "mui": [
                    0.008418434783431898,
                    -0.014954020983878318,
                    0.0012757891478569119,
                    -0.007733913401966155,
                    0.01736918491938553,
                    -0.008850939613615504
                ],
                "Si": [
                    [
                        1.0174097428095998,
                        0.7556149019218692,
                        -0.5998970334037353,
                        0.17633571136489565,
                        0.6386957131059405,
                        0.6737468087110192
                    ],
                    [
                        0.7556149019218692,
                        1.5751348891066808,
                        -0.4516183189942678,
                        0.11871453602892254,
                        -0.15391061379631965,
                        0.7797825829338135
                    ],
                    [
                        -0.5998970334037353,
                        -0.4516183189942678,
                        1.3093722000314134,
                        0.5040148920203805,
                        0.11450906199499251,
                        -0.2855161556660931
                    ],
                    [
                        0.17633571136489565,
                        0.11871453602892254,
                        0.5040148920203805,
                        1.3774813021899688,
                        1.2064451506914853,
                        1.4679957534371268
                    ],
                    [
                        0.6386957131059405,
                        -0.15391061379631965,
                        0.11450906199499251,
                        1.2064451506914853,
                        2.6701493528674036,
                        2.0721383373240467
                    ],
                    [
                        0.6737468087110192,
                        0.7797825829338135,
                        -0.2855161556660931,
                        1.4679957534371268,
                        2.0721383373240467,
                        3.758808120649712
                    ]
                ]
            },
            "est_tgt": [
                0,
                1,
                2,
                3,
                4,
                5
            ],
            "oracle_est_tgt": [
                0,
                1,
                2,
                3,
                4,
                5
            ]
        }
    },
    "metric_dict": {
        "param_est_rel_err": 3.2551032581598762,
        "est_num_comp": 4,
        "weight_precision_error": 0.0012425439312430675,
        "gm_score_dict": {
            "1": -8.516692565263005,
            "2": -7.201118139634902,
            "3": -5.811071604633762,
            "4": -4.330374488136782,
            "5": -4.329964964574098,
            "6": -4.32990735606336,
            "7": -4.329647469709252
        },
        "est_dag": {
            "amat": [
                [
                    0,
                    1,
                    1,
                    1,
                    1,
                    0
                ],
                [
                    0,
                    0,
                    0,
                    0,
                    0,
                    0
                ],
                [
                    0,
                    1,
                    0,
                    1,
                    1,
                    1
                ],
                [
                    0,
                    0,
                    0,
                    0,
                    1,
                    1
                ],
                [
                    0,
                    1,
                    0,
                    0,
                    0,
                    0
                ],
                [
                    0,
                    1,
                    0,
                    0,
                    1,
                    0
                ]
            ],
            "nodes": [
                0,
                1,
                2,
                3,
                4,
                5
            ]
        },
        "oracle_est_dag": {
            "amat": [
                [
                    0,
                    1,
                    1,
                    1,
                    1,
                    1
                ],
                [
                    0,
                    0,
                    0,
                    0,
                    0,
                    0
                ],
                [
                    0,
                    1,
                    0,
                    1,
                    0,
                    1
                ],
                [
                    0,
                    0,
                    0,
                    0,
                    1,
                    1
                ],
                [
                    0,
                    1,
                    0,
                    0,
                    0,
                    1
                ],
                [
                    0,
                    1,
                    0,
                    0,
                    0,
                    0
                ]
            ],
            "nodes": [
                0,
                1,
                2,
                3,
                4,
                5
            ]
        },
        "igsp_dag": null,
        "intv_base_est_dag": null,
        "act_dag": {
            "amat": [
                [
                    0,
                    1,
                    1,
                    1,
                    1,
                    1
                ],
                [
                    0,
                    0,
                    0,
                    0,
                    1,
                    1
                ],
                [
                    0,
                    0,
                    0,
                    1,
                    0,
                    1
                ],
                [
                    0,
                    0,
                    0,
                    0,
                    1,
                    1
                ],
                [
                    0,
                    0,
                    0,
                    0,
                    0,
                    1
                ],
                [
                    0,
                    0,
                    0,
                    0,
                    0,
                    0
                ]
            ],
            "nodes": [
                0,
                1,
                2,
                3,
                4,
                5
            ]
        },
        "shd": 6,
        "oracle_shd": 3,
        "intv_base_shd": null,
        "igsp_shd": null,
        "avg_js": 0.5833333333333334,
        "avg_oracle_js": 0.5833333333333334
    }
}