{
    "expt_args": {
        "save_dir": "all_expt_logs/expt_logs_11.05.24-hard_var_shift-corr",
        "exp_name": "2",
        "num_nodes": 6,
        "obs_noise_mean": 0.0,
        "obs_noise_var": 1.0,
        "max_edge_strength": 1.0,
        "graph_sparsity_method": "adj_dense_prop",
        "adj_dense_prop": 0.8,
        "num_parents": null,
        "new_noise_mean": 1.0,
        "mix_samples": 4096,
        "stage2_samples": 4096,
        "gmm_tol": 0.001,
        "intv_type": "hard",
        "new_noise_var": 0.1,
        "intv_targets": [
            0,
            1,
            2,
            3,
            4,
            5
        ]
    },
    "intv_args_dict": {
        "0": {
            "intv_type": "hard",
            "inode": 0,
            "new_mui": 1.0,
            "new_vari": 0.1,
            "true_params": {
                "Si": [
                    [
                        0.1,
                        0.0,
                        0.05654078836209997,
                        -0.01078697509401741,
                        0.03620959611134663,
                        -0.01849367468596091
                    ],
                    [
                        0.0,
                        1.0,
                        -0.6463520598256706,
                        -1.08370074129459,
                        2.2469320950468448,
                        -1.7318728783659785
                    ],
                    [
                        0.05654078836209997,
                        -0.6463520598256706,
                        1.449739592726965,
                        1.461367994641684,
                        -2.9537862427620434,
                        1.756850937544804
                    ],
                    [
                        -0.01078697509401741,
                        -1.08370074129459,
                        1.461367994641684,
                        2.7638826329510007,
                        -4.347576873740504,
                        3.7072104208991368
                    ],
                    [
                        0.03620959611134663,
                        2.2469320950468448,
                        -2.9537862427620434,
                        -4.347576873740504,
                        8.927689098950328,
                        -6.512125488213258
                    ],
                    [
                        -0.01849367468596091,
                        -1.7318728783659785,
                        1.756850937544804,
                        3.7072104208991368,
                        -6.512125488213258,
                        6.606098193634829
                    ]
                ],
                "mui": [
                    1.0,
                    0.0,
                    0.5654078836209997,
                    -0.10786975094017409,
                    0.3620959611134663,
                    -0.18493674685960912
                ],
                "Ai": [
                    [
                        0.0,
                        0.0,
                        0.0,
                        0.0,
                        0.0,
                        0.0
                    ],
                    [
                        0.0,
                        0.0,
                        0.0,
                        0.0,
                        0.0,
                        0.0
                    ],
                    [
                        0.5654078836209997,
                        -0.6463520598256706,
                        0.0,
                        0.0,
                        0.0,
                        0.0
                    ],
                    [
                        -0.541545982127893,
                        -0.5879391266342793,
                        0.7670148290299004,
                        0.0,
                        0.0,
                        0.0
                    ],
                    [
                        0.8211648685521942,
                        0.8273709301844758,
                        -0.9533540466808755,
                        -0.7413105689005559,
                        0.0,
                        0.0
                    ],
                    [
                        0.6960805132423562,
                        0.0,
                        -0.9843630099424577,
                        0.8562911427601732,
                        -0.6409426410615524,
                        0.0
                    ]
                ]
            },
            "est_params": {
                "mui": [
                    0.9917903558161791,
                    0.16678143989038377,
                    0.3743639227044695,
                    -0.5617301285851957,
                    1.069981576547447,
                    -1.0555692058311705
                ],
                "Si": [
                    [
                        0.13261493592248766,
                        0.02036202656292827,
                        0.08774973141131155,
                        -0.0017184331084285592,
                        0.05411367373166669,
                        -0.03668323829001833
                    ],
                    [
                        0.020362026562928272,
                        0.7484576571063307,
                        -0.38290551139724516,
                        -0.5384464368625729,
                        1.3244530411421456,
                        -0.8573224091488376
                    ],
                    [
                        0.08774973141131157,
                        -0.38290551139724516,
                        1.1842180460613656,
                        0.9036045677696236,
                        -1.860528230482637,
                        0.6217324634025287
                    ],
                    [
                        -0.0017184331084285636,
                        -0.5384464368625729,
                        0.9036045677696236,
                        1.566963204479001,
                        -2.299602131148326,
                        1.7488170313361182
                    ],
                    [
                        0.0541136737316667,
                        1.3244530411421456,
                        -1.860528230482637,
                        -2.299602131148326,
                        5.33204578340367,
                        -3.218672152815427
                    ],
                    [
                        -0.03668323829001833,
                        -0.8573224091488377,
                        0.6217324634025287,
                        1.7488170313361182,
                        -3.218672152815427,
                        3.6673341609792716
                    ]
                ]
            },
            "est_tgt": [
                0,
                1,
                4,
                5
            ],
            "oracle_est_tgt": [
                0,
                4
            ]
        },
        "1": {
            "intv_type": "hard",
            "inode": 1,
            "new_mui": 1.0,
            "new_vari": 0.1,
            "true_params": {
                "Si": [
                    [
                        1.0,
                        0.0,
                        0.5654078836209997,
                        -0.10786975094017409,
                        0.3620959611134663,
                        -0.18493674685960912
                    ],
                    [
                        0.0,
                        0.1,
                        -0.06463520598256706,
                        -0.10837007412945901,
                        0.2246932095046845,
                        -0.17318728783659787
                    ],
                    [
                        0.5654078836209997,
                        -0.06463520598256706,
                        1.3614631733848666,
                        0.7760696420811286,
                        -1.4624492536955105,
                        0.6552830703044673
                    ],
                    [
                        -0.10786975094017409,
                        -0.10837007412945901,
                        0.7760696420811286,
                        1.7173883607879068,
                        -2.1912283754312964,
                        2.0360158637383403
                    ],
                    [
                        0.3620959611134663,
                        0.2246932095046845,
                        -1.4624492536955105,
                        -2.1912283754312964,
                        4.501857779723103,
                        -3.0701331729551447
                    ],
                    [
                        -0.18493674685960912,
                        -0.17318728783659787,
                        0.6552830703044673,
                        2.0360158637383403,
                        -3.0701331729551447,
                        3.9374343338022495
                    ]
                ],
                "mui": [
                    0.0,
                    1.0,
                    -0.6463520598256706,
                    -1.08370074129459,
                    2.2469320950468448,
                    -1.7318728783659785
                ],
                "Ai": [
                    [
                        0.0,
                        0.0,
                        0.0,
                        0.0,
                        0.0,
                        0.0
                    ],
                    [
                        0.0,
                        0.0,
                        0.0,
                        0.0,
                        0.0,
                        0.0
                    ],
                    [
                        0.5654078836209997,
                        -0.6463520598256706,
                        0.0,
                        0.0,
                        0.0,
                        0.0
                    ],
                    [
                        -0.541545982127893,
                        -0.5879391266342793,
                        0.7670148290299004,
                        0.0,
                        0.0,
                        0.0
                    ],
                    [
                        0.8211648685521942,
                        0.8273709301844758,
                        -0.9533540466808755,
                        -0.7413105689005559,
                        0.0,
                        0.0
                    ],
                    [
                        0.6960805132423562,
                        0.0,
                        -0.9843630099424577,
                        0.8562911427601732,
                        -0.6409426410615524,
                        0.0
                    ]
                ]
            },
            "est_params": {
                "mui": [
                    -0.16160846926357875,
                    0.9422560819991045,
                    -0.883884848885794,
                    -1.2188387414511763,
                    2.469927120395588,
                    -1.8673040419720943
                ],
                "Si": [
                    [
                        1.007312520047322,
                        0.07589800247385421,
                        0.3725258099450234,
                        -0.42110406260148264,
                        0.8610748775635959,
                        -0.6612757841216256
                    ],
                    [
                        0.07589800247385421,
                        0.27379502632906494,
                        -0.14653398371931228,
                        -0.3705454412404463,
                        0.6787456812694783,
                        -0.5740394744765344
                    ],
                    [
                        0.37252580994502343,
                        -0.14653398371931228,
                        1.1905790530770308,
                        0.7401827332040668,
                        -1.4607101644231026,
                        0.6493176213652991
                    ],
                    [
                        -0.42110406260148264,
                        -0.3705454412404463,
                        0.7401827332040668,
                        1.972098867655822,
                        -2.7576725571655776,
                        2.5101700844322954
                    ],
                    [
                        0.8610748775635961,
                        0.6787456812694782,
                        -1.4607101644231026,
                        -2.7576725571655776,
                        5.5696807425090595,
                        -3.881414562716626
                    ],
                    [
                        -0.6612757841216255,
                        -0.5740394744765344,
                        0.6493176213652991,
                        2.5101700844322954,
                        -3.881414562716626,
                        4.529981543554392
                    ]
                ]
            },
            "est_tgt": [
                0,
                1
            ],
            "oracle_est_tgt": [
                1,
                4
            ]
        },
        "2": {
            "intv_type": "hard",
            "inode": 2,
            "new_mui": 1.0,
            "new_vari": 0.1,
            "true_params": {
                "Si": [
                    [
                        1.0,
                        0.0,
                        0.0,
                        -0.541545982127893,
                        1.2226186286492329,
                        -0.5512689275086103
                    ],
                    [
                        0.0,
                        1.0,
                        0.0,
                        -0.5879391266342793,
                        1.2632164186286294,
                        -1.3130963342072346
                    ],
                    [
                        0.0,
                        0.0,
                        0.1,
                        0.07670148290299005,
                        -0.15219502459441936,
                        0.06479078047213052
                    ],
                    [
                        -0.541545982127893,
                        -0.5879391266342793,
                        0.07670148290299005,
                        1.69777564218152,
                        -2.2628449736073506,
                        2.451682370729398
                    ],
                    [
                        1.2226186286492329,
                        1.2632164186286294,
                        -0.15219502459441936,
                        -2.2628449736073506,
                        4.871686646089697,
                        -4.059269658670527
                    ],
                    [
                        -0.5512689275086103,
                        -1.3130963342072346,
                        0.06479078047213052,
                        2.451682370729398,
                        -4.059269658670527,
                        5.253607709049336
                    ]
                ],
                "mui": [
                    0.0,
                    0.0,
                    1.0,
                    0.7670148290299004,
                    -1.5219502459441936,
                    0.6479078047213052
                ],
                "Ai": [
                    [
                        0.0,
                        0.0,
                        0.0,
                        0.0,
                        0.0,
                        0.0
                    ],
                    [
                        0.0,
                        0.0,
                        0.0,
                        0.0,
                        0.0,
                        0.0
                    ],
                    [
                        0.0,
                        0.0,
                        0.0,
                        0.0,
                        0.0,
                        0.0
                    ],
                    [
                        -0.541545982127893,
                        -0.5879391266342793,
                        0.7670148290299004,
                        0.0,
                        0.0,
                        0.0
                    ],
                    [
                        0.8211648685521942,
                        0.8273709301844758,
                        -0.9533540466808755,
                        -0.7413105689005559,
                        0.0,
                        0.0
                    ],
                    [
                        0.6960805132423562,
                        0.0,
                        -0.9843630099424577,
                        0.8562911427601732,
                        -0.6409426410615524,
                        0.0
                    ]
                ]
            },
            "est_params": {
                "mui": [
                    0.06660001086306974,
                    0.018183158158304062,
                    0.9525753621454707,
                    0.8072243877836335,
                    -1.4762874507342298,
                    0.7331816773830349
                ],
                "Si": [
                    [
                        1.0355402032358187,
                        0.0412283164535448,
                        0.007510520804424545,
                        -0.4494203977116706,
                        1.1843231459001375,
                        -0.28128615524994566
                    ],
                    [
                        0.0412283164535448,
                        0.8748486287516148,
                        0.004776608610250335,
                        -0.47172737230449424,
                        1.1770186319798088,
                        -1.088331504581176
                    ],
                    [
                        0.007510520804424549,
                        0.004776608610250333,
                        0.14688441224985122,
                        0.06493605016715502,
                        -0.18095432405760226,
                        0.04351698904861011
                    ],
                    [
                        -0.4494203977116706,
                        -0.47172737230449413,
                        0.06493605016715503,
                        1.5378211658715013,
                        -2.0044134182830113,
                        2.123814995784441
                    ],
                    [
                        1.1843231459001375,
                        1.1770186319798088,
                        -0.18095432405760226,
                        -2.0044134182830113,
                        4.704828778915125,
                        -3.481253256759383
                    ],
                    [
                        -0.28128615524994566,
                        -1.088331504581176,
                        0.0435169890486101,
                        2.123814995784441,
                        -3.4812532567593837,
                        4.696035915201797
                    ]
                ]
            },
            "est_tgt": [
                2,
                4
            ],
            "oracle_est_tgt": [
                1,
                2,
                4,
                5
            ]
        },
        "3": {
            "intv_type": "hard",
            "inode": 3,
            "new_mui": 1.0,
            "new_vari": 0.1,
            "true_params": {
                "Si": [
                    [
                        1.0,
                        0.0,
                        0.5654078836209997,
                        0.0,
                        0.28213097467684456,
                        -0.04131586495865261
                    ],
                    [
                        0.0,
                        1.0,
                        -0.6463520598256706,
                        0.0,
                        1.4435732819997982,
                        -0.28900261283833917
                    ],
                    [
                        0.5654078836209997,
                        -0.6463520598256706,
                        1.737457060101665,
                        0.0,
                        -1.726891533714784,
                        -0.20988063105928034
                    ],
                    [
                        0.0,
                        0.0,
                        0.0,
                        0.1,
                        -0.0741310568900556,
                        0.13314286966381375
                    ],
                    [
                        0.28213097467684456,
                        1.4435732819997982,
                        -1.726891533714784,
                        -0.0741310568900556,
                        4.127339781654943,
                        -0.8125918060044788
                    ],
                    [
                        -0.04131586495865261,
                        -0.28900261283833917,
                        -0.20988063105928034,
                        0.13314286966381375,
                        -0.8125918060044788,
                        1.812673359492948
                    ]
                ],
                "mui": [
                    0.0,
                    0.0,
                    0.0,
                    1.0,
                    -0.7413105689005559,
                    1.3314286966381375
                ],
                "Ai": [
                    [
                        0.0,
                        0.0,
                        0.0,
                        0.0,
                        0.0,
                        0.0
                    ],
                    [
                        0.0,
                        0.0,
                        0.0,
                        0.0,
                        0.0,
                        0.0
                    ],
                    [
                        0.5654078836209997,
                        -0.6463520598256706,
                        0.0,
                        0.0,
                        0.0,
                        0.0
                    ],
                    [
                        0.0,
                        0.0,
                        0.0,
                        0.0,
                        0.0,
                        0.0
                    ],
                    [
                        0.8211648685521942,
                        0.8273709301844758,
                        -0.9533540466808755,
                        -0.7413105689005559,
                        0.0,
                        0.0
                    ],
                    [
                        0.6960805132423562,
                        0.0,
                        -0.9843630099424577,
                        0.8562911427601732,
                        -0.6409426410615524,
                        0.0
                    ]
                ]
            },
            "est_params": {
                "mui": [
                    0.08397848305245176,
                    -0.08768482121693388,
                    0.011285221519914969,
                    0.9665391350913732,
                    -0.6551002626416628,
                    1.3485688316058093
                ],
                "Si": [
                    [
                        1.166215265700035,
                        -0.07037524731132173,
                        0.7188611269340445,
                        -0.026211282863681535,
                        0.25308406779961995,
                        -0.07948989508687199
                    ],
                    [
                        -0.07037524731132173,
                        1.003431686154171,
                        -0.6337509139461276,
                        -0.01642082489573431,
                        1.4464486302691653,
                        -0.42864727136120145
                    ],
                    [
                        0.7188611269340445,
                        -0.6337509139461275,
                        1.713861656686348,
                        -0.006611066489724733,
                        -1.6021616626333157,
                        -0.15425481849446132
                    ],
                    [
                        -0.026211282863681542,
                        -0.016420824895734307,
                        -0.00661106648972473,
                        0.14279435946448055,
                        -0.12682259927528974,
                        0.18657281472804732
                    ],
                    [
                        0.25308406779961995,
                        1.4464486302691653,
                        -1.6021616626333157,
                        -0.12682259927528974,
                        4.069720472375051,
                        -1.0101546928443184
                    ],
                    [
                        -0.07948989508687199,
                        -0.42864727136120145,
                        -0.15425481849446135,
                        0.18657281472804732,
                        -1.0101546928443184,
                        1.9628064117518165
                    ]
                ]
            },
            "est_tgt": [
                2,
                3,
                4,
                5
            ],
            "oracle_est_tgt": [
                1,
                2,
                3,
                4,
                5
            ]
        },
        "4": {
            "intv_type": "hard",
            "inode": 4,
            "new_mui": 1.0,
            "new_vari": 0.1,
            "true_params": {
                "Si": [
                    [
                        1.0,
                        0.0,
                        0.5654078836209997,
                        -0.10786975094017409,
                        0.0,
                        0.047145994774177157
                    ],
                    [
                        0.0,
                        1.0,
                        -0.6463520598256706,
                        -1.08370074129459,
                        0.0,
                        -0.29171828708068664
                    ],
                    [
                        0.5654078836209997,
                        -0.6463520598256706,
                        1.737457060101665,
                        1.4064766278144565,
                        0.0,
                        -0.1123655726085532
                    ],
                    [
                        -0.10786975094017409,
                        -1.08370074129459,
                        1.4064766278144565,
                        2.7743549278021065,
                        0.0,
                        0.9160859531830655
                    ],
                    [
                        0.0,
                        0.0,
                        0.0,
                        0.0,
                        0.1,
                        -0.06409426410615525
                    ],
                    [
                        0.047145994774177157,
                        -0.29171828708068664,
                        -0.1123655726085532,
                        0.9160859531830655,
                        -0.06409426410615525,
                        1.9689429561373593
                    ]
                ],
                "mui": [
                    0.0,
                    0.0,
                    0.0,
                    0.0,
                    1.0,
                    -0.6409426410615524
                ],
                "Ai": [
                    [
                        0.0,
                        0.0,
                        0.0,
                        0.0,
                        0.0,
                        0.0
                    ],
                    [
                        0.0,
                        0.0,
                        0.0,
                        0.0,
                        0.0,
                        0.0
                    ],
                    [
                        0.5654078836209997,
                        -0.6463520598256706,
                        0.0,
                        0.0,
                        0.0,
                        0.0
                    ],
                    [
                        -0.541545982127893,
                        -0.5879391266342793,
                        0.7670148290299004,
                        0.0,
                        0.0,
                        0.0
                    ],
                    [
                        0.0,
                        0.0,
                        0.0,
                        0.0,
                        0.0,
                        0.0
                    ],
                    [
                        0.6960805132423562,
                        0.0,
                        -0.9843630099424577,
                        0.8562911427601732,
                        -0.6409426410615524,
                        0.0
                    ]
                ]
            },
            "est_params": {
                "mui": [
                    -0.05377677517046456,
                    -0.036845436623208376,
                    0.008718292597388658,
                    -0.06639593625198648,
                    1.0037726186059326,
                    -0.8127036986792592
                ],
                "Si": [
                    [
                        1.0369219407013588,
                        -0.0017962705366732002,
                        0.5841677326819965,
                        -0.14942978326231743,
                        0.033157255538378484,
                        0.03820057017277324
                    ],
                    [
                        -0.0017962705366731805,
                        1.0369873699504621,
                        -0.7226225537532456,
                        -1.2370998593694666,
                        -0.02238697122873169,
                        -0.2846825848652055
                    ],
                    [
                        0.5841677326819964,
                        -0.7226225537532456,
                        1.836050534930229,
                        1.5784729358396816,
                        0.044286359444767304,
                        -0.044261284460758325
                    ],
                    [
                        -0.14942978326231737,
                        -1.2370998593694666,
                        1.5784729358396816,
                        3.098891127254436,
                        0.03341717737221528,
                        0.8581498675256893
                    ],
                    [
                        0.033157255538378484,
                        -0.02238697122873169,
                        0.0442863594447673,
                        0.033417177372215286,
                        0.08782506718691549,
                        -0.04333303560938659
                    ],
                    [
                        0.03820057017277326,
                        -0.2846825848652055,
                        -0.04426128446075832,
                        0.8581498675256892,
                        -0.04333303560938658,
                        1.6312706234361565
                    ]
                ]
            },
            "est_tgt": [
                2,
                3,
                4,
                5
            ],
            "oracle_est_tgt": [
                1,
                2,
                3,
                4
            ]
        },
        "5": {
            "intv_type": "hard",
            "inode": 5,
            "new_mui": 1.0,
            "new_vari": 0.1,
            "true_params": {
                "Si": [
                    [
                        1.0,
                        0.0,
                        0.5654078836209997,
                        -0.10786975094017409,
                        0.3620959611134663,
                        0.0
                    ],
                    [
                        0.0,
                        1.0,
                        -0.6463520598256706,
                        -1.08370074129459,
                        2.2469320950468448,
                        0.0
                    ],
                    [
                        0.5654078836209997,
                        -0.6463520598256706,
                        1.737457060101665,
                        1.4064766278144565,
                        -2.7695275228252543,
                        0.0
                    ],
                    [
                        -0.10786975094017409,
                        -1.08370074129459,
                        1.4064766278144565,
                        2.7743549278021065,
                        -4.3827301547680815,
                        0.0
                    ],
                    [
                        0.3620959611134663,
                        2.2469320950468448,
                        -2.7695275228252543,
                        -4.3827301547680815,
                        9.045691235499545,
                        0.0
                    ],
                    [
                        0.0,
                        0.0,
                        0.0,
                        0.0,
                        0.0,
                        0.1
                    ]
                ],
                "mui": [
                    0.0,
                    0.0,
                    0.0,
                    0.0,
                    0.0,
                    1.0
                ],
                "Ai": [
                    [
                        0.0,
                        0.0,
                        0.0,
                        0.0,
                        0.0,
                        0.0
                    ],
                    [
                        0.0,
                        0.0,
                        0.0,
                        0.0,
                        0.0,
                        0.0
                    ],
                    [
                        0.5654078836209997,
                        -0.6463520598256706,
                        0.0,
                        0.0,
                        0.0,
                        0.0
                    ],
                    [
                        -0.541545982127893,
                        -0.5879391266342793,
                        0.7670148290299004,
                        0.0,
                        0.0,
                        0.0
                    ],
                    [
                        0.8211648685521942,
                        0.8273709301844758,
                        -0.9533540466808755,
                        -0.7413105689005559,
                        0.0,
                        0.0
                    ],
                    [
                        0.0,
                        0.0,
                        0.0,
                        0.0,
                        0.0,
                        0.0
                    ]
                ]
            },
            "est_params": {
                "mui": [
                    0.01188333656822739,
                    -0.07568616680203792,
                    0.06957813426382876,
                    0.1522826267996611,
                    -0.3340965763671139,
                    1.0422276136738942
                ],
                "Si": [
                    [
                        0.9853996942475185,
                        -0.005739639305102006,
                        0.6223907991073198,
                        -0.040371261230288814,
                        0.28894150712179056,
                        0.0087335319639285
                    ],
                    [
                        -0.005739639305102008,
                        0.9782039202747483,
                        -0.549371578112623,
                        -0.9498340164236306,
                        2.006034123150207,
                        -0.030736186627165263
                    ],
                    [
                        0.6223907991073199,
                        -0.549371578112623,
                        1.6992937670062744,
                        1.26734143367557,
                        -2.441676904232879,
                        0.021030113839471808
                    ],
                    [
                        -0.040371261230288814,
                        -0.9498340164236306,
                        1.26734143367557,
                        2.4614974684668502,
                        -3.8743240180868708,
                        0.057090619859072364
                    ],
                    [
                        0.2889415071217905,
                        2.0060341231502075,
                        -2.4416769042328785,
                        -3.8743240180868708,
                        8.121695951653843,
                        -0.08526653908829344
                    ],
                    [
                        0.0087335319639285,
                        -0.030736186627165263,
                        0.021030113839471804,
                        0.057090619859072364,
                        -0.08526653908829344,
                        0.12469195742280778
                    ]
                ]
            },
            "est_tgt": [
                3,
                5
            ],
            "oracle_est_tgt": [
                2,
                3,
                5
            ]
        },
        "obs": {
            "intv_type": "obs",
            "true_params": {
                "Si": [
                    [
                        1.0,
                        0.0,
                        0.5654078836209997,
                        -0.10786975094017409,
                        0.3620959611134663,
                        -0.18493674685960912
                    ],
                    [
                        0.0,
                        1.0,
                        -0.6463520598256706,
                        -1.08370074129459,
                        2.2469320950468448,
                        -1.7318728783659785
                    ],
                    [
                        0.5654078836209997,
                        -0.6463520598256706,
                        1.737457060101665,
                        1.4064766278144565,
                        -2.7695275228252543,
                        1.6627427123637242
                    ],
                    [
                        -0.10786975094017409,
                        -1.08370074129459,
                        1.4064766278144565,
                        2.7743549278021065,
                        -4.3827301547680815,
                        3.7251645936402253
                    ],
                    [
                        0.3620959611134663,
                        2.2469320950468448,
                        -2.7695275228252543,
                        -4.3827301547680815,
                        9.045691235499545,
                        -6.572393852402653
                    ],
                    [
                        -0.18493674685960912,
                        -1.7318728783659785,
                        1.6627427123637242,
                        3.7251645936402253,
                        -6.572393852402653,
                        6.636879633939943
                    ]
                ],
                "mui": [
                    0.0,
                    0.0,
                    0.0,
                    0.0,
                    0.0,
                    0.0
                ],
                "Ai": [
                    [
                        0.0,
                        0.0,
                        0.0,
                        0.0,
                        0.0,
                        0.0
                    ],
                    [
                        0.0,
