{
    "expt_args": {
        "save_dir": "all_expt_logs/expt_logs_11.05.24-hard_var_shift-corr",
        "exp_name": "409",
        "num_nodes": 6,
        "obs_noise_mean": 0.0,
        "obs_noise_var": 1.0,
        "max_edge_strength": 1.0,
        "graph_sparsity_method": "adj_dense_prop",
        "adj_dense_prop": 0.8,
        "num_parents": null,
        "new_noise_mean": 1.0,
        "mix_samples": 2048,
        "stage2_samples": 2048,
        "gmm_tol": 0.001,
        "intv_type": "hard",
        "new_noise_var": 0.5,
        "intv_targets": [
            0,
            1,
            2,
            3,
            4,
            5
        ]
    },
    "intv_args_dict": {
        "0": {
            "intv_type": "hard",
            "inode": 0,
            "new_mui": 1.0,
            "new_vari": 0.5,
            "true_params": {
                "Si": [
                    [
                        0.5,
                        -0.4043629127829529,
                        -0.5718369218867985,
                        -1.2309545734602338,
                        0.8627594138110565,
                        -0.350426595925777
                    ],
                    [
                        -0.4043629127829529,
                        1.327018730468628,
                        1.0656723693762107,
                        2.1112246842093962,
                        -2.2379979046947422,
                        0.35226969540939346
                    ],
                    [
                        -0.5718369218867985,
                        1.0656723693762107,
                        2.0178609535270433,
                        2.949687524847381,
                        -2.579277810503507,
                        1.2370950274109442
                    ],
                    [
                        -1.2309545734602338,
                        2.1112246842093962,
                        2.949687524847381,
                        6.030247191308305,
                        -5.182580822267568,
                        1.5271609802871224
                    ],
                    [
                        0.8627594138110565,
                        -2.2379979046947422,
                        -2.579277810503507,
                        -5.182580822267568,
                        5.884364510873479,
                        -2.048541976724202
                    ],
                    [
                        -0.350426595925777,
                        0.35226969540939346,
                        1.2370950274109442,
                        1.5271609802871224,
                        -2.048541976724202,
                        2.6831201652278267
                    ]
                ],
                "mui": [
                    1.0,
                    -0.8087258255659058,
                    -1.143673843773597,
                    -2.4619091469204677,
                    1.725518827622113,
                    -0.700853191851554
                ],
                "Ai": [
                    [
                        0.0,
                        0.0,
                        0.0,
                        0.0,
                        0.0,
                        0.0
                    ],
                    [
                        -0.8087258255659058,
                        0.0,
                        0.0,
                        0.0,
                        0.0,
                        0.0
                    ],
                    [
                        -0.6558398455280636,
                        0.6032130826342433,
                        0.0,
                        0.0,
                        0.0,
                        0.0
                    ],
                    [
                        -0.9897645396435106,
                        0.5916121406130395,
                        0.868860117641701,
                        0.0,
                        0.0,
                        0.0
                    ],
                    [
                        -0.7110299686367199,
                        -0.6883052692489515,
                        0.0,
                        -0.7635937952851035,
                        0.0,
                        0.0
                    ],
                    [
                        -0.8579846066414366,
                        -0.9616204555983976,
                        0.8842253709485788,
                        -0.7818642621910304,
                        -0.8891060517390081,
                        0.0
                    ]
                ]
            },
            "est_params": {
                "mui": [
                    0.9141646272934916,
                    -0.8221169916652724,
                    -1.5447662210128243,
                    -2.9566391722097367,
                    2.3797943028487336,
                    -1.0406125089281917
                ],
                "Si": [
                    [
                        0.5406750295189219,
                        -0.28087080322347613,
                        -0.4254935236358835,
                        -0.8980443465473408,
                        0.4128080384729874,
                        -0.20579899901671403
                    ],
                    [
                        -0.2808708032234762,
                        1.2627676281808211,
                        0.7387214512439112,
                        1.386341836885698,
                        -1.7425932042734023,
                        -0.04225809335876044
                    ],
                    [
                        -0.4254935236358835,
                        0.7387214512439112,
                        1.261713522039382,
                        1.5422145551648774,
                        -1.341441297827726,
                        0.5810124527367255
                    ],
                    [
                        -0.8980443465473409,
                        1.386341836885698,
                        1.5422145551648774,
                        3.214848033626276,
                        -2.66562204626656,
                        0.27681879174299695
                    ],
                    [
                        0.4128080384729874,
                        -1.7425932042734023,
                        -1.341441297827726,
                        -2.66562204626656,
                        3.6759233117872925,
                        -0.700924928735017
                    ],
                    [
                        -0.20579899901671403,
                        -0.04225809335876044,
                        0.5810124527367255,
                        0.2768187917429969,
                        -0.700924928735017,
                        2.7330881622070358
                    ]
                ]
            },
            "est_tgt": [
                1,
                3
            ],
            "oracle_est_tgt": [
                0
            ]
        },
        "1": {
            "intv_type": "hard",
            "inode": 1,
            "new_mui": 1.0,
            "new_vari": 0.5,
            "true_params": {
                "Si": [
                    [
                        1.0,
                        0.0,
                        -0.6558398455280636,
                        -1.5595976249831391,
                        0.4798691009417889,
                        -0.6451557126539234
                    ],
                    [
                        0.0,
                        0.5,
                        0.30160654131712167,
                        0.5578599652768206,
                        -0.7701310427478193,
                        0.03443532865953469
                    ],
                    [
                        -0.6558398455280636,
                        0.30160654131712167,
                        1.6120589145128275,
                        2.2282148124294405,
                        -1.442726592165478,
                        1.2386682776642695
                    ],
                    [
                        -1.5595976249831391,
                        0.5578599652768206,
                        2.2282148124294405,
                        4.80967813759871,
                        -2.9476976864141955,
                        1.6322056731520052
                    ],
                    [
                        0.4798691009417889,
                        -0.7701310427478193,
                        -1.442726592165478,
                        -2.9476976864141955,
                        3.439727606665277,
                        -1.7004251484175823
                    ],
                    [
                        -0.6451557126539234,
                        0.03443532865953469,
                        1.2386682776642695,
                        1.6322056731520052,
                        -1.7004251484175823,
                        2.8513768768137826
                    ]
                ],
                "mui": [
                    0.0,
                    1.0,
                    0.6032130826342433,
                    1.1157199305536412,
                    -1.5402620854956386,
                    0.06887065731906938
                ],
                "Ai": [
                    [
                        0.0,
                        0.0,
                        0.0,
                        0.0,
                        0.0,
                        0.0
                    ],
                    [
                        0.0,
                        0.0,
                        0.0,
                        0.0,
                        0.0,
                        0.0
                    ],
                    [
                        -0.6558398455280636,
                        0.6032130826342433,
                        0.0,
                        0.0,
                        0.0,
                        0.0
                    ],
                    [
                        -0.9897645396435106,
                        0.5916121406130395,
                        0.868860117641701,
                        0.0,
                        0.0,
                        0.0
                    ],
                    [
                        -0.7110299686367199,
                        -0.6883052692489515,
                        0.0,
                        -0.7635937952851035,
                        0.0,
                        0.0
                    ],
                    [
                        -0.8579846066414366,
                        -0.9616204555983976,
                        0.8842253709485788,
                        -0.7818642621910304,
                        -0.8891060517390081,
                        0.0
                    ]
                ]
            },
            "est_params": {
                "mui": [
                    -0.5882469051231329,
                    1.1346093653834655,
                    1.3823269102757032,
                    2.7405880576607506,
                    -2.49265575488996,
                    0.8752726774346098
                ],
                "Si": [
                    [
                        0.8231455576323816,
                        -0.2827678207377065,
                        -0.4156764241910846,
                        -1.2233656676509157,
                        0.4955218811831677,
                        -0.13228897465564476
                    ],
                    [
                        -0.2827678207377065,
                        0.7548801820881893,
                        0.3567444078995931,
                        0.9567475991265044,
                        -0.9034901648301822,
                        -0.16942948703079713
                    ],
                    [
                        -0.4156764241910846,
                        0.3567444078995931,
                        1.1952213542128198,
                        1.513854103557488,
                        -0.9900135517491223,
                        0.512707516102177
                    ],
                    [
                        -1.2233656676509157,
                        0.9567475991265044,
                        1.513854103557488,
                        3.7308114258172416,
                        -2.5656647928654657,
                        0.31664477624968695
                    ],
                    [
                        0.4955218811831677,
                        -0.9034901648301822,
                        -0.9900135517491225,
                        -2.5656647928654666,
                        3.0786109680303757,
                        -0.7294553868349286
                    ],
                    [
                        -0.13228897465564476,
                        -0.16942948703079713,
                        0.5127075161021771,
                        0.31664477624968684,
                        -0.7294553868349287,
                        2.0022133719441007
                    ]
                ]
            },
            "est_tgt": [
                1,
                3
            ],
            "oracle_est_tgt": [
                1,
                3,
                4
            ]
        },
        "2": {
            "intv_type": "hard",
            "inode": 2,
            "new_mui": 1.0,
            "new_vari": 0.5,
            "true_params": {
                "Si": [
                    [
                        1.0,
                        -0.8087258255659058,
                        0.0,
                        -1.4682165564756038,
                        0.9667413311376334,
                        0.20811317687819886
                    ],
                    [
                        -0.8087258255659058,
                        1.654037460937256,
                        0.0,
                        1.7789967873583035,
                        -1.921885310169372,
                        -0.57885609800259
                    ],
                    [
                        0.0,
                        0.0,
                        0.5,
                        0.4344300588208505,
                        -0.331728097400944,
                        0.3973888069917656
                    ],
                    [
                        -1.4682165564756038,
                        1.7789967873583035,
                        0.4344300588208505,
                        3.883123733643998,
                        -3.1456760799477967,
                        -0.3061144500931495
                    ],
                    [
                        0.9667413311376334,
                        -1.921885310169372,
                        -0.331728097400944,
                        -3.1456760799477967,
                        4.037480464148027,
                        -0.4049039602372913
                    ],
                    [
                        0.20811317687819886,
                        -0.57885609800259,
                        0.3973888069917656,
                        -0.3061144500931495,
                        -0.4049039602372913,
                        2.328805737847687
                    ]
                ],
                "mui": [
                    0.0,
                    0.0,
                    1.0,
                    0.868860117641701,
                    -0.663456194801888,
                    0.7947776139835312
                ],
                "Ai": [
                    [
                        0.0,
                        0.0,
                        0.0,
                        0.0,
                        0.0,
                        0.0
                    ],
                    [
                        -0.8087258255659058,
                        0.0,
                        0.0,
                        0.0,
                        0.0,
                        0.0
                    ],
                    [
                        0.0,
                        0.0,
                        0.0,
                        0.0,
                        0.0,
                        0.0
                    ],
                    [
                        -0.9897645396435106,
                        0.5916121406130395,
                        0.868860117641701,
                        0.0,
                        0.0,
                        0.0
                    ],
                    [
                        -0.7110299686367199,
                        -0.6883052692489515,
                        0.0,
                        -0.7635937952851035,
                        0.0,
                        0.0
                    ],
                    [
                        -0.8579846066414366,
                        -0.9616204555983976,
                        0.8842253709485788,
                        -0.7818642621910304,
                        -0.8891060517390081,
                        0.0
                    ]
                ]
            },
            "est_params": {
                "mui": [
                    0.045120257957967376,
                    -0.08023249812794872,
                    0.695348809327944,
                    0.4018811809461745,
                    -0.4855034823526914,
                    0.8719759760161194
                ],
                "Si": [
                    [
                        0.6618170506507508,
                        -0.30918913705575174,
                        0.11553236774714709,
                        -0.7962078957284269,
                        0.22877542715349317,
                        0.2523693275498986
                    ],
                    [
                        -0.30918913705575174,
                        1.1348200553695802,
                        -0.24222928282467182,
                        0.668272812783894,
                        -1.0663830027385832,
                        -0.6929676679564012
                    ],
                    [
                        0.11553236774714709,
                        -0.24222928282467182,
                        0.4895917837028431,
                        0.1352794842168862,
                        0.17105996624694256,
                        0.26473674970357886
                    ],
                    [
                        -0.7962078957284267,
                        0.6682728127838942,
                        0.1352794842168862,
                        2.1888736798423567,
                        -1.2892243189369361,
                        -0.4769425144857649
                    ],
                    [
                        0.22877542715349317,
                        -1.0663830027385832,
                        0.17105996624694256,
                        -1.2892243189369361,
                        2.57917382541737,
                        0.09750947161149084
                    ],
                    [
                        0.2523693275498986,
                        -0.6929676679564012,
                        0.26473674970357886,
                        -0.4769425144857649,
                        0.09750947161149084,
                        1.8128892783146013
                    ]
                ]
            },
            "est_tgt": [
                2,
                3,
                5
            ],
            "oracle_est_tgt": [
                1,
                2,
                3
            ]
        },
        "3": {
            "intv_type": "hard",
            "inode": 3,
            "new_mui": 1.0,
            "new_vari": 0.5,
            "true_params": {
                "Si": [
                    [
                        1.0,
                        -0.8087258255659058,
                        -1.143673843773597,
                        0.0,
                        -0.15437972152199847,
                        -0.954302793890464
                    ],
                    [
                        -0.8087258255659058,
                        1.654037460937256,
                        1.5281316561181781,
                        0.0,
                        -0.5634544015104387,
                        0.9555015513169081
                    ],
                    [
                        -1.143673843773597,
                        1.5281316561181781,
                        2.67185588399298,
                        0.0,
                        -0.23863469374329144,
                        2.086466204112374
                    ],
                    [
                        0.0,
                        0.0,
                        0.0,
                        0.5,
                        -0.38179689764255176,
                        -0.0514741988663438
                    ],
                    [
                        -0.15437972152199847,
                        -0.5634544015104387,
                        -0.23863469374329144,
                        -0.38179689764255176,
                        1.7891349841920356,
                        -0.828939539804501
                    ],
                    [
                        -0.954302793890464,
                        0.9555015513169081,
                        2.086466204112374,
                        -0.0514741988663438,
                        -0.828939539804501,
                        3.5221146213179684
                    ]
                ],
                "mui": [
                    0.0,
                    0.0,
                    0.0,
                    1.0,
                    -0.7635937952851035,
                    -0.1029483977326876
                ],
                "Ai": [
                    [
                        0.0,
                        0.0,
                        0.0,
                        0.0,
                        0.0,
                        0.0
                    ],
                    [
                        -0.8087258255659058,
                        0.0,
                        0.0,
                        0.0,
                        0.0,
                        0.0
                    ],
                    [
                        -0.6558398455280636,
                        0.6032130826342433,
                        0.0,
                        0.0,
                        0.0,
                        0.0
                    ],
                    [
                        0.0,
                        0.0,
                        0.0,
                        0.0,
                        0.0,
                        0.0
                    ],
                    [
                        -0.7110299686367199,
                        -0.6883052692489515,
                        0.0,
                        -0.7635937952851035,
                        0.0,
                        0.0
                    ],
                    [
                        -0.8579846066414366,
                        -0.9616204555983976,
                        0.8842253709485788,
                        -0.7818642621910304,
                        -0.8891060517390081,
                        0.0
                    ]
                ]
            },
            "est_params": {
                "mui": [
                    0.08865503982888998,
                    -0.2813245089801461,
                    -0.340314177979157,
                    0.9457920398048044,
                    -0.41465053423515535,
                    -0.5984505687700565
                ],
                "Si": [
                    [
                        1.004428112481172,
                        -0.6593841341420519,
                        -1.1243693756748048,
                        -0.05297101229641887,
                        -0.3654188095147403,
                        -0.7978981172068458
                    ],
                    [
                        -0.6593841341420519,
                        1.434812483248721,
                        1.3434395990184886,
                        -0.08067204486981272,
                        -0.2867014228953819,
                        0.7597343649995993
                    ],
                    [
                        -1.1243693756748048,
                        1.3434395990184886,
                        2.515818334928803,
                        -0.07033340204789568,
                        0.09026739911109895,
                        1.742669650723293
                    ],
                    [
                        -0.05297101229641888,
                        -0.0806720448698127,
                        -0.07033340204789568,
                        0.4227406530696544,
                        -0.14840699381300523,
                        -0.22543239839605653
                    ],
                    [
                        -0.3654188095147403,
                        -0.2867014228953819,
                        0.09026739911109888,
                        -0.14840699381300523,
                        1.4503775460170858,
                        -0.5977204460311147
                    ],
                    [
                        -0.7978981172068458,
                        0.7597343649995993,
                        1.7426696507232933,
                        -0.22543239839605653,
                        -0.5977204460311147,
                        3.1331116325907584
                    ]
                ]
            },
            "est_tgt": [
                0,
                1,
                2,
                3,
                4
            ],
            "oracle_est_tgt": [
                1,
                2,
                3,
                4
            ]
        },
        "4": {
            "intv_type": "hard",
            "inode": 4,
            "new_mui": 1.0,
            "new_vari": 0.5,
            "true_params": {
                "Si": [
                    [
                        1.0,
                        -0.8087258255659058,
                        -1.143673843773597,
                        -2.4619091469204677,
                        0.0,
                        0.833316040176865
                    ],
                    [
                        -0.8087258255659058,
                        1.654037460937256,
                        1.5281316561181781,
                        3.1067294378651513,
                        0.0,
                        -1.9745098867085953
                    ],
                    [
                        -1.143673843773597,
                        1.5281316561181781,
                        2.67185588399298,
                        4.357498073387335,
                        0.0,
                        -1.5326773623974965
                    ],
                    [
                        -2.4619091469204677,
                        3.1067294378651513,
                        4.357498073387335,
                        9.060745515153638,
                        0.0,
                        -4.106477183210981
                    ],
                    [
                        0.0,
                        0.0,
                        0.0,
                        0.0,
                        0.5,
                        -0.44455302586950407
                    ],
                    [
                        0.833316040176865,
                        -1.9745098867085953,
                        -1.5326773623974965,
                        -4.106477183210981,
                        -0.44455302586950407,
                        4.434487091265716
                    ]
                ],
                "mui": [
                    0.0,
                    0.0,
                    0.0,
                    0.0,
                    1.0,
                    -0.8891060517390081
                ],
                "Ai": [
                    [
                        0.0,
                        0.0,
                        0.0,
                        0.0,
                        0.0,
                        0.0
                    ],
                    [
                        -0.8087258255659058,
                        0.0,
                        0.0,
                        0.0,
                        0.0,
                        0.0
                    ],
                    [
                        -0.6558398455280636,
                        0.6032130826342433,
                        0.0,
                        0.0,
                        0.0,
                        0.0
                    ],
                    [
                        -0.9897645396435106,
                        0.5916121406130395,
                        0.868860117641701,
                        0.0,
                        0.0,
                        0.0
                    ],
                    [
                        0.0,
                        0.0,
                        0.0,
                        0.0,
                        0.0,
                        0.0
                    ],
                    [
                        -0.8579846066414366,
                        -0.9616204555983976,
                        0.8842253709485788,
                        -0.7818642621910304,
                        -0.8891060517390081,
                        0.0
                    ]
                ]
            },
            "est_params": {
                "mui": [
                    -0.16561420326978016,
                    0.2156103579495818,
                    0.2261237115692666,
                    0.37446485340172964,
                    0.9737771801399325,
                    -1.1449391607203296
                ],
                "Si": [
                    [
                        0.9177642665171512,
                        -0.7807349088410575,
                        -1.168990652991204,
                        -2.3432389415792754,
                        0.021144278901205096,
                        0.6173292017626788
                    ],
                    [
                        -0.7807349088410575,
                        1.6461006052949931,
                        1.5321808746246457,
                        3.2009341820267183,
                        -0.023823085117083028,
                        -2.049329699268584
                    ],
                    [
                        -1.1689906529912037,
                        1.5321808746246457,
                        2.7075928160152034,
                        4.4860711258532415,
                        -0.05814401213362502,
                        -1.3993196960199865
                    ],
                    [
                        -2.3432389415792754,
                        3.2009341820267183,
                        4.4860711258532415,
                        9.182411785516125,
                        -0.11550651517680528,
                        -4.028428966539903
                    ],
                    [
                        0.0211442789012051,
                        -0.023823085117083025,
                        -0.058144012133625016,
                        -0.11550651517680531,
                        0.5137831698459278,
                        -0.3039154515480805
                    ],
                    [
                        0.6173292017626788,
                        -2.049329699268584,
                        -1.3993196960199863,
                        -4.028428966539904,
                        -0.3039154515480805,
                        4.63950030163058
                    ]
                ]
            },
            "est_tgt": [
                1,
                4
            ],
            "oracle_est_tgt": [
                1,
                4
            ]
        },
        "5": {
            "intv_type": "hard",
            "inode": 5,
            "new_mui": 1.0,
            "new_vari": 0.5,
            "true_params": {
                "Si": [
                    [
                        1.0,
                        -0.8087258255659058,
                        -1.143673843773597,
                        -2.4619091469204677,
                        1.725518827622113,
                        0.0
                    ],
                    [
                        -0.8087258255659058,
                        1.654037460937256,
                        1.5281316561181781,
                        3.1067294378651513,
                        -2.9357337238938457,
                        0.0
                    ],
                    [
                        -1.143673843773597,
                        1.5281316561181781,
                        2.67185588399298,
                        4.357498073387335,
                        -3.565993185548653,
                        0.0
                    ],
                    [
                        -2.4619091469204677,
                        3.1067294378651513,
                        4.357498073387335,
                        9.060745515153638,
                        -7.306616114720749,
                        0.0
                    ],
                    [
                        1.725518827622113,
                        -2.9357337238938457,
                        -3.565993185548653,
                        -7.306616114720749,
                        7.373072123112674,
                        0.0
                    ],
                    [
                        0.0,
                        0.0,
                        0.0,
                        0.0,
                        0.0,
                        0.5
                    ]
                ],
                "mui": [
                    0.0,
                    0.0,
                    0.0,
                    0.0,
                    0.0,
                    1.0
                ],
                "Ai": [
                    [
                        0.0,
                        0.0,
                        0.0,
                        0.0,
                        0.0,
                        0.0
                    ],
                    [
                        -0.8087258255659058,
                        0.0,
                        0.0,
                        0.0,
                        0.0,
                        0.0
                    ],
                    [
                        -0.6558398455280636,
                        0.6032130826342433,
                        0.0,
                        0.0,
                        0.0,
                        0.0
                    ],
                    [
                        -0.9897645396435106,
                        0.5916121406130395,
                        0.868860117641701,
                        0.0,
                        0.0,
                        0.0
                    ],
                    [
                        -0.7110299686367199,
                        -0.6883052692489515,
                        0.0,
                        -0.7635937952851035,
                        0.0,
                        0.0
                    ],
                    [
                        0.0,
                        0.0,
                        0.0,
                        0.0,
                        0.0,
                        0.0
                    ]
                ]
            },
            "est_params": {
                "mui": [
                    0.7430550500930829,
                    -0.8686064165991928,
                    -0.893650492758391,
                    -1.6927275965672537,
                    1.1805766605087793,
                    0.4699129375410956
                ],
                "Si": [
                    [
                        0.5879215771796754,
                        -0.309516856856842,
                        -0.187962007427881,
                        -1.0966949855348462,
                        0.45892608405178764,
                        0.04661409338366706
                    ],
                    [
                        -0.309516856856842,
                        1.0044950964285542,
                        0.24024913648765997,
                        1.0664917848931053,
                        -1.010084135420202,
                        -0.19715490280655412
                    ],
                    [
                        -0.187962007427881,
                        0.24024913648765997,
                        1.0584945722749193,
                        1.270723875889797,
                        -0.34972107151001325,
                        -0.06412679913677938
                    ],
                    [
                        -1.0966949855348462,
                        1.0664917848931053,
                        1.270723875889797,
                        3.8901335629217075,
                        -1.5912749761808922,
                        -0.5957251452853751
                    ],
                    [
                        0.45892608405178764,
                        -1.010084135420202,
                        -0.34972107151001325,
                        -1.5912749761808922,
                        1.8490205464998293,
                        0.18723944455508637
                    ],
                    [
                        0.04661409338366705,
                        -0.19715490280655415,
                        -0.06412679913677938,
                        -0.5957251452853752,
                        0.18723944455508637,
                        1.123685921162454
                    ]
                ]
            },
            "est_tgt": [
                0,
                1,
                2,
                3,
                4,
                5
            ],
            "oracle_est_tgt": [
                5
            ]
        },
        "obs": {
            "intv_type": "obs",
            "true_params": {
                "Si": [
                    [
                        1.0,
                        -0.8087258255659058,
                        -1.143673843773597,
                        -2.4619091469204677,
                        1.725518827622113,
                        -0.700853191851554
                    ],
                    [
                        -0.8087258255659058,
                        1.654037460937256,
                        1.5281316561181781,
                        3.1067294378651513,
                        -2.9357337238938457,
                        0.6356687334997175
                    ],
                    [
                        -1.143673843773597,
                        1.5281316561181781,
                        2.67185588399298,
                        4.357498073387335,
                        -3.565993185548653,
                        1.6378687593338745
                    ],
                    [
                        -2.4619091469204677,
                        3.1067294378651513,
                        4.357498073387335,
                        9.060745515153638,
                        -7.306616114720749,
                        2.3898794221209956
                    ],
                    [
                        1.725518827622113,
                        -2.9357337238938457,
                        -3.565993185548653,
                        -7.306616114720749,
                        7.373072123112674,
                        -2.653209665693657
                    ],
                    [
                        -0.700853191851554,
                        0.6356687334997175,
                        1.6378687593338745,
                        2.3898794221209956,
                        -2.653209665693657,
                        2.9287177634920827
                    ]
                ],
                "mui": [
                    0.0,
                    0.0,
                    0.0,
                    0.0,
                    0.0,
                    0.0
                ],
                "Ai": [
                    [
                        0.0,
                        0.0,
                        0.0,
