{
    "expt_args": {
        "save_dir": "all_expt_logs/expt_logs_11.05.24-hard_var_shift-corr",
        "exp_name": "343",
        "num_nodes": 6,
        "obs_noise_mean": 0.0,
        "obs_noise_var": 1.0,
        "max_edge_strength": 1.0,
        "graph_sparsity_method": "adj_dense_prop",
        "adj_dense_prop": 0.8,
        "num_parents": null,
        "new_noise_mean": 1.0,
        "mix_samples": 131072,
        "stage2_samples": 131072,
        "gmm_tol": 0.001,
        "intv_type": "hard",
        "new_noise_var": 0.1,
        "intv_targets": [
            0,
            1,
            2,
            3,
            4,
            5
        ]
    },
    "intv_args_dict": {
        "0": {
            "intv_type": "hard",
            "inode": 0,
            "new_mui": 1.0,
            "new_vari": 0.1,
            "true_params": {
                "Si": [
                    [
                        0.1,
                        0.05504491934682914,
                        0.027681942369901825,
                        -0.09434734898443908,
                        0.0004235482820340097,
                        0.028422584730265432
                    ],
                    [
                        0.05504491934682914,
                        1.0302994314589893,
                        0.5181348219567024,
                        -0.5013836825479173,
                        -0.7864540315728585,
                        -0.42633572320273594
                    ],
                    [
                        0.027681942369901825,
                        0.5181348219567024,
                        1.2605686128972593,
                        -1.145866236515995,
                        -0.6471445179263617,
                        0.34924711991986457
                    ],
                    [
                        -0.09434734898443908,
                        -0.5013836825479173,
                        -1.145866236515995,
                        2.089758283982021,
                        -0.05011785460264828,
                        -0.3319139600738918
                    ],
                    [
                        0.0004235482820340097,
                        -0.7864540315728585,
                        -0.6471445179263617,
                        -0.05011785460264828,
                        2.0768234997396595,
                        0.20598478184951347
                    ],
                    [
                        0.028422584730265432,
                        -0.42633572320273594,
                        0.34924711991986457,
                        -0.3319139600738918,
                        0.20598478184951347,
                        1.521127121503692
                    ]
                ],
                "mui": [
                    1.0,
                    0.5504491934682914,
                    0.27681942369901824,
                    -0.9434734898443908,
                    0.004235482820340097,
                    0.2842258473026543
                ],
                "Ai": [
                    [
                        0.0,
                        0.0,
                        0.0,
                        0.0,
                        0.0,
                        0.0
                    ],
                    [
                        0.5504491934682914,
                        0.0,
                        0.0,
                        0.0,
                        0.0,
                        0.0
                    ],
                    [
                        -0.0,
                        0.5028973191055541,
                        0.0,
                        0.0,
                        0.0,
                        0.0
                    ],
                    [
                        -0.6960739565066414,
                        -0.0,
                        -0.8937217267193771,
                        0.0,
                        0.0,
                        0.0
                    ],
                    [
                        -0.0,
                        -0.6601386482839426,
                        -0.8130660791218736,
                        -0.6281901496723282,
                        0.0,
                        0.0
                    ],
                    [
                        0.5275138838655409,
                        -0.7254390926510521,
                        0.563650212157448,
                        0.0,
                        0.0,
                        0.0
                    ]
                ]
            },
            "est_params": {
                "mui": [
                    0.8913193521511974,
                    0.7621024503543566,
                    0.539954699056165,
                    -1.0760333324313418,
                    -0.3544385314126692,
                    0.20325398273672826
                ],
                "Si": [
                    [
                        0.25959804648463164,
                        0.09322490448387992,
                        0.02678195618537814,
                        -0.21329952893125811,
                        0.05832197368486888,
                        0.08510607514267136
                    ],
                    [
                        0.09322490448387989,
                        0.8593163421595611,
                        0.3562580614762796,
                        -0.37084775416021415,
                        -0.5865318452945907,
                        -0.37212218353514664
                    ],
                    [
                        0.02678195618537814,
                        0.3562580614762796,
                        1.1071139127159373,
                        -1.0082861794820943,
                        -0.46633582469246604,
                        0.3903635937086499
                    ],
                    [
                        -0.21329952893125811,
                        -0.37084775416021415,
                        -1.0082861794820943,
                        2.0761027256012836,
                        -0.2977934319591797,
                        -0.413146996157726
                    ],
                    [
                        0.058321973684868876,
                        -0.5865318452945907,
                        -0.46633582469246604,
                        -0.2977934319591797,
                        1.9211577641094528,
                        0.19417687807133674
                    ],
                    [
                        0.08510607514267136,
                        -0.37212218353514664,
                        0.3903635937086499,
                        -0.413146996157726,
                        0.19417687807133674,
                        1.555895697453171
                    ]
                ]
            },
            "est_tgt": [
                0,
                1,
                2,
                4
            ],
            "oracle_est_tgt": [
                0
            ]
        },
        "1": {
            "intv_type": "hard",
            "inode": 1,
            "new_mui": 1.0,
            "new_vari": 0.1,
            "true_params": {
                "Si": [
                    [
                        1.0,
                        0.0,
                        0.0,
                        -0.6960739565066414,
                        0.43726680292091674,
                        0.5275138838655409
                    ],
                    [
                        0.0,
                        0.1,
                        0.05028973191055541,
                        -0.04494502603935615,
                        -0.07866871733830991,
                        -0.044198091204379474
                    ],
                    [
                        0.0,
                        0.05028973191055541,
                        1.0252905713563554,
                        -0.9163244598216986,
                        -0.2912011808955251,
                        0.5414231105811829
                    ],
                    [
                        -0.6960739565066414,
                        -0.04494502603935615,
                        -0.9163244598216986,
                        2.3034580313938586,
                        -0.6723073610178302,
                        -0.851070273528863
                    ],
                    [
                        0.43726680292091674,
                        -0.07866871733830991,
                        -0.2912011808955251,
                        -0.6723073610178302,
                        1.7110349248559262,
                        0.12359806502794435
                    ],
                    [
                        0.5275138838655409,
                        -0.044198091204379474,
                        0.5414231105811829,
                        -0.851070273528863,
                        0.12359806502794435,
                        1.6155071719971499
                    ]
                ],
                "mui": [
                    0.0,
                    1.0,
                    0.5028973191055541,
                    -0.44945026039356145,
                    -0.786687173383099,
                    -0.4419809120437947
                ],
                "Ai": [
                    [
                        0.0,
                        0.0,
                        0.0,
                        0.0,
                        0.0,
                        0.0
                    ],
                    [
                        0.0,
                        0.0,
                        0.0,
                        0.0,
                        0.0,
                        0.0
                    ],
                    [
                        -0.0,
                        0.5028973191055541,
                        0.0,
                        0.0,
                        0.0,
                        0.0
                    ],
                    [
                        -0.6960739565066414,
                        -0.0,
                        -0.8937217267193771,
                        0.0,
                        0.0,
                        0.0
                    ],
                    [
                        -0.0,
                        -0.6601386482839426,
                        -0.8130660791218736,
                        -0.6281901496723282,
                        0.0,
                        0.0
                    ],
                    [
                        0.5275138838655409,
                        -0.7254390926510521,
                        0.563650212157448,
                        0.0,
                        0.0,
                        0.0
                    ]
                ]
            },
            "est_params": {
                "mui": [
                    -0.14347251904294658,
                    0.9808149112317524,
                    0.429734475030972,
                    -0.2960490682935634,
                    -0.8054506952728552,
                    -0.5310034813565427
                ],
                "Si": [
                    [
                        0.8889537508739035,
                        -0.010145956492612433,
                        -0.06655120212525557,
                        -0.567929007818587,
                        0.4359517593925964,
                        0.4323109282828638
                    ],
                    [
                        -0.01014595649261243,
                        0.10249755735939144,
                        0.051548414892574106,
                        -0.043923627220699084,
                        -0.08498719392274652,
                        -0.04666047194460195
                    ],
                    [
                        -0.06655120212525557,
                        0.051548414892574106,
                        1.026617988698091,
                        -0.8642278635813496,
                        -0.3544922702124556,
                        0.5099325430757617
                    ],
                    [
                        -0.567929007818587,
                        -0.043923627220699084,
                        -0.8642278635813496,
                        2.138551271688232,
                        -0.6057044362258136,
                        -0.7555123715086329
                    ],
                    [
                        0.4359517593925964,
                        -0.08498719392274653,
                        -0.3544922702124556,
                        -0.6057044362258137,
                        1.736318080367677,
                        0.07907755192595083
                    ],
                    [
                        0.4323109282828638,
                        -0.04666047194460194,
                        0.5099325430757619,
                        -0.755512371508633,
                        0.07907755192595085,
                        1.5130602277455263
                    ]
                ]
            },
            "est_tgt": [
                0,
                1,
                2
            ],
            "oracle_est_tgt": [
                1
            ]
        },
        "2": {
            "intv_type": "hard",
            "inode": 2,
            "new_mui": 1.0,
            "new_vari": 0.1,
            "true_params": {
                "Si": [
                    [
                        1.0,
                        0.5504491934682914,
                        0.0,
                        -0.6960739565066414,
                        0.07389401639577248,
                        0.12819652040540017
                    ],
                    [
                        0.5504491934682914,
                        1.3029943145898923,
                        0.0,
                        -0.38315334795336325,
                        -0.619463746556757,
                        -0.6548734213884583
                    ],
                    [
                        0.0,
                        0.0,
                        0.1,
                        -0.08937217267193771,
                        -0.025163889384861644,
                        0.056365021215744805
                    ],
                    [
                        -0.6960739565066414,
                        -0.38315334795336325,
                        -0.08937217267193771,
                        1.5643928054078362,
                        -0.6571363353550862,
                        -0.13960890325648104
                    ],
                    [
                        0.07389401639577248,
                        -0.619463746556757,
                        -0.025163889384861644,
                        -0.6571363353550862,
                        1.8421984380523273,
                        0.4741797062252292
                    ],
                    [
                        0.12819652040540017,
                        -0.6548734213884583,
                        0.056365021215744805,
                        -0.13960890325648104,
                        0.4741797062252292,
                        1.5744663811569475
                    ]
                ],
                "mui": [
                    0.0,
                    0.0,
                    1.0,
                    -0.8937217267193771,
                    -0.25163889384861643,
                    0.563650212157448
                ],
                "Ai": [
                    [
                        0.0,
                        0.0,
                        0.0,
                        0.0,
                        0.0,
                        0.0
                    ],
                    [
                        0.5504491934682914,
                        0.0,
                        0.0,
                        0.0,
                        0.0,
                        0.0
                    ],
                    [
                        0.0,
                        0.0,
                        0.0,
                        0.0,
                        0.0,
                        0.0
                    ],
                    [
                        -0.6960739565066414,
                        -0.0,
                        -0.8937217267193771,
                        0.0,
                        0.0,
                        0.0
                    ],
                    [
                        -0.0,
                        -0.6601386482839426,
                        -0.8130660791218736,
                        -0.6281901496723282,
                        0.0,
                        0.0
                    ],
                    [
                        0.5275138838655409,
                        -0.7254390926510521,
                        0.563650212157448,
                        0.0,
                        0.0,
                        0.0
                    ]
                ]
            },
            "est_params": {
                "mui": [
                    -0.008314141297111778,
                    -0.050386123683140965,
                    0.9831518472555544,
                    -0.9183217850174547,
                    -0.1217287318918238,
                    0.5927911635485305
                ],
                "Si": [
                    [
                        1.024760428772173,
                        0.5349306007653061,
                        -0.005727827264137824,
                        -0.7162259585741233,
                        0.1358467462194386,
                        0.14496719684362874
                    ],
                    [
                        0.5349306007653061,
                        1.2472227353345677,
                        0.003950573723493986,
                        -0.4177381548066981,
                        -0.5175655473504996,
                        -0.6573875416807117
                    ],
                    [
                        -0.005727827264137823,
                        0.003950573723493986,
                        0.11273184636618315,
                        -0.0976684393359111,
                        -0.03520892895486336,
                        0.048760502538226676
                    ],
                    [
                        -0.7162259585741233,
                        -0.4177381548066981,
                        -0.0976684393359111,
                        1.605085388028487,
                        -0.6633406345689375,
                        -0.11990383655817068
                    ],
                    [
                        0.1358467462194386,
                        -0.5175655473504996,
                        -0.03520892895486336,
                        -0.6633406345689375,
                        1.74725141854009,
                        0.44891471420822704
                    ],
                    [
                        0.14496719684362874,
                        -0.6573875416807117,
                        0.048760502538226676,
                        -0.11990383655817068,
                        0.44891471420822704,
                        1.6159687893494539
                    ]
                ]
            },
            "est_tgt": [
                1,
                2,
                4
            ],
            "oracle_est_tgt": [
                2
            ]
        },
        "3": {
            "intv_type": "hard",
            "inode": 3,
            "new_mui": 1.0,
            "new_vari": 0.1,
            "true_params": {
                "Si": [
                    [
                        1.0,
                        0.5504491934682914,
                        0.27681942369901824,
                        0.0,
                        -0.5884452699768816,
                        0.2842258473026543
                    ],
                    [
                        0.5504491934682914,
                        1.3029943145898923,
                        0.6552723476170359,
                        0.0,
                        -1.3929366239890026,
                        -0.28552902363320687
                    ],
                    [
                        0.27681942369901824,
                        0.6552723476170359,
                        1.32953470690061,
                        0.0,
                        -1.5135701730098843,
                        0.4200584316454819
                    ],
                    [
                        0.0,
                        0.0,
                        0.0,
                        0.1,
                        -0.06281901496723283,
                        0.0
                    ],
                    [
                        -0.5884452699768816,
                        -1.3929366239890026,
                        -1.5135701730098843,
                        -0.06281901496723283,
                        3.1896261525647955,
                        -0.15304651831301636
                    ],
                    [
                        0.2842258473026543,
                        -0.28552902363320687,
                        0.4200584316454819,
                        0.0,
                        -0.15304651831301636,
                        1.5938330205511124
                    ]
                ],
                "mui": [
                    0.0,
                    0.0,
                    0.0,
                    1.0,
                    -0.6281901496723282,
                    0.0
                ],
                "Ai": [
                    [
                        0.0,
                        0.0,
                        0.0,
                        0.0,
                        0.0,
                        0.0
                    ],
                    [
                        0.5504491934682914,
                        0.0,
                        0.0,
                        0.0,
                        0.0,
                        0.0
                    ],
                    [
                        -0.0,
                        0.5028973191055541,
                        0.0,
                        0.0,
                        0.0,
                        0.0
                    ],
                    [
                        0.0,
                        0.0,
                        0.0,
                        0.0,
                        0.0,
                        0.0
                    ],
                    [
                        -0.0,
                        -0.6601386482839426,
                        -0.8130660791218736,
                        -0.6281901496723282,
                        0.0,
                        0.0
                    ],
                    [
                        0.5275138838655409,
                        -0.7254390926510521,
                        0.563650212157448,
                        0.0,
                        0.0,
                        0.0
                    ]
                ]
            },
            "est_params": {
                "mui": [
                    0.00032628624123594665,
                    0.010473711928709557,
                    -0.0006657454492133319,
                    1.003969371167152,
                    -0.6357549970397912,
                    -0.0022769252294631936
                ],
                "Si": [
                    [
                        1.022115226238801,
                        0.5408434429845904,
                        0.27120359107860104,
                        0.007644590717345901,
                        -0.5731761588214057,
                        0.31083929715417474
                    ],
                    [
                        0.5408434429845904,
                        1.2877087007267976,
                        0.6390798810229318,
                        0.0013995801861261042,
                        -1.3782402337901087,
                        -0.2859343431324791
                    ],
                    [
                        0.27120359107860104,
                        0.6390798810229318,
                        1.3112395944091888,
                        -0.003888359192462529,
                        -1.5002108014558018,
                        0.4114743008605382
                    ],
                    [
                        0.007644590717345903,
                        0.0013995801861261057,
                        -0.003888359192462529,
                        0.1033192132064233,
                        -0.06329199691915048,
                        0.00022967739823869532
                    ],
                    [
                        -0.5731761588214057,
                        -1.3782402337901087,
                        -1.5002108014558018,
                        -0.06329199691915048,
                        3.207610661117584,
                        -0.13337313420894917
                    ],
                    [
                        0.31083929715417474,
                        -0.2859343431324792,
                        0.4114743008605382,
                        0.00022967739823869697,
                        -0.13337313420894914,
                        1.5780952956972971
                    ]
                ]
            },
            "est_tgt": [
                3
            ],
            "oracle_est_tgt": [
                3
            ]
        },
        "4": {
            "intv_type": "hard",
            "inode": 4,
            "new_mui": 1.0,
            "new_vari": 0.1,
            "true_params": {
                "Si": [
                    [
                        1.0,
                        0.5504491934682914,
                        0.27681942369901824,
                        -0.9434734898443908,
                        0.0,
                        0.2842258473026543
                    ],
                    [
                        0.5504491934682914,
                        1.3029943145898923,
                        0.6552723476170359,
                        -0.9687844819371205,
                        0.0,
                        -0.28552902363320687
                    ],
                    [
                        0.27681942369901824,
                        0.6552723476170359,
                        1.32953470690061,
                        -1.3809208454766182,
                        0.0,
                        0.4200584316454819
                    ],
                    [
                        -0.9434734898443908,
                        -0.9687844819371205,
                        -1.3809208454766182,
                        2.890886287417259,
                        0.0,
                        -0.5732575569266446
                    ],
                    [
                        0.0,
                        0.0,
                        0.0,
                        0.0,
                        0.1,
                        0.0
                    ],
                    [
                        0.2842258473026543,
                        -0.28552902363320687,
                        0.4200584316454819,
                        -0.5732575569266446,
                        0.0,
                        1.5938330205511124
                    ]
                ],
                "mui": [
                    0.0,
                    0.0,
                    0.0,
                    0.0,
                    1.0,
                    0.0
                ],
                "Ai": [
                    [
                        0.0,
                        0.0,
                        0.0,
                        0.0,
                        0.0,
                        0.0
                    ],
                    [
                        0.5504491934682914,
                        0.0,
                        0.0,
                        0.0,
                        0.0,
                        0.0
                    ],
                    [
                        -0.0,
                        0.5028973191055541,
                        0.0,
                        0.0,
                        0.0,
                        0.0
                    ],
                    [
                        -0.6960739565066414,
                        -0.0,
                        -0.8937217267193771,
                        0.0,
                        0.0,
                        0.0
                    ],
                    [
                        0.0,
                        0.0,
                        0.0,
                        0.0,
                        0.0,
                        0.0
                    ],
                    [
                        0.5275138838655409,
                        -0.7254390926510521,
                        0.563650212157448,
                        0.0,
                        0.0,
                        0.0
                    ]
                ]
            },
            "est_params": {
                "mui": [
                    0.026433852341036013,
                    0.02002058692299861,
                    0.002856867453178312,
                    -0.030717300018813738,
                    1.0043953024260517,
                    0.024092879444724616
                ],
                "Si": [
                    [
                        1.0075736680663843,
                        0.5315796953800781,
                        0.24812881354059838,
                        -0.9273321995038217,
                        0.01134861904202586,
                        0.2733208222702234
                    ],
                    [
                        0.5315796953800781,
                        1.280254439701113,
                        0.6549571356674674,
                        -0.9528586613216985,
                        -0.0012354760879776606,
                        -0.2868475623091396
                    ],
                    [
                        0.24812881354059838,
                        0.6549571356674674,
                        1.3383187300143566,
                        -1.365098419564398,
                        -6.879977841896071e-05,
                        0.436641643291253
                    ],
                    [
                        -0.9273321995038217,
                        -0.9528586613216985,
                        -1.365098419564398,
                        2.8774367444731923,
                        -0.004273949375622253,
                        -0.5864608947317027
                    ],
                    [
                        0.011348619042025863,
                        -0.0012354760879776602,
                        -6.879977841896133e-05,
                        -0.004273949375622254,
                        0.0985931698983669,
                        0.004013998613487368
                    ],
                    [
                        0.2733208222702234,
                        -0.28684756230913955,
                        0.43664164329125305,
                        -0.5864608947317027,
                        0.004013998613487368,
                        1.6040633944578409
                    ]
                ]
            },
            "est_tgt": [
                4
            ],
            "oracle_est_tgt": [
                4
            ]
        },
        "5": {
            "intv_type": "hard",
            "inode": 5,
            "new_mui": 1.0,
            "new_vari": 0.1,
            "true_params": {
                "Si": [
                    [
                        1.0,
                        0.5504491934682914,
                        0.27681942369901824,
                        -0.9434734898443908,
                        0.004235482820340097,
                        0.0
                    ],
                    [
                        0.5504491934682914,
                        1.3029943145898923,
                        0.6552723476170359,
                        -0.9687844819371205,
                        -0.784355755280694,
                        0.0
                    ],
                    [
                        0.27681942369901824,
                        0.6552723476170359,
                        1.32953470690061,
                        -1.3809208454766182,
                        -0.6460893004042896,
                        0.0
                    ],
                    [
                        -0.9434734898443908,
                        -0.9687844819371205,
                        -1.3809208454766182,
                        2.890886287417259,
                        -0.05371431378456226,
                        0.0
                    ],
                    [
                        0.004235482820340097,
                        -0.784355755280694,
                        -0.6460893004042896,
                        -0.05371431378456226,
                        2.0768396451229085,
                        0.0
                    ],
                    [
                        0.0,
                        0.0,
                        0.0,
                        0.0,
                        0.0,
                        0.1
                    ]
                ],
                "mui": [
                    0.0,
                    0.0,
                    0.0,
                    0.0,
                    0.0,
                    1.0
                ],
                "Ai": [
                    [
                        0.0,
                        0.0,
                        0.0,
                        0.0,
                        0.0,
                        0.0
                    ],
                    [
                        0.5504491934682914,
                        0.0,
                        0.0,
                        0.0,
                        0.0,
                        0.0
                    ],
                    [
                        -0.0,
                        0.5028973191055541,
                        0.0,
                        0.0,
                        0.0,
                        0.0
                    ],
                    [
                        -0.6960739565066414,
                        -0.0,
                        -0.8937217267193771,
                        0.0,
                        0.0,
                        0.0
                    ],
                    [
                        -0.0,
                        -0.6601386482839426,
                        -0.8130660791218736,
                        -0.6281901496723282,
                        0.0,
                        0.0
                    ],
                    [
                        0.0,
                        0.0,
                        0.0,
                        0.0,
                        0.0,
                        0.0
                    ]
                ]
            },
            "est_params": {
                "mui": [
                    0.02461088771841679,
                    -0.008072707640667818,
                    0.02654504363854003,
                    -0.04162169105846273,
                    -0.0007185100337116986,
                    0.9863578487108134
                ],
                "Si": [
                    [
                        1.0118712416876765,
                        0.5330791225653239,
                        0.252279752903709,
                        -0.9369426363715223,
                        0.035955122766424805,
                        0.0019812227673142394
                    ],
                    [
                        0.533079122565324,
                        1.2850110225270612,
                        0.6478314416273754,
                        -0.9464299624398342,
                        -0.7638783862008804,
                        0.0020808542929474684
                    ],
                    [
                        0.252279752903709,
                        0.6478314416273754,
                        1.3190928396189763,
                        -1.3393544389988334,
                        -0.6459303675423991,
                        0.005563152566204665
                    ],
                    [
                        -0.9369426363715223,
                        -0.9464299624398342,
                        -1.3393544389988334,
                        2.821031620122035,
                        -0.05798536031574079,
                        -0.006984066455655099
                    ],
                    [
                        0.03595512276642481,
                        -0.7638783862008804,
                        -0.6459303675423991,
                        -0.05798536031574077,
                        2.0479155208151525,
                        0.0039931619550760255
                    ],
                    [
                        0.00198122276731424,
                        0.002080854292947467,
                        0.005563152566204665,
                        -0.006984066455655099,
                        0.003993161955076022,
                        0.11262006343986586
                    ]
                ]
            },
            "est_tgt": [
                5
            ],
            "oracle_est_tgt": [
                5
            ]
        },
        "obs": {
            "intv_type": "obs",
            "true_params": {
                "Si": [
                    [
                        1.0,
                        0.5504491934682914,
                        0.27681942369901824,
                        -0.9434734898443908,
                        0.004235482820340097,
                        0.2842258473026543
                    ],
                    [
                        0.5504491934682914,
                        1.3029943145898923,
                        0.6552723476170359,
                        -0.9687844819371205,
                        -0.784355755280694,
                        -0.28552902363320687
                    ],
                    [
                        0.27681942369901824,
                        0.6552723476170359,
                        1.32953470690061,
                        -1.3809208454766182,
                        -0.6460893004042896,
                        0.4200584316454819
                    ],
                    [
                        -0.9434734898443908,
                        -0.9687844819371205,
                        -1.3809208454766182,
                        2.890886287417259,
                        -0.05371431378456226,
                        -0.5732575569266446
                    ],
                    [
                        0.004235482820340097,
                        -0.784355755280694,
                        -0.6460893004042896,
                        -0.05371431378456226,
                        2.0768396451229085,
                        0.20706823217352577
                    ],
                    [
                        0.2842258473026543,
                        -0.28552902363320687,
                        0.4200584316454819,
                        -0.5732575569266446,
                        0.20706823217352577,
                        1.5938330205511124
                    ]
                ],
                "mui": [
                    0.0,
                    0.0,
                    0.0,
                    0.0,
                    0.0,
                    0.0
                ],
                "Ai": [
                    [
                        0.0,
                        0.0,
                        0.0,
                        0.0,
                        0.0,
                        0.0
                    ],
                    [
                        0.5504491934682914,
                        0.0,
                        0.0,
                        0.0,
                        0.0,
                        0.0
                    ],
                    [
                        -0.0,
                        0.5028973191055541,
