{
    "expt_args": {
        "save_dir": "all_expt_logs/expt_logs_11.05.24-hard_var_shift-corr",
        "exp_name": "292",
        "num_nodes": 6,
        "obs_noise_mean": 0.0,
        "obs_noise_var": 1.0,
        "max_edge_strength": 1.0,
        "graph_sparsity_method": "adj_dense_prop",
        "adj_dense_prop": 0.8,
        "num_parents": null,
        "new_noise_mean": 1.0,
        "mix_samples": 16384,
        "stage2_samples": 16384,
        "gmm_tol": 0.001,
        "intv_type": "hard",
        "new_noise_var": 0.2,
        "intv_targets": [
            0,
            1,
            2,
            3,
            4,
            5
        ]
    },
    "intv_args_dict": {
        "0": {
            "intv_type": "hard",
            "inode": 0,
            "new_mui": 1.0,
            "new_vari": 0.2,
            "true_params": {
                "Si": [
                    [
                        0.2,
                        -0.17998052746850887,
                        0.15180974336076566,
                        -0.23656256976001322,
                        0.1549712845160554,
                        0.4711024396660823
                    ],
                    [
                        -0.17998052746850887,
                        1.1619649513392134,
                        -0.980092699683163,
                        1.5272619695370557,
                        0.08756209149839794,
                        -3.019956706166451
                    ],
                    [
                        0.15180974336076566,
                        -0.980092699683163,
                        1.8266873272426334,
                        -1.9610611593605918,
                        -0.5568375400407656,
                        4.351591952114293
                    ],
                    [
                        -0.23656256976001322,
                        1.5272619695370557,
                        -1.9610611593605918,
                        3.4601252877704107,
                        1.1578778650261485,
                        -6.551363101884272
                    ],
                    [
                        0.1549712845160554,
                        0.08756209149839794,
                        -0.5568375400407656,
                        1.1578778650261485,
                        1.920148439335637,
                        -2.7766653828148393
                    ],
                    [
                        0.4711024396660823,
                        -3.019956706166451,
                        4.351591952114293,
                        -6.551363101884272,
                        -2.7766653828148393,
                        14.46439519766331
                    ]
                ],
                "mui": [
                    1.0,
                    -0.8999026373425443,
                    0.7590487168038282,
                    -1.182812848800066,
                    0.774856422580277,
                    2.3555121983304113
                ],
                "Ai": [
                    [
                        0.0,
                        0.0,
                        0.0,
                        0.0,
                        0.0,
                        0.0
                    ],
                    [
                        -0.8999026373425443,
                        0.0,
                        0.0,
                        0.0,
                        0.0,
                        0.0
                    ],
                    [
                        -0.0,
                        -0.8434787112585153,
                        0.0,
                        0.0,
                        0.0,
                        0.0
                    ],
                    [
                        0.0,
                        0.7468455552047961,
                        -0.6728482015413342,
                        0.0,
                        0.0,
                        0.0
                    ],
                    [
                        0.9791533624290059,
                        -0.7164600643470818,
                        0.0,
                        0.7178153688190045,
                        0.0,
                        0.0
                    ],
                    [
                        0.7037409017465219,
                        -0.5532211045563025,
                        0.8838926358962262,
                        -0.8662395552882116,
                        -0.6989561754415323,
                        0.0
                    ]
                ]
            },
            "est_params": {
                "mui": [
                    0.8978298141415479,
                    -1.0135501035137002,
                    0.8822404884281779,
                    -1.3504738060999404,
                    0.6850664343041792,
                    2.749841873476996
                ],
                "Si": [
                    [
                        0.3550627896231619,
                        -0.28549612179668826,
                        0.21628508759491302,
                        -0.35560104215404365,
                        0.25672739892311336,
                        0.7280827693275691
                    ],
                    [
                        -0.28549612179668826,
                        1.0964125242078195,
                        -0.875607675905075,
                        1.3814759741807054,
                        -0.09637247319017245,
                        -2.7000973716858763
                    ],
                    [
                        0.21628508759491305,
                        -0.8756076759050749,
                        1.7339471276395606,
                        -1.8223602179971243,
                        -0.3631001756501387,
                        3.982150098205829
                    ],
                    [
                        -0.35560104215404365,
                        1.3814759741807054,
                        -1.8223602179971243,
                        3.1809092432451216,
                        0.7895715795865024,
                        -5.936968695762331
                    ],
                    [
                        0.25672739892311336,
                        -0.09637247319017245,
                        -0.36310017565013863,
                        0.7895715795865024,
                        1.784138736745882,
                        -2.030417582121171
                    ],
                    [
                        0.7280827693275691,
                        -2.7000973716858763,
                        3.982150098205829,
                        -5.936968695762331,
                        -2.030417582121171,
                        13.043193938672836
                    ]
                ]
            },
            "est_tgt": [
                0,
                1,
                4,
                5
            ],
            "oracle_est_tgt": [
                0
            ]
        },
        "1": {
            "intv_type": "hard",
            "inode": 1,
            "new_mui": 1.0,
            "new_vari": 0.2,
            "true_params": {
                "Si": [
                    [
                        1.0,
                        0.0,
                        0.0,
                        0.0,
                        0.9791533624290059,
                        0.019355612372427444
                    ],
                    [
                        0.0,
                        0.2,
                        -0.16869574225170306,
                        0.2628757378226981,
                        0.045404231829351605,
                        -0.5192020756504875
                    ],
                    [
                        0.0,
                        -0.16869574225170306,
                        1.142291267269265,
                        -0.8945782901011549,
                        -0.5212782828977011,
                        2.2422586591929234
                    ],
                    [
                        0.0,
                        0.2628757378226981,
                        -0.8945782901011549,
                        1.7982429699965472,
                        1.102466472698517,
                        -3.2644245088322084
                    ],
                    [
                        0.9791533624290059,
                        0.045404231829351605,
                        -0.5212782828977011,
                        1.102466472698517,
                        2.717578366008614,
                        -2.6512705927647007
                    ],
                    [
                        0.019355612372427444,
                        -0.5192020756504875,
                        2.2422586591929234,
                        -3.2644245088322084,
                        -2.6512705927647007,
                        7.9636663869014575
                    ]
                ],
                "mui": [
                    0.0,
                    1.0,
                    -0.8434787112585153,
                    1.3143786891134903,
                    0.227021159146758,
                    -2.596010378252437
                ],
                "Ai": [
                    [
                        0.0,
                        0.0,
                        0.0,
                        0.0,
                        0.0,
                        0.0
                    ],
                    [
                        0.0,
                        0.0,
                        0.0,
                        0.0,
                        0.0,
                        0.0
                    ],
                    [
                        -0.0,
                        -0.8434787112585153,
                        0.0,
                        0.0,
                        0.0,
                        0.0
                    ],
                    [
                        0.0,
                        0.7468455552047961,
                        -0.6728482015413342,
                        0.0,
                        0.0,
                        0.0
                    ],
                    [
                        0.9791533624290059,
                        -0.7164600643470818,
                        0.0,
                        0.7178153688190045,
                        0.0,
                        0.0
                    ],
                    [
                        0.7037409017465219,
                        -0.5532211045563025,
                        0.8838926358962262,
                        -0.8662395552882116,
                        -0.6989561754415323,
                        0.0
                    ]
                ]
            },
            "est_params": {
                "mui": [
                    -0.038908288546126775,
                    0.9151455775432195,
                    -0.9147650357869189,
                    1.3053483869105824,
                    0.2043188993155061,
                    -2.6091331779844755
                ],
                "Si": [
                    [
                        0.9928706218688967,
                        -0.13431256713356687,
                        0.07045808525644723,
                        -0.11675838722001688,
                        1.0506109435343172,
                        0.184465405289205
                    ],
                    [
                        -0.13431256713356687,
                        0.4396515991067362,
                        -0.31761626783179064,
                        0.5017969527665902,
                        -0.10639817348072929,
                        -0.9991093223379796
                    ],
                    [
                        0.07045808525644721,
                        -0.31761626783179064,
                        1.089973148097032,
                        -0.9369582161699205,
                        -0.37681746776329084,
                        2.2904390184822967
                    ],
                    [
                        -0.11675838722001688,
                        0.5017969527665902,
                        -0.9369582161699207,
                        2.0069042264981136,
                        0.9344112239383787,
                        -3.577859127489702
                    ],
                    [
                        1.0506109435343172,
                        -0.10639817348072932,
                        -0.37681746776329084,
                        0.9344112239383787,
                        2.8016655909244688,
                        -2.3217270458575103
                    ],
                    [
                        0.18446540528920502,
                        -0.9991093223379796,
                        2.2904390184822967,
                        -3.577859127489702,
                        -2.3217270458575103,
                        8.438527770479775
                    ]
                ]
            },
            "est_tgt": [
                0,
                1,
                4,
                5
            ],
            "oracle_est_tgt": [
                1
            ]
        },
        "2": {
            "intv_type": "hard",
            "inode": 2,
            "new_mui": 1.0,
            "new_vari": 0.2,
            "true_params": {
                "Si": [
                    [
                        1.0,
                        -0.8999026373425443,
                        0.0,
                        -0.6720882848163527,
                        1.1414623638411714,
                        0.9859433214831521
                    ],
                    [
                        -0.8999026373425443,
                        1.8098247566960668,
                        0.0,
                        1.3516595752380591,
                        -1.2075678383348416,
                        -1.9613555359268044
                    ],
                    [
                        0.0,
                        0.0,
                        0.2,
                        -0.13456964030826685,
                        -0.09659615598971934,
                        0.3608645523081008
                    ],
                    [
                        -0.6720882848163527,
                        1.3516595752380591,
                        -0.13456964030826685,
                        2.1000258863800285,
                        -0.11905675401614702,
                        -3.075597769354875
                    ],
                    [
                        1.1414623638411714,
                        -1.2075678383348416,
                        -0.09659615598971934,
                        -0.11905675401614702,
                        2.8973800750035976,
                        -0.5360448907176354
                    ],
                    [
                        0.9859433214831521,
                        -1.9613555359268044,
                        0.3608645523081008,
                        -3.075597769354875,
                        -0.5360448907176354,
                        6.136753769138034
                    ]
                ],
                "mui": [
                    0.0,
                    0.0,
                    1.0,
                    -0.6728482015413342,
                    -0.4829807799485967,
                    1.804322761540504
                ],
                "Ai": [
                    [
                        0.0,
                        0.0,
                        0.0,
                        0.0,
                        0.0,
                        0.0
                    ],
                    [
                        -0.8999026373425443,
                        0.0,
                        0.0,
                        0.0,
                        0.0,
                        0.0
                    ],
                    [
                        0.0,
                        0.0,
                        0.0,
                        0.0,
                        0.0,
                        0.0
                    ],
                    [
                        0.0,
                        0.7468455552047961,
                        -0.6728482015413342,
                        0.0,
                        0.0,
                        0.0
                    ],
                    [
                        0.9791533624290059,
                        -0.7164600643470818,
                        0.0,
                        0.7178153688190045,
                        0.0,
                        0.0
                    ],
                    [
                        0.7037409017465219,
                        -0.5532211045563025,
                        0.8838926358962262,
                        -0.8662395552882116,
                        -0.6989561754415323,
                        0.0
                    ]
                ]
            },
            "est_params": {
                "mui": [
                    0.03673131118775923,
                    -0.03780280271006685,
                    0.9698769023852896,
                    -0.6919154877325143,
                    -0.49901641715311706,
                    1.7784887215738896
                ],
                "Si": [
                    [
                        1.0010646054301926,
                        -0.7905987000817165,
                        0.008134966069783593,
                        -0.6323785442487957,
                        1.069229761727413,
                        0.9128111230205064
                    ],
                    [
                        -0.7905987000817165,
                        1.6444083440579076,
                        -0.01380922886000276,
                        1.262358049335488,
                        -1.0088860236697157,
                        -1.8102357353594316
                    ],
                    [
                        0.008134966069783589,
                        -0.013809228860002755,
                        0.24803797236365854,
                        -0.17307740962942583,
                        -0.11861041381364745,
                        0.4766190339769472
                    ],
                    [
                        -0.6323785442487958,
                        1.2623580493354878,
                        -0.17307740962942583,
                        2.0441430847758535,
                        0.020420550559557514,
                        -3.0083780700144036
                    ],
                    [
                        1.069229761727413,
                        -1.0088860236697157,
                        -0.11861041381364745,
                        0.020420550559557504,
                        2.7894733589085945,
                        -0.7942570491568107
                    ],
                    [
                        0.9128111230205064,
                        -1.8102357353594318,
                        0.4766190339769472,
                        -3.0083780700144036,
                        -0.7942570491568107,
                        6.164212549139773
                    ]
                ]
            },
            "est_tgt": [
                0,
                2,
                4,
                5
            ],
            "oracle_est_tgt": [
                2,
                3,
                4,
                5
            ]
        },
        "3": {
            "intv_type": "hard",
            "inode": 3,
            "new_mui": 1.0,
            "new_vari": 0.2,
            "true_params": {
                "Si": [
                    [
                        1.0,
                        -0.8999026373425443,
                        0.7590487168038282,
                        0.0,
                        1.6238976638855538,
                        0.7374703033817922
                    ],
                    [
                        -0.8999026373425443,
                        1.8098247566960668,
                        -1.5265486533817543,
                        0.0,
                        -2.177809854852088,
                        -1.4616430105153941
                    ],
                    [
                        0.7590487168038282,
                        -1.5265486533817543,
                        2.287611290827864,
                        0.0,
                        1.8369362497367334,
                        2.1167573987257673
                    ],
                    [
                        0.0,
                        0.0,
                        0.0,
                        0.2,
                        0.14356307376380092,
                        -0.2735922080302192
                    ],
                    [
                        1.6238976638855538,
                        -2.177809854852088,
                        1.8369362497367334,
                        0.14356307376380092,
                        4.253410427319736,
                        0.8739605054593926
                    ],
                    [
                        0.7374703033817922,
                        -1.4616430105153941,
                        2.1167573987257673,
                        -0.2735922080302192,
                        0.8739605054593926,
                        3.824722354001638
                    ]
                ],
                "mui": [
                    0.0,
                    0.0,
                    0.0,
                    1.0,
                    0.7178153688190045,
                    -1.367961040151096
                ],
                "Ai": [
                    [
                        0.0,
                        0.0,
                        0.0,
                        0.0,
                        0.0,
                        0.0
                    ],
                    [
                        -0.8999026373425443,
                        0.0,
                        0.0,
                        0.0,
                        0.0,
                        0.0
                    ],
                    [
                        -0.0,
                        -0.8434787112585153,
                        0.0,
                        0.0,
                        0.0,
                        0.0
                    ],
                    [
                        0.0,
                        0.0,
                        0.0,
                        0.0,
                        0.0,
                        0.0
                    ],
                    [
                        0.9791533624290059,
                        -0.7164600643470818,
                        0.0,
                        0.7178153688190045,
                        0.0,
                        0.0
                    ],
                    [
                        0.7037409017465219,
                        -0.5532211045563025,
                        0.8838926358962262,
                        -0.8662395552882116,
                        -0.6989561754415323,
                        0.0
                    ]
                ]
            },
            "est_params": {
                "mui": [
                    -0.004993986952365738,
                    -0.012922971124156525,
                    0.03640142467208952,
                    1.0055641636914099,
                    0.6830669854146513,
                    -1.3243878944155922
                ],
                "Si": [
                    [
                        1.027762271297207,
                        -0.904895061884449,
                        0.7390963427596481,
                        5.6301092542543956e-05,
                        1.6563086530702438,
                        0.7065388750451637
                    ],
                    [
                        -0.904895061884449,
                        1.8017031755821047,
                        -1.5031646928294884,
                        -0.01260758730752698,
                        -2.2547781757618353,
                        -1.3062391798680963
                    ],
                    [
                        0.7390963427596482,
                        -1.5031646928294884,
                        2.2293365306761204,
                        0.022232822393888314,
                        1.866970270604744,
                        1.9179784335993886
                    ],
                    [
                        5.630109254254246e-05,
                        -0.012607587307526992,
                        0.022232822393888303,
                        0.2195583347363926,
                        0.1720898048210431,
                        -0.28470245683069323
                    ],
                    [
                        1.6563086530702438,
                        -2.2547781757618357,
                        1.866970270604744,
                        0.1720898048210431,
                        4.456984394786885,
                        0.7609286745664172
                    ],
                    [
                        0.7065388750451638,
                        -1.3062391798680963,
                        1.9179784335993886,
                        -0.28470245683069323,
                        0.7609286745664173,
                        3.5541986603974136
                    ]
                ]
            },
            "est_tgt": [
                0,
                2,
                3,
                4,
                5
            ],
            "oracle_est_tgt": [
                2,
                3,
                4,
                5
            ]
        },
        "4": {
            "intv_type": "hard",
            "inode": 4,
            "new_mui": 1.0,
            "new_vari": 0.2,
            "true_params": {
                "Si": [
                    [
                        1.0,
                        -0.8999026373425443,
                        0.7590487168038282,
                        -1.182812848800066,
                        0.0,
                        2.8971028799734295
                    ],
                    [
                        -0.8999026373425443,
                        1.8098247566960668,
                        -1.5265486533817543,
                        2.378795091231318,
                        0.0,
                        -5.044443059451686
                    ],
                    [
                        0.7590487168038282,
                        -1.5265486533817543,
                        2.287611290827864,
                        -2.6793112194412085,
                        0.0,
                        5.721620693579135
                    ],
                    [
                        -1.182812848800066,
                        2.378795091231318,
                        -2.6793112194412085,
                        4.579362275999633,
                        0.0,
                        -8.483441626299788
                    ],
                    [
                        0.0,
                        0.0,
                        0.0,
                        0.0,
                        0.2,
                        -0.13979123508830646
                    ],
                    [
                        2.8971028799734295,
                        -5.044443059451686,
                        5.721620693579135,
                        -8.483441626299788,
                        -0.13979123508830646,
                        18.333201199589237
                    ]
                ],
                "mui": [
                    0.0,
                    0.0,
                    0.0,
                    0.0,
                    1.0,
                    -0.6989561754415323
                ],
                "Ai": [
                    [
                        0.0,
                        0.0,
                        0.0,
                        0.0,
                        0.0,
                        0.0
                    ],
                    [
                        -0.8999026373425443,
                        0.0,
                        0.0,
                        0.0,
                        0.0,
                        0.0
                    ],
                    [
                        -0.0,
                        -0.8434787112585153,
                        0.0,
                        0.0,
                        0.0,
                        0.0
                    ],
                    [
                        0.0,
                        0.7468455552047961,
                        -0.6728482015413342,
                        0.0,
                        0.0,
                        0.0
                    ],
                    [
                        0.0,
                        0.0,
                        0.0,
                        0.0,
                        0.0,
                        0.0
                    ],
                    [
                        0.7037409017465219,
                        -0.5532211045563025,
                        0.8838926358962262,
                        -0.8662395552882116,
                        -0.6989561754415323,
                        0.0
                    ]
                ]
            },
            "est_params": {
                "mui": [
                    -0.39148814110361146,
                    0.49482006606204515,
                    -0.49999175258695816,
                    0.6480432195014286,
                    0.9888877799890178,
                    -2.322194337061958
                ],
                "Si": [
                    [
                        0.8167432904996413,
                        -0.6375416526154398,
                        0.5437352477484956,
                        -0.9316133963451826,
                        0.03534744062312759,
                        2.14850281317842
                    ],
                    [
                        -0.6375416526154398,
                        1.4610866510937204,
                        -1.2357143802317878,
                        2.032745747187235,
                        -0.04769405528470874,
                        -4.058457720780894
                    ],
                    [
                        0.5437352477484956,
                        -1.2357143802317878,
                        2.051350770277651,
                        -2.3926656194135685,
                        0.03727273038622978,
                        4.942074463981408
                    ],
                    [
                        -0.9316133963451825,
                        2.032745747187235,
                        -2.3926656194135685,
                        4.298086466823355,
                        -0.06516216066361846,
                        -7.578161166297304
                    ],
                    [
                        0.03534744062312759,
                        -0.047694055284708735,
                        0.037272730386229774,
                        -0.06516216066361846,
                        0.26421610179465,
                        -0.011745200062818104
                    ],
                    [
                        2.14850281317842,
                        -4.058457720780894,
                        4.942074463981408,
                        -7.578161166297304,
                        -0.011745200062818088,
                        15.656016242954768
                    ]
                ]
            },
            "est_tgt": [
                0,
                1,
                3,
                4,
                5
            ],
            "oracle_est_tgt": [
                4,
                5
            ]
        },
        "5": {
            "intv_type": "hard",
            "inode": 5,
            "new_mui": 1.0,
            "new_vari": 0.2,
            "true_params": {
                "Si": [
                    [
                        1.0,
                        -0.8999026373425443,
                        0.7590487168038282,
                        -1.182812848800066,
                        0.774856422580277,
                        0.0
                    ],
                    [
                        -0.8999026373425443,
                        1.8098247566960668,
                        -1.5265486533817543,
                        2.378795091231318,
                        -0.4702741790950422,
                        0.0
                    ],
                    [
                        0.7590487168038282,
                        -1.5265486533817543,
                        2.287611290827864,
                        -2.6793112194412085,
                        -0.0863145214273543,
                        0.0
                    ],
                    [
                        -1.182812848800066,
                        2.378795091231318,
                        -2.6793112194412085,
                        4.579362275999633,
                        0.42466975894358433,
                        0.0
                    ],
                    [
                        0.774856422580277,
                        -0.4702741790950422,
                        -0.0863145214273543,
                        0.42466975894358433,
                        2.400470419826761,
                        0.0
                    ],
                    [
                        0.0,
                        0.0,
                        0.0,
                        0.0,
                        0.0,
                        0.2
                    ]
                ],
                "mui": [
                    0.0,
                    0.0,
                    0.0,
                    0.0,
                    0.0,
                    1.0
                ],
                "Ai": [
                    [
                        0.0,
                        0.0,
                        0.0,
                        0.0,
                        0.0,
                        0.0
                    ],
                    [
                        -0.8999026373425443,
                        0.0,
                        0.0,
                        0.0,
                        0.0,
                        0.0
                    ],
                    [
                        -0.0,
                        -0.8434787112585153,
                        0.0,
                        0.0,
                        0.0,
                        0.0
                    ],
                    [
                        0.0,
                        0.7468455552047961,
                        -0.6728482015413342,
                        0.0,
                        0.0,
                        0.0
                    ],
                    [
                        0.9791533624290059,
                        -0.7164600643470818,
                        0.0,
                        0.7178153688190045,
                        0.0,
                        0.0
                    ],
                    [
                        0.0,
                        0.0,
                        0.0,
                        0.0,
                        0.0,
                        0.0
                    ]
                ]
            },
            "est_params": {
                "mui": [
                    0.4635528417738139,
                    -0.8285948635711596,
                    0.8830621550601275,
                    -1.3025388435267036,
                    0.48201397888279673,
                    1.0549264726122287
                ],
                "Si": [
                    [
                        0.9323316705036719,
                        -0.7498344011031371,
                        0.5961684636741947,
                        -0.968813876102375,
                        0.5708633055725523,
                        -0.0021729134979119936
                    ],
                    [
                        -0.7498344011031371,
                        1.4396939566491893,
                        -1.1921345758621753,
                        1.8081384910564111,
                        -0.30946816918350156,
                        0.0255197626668425
                    ],
                    [
                        0.5961684636741947,
                        -1.192134575862175,
                        1.9106025559339779,
                        -2.0829760648448437,
                        -0.2775018569287727,
                        -0.029940993905007023
                    ],
                    [
                        -0.9688138761023751,
                        1.8081384910564111,
                        -2.0829760648448437,
                        3.6561688355812416,
                        0.6291591070204959,
                        0.07092497842804248
                    ],
                    [
                        0.5708633055725523,
                        -0.30946816918350156,
                        -0.2775018569287727,
                        0.6291591070204959,
                        1.984333271510919,
                        0.06264175703001011
                    ],
                    [
                        -0.002172913497911997,
                        0.025519762666842492,
                        -0.02994099390500702,
                        0.07092497842804248,
                        0.06264175703001011,
                        0.18382794465049812
                    ]
                ]
            },
            "est_tgt": [
                0,
                1,
                2,
                3,
                4,
                5
            ],
            "oracle_est_tgt": [
                2,
                4,
                5
            ]
        },
        "obs": {
            "intv_type": "obs",
            "true_params": {
                "Si": [
                    [
                        1.0,
                        -0.8999026373425443,
                        0.7590487168038282,
                        -1.182812848800066,
                        0.774856422580277,
                        2.3555121983304113
                    ],
                    [
                        -0.8999026373425443,
                        1.8098247566960668,
                        -1.5265486533817543,
                        2.378795091231318,
                        -0.4702741790950422,
                        -4.7157420178225085
                    ],
                    [
                        0.7590487168038282,
                        -1.5265486533817543,
                        2.287611290827864,
                        -2.6793112194412085,
                        -0.0863145214273543,
                        5.781950761361063
                    ],
                    [
                        -1.182812848800066,
                        2.378795091231318,
                        -2.6793112194412085,
                        4.579362275999633,
                        0.42466975894358433,
                        -8.780267176836672
                    ],
                    [
                        0.774856422580277,
                        -0.4702741790950422,
                        -0.0863145214273543,
                        0.42466975894358433,
                        2.400470419826761,
                        -1.3165183785408343
                    ],
                    [
                        2.3555121983304113,
                        -4.7157420178225085,
                        5.781950761361063,
                        -8.780267176836672,
                        -1.3165183785408343,
                        18.903145370849998
                    ]
                ],
                "mui": [
                    0.0,
                    0.0,
                    0.0,
                    0.0,
                    0.0,
                    0.0
                ],
                "Ai": [
                    [
                        0.0,
                        0.0,
