{
    "expt_args": {
        "save_dir": "all_expt_logs/expt_logs_11.05.24-hard_var_shift-corr",
        "exp_name": "324",
        "num_nodes": 6,
        "obs_noise_mean": 0.0,
        "obs_noise_var": 1.0,
        "max_edge_strength": 1.0,
        "graph_sparsity_method": "adj_dense_prop",
        "adj_dense_prop": 0.8,
        "num_parents": null,
        "new_noise_mean": 1.0,
        "mix_samples": 16384,
        "stage2_samples": 16384,
        "gmm_tol": 0.001,
        "intv_type": "hard",
        "new_noise_var": 4.0,
        "intv_targets": [
            0,
            1,
            2,
            3,
            4,
            5
        ]
    },
    "intv_args_dict": {
        "0": {
            "intv_type": "hard",
            "inode": 0,
            "new_mui": 1.0,
            "new_vari": 4.0,
            "true_params": {
                "Si": [
                    [
                        4.0,
                        2.676729010690062,
                        -2.156653152644988,
                        4.081044984246926,
                        7.516969345353928,
                        -6.691763637874245
                    ],
                    [
                        2.676729010690062,
                        2.7912195491674496,
                        -2.2488987179484496,
                        3.474897464812705,
                        6.083957382563015,
                        -4.7122949449152
                    ],
                    [
                        -2.156653152644988,
                        -2.2488987179484496,
                        2.811948273685142,
                        -3.7230752829754605,
                        -6.209715637837612,
                        3.1721825884408665
                    ],
                    [
                        4.081044984246926,
                        3.474897464812705,
                        -3.7230752829754605,
                        6.569716487061358,
                        10.282835455968966,
                        -6.128736730556375
                    ],
                    [
                        7.516969345353928,
                        6.083957382563015,
                        -6.209715637837612,
                        10.282835455968966,
                        18.333996899613194,
                        -12.6700676230742
                    ],
                    [
                        -6.691763637874245,
                        -4.7122949449152,
                        3.1721825884408665,
                        -6.128736730556375,
                        -12.6700676230742,
                        13.448136877565569
                    ]
                ],
                "mui": [
                    1.0,
                    0.6691822526725155,
                    -0.539163288161247,
                    1.0202612460617315,
                    1.879242336338482,
                    -1.6729409094685612
                ],
                "Ai": [
                    [
                        0.0,
                        0.0,
                        0.0,
                        0.0,
                        0.0,
                        0.0
                    ],
                    [
                        0.6691822526725155,
                        0.0,
                        0.0,
                        0.0,
                        0.0,
                        0.0
                    ],
                    [
                        -0.0,
                        -0.8057047030281941,
                        0.0,
                        0.0,
                        0.0,
                        0.0
                    ],
                    [
                        0.5224334219560676,
                        0.0,
                        -0.9233340530351154,
                        0.0,
                        0.0,
                        0.0
                    ],
                    [
                        0.8491075476344755,
                        0.0,
                        -0.7334571945541504,
                        0.6220775300567141,
                        0.0,
                        0.0
                    ],
                    [
                        -0.9501824561617689,
                        -0.7374767581468862,
                        -0.9735805758316847,
                        0.8242871822411842,
                        -0.8488310615255087,
                        0.0
                    ]
                ]
            },
            "est_params": {
                "mui": [
                    1.293906238830468,
                    2.3262563106316434,
                    -1.9161848809728506,
                    2.4719844735440475,
                    4.057497490383947,
                    -2.542960794484926
                ],
                "Si": [
                    [
                        3.3604046095572757,
                        0.07713553203769893,
                        -0.044727717131966105,
                        1.727219656611417,
                        3.9134391556119974,
                        -5.050332722869448
                    ],
                    [
                        0.07713553203769893,
                        1.862252566992724,
                        -1.3527960375831098,
                        1.2678537894624928,
                        1.883145395741251,
                        -0.5680254432732118
                    ],
                    [
                        -0.04472771713196614,
                        -1.35279603758311,
                        2.0198782675793967,
                        -1.9412411620106715,
                        -2.810952456372643,
                        -0.21677669818359546
                    ],
                    [
                        1.727219656611417,
                        1.2678537894624928,
                        -1.9412411620106718,
                        3.6480157280902836,
                        5.183467049602815,
                        -1.952387473521954
                    ],
                    [
                        3.9134391556119974,
                        1.8831453957412516,
                        -2.8109524563726427,
                        5.183467049602815,
                        9.673967700404855,
                        -6.096832969361615
                    ],
                    [
                        -5.050332722869448,
                        -0.5680254432732118,
                        -0.21677669818359552,
                        -1.952387473521954,
                        -6.096832969361615,
                        9.847310354600152
                    ]
                ]
            },
            "est_tgt": [
                0,
                1,
                2,
                4,
                5
            ],
            "oracle_est_tgt": [
                0,
                1,
                4,
                5
            ]
        },
        "1": {
            "intv_type": "hard",
            "inode": 1,
            "new_mui": 1.0,
            "new_vari": 4.0,
            "true_params": {
                "Si": [
                    [
                        1.0,
                        0.0,
                        0.0,
                        0.5224334219560676,
                        1.174101640383983,
                        -1.5161612246149598
                    ],
                    [
                        0.0,
                        4.0,
                        -3.2228188121127763,
                        2.975738355985906,
                        4.214939611075316,
                        -0.9371419174819411
                    ],
                    [
                        0.0,
                        -3.2228188121127763,
                        3.596640273927002,
                        -3.3209004414343464,
                        -4.703839229306699,
                        0.13052403958676484
                    ],
                    [
                        0.5224334219560676,
                        2.975738355985906,
                        -3.3209004414343464,
                        4.3392371446924045,
                        5.578682408188079,
                        -0.6163621352508818
                    ],
                    [
                        1.174101640383983,
                        4.214939611075316,
                        -4.703839229306699,
                        5.578682408188079,
                        8.917376262757589,
                        -2.615373831391335
                    ],
                    [
                        -1.5161612246149598,
                        -0.9371419174819411,
                        0.13052403958676484,
                        -0.6163621352508818,
                        -2.615373831391335,
                        4.71662564782909
                    ]
                ],
                "mui": [
                    0.0,
                    1.0,
                    -0.8057047030281941,
                    0.7439345889964765,
                    1.053734902768829,
                    -0.23428547937048527
                ],
                "Ai": [
                    [
                        0.0,
                        0.0,
                        0.0,
                        0.0,
                        0.0,
                        0.0
                    ],
                    [
                        0.0,
                        0.0,
                        0.0,
                        0.0,
                        0.0,
                        0.0
                    ],
                    [
                        -0.0,
                        -0.8057047030281941,
                        0.0,
                        0.0,
                        0.0,
                        0.0
                    ],
                    [
                        0.5224334219560676,
                        0.0,
                        -0.9233340530351154,
                        0.0,
                        0.0,
                        0.0
                    ],
                    [
                        0.8491075476344755,
                        0.0,
                        -0.7334571945541504,
                        0.6220775300567141,
                        0.0,
                        0.0
                    ],
                    [
                        -0.9501824561617689,
                        -0.7374767581468862,
                        -0.9735805758316847,
                        0.8242871822411842,
                        -0.8488310615255087,
                        0.0
                    ]
                ]
            },
            "est_params": {
                "mui": [
                    0.24527186034694656,
                    0.3184215151979799,
                    -0.3416675125048221,
                    0.48472280176221555,
                    0.7739767871169175,
                    -0.42153297440975723
                ],
                "Si": [
                    [
                        0.9587506464730379,
                        0.3801460347972236,
                        -0.22169465694254176,
                        0.600006545411339,
                        1.2955552788496805,
                        -1.5894314208655613
                    ],
                    [
                        0.3801460347972236,
                        1.1056515072229995,
                        -0.7554095352546913,
                        0.7546661263795226,
                        1.2413115005070328,
                        -0.8210623140860352
                    ],
                    [
                        -0.22169465694254176,
                        -0.7554095352546911,
                        1.400375397021362,
                        -1.1699282450119717,
                        -1.8762964191881384,
                        -0.020411526635144134
                    ],
                    [
                        0.600006545411339,
                        0.7546661263795228,
                        -1.1699282450119715,
                        2.3604078444030483,
                        2.7897947196456108,
                        -0.37871425287238203
                    ],
                    [
                        1.2955552788496805,
                        1.2413115005070328,
                        -1.8762964191881382,
                        2.7897947196456108,
                        5.08775243325419,
                        -2.338018838043598
                    ],
                    [
                        -1.5894314208655613,
                        -0.8210623140860351,
                        -0.020411526635144128,
                        -0.37871425287238203,
                        -2.338018838043598,
                        4.744601906079897
                    ]
                ]
            },
            "est_tgt": [
                0,
                1,
                2,
                3,
                4,
                5
            ],
            "oracle_est_tgt": [
                0,
                1,
                4,
                5
            ]
        },
        "2": {
            "intv_type": "hard",
            "inode": 2,
            "new_mui": 1.0,
            "new_vari": 4.0,
            "true_params": {
                "Si": [
                    [
                        1.0,
                        0.6691822526725155,
                        0.0,
                        0.5224334219560676,
                        1.174101640383983,
                        -2.0096675829253168
                    ],
                    [
                        0.6691822526725155,
                        1.4478048872918623,
                        0.0,
                        0.34960317417597214,
                        0.7856879805786495,
                        -2.082310638411779
                    ],
                    [
                        0.0,
                        0.0,
                        4.0,
                        -3.6933362121404616,
                        -5.23137024673396,
                        -2.4981424429331796
                    ],
                    [
                        0.5224334219560676,
                        0.34960317417597214,
                        -3.6933362121404616,
                        4.68311977435374,
                        6.065769760610929,
                        1.5529509266026618
                    ],
                    [
                        1.174101640383983,
                        0.7856879805786495,
                        -5.23137024673396,
                        6.065769760610929,
                        9.607303779957153,
                        0.24308145008696258
                    ],
                    [
                        -2.0096675829253168,
                        -2.082310638411779,
                        -2.4981424429331796,
                        1.5529509266026618,
                        0.24308145008696258,
                        7.951091995317479
                    ]
                ],
                "mui": [
                    0.0,
                    0.0,
                    1.0,
                    -0.9233340530351154,
                    -1.30784256168349,
                    -0.6245356107332949
                ],
                "Ai": [
                    [
                        0.0,
                        0.0,
                        0.0,
                        0.0,
                        0.0,
                        0.0
                    ],
                    [
                        0.6691822526725155,
                        0.0,
                        0.0,
                        0.0,
                        0.0,
                        0.0
                    ],
                    [
                        0.0,
                        0.0,
                        0.0,
                        0.0,
                        0.0,
                        0.0
                    ],
                    [
                        0.5224334219560676,
                        0.0,
                        -0.9233340530351154,
                        0.0,
                        0.0,
                        0.0
                    ],
                    [
                        0.8491075476344755,
                        0.0,
                        -0.7334571945541504,
                        0.6220775300567141,
                        0.0,
                        0.0
                    ],
                    [
                        -0.9501824561617689,
                        -0.7374767581468862,
                        -0.9735805758316847,
                        0.8242871822411842,
                        -0.8488310615255087,
                        0.0
                    ]
                ]
            },
            "est_params": {
                "mui": [
                    -0.038979249377121196,
                    0.019286078569271194,
                    1.05529991666304,
                    -1.0162814882301467,
                    -1.4340661111362414,
                    -0.632259932130199
                ],
                "Si": [
                    [
                        0.9396145717186493,
                        0.614835836943395,
                        0.032554136554699555,
                        0.4637762865402712,
                        1.0738588382465775,
                        -1.8945881877390163
                    ],
                    [
                        0.6148358369433949,
                        1.3448305505744538,
                        0.062302331170230756,
                        0.36417647442382556,
                        0.7157113287399758,
                        -1.9629887459139561
                    ],
                    [
                        0.032554136554699555,
                        0.062302331170230756,
                        4.071765737632948,
                        -3.793347392449028,
                        -5.318041916483815,
                        -2.701573248501098
                    ],
                    [
                        0.4637762865402712,
                        0.36417647442382556,
                        -3.793347392449028,
                        4.782508356090868,
                        6.160282892065443,
                        1.755388148945571
                    ],
                    [
                        1.0738588382465775,
                        0.7157113287399756,
                        -5.318041916483815,
                        6.160282892065443,
                        9.706506769099967,
                        0.534903707861846
                    ],
                    [
                        -1.8945881877390163,
                        -1.9629887459139561,
                        -2.701573248501098,
                        1.755388148945571,
                        0.5349037078618462,
                        7.948552753266178
                    ]
                ]
            },
            "est_tgt": [
                2
            ],
            "oracle_est_tgt": [
                2
            ]
        },
        "3": {
            "intv_type": "hard",
            "inode": 3,
            "new_mui": 1.0,
            "new_vari": 4.0,
            "true_params": {
                "Si": [
                    [
                        1.0,
                        0.6691822526725155,
                        -0.539163288161247,
                        0.0,
                        1.2445607403758148,
                        -1.9751917243029706
                    ],
                    [
                        0.6691822526725155,
                        1.4478048872918623,
                        -1.166503206758258,
                        0.0,
                        1.4237878709546057,
                        -1.7764381973177872
                    ],
                    [
                        -0.539163288161247,
                        -1.166503206758258,
                        1.9398571197825984,
                        0.0,
                        -1.8806097782967754,
                        1.0802852834231045
                    ],
                    [
                        0.0,
                        0.0,
                        0.0,
                        4.0,
                        2.4883101202268563,
                        1.1849938082079086
                    ],
                    [
                        1.2445607403758148,
                        1.4237878709546057,
                        -1.8806097782967754,
                        2.4883101202268563,
                        4.984034503789159,
                        -2.5811662546114857
                    ],
                    [
                        -1.9751917243029706,
                        -1.7764381973177872,
                        1.0802852834231045,
                        1.1849938082079086,
                        -2.5811662546114857,
                        6.302878937513892
                    ]
                ],
                "mui": [
                    0.0,
                    0.0,
                    0.0,
                    1.0,
                    0.6220775300567141,
                    0.29624845205197714
                ],
                "Ai": [
                    [
                        0.0,
                        0.0,
                        0.0,
                        0.0,
                        0.0,
                        0.0
                    ],
                    [
                        0.6691822526725155,
                        0.0,
                        0.0,
                        0.0,
                        0.0,
                        0.0
                    ],
                    [
                        -0.0,
                        -0.8057047030281941,
                        0.0,
                        0.0,
                        0.0,
                        0.0
                    ],
                    [
                        0.0,
                        0.0,
                        0.0,
                        0.0,
                        0.0,
                        0.0
                    ],
                    [
                        0.8491075476344755,
                        0.0,
                        -0.7334571945541504,
                        0.6220775300567141,
                        0.0,
                        0.0
                    ],
                    [
                        -0.9501824561617689,
                        -0.7374767581468862,
                        -0.9735805758316847,
                        0.8242871822411842,
                        -0.8488310615255087,
                        0.0
                    ]
                ]
            },
            "est_params": {
                "mui": [
                    -0.08052517247049032,
                    -0.13661789724478146,
                    0.1311018967363723,
                    1.0227726902633647,
                    0.4253279281658112,
                    0.5093277311703635
                ],
                "Si": [
                    [
                        0.9739226913229908,
                        0.6194611418554824,
                        -0.4899733267925495,
                        0.0037954426578998965,
                        1.1650688322017704,
                        -1.8874214133405944
                    ],
                    [
                        0.6194611418554823,
                        1.3744257149318375,
                        -1.1499780949093872,
                        -0.0444602813921937,
                        1.3334677974605436,
                        -1.6219311867367878
                    ],
                    [
                        -0.4899733267925496,
                        -1.1499780949093876,
                        1.9653827322965,
                        0.07643309261744523,
                        -1.7687988364268223,
                        0.9771997026411632
                    ],
                    [
                        0.0037954426578998566,
                        -0.0444602813921937,
                        0.07643309261744517,
                        4.292991962846045,
                        2.6150541860254464,
                        1.3795938219534554
                    ],
                    [
                        1.1650688322017704,
                        1.3334677974605436,
                        -1.7687988364268221,
                        2.6150541860254464,
                        4.976967024176947,
                        -2.3718412847787635
                    ],
                    [
                        -1.8874214133405944,
                        -1.6219311867367876,
                        0.9771997026411632,
                        1.3795938219534554,
                        -2.371841284778764,
                        6.224851783925108
                    ]
                ]
            },
            "est_tgt": [
                0,
                3,
                4,
                5
            ],
            "oracle_est_tgt": [
                0,
                3,
                4,
                5
            ]
        },
        "4": {
            "intv_type": "hard",
            "inode": 4,
            "new_mui": 1.0,
            "new_vari": 4.0,
            "true_params": {
                "Si": [
                    [
                        1.0,
                        0.6691822526725155,
                        -0.539163288161247,
                        1.0202612460617315,
                        0.0,
                        -0.07778164225069042
                    ],
                    [
                        0.6691822526725155,
                        1.4478048872918623,
                        -1.166503206758258,
                        1.4266753079505337,
                        0.0,
                        0.6081073421353738
                    ],
                    [
                        -0.539163288161247,
                        -1.166503206758258,
                        1.9398571197825984,
                        -2.0728130583450572,
                        0.0,
                        -2.224627946179778
                    ],
                    [
                        1.0202612460617315,
                        1.4266753079505337,
                        -2.0728130583450572,
                        3.4469174564150467,
                        0.0,
                        2.8377261907561526
                    ],
                    [
                        0.0,
                        0.0,
                        0.0,
                        0.0,
                        4.0,
                        -3.3953242461020348
                    ],
                    [
                        -0.07778164225069042,
                        0.6081073421353738,
                        -2.224627946179778,
                        2.8377261907561526,
                        -3.3953242461020348,
                        8.012454287240194
                    ]
                ],
                "mui": [
                    0.0,
                    0.0,
                    0.0,
                    0.0,
                    1.0,
                    -0.8488310615255087
                ],
                "Ai": [
                    [
                        0.0,
                        0.0,
                        0.0,
                        0.0,
                        0.0,
                        0.0
                    ],
                    [
                        0.6691822526725155,
                        0.0,
                        0.0,
                        0.0,
                        0.0,
                        0.0
                    ],
                    [
                        -0.0,
                        -0.8057047030281941,
                        0.0,
                        0.0,
                        0.0,
                        0.0
                    ],
                    [
                        0.5224334219560676,
                        0.0,
                        -0.9233340530351154,
                        0.0,
                        0.0,
                        0.0
                    ],
                    [
                        0.0,
                        0.0,
                        0.0,
                        0.0,
                        0.0,
                        0.0
                    ],
                    [
                        -0.9501824561617689,
                        -0.7374767581468862,
                        -0.9735805758316847,
                        0.8242871822411842,
                        -0.8488310615255087,
                        0.0
                    ]
                ]
            },
            "est_params": {
                "mui": [
                    -0.006814091965670854,
                    -0.024504008752243404,
                    0.04221614898718545,
                    -0.011119252023718442,
                    0.971643288173208,
                    -0.8479588906478045
                ],
                "Si": [
                    [
                        0.9543135796506214,
                        0.6440786107926559,
                        -0.5565054046286404,
                        1.040354061209451,
                        -0.04089194173050753,
                        0.06128291318543951
                    ],
                    [
                        0.6440786107926559,
                        1.4867839329860244,
                        -1.225674499415403,
                        1.4521337295595487,
                        0.011733632499527198,
                        0.6973784780052714
                    ],
                    [
                        -0.5565054046286404,
                        -1.225674499415403,
                        1.9966848513231117,
                        -2.1270677131488887,
                        -0.020463997190228452,
                        -2.2371366523560554
                    ],
                    [
                        1.040354061209451,
                        1.4521337295595487,
                        -2.1270677131488887,
                        3.448866634118449,
                        0.03993221345400119,
                        2.782113217537486
                    ],
                    [
                        -0.04089194173050753,
                        0.011733632499527153,
                        -0.02046399719022848,
                        0.03993221345400127,
                        3.9075938195334268,
                        -3.15089101101628
                    ],
                    [
                        0.06128291318543946,
                        0.6973784780052713,
                        -2.2371366523560554,
                        2.782113217537486,
                        -3.15089101101628,
                        7.460548687557254
                    ]
                ]
            },
            "est_tgt": [
                0,
                3,
                4,
                5
            ],
            "oracle_est_tgt": [
                0,
                3,
                4,
                5
            ]
        },
        "5": {
            "intv_type": "hard",
            "inode": 5,
            "new_mui": 1.0,
            "new_vari": 4.0,
            "true_params": {
                "Si": [
                    [
                        1.0,
                        0.6691822526725155,
                        -0.539163288161247,
                        1.0202612460617315,
                        1.879242336338482,
                        0.0
                    ],
                    [
                        0.6691822526725155,
                        1.4478048872918623,
                        -1.166503206758258,
                        1.4266753079505337,
                        2.3112905227173757,
                        0.0
                    ],
                    [
                        -0.539163288161247,
                        -1.166503206758258,
                        1.9398571197825984,
                        -2.0728130583450572,
                        -3.1700602059013723,
                        0.0
                    ],
                    [
                        1.0202612460617315,
                        1.4266753079505337,
                        -2.0728130583450572,
                        3.4469174564150467,
                        4.530881072794989,
                        0.0
                    ],
                    [
                        1.879242336338482,
                        2.3112905227173757,
                        -3.1700602059013723,
                        4.530881072794989,
                        7.739341623552444,
                        0.0
                    ],
                    [
                        0.0,
                        0.0,
                        0.0,
                        0.0,
                        0.0,
                        4.0
                    ]
                ],
                "mui": [
                    0.0,
                    0.0,
                    0.0,
                    0.0,
                    0.0,
                    1.0
                ],
                "Ai": [
                    [
                        0.0,
                        0.0,
                        0.0,
                        0.0,
                        0.0,
                        0.0
                    ],
                    [
                        0.6691822526725155,
                        0.0,
                        0.0,
                        0.0,
                        0.0,
                        0.0
                    ],
                    [
                        -0.0,
                        -0.8057047030281941,
                        0.0,
                        0.0,
                        0.0,
                        0.0
                    ],
                    [
                        0.5224334219560676,
                        0.0,
                        -0.9233340530351154,
                        0.0,
                        0.0,
                        0.0
                    ],
                    [
                        0.8491075476344755,
                        0.0,
                        -0.7334571945541504,
                        0.6220775300567141,
                        0.0,
                        0.0
                    ],
                    [
                        0.0,
                        0.0,
                        0.0,
                        0.0,
                        0.0,
                        0.0
                    ]
                ]
            },
            "est_params": {
                "mui": [
                    0.05837683628425764,
                    0.02842512454282455,
                    -0.08898082448452906,
                    0.09064655269767202,
                    0.2328893893998047,
                    0.9587372662807592
                ],
                "Si": [
                    [
                        0.9568294136015906,
                        0.6312488759586922,
                        -0.4943484531624449,
                        1.0052210288035937,
                        1.8177577640716502,
                        0.019217890132697632
                    ],
                    [
                        0.6312488759586922,
                        1.3486091233378785,
                        -1.0844322517508724,
                        1.3955056098500414,
                        2.272451846990326,
                        0.03402283443134098
                    ],
                    [
                        -0.4943484531624449,
                        -1.0844322517508724,
                        1.8417118276954407,
                        -2.0468525347689845,
                        -3.1098019816617435,
                        0.005357250074014065
                    ],
                    [
                        1.0052210288035937,
                        1.3955056098500414,
                        -2.0468525347689845,
                        3.4761779700453714,
                        4.5557929324345166,
                        0.026806468500667265
                    ],
                    [
                        1.8177577640716502,
                        2.272451846990326,
                        -3.1098019816617435,
                        4.5557929324345166,
                        7.724982658783696,
                        -0.03890194562416997
                    ],
                    [
                        0.019217890132697674,
                        0.03402283443134098,
                        0.0053572500740140735,
                        0.026806468500667247,
                        -0.03890194562416995,
                        4.1268898229748805
                    ]
                ]
            },
            "est_tgt": [
                0,
                5
            ],
            "oracle_est_tgt": [
                0,
                5
            ]
        },
        "obs": {
            "intv_type": "obs",
            "true_params": {
                "Si": [
                    [
                        1.0,
                        0.6691822526725155,
                        -0.539163288161247,
                        1.0202612460617315,
                        1.879242336338482,
                        -1.6729409094685612
                    ],
                    [
                        0.6691822526725155,
                        1.4478048872918623,
                        -1.166503206758258,
                        1.4266753079505337,
                        2.3112905227173757,
                        -1.3537878457566639
                    ],
                    [
                        -0.539163288161247,
                        -1.166503206758258,
                        1.9398571197825984,
                        -2.0728130583450572,
                        -3.1700602059013723,
                        0.46621762349525664
                    ],
                    [
                        1.0202612460617315,
                        1.4266753079505337,
                        -2.0728130583450572,
                        3.4469174564150467,
                        4.530881072794989,
                        -1.0082263999102539
                    ],
                    [
                        1.879242336338482,
                        2.3112905227173757,
                        -3.1700602059013723,
                        4.530881072794989,
                        7.739341623552444,
                        -3.2384834732764256
                    ],
                    [
                        -1.6729409094685612,
                        -1.3537878457566639,
                        0.46621762349525664,
                        -1.0082263999102539,
                        -3.2384834732764256,
                        5.051943017845079
                    ]
                ],
                "mui": [
                    0.0,
                    0.0,
                    0.0,
                    0.0,
                    0.0,
                    0.0
                ],
                "Ai": [
                    [
                        0.0,
                        0.0,
                        0.0,
                        0.0,
                        0.0,
                        0.0
                    ],
