{
    "expt_args": {
        "save_dir": "all_expt_logs/expt_logs_11.05.24-hard_var_shift-corr",
        "exp_name": "128",
        "num_nodes": 6,
        "obs_noise_mean": 0.0,
        "obs_noise_var": 1.0,
        "max_edge_strength": 1.0,
        "graph_sparsity_method": "adj_dense_prop",
        "adj_dense_prop": 0.8,
        "num_parents": null,
        "new_noise_mean": 1.0,
        "mix_samples": 1024,
        "stage2_samples": 1024,
        "gmm_tol": 0.001,
        "intv_type": "hard",
        "new_noise_var": 0.5,
        "intv_targets": [
            0,
            1,
            2,
            3,
            4,
            5
        ]
    },
    "intv_args_dict": {
        "0": {
            "intv_type": "hard",
            "inode": 0,
            "new_mui": 1.0,
            "new_vari": 0.5,
            "true_params": {
                "Si": [
                    [
                        0.5,
                        -0.3797853235293702,
                        0.35451621834686114,
                        -0.4192214438599571,
                        0.29000477286922083,
                        -0.46557042255482917
                    ],
                    [
                        -0.3797853235293702,
                        1.2884737839366167,
                        -0.26928011336254304,
                        1.0972208524120606,
                        0.3830670523926153,
                        0.3635845922872778
                    ],
                    [
                        0.35451621834686114,
                        -0.26928011336254304,
                        1.2513634981419186,
                        0.330032014342931,
                        1.3729090770118075,
                        -0.843632404479037
                    ],
                    [
                        -0.4192214438599571,
                        1.0972208524120606,
                        0.330032014342931,
                        2.3514832619989994,
                        1.733656951064774,
                        -1.1214854512905543
                    ],
                    [
                        0.29000477286922083,
                        0.3830670523926153,
                        1.3729090770118075,
                        1.733656951064774,
                        3.4949804878539283,
                        -2.6739303367598923
                    ],
                    [
                        -0.46557042255482917,
                        0.3635845922872778,
                        -0.843632404479037,
                        -1.1214854512905543,
                        -2.6739303367598923,
                        3.910519604288319
                    ]
                ],
                "mui": [
                    1.0,
                    -0.7595706470587404,
                    0.7090324366937223,
                    -0.8384428877199142,
                    0.5800095457384417,
                    -0.9311408451096583
                ],
                "Ai": [
                    [
                        0.0,
                        0.0,
                        0.0,
                        0.0,
                        0.0,
                        0.0
                    ],
                    [
                        -0.7595706470587404,
                        0.0,
                        0.0,
                        0.0,
                        0.0,
                        0.0
                    ],
                    [
                        0.7090324366937223,
                        -0.0,
                        0.0,
                        0.0,
                        0.0,
                        0.0
                    ],
                    [
                        -0.6916522678882455,
                        0.7787925490384535,
                        0.6272736161972169,
                        0.0,
                        0.0,
                        0.0
                    ],
                    [
                        0.7464865896687831,
                        -0.0,
                        0.6813248688775835,
                        0.7747200022855145,
                        0.0,
                        0.0
                    ],
                    [
                        -0.7287341967535639,
                        0.9425292741423289,
                        0.8390601241251074,
                        -0.5135725178958883,
                        -0.8827633110267339,
                        0.0
                    ]
                ]
            },
            "est_params": {
                "mui": [
                    0.45009818160490517,
                    -0.4694546866597187,
                    0.7919164411062589,
                    0.26816858244620556,
                    1.0308718906486718,
                    -0.4130490565914265
                ],
                "Si": [
                    [
                        0.4101793115261313,
                        -0.10779529404585858,
                        0.10971755035064486,
                        -0.47255056648817795,
                        -0.01256595665675201,
                        0.04446035874433861
                    ],
                    [
                        -0.10779529404585861,
                        0.7727858261662305,
                        0.013101375560373371,
                        0.537024367682674,
                        0.5465988814043845,
                        0.0727758847871875
                    ],
                    [
                        0.10971755035064487,
                        0.01310137556037337,
                        0.5103081091635865,
                        -0.004002294693676224,
                        0.29139827643738864,
                        -0.0173023861231809
                    ],
                    [
                        -0.47255056648817795,
                        0.5370243676826741,
                        -0.004002294693676228,
                        1.3889445583317694,
                        0.7519134712990325,
                        0.1392053181530915
                    ],
                    [
                        -0.012565956656752014,
                        0.5465988814043845,
                        0.29139827643738864,
                        0.7519134712990325,
                        1.1760098942775647,
                        0.01589128341771489
                    ],
                    [
                        0.04446035874433862,
                        0.07277588478718748,
                        -0.017302386123180875,
                        0.1392053181530915,
                        0.01589128341771489,
                        1.8282270188818295
                    ]
                ]
            },
            "est_tgt": [
                0,
                1,
                2,
                4,
                5
            ],
            "oracle_est_tgt": [
                0,
                1,
                2
            ]
        },
        "1": {
            "intv_type": "hard",
            "inode": 1,
            "new_mui": 1.0,
            "new_vari": 0.5,
            "true_params": {
                "Si": [
                    [
                        1.0,
                        0.0,
                        0.7090324366937223,
                        -0.2468949273222501,
                        1.0382935829697115,
                        -0.923582384052145
                    ],
                    [
                        0.0,
                        0.5,
                        0.0,
                        0.38939627451922676,
                        0.3016730826855062,
                        0.0049754825879474995
                    ],
                    [
                        0.7090324366937223,
                        0.0,
                        1.5027269962838372,
                        0.45221710427060247,
                        1.9034701153880045,
                        -1.1683777415743501
                    ],
                    [
                        -0.2468949273222501,
                        0.38939627451922676,
                        0.45221710427060247,
                        1.7576882119334987,
                        1.485519222534402,
                        -1.2876867239951053
                    ],
                    [
                        1.0382935829697115,
                        0.3016730826855062,
                        1.9034701153880045,
                        1.485519222534402,
                        4.2228152180822,
                        -3.36584664851013
                    ],
                    [
                        -0.923582384052145,
                        0.0049754825879474995,
                        -1.1683777415743501,
                        -1.2876867239951053,
                        -3.36584664851013,
                        4.329962876850033
                    ]
                ],
                "mui": [
                    0.0,
                    1.0,
                    0.0,
                    0.7787925490384535,
                    0.6033461653710124,
                    0.009950965175894999
                ],
                "Ai": [
                    [
                        0.0,
                        0.0,
                        0.0,
                        0.0,
                        0.0,
                        0.0
                    ],
                    [
                        0.0,
                        0.0,
                        0.0,
                        0.0,
                        0.0,
                        0.0
                    ],
                    [
                        0.7090324366937223,
                        -0.0,
                        0.0,
                        0.0,
                        0.0,
                        0.0
                    ],
                    [
                        -0.6916522678882455,
                        0.7787925490384535,
                        0.6272736161972169,
                        0.0,
                        0.0,
                        0.0
                    ],
                    [
                        0.7464865896687831,
                        -0.0,
                        0.6813248688775835,
                        0.7747200022855145,
                        0.0,
                        0.0
                    ],
                    [
                        -0.7287341967535639,
                        0.9425292741423289,
                        0.8390601241251074,
                        -0.5135725178958883,
                        -0.8827633110267339,
                        0.0
                    ]
                ]
            },
            "est_params": {
                "mui": [
                    -0.5172986393274208,
                    0.7493633817401377,
                    -1.2358307217878137,
                    -0.5453720010770091,
                    -1.9261229400630748,
                    2.4575804393606995
                ],
                "Si": [
                    [
                        1.201061743315643,
                        -0.14671239777437192,
                        0.759435907684168,
                        -0.5662318625326147,
                        0.8155221339138636,
                        -0.4444441304240351
                    ],
                    [
                        -0.14671239777437195,
                        1.0931404896089747,
                        0.27031792078962846,
                        0.6977840541099377,
                        0.530473393092476,
                        0.5798008653731213
                    ],
                    [
                        0.759435907684168,
                        0.27031792078962846,
                        1.637598628020785,
                        0.4472135553119937,
                        1.920569638245188,
                        -0.3223633785349584
                    ],
                    [
                        -0.5662318625326148,
                        0.6977840541099378,
                        0.4472135553119937,
                        1.319746020587028,
                        0.983562689389547,
                        -0.1763658180612082
                    ],
                    [
                        0.8155221339138636,
                        0.530473393092476,
                        1.920569638245188,
                        0.983562689389547,
                        3.261163975177392,
                        -1.4566411641995962
                    ],
                    [
                        -0.4444441304240351,
                        0.5798008653731213,
                        -0.3223633785349584,
                        -0.17636581806120827,
                        -1.4566411641995962,
                        2.6226017300825553
                    ]
                ]
            },
            "est_tgt": [
                0,
                2,
                3,
                5
            ],
            "oracle_est_tgt": [
                1
            ]
        },
        "2": {
            "intv_type": "hard",
            "inode": 2,
            "new_mui": 1.0,
            "new_vari": 0.5,
            "true_params": {
                "Si": [
                    [
                        1.0,
                        -0.7595706470587404,
                        0.0,
                        -1.2832002282859096,
                        -0.24763429412164953,
                        -0.5670329257776888
                    ],
                    [
                        -0.7595706470587404,
                        1.5769475678732336,
                        0.0,
                        1.7534737767435054,
                        0.7914419063909282,
                        0.44065253151246486
                    ],
                    [
                        0.0,
                        0.0,
                        0.5,
                        0.31363680809860844,
                        0.5836431431257671,
                        -0.25676393666123026
                    ],
                    [
                        -1.2832002282859096,
                        1.7534737767435054,
                        0.31363680809860844,
                        3.4498567550993893,
                        1.9284698280729122,
                        -0.6231616379523254
                    ],
                    [
                        -0.24763429412164953,
                        0.7914419063909282,
                        0.5836431431257671,
                        1.9284698280729122,
                        2.7068190578697497,
                        -1.9637612270773084
                    ],
                    [
                        -0.5670329257776888,
                        0.44065253151246486,
                        -0.25676393666123026,
                        -0.6231616379523254,
                        -1.9637612270773084,
                        3.666678868149016
                    ]
                ],
                "mui": [
                    0.0,
                    0.0,
                    1.0,
                    0.6272736161972169,
                    1.1672862862515343,
                    -0.5135278733224605
                ],
                "Ai": [
                    [
                        0.0,
                        0.0,
                        0.0,
                        0.0,
                        0.0,
                        0.0
                    ],
                    [
                        -0.7595706470587404,
                        0.0,
                        0.0,
                        0.0,
                        0.0,
                        0.0
                    ],
                    [
                        0.0,
                        0.0,
                        0.0,
                        0.0,
                        0.0,
                        0.0
                    ],
                    [
                        -0.6916522678882455,
                        0.7787925490384535,
                        0.6272736161972169,
                        0.0,
                        0.0,
                        0.0
                    ],
                    [
                        0.7464865896687831,
                        -0.0,
                        0.6813248688775835,
                        0.7747200022855145,
                        0.0,
                        0.0
                    ],
                    [
                        -0.7287341967535639,
                        0.9425292741423289,
                        0.8390601241251074,
                        -0.5135725178958883,
                        -0.8827633110267339,
                        0.0
                    ]
                ]
            },
            "est_params": {
                "mui": [
                    0.02743635600511825,
                    0.9342190763329827,
                    0.5980731376101146,
                    1.319615554391568,
                    1.3838527051010985,
                    -0.6384817767627317
                ],
                "Si": [
                    [
                        0.9428612063910103,
                        -0.46233297395614753,
                        0.3132409598458782,
                        -0.8585901709607746,
                        0.11836792955707537,
                        -0.4556217839081714
                    ],
                    [
                        -0.46233297395614753,
                        0.9700629724087269,
                        -0.32619439989531795,
                        0.6952768236188341,
                        0.11553419490130713,
                        0.5114885984998756
                    ],
                    [
                        0.3132409598458782,
                        -0.32619439989531795,
                        1.1424518735732798,
                        -0.03384318537577148,
                        0.6777986651008585,
                        -0.04730573106302897
                    ],
                    [
                        -0.8585901709607747,
                        0.695276823618834,
                        -0.03384318537577148,
                        1.6901868791850974,
                        0.44124976052283055,
                        0.18239334618619782
                    ],
                    [
                        0.11836792955707534,
                        0.11553419490130715,
                        0.6777986651008585,
                        0.44124976052283055,
                        1.4368410941750343,
                        -0.6604675486217749
                    ],
                    [
                        -0.4556217839081714,
                        0.5114885984998755,
                        -0.047305731063028954,
                        0.18239334618619782,
                        -0.6604675486217748,
                        1.587929357167779
                    ]
                ]
            },
            "est_tgt": [
                1,
                4,
                5
            ],
            "oracle_est_tgt": [
                2
            ]
        },
        "3": {
            "intv_type": "hard",
            "inode": 3,
            "new_mui": 1.0,
            "new_vari": 0.5,
            "true_params": {
                "Si": [
                    [
                        1.0,
                        -0.7595706470587404,
                        0.7090324366937223,
                        0.0,
                        1.229568021629087,
                        -1.935148460950579
                    ],
                    [
                        -0.7595706470587404,
                        1.5769475678732336,
                        -0.5385602267250861,
                        0.0,
                        -0.9339437777915409,
                        2.412411242781286
                    ],
                    [
                        0.7090324366937223,
                        -0.5385602267250861,
                        1.5027269962838372,
                        0.0,
                        1.5531284793339344,
                        -1.134471501642019
                    ],
                    [
                        0.0,
                        0.0,
                        0.0,
                        0.5,
                        0.38736000114275726,
                        -0.598733456116044
                    ],
                    [
                        1.229568021629087,
                        -0.9339437777915409,
                        1.5531284793339344,
                        0.38736000114275726,
                        3.276136637734557,
                        -3.564120117736765
                    ],
                    [
                        -1.935148460950579,
                        2.412411242781286,
                        -1.134471501642019,
                        -0.598733456116044,
                        -3.564120117736765,
                        7.185854802533328
                    ]
                ],
                "mui": [
                    0.0,
                    0.0,
                    0.0,
                    1.0,
                    0.7747200022855145,
                    -1.197466912232088
                ],
                "Ai": [
                    [
                        0.0,
                        0.0,
                        0.0,
                        0.0,
                        0.0,
                        0.0
                    ],
                    [
                        -0.7595706470587404,
                        0.0,
                        0.0,
                        0.0,
                        0.0,
                        0.0
                    ],
                    [
                        0.7090324366937223,
                        -0.0,
                        0.0,
                        0.0,
                        0.0,
                        0.0
                    ],
                    [
                        0.0,
                        0.0,
                        0.0,
                        0.0,
                        0.0,
                        0.0
                    ],
                    [
                        0.7464865896687831,
                        -0.0,
                        0.6813248688775835,
                        0.7747200022855145,
                        0.0,
                        0.0
                    ],
                    [
                        -0.7287341967535639,
                        0.9425292741423289,
                        0.8390601241251074,
                        -0.5135725178958883,
                        -0.8827633110267339,
                        0.0
                    ]
                ]
            },
            "est_params": {
                "mui": [
                    0.6464584721303667,
                    -0.6516432704369567,
                    0.536232126066006,
                    1.0792293413027867,
                    2.133509327173843,
                    -3.656424454503684
                ],
                "Si": [
                    [
                        0.890872182451281,
                        -0.5764678854145907,
                        0.7081493711026502,
                        -0.49926278775340815,
                        0.8155510903414152,
                        -0.8057574208137906
                    ],
                    [
                        -0.5764678854145907,
                        1.5771436949148068,
                        -0.4279427890837499,
                        0.9813982232953575,
                        -0.059985412573848026,
                        0.8688078402283387
                    ],
                    [
                        0.7081493711026502,
                        -0.4279427890837499,
                        1.4240318742823102,
                        -0.18738830455870664,
                        1.5728211978508166,
                        -1.109820194189998
                    ],
                    [
                        -0.4992627877534081,
                        0.9813982232953576,
                        -0.18738830455870664,
                        1.5793374298811365,
                        0.5400886066586235,
                        -0.1279411922584703
                    ],
                    [
                        0.8155510903414152,
                        -0.059985412573848006,
                        1.5728211978508166,
                        0.5400886066586235,
                        3.0509038324559197,
                        -2.12706093314095
                    ],
                    [
                        -0.8057574208137904,
                        0.8688078402283387,
                        -1.109820194189998,
                        -0.12794119225847028,
                        -2.12706093314095,
                        2.7396271982420886
                    ]
                ]
            },
            "est_tgt": [
                3,
                5
            ],
            "oracle_est_tgt": [
                3
            ]
        },
        "4": {
            "intv_type": "hard",
            "inode": 4,
            "new_mui": 1.0,
            "new_vari": 0.5,
            "true_params": {
                "Si": [
                    [
                        1.0,
                        -0.7595706470587404,
                        0.7090324366937223,
                        -0.8384428877199142,
                        0.0,
                        -0.41912969808647965
                    ],
                    [
                        -0.7595706470587404,
                        1.5769475678732336,
                        -0.5385602267250861,
                        1.4156491557856676,
                        0.0,
                        0.8609214397911751
                    ],
                    [
                        0.7090324366937223,
                        -0.5385602267250861,
                        1.5027269962838372,
                        0.032790412488645115,
                        0.0,
                        0.2197330825200829
                    ],
                    [
                        -0.8384428877199142,
                        1.4156491557856676,
                        0.032790412488645115,
                        2.7029764999830537,
                        0.0,
                        0.5846314562122996
                    ],
                    [
                        0.0,
                        0.0,
                        0.0,
                        0.0,
                        0.5,
                        -0.44138165551336694
                    ],
                    [
                        -0.41912969808647965,
                        0.8609214397911751,
                        0.2197330825200829,
                        0.5846314562122996,
                        -0.44138165551336694,
                        2.390631953743603
                    ]
                ],
                "mui": [
                    0.0,
                    0.0,
                    0.0,
                    0.0,
                    1.0,
                    -0.8827633110267339
                ],
                "Ai": [
                    [
                        0.0,
                        0.0,
                        0.0,
                        0.0,
                        0.0,
                        0.0
                    ],
                    [
                        -0.7595706470587404,
                        0.0,
                        0.0,
                        0.0,
                        0.0,
                        0.0
                    ],
                    [
                        0.7090324366937223,
                        -0.0,
                        0.0,
                        0.0,
                        0.0,
                        0.0
                    ],
                    [
                        -0.6916522678882455,
                        0.7787925490384535,
                        0.6272736161972169,
                        0.0,
                        0.0,
                        0.0
                    ],
                    [
                        0.0,
                        0.0,
                        0.0,
                        0.0,
                        0.0,
                        0.0
                    ],
                    [
                        -0.7287341967535639,
                        0.9425292741423289,
                        0.8390601241251074,
                        -0.5135725178958883,
                        -0.8827633110267339,
                        0.0
                    ]
                ]
            },
            "est_params": {
                "mui": [
                    0.6368063708770516,
                    -0.826815214999046,
                    0.23052641909060811,
                    -0.9553192557216312,
                    0.9395656894290031,
                    -1.4486826275600002
                ],
                "Si": [
                    [
                        1.2760037706692522,
                        -1.035014045564094,
                        1.0071990570652487,
                        -0.9009878658937792,
                        -0.16284053008854363,
                        -0.5196828371382217
                    ],
                    [
                        -1.035014045564094,
                        1.4455979623649575,
                        -0.872404210929068,
                        1.1050826011055739,
                        0.25765344728908735,
                        0.6466055030196314
                    ],
                    [
                        1.0071990570652487,
                        -0.872404210929068,
                        1.8897672991064485,
                        -0.06056198435614363,
                        0.42818945994879015,
                        -0.1297951038960016
                    ],
                    [
                        -0.9009878658937791,
                        1.1050826011055737,
                        -0.06056198435614363,
                        1.9726837129789565,
                        0.4429828760738295,
                        0.5166910102851223
                    ],
                    [
                        -0.16284053008854363,
                        0.25765344728908735,
                        0.42818945994879015,
                        0.4429828760738295,
                        1.1970712672713264,
                        -0.18593236226602866
                    ],
                    [
                        -0.5196828371382217,
                        0.6466055030196314,
                        -0.12979510389600163,
                        0.5166910102851223,
                        -0.18593236226602866,
                        1.4127956066439316
                    ]
                ]
            },
            "est_tgt": [
                0,
                1,
                2,
                3,
                4,
                5
            ],
            "oracle_est_tgt": [
                0,
                4
            ]
        },
        "5": {
            "intv_type": "hard",
            "inode": 5,
            "new_mui": 1.0,
            "new_vari": 0.5,
            "true_params": {
                "Si": [
                    [
                        1.0,
                        -0.7595706470587404,
                        0.7090324366937223,
                        -0.8384428877199142,
                        0.5800095457384417,
                        0.0
                    ],
                    [
                        -0.7595706470587404,
                        1.5769475678732336,
                        -0.5385602267250861,
                        1.4156491557856676,
                        0.16278793941421815,
                        0.0
                    ],
                    [
                        0.7090324366937223,
                        -0.5385602267250861,
                        1.5027269962838372,
                        0.032790412488645115,
                        1.5785318677720805,
                        0.0
                    ],
                    [
                        -0.8384428877199142,
                        1.4156491557856676,
                        0.032790412488645115,
                        2.7029764999830537,
                        1.4905045118477465,
                        0.0
                    ],
                    [
                        0.5800095457384417,
                        0.16278793941421815,
                        1.5785318677720805,
                        1.4905045118477465,
                        3.663186024427785,
                        0.0
                    ],
                    [
                        0.0,
                        0.0,
                        0.0,
                        0.0,
                        0.0,
                        0.5
                    ]
                ],
                "mui": [
                    0.0,
                    0.0,
                    0.0,
                    0.0,
                    0.0,
                    1.0
                ],
                "Ai": [
                    [
                        0.0,
                        0.0,
                        0.0,
                        0.0,
                        0.0,
                        0.0
                    ],
                    [
                        -0.7595706470587404,
                        0.0,
                        0.0,
                        0.0,
                        0.0,
                        0.0
                    ],
                    [
                        0.7090324366937223,
                        -0.0,
                        0.0,
                        0.0,
                        0.0,
                        0.0
                    ],
                    [
                        -0.6916522678882455,
                        0.7787925490384535,
                        0.6272736161972169,
                        0.0,
                        0.0,
                        0.0
                    ],
                    [
                        0.7464865896687831,
                        -0.0,
                        0.6813248688775835,
                        0.7747200022855145,
                        0.0,
                        0.0
                    ],
                    [
                        0.0,
                        0.0,
                        0.0,
                        0.0,
                        0.0,
                        0.0
                    ]
                ]
            },
            "est_params": {
                "mui": [
                    -0.3569538806223838,
                    0.37957756996491654,
                    -0.19880916717941421,
                    0.20140511177149162,
                    -0.3819049532497575,
                    0.9278692654467271
                ],
                "Si": [
                    [
                        0.615332629648062,
                        -0.20723677558669268,
                        0.28208484344002765,
                        -0.5904183497947294,
                        0.07209894710063765,
                        -0.1288398117095739
                    ],
                    [
                        -0.20723677558669268,
                        0.7117505144266116,
                        -0.4577124461485793,
                        0.5387787232074357,
                        0.011761608072758991,
                        0.202586035182382
                    ],
                    [
                        0.28208484344002765,
                        -0.4577124461485794,
                        1.0058644505052203,
                        -0.3107556148023595,
                        0.2916780664859078,
                        0.015959169316840462
                    ],
                    [
                        -0.5904183497947294,
                        0.5387787232074357,
                        -0.3107556148023596,
                        1.1811935385989216,
                        0.27209819071473085,
                        0.17336968097074978
                    ],
                    [
                        0.07209894710063766,
                        0.011761608072758986,
                        0.2916780664859079,
                        0.27209819071473085,
                        1.4293384945546708,
                        -0.22464514786451914
                    ],
                    [
                        -0.1288398117095739,
                        0.202586035182382,
                        0.01595916931684047,
                        0.1733696809707498,
                        -0.22464514786451914,
                        0.8814642578160885
                    ]
                ]
            },
            "est_tgt": [
                0,
                1,
                3,
                5
            ],
            "oracle_est_tgt": [
                5
            ]
        },
        "obs": {
            "intv_type": "obs",
            "true_params": {
                "Si": [
                    [
                        1.0,
                        -0.7595706470587404,
                        0.7090324366937223,
                        -0.8384428877199142,
                        0.5800095457384417,
                        -0.9311408451096583
                    ],
                    [
                        -0.7595706470587404,
                        1.5769475678732336,
                        -0.5385602267250861,
                        1.4156491557856676,
                        0.16278793941421815,
                        0.7172182193986606
                    ],
                    [
                        0.7090324366937223,
                        -0.5385602267250861,
                        1.5027269962838372,
                        0.032790412488645115,
                        1.5785318677720805,
                        -1.1737369356356133
                    ],
                    [
                        -0.8384428877199142,
                        1.4156491557856676,
                        0.032790412488645115,
                        2.7029764999830537,
                        1.4905045118477465,
                        -0.7311312417667026
                    ],
                    [
                        0.5800095457384417,
                        0.16278793941421815,
                        1.5785318677720805,
                        1.4905045118477465,
                        3.663186024427785,
                        -2.9439656260551734
                    ],
                    [
                        -0.9311408451096583,
                        0.7172182193986606,
                        -1.1737369356356133,
                        -0.7311312417667026,
                        -2.9439656260551734,
                        4.3440312410040836
                    ]
                ],
                "mui": [
                    0.0,
                    0.0,
                    0.0,
                    0.0,
                    0.0,
                    0.0
                ],
                "Ai": [
                    [
                        0.0,
                        0.0,
                        0.0,
                        0.0,
                        0.0,
                        0.0
