{
    "expt_args": {
        "save_dir": "all_expt_logs/expt_logs_11.05.24-hard_var_shift-corr",
        "exp_name": "240",
        "num_nodes": 6,
        "obs_noise_mean": 0.0,
        "obs_noise_var": 1.0,
        "max_edge_strength": 1.0,
        "graph_sparsity_method": "adj_dense_prop",
        "adj_dense_prop": 0.8,
        "num_parents": null,
        "new_noise_mean": 1.0,
        "mix_samples": 1024,
        "stage2_samples": 1024,
        "gmm_tol": 0.001,
        "intv_type": "hard",
        "new_noise_var": 0.5,
        "intv_targets": [
            0,
            1,
            2,
            3,
            4,
            5
        ]
    },
    "intv_args_dict": {
        "0": {
            "intv_type": "hard",
            "inode": 0,
            "new_mui": 1.0,
            "new_vari": 0.5,
            "true_params": {
                "Si": [
                    [
                        0.5,
                        0.46190064703800526,
                        0.05544921667923952,
                        -0.05102935444480429,
                        0.6037792404122001,
                        1.3856849263946078
                    ],
                    [
                        0.46190064703800526,
                        1.4267044154682558,
                        0.8588196935709382,
                        -0.7903630956759381,
                        1.431159331452844,
                        3.4311983864282665
                    ],
                    [
                        0.05544921667923952,
                        0.8588196935709382,
                        1.6583599416539776,
                        -1.526171915994078,
                        0.9367009055257597,
                        2.963649233706319
                    ],
                    [
                        -0.05102935444480429,
                        -0.7903630956759381,
                        -1.526171915994078,
                        2.404520610191531,
                        -0.10207348773909541,
                        -3.0200238697889112
                    ],
                    [
                        0.6037792404122001,
                        1.431159331452844,
                        0.9367009055257597,
                        -0.10207348773909541,
                        3.0964747300542896,
                        4.436209456090039
                    ],
                    [
                        1.3856849263946078,
                        3.4311983864282665,
                        2.963649233706319,
                        -3.0200238697889112,
                        4.436209456090039,
                        11.569146667244683
                    ]
                ],
                "mui": [
                    1.0,
                    0.9238012940760105,
                    0.11089843335847904,
                    -0.10205870888960858,
                    1.2075584808244002,
                    2.7713698527892157
                ],
                "Ai": [
                    [
                        0.0,
                        0.0,
                        0.0,
                        0.0,
                        0.0,
                        0.0
                    ],
                    [
                        0.9238012940760105,
                        0.0,
                        0.0,
                        0.0,
                        0.0,
                        0.0
                    ],
                    [
                        -0.6351594597577414,
                        0.8075956354471556,
                        0.0,
                        0.0,
                        0.0,
                        0.0
                    ],
                    [
                        -0.0,
                        -0.0,
                        -0.9202899067086361,
                        0.0,
                        0.0,
                        0.0
                    ],
                    [
                        0.5051417363232188,
                        0.7406193955903648,
                        0.8637851594349176,
                        0.759962901221101,
                        0.0,
                        0.0
                    ],
                    [
                        0.99568057832526,
                        0.5958358192991302,
                        -0.0,
                        -0.9995096595628299,
                        0.9301799672625909,
                        0.0
                    ]
                ]
            },
            "est_params": {
                "mui": [
                    0.7233311698336921,
                    1.7885673481892663,
                    1.3634918937071936,
                    -0.8802325035828952,
                    2.656024200422445,
                    5.560613139169727
                ],
                "Si": [
                    [
                        1.384195394676275,
                        0.2849779590880776,
                        -0.8787260530735632,
                        1.0455969723075245,
                        1.0807499767746758,
                        1.543532578501728
                    ],
                    [
                        0.2849779590880776,
                        0.5681618023757049,
                        0.2004027338494768,
                        0.21921411863904586,
                        0.8121894918160991,
                        1.0153696252451023
                    ],
                    [
                        -0.8787260530735632,
                        0.20040273384947674,
                        2.0056248268434165,
                        -1.6152114628171885,
                        0.5545476318809889,
                        1.145879500980164
                    ],
                    [
                        1.0455969723075245,
                        0.2192141186390459,
                        -1.6152114628171885,
                        3.1628590609815213,
                        1.5138238429253723,
                        -0.5572314613821304
                    ],
                    [
                        1.0807499767746758,
                        0.8121894918160991,
                        0.5545476318809889,
                        1.5138238429253719,
                        3.5853308360420324,
                        3.1860159513137876
                    ],
                    [
                        1.543532578501728,
                        1.0153696252451023,
                        1.145879500980164,
                        -0.5572314613821304,
                        3.1860159513137876,
                        6.247537237470242
                    ]
                ]
            },
            "est_tgt": [
                0,
                1,
                2,
                3,
                4,
                5
            ],
            "oracle_est_tgt": [
                0
            ]
        },
        "1": {
            "intv_type": "hard",
            "inode": 1,
            "new_mui": 1.0,
            "new_vari": 0.5,
            "true_params": {
                "Si": [
                    [
                        1.0,
                        0.0,
                        -0.6351594597577414,
                        0.5845308399655594,
                        0.40072217410321564,
                        0.7841800962560321
                    ],
                    [
                        0.0,
                        0.5,
                        0.4037978177235778,
                        -0.37161105600198224,
                        0.43669364391191146,
                        1.0755504291216533
                    ],
                    [
                        -0.6351594597577414,
                        0.4037978177235778,
                        1.7295328945163932,
                        -1.5916716661440091,
                        0.2625483732025542,
                        1.4432897076879803
                    ],
                    [
                        0.5845308399655594,
                        -0.37161105600198224,
                        -1.5916716661440091,
                        2.4647993691464496,
                        0.5183422833400182,
                        -1.6208523434259086
                    ],
                    [
                        0.40072217410321564,
                        0.43669364391191146,
                        0.2625483732025542,
                        0.5183422833400182,
                        2.146551571300704,
                        2.137780152323572
                    ],
                    [
                        0.7841800962560321,
                        1.0755504291216533,
                        1.4432897076879803,
                        -1.6208523434259086,
                        2.137780152323572,
                        6.030222208966798
                    ]
                ],
                "mui": [
                    0.0,
                    1.0,
                    0.8075956354471556,
                    -0.7432221120039645,
                    0.8733872878238229,
                    2.1511008582433067
                ],
                "Ai": [
                    [
                        0.0,
                        0.0,
                        0.0,
                        0.0,
                        0.0,
                        0.0
                    ],
                    [
                        0.0,
                        0.0,
                        0.0,
                        0.0,
                        0.0,
                        0.0
                    ],
                    [
                        -0.6351594597577414,
                        0.8075956354471556,
                        0.0,
                        0.0,
                        0.0,
                        0.0
                    ],
                    [
                        -0.0,
                        -0.0,
                        -0.9202899067086361,
                        0.0,
                        0.0,
                        0.0
                    ],
                    [
                        0.5051417363232188,
                        0.7406193955903648,
                        0.8637851594349176,
                        0.759962901221101,
                        0.0,
                        0.0
                    ],
                    [
                        0.99568057832526,
                        0.5958358192991302,
                        -0.0,
                        -0.9995096595628299,
                        0.9301799672625909,
                        0.0
                    ]
                ]
            },
            "est_params": {
                "mui": [
                    0.10117119996923876,
                    -0.3259576281275463,
                    -0.20258735469260328,
                    0.4057663737117528,
                    -0.15812799735650573,
                    -0.7513006579622059
                ],
                "Si": [
                    [
                        0.6580001949412494,
                        0.3264690805085388,
                        -0.523499687188016,
                        0.5740004647914778,
                        0.6494849008538869,
                        0.9295348544509848
                    ],
                    [
                        0.3264690805085388,
                        0.9840169704184174,
                        -0.0438607104625818,
                        0.2405314552660359,
                        1.0763916880563493,
                        1.6651813413515886
                    ],
                    [
                        -0.5234996871880159,
                        -0.043860710462581755,
                        1.6609216281250638,
                        -1.3819653373855103,
                        -0.2369006989597559,
                        0.5639449083175823
                    ],
                    [
                        0.5740004647914779,
                        0.24053145526603595,
                        -1.3819653373855103,
                        2.4772009114584375,
                        1.4431877504944983,
                        -0.5861949704792317
                    ],
                    [
                        0.6494849008538869,
                        1.0763916880563493,
                        -0.23690069895975588,
                        1.443187750494498,
                        2.8183108271273127,
                        2.2929553221495143
                    ],
                    [
                        0.9295348544509848,
                        1.6651813413515888,
                        0.563944908317582,
                        -0.5861949704792317,
                        2.2929553221495143,
                        5.422382905644138
                    ]
                ]
            },
            "est_tgt": [
                5
            ],
            "oracle_est_tgt": [
                1,
                2,
                5
            ]
        },
        "2": {
            "intv_type": "hard",
            "inode": 2,
            "new_mui": 1.0,
            "new_vari": 0.5,
            "true_params": {
                "Si": [
                    [
                        1.0,
                        0.9238012940760105,
                        0.0,
                        0.0,
                        1.1893268923873905,
                        2.6524025290760584
                    ],
                    [
                        0.9238012940760105,
                        1.8534088309365115,
                        0.0,
                        0.0,
                        1.8393211178572364,
                        3.7350380332143613
                    ],
                    [
                        0.0,
                        0.0,
                        0.5,
                        -0.46014495335431804,
                        0.08219948598406308,
                        0.5363796408583863
                    ],
                    [
                        0.0,
                        0.0,
                        -0.46014495335431804,
                        1.423466756194895,
                        0.6843155439333297,
                        -0.7862321626301787
                    ],
                    [
                        1.1893268923873905,
                        1.8393211178572364,
                        0.08219948598406308,
                        0.6843155439333297,
                        3.554072668304966,
                        4.902070295145148
                    ],
                    [
                        2.6524025290760584,
                        3.7350380332143613,
                        0.5363796408583863,
                        -0.7862321626301787,
                        4.902070295145148,
                        11.212069358600392
                    ]
                ],
                "mui": [
                    0.0,
                    0.0,
                    1.0,
                    -0.9202899067086361,
                    0.16439897196812617,
                    1.0727592817167726
                ],
                "Ai": [
                    [
                        0.0,
                        0.0,
                        0.0,
                        0.0,
                        0.0,
                        0.0
                    ],
                    [
                        0.9238012940760105,
                        0.0,
                        0.0,
                        0.0,
                        0.0,
                        0.0
                    ],
                    [
                        0.0,
                        0.0,
                        0.0,
                        0.0,
                        0.0,
                        0.0
                    ],
                    [
                        -0.0,
                        -0.0,
                        -0.9202899067086361,
                        0.0,
                        0.0,
                        0.0
                    ],
                    [
                        0.5051417363232188,
                        0.7406193955903648,
                        0.8637851594349176,
                        0.759962901221101,
                        0.0,
                        0.0
                    ],
                    [
                        0.99568057832526,
                        0.5958358192991302,
                        -0.0,
                        -0.9995096595628299,
                        0.9301799672625909,
                        0.0
                    ]
                ]
            },
            "est_params": {
                "mui": [
                    0.49184244404655597,
                    0.564225321105559,
                    0.3956306405132232,
                    0.20445229148325186,
                    1.8519295257598054,
                    2.4559286853655893
                ],
                "Si": [
                    [
                        0.9591574456903016,
                        0.7319790395758176,
                        -0.25877468543538246,
                        0.023073005488127334,
                        0.4287909222176989,
                        1.5143389508857878
                    ],
                    [
                        0.7319790395758176,
                        1.2189563559698362,
                        0.04625301174343693,
                        0.232662506751681,
                        0.8980035018961493,
                        1.8517195678078895
                    ],
                    [
                        -0.25877468543538246,
                        0.04625301174343691,
                        0.8734609852808687,
                        -0.05993473186559936,
                        0.21869281496792994,
                        -0.03126660696776388
                    ],
                    [
                        0.023073005488127338,
                        0.23266250675168101,
                        -0.05993473186559934,
                        1.0801603219886078,
                        0.3713093569982915,
                        -0.43966530825091776
                    ],
                    [
                        0.4287909222176989,
                        0.8980035018961493,
                        0.21869281496793,
                        0.3713093569982915,
                        1.3691870045806176,
                        1.7509682016831691
                    ],
                    [
                        1.5143389508857878,
                        1.8517195678078895,
                        -0.03126660696776387,
                        -0.43966530825091776,
                        1.7509682016831691,
                        4.770153527380693
                    ]
                ]
            },
            "est_tgt": [
                0,
                2,
                3,
                4,
                5
            ],
            "oracle_est_tgt": [
                1,
                2
            ]
        },
        "3": {
            "intv_type": "hard",
            "inode": 3,
            "new_mui": 1.0,
            "new_vari": 0.5,
            "true_params": {
                "Si": [
                    [
                        1.0,
                        0.9238012940760105,
                        0.11089843335847904,
                        0.0,
                        1.285119313327027,
                        2.741506720049694
                    ],
                    [
                        0.9238012940760105,
                        1.8534088309365115,
                        0.9100437516947207,
                        0.0,
                        2.6254034050076114,
                        4.4662360293416
                    ],
                    [
                        0.11089843335847904,
                        0.9100437516947207,
                        1.6645091729146602,
                        0.0,
                        2.1677938018301317,
                        2.669094448269213
                    ],
                    [
                        0.0,
                        0.0,
                        0.0,
                        0.5,
                        0.3799814506105505,
                        -0.1463036964921013
                    ],
                    [
                        1.285119313327027,
                        2.6254034050076114,
                        2.1677938018301317,
                        0.3799814506105505,
                        5.754872004666203,
                        7.81714925248472
                    ],
                    [
                        2.741506720049694,
                        4.4662360293416,
                        2.669094448269213,
                        -0.1463036964921013,
                        7.81714925248472,
                        13.80839599386434
                    ]
                ],
                "mui": [
                    0.0,
                    0.0,
                    0.0,
                    1.0,
                    0.759962901221101,
                    -0.2926073929842026
                ],
                "Ai": [
                    [
                        0.0,
                        0.0,
                        0.0,
                        0.0,
                        0.0,
                        0.0
                    ],
                    [
                        0.9238012940760105,
                        0.0,
                        0.0,
                        0.0,
                        0.0,
                        0.0
                    ],
                    [
                        -0.6351594597577414,
                        0.8075956354471556,
                        0.0,
                        0.0,
                        0.0,
                        0.0
                    ],
                    [
                        0.0,
                        0.0,
                        0.0,
                        0.0,
                        0.0,
                        0.0
                    ],
                    [
                        0.5051417363232188,
                        0.7406193955903648,
                        0.8637851594349176,
                        0.759962901221101,
                        0.0,
                        0.0
                    ],
                    [
                        0.99568057832526,
                        0.5958358192991302,
                        -0.0,
                        -0.9995096595628299,
                        0.9301799672625909,
                        0.0
                    ]
                ]
            },
            "est_params": {
                "mui": [
                    -0.995717029111835,
                    -1.8765611460398326,
                    -1.0094045614161409,
                    0.9081361691898269,
                    -0.7153417606481253,
                    -4.074994813603003
                ],
                "Si": [
                    [
                        0.5529837172582136,
                        0.4956151969452817,
                        -0.3166538658696246,
                        0.1223530586078254,
                        0.47746475681265754,
                        1.1492097674075759
                    ],
                    [
                        0.4956151969452817,
                        0.9991914015346156,
                        0.010627976083593503,
                        0.009714423239414762,
                        0.6876612723405549,
                        1.538589202476381
                    ],
                    [
                        -0.3166538658696246,
                        0.010627976083593496,
                        1.1938359194052097,
                        -0.8270704030839876,
                        0.05672038242350712,
                        0.29535915059617857
                    ],
                    [
                        0.12235305860782537,
                        0.009714423239414767,
                        -0.8270704030839876,
                        1.4871793439739522,
                        0.18880279007257464,
                        -0.7418189166641456
                    ],
                    [
                        0.47746475681265754,
                        0.687661272340555,
                        0.056720382423507076,
                        0.1888027900725746,
                        3.961266881661686,
                        4.012691930931641
                    ],
                    [
                        1.1492097674075759,
                        1.538589202476381,
                        0.29535915059617857,
                        -0.7418189166641456,
                        4.012691930931641,
                        6.669508283537497
                    ]
                ]
            },
            "est_tgt": [
                0,
                1,
                2,
                4
            ],
            "oracle_est_tgt": [
                3
            ]
        },
        "4": {
            "intv_type": "hard",
            "inode": 4,
            "new_mui": 1.0,
            "new_vari": 0.5,
            "true_params": {
                "Si": [
                    [
                        1.0,
                        0.9238012940760105,
                        0.11089843335847904,
                        -0.10205870888960858,
                        0.0,
                        1.648123144628311
                    ],
                    [
                        0.9238012940760105,
                        1.8534088309365115,
                        0.9100437516947207,
                        -0.8375040793479117,
                        0.0,
                        2.861231793252038
                    ],
                    [
                        0.11089843335847904,
                        0.9100437516947207,
                        1.6645091729146602,
                        -1.5318309914573014,
                        0.0,
                        2.1837359534300935
                    ],
                    [
                        -0.10205870888960858,
                        -0.8375040793479117,
                        -1.5318309914573014,
                        2.4097286002216376,
                        0.0,
                        -3.009179816421305
                    ],
                    [
                        0.0,
                        0.0,
                        0.0,
                        0.0,
                        0.5,
                        0.46508998363129544
                    ],
                    [
                        1.648123144628311,
                        2.861231793252038,
                        2.1837359534300935,
                        -3.009179816421305,
                        0.46508998363129544,
                        7.786150275154725
                    ]
                ],
                "mui": [
                    0.0,
                    0.0,
                    0.0,
                    0.0,
                    1.0,
                    0.9301799672625909
                ],
                "Ai": [
                    [
                        0.0,
                        0.0,
                        0.0,
                        0.0,
                        0.0,
                        0.0
                    ],
                    [
                        0.9238012940760105,
                        0.0,
                        0.0,
                        0.0,
                        0.0,
                        0.0
                    ],
                    [
                        -0.6351594597577414,
                        0.8075956354471556,
                        0.0,
                        0.0,
                        0.0,
                        0.0
                    ],
                    [
                        -0.0,
                        -0.0,
                        -0.9202899067086361,
                        0.0,
                        0.0,
                        0.0
                    ],
                    [
                        0.0,
                        0.0,
                        0.0,
                        0.0,
                        0.0,
                        0.0
                    ],
                    [
                        0.99568057832526,
                        0.5958358192991302,
                        -0.0,
                        -0.9995096595628299,
                        0.9301799672625909,
                        0.0
                    ]
                ]
            },
            "est_params": {
                "mui": [
                    0.32560891687952126,
                    0.9717815434714075,
                    0.7322054851445214,
                    -0.7951528968131233,
                    0.523719391166864,
                    2.13398859114368
                ],
                "Si": [
                    [
                        1.028007098812871,
                        0.5330828218834629,
                        -0.08637432331289814,
                        0.03450488439042001,
                        0.3688769442346151,
                        1.52483788381293
                    ],
                    [
                        0.5330828218834629,
                        0.8510337626220044,
                        0.1911271564332658,
                        -0.15077993516782792,
                        0.6227659102200527,
                        1.708200615481761
                    ],
                    [
                        -0.08637432331289815,
                        0.1911271564332658,
                        1.0569835257266944,
                        -1.0013983524897652,
                        0.34893230368410855,
                        1.459689379893457
                    ],
                    [
                        0.03450488439042001,
                        -0.15077993516782792,
                        -1.0013983524897652,
                        1.7832446440861025,
                        0.09047132508823998,
                        -1.6172332430157779
                    ],
                    [
                        0.36887694423461515,
                        0.6227659102200527,
                        0.34893230368410855,
                        0.09047132508823998,
                        1.3701496616864532,
                        1.9472344103712118
                    ],
                    [
                        1.52483788381293,
                        1.708200615481761,
                        1.459689379893457,
                        -1.6172332430157779,
                        1.9472344103712118,
                        6.931567470746756
                    ]
                ]
            },
            "est_tgt": [
                1,
                2,
                4,
                5
            ],
            "oracle_est_tgt": [
                1,
                4,
                5
            ]
        },
        "5": {
            "intv_type": "hard",
            "inode": 5,
            "new_mui": 1.0,
            "new_vari": 0.5,
            "true_params": {
                "Si": [
                    [
                        1.0,
                        0.9238012940760105,
                        0.11089843335847904,
                        -0.10205870888960858,
                        1.2075584808244002,
                        0.0
                    ],
                    [
                        0.9238012940760105,
                        1.8534088309365115,
                        0.9100437516947207,
                        -0.8375040793479117,
                        1.9889313750818651,
                        0.0
                    ],
                    [
                        0.11089843335847904,
                        0.9100437516947207,
                        1.6645091729146602,
                        -1.5318309914573014,
                        1.0036590773818452,
                        0.0
                    ],
                    [
                        -0.10205870888960858,
                        -0.8375040793479117,
                        -1.5318309914573014,
                        2.4097286002216376,
                        -0.1636944174699131,
                        0.0
                    ],
                    [
                        1.2075584808244002,
                        1.9889313750818651,
                        1.0036590773818452,
                        -0.1636944174699131,
                        3.825573472359756,
                        0.0
                    ],
                    [
                        0.0,
                        0.0,
                        0.0,
                        0.0,
                        0.0,
                        0.5
                    ]
                ],
                "mui": [
                    0.0,
                    0.0,
                    0.0,
                    0.0,
                    0.0,
                    1.0
                ],
                "Ai": [
                    [
                        0.0,
                        0.0,
                        0.0,
                        0.0,
                        0.0,
                        0.0
                    ],
                    [
                        0.9238012940760105,
                        0.0,
                        0.0,
                        0.0,
                        0.0,
                        0.0
                    ],
                    [
                        -0.6351594597577414,
                        0.8075956354471556,
                        0.0,
                        0.0,
                        0.0,
                        0.0
                    ],
                    [
                        -0.0,
                        -0.0,
                        -0.9202899067086361,
                        0.0,
                        0.0,
                        0.0
                    ],
                    [
                        0.5051417363232188,
                        0.7406193955903648,
                        0.8637851594349176,
                        0.759962901221101,
                        0.0,
                        0.0
                    ],
                    [
                        0.0,
                        0.0,
                        0.0,
                        0.0,
                        0.0,
                        0.0
                    ]
                ]
            },
            "est_params": {
                "mui": [
                    0.41727539544267933,
                    0.32601902044159053,
                    -0.33956321856751975,
                    0.7572405583159617,
                    0.47055109050188587,
                    1.4305986872086103
                ],
                "Si": [
                    [
                        0.7977104060239342,
                        0.6958865194709499,
                        -0.04405861428769365,
                        -0.2802979733269806,
                        0.5356068215022296,
                        -0.026847528046533054
                    ],
                    [
                        0.69588651947095,
                        1.7372073925762956,
                        1.0095510466092201,
                        -0.900621647818227,
                        1.509107781481578,
                        -0.0012229002781441647
                    ],
                    [
                        -0.044058614287693636,
                        1.0095510466092203,
                        1.6122610979153609,
                        -1.1035651793063976,
                        1.0986215904793994,
                        0.07688303131407204
                    ],
                    [
                        -0.2802979733269806,
                        -0.900621647818227,
                        -1.1035651793063976,
                        1.5329830913404816,
                        -0.5021194098927431,
                        -0.23073312281832264
                    ],
                    [
                        0.5356068215022296,
                        1.509107781481578,
                        1.0986215904793994,
                        -0.5021194098927431,
                        2.131419502120269,
                        -0.11720912855688588
                    ],
                    [
                        -0.026847528046533044,
                        -0.0012229002781441246,
                        0.07688303131407205,
                        -0.23073312281832264,
                        -0.11720912855688588,
                        0.3033642783310819
                    ]
                ]
            },
            "est_tgt": [
                0,
                1,
                3,
                4,
                5
            ],
            "oracle_est_tgt": [
                1,
                4,
                5
            ]
        },
        "obs": {
            "intv_type": "obs",
            "true_params": {
                "Si": [
                    [
                        1.0,
                        0.9238012940760105,
                        0.11089843335847904,
                        -0.10205870888960858,
                        1.2075584808244002,
                        2.7713698527892157
                    ],
                    [
                        0.9238012940760105,
                        1.8534088309365115,
                        0.9100437516947207,
                        -0.8375040793479117,
                        1.9889313750818651,
                        4.711295914613227
                    ],
                    [
                        0.11089843335847904,
                        0.9100437516947207,
                        1.6645091729146602,
                        -1.5318309914573014,
                        1.0036590773818452,
                        3.1173195211719404
                    ],
                    [
                        -0.10205870888960858,
                        -0.8375040793479117,
                        -1.5318309914573014,
                        2.4097286002216376,
                        -0.1636944174699131,
                        -3.161445084304538
                    ],
                    [
                        1.2075584808244002,
                        1.9889313750818651,
                        1.0036590773818452,
                        -0.1636944174699131,
                        3.825573472359756,
                        6.109505040708382
                    ],
                    [
                        2.7713698527892157,
                        4.711295914613227,
                        3.1173195211719404,
                        -3.161445084304538,
                        6.109505040708382,
                        15.409392097719142
                    ]
                ],
                "mui": [
                    0.0,
                    0.0,
                    0.0,
                    0.0,
                    0.0,
                    0.0
                ],
                "Ai": [
                    [
                        0.0,
                        0.0,
                        0.0,
                        0.0,
                        0.0,
                        0.0
                    ],
                    [
                        0.9238012940760105,
                        0.0,
