{
    "expt_args": {
        "save_dir": "all_expt_logs/expt_logs_11.05.24-hard_var_shift-corr",
        "exp_name": "159",
        "num_nodes": 6,
        "obs_noise_mean": 0.0,
        "obs_noise_var": 1.0,
        "max_edge_strength": 1.0,
        "graph_sparsity_method": "adj_dense_prop",
        "adj_dense_prop": 0.8,
        "num_parents": null,
        "new_noise_mean": 1.0,
        "mix_samples": 131072,
        "stage2_samples": 131072,
        "gmm_tol": 0.001,
        "intv_type": "hard",
        "new_noise_var": 4.0,
        "intv_targets": [
            0,
            1,
            2,
            3,
            4,
            5
        ]
    },
    "intv_args_dict": {
        "0": {
            "intv_type": "hard",
            "inode": 0,
            "new_mui": 1.0,
            "new_vari": 4.0,
            "true_params": {
                "Si": [
                    [
                        4.0,
                        -2.186969885017085,
                        -3.0450870757602155,
                        -3.4798810862206047,
                        -1.2942245191992612,
                        -3.4654873455626833
                    ],
                    [
                        -2.186969885017085,
                        2.1957093194929103,
                        1.6648784329855824,
                        1.902598784751251,
                        1.2993964195807153,
                        0.8991767621169648
                    ],
                    [
                        -3.0450870757602155,
                        1.6648784329855824,
                        3.3181388247404753,
                        2.649135230208196,
                        0.9852565891364123,
                        3.4591305666057623
                    ],
                    [
                        -3.4798810862206047,
                        1.902598784751251,
                        2.649135230208196,
                        4.027393093558974,
                        1.1259368564211163,
                        3.0148709670901077
                    ],
                    [
                        -1.2942245191992612,
                        1.2993964195807153,
                        0.9852565891364123,
                        1.1259368564211163,
                        1.7689683876776177,
                        0.02384288064945872
                    ],
                    [
                        -3.4654873455626833,
                        0.8991767621169648,
                        3.4591305666057623,
                        3.0148709670901077,
                        0.02384288064945872,
                        5.925837273558705
                    ]
                ],
                "mui": [
                    1.0,
                    -0.5467424712542712,
                    -0.7612717689400539,
                    -0.8699702715551512,
                    -0.3235561297998153,
                    -0.8663718363906708
                ],
                "Ai": [
                    [
                        0.0,
                        0.0,
                        0.0,
                        0.0,
                        0.0,
                        0.0
                    ],
                    [
                        -0.5467424712542712,
                        0.0,
                        0.0,
                        0.0,
                        0.0,
                        0.0
                    ],
                    [
                        -0.7612717689400539,
                        -0.0,
                        0.0,
                        0.0,
                        0.0,
                        0.0
                    ],
                    [
                        -0.8699702715551512,
                        -0.0,
                        -0.0,
                        0.0,
                        0.0,
                        0.0
                    ],
                    [
                        0.0,
                        0.5917889075958404,
                        0.0,
                        -0.0,
                        0.0,
                        0.0
                    ],
                    [
                        -0.7857143354592768,
                        -0.6947579150752073,
                        0.8209528848098868,
                        -0.0,
                        -0.5082799531393045,
                        0.0
                    ]
                ]
            },
            "est_params": {
                "mui": [
                    2.0025597392486896,
                    -1.1456172264888227,
                    -1.7655624862262818,
                    -1.9015538272741803,
                    -0.7000684791728097,
                    -2.0170004925912415
                ],
                "Si": [
                    [
                        2.8241233421760192,
                        -1.4734524808955691,
                        -1.9027106418799944,
                        -2.2483074309845166,
                        -0.8062671502969152,
                        -2.137631055035856
                    ],
                    [
                        -1.4734524808955687,
                        1.7885856326953529,
                        0.9827448015060237,
                        1.1546677543628294,
                        1.0094699655594854,
                        0.07171855045497605
                    ],
                    [
                        -1.9027106418799946,
                        0.9827448015060237,
                        2.2106335997359774,
                        1.4973830819874094,
                        0.5248898225288399,
                        2.238748696427317
                    ],
                    [
                        -2.2483074309845166,
                        1.1546677543628294,
                        1.4973830819874094,
                        2.777816719726916,
                        0.6223743676588035,
                        1.7056053906175364
                    ],
                    [
                        -0.8062671502969152,
                        1.0094699655594854,
                        0.5248898225288399,
                        0.6223743676588035,
                        1.5796348553368629,
                        -0.5338311966719562
                    ],
                    [
                        -2.1376310550358566,
                        0.07171855045497605,
                        2.238748696427317,
                        1.7056053906175364,
                        -0.5338311966719562,
                        4.633528038177033
                    ]
                ]
            },
            "est_tgt": [
                0,
                1,
                2,
                3,
                5
            ],
            "oracle_est_tgt": [
                0
            ]
        },
        "1": {
            "intv_type": "hard",
            "inode": 1,
            "new_mui": 1.0,
            "new_vari": 4.0,
            "true_params": {
                "Si": [
                    [
                        1.0,
                        0.0,
                        -0.7612717689400539,
                        -0.8699702715551512,
                        0.0,
                        -1.4106825902949396
                    ],
                    [
                        0.0,
                        4.0,
                        0.0,
                        0.0,
                        2.3671556303833614,
                        -3.982209413185525
                    ],
                    [
                        -0.7612717689400539,
                        0.0,
                        1.5795347061851188,
                        0.662283807552049,
                        0.0,
                        1.8948657157366529
                    ],
                    [
                        -0.8699702715551512,
                        0.0,
                        0.662283807552049,
                        1.7568482733897435,
                        0.0,
                        1.2272519161570126
                    ],
                    [
                        0.0,
                        2.3671556303833614,
                        0.0,
                        0.0,
                        2.400856444613912,
                        -2.864907311586239
                    ],
                    [
                        -1.4106825902949396,
                        -3.982209413185525,
                        1.8948657157366529,
                        1.2272519161570126,
                        -2.864907311586239,
                        7.88683547301806
                    ]
                ],
                "mui": [
                    0.0,
                    1.0,
                    0.0,
                    0.0,
                    0.5917889075958404,
                    -0.9955523532963813
                ],
                "Ai": [
                    [
                        0.0,
                        0.0,
                        0.0,
                        0.0,
                        0.0,
                        0.0
                    ],
                    [
                        0.0,
                        0.0,
                        0.0,
                        0.0,
                        0.0,
                        0.0
                    ],
                    [
                        -0.7612717689400539,
                        -0.0,
                        0.0,
                        0.0,
                        0.0,
                        0.0
                    ],
                    [
                        -0.8699702715551512,
                        -0.0,
                        -0.0,
                        0.0,
                        0.0,
                        0.0
                    ],
                    [
                        0.0,
                        0.5917889075958404,
                        0.0,
                        -0.0,
                        0.0,
                        0.0
                    ],
                    [
                        -0.7857143354592768,
                        -0.6947579150752073,
                        0.8209528848098868,
                        -0.0,
                        -0.5082799531393045,
                        0.0
                    ]
                ]
            },
            "est_params": {
                "mui": [
                    0.33411227637294805,
                    1.3008805541336281,
                    -0.3357112190997261,
                    -0.283963370910262,
                    2.3261598229836933,
                    -2.6694938594248545
                ],
                "Si": [
                    [
                        0.9241785010250492,
                        -0.4056791565481448,
                        -0.7223428828259041,
                        -0.7814681295930233,
                        -0.2929299615598316,
                        -0.8876896878704679
                    ],
                    [
                        -0.40567915654814474,
                        3.925298379108618,
                        0.36227717440932733,
                        0.3211931689346452,
                        -0.06403413183825213,
                        -2.070521117873828
                    ],
                    [
                        -0.7223428828259041,
                        0.3622771744093273,
                        1.5561339578574842,
                        0.6078050267700972,
                        0.2990148975706001,
                        1.4481879603172862
                    ],
                    [
                        -0.7814681295930233,
                        0.3211931689346452,
                        0.6078050267700972,
                        1.707560781729561,
                        0.22398361569509895,
                        0.7718301501530709
                    ],
                    [
                        -0.2929299615598316,
                        -0.06403413183825209,
                        0.2990148975706001,
                        0.223983615695099,
                        1.9474422627531194,
                        -0.38768618949419165
                    ],
                    [
                        -0.887689687870468,
                        -2.070521117873828,
                        1.4481879603172858,
                        0.7718301501530709,
                        -0.3876861894941915,
                        4.504446339440867
                    ]
                ]
            },
            "est_tgt": [
                0,
                1,
                2,
                4,
                5
            ],
            "oracle_est_tgt": [
                1
            ]
        },
        "2": {
            "intv_type": "hard",
            "inode": 2,
            "new_mui": 1.0,
            "new_vari": 4.0,
            "true_params": {
                "Si": [
                    [
                        1.0,
                        -0.5467424712542712,
                        0.0,
                        -0.8699702715551512,
                        -0.3235561297998153,
                        -0.241403581555008
                    ],
                    [
                        -0.5467424712542712,
                        1.2989273298732276,
                        0.0,
                        0.4756496961878128,
                        0.7686907855920591,
                        -0.8635667625473642
                    ],
                    [
                        0.0,
                        0.0,
                        4.0,
                        0.0,
                        0.0,
                        3.2838115392395473
                    ],
                    [
                        -0.8699702715551512,
                        0.4756496961878128,
                        0.0,
                        1.7568482733897435,
                        0.2814842141052791,
                        0.21001393939979637
                    ],
                    [
                        -0.3235561297998153,
                        0.7686907855920591,
                        0.0,
                        0.2814842141052791,
                        1.4549026802845129,
                        -1.0193291841832857
                    ],
                    [
                        -0.241403581555008,
                        -0.8635667625473642,
                        3.2838115392395473,
                        0.21001393939979637,
                        -1.0193291841832857,
                        5.003603244415543
                    ]
                ],
                "mui": [
                    0.0,
                    0.0,
                    1.0,
                    0.0,
                    0.0,
                    0.8209528848098868
                ],
                "Ai": [
                    [
                        0.0,
                        0.0,
                        0.0,
                        0.0,
                        0.0,
                        0.0
                    ],
                    [
                        -0.5467424712542712,
                        0.0,
                        0.0,
                        0.0,
                        0.0,
                        0.0
                    ],
                    [
                        0.0,
                        0.0,
                        0.0,
                        0.0,
                        0.0,
                        0.0
                    ],
                    [
                        -0.8699702715551512,
                        -0.0,
                        -0.0,
                        0.0,
                        0.0,
                        0.0
                    ],
                    [
                        0.0,
                        0.5917889075958404,
                        0.0,
                        -0.0,
                        0.0,
                        0.0
                    ],
                    [
                        -0.7857143354592768,
                        -0.6947579150752073,
                        0.8209528848098868,
                        -0.0,
                        -0.5082799531393045,
                        0.0
                    ]
                ]
            },
            "est_params": {
                "mui": [
                    -0.4073813383492174,
                    -0.17084423004541854,
                    1.6410364499150527,
                    0.4404426573069185,
                    -0.387472074479123,
                    2.144178787405183
                ],
                "Si": [
                    [
                        1.5171006807532859,
                        -0.8256286381782586,
                        -0.13330749994316876,
                        -1.3311125479886794,
                        -0.4783769101359517,
                        -0.5171240279151457
                    ],
                    [
                        -0.8256286381782586,
                        1.9434903403400874,
                        0.5441138128765239,
                        0.7530970508327651,
                        1.0594759978887354,
                        -0.745770141406965
                    ],
                    [
                        -0.13330749994316873,
                        0.5441138128765239,
                        2.829770080440722,
                        0.06178166441761015,
                        0.6211997630831347,
                        1.582918099946977
                    ],
                    [
                        -1.3311125479886794,
                        0.7530970508327651,
                        0.06178166441761016,
                        2.1440958518010143,
                        0.45231607606441254,
                        0.3720699696634136
                    ],
                    [
                        -0.4783769101359517,
                        1.0594759978887351,
                        0.6211997630831346,
                        0.45231607606441254,
                        1.9126367888504487,
                        -0.7968596867876047
                    ],
                    [
                        -0.5171240279151457,
                        -0.745770141406965,
                        1.582918099946977,
                        0.37206996966341366,
                        -0.7968596867876047,
                        3.443966789232733
                    ]
                ]
            },
            "est_tgt": [
                0,
                1,
                2,
                3,
                4,
                5
            ],
            "oracle_est_tgt": [
                2
            ]
        },
        "3": {
            "intv_type": "hard",
            "inode": 3,
            "new_mui": 1.0,
            "new_vari": 4.0,
            "true_params": {
                "Si": [
                    [
                        1.0,
                        -0.5467424712542712,
                        -0.7612717689400539,
                        0.0,
                        -0.3235561297998153,
                        -0.8663718363906708
                    ],
                    [
                        -0.5467424712542712,
                        1.2989273298732276,
                        0.4162196082463956,
                        0.0,
                        0.7686907855920591,
                        -0.5218700744430447
                    ],
                    [
                        -0.7612717689400539,
                        0.4162196082463956,
                        1.5795347061851188,
                        0.0,
                        0.24631414728410309,
                        1.4804973052588557
                    ],
                    [
                        0.0,
                        0.0,
                        0.0,
                        4.0,
                        0.0,
                        0.0
                    ],
                    [
                        -0.3235561297998153,
                        0.7686907855920591,
                        0.24631414728410309,
                        0.0,
                        1.4549026802845129,
                        -0.8171168744009139
                    ],
                    [
                        -0.8663718363906708,
                        -0.5218700744430447,
                        1.4804973052588557,
                        0.0,
                        -0.8171168744009139,
                        3.674036796885875
                    ]
                ],
                "mui": [
                    0.0,
                    0.0,
                    0.0,
                    1.0,
                    0.0,
                    0.0
                ],
                "Ai": [
                    [
                        0.0,
                        0.0,
                        0.0,
                        0.0,
                        0.0,
                        0.0
                    ],
                    [
                        -0.5467424712542712,
                        0.0,
                        0.0,
                        0.0,
                        0.0,
                        0.0
                    ],
                    [
                        -0.7612717689400539,
                        -0.0,
                        0.0,
                        0.0,
                        0.0,
                        0.0
                    ],
                    [
                        0.0,
                        0.0,
                        0.0,
                        0.0,
                        0.0,
                        0.0
                    ],
                    [
                        0.0,
                        0.5917889075958404,
                        0.0,
                        -0.0,
                        0.0,
                        0.0
                    ],
                    [
                        -0.7857143354592768,
                        -0.6947579150752073,
                        0.8209528848098868,
                        -0.0,
                        -0.5082799531393045,
                        0.0
                    ]
                ]
            },
            "est_params": {
                "mui": [
                    -0.05881287160750817,
                    -0.08444902547729952,
                    0.031782288511246044,
                    1.017588541340548,
                    -0.12240468361340096,
                    0.22891528523271756
                ],
                "Si": [
                    [
                        0.9724844784919306,
                        -0.5310637640725541,
                        -0.7337028004006905,
                        0.0015974568763269044,
                        -0.3166117127186294,
                        -0.8425988282246024
                    ],
                    [
                        -0.531063764072554,
                        1.3120730482882275,
                        0.39044854625760594,
                        0.12840345195046324,
                        0.7698838025007008,
                        -0.569271727246739
                    ],
                    [
                        -0.7337028004006905,
                        0.39044854625760594,
                        1.4519940476796769,
                        -0.007960794414108298,
                        0.22885092946341498,
                        1.3997969731341153
                    ],
                    [
                        0.0015974568763268845,
                        0.1284034519504632,
                        -0.007960794414108251,
                        3.851435752783267,
                        0.11254982737295731,
                        -0.17157414901707996
                    ],
                    [
                        -0.3166117127186294,
                        0.7698838025007008,
                        0.22885092946341498,
                        0.11254982737295734,
                        1.3938435096397725,
                        -0.8299182983088306
                    ],
                    [
                        -0.8425988282246025,
                        -0.5692717272467391,
                        1.3997969731341153,
                        -0.17157414901707996,
                        -0.8299182983088308,
                        3.600299992238264
                    ]
                ]
            },
            "est_tgt": [
                0,
                1,
                2,
                3,
                4,
                5
            ],
            "oracle_est_tgt": [
                3
            ]
        },
        "4": {
            "intv_type": "hard",
            "inode": 4,
            "new_mui": 1.0,
            "new_vari": 4.0,
            "true_params": {
                "Si": [
                    [
                        1.0,
                        -0.5467424712542712,
                        -0.7612717689400539,
                        -0.8699702715551512,
                        0.0,
                        -1.0308289308832557
                    ],
                    [
                        -0.5467424712542712,
                        1.2989273298732276,
                        0.4162196082463956,
                        0.4756496961878128,
                        0.0,
                        -0.13115995796369784
                    ],
                    [
                        -0.7612717689400539,
                        0.4162196082463956,
                        1.5795347061851188,
                        0.662283807552049,
                        0.0,
                        1.6056938484979675
                    ],
                    [
                        -0.8699702715551512,
                        0.4756496961878128,
                        0.662283807552049,
                        1.7568482733897435,
                        0.0,
                        0.8967905249274121
                    ],
                    [
                        0.0,
                        0.0,
                        0.0,
                        0.0,
                        4.0,
                        -2.033119812557218
                    ],
                    [
                        -1.0308289308832557,
                        -0.13115995796369784,
                        1.6056938484979675,
                        0.8967905249274121,
                        -2.033119812557218,
                        4.252654527436414
                    ]
                ],
                "mui": [
                    0.0,
                    0.0,
                    0.0,
                    0.0,
                    1.0,
                    -0.5082799531393045
                ],
                "Ai": [
                    [
                        0.0,
                        0.0,
                        0.0,
                        0.0,
                        0.0,
                        0.0
                    ],
                    [
                        -0.5467424712542712,
                        0.0,
                        0.0,
                        0.0,
                        0.0,
                        0.0
                    ],
                    [
                        -0.7612717689400539,
                        -0.0,
                        0.0,
                        0.0,
                        0.0,
                        0.0
                    ],
                    [
                        -0.8699702715551512,
                        -0.0,
                        -0.0,
                        0.0,
                        0.0,
                        0.0
                    ],
                    [
                        0.0,
                        0.0,
                        0.0,
                        0.0,
                        0.0,
                        0.0
                    ],
                    [
                        -0.7857143354592768,
                        -0.6947579150752073,
                        0.8209528848098868,
                        -0.0,
                        -0.5082799531393045,
                        0.0
                    ]
                ]
            },
            "est_params": {
                "mui": [
                    0.4759928976319387,
                    -0.023202920671958692,
                    -0.6799583106613631,
                    -0.5125999175740391,
                    0.07459032184576672,
                    -1.1101129330485076
                ],
                "Si": [
                    [
                        0.7579029025281062,
                        -0.429227168698012,
                        -0.15255315614320553,
                        -0.5435820072404686,
                        -0.2568732591498885,
                        -0.18409123376133213
                    ],
                    [
                        -0.4292271686980119,
                        1.2533173122245613,
                        0.16506205830171772,
                        0.2909641434832847,
                        0.5290987520868415,
                        -0.6988427342907467
                    ],
                    [
                        -0.15255315614320553,
                        0.16506205830171772,
                        1.2164018519634068,
                        0.021180144447753995,
                        0.14382497436960912,
                        0.7675188146304027
                    ],
                    [
                        -0.5435820072404686,
                        0.2909641434832847,
                        0.02118014444775399,
                        1.391078084710061,
                        0.15828802580583085,
                        0.0605495793414971
                    ],
                    [
                        -0.2568732591498885,
                        0.5290987520868415,
                        0.14382497436960912,
                        0.15828802580583085,
                        1.3792443708864621,
                        -0.733708526487307
                    ],
                    [
                        -0.18409123376133216,
                        -0.6988427342907468,
                        0.7675188146304027,
                        0.06054957934149711,
                        -0.733708526487307,
                        2.365942571966711
                    ]
                ]
            },
            "est_tgt": [
                0,
                1,
                2,
                3,
                4,
                5
            ],
            "oracle_est_tgt": [
                4
            ]
        },
        "5": {
            "intv_type": "hard",
            "inode": 5,
            "new_mui": 1.0,
            "new_vari": 4.0,
            "true_params": {
                "Si": [
                    [
                        1.0,
                        -0.5467424712542712,
                        -0.7612717689400539,
                        -0.8699702715551512,
                        -0.3235561297998153,
                        0.0
                    ],
                    [
                        -0.5467424712542712,
                        1.2989273298732276,
                        0.4162196082463956,
                        0.4756496961878128,
                        0.7686907855920591,
                        0.0
                    ],
                    [
                        -0.7612717689400539,
                        0.4162196082463956,
                        1.5795347061851188,
                        0.662283807552049,
                        0.24631414728410309,
                        0.0
                    ],
                    [
                        -0.8699702715551512,
                        0.4756496961878128,
                        0.662283807552049,
                        1.7568482733897435,
                        0.2814842141052791,
                        0.0
                    ],
                    [
                        -0.3235561297998153,
                        0.7686907855920591,
                        0.24631414728410309,
                        0.2814842141052791,
                        1.4549026802845129,
                        0.0
                    ],
                    [
                        0.0,
                        0.0,
                        0.0,
                        0.0,
                        0.0,
                        4.0
                    ]
                ],
                "mui": [
                    0.0,
                    0.0,
                    0.0,
                    0.0,
                    0.0,
                    1.0
                ],
                "Ai": [
                    [
                        0.0,
                        0.0,
                        0.0,
                        0.0,
                        0.0,
                        0.0
                    ],
                    [
                        -0.5467424712542712,
                        0.0,
                        0.0,
                        0.0,
                        0.0,
                        0.0
                    ],
                    [
                        -0.7612717689400539,
                        -0.0,
                        0.0,
                        0.0,
                        0.0,
                        0.0
                    ],
                    [
                        -0.8699702715551512,
                        -0.0,
                        -0.0,
                        0.0,
                        0.0,
                        0.0
                    ],
                    [
                        0.0,
                        0.5917889075958404,
                        0.0,
                        -0.0,
                        0.0,
                        0.0
                    ],
                    [
                        0.0,
                        0.0,
                        0.0,
                        0.0,
                        0.0,
                        0.0
                    ]
                ]
            },
            "est_params": {
                "mui": [
                    0.017117670521241215,
                    -0.12929233050276445,
                    -0.008056969053713966,
                    -0.022851204058715522,
                    -0.1164494943822097,
                    1.0487819675484484
                ],
                "Si": [
                    [
                        0.9881760683763835,
                        -0.5326443827056728,
                        -0.7317956019204256,
                        -0.863288483107903,
                        -0.3005716914078122,
                        -0.1358610628154545
                    ],
                    [
                        -0.5326443827056728,
                        1.3054734684182987,
                        0.38137372818814985,
                        0.46883551863267836,
                        0.7851754223410868,
                        0.03373763688811418
                    ],
                    [
                        -0.7317956019204255,
                        0.38137372818814985,
                        1.4911728182000263,
                        0.6516895299263626,
                        0.19298403073966486,
                        0.12480093755087086
                    ],
                    [
                        -0.863288483107903,
                        0.46883551863267836,
                        0.6516895299263628,
                        1.7519613134050316,
                        0.2637961665676454,
                        0.11316099941570631
                    ],
                    [
                        -0.30057169140781215,
                        0.7851754223410868,
                        0.19298403073966486,
                        0.26379616656764543,
                        1.4347703014895656,
                        -0.033079783953061125
                    ],
                    [
                        -0.1358610628154545,
                        0.03373763688811419,
                        0.1248009375508709,
                        0.11316099941570631,
                        -0.03307978395306113,
                        3.8771982267024803
                    ]
                ]
            },
            "est_tgt": [
                1,
                2,
                5
            ],
            "oracle_est_tgt": [
                5
            ]
        },
        "obs": {
            "intv_type": "obs",
            "true_params": {
                "Si": [
                    [
                        1.0,
                        -0.5467424712542712,
                        -0.7612717689400539,
                        -0.8699702715551512,
                        -0.3235561297998153,
                        -0.8663718363906708
                    ],
                    [
                        -0.5467424712542712,
                        1.2989273298732276,
                        0.4162196082463956,
                        0.4756496961878128,
                        0.7686907855920591,
                        -0.5218700744430447
                    ],
                    [
                        -0.7612717689400539,
                        0.4162196082463956,
                        1.5795347061851188,
                        0.662283807552049,
                        0.24631414728410309,
                        1.4804973052588557
                    ],
                    [
                        -0.8699702715551512,
                        0.4756496961878128,
                        0.662283807552049,
                        1.7568482733897435,
                        0.2814842141052791,
                        0.7537177417725269
                    ],
                    [
                        -0.3235561297998153,
                        0.7686907855920591,
                        0.24631414728410309,
                        0.2814842141052791,
                        1.4549026802845129,
                        -0.8171168744009139
                    ],
                    [
                        -0.8663718363906708,
                        -0.5218700744430447,
                        1.4804973052588557,
                        0.7537177417725269,
                        -0.8171168744009139,
                        3.674036796885875
                    ]
                ],
                "mui": [
                    0.0,
                    0.0,
                    0.0,
                    0.0,
                    0.0,
                    0.0
                ],
                "Ai": [
                    [
                        0.0,
                        0.0,
                        0.0,
                        0.0,
                        0.0,
                        0.0
                    ],
                    [
                        -0.5467424712542712,
                        0.0,
                        0.0,
                        0.0,
                        0.0,
                        0.0
                    ],
                    [
                        -0.7612717689400539,
                        -0.0,
                        0.0,
                        0.0,
                        0.0,
                        0.0
                    ],
                    [
                        -0.8699702715551512,
                        -0.0,
                        -0.0,
