{
    "expt_args": {
        "save_dir": "all_expt_logs/expt_logs_11.05.24-hard_var_shift-corr",
        "exp_name": "443",
        "num_nodes": 6,
        "obs_noise_mean": 0.0,
        "obs_noise_var": 1.0,
        "max_edge_strength": 1.0,
        "graph_sparsity_method": "adj_dense_prop",
        "adj_dense_prop": 0.8,
        "num_parents": null,
        "new_noise_mean": 1.0,
        "mix_samples": 8192,
        "stage2_samples": 8192,
        "gmm_tol": 0.001,
        "intv_type": "hard",
        "new_noise_var": 8.0,
        "intv_targets": [
            0,
            1,
            2,
            3,
            4,
            5
        ]
    },
    "intv_args_dict": {
        "0": {
            "intv_type": "hard",
            "inode": 0,
            "new_mui": 1.0,
            "new_vari": 8.0,
            "true_params": {
                "Si": [
                    [
                        8.0,
                        -7.059548582405725,
                        -6.268824272564672,
                        5.783245413997208,
                        -17.388627513472645,
                        -29.13217953598199
                    ],
                    [
                        -7.059548582405725,
                        7.229653273418335,
                        5.531883688341816,
                        -4.5081913278412955,
                        16.196323701109655,
                        26.511165181375734
                    ],
                    [
                        -6.268824272564672,
                        5.531883688341816,
                        5.912269720036998,
                        -5.14623338200727,
                        14.218300581620367,
                        24.707553765345367
                    ],
                    [
                        5.783245413997208,
                        -4.5081913278412955,
                        -5.14623338200727,
                        5.912566618390957,
                        -12.427406975372124,
                        -22.520358145841698
                    ],
                    [
                        -17.388627513472645,
                        16.196323701109655,
                        14.218300581620367,
                        -12.427406975372124,
                        39.87225825571925,
                        66.01586077538455
                    ],
                    [
                        -29.13217953598199,
                        26.511165181375734,
                        24.707553765345367,
                        -22.520358145841698,
                        66.01586077538455,
                        112.68230368880816
                    ]
                ],
                "mui": [
                    1.0,
                    -0.8824435728007156,
                    -0.783603034070584,
                    0.722905676749651,
                    -2.1735784391840807,
                    -3.6415224419977488
                ],
                "Ai": [
                    [
                        0.0,
                        0.0,
                        0.0,
                        0.0,
                        0.0,
                        0.0
                    ],
                    [
                        -0.8824435728007156,
                        0.0,
                        0.0,
                        0.0,
                        0.0,
                        0.0
                    ],
                    [
                        -0.783603034070584,
                        -0.0,
                        0.0,
                        0.0,
                        0.0,
                        0.0
                    ],
                    [
                        0.7666365042402814,
                        0.5951964176697545,
                        -0.6144647288242677,
                        0.0,
                        0.0,
                        0.0
                    ],
                    [
                        -0.9575768006785601,
                        0.8518411120200324,
                        0.5925193037399676,
                        0.0,
                        0.0,
                        0.0
                    ],
                    [
                        -0.0,
                        0.5065668469609861,
                        0.8665233226213208,
                        -0.7839960853482135,
                        0.896558515315373,
                        0.0
                    ]
                ]
            },
            "est_params": {
                "mui": [
                    1.0072857637149562,
                    -0.8765679338185388,
                    -0.7684455685241323,
                    0.6891540994375691,
                    -2.185981010752305,
                    -3.597158866105235
                ],
                "Si": [
                    [
                        7.521104250154779,
                        -6.707517024831568,
                        -6.033706124601996,
                        5.324651204986449,
                        -16.38757524872462,
                        -27.3478435277046
                    ],
                    [
                        -6.707517024831568,
                        7.016949383769614,
                        5.368671054416138,
                        -4.092205728966994,
                        15.44480558534805,
                        25.152606583998384
                    ],
                    [
                        -6.033706124601996,
                        5.368671054416139,
                        5.65711709022163,
                        -4.7980117747465645,
                        13.579780716200696,
                        23.416518820837343
                    ],
                    [
                        5.324651204986449,
                        -4.092205728966993,
                        -4.7980117747465645,
                        5.412381240236149,
                        -11.346654136192933,
                        -20.50647267964476
                    ],
                    [
                        -16.387575248724616,
                        15.44480558534805,
                        13.579780716200695,
                        -11.346654136192933,
                        37.65323476896277,
                        61.891421284548855
                    ],
                    [
                        -27.3478435277046,
                        25.152606583998384,
                        23.416518820837343,
                        -20.50647267964476,
                        61.891421284548855,
                        104.91248532415865
                    ]
                ]
            },
            "est_tgt": [
                0
            ],
            "oracle_est_tgt": [
                0
            ]
        },
        "1": {
            "intv_type": "hard",
            "inode": 1,
            "new_mui": 1.0,
            "new_vari": 8.0,
            "true_params": {
                "Si": [
                    [
                        1.0,
                        0.0,
                        -0.783603034070584,
                        1.2481329300763362,
                        -1.4218767248345887,
                        -2.9323373212522172
                    ],
                    [
                        0.0,
                        8.0,
                        0.0,
                        4.761571341358036,
                        6.8147288961602595,
                        6.429284705375159
                    ],
                    [
                        -0.783603034070584,
                        0.0,
                        1.614033715004625,
                        -1.5925054797554927,
                        1.7067062193946962,
                        4.177277913712548
                    ],
                    [
                        1.2481329300763362,
                        4.761571341358036,
                        -1.5925054797554927,
                        5.769472918965292,
                        1.9173288503142842,
                        -1.7721356342210703
                    ],
                    [
                        -1.4218767248345887,
                        6.8147288961602595,
                        1.7067062193946962,
                        1.9173288503142842,
                        9.177878786951036,
                        11.656343539791875
                    ],
                    [
                        -2.9323373212522172,
                        6.429284705375159,
                        4.177277913712548,
                        -1.7721356342210703,
                        11.656343539791875,
                        19.716512676696375
                    ]
                ],
                "mui": [
                    0.0,
                    1.0,
                    0.0,
                    0.5951964176697545,
                    0.8518411120200324,
                    0.8036605881718949
                ],
                "Ai": [
                    [
                        0.0,
                        0.0,
                        0.0,
                        0.0,
                        0.0,
                        0.0
                    ],
                    [
                        0.0,
                        0.0,
                        0.0,
                        0.0,
                        0.0,
                        0.0
                    ],
                    [
                        -0.783603034070584,
                        -0.0,
                        0.0,
                        0.0,
                        0.0,
                        0.0
                    ],
                    [
                        0.7666365042402814,
                        0.5951964176697545,
                        -0.6144647288242677,
                        0.0,
                        0.0,
                        0.0
                    ],
                    [
                        -0.9575768006785601,
                        0.8518411120200324,
                        0.5925193037399676,
                        0.0,
                        0.0,
                        0.0
                    ],
                    [
                        -0.0,
                        0.5065668469609861,
                        0.8665233226213208,
                        -0.7839960853482135,
                        0.896558515315373,
                        0.0
                    ]
                ]
            },
            "est_params": {
                "mui": [
                    0.059208637417024514,
                    0.8673736761837229,
                    -0.04053906884735009,
                    0.5023270479995575,
                    0.7164505160043029,
                    0.6464981181173778
                ],
                "Si": [
                    [
                        0.921790273316873,
                        0.13771460214697495,
                        -0.752421619069563,
                        1.2704463636992531,
                        -1.2002344878575513,
                        -2.6607388288439893
                    ],
                    [
                        0.13771460214697492,
                        7.9803970610962445,
                        -0.10298503486125453,
                        4.993749825391489,
                        6.573781477980505,
                        5.876715456183802
                    ],
                    [
                        -0.752421619069563,
                        -0.10298503486125456,
                        1.4304971065731151,
                        -1.543147210125935,
                        1.4958303502573798,
                        3.715435729066019
                    ],
                    [
                        1.2704463636992531,
                        4.993749825391489,
                        -1.543147210125935,
                        5.90742379121744,
                        2.0915889468904565,
                        -1.633569296903363
                    ],
                    [
                        -1.2002344878575513,
                        6.573781477980505,
                        1.4958303502573798,
                        2.0915889468904565,
                        8.740689190185613,
                        10.846205329257515
                    ],
                    [
                        -2.6607388288439893,
                        5.876715456183802,
                        3.71543572906602,
                        -1.633569296903363,
                        10.846205329257515,
                        18.118887124207657
                    ]
                ]
            },
            "est_tgt": [
                1,
                4
            ],
            "oracle_est_tgt": [
                1,
                4
            ]
        },
        "2": {
            "intv_type": "hard",
            "inode": 2,
            "new_mui": 1.0,
            "new_vari": 8.0,
            "true_params": {
                "Si": [
                    [
                        1.0,
                        -0.8824435728007156,
                        0.0,
                        0.24140925091359622,
                        -1.709278515028052,
                        -2.1687487736717657
                    ],
                    [
                        -0.8824435728007156,
                        1.778706659177292,
                        0.0,
                        0.3821663757864162,
                        2.360182951732888,
                        2.7174590045179783
                    ],
                    [
                        0.0,
                        0.0,
                        8.0,
                        -4.915717830594142,
                        4.740154429919741,
                        15.035915934887218
                    ],
                    [
                        0.24140925091359622,
                        0.3821663757864162,
                        -4.915717830594142,
                        4.43307242578622,
                        -2.818280573983268,
                        -10.068256206672777
                    ],
                    [
                        -1.709278515028052,
                        2.360182951732888,
                        4.740154429919741,
                        -2.818280573983268,
                        7.455899324499996,
                        14.197215768593038
                    ],
                    [
                        -2.1687487736717657,
                        2.7174590045179783,
                        15.035915934887218,
                        -10.068256206672777,
                        14.197215768593038,
                        36.027654617633836
                    ]
                ],
                "mui": [
                    0.0,
                    0.0,
                    1.0,
                    -0.6144647288242677,
                    0.5925193037399676,
                    1.8794894918609022
                ],
                "Ai": [
                    [
                        0.0,
                        0.0,
                        0.0,
                        0.0,
                        0.0,
                        0.0
                    ],
                    [
                        -0.8824435728007156,
                        0.0,
                        0.0,
                        0.0,
                        0.0,
                        0.0
                    ],
                    [
                        0.0,
                        0.0,
                        0.0,
                        0.0,
                        0.0,
                        0.0
                    ],
                    [
                        0.7666365042402814,
                        0.5951964176697545,
                        -0.6144647288242677,
                        0.0,
                        0.0,
                        0.0
                    ],
                    [
                        -0.9575768006785601,
                        0.8518411120200324,
                        0.5925193037399676,
                        0.0,
                        0.0,
                        0.0
                    ],
                    [
                        -0.0,
                        0.5065668469609861,
                        0.8665233226213208,
                        -0.7839960853482135,
                        0.896558515315373,
                        0.0
                    ]
                ]
            },
            "est_params": {
                "mui": [
                    0.09862005363778018,
                    -0.1097505009241137,
                    -0.08019430803807645,
                    0.18238466598529468,
                    -0.25201797877009857,
                    -0.5162163411172224
                ],
                "Si": [
                    [
                        0.9240384268880254,
                        -0.8264236271462223,
                        -0.2290252205685696,
                        0.35543892607878486,
                        -1.7512489399251903,
                        -2.5000263875513276
                    ],
                    [
                        -0.8264236271462225,
                        1.8002925236079206,
                        0.1649328084588294,
                        0.39441522701197446,
                        2.4208352330593743,
                        2.95751955930371
                    ],
                    [
                        -0.2290252205685696,
                        0.16493280845882943,
                        4.030823816948769,
                        -2.3948420910939032,
                        2.664212667528039,
                        7.852820575043736
                    ],
                    [
                        0.35543892607878486,
                        0.3944152270119745,
                        -2.3948420910939032,
                        2.8575903007620775,
                        -1.3707282854191558,
                        -5.398313976136416
                    ],
                    [
                        -1.7512489399251903,
                        2.4208352330593743,
                        2.664212667528039,
                        -1.3707282854191558,
                        6.161768861254271,
                        10.177774540926364
                    ],
                    [
                        -2.5000263875513276,
                        2.95751955930371,
                        7.852820575043736,
                        -5.398313976136416,
                        10.177774540926364,
                        22.846491192461723
                    ]
                ]
            },
            "est_tgt": [
                1,
                2,
                3,
                4,
                5
            ],
            "oracle_est_tgt": [
                1,
                2,
                3,
                4,
                5
            ]
        },
        "3": {
            "intv_type": "hard",
            "inode": 3,
            "new_mui": 1.0,
            "new_vari": 8.0,
            "true_params": {
                "Si": [
                    [
                        1.0,
                        -0.8824435728007156,
                        -0.783603034070584,
                        0.0,
                        -2.1735784391840807,
                        -3.0747672213500215
                    ],
                    [
                        -0.8824435728007156,
                        1.778706659177292,
                        0.691485461042727,
                        0.0,
                        2.7699014356562355,
                        3.9836008219769043
                    ],
                    [
                        -0.783603034070584,
                        0.691485461042727,
                        1.614033715004625,
                        0.0,
                        2.2957419634750176,
                        3.8071484735887804
                    ],
                    [
                        0.0,
                        0.0,
                        0.0,
                        8.0,
                        0.0,
                        -6.271968682785708
                    ],
                    [
                        -2.1735784391840807,
                        2.7699014356562355,
                        2.2957419634750176,
                        0.0,
                        6.801155636717926,
                        9.49008819080926
                    ],
                    [
                        -3.0747672213500215,
                        3.9836008219769043,
                        3.8071484735887804,
                        -6.271968682785708,
                        9.49008819080926,
                        19.74256132628136
                    ]
                ],
                "mui": [
                    0.0,
                    0.0,
                    0.0,
                    1.0,
                    0.0,
                    -0.7839960853482135
                ],
                "Ai": [
                    [
                        0.0,
                        0.0,
                        0.0,
                        0.0,
                        0.0,
                        0.0
                    ],
                    [
                        -0.8824435728007156,
                        0.0,
                        0.0,
                        0.0,
                        0.0,
                        0.0
                    ],
                    [
                        -0.783603034070584,
                        -0.0,
                        0.0,
                        0.0,
                        0.0,
                        0.0
                    ],
                    [
                        0.0,
                        0.0,
                        0.0,
                        0.0,
                        0.0,
                        0.0
                    ],
                    [
                        -0.9575768006785601,
                        0.8518411120200324,
                        0.5925193037399676,
                        0.0,
                        0.0,
                        0.0
                    ],
                    [
                        -0.0,
                        0.5065668469609861,
                        0.8665233226213208,
                        -0.7839960853482135,
                        0.896558515315373,
                        0.0
                    ]
                ]
            },
            "est_params": {
                "mui": [
                    -0.01783645388932739,
                    -0.015894168807916515,
                    0.02170625116961171,
                    0.7489117024347651,
                    -0.013019560998712012,
                    -0.6033253756572741
                ],
                "Si": [
                    [
                        1.0423059666550247,
                        -0.8872675498324866,
                        -0.8074711579474977,
                        0.06481607114520513,
                        -2.2695274387700595,
                        -3.25249902693248
                    ],
                    [
                        -0.8872675498324866,
                        1.6864838031210503,
                        0.7190719814541973,
                        -0.014505427768157303,
                        2.7021545546121155,
                        3.937373757385724
                    ],
                    [
                        -0.8074711579474977,
                        0.7190719814541973,
                        1.5118026779577343,
                        0.01213937742938039,
                        2.3428425971565554,
                        3.7751803186999062
                    ],
                    [
                        0.06481607114520511,
                        -0.014505427768157341,
                        0.01213937742938035,
                        7.436239866762698,
                        -0.10570738092200932,
                        -5.922053321997665
                    ],
                    [
                        -2.2695274387700595,
                        2.702154554612116,
                        2.3428425971565554,
                        -0.10570738092200928,
                        6.904414014227355,
                        9.720102346434697
                    ],
                    [
                        -3.25249902693248,
                        3.937373757385724,
                        3.7751803186999062,
                        -5.922053321997667,
                        9.720102346434697,
                        19.610827084443034
                    ]
                ]
            },
            "est_tgt": [
                2,
                3,
                5
            ],
            "oracle_est_tgt": [
                2,
                3,
                5
            ]
        },
        "4": {
            "intv_type": "hard",
            "inode": 4,
            "new_mui": 1.0,
            "new_vari": 8.0,
            "true_params": {
                "Si": [
                    [
                        1.0,
                        -0.8824435728007156,
                        -0.783603034070584,
                        0.722905676749651,
                        0.0,
                        -1.692782183641364
                    ],
                    [
                        -0.8824435728007156,
                        1.778706659177292,
                        0.691485461042727,
                        -0.04272705051912673,
                        0.0,
                        1.5337199436005007
                    ],
                    [
                        -0.783603034070584,
                        0.691485461042727,
                        1.614033715004625,
                        -1.180935810472143,
                        0.0,
                        2.6747305197260998
                    ],
                    [
                        0.722905676749651,
                        -0.04272705051912673,
                        -1.180935810472143,
                        2.2544182960528607,
                        0.0,
                        -2.8124076483970732
                    ],
                    [
                        0.0,
                        0.0,
                        0.0,
                        0.0,
                        8.0,
                        7.172468122522984
                    ],
                    [
                        -1.692782183641364,
                        1.5337199436005007,
                        2.6747305197260998,
                        -2.8124076483970732,
                        7.172468122522984,
                        12.730102010843328
                    ]
                ],
                "mui": [
                    0.0,
                    0.0,
                    0.0,
                    0.0,
                    1.0,
                    0.896558515315373
                ],
                "Ai": [
                    [
                        0.0,
                        0.0,
                        0.0,
                        0.0,
                        0.0,
                        0.0
                    ],
                    [
                        -0.8824435728007156,
                        0.0,
                        0.0,
                        0.0,
                        0.0,
                        0.0
                    ],
                    [
                        -0.783603034070584,
                        -0.0,
                        0.0,
                        0.0,
                        0.0,
                        0.0
                    ],
                    [
                        0.7666365042402814,
                        0.5951964176697545,
                        -0.6144647288242677,
                        0.0,
                        0.0,
                        0.0
                    ],
                    [
                        0.0,
                        0.0,
                        0.0,
                        0.0,
                        0.0,
                        0.0
                    ],
                    [
                        -0.0,
                        0.5065668469609861,
                        0.8665233226213208,
                        -0.7839960853482135,
                        0.896558515315373,
                        0.0
                    ]
                ]
            },
            "est_params": {
                "mui": [
                    0.0354162222177616,
                    0.03341761803882825,
                    -0.0365242464214133,
                    -0.0059798938794696855,
                    0.8942372604316225,
                    0.770932255751611
                ],
                "Si": [
                    [
                        1.0198668936848017,
                        -0.8795204934952949,
                        -0.8066633450848362,
                        0.7557796276510083,
                        0.016369771536623702,
                        -1.7447670601640468
                    ],
                    [
                        -0.8795204934952949,
                        1.7376342818144817,
                        0.6737057468235692,
                        -0.019526651425922963,
                        0.0019551961828951506,
                        1.4611895966435355
                    ],
                    [
                        -0.8066633450848362,
                        0.6737057468235692,
                        1.5562202885269922,
                        -1.1669988842111647,
                        -0.12548720165483765,
                        2.5401417928889303
                    ],
                    [
                        0.7557796276510083,
                        -0.019526651425922963,
                        -1.1669988842111647,
                        2.2115435664375136,
                        0.08631996252772879,
                        -2.7396062371175365
                    ],
                    [
                        0.01636977153662369,
                        0.001955196182895062,
                        -0.12548720165483768,
                        0.08631996252772871,
                        7.643540865869555,
                        6.6610632166743855
                    ],
                    [
                        -1.7447670601640468,
                        1.4611895966435355,
                        2.5401417928889307,
                        -2.7396062371175365,
                        6.6610632166743855,
                        12.14068357200751
                    ]
                ]
            },
            "est_tgt": [
                1,
                2,
                3,
                4,
                5
            ],
            "oracle_est_tgt": [
                1,
                2,
                3,
                4,
                5
            ]
        },
        "5": {
            "intv_type": "hard",
            "inode": 5,
            "new_mui": 1.0,
            "new_vari": 8.0,
            "true_params": {
                "Si": [
                    [
                        1.0,
                        -0.8824435728007156,
                        -0.783603034070584,
                        0.722905676749651,
                        -2.1735784391840807,
                        0.0
                    ],
                    [
                        -0.8824435728007156,
                        1.778706659177292,
                        0.691485461042727,
                        -0.04272705051912673,
                        2.7699014356562355,
                        0.0
                    ],
                    [
                        -0.783603034070584,
                        0.691485461042727,
                        1.614033715004625,
                        -1.180935810472143,
                        2.2957419634750176,
                        0.0
                    ],
                    [
                        0.722905676749651,
                        -0.04272705051912673,
                        -1.180935810472143,
                        2.2544182960528607,
                        -1.4283616275443978,
                        0.0
                    ],
                    [
                        -2.1735784391840807,
                        2.7699014356562355,
                        2.2957419634750176,
                        -1.4283616275443978,
                        6.801155636717926,
                        0.0
                    ],
                    [
                        0.0,
                        0.0,
                        0.0,
                        0.0,
                        0.0,
                        8.0
                    ]
                ],
                "mui": [
                    0.0,
                    0.0,
                    0.0,
                    0.0,
                    0.0,
                    1.0
                ],
                "Ai": [
                    [
                        0.0,
                        0.0,
                        0.0,
                        0.0,
                        0.0,
                        0.0
                    ],
                    [
                        -0.8824435728007156,
                        0.0,
                        0.0,
                        0.0,
                        0.0,
                        0.0
                    ],
                    [
                        -0.783603034070584,
                        -0.0,
                        0.0,
                        0.0,
                        0.0,
                        0.0
                    ],
                    [
                        0.7666365042402814,
                        0.5951964176697545,
                        -0.6144647288242677,
                        0.0,
                        0.0,
                        0.0
                    ],
                    [
                        -0.9575768006785601,
                        0.8518411120200324,
                        0.5925193037399676,
                        0.0,
                        0.0,
                        0.0
                    ],
                    [
                        0.0,
                        0.0,
                        0.0,
                        0.0,
                        0.0,
                        0.0
                    ]
                ]
            },
            "est_params": {
                "mui": [
                    -0.10046893017099007,
                    0.06499343781654959,
                    0.07431020964300043,
                    -0.08562261887656732,
                    0.25876060847668064,
                    1.2741710602147147
                ],
                "Si": [
                    [
                        0.969127072177069,
                        -0.8398764387245029,
                        -0.7526943887432093,
                        0.6461753515744235,
                        -2.118522567611872,
                        -0.15118156561792734
                    ],
                    [
                        -0.8398764387245029,
                        1.7698879949542694,
                        0.6851566899200785,
                        0.04306846475541207,
                        2.7882555393142665,
                        0.197850411831713
                    ],
                    [
                        -0.7526943887432092,
                        0.6851566899200785,
                        1.4784326499576297,
                        -1.069180367529991,
                        2.213968031598747,
                        0.28268986311159294
                    ],
                    [
                        0.6461753515744235,
                        0.043068464755412074,
                        -1.0691803675299911,
                        2.141759527004298,
                        -1.2021931961048598,
                        -0.12213120234596968
                    ],
                    [
                        -2.118522567611872,
                        2.788255539314267,
                        2.213968031598747,
                        -1.20219319610486,
                        6.80810168498808,
                        0.4750271225819251
                    ],
                    [
                        -0.15118156561792734,
                        0.197850411831713,
                        0.28268986311159294,
                        -0.12213120234596968,
                        0.4750271225819252,
                        7.455083861767823
                    ]
                ]
            },
            "est_tgt": [
                2,
                5
            ],
            "oracle_est_tgt": [
                2,
                5
            ]
        },
        "obs": {
            "intv_type": "obs",
            "true_params": {
                "Si": [
                    [
                        1.0,
                        -0.8824435728007156,
                        -0.783603034070584,
                        0.722905676749651,
                        -2.1735784391840807,
                        -3.6415224419977488
                    ],
                    [
                        -0.8824435728007156,
                        1.778706659177292,
                        0.691485461042727,
                        -0.04272705051912673,
                        2.7699014356562355,
                        4.017098662322375
                    ],
                    [
                        -0.783603034070584,
                        0.691485461042727,
                        1.614033715004625,
                        -1.180935810472143,
                        2.2957419634750176,
                        4.732997526046461
                    ],
                    [
                        0.722905676749651,
                        -0.04272705051912673,
                        -1.180935810472143,
                        2.2544182960528607,
                        -1.4283616275443978,
                        -4.093017428521728
                    ],
                    [
                        -2.1735784391840807,
                        2.7699014356562355,
                        2.2957419634750176,
                        -1.4283616275443978,
                        6.801155636717926,
                        10.60991811526567
                    ],
                    [
                        -3.6415224419977488,
                        4.017098662322375,
                        4.732997526046461,
                        -4.093017428521728,
                        10.60991811526567,
                        19.857503819795422
                    ]
                ],
                "mui": [
                    0.0,
                    0.0,
                    0.0,
                    0.0,
                    0.0,
                    0.0
                ],
                "Ai": [
                    [
                        0.0,
                        0.0,
                        0.0,
                        0.0,
                        0.0,
                        0.0
                    ],
                    [
                        -0.8824435728007156,
                        0.0,
                        0.0,
                        0.0,
                        0.0,
                        0.0
