{
    "expt_args": {
        "save_dir": "all_expt_logs/expt_logs_11.05.24-hard_var_shift-corr",
        "exp_name": "234",
        "num_nodes": 6,
        "obs_noise_mean": 0.0,
        "obs_noise_var": 1.0,
        "max_edge_strength": 1.0,
        "graph_sparsity_method": "adj_dense_prop",
        "adj_dense_prop": 0.8,
        "num_parents": null,
        "new_noise_mean": 1.0,
        "mix_samples": 4096,
        "stage2_samples": 4096,
        "gmm_tol": 0.001,
        "intv_type": "hard",
        "new_noise_var": 0.2,
        "intv_targets": [
            0,
            1,
            2,
            3,
            4,
            5
        ]
    },
    "intv_args_dict": {
        "0": {
            "intv_type": "hard",
            "inode": 0,
            "new_mui": 1.0,
            "new_vari": 0.2,
            "true_params": {
                "Si": [
                    [
                        0.2,
                        0.1847602588152021,
                        0.02217968667169581,
                        -0.020411741777921717,
                        0.24151169616488005,
                        0.5542739705578431
                    ],
                    [
                        0.1847602588152021,
                        1.1706817661873024,
                        0.8280852586966686,
                        -0.7620785054727539,
                        1.0964961052754314,
                        2.6631398695172908
                    ],
                    [
                        0.02217968667169581,
                        0.8280852586966687,
                        1.654670402897568,
                        -1.5227764707161442,
                        0.8965260024121084,
                        2.871447061226946
                    ],
                    [
                        -0.020411741777921717,
                        -0.7620785054727539,
                        -1.5227764707161442,
                        2.4013958161734665,
                        -0.06510092990060468,
                        -2.935171141079536
                    ],
                    [
                        0.24151169616488005,
                        1.0964961052754314,
                        0.8965260024121084,
                        -0.06510092990060468,
                        2.6590154846710097,
                        3.4322321053190334
                    ],
                    [
                        0.5542739705578431,
                        2.6631398695172908,
                        2.871447061226946,
                        -2.935171141079536,
                        3.4322321053190334,
                        9.264999408960007
                    ]
                ],
                "mui": [
                    1.0,
                    0.9238012940760105,
                    0.11089843335847904,
                    -0.10205870888960858,
                    1.2075584808244002,
                    2.7713698527892157
                ],
                "Ai": [
                    [
                        0.0,
                        0.0,
                        0.0,
                        0.0,
                        0.0,
                        0.0
                    ],
                    [
                        0.9238012940760105,
                        0.0,
                        0.0,
                        0.0,
                        0.0,
                        0.0
                    ],
                    [
                        -0.6351594597577414,
                        0.8075956354471556,
                        0.0,
                        0.0,
                        0.0,
                        0.0
                    ],
                    [
                        -0.0,
                        -0.0,
                        -0.9202899067086361,
                        0.0,
                        0.0,
                        0.0
                    ],
                    [
                        0.5051417363232188,
                        0.7406193955903648,
                        0.8637851594349176,
                        0.759962901221101,
                        0.0,
                        0.0
                    ],
                    [
                        0.99568057832526,
                        0.5958358192991302,
                        -0.0,
                        -0.9995096595628299,
                        0.9301799672625909,
                        0.0
                    ]
                ]
            },
            "est_params": {
                "mui": [
                    0.9592010718757012,
                    1.3056081336497227,
                    0.2517271994521857,
                    -0.1914089733177575,
                    1.5846408971660282,
                    3.491803972949231
                ],
                "Si": [
                    [
                        0.3201352273278516,
                        0.18537970731139192,
                        -0.027435651076850233,
                        0.019191913402674655,
                        0.23686156229973906,
                        0.598861699202073
                    ],
                    [
                        0.18537970731139192,
                        0.8586092857224167,
                        0.6019813860731128,
                        -0.5658248787456259,
                        0.8149562901822393,
                        1.959073752684648
                    ],
                    [
                        -0.027435651076850223,
                        0.6019813860731128,
                        1.3882019304651658,
                        -1.3769151658885632,
                        0.6351036806672296,
                        2.2888347709495345
                    ],
                    [
                        0.019191913402674655,
                        -0.5658248787456259,
                        -1.3769151658885632,
                        2.426896673105184,
                        0.16536257340014404,
                        -2.553387274349523
                    ],
                    [
                        0.2368615622997391,
                        0.8149562901822393,
                        0.6351036806672298,
                        0.16536257340014404,
                        2.161481591521624,
                        2.529423342574915
                    ],
                    [
                        0.598861699202073,
                        1.959073752684648,
                        2.2888347709495345,
                        -2.5533872743495234,
                        2.529423342574915,
                        7.591159866968567
                    ]
                ]
            },
            "est_tgt": [
                0,
                1,
                2,
                4,
                5
            ],
            "oracle_est_tgt": [
                0
            ]
        },
        "1": {
            "intv_type": "hard",
            "inode": 1,
            "new_mui": 1.0,
            "new_vari": 0.2,
            "true_params": {
                "Si": [
                    [
                        1.0,
                        0.0,
                        -0.6351594597577414,
                        0.5845308399655594,
                        0.40072217410321564,
                        0.7841800962560321
                    ],
                    [
                        0.0,
                        0.2,
                        0.16151912708943114,
                        -0.1486444224007929,
                        0.1746774575647646,
                        0.43022017164866133
                    ],
                    [
                        -0.6351594597577414,
                        0.16151912708943114,
                        1.533869681398405,
                        -1.4116047859973433,
                        0.0509452446920898,
                        0.9221238083308027
                    ],
                    [
                        0.5845308399655594,
                        -0.1486444224007929,
                        -1.4116047859973433,
                        2.2990856368149593,
                        0.713078506736169,
                        -1.141228626526769
                    ],
                    [
                        0.40072217410321564,
                        0.1746774575647646,
                        0.0509452446920898,
                        0.713078506736169,
                        1.9177099649410283,
                        1.5741569089985863
                    ],
                    [
                        0.7841800962560321,
                        0.43022017164866133,
                        0.9221238083308027,
                        -1.141228626526769,
                        1.574156908998586,
                        4.64205173826627
                    ]
                ],
                "mui": [
                    0.0,
                    1.0,
                    0.8075956354471556,
                    -0.7432221120039645,
                    0.8733872878238229,
                    2.1511008582433067
                ],
                "Ai": [
                    [
                        0.0,
                        0.0,
                        0.0,
                        0.0,
                        0.0,
                        0.0
                    ],
                    [
                        0.0,
                        0.0,
                        0.0,
                        0.0,
                        0.0,
                        0.0
                    ],
                    [
                        -0.6351594597577414,
                        0.8075956354471556,
                        0.0,
                        0.0,
                        0.0,
                        0.0
                    ],
                    [
                        -0.0,
                        -0.0,
                        -0.9202899067086361,
                        0.0,
                        0.0,
                        0.0
                    ],
                    [
                        0.5051417363232188,
                        0.7406193955903648,
                        0.8637851594349176,
                        0.759962901221101,
                        0.0,
                        0.0
                    ],
                    [
                        0.99568057832526,
                        0.5958358192991302,
                        -0.0,
                        -0.9995096595628299,
                        0.9301799672625909,
                        0.0
                    ]
                ]
            },
            "est_params": {
                "mui": [
                    0.10266333232486265,
                    0.8360893066021867,
                    1.012157567768,
                    -1.037289627094711,
                    0.8162483971570358,
                    2.4326916743694658
                ],
                "Si": [
                    [
                        0.8702379196099145,
                        0.10060695981872722,
                        -0.2893085482025188,
                        0.27483567570494616,
                        0.48061147760656836,
                        1.097862912250269
                    ],
                    [
                        0.1006069598187272,
                        0.41797578559615145,
                        0.1911074904986883,
                        -0.16895819625180003,
                        0.28478521194852396,
                        0.8246833081287288
                    ],
                    [
                        -0.2893085482025188,
                        0.19110749049868833,
                        0.9900003146167229,
                        -0.9150264360330408,
                        0.1551323283394613,
                        0.9371055088950877
                    ],
                    [
                        0.27483567570494616,
                        -0.1689581962518,
                        -0.9150264360330408,
                        1.806410889984381,
                        0.49698492409029255,
                        -1.2102096095090749
                    ],
                    [
                        0.48061147760656836,
                        0.28478521194852396,
                        0.1551323283394613,
                        0.49698492409029255,
                        1.9646337138299703,
                        2.010295495131225
                    ],
                    [
                        1.0978629122502688,
                        0.8246833081287286,
                        0.9371055088950877,
                        -1.2102096095090746,
                        2.010295495131225,
                        5.722842629170279
                    ]
                ]
            },
            "est_tgt": [
                1,
                2,
                4
            ],
            "oracle_est_tgt": [
                1,
                2,
                4,
                5
            ]
        },
        "2": {
            "intv_type": "hard",
            "inode": 2,
            "new_mui": 1.0,
            "new_vari": 0.2,
            "true_params": {
                "Si": [
                    [
                        1.0,
                        0.9238012940760105,
                        0.0,
                        0.0,
                        1.1893268923873905,
                        2.6524025290760584
                    ],
                    [
                        0.9238012940760105,
                        1.8534088309365115,
                        0.0,
                        0.0,
                        1.8393211178572364,
                        3.7350380332143613
                    ],
                    [
                        0.0,
                        0.0,
                        0.2,
                        -0.18405798134172724,
                        0.032879794393625233,
                        0.21455185634335452
                    ],
                    [
                        0.0,
                        0.0,
                        -0.18405798134172724,
                        1.169386702477958,
                        0.7297039583059924,
                        -0.490057300842593
                    ],
                    [
                        1.1893268923873905,
                        1.8393211178572364,
                        0.032879794393625233,
                        0.7297039583059924,
                        3.5459645617097135,
                        4.8491621382200965
                    ],
                    [
                        2.6524025290760584,
                        3.7350380332143613,
                        0.21455185634335452,
                        -0.490057300842593,
                        4.8491621382200965,
                        10.866825615647546
                    ]
                ],
                "mui": [
                    0.0,
                    0.0,
                    1.0,
                    -0.9202899067086361,
                    0.16439897196812617,
                    1.0727592817167726
                ],
                "Ai": [
                    [
                        0.0,
                        0.0,
                        0.0,
                        0.0,
                        0.0,
                        0.0
                    ],
                    [
                        0.9238012940760105,
                        0.0,
                        0.0,
                        0.0,
                        0.0,
                        0.0
                    ],
                    [
                        0.0,
                        0.0,
                        0.0,
                        0.0,
                        0.0,
                        0.0
                    ],
                    [
                        -0.0,
                        -0.0,
                        -0.9202899067086361,
                        0.0,
                        0.0,
                        0.0
                    ],
                    [
                        0.5051417363232188,
                        0.7406193955903648,
                        0.8637851594349176,
                        0.759962901221101,
                        0.0,
                        0.0
                    ],
                    [
                        0.99568057832526,
                        0.5958358192991302,
                        -0.0,
                        -0.9995096595628299,
                        0.9301799672625909,
                        0.0
                    ]
                ]
            },
            "est_params": {
                "mui": [
                    -0.4091994752091113,
                    -0.7469818607598493,
                    0.8678125518273287,
                    -0.7556681553488773,
                    -0.781775696120055,
                    -0.7379260895210825
                ],
                "Si": [
                    [
                        0.724640675350607,
                        0.42935916326699314,
                        0.06382290423051935,
                        0.04244739919742431,
                        0.6189603602246371,
                        1.6766355481530495
                    ],
                    [
                        0.429359163266993,
                        0.9572825169263119,
                        0.020289708689905945,
                        -0.023776330661955426,
                        0.733708770595923,
                        1.8730915534849266
                    ],
                    [
                        0.06382290423051935,
                        0.020289708689905945,
                        0.3097267870929073,
                        -0.28992323117039626,
                        0.11364148873387175,
                        0.45610936926775153
                    ],
                    [
                        0.042447399197424324,
                        -0.02377633066195543,
                        -0.28992323117039626,
                        1.214650820818739,
                        0.6760336823273064,
                        -0.5481695774078907
                    ],
                    [
                        0.6189603602246371,
                        0.733708770595923,
                        0.11364148873387175,
                        0.6760336823273064,
                        2.1631385757665837,
                        2.6398518935327235
                    ],
                    [
                        1.6766355481530495,
                        1.8730915534849266,
                        0.45610936926775153,
                        -0.5481695774078907,
                        2.639851893532723,
                        7.370928259199285
                    ]
                ]
            },
            "est_tgt": [
                0,
                1,
                2,
                4
            ],
            "oracle_est_tgt": [
                1,
                2,
                4
            ]
        },
        "3": {
            "intv_type": "hard",
            "inode": 3,
            "new_mui": 1.0,
            "new_vari": 0.2,
            "true_params": {
                "Si": [
                    [
                        1.0,
                        0.9238012940760105,
                        0.11089843335847904,
                        0.0,
                        1.285119313327027,
                        2.741506720049694
                    ],
                    [
                        0.9238012940760105,
                        1.8534088309365115,
                        0.9100437516947207,
                        0.0,
                        2.6254034050076114,
                        4.4662360293416
                    ],
                    [
                        0.11089843335847904,
                        0.9100437516947207,
                        1.6645091729146602,
                        0.0,
                        2.1677938018301317,
                        2.669094448269213
                    ],
                    [
                        0.0,
                        0.0,
                        0.0,
                        0.2,
                        0.15199258024422022,
                        -0.058521478596840516
                    ],
                    [
                        1.285119313327027,
                        2.6254034050076114,
                        2.1677938018301317,
                        0.15199258024422022,
                        5.5816089212964854,
                        7.883860481472025
                    ],
                    [
                        2.741506720049694,
                        4.4662360293416,
                        2.669094448269213,
                        -0.058521478596840516,
                        7.883860481472025,
                        13.782710267935634
                    ]
                ],
                "mui": [
                    0.0,
                    0.0,
                    0.0,
                    1.0,
                    0.759962901221101,
                    -0.2926073929842026
                ],
                "Ai": [
                    [
                        0.0,
                        0.0,
                        0.0,
                        0.0,
                        0.0,
                        0.0
                    ],
                    [
                        0.9238012940760105,
                        0.0,
                        0.0,
                        0.0,
                        0.0,
                        0.0
                    ],
                    [
                        -0.6351594597577414,
                        0.8075956354471556,
                        0.0,
                        0.0,
                        0.0,
                        0.0
                    ],
                    [
                        0.0,
                        0.0,
                        0.0,
                        0.0,
                        0.0,
                        0.0
                    ],
                    [
                        0.5051417363232188,
                        0.7406193955903648,
                        0.8637851594349176,
                        0.759962901221101,
                        0.0,
                        0.0
                    ],
                    [
                        0.99568057832526,
                        0.5958358192991302,
                        -0.0,
                        -0.9995096595628299,
                        0.9301799672625909,
                        0.0
                    ]
                ]
            },
            "est_params": {
                "mui": [
                    -0.005244824146382574,
                    0.19224222707279925,
                    0.004636485328166346,
                    0.9730349458171857,
                    0.9386589723427433,
                    0.05678587132542051
                ],
                "Si": [
                    [
                        0.8619267797038219,
                        0.8632722114191619,
                        0.15996570980531494,
                        -0.04862278968626285,
                        1.2508143669421572,
                        2.687882527641416
                    ],
                    [
                        0.8632722114191619,
                        1.7149392755055801,
                        0.8111410302575205,
                        -0.006570005930080838,
                        2.4164960629774566,
                        4.28473085221683
                    ],
                    [
                        0.15996570980531497,
                        0.8111410302575205,
                        1.8316054250197746,
                        0.01364609305580808,
                        2.2095042940276746,
                        2.769058284832711
                    ],
                    [
                        -0.048622789686262845,
                        -0.006570005930080835,
                        0.013646093055808084,
                        0.19305554969886946,
                        0.14948533586745374,
                        -0.08931629279064157
                    ],
                    [
                        1.2508143669421572,
                        2.4164960629774566,
                        2.2095042940276746,
                        0.14948533586745374,
                        5.509635801488612,
                        7.946566798076979
                    ],
                    [
                        2.687882527641416,
                        4.28473085221683,
                        2.769058284832711,
                        -0.08931629279064156,
                        7.946566798076979,
                        14.214274356072053
                    ]
                ]
            },
            "est_tgt": [
                3,
                4
            ],
            "oracle_est_tgt": [
                3
            ]
        },
        "4": {
            "intv_type": "hard",
            "inode": 4,
            "new_mui": 1.0,
            "new_vari": 0.2,
            "true_params": {
                "Si": [
                    [
                        1.0,
                        0.9238012940760105,
                        0.11089843335847904,
                        -0.10205870888960858,
                        0.0,
                        1.648123144628311
                    ],
                    [
                        0.9238012940760105,
                        1.8534088309365115,
                        0.9100437516947207,
                        -0.8375040793479117,
                        0.0,
                        2.861231793252038
                    ],
                    [
                        0.11089843335847904,
                        0.9100437516947207,
                        1.6645091729146602,
                        -1.5318309914573014,
                        0.0,
                        2.1837359534300935
                    ],
                    [
                        -0.10205870888960858,
                        -0.8375040793479117,
                        -1.5318309914573014,
                        2.4097286002216376,
                        0.0,
                        -3.009179816421305
                    ],
                    [
                        0.0,
                        0.0,
                        0.0,
                        0.0,
                        0.2,
                        0.1860359934525182
                    ],
                    [
                        1.648123144628311,
                        2.861231793252038,
                        2.1837359534300935,
                        -3.009179816421305,
                        0.1860359934525182,
                        7.5265798437057345
                    ]
                ],
                "mui": [
                    0.0,
                    0.0,
                    0.0,
                    0.0,
                    1.0,
                    0.9301799672625909
                ],
                "Ai": [
                    [
                        0.0,
                        0.0,
                        0.0,
                        0.0,
                        0.0,
                        0.0
                    ],
                    [
                        0.9238012940760105,
                        0.0,
                        0.0,
                        0.0,
                        0.0,
                        0.0
                    ],
                    [
                        -0.6351594597577414,
                        0.8075956354471556,
                        0.0,
                        0.0,
                        0.0,
                        0.0
                    ],
                    [
                        -0.0,
                        -0.0,
                        -0.9202899067086361,
                        0.0,
                        0.0,
                        0.0
                    ],
                    [
                        0.0,
                        0.0,
                        0.0,
                        0.0,
                        0.0,
                        0.0
                    ],
                    [
                        0.99568057832526,
                        0.5958358192991302,
                        -0.0,
                        -0.9995096595628299,
                        0.9301799672625909,
                        0.0
                    ]
                ]
            },
            "est_params": {
                "mui": [
                    0.07525726971225848,
                    -0.04913232537273947,
                    -0.003452935448998387,
                    0.0075087502807623455,
                    0.9473136594792814,
                    0.7126727015667197
                ],
                "Si": [
                    [
                        0.9238387834265342,
                        0.8924317905090455,
                        0.24557836251165963,
                        -0.17444366429629857,
                        -0.031353917973156925,
                        1.6426732783666433
                    ],
                    [
                        0.8924317905090453,
                        1.6800109212438623,
                        0.8984965696807902,
                        -0.7514806976813204,
                        -0.060007491106792835,
                        2.5145623234481094
                    ],
                    [
                        0.24557836251165963,
                        0.8984965696807902,
                        1.5937794138455903,
                        -1.3905662186363565,
                        -0.016311775014512413,
                        1.9823180712665083
                    ],
                    [
                        -0.17444366429629857,
                        -0.7514806976813204,
                        -1.3905662186363565,
                        2.1502878374862227,
                        0.03221272438980418,
                        -2.55350148095284
                    ],
                    [
                        -0.031353917973156925,
                        -0.060007491106792835,
                        -0.016311775014512413,
                        0.03221272438980417,
                        0.20060594491556075,
                        0.09697456050592952
                    ],
                    [
                        1.6426732783666433,
                        2.5145623234481094,
                        1.9823180712665083,
                        -2.55350148095284,
                        0.09697456050592952,
                        6.548661753502972
                    ]
                ]
            },
            "est_tgt": [
                1,
                4,
                5
            ],
            "oracle_est_tgt": [
                1,
                4,
                5
            ]
        },
        "5": {
            "intv_type": "hard",
            "inode": 5,
            "new_mui": 1.0,
            "new_vari": 0.2,
            "true_params": {
                "Si": [
                    [
                        1.0,
                        0.9238012940760105,
                        0.11089843335847904,
                        -0.10205870888960858,
                        1.2075584808244002,
                        0.0
                    ],
                    [
                        0.9238012940760105,
                        1.8534088309365115,
                        0.9100437516947207,
                        -0.8375040793479117,
                        1.9889313750818651,
                        0.0
                    ],
                    [
                        0.11089843335847904,
                        0.9100437516947207,
                        1.6645091729146602,
                        -1.5318309914573014,
                        1.0036590773818452,
                        0.0
                    ],
                    [
                        -0.10205870888960858,
                        -0.8375040793479117,
                        -1.5318309914573014,
                        2.4097286002216376,
                        -0.1636944174699131,
                        0.0
                    ],
                    [
                        1.2075584808244002,
                        1.9889313750818651,
                        1.0036590773818452,
                        -0.1636944174699131,
                        3.825573472359756,
                        0.0
                    ],
                    [
                        0.0,
                        0.0,
                        0.0,
                        0.0,
                        0.0,
                        0.2
                    ]
                ],
                "mui": [
                    0.0,
                    0.0,
                    0.0,
                    0.0,
                    0.0,
                    1.0
                ],
                "Ai": [
                    [
                        0.0,
                        0.0,
                        0.0,
                        0.0,
                        0.0,
                        0.0
                    ],
                    [
                        0.9238012940760105,
                        0.0,
                        0.0,
                        0.0,
                        0.0,
                        0.0
                    ],
                    [
                        -0.6351594597577414,
                        0.8075956354471556,
                        0.0,
                        0.0,
                        0.0,
                        0.0
                    ],
                    [
                        -0.0,
                        -0.0,
                        -0.9202899067086361,
                        0.0,
                        0.0,
                        0.0
                    ],
                    [
                        0.5051417363232188,
                        0.7406193955903648,
                        0.8637851594349176,
                        0.759962901221101,
                        0.0,
                        0.0
                    ],
                    [
                        0.0,
                        0.0,
                        0.0,
                        0.0,
                        0.0,
                        0.0
                    ]
                ]
            },
            "est_params": {
                "mui": [
                    -0.06537866701617712,
                    -0.06559081594971672,
                    -0.0548112043552922,
                    0.06784302449064371,
                    -0.05946175114342774,
                    1.0304940035038181
                ],
                "Si": [
                    [
                        0.8890519365772094,
                        0.8242673340488441,
                        0.023237757887123307,
                        -0.007288446507630369,
                        1.052903949784043,
                        0.010139478019924332
                    ],
                    [
                        0.8242673340488441,
                        1.8625774762834346,
                        0.8962516056354207,
                        -0.8024457088955567,
                        1.8887878635834492,
                        0.024565886700457958
                    ],
                    [
                        0.02323775788712328,
                        0.8962516056354207,
                        1.6530317754880064,
                        -1.4556557694402694,
                        0.973294583674018,
                        -0.006813764079856745
                    ],
                    [
                        -0.007288446507630358,
                        -0.8024457088955567,
                        -1.4556557694402694,
                        2.3113209516749107,
                        -0.01608798518256387,
                        0.007057808815729164
                    ],
                    [
                        1.052903949784043,
                        1.8887878635834487,
                        0.973294583674018,
                        -0.0160879851825639,
                        3.779048336312007,
                        0.007378161300284908
                    ],
                    [
                        0.010139478019924328,
                        0.024565886700457954,
                        -0.0068137640798567435,
                        0.007057808815729175,
                        0.007378161300284902,
                        0.18370589803719295
                    ]
                ]
            },
            "est_tgt": [
                1,
                5
            ],
            "oracle_est_tgt": [
                1,
                5
            ]
        },
        "obs": {
            "intv_type": "obs",
            "true_params": {
                "Si": [
                    [
                        1.0,
                        0.9238012940760105,
                        0.11089843335847904,
                        -0.10205870888960858,
                        1.2075584808244002,
                        2.7713698527892157
                    ],
                    [
                        0.9238012940760105,
                        1.8534088309365115,
                        0.9100437516947207,
                        -0.8375040793479117,
                        1.9889313750818651,
                        4.711295914613227
                    ],
                    [
                        0.11089843335847904,
                        0.9100437516947207,
                        1.6645091729146602,
                        -1.5318309914573014,
                        1.0036590773818452,
                        3.1173195211719404
                    ],
                    [
                        -0.10205870888960858,
                        -0.8375040793479117,
                        -1.5318309914573014,
                        2.4097286002216376,
                        -0.1636944174699131,
                        -3.161445084304538
                    ],
                    [
                        1.2075584808244002,
                        1.9889313750818651,
                        1.0036590773818452,
                        -0.1636944174699131,
                        3.825573472359756,
                        6.109505040708382
                    ],
                    [
                        2.7713698527892157,
                        4.711295914613227,
                        3.1173195211719404,
                        -3.161445084304538,
                        6.109505040708382,
                        15.409392097719142
                    ]
                ],
                "mui": [
                    0.0,
                    0.0,
                    0.0,
                    0.0,
                    0.0,
                    0.0
                ],
                "Ai": [
                    [
                        0.0,
                        0.0,
                        0.0,
                        0.0,
                        0.0,
                        0.0
                    ],
                    [
                        0.9238012940760105,
                        0.0,
                        0.0,
