{
    "expt_args": {
        "save_dir": "all_expt_logs/expt_logs_11.05.24-hard_var_shift-corr",
        "exp_name": "394",
        "num_nodes": 6,
        "obs_noise_mean": 0.0,
        "obs_noise_var": 1.0,
        "max_edge_strength": 1.0,
        "graph_sparsity_method": "adj_dense_prop",
        "adj_dense_prop": 0.8,
        "num_parents": null,
        "new_noise_mean": 1.0,
        "mix_samples": 4096,
        "stage2_samples": 4096,
        "gmm_tol": 0.001,
        "intv_type": "hard",
        "new_noise_var": 0.1,
        "intv_targets": [
            0,
            1,
            2,
            3,
            4,
            5
        ]
    },
    "intv_args_dict": {
        "0": {
            "intv_type": "hard",
            "inode": 0,
            "new_mui": 1.0,
            "new_vari": 0.1,
            "true_params": {
                "Si": [
                    [
                        0.1,
                        0.08823592569763966,
                        -0.006142489052226608,
                        0.05999372465878247,
                        -0.1826555387086003,
                        0.024882008094682603
                    ],
                    [
                        0.08823592569763966,
                        1.0778557858371938,
                        0.8175585762982167,
                        0.7361600077563256,
                        -2.4745922393516735,
                        1.0207622046946325
                    ],
                    [
                        -0.006142489052226608,
                        0.8175585762982167,
                        1.677670844665748,
                        1.3887780533922807,
                        -3.532343305699375,
                        1.1153137674390963
                    ],
                    [
                        0.05999372465878247,
                        0.7361600077563256,
                        1.3887780533922807,
                        2.19199385322503,
                        -3.8306430078620353,
                        0.3271931000549734
                    ],
                    [
                        -0.1826555387086003,
                        -2.4745922393516735,
                        -3.532343305699375,
                        -3.8306430078620353,
                        9.981293105750437,
                        -2.360384752647853
                    ],
                    [
                        0.024882008094682603,
                        1.0207622046946325,
                        1.1153137674390963,
                        0.3271931000549734,
                        -2.360384752647853,
                        2.468867076906922
                    ]
                ],
                "mui": [
                    1.0,
                    0.8823592569763965,
                    -0.061424890522266073,
                    0.5999372465878247,
                    -1.826555387086003,
                    0.248820080946826
                ],
                "Ai": [
                    [
                        0.0,
                        0.0,
                        0.0,
                        0.0,
                        0.0,
                        0.0
                    ],
                    [
                        0.8823592569763965,
                        0.0,
                        0.0,
                        0.0,
                        0.0,
                        0.0
                    ],
                    [
                        -0.7875875515610158,
                        0.822978458374325,
                        0.0,
                        0.0,
                        0.0,
                        0.0
                    ],
                    [
                        0.6509312408129364,
                        0.0,
                        0.8301845358051849,
                        0.0,
                        0.0,
                        0.0
                    ],
                    [
                        -0.5694250297537694,
                        -0.9640159307577301,
                        -0.9927431086267602,
                        -0.7792500238625025,
                        0.0,
                        0.0
                    ],
                    [
                        -0.0,
                        0.7561560685179942,
                        0.8053419798495506,
                        -0.6149196186465742,
                        -0.0,
                        0.0
                    ]
                ]
            },
            "est_params": {
                "mui": [
                    0.8617705267600194,
                    1.6247600062627385,
                    1.1245930455621305,
                    1.6026775631448003,
                    -4.689974257606001,
                    1.2033345946380145
                ],
                "Si": [
                    [
                        0.5543728840501192,
                        0.4504126072257152,
                        -0.05111640594360509,
                        0.18838424277673985,
                        -0.7969523815477202,
                        0.05872039140396383
                    ],
                    [
                        0.4504126072257152,
                        1.0217231055412526,
                        0.24360418586676066,
                        0.23897549948232868,
                        -1.4736737854822555,
                        0.5807039909950229
                    ],
                    [
                        -0.05111640594360508,
                        0.24360418586676066,
                        0.8643476180834193,
                        0.5026878671877096,
                        -1.2520800400565963,
                        0.5179798635281363
                    ],
                    [
                        0.18838424277673985,
                        0.23897549948232868,
                        0.5026878671877097,
                        1.4250410951369306,
                        -1.7333092952545466,
                        -0.2816559364652219
                    ],
                    [
                        -0.7969523815477201,
                        -1.473673785482256,
                        -1.2520800400565963,
                        -1.7333092952545468,
                        4.636191829286348,
                        -0.7628683589524496
                    ],
                    [
                        0.058720391403963845,
                        0.5807039909950229,
                        0.5179798635281363,
                        -0.2816559364652219,
                        -0.7628683589524496,
                        1.8826122411487982
                    ]
                ]
            },
            "est_tgt": [
                0,
                2,
                4
            ],
            "oracle_est_tgt": [
                0
            ]
        },
        "1": {
            "intv_type": "hard",
            "inode": 1,
            "new_mui": 1.0,
            "new_vari": 0.1,
            "true_params": {
                "Si": [
                    [
                        1.0,
                        0.0,
                        -0.7875875515610158,
                        -0.0029117650856875787,
                        0.21471607751115623,
                        -0.632486816602929
                    ],
                    [
                        0.0,
                        0.1,
                        0.0822978458374325,
                        0.06832239894431558,
                        -0.23134244339341295,
                        0.09988073345201276
                    ],
                    [
                        -0.7875875515610158,
                        0.0822978458374325,
                        1.6880235056686939,
                        0.8887056682953709,
                        -1.9991619851514884,
                        0.8751836570064996
                    ],
                    [
                        -0.0029117650856875787,
                        0.06832239894431558,
                        0.8887056682953709,
                        1.7358943438410468,
                        -2.2991579857480393,
                        -0.300061108939518
                    ],
                    [
                        0.21471607751115623,
                        -0.23134244339341295,
                        -1.9991619851514884,
                        -2.2991579857480393,
                        4.877026291111822,
                        -0.3711427118351573
                    ],
                    [
                        -0.632486816602929,
                        0.09988073345201276,
                        0.8751836570064996,
                        -0.300061108939518,
                        -0.3711427118351573,
                        1.9648610244731084
                    ]
                ],
                "mui": [
                    0.0,
                    1.0,
                    0.822978458374325,
                    0.6832239894431558,
                    -2.3134244339341294,
                    0.9988073345201276
                ],
                "Ai": [
                    [
                        0.0,
                        0.0,
                        0.0,
                        0.0,
                        0.0,
                        0.0
                    ],
                    [
                        0.0,
                        0.0,
                        0.0,
                        0.0,
                        0.0,
                        0.0
                    ],
                    [
                        -0.7875875515610158,
                        0.822978458374325,
                        0.0,
                        0.0,
                        0.0,
                        0.0
                    ],
                    [
                        0.6509312408129364,
                        0.0,
                        0.8301845358051849,
                        0.0,
                        0.0,
                        0.0
                    ],
                    [
                        -0.5694250297537694,
                        -0.9640159307577301,
                        -0.9927431086267602,
                        -0.7792500238625025,
                        0.0,
                        0.0
                    ],
                    [
                        -0.0,
                        0.7561560685179942,
                        0.8053419798495506,
                        -0.6149196186465742,
                        -0.0,
                        0.0
                    ]
                ]
            },
            "est_params": {
                "mui": [
                    0.05246136419967938,
                    0.9890742031262744,
                    1.043710214163573,
                    0.9011045801447459,
                    -2.6575879582802604,
                    1.1056848411967042
                ],
                "Si": [
                    [
                        0.99462802821945,
                        0.0038578941298005745,
                        -0.5630277332905268,
                        0.20869388810965073,
                        -0.21396985556478323,
                        -0.4997397686387713
                    ],
                    [
                        0.0038578941298005745,
                        0.16767478266313698,
                        0.06983757886666869,
                        0.045575052721219214,
                        -0.2729443056132473,
                        0.11346551865638745
                    ],
                    [
                        -0.5630277332905269,
                        0.06983757886666868,
                        1.1961318932955878,
                        0.6286275172305192,
                        -1.5055377168953445,
                        0.5380366486772575
                    ],
                    [
                        0.20869388810965078,
                        0.04557505272121922,
                        0.6286275172305192,
                        1.6128900693047505,
                        -2.169876620812158,
                        -0.5234862592090621
                    ],
                    [
                        -0.2139698555647832,
                        -0.2729443056132473,
                        -1.5055377168953445,
                        -2.169876620812158,
                        4.760920069134481,
                        0.0647514835805469
                    ],
                    [
                        -0.4997397686387713,
                        0.11346551865638745,
                        0.5380366486772575,
                        -0.5234862592090621,
                        0.06475148358054694,
                        1.5948742042541693
                    ]
                ]
            },
            "est_tgt": [
                1,
                2,
                4
            ],
            "oracle_est_tgt": [
                1
            ]
        },
        "2": {
            "intv_type": "hard",
            "inode": 2,
            "new_mui": 1.0,
            "new_vari": 0.1,
            "true_params": {
                "Si": [
                    [
                        1.0,
                        0.8823592569763965,
                        0.0,
                        0.6509312408129364,
                        -1.9272715950668984,
                        0.26693091640989836
                    ],
                    [
                        0.8823592569763965,
                        1.7785578583719386,
                        0.0,
                        0.5743552059864264,
                        -2.664561863372673,
                        0.9916850335854608
                    ],
                    [
                        0.0,
                        0.0,
                        0.1,
                        0.0830184535805185,
                        -0.1639664427963231,
                        0.029484522168594308
                    ],
                    [
                        0.6509312408129364,
                        0.5743552059864264,
                        0.0830184535805185,
                        1.492632116615276,
                        -2.1698937198234187,
                        -0.4166883516665727
                    ],
                    [
                        -1.9272715950668984,
                        -2.664561863372673,
                        -0.1639664427963231,
                        -2.1698937198234187,
                        6.519783059228909,
                        -0.8125634639039275
                    ],
                    [
                        0.26693091640989836,
                        0.9916850335854608,
                        0.029484522168594308,
                        -0.4166883516665727,
                        -0.8125634639039275,
                        2.029843621963569
                    ]
                ],
                "mui": [
                    0.0,
                    0.0,
                    1.0,
                    0.8301845358051849,
                    -1.639664427963231,
                    0.29484522168594307
                ],
                "Ai": [
                    [
                        0.0,
                        0.0,
                        0.0,
                        0.0,
                        0.0,
                        0.0
                    ],
                    [
                        0.8823592569763965,
                        0.0,
                        0.0,
                        0.0,
                        0.0,
                        0.0
                    ],
                    [
                        0.0,
                        0.0,
                        0.0,
                        0.0,
                        0.0,
                        0.0
                    ],
                    [
                        0.6509312408129364,
                        0.0,
                        0.8301845358051849,
                        0.0,
                        0.0,
                        0.0
                    ],
                    [
                        -0.5694250297537694,
                        -0.9640159307577301,
                        -0.9927431086267602,
                        -0.7792500238625025,
                        0.0,
                        0.0
                    ],
                    [
                        -0.0,
                        0.7561560685179942,
                        0.8053419798495506,
                        -0.6149196186465742,
                        -0.0,
                        0.0
                    ]
                ]
            },
            "est_params": {
                "mui": [
                    0.4886183247534968,
                    0.5518151263390443,
                    0.3836146575637469,
                    0.8853328656209629,
                    -1.7462934945741628,
                    0.15796837319522733
                ],
                "Si": [
                    [
                        0.5354756554451808,
                        0.3153618536316909,
                        -0.28949260545465044,
                        -0.06962490085419286,
                        -0.13324126312978574,
                        0.02549320982998119
                    ],
                    [
                        0.3153618536316909,
                        0.78579113958437,
                        -0.03994613831318283,
                        -0.1088491916459673,
                        -0.703044274658446,
                        0.6418027700913631
                    ],
                    [
                        -0.28949260545465044,
                        -0.03994613831318283,
                        0.8386523892998826,
                        0.1988768700889653,
                        -0.7941383774906486,
                        0.4797644917951872
                    ],
                    [
                        -0.06962490085419284,
                        -0.10884919164596726,
                        0.1988768700889653,
                        0.5322571560461591,
                        -0.4035164594325207,
                        -0.27653302422758835
                    ],
                    [
                        -0.1332412631297857,
                        -0.7030442746584458,
                        -0.7941383774906486,
                        -0.4035164594325206,
                        2.8503569973306893,
                        -0.8436433328931311
                    ],
                    [
                        0.025493209829981194,
                        0.6418027700913631,
                        0.4797644917951872,
                        -0.27653302422758835,
                        -0.8436433328931311,
                        2.089674409232468
                    ]
                ]
            },
            "est_tgt": [
                0,
                2,
                3,
                4
            ],
            "oracle_est_tgt": [
                2,
                4
            ]
        },
        "3": {
            "intv_type": "hard",
            "inode": 3,
            "new_mui": 1.0,
            "new_vari": 0.1,
            "true_params": {
                "Si": [
                    [
                        1.0,
                        0.8823592569763965,
                        -0.061424890522266073,
                        0.0,
                        -1.3590542733664366,
                        0.6177332638304869
                    ],
                    [
                        0.8823592569763965,
                        1.7785578583719386,
                        0.7687796376132419,
                        0.0,
                        -2.980196242695322,
                        1.9639978332417767
                    ],
                    [
                        -0.061424890522266073,
                        0.7687796376132419,
                        1.681066560123853,
                        0.0,
                        -2.3750061904939046,
                        1.9351508601233345
                    ],
                    [
                        0.0,
                        0.0,
                        0.0,
                        0.1,
                        -0.07792500238625026,
                        -0.06149196186465742
                    ],
                    [
                        -1.3590542733664366,
                        -2.980196242695322,
                        -2.3750061904939046,
                        -0.07792500238625026,
                        7.06533026331898,
                        -4.118268049145506
                    ],
                    [
                        0.6177332638304869,
                        1.9639978332417767,
                        1.9351508601233345,
                        -0.06149196186465742,
                        -4.118268049145506,
                        4.0813597189008926
                    ]
                ],
                "mui": [
                    0.0,
                    0.0,
                    0.0,
                    1.0,
                    -0.7792500238625025,
                    -0.6149196186465742
                ],
                "Ai": [
                    [
                        0.0,
                        0.0,
                        0.0,
                        0.0,
                        0.0,
                        0.0
                    ],
                    [
                        0.8823592569763965,
                        0.0,
                        0.0,
                        0.0,
                        0.0,
                        0.0
                    ],
                    [
                        -0.7875875515610158,
                        0.822978458374325,
                        0.0,
                        0.0,
                        0.0,
                        0.0
                    ],
                    [
                        0.0,
                        0.0,
                        0.0,
                        0.0,
                        0.0,
                        0.0
                    ],
                    [
                        -0.5694250297537694,
                        -0.9640159307577301,
                        -0.9927431086267602,
                        -0.7792500238625025,
                        0.0,
                        0.0
                    ],
                    [
                        -0.0,
                        0.7561560685179942,
                        0.8053419798495506,
                        -0.6149196186465742,
                        -0.0,
                        0.0
                    ]
                ]
            },
            "est_params": {
                "mui": [
                    -0.3927209365392486,
                    -1.010574132790506,
                    -0.835101208374766,
                    1.058147003904051,
                    1.141566875927787,
                    -2.4069831429611153
                ],
                "Si": [
                    [
                        1.1404524923152846,
                        0.7256296816853129,
                        -0.4313724896047443,
                        0.03369057079256639,
                        -0.9657975329850531,
                        -0.01741379698116092
                    ],
                    [
                        0.7256296816853129,
                        1.1612354376502685,
                        0.12858366275042307,
                        0.02670327541931772,
                        -1.6997208507291122,
                        0.7258887289222289
                    ],
                    [
                        -0.4313724896047443,
                        0.12858366275042304,
                        1.2064905274578326,
                        0.002803407293074038,
                        -1.075316538541112,
                        0.8179245244709076
                    ],
                    [
                        0.03369057079256639,
                        0.026703275419317715,
                        0.002803407293074037,
                        0.09748936287324014,
                        -0.15882113224626487,
                        -0.03050115824045366
                    ],
                    [
                        -0.965797532985053,
                        -1.6997208507291122,
                        -1.075316538541112,
                        -0.15882113224626487,
                        4.3277433852010825,
                        -1.392322741085071
                    ],
                    [
                        -0.017413796981160926,
                        0.7258887289222289,
                        0.8179245244709077,
                        -0.030501158240453664,
                        -1.392322741085071,
                        1.967610032593945
                    ]
                ]
            },
            "est_tgt": [
                0,
                1,
                2,
                3,
                4,
                5
            ],
            "oracle_est_tgt": [
                2,
                3,
                4
            ]
        },
        "4": {
            "intv_type": "hard",
            "inode": 4,
            "new_mui": 1.0,
            "new_vari": 0.1,
            "true_params": {
                "Si": [
                    [
                        1.0,
                        0.8823592569763965,
                        -0.061424890522266073,
                        0.5999372465878247,
                        0.0,
                        0.248820080946826
                    ],
                    [
                        0.8823592569763965,
                        1.7785578583719386,
                        0.7687796376132419,
                        1.2125841725748538,
                        0.0,
                        1.2183560362651757
                    ],
                    [
                        -0.061424890522266073,
                        0.7687796376132419,
                        1.681066560123853,
                        1.3556120816695825,
                        0.0,
                        1.1015583958303863
                    ],
                    [
                        0.5999372465878247,
                        1.2125841725748538,
                        1.3556120816695825,
                        2.5159260830840724,
                        0.0,
                        0.46154189088807196
                    ],
                    [
                        0.0,
                        0.0,
                        0.0,
                        0.0,
                        0.1,
                        0.0
                    ],
                    [
                        0.248820080946826,
                        1.2183560362651757,
                        1.1015583958303863,
                        0.46154189088807196,
                        0.0,
                        2.524587366321068
                    ]
                ],
                "mui": [
                    0.0,
                    0.0,
                    0.0,
                    0.0,
                    1.0,
                    0.0
                ],
                "Ai": [
                    [
                        0.0,
                        0.0,
                        0.0,
                        0.0,
                        0.0,
                        0.0
                    ],
                    [
                        0.8823592569763965,
                        0.0,
                        0.0,
                        0.0,
                        0.0,
                        0.0
                    ],
                    [
                        -0.7875875515610158,
                        0.822978458374325,
                        0.0,
                        0.0,
                        0.0,
                        0.0
                    ],
                    [
                        0.6509312408129364,
                        0.0,
                        0.8301845358051849,
                        0.0,
                        0.0,
                        0.0
                    ],
                    [
                        0.0,
                        0.0,
                        0.0,
                        0.0,
                        0.0,
                        0.0
                    ],
                    [
                        -0.0,
                        0.7561560685179942,
                        0.8053419798495506,
                        -0.6149196186465742,
                        -0.0,
                        0.0
                    ]
                ]
            },
            "est_params": {
                "mui": [
                    0.09241610770652352,
                    0.009784229386145758,
                    -0.11744865313663347,
                    -0.038148387585412565,
                    0.9951371902246492,
                    -0.12118284950014542
                ],
                "Si": [
                    [
                        1.0343801189052477,
                        0.9542836991603002,
                        -0.013057148542842846,
                        0.6838556766221714,
                        -0.009459427624209827,
                        0.3063284528244006
                    ],
                    [
                        0.9542836991603002,
                        1.9282721554470676,
                        0.8510030591927651,
                        1.3518704595054734,
                        -0.0018358367543845982,
                        1.3123365729769632
                    ],
                    [
                        -0.013057148542842859,
                        0.8510030591927651,
                        1.717188705206176,
                        1.445552143589667,
                        0.016234509469015373,
                        1.1513958751825866
                    ],
                    [
                        0.6838556766221714,
                        1.351870459505473,
                        1.445552143589667,
                        2.7268867215889174,
                        0.01310459015980212,
                        0.619544380731327
                    ],
                    [
                        -0.009459427624209824,
                        -0.0018358367543845893,
                        0.016234509469015376,
                        0.013104590159802115,
                        0.10192288411944524,
                        0.0035413357909208285
                    ],
                    [
                        0.3063284528244005,
                        1.3123365729769632,
                        1.1513958751825863,
                        0.619544380731327,
                        0.003541335790920823,
                        2.5269668627898363
                    ]
                ]
            },
            "est_tgt": [
                1,
                3,
                4
            ],
            "oracle_est_tgt": [
                2,
                3,
                4
            ]
        },
        "5": {
            "intv_type": "hard",
            "inode": 5,
            "new_mui": 1.0,
            "new_vari": 0.1,
            "true_params": {
                "Si": [
                    [
                        1.0,
                        0.8823592569763965,
                        -0.061424890522266073,
                        0.5999372465878247,
                        -1.826555387086003,
                        0.0
                    ],
                    [
                        0.8823592569763965,
                        1.7785578583719386,
                        0.7687796376132419,
                        1.2125841725748538,
                        -3.9251024881095695,
                        0.0
                    ],
                    [
                        -0.061424890522266073,
                        0.7687796376132419,
                        1.681066560123853,
                        1.3556120816695825,
                        -3.431366937483223,
                        0.0
                    ],
                    [
                        0.5999372465878247,
                        1.2125841725748538,
                        1.3556120816695825,
                        2.5159260830840724,
                        -4.816879756563717,
                        0.0
                    ],
                    [
                        -1.826555387086003,
                        -3.9251024881095695,
                        -3.431366937483223,
                        -4.816879756563717,
                        12.983967229634045,
                        0.0
                    ],
                    [
                        0.0,
                        0.0,
                        0.0,
                        0.0,
                        0.0,
                        0.1
                    ]
                ],
                "mui": [
                    0.0,
                    0.0,
                    0.0,
                    0.0,
                    0.0,
                    1.0
                ],
                "Ai": [
                    [
                        0.0,
                        0.0,
                        0.0,
                        0.0,
                        0.0,
                        0.0
                    ],
                    [
                        0.8823592569763965,
                        0.0,
                        0.0,
                        0.0,
                        0.0,
                        0.0
                    ],
                    [
                        -0.7875875515610158,
                        0.822978458374325,
                        0.0,
                        0.0,
                        0.0,
                        0.0
                    ],
                    [
                        0.6509312408129364,
                        0.0,
                        0.8301845358051849,
                        0.0,
                        0.0,
                        0.0
                    ],
                    [
                        -0.5694250297537694,
                        -0.9640159307577301,
                        -0.9927431086267602,
                        -0.7792500238625025,
                        0.0,
                        0.0
                    ],
                    [
                        0.0,
                        0.0,
                        0.0,
                        0.0,
                        0.0,
                        0.0
                    ]
                ]
            },
            "est_params": {
                "mui": [
                    -0.4846201122796075,
                    -0.5908509619659719,
                    0.5854273626323686,
                    0.017909908950601898,
                    0.2902735822064897,
                    0.47206820105233255
                ],
                "Si": [
                    [
                        0.8528924170360584,
                        0.5646530600290433,
                        -0.25654024158115524,
                        0.23521951868433066,
                        -1.0187747199386818,
                        0.13328590184701952
                    ],
                    [
                        0.5646530600290433,
                        1.124108786075571,
                        -0.13569744814272267,
                        0.08277710301876692,
                        -1.3810416282802256,
                        0.46891861464951307
                    ],
                    [
                        -0.25654024158115524,
                        -0.13569744814272267,
                        0.5327426412635264,
                        0.22948250313284851,
                        -0.3225648374770769,
                        -0.10362666076755044
                    ],
                    [
                        0.23521951868433066,
                        0.08277710301876692,
                        0.22948250313284851,
                        1.2957972587281743,
                        -1.403510522757943,
                        -0.30304921259143225
                    ],
                    [
                        -1.0187747199386818,
                        -1.3810416282802256,
                        -0.3225648374770769,
                        -1.403510522757943,
                        4.182945168037948,
                        -0.21681406236286715
                    ],
                    [
                        0.13328590184701958,
                        0.46891861464951307,
                        -0.10362666076755041,
                        -0.30304921259143225,
                        -0.21681406236286718,
                        1.13373712132255
                    ]
                ]
            },
            "est_tgt": [
                0,
                1,
                2,
                3,
                4,
                5
            ],
            "oracle_est_tgt": [
                5
            ]
        },
        "obs": {
            "intv_type": "obs",
            "true_params": {
                "Si": [
                    [
                        1.0,
                        0.8823592569763965,
                        -0.061424890522266073,
                        0.5999372465878247,
                        -1.826555387086003,
                        0.248820080946826
                    ],
                    [
                        0.8823592569763965,
                        1.7785578583719386,
                        0.7687796376132419,
                        1.2125841725748538,
                        -3.9251024881095695,
                        1.2183560362651757
                    ],
                    [
                        -0.061424890522266073,
                        0.7687796376132419,
                        1.681066560123853,
                        1.3556120816695825,
                        -3.431366937483223,
                        1.1015583958303863
                    ],
                    [
                        0.5999372465878247,
                        1.2125841725748538,
                        1.3556120816695825,
                        2.5159260830840724,
                        -4.816879756563717,
                        0.46154189088807196
                    ],
                    [
                        -1.826555387086003,
                        -3.9251024881095695,
                        -3.431366937483223,
                        -4.816879756563717,
                        12.983967229634045,
                        -2.7694200459895932
                    ],
                    [
                        0.248820080946826,
                        1.2183560362651757,
                        1.1015583958303863,
                        0.46154189088807196,
                        -2.7694200459895932,
                        2.524587366321068
                    ]
                ],
                "mui": [
                    0.0,
                    0.0,
                    0.0,
                    0.0,
                    0.0,
                    0.0
                ],
                "Ai": [
                    [
                        0.0,
                        0.0,
                        0.0,
                        0.0,
                        0.0,
