{
    "expt_args": {
        "save_dir": "all_expt_logs/expt_logs_11.05.24-hard_var_shift-corr",
        "exp_name": "379",
        "num_nodes": 6,
        "obs_noise_mean": 0.0,
        "obs_noise_var": 1.0,
        "max_edge_strength": 1.0,
        "graph_sparsity_method": "adj_dense_prop",
        "adj_dense_prop": 0.8,
        "num_parents": null,
        "new_noise_mean": 1.0,
        "mix_samples": 8192,
        "stage2_samples": 8192,
        "gmm_tol": 0.001,
        "intv_type": "hard",
        "new_noise_var": 4.0,
        "intv_targets": [
            0,
            1,
            2,
            3,
            4,
            5
        ]
    },
    "intv_args_dict": {
        "0": {
            "intv_type": "hard",
            "inode": 0,
            "new_mui": 1.0,
            "new_vari": 4.0,
            "true_params": {
                "Si": [
                    [
                        4.0,
                        -3.9651496942647197,
                        -5.752783216092176,
                        7.2100713713942,
                        -3.1842071427159366,
                        3.6075480848820427
                    ],
                    [
                        -3.9651496942647197,
                        4.930603024481901,
                        6.286519488526235,
                        -7.215210733244691,
                        4.279992193468242,
                        -4.647948946712161
                    ],
                    [
                        -5.752783216092176,
                        6.286519488526235,
                        9.614518655393173,
                        -11.399799679889693,
                        5.4458413992666275,
                        -5.9231640391814055
                    ],
                    [
                        7.2100713713942,
                        -7.215210733244691,
                        -11.399799679889693,
                        14.982243728509859,
                        -5.460305205238162,
                        7.043170162371487
                    ],
                    [
                        -3.1842071427159366,
                        4.279992193468242,
                        5.4458413992666275,
                        -5.460305205238162,
                        5.159465553487715,
                        -4.832967010871011
                    ],
                    [
                        3.6075480848820427,
                        -4.647948946712161,
                        -5.9231640391814055,
                        7.043170162371487,
                        -4.832967010871011,
                        6.421404099451249
                    ]
                ],
                "mui": [
                    1.0,
                    -0.9912874235661799,
                    -1.438195804023044,
                    1.80251784284855,
                    -0.7960517856789842,
                    0.9018870212205107
                ],
                "Ai": [
                    [
                        0.0,
                        0.0,
                        0.0,
                        0.0,
                        0.0,
                        0.0
                    ],
                    [
                        -0.9912874235661799,
                        0.0,
                        0.0,
                        0.0,
                        0.0,
                        0.0
                    ],
                    [
                        -0.8594248741334486,
                        0.5838578359114589,
                        0.0,
                        0.0,
                        0.0,
                        0.0
                    ],
                    [
                        0.8837822047626407,
                        0.5104280705648322,
                        -0.9906276746786769,
                        0.0,
                        0.0,
                        0.0
                    ],
                    [
                        0.0,
                        0.7128263100425781,
                        0.7690749275544638,
                        0.5640134484521085,
                        0.0,
                        0.0
                    ],
                    [
                        -0.5721649036505347,
                        -0.5239496344461863,
                        0.9678247939993897,
                        0.8880854180027448,
                        -0.936872450907388,
                        0.0
                    ]
                ]
            },
            "est_params": {
                "mui": [
                    2.609813002136156,
                    -2.731154430399895,
                    -4.048790287025963,
                    4.881956524880287,
                    -2.2467816582760096,
                    2.5356810323992978
                ],
                "Si": [
                    [
                        2.398505717721276,
                        -2.2138553246105266,
                        -3.2284863950206635,
                        4.307596724267634,
                        -1.658186175871827,
                        2.0103100252036925
                    ],
                    [
                        -2.213855324610527,
                        3.07712653681667,
                        3.491164079601105,
                        -3.9374101432179867,
                        2.724978702775361,
                        -3.0036606113407354
                    ],
                    [
                        -3.2284863950206635,
                        3.491164079601105,
                        5.531516143474213,
                        -6.6383582236877094,
                        3.035138176731409,
                        -3.2987423857332416
                    ],
                    [
                        4.307596724267634,
                        -3.9374101432179867,
                        -6.6383582236877094,
                        9.514778667009654,
                        -2.4782835419097444,
                        3.847818800009879
                    ],
                    [
                        -1.658186175871827,
                        2.724978702775361,
                        3.035138176731409,
                        -2.4782835419097444,
                        4.063667402163124,
                        -3.455075485312414
                    ],
                    [
                        2.0103100252036925,
                        -3.0036606113407354,
                        -3.2987423857332416,
                        3.847818800009879,
                        -3.455075485312414,
                        4.619424291929914
                    ]
                ]
            },
            "est_tgt": [
                0,
                2,
                4,
                5
            ],
            "oracle_est_tgt": [
                0
            ]
        },
        "1": {
            "intv_type": "hard",
            "inode": 1,
            "new_mui": 1.0,
            "new_vari": 4.0,
            "true_params": {
                "Si": [
                    [
                        1.0,
                        0.0,
                        -0.8594248741334486,
                        1.7351522693864734,
                        0.3176870922334807,
                        -0.16060646168261608
                    ],
                    [
                        0.0,
                        4.0,
                        2.3354313436458356,
                        -0.27183063906824323,
                        4.494110795457337,
                        -4.287327601033337
                    ],
                    [
                        -0.8594248741334486,
                        2.3354313436458356,
                        3.1021710045001423,
                        -2.6405711440593276,
                        2.5612412107523155,
                        -2.4741666938131757
                    ],
                    [
                        1.7351522693864734,
                        -0.27183063906824323,
                        -2.6405711440593276,
                        5.010569561880374,
                        0.6014635245819532,
                        0.48034126678648004
                    ],
                    [
                        0.3176870922334807,
                        4.494110795457337,
                        2.5612412107523155,
                        0.6014635245819532,
                        6.512540330474841,
                        -5.624893001183619
                    ],
                    [
                        -0.16060646168261608,
                        -4.287327601033337,
                        -2.4741666938131757,
                        0.48034126678648004,
                        -5.624893001183619,
                        6.640068606035611
                    ]
                ],
                "mui": [
                    0.0,
                    1.0,
                    0.5838578359114589,
                    -0.06795765976706081,
                    1.1235276988643343,
                    -1.0718319002583343
                ],
                "Ai": [
                    [
                        0.0,
                        0.0,
                        0.0,
                        0.0,
                        0.0,
                        0.0
                    ],
                    [
                        0.0,
                        0.0,
                        0.0,
                        0.0,
                        0.0,
                        0.0
                    ],
                    [
                        -0.8594248741334486,
                        0.5838578359114589,
                        0.0,
                        0.0,
                        0.0,
                        0.0
                    ],
                    [
                        0.8837822047626407,
                        0.5104280705648322,
                        -0.9906276746786769,
                        0.0,
                        0.0,
                        0.0
                    ],
                    [
                        0.0,
                        0.7128263100425781,
                        0.7690749275544638,
                        0.5640134484521085,
                        0.0,
                        0.0
                    ],
                    [
                        -0.5721649036505347,
                        -0.5239496344461863,
                        0.9678247939993897,
                        0.8880854180027448,
                        -0.936872450907388,
                        0.0
                    ]
                ]
            },
            "est_params": {
                "mui": [
                    -0.24487706607944107,
                    1.070795347062314,
                    0.8602481434760813,
                    -0.6032000654250019,
                    1.1524270582764475,
                    -1.2572738440845859
                ],
                "Si": [
                    [
                        1.3634022920833135,
                        -0.4516088010693753,
                        -1.4293775141004381,
                        2.411142593001458,
                        -0.1276331701028268,
                        0.3406359879929727
                    ],
                    [
                        -0.4516088010693753,
                        3.808149479543402,
                        2.5093462565208604,
                        -0.7216008081261694,
                        4.165944646790331,
                        -3.939233845909515
                    ],
                    [
                        -1.4293775141004381,
                        2.5093462565208604,
                        3.6140096640958004,
                        -3.4476213543077177,
                        2.6315318418120293,
                        -2.54307539124018
                    ],
                    [
                        2.411142593001458,
                        -0.7216008081261694,
                        -3.4476213543077177,
                        6.033279884428592,
                        0.07840444178104643,
                        0.9899569651186513
                    ],
                    [
                        -0.1276331701028268,
                        4.165944646790331,
                        2.6315318418120293,
                        0.07840444178104627,
                        6.128776845781525,
                        -5.342156127303896
                    ],
                    [
                        0.3406359879929727,
                        -3.939233845909515,
                        -2.54307539124018,
                        0.9899569651186514,
                        -5.342156127303897,
                        6.472814500084344
                    ]
                ]
            },
            "est_tgt": [
                0,
                1,
                2,
                4
            ],
            "oracle_est_tgt": [
                1
            ]
        },
        "2": {
            "intv_type": "hard",
            "inode": 2,
            "new_mui": 1.0,
            "new_vari": 4.0,
            "true_params": {
                "Si": [
                    [
                        1.0,
                        -0.9912874235661799,
                        0.0,
                        0.3778012777765719,
                        -0.49353075482391695,
                        0.7451149531243013
                    ],
                    [
                        -0.9912874235661799,
                        1.9826507561204751,
                        0.0,
                        0.13591841529768356,
                        1.4899454367086782,
                        -1.7468109360526713
                    ],
                    [
                        0.0,
                        0.0,
                        4.0,
                        -3.9625106987147074,
                        0.8413903865073991,
                        -0.43602426778794184
                    ],
                    [
                        0.3778012777765719,
                        0.13591841529768356,
                        -3.9625106987147074,
                        5.328643380067278,
                        0.054845122258925905,
                        0.5585124630518248
                    ],
                    [
                        -0.49353075482391695,
                        1.4899454367086782,
                        0.8413903865073991,
                        0.054845122258925905,
                        2.7400979448980594,
                        -2.202372036667495
                    ],
                    [
                        0.7451149531243013,
                        -1.7468109360526713,
                        -0.43602426778794184,
                        0.5585124630518248,
                        -2.202372036667495,
                        3.626265690889553
                    ]
                ],
                "mui": [
                    0.0,
                    0.0,
                    1.0,
                    -0.9906276746786769,
                    0.21034759662684976,
                    -0.10900606694698546
                ],
                "Ai": [
                    [
                        0.0,
                        0.0,
                        0.0,
                        0.0,
                        0.0,
                        0.0
                    ],
                    [
                        -0.9912874235661799,
                        0.0,
                        0.0,
                        0.0,
                        0.0,
                        0.0
                    ],
                    [
                        0.0,
                        0.0,
                        0.0,
                        0.0,
                        0.0,
                        0.0
                    ],
                    [
                        0.8837822047626407,
                        0.5104280705648322,
                        -0.9906276746786769,
                        0.0,
                        0.0,
                        0.0
                    ],
                    [
                        0.0,
                        0.7128263100425781,
                        0.7690749275544638,
                        0.5640134484521085,
                        0.0,
                        0.0
                    ],
                    [
                        -0.5721649036505347,
                        -0.5239496344461863,
                        0.9678247939993897,
                        0.8880854180027448,
                        -0.936872450907388,
                        0.0
                    ]
                ]
            },
            "est_params": {
                "mui": [
                    -0.1104882847563523,
                    0.18867352200427231,
                    1.0662535533420556,
                    -1.1644088349635964,
                    0.3792809210450087,
                    0.39639455887011477
                ],
                "Si": [
                    [
                        1.052108932391044,
                        -1.1005765923869664,
                        -0.594043481351772,
                        1.0771045691097314,
                        -0.605903653579364,
                        0.3919961408907293
                    ],
                    [
                        -1.1005765923869664,
                        2.171862014336982,
                        0.7497029153342225,
                        -0.6535103675379724,
                        1.7182798224734999,
                        -1.0331884637675988
                    ],
                    [
                        -0.5940434813517719,
                        0.7497029153342225,
                        3.94449653750143,
                        -4.059870728296961,
                        1.106265414378021,
                        -0.5671911059324928
                    ],
                    [
                        1.0771045691097314,
                        -0.6535103675379724,
                        -4.059870728296961,
                        5.678029953167732,
                        -0.19294230092010017,
                        0.4809091363722391
                    ],
                    [
                        -0.605903653579364,
                        1.7182798224734999,
                        1.1062654143780208,
                        -0.19294230092010017,
                        2.9050703569256973,
                        -1.3510421689735703
                    ],
                    [
                        0.3919961408907293,
                        -1.0331884637675985,
                        -0.5671911059324927,
                        0.4809091363722392,
                        -1.3510421689735703,
                        4.808771601064047
                    ]
                ]
            },
            "est_tgt": [
                1,
                2,
                3,
                4,
                5
            ],
            "oracle_est_tgt": [
                2,
                3
            ]
        },
        "3": {
            "intv_type": "hard",
            "inode": 3,
            "new_mui": 1.0,
            "new_vari": 4.0,
            "true_params": {
                "Si": [
                    [
                        1.0,
                        -0.9912874235661799,
                        -1.438195804023044,
                        0.0,
                        -1.8126960901204507,
                        0.253563250500064
                    ],
                    [
                        -0.9912874235661799,
                        1.9826507561204751,
                        2.0095232490651527,
                        0.0,
                        2.958759569782279,
                        -1.2987431709331945
                    ],
                    [
                        -1.438195804023044,
                        2.0095232490651527,
                        3.4092971432647023,
                        0.0,
                        4.054445996043827,
                        -0.7289002601417092
                    ],
                    [
                        0.0,
                        0.0,
                        0.0,
                        4.0,
                        2.256053793808434,
                        1.4387070248267602
                    ],
                    [
                        -1.8126960901204507,
                        2.958759569782279,
                        4.054445996043827,
                        2.256053793808434,
                        7.499699107251317,
                        -1.6117795575147946
                    ],
                    [
                        0.253563250500064,
                        -1.2987431709331945,
                        -0.7289002601417092,
                        1.4387070248267602,
                        -1.6117795575147946,
                        3.6176748666385614
                    ]
                ],
                "mui": [
                    0.0,
                    0.0,
                    0.0,
                    1.0,
                    0.5640134484521085,
                    0.35967675620669004
                ],
                "Ai": [
                    [
                        0.0,
                        0.0,
                        0.0,
                        0.0,
                        0.0,
                        0.0
                    ],
                    [
                        -0.9912874235661799,
                        0.0,
                        0.0,
                        0.0,
                        0.0,
                        0.0
                    ],
                    [
                        -0.8594248741334486,
                        0.5838578359114589,
                        0.0,
                        0.0,
                        0.0,
                        0.0
                    ],
                    [
                        0.0,
                        0.0,
                        0.0,
                        0.0,
                        0.0,
                        0.0
                    ],
                    [
                        0.0,
                        0.7128263100425781,
                        0.7690749275544638,
                        0.5640134484521085,
                        0.0,
                        0.0
                    ],
                    [
                        -0.5721649036505347,
                        -0.5239496344461863,
                        0.9678247939993897,
                        0.8880854180027448,
                        -0.936872450907388,
                        0.0
                    ]
                ]
            },
            "est_params": {
                "mui": [
                    0.4115767397310318,
                    -0.7655157428813101,
                    -0.727233892620699,
                    0.29517808175839844,
                    -1.7491830705791183,
                    1.3627059868496272
                ],
                "Si": [
                    [
                        0.8535451932692568,
                        -0.8683869669990781,
                        -1.091325328194163,
                        0.441821172286406,
                        -0.7140234401586363,
                        0.031020887894849008
                    ],
                    [
                        -0.8683869669990782,
                        2.0698081624397076,
                        1.750295596437495,
                        -0.7356292347895825,
                        1.2582225829574063,
                        -0.8726358753214356
                    ],
                    [
                        -1.091325328194163,
                        1.750295596437495,
                        3.087702671390954,
                        -1.3175967336568488,
                        1.6673560390872675,
                        -0.14233685149780323
                    ],
                    [
                        0.441821172286406,
                        -0.7356292347895825,
                        -1.3175967336568488,
                        3.4308271419652177,
                        0.8979016912926742,
                        1.047782402965777
                    ],
                    [
                        -0.7140234401586363,
                        1.2582225829574065,
                        1.6673560390872675,
                        0.897901691292674,
                        3.3741393193427403,
                        -1.0021783224370175
                    ],
                    [
                        0.031020887894849025,
                        -0.8726358753214356,
                        -0.14233685149780317,
                        1.047782402965777,
                        -1.0021783224370175,
                        2.9728350356097506
                    ]
                ]
            },
            "est_tgt": [
                1,
                2,
                3,
                4
            ],
            "oracle_est_tgt": [
                2,
                3
            ]
        },
        "4": {
            "intv_type": "hard",
            "inode": 4,
            "new_mui": 1.0,
            "new_vari": 4.0,
            "true_params": {
                "Si": [
                    [
                        1.0,
                        -0.9912874235661799,
                        -1.438195804023044,
                        1.80251784284855,
                        0.0,
                        0.15608803372223803
                    ],
                    [
                        -0.9912874235661799,
                        1.9826507561204751,
                        2.0095232490651527,
                        -1.8547709281364684,
                        0.0,
                        -0.17395785615899592
                    ],
                    [
                        -1.438195804023044,
                        2.0095232490651527,
                        3.4092971432647023,
                        -3.622678885105333,
                        0.0,
                        -0.1476497947249702
                    ],
                    [
                        1.80251784284855,
                        -1.8547709281364684,
                        -3.622678885105333,
                        5.235032007147688,
                        0.0,
                        1.0835062445191999
                    ],
                    [
                        0.0,
                        0.0,
                        0.0,
                        0.0,
                        4.0,
                        -3.747489803629552
                    ],
                    [
                        0.15608803372223803,
                        -0.17395785615899592,
                        -0.1476497947249702,
                        1.0835062445191999,
                        -3.747489803629552,
                        5.332103981353399
                    ]
                ],
                "mui": [
                    0.0,
                    0.0,
                    0.0,
                    0.0,
                    1.0,
                    -0.936872450907388
                ],
                "Ai": [
                    [
                        0.0,
                        0.0,
                        0.0,
                        0.0,
                        0.0,
                        0.0
                    ],
                    [
                        -0.9912874235661799,
                        0.0,
                        0.0,
                        0.0,
                        0.0,
                        0.0
                    ],
                    [
                        -0.8594248741334486,
                        0.5838578359114589,
                        0.0,
                        0.0,
                        0.0,
                        0.0
                    ],
                    [
                        0.8837822047626407,
                        0.5104280705648322,
                        -0.9906276746786769,
                        0.0,
                        0.0,
                        0.0
                    ],
                    [
                        0.0,
                        0.0,
                        0.0,
                        0.0,
                        0.0,
                        0.0
                    ],
                    [
                        -0.5721649036505347,
                        -0.5239496344461863,
                        0.9678247939993897,
                        0.8880854180027448,
                        -0.936872450907388,
                        0.0
                    ]
                ]
            },
            "est_params": {
                "mui": [
                    -0.18348973968968335,
                    0.13948392605194748,
                    0.39995029760340467,
                    1.0634648140418577,
                    2.8072377252133007,
                    -1.33106265862498
                ],
                "Si": [
                    [
                        1.0059586719241498,
                        -0.9870082980193888,
                        -1.4603502303546716,
                        0.8128603555405187,
                        -0.4982222450704333,
                        -0.297427987131041
                    ],
                    [
                        -0.9870082980193888,
                        1.873684689108744,
                        2.0211031749392308,
                        -0.590387138791145,
                        0.9255855065452336,
                        0.20585515159787235
                    ],
                    [
                        -1.4603502303546712,
                        2.0211031749392308,
                        3.4795866042139707,
                        -1.6879187394352242,
                        1.1461268248826946,
                        0.5692366832938227
                    ],
                    [
                        0.8128603555405187,
                        -0.590387138791145,
                        -1.6879187394352242,
                        4.973401692094734,
                        0.08416565861152221,
                        2.591485708742795
                    ],
                    [
                        -0.4982222450704332,
                        0.9255855065452336,
                        1.1461268248826946,
                        0.08416565861152216,
                        2.2619556747726324,
                        -1.145856671918398
                    ],
                    [
                        -0.29742798713104107,
                        0.20585515159787235,
                        0.5692366832938228,
                        2.591485708742795,
                        -1.145856671918398,
                        4.990311631675257
                    ]
                ]
            },
            "est_tgt": [
                0,
                1,
                2,
                3,
                4
            ],
            "oracle_est_tgt": [
                4
            ]
        },
        "5": {
            "intv_type": "hard",
            "inode": 5,
            "new_mui": 1.0,
            "new_vari": 4.0,
            "true_params": {
                "Si": [
                    [
                        1.0,
                        -0.9912874235661799,
                        -1.438195804023044,
                        1.80251784284855,
                        -0.7960517856789842,
                        0.0
                    ],
                    [
                        -0.9912874235661799,
                        1.9826507561204751,
                        2.0095232490651527,
                        -1.8547709281364684,
                        1.9126438225153115,
                        0.0
                    ],
                    [
                        -1.438195804023044,
                        2.0095232490651527,
                        3.4092971432647023,
                        -3.622678885105333,
                        2.0112063854209277,
                        0.0
                    ],
                    [
                        1.80251784284855,
                        -1.8547709281364684,
                        -3.622678885105333,
                        5.235032007147688,
                        -1.155612562684706,
                        0.0
                    ],
                    [
                        -0.7960517856789842,
                        1.9126438225153115,
                        2.0112063854209277,
                        -1.155612562684706,
                        3.2583702170396167,
                        0.0
                    ],
                    [
                        0.0,
                        0.0,
                        0.0,
                        0.0,
                        0.0,
                        4.0
                    ]
                ],
                "mui": [
                    0.0,
                    0.0,
                    0.0,
                    0.0,
                    0.0,
                    1.0
                ],
                "Ai": [
                    [
                        0.0,
                        0.0,
                        0.0,
                        0.0,
                        0.0,
                        0.0
                    ],
                    [
                        -0.9912874235661799,
                        0.0,
                        0.0,
                        0.0,
                        0.0,
                        0.0
                    ],
                    [
                        -0.8594248741334486,
                        0.5838578359114589,
                        0.0,
                        0.0,
                        0.0,
                        0.0
                    ],
                    [
                        0.8837822047626407,
                        0.5104280705648322,
                        -0.9906276746786769,
                        0.0,
                        0.0,
                        0.0
                    ],
                    [
                        0.0,
                        0.7128263100425781,
                        0.7690749275544638,
                        0.5640134484521085,
                        0.0,
                        0.0
                    ],
                    [
                        0.0,
                        0.0,
                        0.0,
                        0.0,
                        0.0,
                        0.0
                    ]
                ]
            },
            "est_params": {
                "mui": [
                    0.9116146538955744,
                    -1.276152572905948,
                    -1.7766846866020949,
                    2.058232027394238,
                    -1.3576557305849208,
                    1.3996763660283067
                ],
                "Si": [
                    [
                        0.9605667740408698,
                        -0.6588948829086936,
                        -0.825076220658571,
                        1.2516455905825614,
                        -0.34191402018996964,
                        0.3460152028540381
                    ],
                    [
                        -0.6588948829086936,
                        1.2296477873315732,
                        1.0546737046957133,
                        -0.9946319189058064,
                        1.077326479181536,
                        -0.5688830706364241
                    ],
                    [
                        -0.8250762206585708,
                        1.0546737046957133,
                        1.9807810367282326,
                        -2.1233818365336186,
                        0.9018093627627917,
                        -0.42570420405111786
                    ],
                    [
                        1.2516455905825614,
                        -0.9946319189058064,
                        -2.1233818365336186,
                        3.6141407665408605,
                        -0.13863498067038535,
                        0.7166639772582385
                    ],
                    [
                        -0.34191402018996964,
                        1.077326479181536,
                        0.9018093627627917,
                        -0.13863498067038535,
                        2.178871972464275,
                        -0.7920572427172111
                    ],
                    [
                        0.3460152028540381,
                        -0.568883070636424,
                        -0.425704204051118,
                        0.7166639772582385,
                        -0.7920572427172111,
                        3.4622184395009805
                    ]
                ]
            },
            "est_tgt": [
                0,
                1,
                3,
                4,
                5
            ],
            "oracle_est_tgt": [
                5
            ]
        },
        "obs": {
            "intv_type": "obs",
            "true_params": {
                "Si": [
                    [
                        1.0,
                        -0.9912874235661799,
                        -1.438195804023044,
                        1.80251784284855,
                        -0.7960517856789842,
                        0.9018870212205107
                    ],
                    [
                        -0.9912874235661799,
                        1.9826507561204751,
                        2.0095232490651527,
                        -1.8547709281364684,
                        1.9126438225153115,
                        -1.965861161871791
                    ],
                    [
                        -1.438195804023044,
                        2.0095232490651527,
                        3.4092971432647023,
                        -3.622678885105333,
                        2.0112063854209277,
                        -2.031893650314864
                    ],
                    [
                        1.80251784284855,
                        -1.8547709281364684,
                        -3.622678885105333,
                        5.235032007147688,
                        -1.155612562684706,
                        2.1661678184209876
                    ],
                    [
                        -0.7960517856789842,
                        1.9126438225153115,
                        2.0112063854209277,
                        -1.155612562684706,
                        3.2583702170396167,
                        -2.679120689701149
                    ],
                    [
                        0.9018870212205107,
                        -1.965861161871791,
                        -2.031893650314864,
                        2.1661678184209876,
                        -2.679120689701149,
                        3.9812035023132317
                    ]
                ],
                "mui": [
                    0.0,
                    0.0,
                    0.0,
                    0.0,
                    0.0,
                    0.0
                ],
                "Ai": [
                    [
                        0.0,
                        0.0,
                        0.0,
                        0.0,
                        0.0,
                        0.0
