{
    "expt_args": {
        "save_dir": "all_expt_logs/expt_logs_11.05.24-hard_var_shift-corr",
        "exp_name": "432",
        "num_nodes": 6,
        "obs_noise_mean": 0.0,
        "obs_noise_var": 1.0,
        "max_edge_strength": 1.0,
        "graph_sparsity_method": "adj_dense_prop",
        "adj_dense_prop": 0.8,
        "num_parents": null,
        "new_noise_mean": 1.0,
        "mix_samples": 1024,
        "stage2_samples": 1024,
        "gmm_tol": 0.001,
        "intv_type": "hard",
        "new_noise_var": 4.0,
        "intv_targets": [
            0,
            1,
            2,
            3,
            4,
            5
        ]
    },
    "intv_args_dict": {
        "0": {
            "intv_type": "hard",
            "inode": 0,
            "new_mui": 1.0,
            "new_vari": 4.0,
            "true_params": {
                "Si": [
                    [
                        4.0,
                        0.0,
                        -3.432572845632845,
                        5.811374910140792,
                        5.025828088327506,
                        -1.9667731724227404
                    ],
                    [
                        0.0,
                        1.0,
                        0.5925864433826676,
                        -1.4414715193993697,
                        -0.01523340193612965,
                        -1.3194764432674957
                    ],
                    [
                        -3.432572845632845,
                        0.5925864433826676,
                        4.296797778024912,
                        -6.793813589242449,
                        -4.1493753466719765,
                        -0.14832097797195676
                    ],
                    [
                        5.811374910140792,
                        -1.4414715193993697,
                        -6.793813589242449,
                        12.428354461818088,
                        7.9210216270010205,
                        0.21477119454547927
                    ],
                    [
                        5.025828088327506,
                        -0.01523340193612965,
                        -4.1493753466719765,
                        7.9210216270010205,
                        7.924890699510791,
                        -3.504293988402027
                    ],
                    [
                        -1.9667731724227404,
                        -1.3194764432674957,
                        -0.14832097797195676,
                        0.21477119454547927,
                        -3.504293988402027,
                        5.8424219409247025
                    ]
                ],
                "mui": [
                    1.0,
                    0.0,
                    -0.8581432114082113,
                    1.452843727535198,
                    1.2564570220818765,
                    -0.4916932931056851
                ],
                "Ai": [
                    [
                        0.0,
                        0.0,
                        0.0,
                        0.0,
                        0.0,
                        0.0
                    ],
                    [
                        -0.0,
                        0.0,
                        0.0,
                        0.0,
                        0.0,
                        0.0
                    ],
                    [
                        -0.8581432114082113,
                        0.5925864433826676,
                        0.0,
                        0.0,
                        0.0,
                        0.0
                    ],
                    [
                        0.6353548960967114,
                        -0.8769587519648612,
                        -0.9526251802388428,
                        0.0,
                        0.0,
                        0.0
                    ],
                    [
                        0.920577946673395,
                        0.5504872148726508,
                        0.8981262696381097,
                        0.7616786414896757,
                        0.0,
                        0.0
                    ],
                    [
                        -0.5832725870785533,
                        -0.0,
                        -0.0,
                        0.9259118215735238,
                        -0.9977467324538724,
                        0.0
                    ]
                ]
            },
            "est_params": {
                "mui": [
                    2.0008917534150408,
                    -0.12436858976586718,
                    -2.2791407019567598,
                    3.5961448611524127,
                    2.564313801172253,
                    -0.30853845154565684
                ],
                "Si": [
                    [
                        2.8926961620929266,
                        -0.18966690652928228,
                        -1.2086827721743914,
                        3.056059493786957,
                        3.9817274064672743,
                        -3.2177314235264722
                    ],
                    [
                        -0.18966690652928228,
                        1.1168825770939586,
                        0.5849609273513905,
                        -1.7547579187314226,
                        -0.38640523037364843,
                        -0.8882953037230032
                    ],
                    [
                        -1.2086827721743914,
                        0.5849609273513906,
                        2.0763811678832136,
                        -3.1020213980683016,
                        -1.1342540876519618,
                        -0.8553228965767199
                    ],
                    [
                        3.056059493786957,
                        -1.7547579187314226,
                        -3.1020213980683016,
                        7.385581289180407,
                        4.952077937972164,
                        -0.5611798091414231
                    ],
                    [
                        3.9817274064672734,
                        -0.3864052303736485,
                        -1.1342540876519618,
                        4.952077937972165,
                        7.577793315453281,
                        -5.953810740847478
                    ],
                    [
                        -3.2177314235264722,
                        -0.8882953037230032,
                        -0.8553228965767199,
                        -0.561179809141423,
                        -5.953810740847478,
                        8.85678973370523
                    ]
                ]
            },
            "est_tgt": [
                0,
                2,
                5
            ],
            "oracle_est_tgt": [
                0,
                4
            ]
        },
        "1": {
            "intv_type": "hard",
            "inode": 1,
            "new_mui": 1.0,
            "new_vari": 4.0,
            "true_params": {
                "Si": [
                    [
                        1.0,
                        0.0,
                        -0.8581432114082113,
                        1.452843727535198,
                        1.2564570220818765,
                        -0.4916932931056851
                    ],
                    [
                        0.0,
                        4.0,
                        2.3703457735306706,
                        -5.765886077597479,
                        -0.0609336077445186,
                        -5.277905773069983
                    ],
                    [
                        -0.8581432114082113,
                        2.3703457735306706,
                        3.1410445428096763,
                        -5.616159085933304,
                        -0.9417964773166076,
                        -3.759862320622024
                    ],
                    [
                        1.452843727535198,
                        -5.765886077597479,
                        -5.616159085933304,
                        12.329610195621566,
                        2.5105900617568793,
                        8.06379488529006
                    ],
                    [
                        1.2564570220818765,
                        -0.0609336077445186,
                        -0.9417964773166076,
                        2.5105900617568793,
                        3.189534124097863,
                        -1.59061917088578
                    ],
                    [
                        -0.4916932931056851,
                        -5.277905773069983,
                        -3.759862320622024,
                        8.06379488529006,
                        -1.59061917088578,
                        10.340189310482884
                    ]
                ],
                "mui": [
                    0.0,
                    1.0,
                    0.5925864433826676,
                    -1.4414715193993697,
                    -0.01523340193612965,
                    -1.3194764432674957
                ],
                "Ai": [
                    [
                        0.0,
                        0.0,
                        0.0,
                        0.0,
                        0.0,
                        0.0
                    ],
                    [
                        0.0,
                        0.0,
                        0.0,
                        0.0,
                        0.0,
                        0.0
                    ],
                    [
                        -0.8581432114082113,
                        0.5925864433826676,
                        0.0,
                        0.0,
                        0.0,
                        0.0
                    ],
                    [
                        0.6353548960967114,
                        -0.8769587519648612,
                        -0.9526251802388428,
                        0.0,
                        0.0,
                        0.0
                    ],
                    [
                        0.920577946673395,
                        0.5504872148726508,
                        0.8981262696381097,
                        0.7616786414896757,
                        0.0,
                        0.0
                    ],
                    [
                        -0.5832725870785533,
                        -0.0,
                        -0.0,
                        0.9259118215735238,
                        -0.9977467324538724,
                        0.0
                    ]
                ]
            },
            "est_params": {
                "mui": [
                    -0.14109536295677658,
                    1.7259058075699862,
                    2.9006374766549445,
                    -4.906900666686265,
                    -0.4636942522992931,
                    -3.703840951698205
                ],
                "Si": [
                    [
                        0.9503242334119721,
                        -0.10576277866543611,
                        -0.428621640682249,
                        1.2217983661838496,
                        1.566679879631681,
                        -0.9457827374287153
                    ],
                    [
                        -0.10576277866543614,
                        4.879499689091136,
                        -0.07063368253451331,
                        -3.938772674874548,
                        -0.11723357720494693,
                        -3.7100382678611346
                    ],
                    [
                        -0.42862164068224906,
                        -0.07063368253451324,
                        2.2818714097951274,
                        -2.2178797601420306,
                        0.033549243148463234,
                        -2.286432749069434
                    ],
                    [
                        1.2217983661838496,
                        -3.938772674874548,
                        -2.21787976014203,
                        6.703510356265858,
                        1.754077333333956,
                        4.304328102887863
                    ],
                    [
                        1.566679879631681,
                        -0.11723357720494708,
                        0.033549243148463234,
                        1.754077333333956,
                        3.871621742935621,
                        -3.218268382105196
                    ],
                    [
                        -0.9457827374287153,
                        -3.7100382678611346,
                        -2.286432749069434,
                        4.304328102887863,
                        -3.218268382105196,
                        8.954540839997144
                    ]
                ]
            },
            "est_tgt": [
                1,
                2,
                3,
                4,
                5
            ],
            "oracle_est_tgt": [
                1,
                5
            ]
        },
        "2": {
            "intv_type": "hard",
            "inode": 2,
            "new_mui": 1.0,
            "new_vari": 4.0,
            "true_params": {
                "Si": [
                    [
                        1.0,
                        0.0,
                        0.0,
                        0.6353548960967114,
                        1.4045142007961522,
                        -1.396339432417413
                    ],
                    [
                        0.0,
                        1.0,
                        0.0,
                        -0.8769587519648612,
                        -0.11747353596642607,
                        -0.6947776388163246
                    ],
                    [
                        0.0,
                        0.0,
                        4.0,
                        -3.810500720955371,
                        0.690128066019722,
                        -4.2167606864929015
                    ],
                    [
                        0.6353548960967114,
                        -0.8769587519648612,
                        -3.810500720955371,
                        5.80271143274218,
                        1.099629687812965,
                        3.9050620908718128
                    ],
                    [
                        1.4045142007961522,
                        -0.11747353596642607,
                        0.690128066019722,
                        1.099629687812965,
                        3.685683711669098,
                        -3.4784333843640125
                    ],
                    [
                        -1.396339432417413,
                        -0.6947776388163246,
                        -4.2167606864929015,
                        3.9050620908718128,
                        -3.4784333843640125,
                        8.900785210410394
                    ]
                ],
                "mui": [
                    0.0,
                    0.0,
                    1.0,
                    -0.9526251802388428,
                    0.1725320165049305,
                    -1.0541901716232254
                ],
                "Ai": [
                    [
                        0.0,
                        0.0,
                        0.0,
                        0.0,
                        0.0,
                        0.0
                    ],
                    [
                        -0.0,
                        0.0,
                        0.0,
                        0.0,
                        0.0,
                        0.0
                    ],
                    [
                        0.0,
                        0.0,
                        0.0,
                        0.0,
                        0.0,
                        0.0
                    ],
                    [
                        0.6353548960967114,
                        -0.8769587519648612,
                        -0.9526251802388428,
                        0.0,
                        0.0,
                        0.0
                    ],
                    [
                        0.920577946673395,
                        0.5504872148726508,
                        0.8981262696381097,
                        0.7616786414896757,
                        0.0,
                        0.0
                    ],
                    [
                        -0.5832725870785533,
                        -0.0,
                        -0.0,
                        0.9259118215735238,
                        -0.9977467324538724,
                        0.0
                    ]
                ]
            },
            "est_params": {
                "mui": [
                    0.1319816098647877,
                    -0.017279261992197658,
                    0.81463446406951,
                    -0.5696780280091648,
                    1.7329599171747279,
                    -2.4569213232959664
                ],
                "Si": [
                    [
                        0.8556242554071429,
                        0.0918512122820994,
                        -0.3033340916448448,
                        0.6222359897969407,
                        0.1796208395385466,
                        -0.12520043387063806
                    ],
                    [
                        0.0918512122820994,
                        1.0965391100870303,
                        0.08186913073775595,
                        -0.814696774936694,
                        -0.14975414425312483,
                        -0.8098121036036443
                    ],
                    [
                        -0.3033340916448448,
                        0.08186913073775592,
                        2.107177269031898,
                        -1.523925902810119,
                        0.0779510430879319,
                        -1.0469830995315177
                    ],
                    [
                        0.6222359897969407,
                        -0.8146967749366939,
                        -1.523925902810119,
                        2.5236261958073434,
                        0.48521904594081144,
                        1.2796369025878243
                    ],
                    [
                        0.17962083953854663,
                        -0.14975414425312483,
                        0.07795104308793191,
                        0.48521904594081133,
                        1.9653137131139886,
                        -1.5250494556788667
                    ],
                    [
                        -0.12520043387063806,
                        -0.8098121036036443,
                        -1.046983099531518,
                        1.2796369025878243,
                        -1.5250494556788672,
                        3.4695531326963183
                    ]
                ]
            },
            "est_tgt": [
                1,
                2,
                3,
                4,
                5
            ],
            "oracle_est_tgt": [
                0,
                2,
                5
            ]
        },
        "3": {
            "intv_type": "hard",
            "inode": 3,
            "new_mui": 1.0,
            "new_vari": 4.0,
            "true_params": {
                "Si": [
                    [
                        1.0,
                        0.0,
                        -0.8581432114082113,
                        0.0,
                        0.14985698539607045,
                        -0.7327919045928704
                    ],
                    [
                        0.0,
                        1.0,
                        0.5925864433826676,
                        0.0,
                        1.082704666706041,
                        -1.0802650434185113
                    ],
                    [
                        -0.8581432114082113,
                        0.5925864433826676,
                        2.0875684641669174,
                        0.0,
                        1.4111236226155217,
                        -0.9074125725511427
                    ],
                    [
                        0.0,
                        0.0,
                        0.0,
                        4.0,
                        3.0467145659587027,
                        0.6637977833891817
                    ],
                    [
                        0.14985698539607045,
                        1.082704666706041,
                        1.4111236226155217,
                        3.0467145659587027,
                        5.3219547191993355,
                        -2.576381369330951
                    ],
                    [
                        -0.7327919045928704,
                        -1.0802650434185113,
                        -0.9074125725511427,
                        0.6637977833891817,
                        -2.576381369330951,
                        4.612611737561439
                    ]
                ],
                "mui": [
                    0.0,
                    0.0,
                    0.0,
                    1.0,
                    0.7616786414896757,
                    0.16594944584729543
                ],
                "Ai": [
                    [
                        0.0,
                        0.0,
                        0.0,
                        0.0,
                        0.0,
                        0.0
                    ],
                    [
                        -0.0,
                        0.0,
                        0.0,
                        0.0,
                        0.0,
                        0.0
                    ],
                    [
                        -0.8581432114082113,
                        0.5925864433826676,
                        0.0,
                        0.0,
                        0.0,
                        0.0
                    ],
                    [
                        0.0,
                        0.0,
                        0.0,
                        0.0,
                        0.0,
                        0.0
                    ],
                    [
                        0.920577946673395,
                        0.5504872148726508,
                        0.8981262696381097,
                        0.7616786414896757,
                        0.0,
                        0.0
                    ],
                    [
                        -0.5832725870785533,
                        -0.0,
                        -0.0,
                        0.9259118215735238,
                        -0.9977467324538724,
                        0.0
                    ]
                ]
            },
            "est_params": {
                "mui": [
                    -0.06326070598124889,
                    -0.05090368100505739,
                    0.19548343055244516,
                    0.7231857001220725,
                    0.6677766124683193,
                    0.02189815851000989
                ],
                "Si": [
                    [
                        0.6414527346575118,
                        0.06844353484015597,
                        -0.43363291883864113,
                        0.039993232842837144,
                        0.3275414885771979,
                        -0.8324564017147352
                    ],
                    [
                        0.06844353484015596,
                        0.9154070749490739,
                        0.29767120016520854,
                        -0.11021763855337112,
                        0.8551076711814997,
                        -1.114237123197073
                    ],
                    [
                        -0.43363291883864113,
                        0.29767120016520854,
                        1.274318860832101,
                        -0.165326243809208,
                        0.7691737751639772,
                        -0.5023045257851289
                    ],
                    [
                        0.03999323284283713,
                        -0.11021763855337106,
                        -0.16532624380920805,
                        3.1706879070763248,
                        2.330729662064609,
                        0.5493978733148956
                    ],
                    [
                        0.3275414885771979,
                        0.8551076711814997,
                        0.7691737751639771,
                        2.330729662064609,
                        4.383888141991998,
                        -2.5008397729371765
                    ],
                    [
                        -0.8324564017147352,
                        -1.1142371231970731,
                        -0.5023045257851289,
                        0.5493978733148958,
                        -2.500839772937177,
                        4.439091673808569
                    ]
                ]
            },
            "est_tgt": [
                1,
                3,
                4
            ],
            "oracle_est_tgt": [
                1,
                2,
                3,
                4
            ]
        },
        "4": {
            "intv_type": "hard",
            "inode": 4,
            "new_mui": 1.0,
            "new_vari": 4.0,
            "true_params": {
                "Si": [
                    [
                        1.0,
                        0.0,
                        -0.8581432114082113,
                        1.452843727535198,
                        0.0,
                        0.7619325951452302
                    ],
                    [
                        0.0,
                        1.0,
                        0.5925864433826676,
                        -1.4414715193993697,
                        0.0,
                        -1.3346755202734255
                    ],
                    [
                        -0.8581432114082113,
                        0.5925864433826676,
                        2.0875684641669174,
                        -3.0535696431784562,
                        0.0,
                        -2.326804819615014
                    ],
                    [
                        1.452843727535198,
                        -1.4414715193993697,
                        -3.0535696431784562,
                        6.096089771902983,
                        0.0,
                        4.797037665598115
                    ],
                    [
                        0.0,
                        0.0,
                        0.0,
                        0.0,
                        4.0,
                        -3.9909869298154894
                    ],
                    [
                        0.7619325951452302,
                        -1.3346755202734255,
                        -2.326804819615014,
                        4.797037665598115,
                        -3.9909869298154894,
                        8.979213655650437
                    ]
                ],
                "mui": [
                    0.0,
                    0.0,
                    0.0,
                    0.0,
                    1.0,
                    -0.9977467324538724
                ],
                "Ai": [
                    [
                        0.0,
                        0.0,
                        0.0,
                        0.0,
                        0.0,
                        0.0
                    ],
                    [
                        -0.0,
                        0.0,
                        0.0,
                        0.0,
                        0.0,
                        0.0
                    ],
                    [
                        -0.8581432114082113,
                        0.5925864433826676,
                        0.0,
                        0.0,
                        0.0,
                        0.0
                    ],
                    [
                        0.6353548960967114,
                        -0.8769587519648612,
                        -0.9526251802388428,
                        0.0,
                        0.0,
                        0.0
                    ],
                    [
                        0.0,
                        0.0,
                        0.0,
                        0.0,
                        0.0,
                        0.0
                    ],
                    [
                        -0.5832725870785533,
                        -0.0,
                        -0.0,
                        0.9259118215735238,
                        -0.9977467324538724,
                        0.0
                    ]
                ]
            },
            "est_params": {
                "mui": [
                    0.2643344255196345,
                    -0.43598671953960255,
                    -0.9574416546819222,
                    1.699342686532048,
                    0.22031210424712247,
                    1.4367040758460414
                ],
                "Si": [
                    [
                        0.8792415263357036,
                        0.006781014529181087,
                        -0.5800375973069154,
                        0.8530656938376624,
                        0.5704349458544963,
                        -0.1327434189461352
                    ],
                    [
                        0.006781014529181075,
                        1.1705518274398492,
                        0.6225808047036561,
                        -1.3744184912073778,
                        0.06678865778218726,
                        -1.2931745668241494
                    ],
                    [
                        -0.5800375973069154,
                        0.6225808047036561,
                        1.2931973721238545,
                        -1.772681097426079,
                        -0.5081569923936955,
                        -0.7195925795336023
                    ],
                    [
                        0.8530656938376624,
                        -1.374418491207378,
                        -1.772681097426079,
                        3.325824816531362,
                        0.5672396115056463,
                        1.7834482870496042
                    ],
                    [
                        0.5704349458544963,
                        0.06678865778218726,
                        -0.5081569923936955,
                        0.5672396115056461,
                        2.895865601962786,
                        -2.877477699058355
                    ],
                    [
                        -0.13274341894613514,
                        -1.2931745668241494,
                        -0.7195925795336023,
                        1.783448287049604,
                        -2.8774776990583555,
                        5.2747916342109455
                    ]
                ]
            },
            "est_tgt": [
                1,
                2,
                4,
                5
            ],
            "oracle_est_tgt": [
                0,
                1,
                3,
                4,
                5
            ]
        },
        "5": {
            "intv_type": "hard",
            "inode": 5,
            "new_mui": 1.0,
            "new_vari": 4.0,
            "true_params": {
                "Si": [
                    [
                        1.0,
                        0.0,
                        -0.8581432114082113,
                        1.452843727535198,
                        1.2564570220818765,
                        0.0
                    ],
                    [
                        0.0,
                        1.0,
                        0.5925864433826676,
                        -1.4414715193993697,
                        -0.01523340193612965,
                        0.0
                    ],
                    [
                        -0.8581432114082113,
                        0.5925864433826676,
                        2.0875684641669174,
                        -3.0535696431784562,
                        -0.9147151548947585,
                        0.0
                    ],
                    [
                        1.452843727535198,
                        -1.4414715193993697,
                        -3.0535696431784562,
                        6.096089771902983,
                        2.4447145166533972,
                        0.0
                    ],
                    [
                        1.2564570220818765,
                        -0.01523340193612965,
                        -0.9147151548947585,
                        2.4447145166533972,
                        3.1888379544942205,
                        0.0
                    ],
                    [
                        0.0,
                        0.0,
                        0.0,
                        0.0,
                        0.0,
                        4.0
                    ]
                ],
                "mui": [
                    0.0,
                    0.0,
                    0.0,
                    0.0,
                    0.0,
                    1.0
                ],
                "Ai": [
                    [
                        0.0,
                        0.0,
                        0.0,
                        0.0,
                        0.0,
                        0.0
                    ],
                    [
                        -0.0,
                        0.0,
                        0.0,
                        0.0,
                        0.0,
                        0.0
                    ],
                    [
                        -0.8581432114082113,
                        0.5925864433826676,
                        0.0,
                        0.0,
                        0.0,
                        0.0
                    ],
                    [
                        0.6353548960967114,
                        -0.8769587519648612,
                        -0.9526251802388428,
                        0.0,
                        0.0,
                        0.0
                    ],
                    [
                        0.920577946673395,
                        0.5504872148726508,
                        0.8981262696381097,
                        0.7616786414896757,
                        0.0,
                        0.0
                    ],
                    [
                        0.0,
                        0.0,
                        0.0,
                        0.0,
                        0.0,
                        0.0
                    ]
                ]
            },
            "est_params": {
                "mui": [
                    -0.07805203236964148,
                    0.01640924630680551,
                    -0.11339924300949887,
                    0.22358103990735323,
                    0.14784314786588912,
                    1.4757218102465774
                ],
                "Si": [
                    [
                        0.9254579338900919,
                        -0.042082317683995556,
                        -0.6553709647000117,
                        1.2679415690452063,
                        1.2976737602434771,
                        -0.10570543415030019
                    ],
                    [
                        -0.04208231768399556,
                        0.99231610985811,
                        0.6333371730167815,
                        -1.3140426132793426,
                        -0.10803233573084658,
                        -0.004610690456938678
                    ],
                    [
                        -0.6553709647000117,
                        0.6333371730167815,
                        1.712603801917957,
                        -2.5200009978512736,
                        -0.7574662544842794,
                        0.3609413891055588
                    ],
                    [
                        1.2679415690452063,
                        -1.3140426132793426,
                        -2.5200009978512736,
                        5.021286273722858,
                        2.205364416344239,
                        -0.4731530351745449
                    ],
                    [
                        1.2976737602434767,
                        -0.10803233573084656,
                        -0.7574662544842794,
                        2.205364416344239,
                        3.0392132447190425,
                        0.11098359776394069
                    ],
                    [
                        -0.10570543415030019,
                        -0.004610690456938724,
                        0.3609413891055588,
                        -0.47315303517454477,
                        0.11098359776394065,
                        3.036598370904425
                    ]
                ]
            },
            "est_tgt": [
                2,
                4,
                5
            ],
            "oracle_est_tgt": [
                0,
                3,
                5
            ]
        },
        "obs": {
            "intv_type": "obs",
            "true_params": {
                "Si": [
                    [
                        1.0,
                        0.0,
                        -0.8581432114082113,
                        1.452843727535198,
                        1.2564570220818765,
                        -0.4916932931056851
                    ],
                    [
                        0.0,
                        1.0,
                        0.5925864433826676,
                        -1.4414715193993697,
                        -0.01523340193612965,
                        -1.3194764432674957
                    ],
                    [
                        -0.8581432114082113,
                        0.5925864433826676,
                        2.0875684641669174,
                        -3.0535696431784562,
                        -0.9147151548947585,
                        -1.4141507626927314
                    ],
                    [
                        1.452843727535198,
                        -1.4414715193993697,
                        -3.0535696431784562,
                        6.096089771902983,
                        2.4447145166533972,
                        2.35783174482464
                    ],
                    [
                        1.2564570220818765,
                        -0.01523340193612965,
                        -0.9147151548947585,
                        2.4447145166533972,
                        3.1888379544942205,
                        -1.6509195159024257
                    ],
                    [
                        -0.4916932931056851,
                        -1.3194764432674957,
                        -1.4141507626927314,
                        2.35783174482464,
                        -1.6509195159024257,
                        5.117135057469363
                    ]
                ],
                "mui": [
                    0.0,
                    0.0,
                    0.0,
                    0.0,
                    0.0,
                    0.0
                ],
                "Ai": [
                    [
                        0.0,
                        0.0,
                        0.0,
                        0.0,
                        0.0,
                        0.0
                    ],
                    [
                        -0.0,
                        0.0,
                        0.0,
                        0.0,
                        0.0,
