{
    "expt_args": {
        "save_dir": "all_expt_logs/expt_logs_11.05.24-hard_var_shift-corr",
        "exp_name": "332",
        "num_nodes": 6,
        "obs_noise_mean": 0.0,
        "obs_noise_var": 1.0,
        "max_edge_strength": 1.0,
        "graph_sparsity_method": "adj_dense_prop",
        "adj_dense_prop": 0.8,
        "num_parents": null,
        "new_noise_mean": 1.0,
        "mix_samples": 16384,
        "stage2_samples": 16384,
        "gmm_tol": 0.001,
        "intv_type": "hard",
        "new_noise_var": 8.0,
        "intv_targets": [
            0,
            1,
            2,
            3,
            4,
            5
        ]
    },
    "intv_args_dict": {
        "0": {
            "intv_type": "hard",
            "inode": 0,
            "new_mui": 1.0,
            "new_vari": 8.0,
            "true_params": {
                "Si": [
                    [
                        8.0,
                        0.0,
                        -5.339036884968581,
                        0.1899452113197002,
                        11.787371798627026,
                        0.0
                    ],
                    [
                        0.0,
                        1.0,
                        0.0,
                        0.9314189889897314,
                        0.15304981483747296,
                        0.5013538390666701
                    ],
                    [
                        -5.339036884968581,
                        0.0,
                        4.5631643573818765,
                        0.7848912009190965,
                        -9.58178616605637,
                        0.0
                    ],
                    [
                        0.1899452113197002,
                        0.9314189889897314,
                        0.7848912009190965,
                        2.703169282826119,
                        -2.0245786392573013,
                        0.46697048590959833
                    ],
                    [
                        11.787371798627026,
                        0.15304981483747296,
                        -9.58178616605637,
                        -2.0245786392573013,
                        22.11325098783986,
                        0.07673211223721008
                    ],
                    [
                        0.0,
                        0.5013538390666701,
                        0.0,
                        0.46697048590959833,
                        0.07673211223721008,
                        1.2513556719468886
                    ]
                ],
                "mui": [
                    1.0,
                    0.0,
                    -0.6673796106210726,
                    0.023743151414962527,
                    1.4734214748283783,
                    0.0
                ],
                "Ai": [
                    [
                        0.0,
                        0.0,
                        0.0,
                        0.0,
                        0.0,
                        0.0
                    ],
                    [
                        0.0,
                        0.0,
                        0.0,
                        0.0,
                        0.0,
                        0.0
                    ],
                    [
                        -0.6673796106210726,
                        0.0,
                        0.0,
                        0.0,
                        0.0,
                        0.0
                    ],
                    [
                        0.6321642863179708,
                        0.9314189889897314,
                        0.9116567620889754,
                        0.0,
                        0.0,
                        0.0
                    ],
                    [
                        0.8872216478924653,
                        0.9758536813838603,
                        -0.9097884019698097,
                        -0.8833874725260282,
                        0.0,
                        0.0
                    ],
                    [
                        -0.0,
                        0.5013538390666701,
                        -0.0,
                        -0.0,
                        0.0,
                        0.0
                    ]
                ]
            },
            "est_params": {
                "mui": [
                    0.982450461742661,
                    0.038971357534353324,
                    -1.15156872727996,
                    -0.44266634567466756,
                    2.3565093496521916,
                    0.03141954351766981
                ],
                "Si": [
                    [
                        8.152410703367194,
                        0.04439605961053319,
                        -4.795615391992139,
                        0.9430862134632229,
                        10.787103551798273,
                        0.04962202950610886
                    ],
                    [
                        0.0443960596105332,
                        0.8988803472123686,
                        -0.06368766818269592,
                        0.8486535581837711,
                        0.2486055400890424,
                        0.44868689100429615
                    ],
                    [
                        -4.795615391992139,
                        -0.0636876681826959,
                        5.471786233345218,
                        1.8230698366757478,
                        -10.950215975884204,
                        -0.024863882394355403
                    ],
                    [
                        0.9430862134632229,
                        0.8486535581837711,
                        1.8230698366757478,
                        4.0796501132163145,
                        -3.6168474136529505,
                        0.424063290578211
                    ],
                    [
                        10.787103551798273,
                        0.24860554008904237,
                        -10.950215975884204,
                        -3.6168474136529496,
                        24.000573812796162,
                        0.1461291697651234
                    ],
                    [
                        0.04962202950610885,
                        0.44868689100429615,
                        -0.02486388239435541,
                        0.424063290578211,
                        0.14612916976512344,
                        1.2499847079300483
                    ]
                ]
            },
            "est_tgt": [
                0,
                2,
                4
            ],
            "oracle_est_tgt": [
                0
            ]
        },
        "1": {
            "intv_type": "hard",
            "inode": 1,
            "new_mui": 1.0,
            "new_vari": 8.0,
            "true_params": {
                "Si": [
                    [
                        1.0,
                        0.0,
                        -0.6673796106210726,
                        0.023743151414962527,
                        1.4734214748283783,
                        0.0
                    ],
                    [
                        0.0,
                        8.0,
                        0.0,
                        7.451351911917851,
                        1.2243985186997837,
                        4.010830712533361
                    ],
                    [
                        -0.6673796106210726,
                        0.0,
                        1.4453955446727345,
                        0.8958110669427405,
                        -2.698466014994542,
                        0.0
                    ],
                    [
                        0.023743151414962527,
                        7.451351911917851,
                        0.8958110669427405,
                        8.772012453506896,
                        -1.2715897968747618,
                        3.7357638872767867
                    ],
                    [
                        1.4734214748283783,
                        1.2243985186997837,
                        -2.698466014994542,
                        -1.2715897968747618,
                        7.080424811194315,
                        0.6138568978976806
                    ],
                    [
                        0.0,
                        4.010830712533361,
                        0.0,
                        3.7357638872767867,
                        0.6138568978976806,
                        3.010845375575108
                    ]
                ],
                "mui": [
                    0.0,
                    1.0,
                    0.0,
                    0.9314189889897314,
                    0.15304981483747296,
                    0.5013538390666701
                ],
                "Ai": [
                    [
                        0.0,
                        0.0,
                        0.0,
                        0.0,
                        0.0,
                        0.0
                    ],
                    [
                        0.0,
                        0.0,
                        0.0,
                        0.0,
                        0.0,
                        0.0
                    ],
                    [
                        -0.6673796106210726,
                        0.0,
                        0.0,
                        0.0,
                        0.0,
                        0.0
                    ],
                    [
                        0.6321642863179708,
                        0.9314189889897314,
                        0.9116567620889754,
                        0.0,
                        0.0,
                        0.0
                    ],
                    [
                        0.8872216478924653,
                        0.9758536813838603,
                        -0.9097884019698097,
                        -0.8833874725260282,
                        0.0,
                        0.0
                    ],
                    [
                        -0.0,
                        0.5013538390666701,
                        -0.0,
                        -0.0,
                        0.0,
                        0.0
                    ]
                ]
            },
            "est_params": {
                "mui": [
                    -0.09236925597646069,
                    1.9635229125107079,
                    0.17787482599480461,
                    2.0080578423933697,
                    -0.13519373010141597,
                    3.342888500219223
                ],
                "Si": [
                    [
                        0.9994132224972602,
                        0.1205711672531537,
                        -0.6567438401978173,
                        0.157939609186862,
                        1.5042553146555886,
                        0.18151487279593487
                    ],
                    [
                        0.12057116725315375,
                        6.931333523203123,
                        -0.11759091081992327,
                        6.454223157498644,
                        1.266154158755812,
                        -1.0966094441088785
                    ],
                    [
                        -0.6567438401978173,
                        -0.1175909108199233,
                        1.3993079252355332,
                        0.6940351807778533,
                        -2.5958741023661123,
                        -0.27336855148033495
                    ],
                    [
                        0.15793960918686203,
                        6.454223157498644,
                        0.6940351807778534,
                        7.765097998061007,
                        -1.1316525184621125,
                        -1.3577080844440244
                    ],
                    [
                        1.5042553146555886,
                        1.266154158755812,
                        -2.5958741023661123,
                        -1.1316525184621125,
                        6.949729704709399,
                        0.6221702907558838
                    ],
                    [
                        0.18151487279593487,
                        -1.0966094441088785,
                        -0.27336855148033495,
                        -1.3577080844440248,
                        0.6221702907558837,
                        3.164006892326686
                    ]
                ]
            },
            "est_tgt": [
                1,
                2,
                3,
                5
            ],
            "oracle_est_tgt": [
                1
            ]
        },
        "2": {
            "intv_type": "hard",
            "inode": 2,
            "new_mui": 1.0,
            "new_vari": 8.0,
            "true_params": {
                "Si": [
                    [
                        1.0,
                        0.0,
                        0.0,
                        0.6321642863179708,
                        0.32877563678081256,
                        0.0
                    ],
                    [
                        0.0,
                        1.0,
                        0.0,
                        0.9314189889897314,
                        0.15304981483747296,
                        0.5013538390666701
                    ],
                    [
                        0.0,
                        0.0,
                        8.0,
                        7.293254096711803,
                        -13.721076518742818,
                        0.0
                    ],
                    [
                        0.6321642863179708,
                        0.9314189889897314,
                        7.293254096711803,
                        8.916117432846999,
                        -13.041905944392912,
                        0.46697048590959833
                    ],
                    [
                        0.32877563678081256,
                        0.15304981483747296,
                        -13.721076518742818,
                        -13.041905944392912,
                        25.445383695927777,
                        0.07673211223721008
                    ],
                    [
                        0.0,
                        0.5013538390666701,
                        0.0,
                        0.46697048590959833,
                        0.07673211223721008,
                        1.2513556719468886
                    ]
                ],
                "mui": [
                    0.0,
                    0.0,
                    1.0,
                    0.9116567620889754,
                    -1.7151345648428522,
                    0.0
                ],
                "Ai": [
                    [
                        0.0,
                        0.0,
                        0.0,
                        0.0,
                        0.0,
                        0.0
                    ],
                    [
                        0.0,
                        0.0,
                        0.0,
                        0.0,
                        0.0,
                        0.0
                    ],
                    [
                        0.0,
                        0.0,
                        0.0,
                        0.0,
                        0.0,
                        0.0
                    ],
                    [
                        0.6321642863179708,
                        0.9314189889897314,
                        0.9116567620889754,
                        0.0,
                        0.0,
                        0.0
                    ],
                    [
                        0.8872216478924653,
                        0.9758536813838603,
                        -0.9097884019698097,
                        -0.8833874725260282,
                        0.0,
                        0.0
                    ],
                    [
                        -0.0,
                        0.5013538390666701,
                        -0.0,
                        -0.0,
                        0.0,
                        0.0
                    ]
                ]
            },
            "est_params": {
                "mui": [
                    0.13937621253684127,
                    -0.15012867652464892,
                    1.7987905848236632,
                    3.859678879262653,
                    -5.093108238974122,
                    -0.029804516679447238
                ],
                "Si": [
                    [
                        0.9906249684507445,
                        0.062486288755276516,
                        -0.3142941770606531,
                        0.10631415654292367,
                        1.1509251099226616,
                        -0.017693270015069054
                    ],
                    [
                        0.062486288755276495,
                        1.0589005087573578,
                        0.2849258848867475,
                        0.6304951505197396,
                        0.2631315305096281,
                        0.5509038969509822
                    ],
                    [
                        -0.3142941770606531,
                        0.2849258848867475,
                        6.716705880114025,
                        1.5742798740914679,
                        -7.5339897987975455,
                        0.2257678260478253
                    ],
                    [
                        0.10631415654292371,
                        0.6304951505197396,
                        1.574279874091468,
                        3.770733641984084,
                        -4.008181513163887,
                        0.2809592380250047
                    ],
                    [
                        1.1509251099226616,
                        0.2631315305096281,
                        -7.5339897987975455,
                        -4.008181513163886,
                        12.658165193812689,
                        0.09453723671977088
                    ],
                    [
                        -0.01769327001506906,
                        0.5509038969509822,
                        0.22576782604782528,
                        0.28095923802500483,
                        0.09453723671977085,
                        1.2753957202807062
                    ]
                ]
            },
            "est_tgt": [
                0,
                1,
                2,
                3,
                4
            ],
            "oracle_est_tgt": [
                2
            ]
        },
        "3": {
            "intv_type": "hard",
            "inode": 3,
            "new_mui": 1.0,
            "new_vari": 8.0,
            "true_params": {
                "Si": [
                    [
                        1.0,
                        0.0,
                        -0.6673796106210726,
                        0.0,
                        1.4943958773466448,
                        0.0
                    ],
                    [
                        0.0,
                        1.0,
                        0.0,
                        0.0,
                        0.9758536813838603,
                        0.5013538390666701
                    ],
                    [
                        -0.6673796106210726,
                        0.0,
                        1.4453955446727345,
                        0.0,
                        -1.9071177407071498,
                        0.0
                    ],
                    [
                        0.0,
                        0.0,
                        0.0,
                        8.0,
                        -7.067099780208226,
                        0.0
                    ],
                    [
                        1.4943958773466448,
                        0.9758536813838603,
                        -1.9071177407071498,
                        -7.067099780208226,
                        11.256211794987255,
                        0.48924798952914145
                    ],
                    [
                        0.0,
                        0.5013538390666701,
                        0.0,
                        0.0,
                        0.48924798952914145,
                        1.2513556719468886
                    ]
                ],
                "mui": [
                    0.0,
                    0.0,
                    0.0,
                    1.0,
                    -0.8833874725260282,
                    0.0
                ],
                "Ai": [
                    [
                        0.0,
                        0.0,
                        0.0,
                        0.0,
                        0.0,
                        0.0
                    ],
                    [
                        0.0,
                        0.0,
                        0.0,
                        0.0,
                        0.0,
                        0.0
                    ],
                    [
                        -0.6673796106210726,
                        0.0,
                        0.0,
                        0.0,
                        0.0,
                        0.0
                    ],
                    [
                        0.0,
                        0.0,
                        0.0,
                        0.0,
                        0.0,
                        0.0
                    ],
                    [
                        0.8872216478924653,
                        0.9758536813838603,
                        -0.9097884019698097,
                        -0.8833874725260282,
                        0.0,
                        0.0
                    ],
                    [
                        -0.0,
                        0.5013538390666701,
                        -0.0,
                        -0.0,
                        0.0,
                        0.0
                    ]
                ]
            },
            "est_params": {
                "mui": [
                    0.19449516044970647,
                    -0.05248134730923444,
                    -0.4058484130721303,
                    -0.5539085585853648,
                    1.0141076949114456,
                    -0.07695186311162204
                ],
                "Si": [
                    [
                        0.9822841863539487,
                        0.09337737518505475,
                        -0.5114465715649481,
                        0.27910133496507833,
                        1.179562443958985,
                        0.0028875806593275212
                    ],
                    [
                        0.09337737518505476,
                        2.95376204872597,
                        -0.1754714922445802,
                        2.5675074075703646,
                        0.8247803292782548,
                        1.4213320101556264
                    ],
                    [
                        -0.5114465715649481,
                        -0.1754714922445802,
                        1.125779885359718,
                        0.40471221325002715,
                        -2.02604428012978,
                        -0.07569006525448832
                    ],
                    [
                        0.27910133496507833,
                        2.567507407570364,
                        0.4047122132500272,
                        3.7800805697532613,
                        -0.9377903176990628,
                        1.1509927882070334
                    ],
                    [
                        1.179562443958985,
                        0.8247803292782548,
                        -2.0260442801297796,
                        -0.9377903176990628,
                        5.39296920003329,
                        0.41530070314585593
                    ],
                    [
                        0.0028875806593275234,
                        1.4213320101556264,
                        -0.0756900652544883,
                        1.1509927882070334,
                        0.41530070314585593,
                        1.731297984681676
                    ]
                ]
            },
            "est_tgt": [
                1,
                3,
                4
            ],
            "oracle_est_tgt": [
                3,
                4
            ]
        },
        "4": {
            "intv_type": "hard",
            "inode": 4,
            "new_mui": 1.0,
            "new_vari": 8.0,
            "true_params": {
                "Si": [
                    [
                        1.0,
                        0.0,
                        -0.6673796106210726,
                        0.023743151414962527,
                        0.0,
                        0.0
                    ],
                    [
                        0.0,
                        1.0,
                        0.0,
                        0.9314189889897314,
                        0.0,
                        0.5013538390666701
                    ],
                    [
                        -0.6673796106210726,
                        0.0,
                        1.4453955446727345,
                        0.8958110669427405,
                        0.0,
                        0.0
                    ],
                    [
                        0.023743151414962527,
                        0.9314189889897314,
                        0.8958110669427405,
                        2.699223122152322,
                        0.0,
                        0.46697048590959833
                    ],
                    [
                        0.0,
                        0.0,
                        0.0,
                        0.0,
                        8.0,
                        0.0
                    ],
                    [
                        0.0,
                        0.5013538390666701,
                        0.0,
                        0.46697048590959833,
                        0.0,
                        1.2513556719468886
                    ]
                ],
                "mui": [
                    0.0,
                    0.0,
                    0.0,
                    0.0,
                    1.0,
                    0.0
                ],
                "Ai": [
                    [
                        0.0,
                        0.0,
                        0.0,
                        0.0,
                        0.0,
                        0.0
                    ],
                    [
                        0.0,
                        0.0,
                        0.0,
                        0.0,
                        0.0,
                        0.0
                    ],
                    [
                        -0.6673796106210726,
                        0.0,
                        0.0,
                        0.0,
                        0.0,
                        0.0
                    ],
                    [
                        0.6321642863179708,
                        0.9314189889897314,
                        0.9116567620889754,
                        0.0,
                        0.0,
                        0.0
                    ],
                    [
                        0.0,
                        0.0,
                        0.0,
                        0.0,
                        0.0,
                        0.0
                    ],
                    [
                        -0.0,
                        0.5013538390666701,
                        -0.0,
                        -0.0,
                        0.0,
                        0.0
                    ]
                ]
            },
            "est_params": {
                "mui": [
                    -0.08157415069212504,
                    0.08661531254563239,
                    0.39397330269366315,
                    -0.7396126945112287,
                    2.451584047489074,
                    0.09548270438486146
                ],
                "Si": [
                    [
                        1.0190376304892483,
                        0.06167396038749767,
                        -0.6716494547433863,
                        -0.1553820499643731,
                        0.5374921946058456,
                        0.016376188168140765
                    ],
                    [
                        0.06167396038749767,
                        1.0812880907715312,
                        0.033230682742273185,
                        0.5485304611398999,
                        0.07175675381151418,
                        0.5489586162562677
                    ],
                    [
                        -0.6716494547433863,
                        0.03323068274227318,
                        1.3438874811962223,
                        0.7829129407721133,
                        -0.8367578825231111,
                        -0.004235780787060741
                    ],
                    [
                        -0.1553820499643731,
                        0.5485304611398999,
                        0.7829129407721135,
                        5.408431135364132,
                        -1.3871830120434143,
                        0.38303639266943823
                    ],
                    [
                        0.5374921946058456,
                        0.07175675381151418,
                        -0.8367578825231113,
                        -1.3871830120434143,
                        6.846579310506343,
                        -0.15859075620832785
                    ],
                    [
                        0.01637618816814076,
                        0.5489586162562677,
                        -0.00423578078706074,
                        0.38303639266943823,
                        -0.15859075620832785,
                        1.0693952941549068
                    ]
                ]
            },
            "est_tgt": [
                0,
                2,
                3,
                4,
                5
            ],
            "oracle_est_tgt": [
                3,
                4
            ]
        },
        "5": {
            "intv_type": "hard",
            "inode": 5,
            "new_mui": 1.0,
            "new_vari": 8.0,
            "true_params": {
                "Si": [
                    [
                        1.0,
                        0.0,
                        -0.6673796106210726,
                        0.023743151414962527,
                        1.4734214748283783,
                        0.0
                    ],
                    [
                        0.0,
                        1.0,
                        0.0,
                        0.9314189889897314,
                        0.15304981483747296,
                        0.0
                    ],
                    [
                        -0.6673796106210726,
                        0.0,
                        1.4453955446727345,
                        0.8958110669427405,
                        -2.698466014994542,
                        0.0
                    ],
                    [
                        0.023743151414962527,
                        0.9314189889897314,
                        0.8958110669427405,
                        2.699223122152322,
                        -2.2694643234816545,
                        0.0
                    ],
                    [
                        1.4734214748283783,
                        0.15304981483747296,
                        -2.698466014994542,
                        -2.2694643234816545,
                        6.916455090441822,
                        0.0
                    ],
                    [
                        0.0,
                        0.0,
                        0.0,
                        0.0,
                        0.0,
                        8.0
                    ]
                ],
                "mui": [
                    0.0,
                    0.0,
                    0.0,
                    0.0,
                    0.0,
                    1.0
                ],
                "Ai": [
                    [
                        0.0,
                        0.0,
                        0.0,
                        0.0,
                        0.0,
                        0.0
                    ],
                    [
                        0.0,
                        0.0,
                        0.0,
                        0.0,
                        0.0,
                        0.0
                    ],
                    [
                        -0.6673796106210726,
                        0.0,
                        0.0,
                        0.0,
                        0.0,
                        0.0
                    ],
                    [
                        0.6321642863179708,
                        0.9314189889897314,
                        0.9116567620889754,
                        0.0,
                        0.0,
                        0.0
                    ],
                    [
                        0.8872216478924653,
                        0.9758536813838603,
                        -0.9097884019698097,
                        -0.8833874725260282,
                        0.0,
                        0.0
                    ],
                    [
                        0.0,
                        0.0,
                        0.0,
                        0.0,
                        0.0,
                        0.0
                    ]
                ]
            },
            "est_params": {
                "mui": [
                    0.11765031924548673,
                    0.011795935623341258,
                    -0.23824668784069586,
                    -0.1621225359764039,
                    0.3164468951301672,
                    -0.22058114650243899
                ],
                "Si": [
                    [
                        0.8975469598775591,
                        -0.015558000686683096,
                        -0.6164683437454745,
                        -0.0038640601621142997,
                        0.446804304607487,
                        0.09049790917887493
                    ],
                    [
                        -0.015558000686683096,
                        0.8975789181544082,
                        -0.0019276305812390283,
                        0.8240376894023461,
                        0.12281689491535222,
                        0.15840831568831684
                    ],
                    [
                        -0.6164683437454745,
                        -0.0019276305812390292,
                        1.3486474062052027,
                        0.8699198478452953,
                        -0.871029710271634,
                        -0.15606816492487255
                    ],
                    [
                        -0.003864060162114307,
                        0.8240376894023461,
                        0.8699198478452953,
                        2.3464019692554876,
                        -0.6496227669913922,
                        0.044051211091029316
                    ],
                    [
                        0.446804304607487,
                        0.12281689491535219,
                        -0.871029710271634,
                        -0.6496227669913922,
                        6.940143415165277,
                        0.3187303368954577
                    ],
                    [
                        0.09049790917887492,
                        0.15840831568831681,
                        -0.15606816492487255,
                        0.04405121109102929,
                        0.3187303368954577,
                        3.8225967273657337
                    ]
                ]
            },
            "est_tgt": [
                0,
                1,
                2,
                3,
                5
            ],
            "oracle_est_tgt": [
                5
            ]
        },
        "obs": {
            "intv_type": "obs",
            "true_params": {
                "Si": [
                    [
                        1.0,
                        0.0,
                        -0.6673796106210726,
                        0.023743151414962527,
                        1.4734214748283783,
                        0.0
                    ],
                    [
                        0.0,
                        1.0,
                        0.0,
                        0.9314189889897314,
                        0.15304981483747296,
                        0.5013538390666701
                    ],
                    [
                        -0.6673796106210726,
                        0.0,
                        1.4453955446727345,
                        0.8958110669427405,
                        -2.698466014994542,
                        0.0
                    ],
                    [
                        0.023743151414962527,
                        0.9314189889897314,
                        0.8958110669427405,
                        2.699223122152322,
                        -2.2694643234816545,
                        0.46697048590959833
                    ],
                    [
                        1.4734214748283783,
                        0.15304981483747296,
                        -2.698466014994542,
                        -2.2694643234816545,
                        6.916455090441822,
                        0.07673211223721008
                    ],
                    [
                        0.0,
                        0.5013538390666701,
                        0.0,
                        0.46697048590959833,
                        0.07673211223721008,
                        1.2513556719468886
                    ]
                ],
                "mui": [
                    0.0,
                    0.0,
                    0.0,
                    0.0,
                    0.0,
                    0.0
                ],
                "Ai": [
                    [
                        0.0,
                        0.0,
                        0.0,
                        0.0,
                        0.0,
                        0.0
                    ],
                    [
                        0.0,
                        0.0,
                        0.0,
                        0.0,
                        0.0,
                        0.0
                    ],
                    [
                        -0.6673796106210726,
                        0.0,
                        0.0,
                        0.0,
                        0.0,
                        0.0
                    ],
                    [
                        0.6321642863179708,
                        0.9314189889897314,
                        0.9116567620889754,
                        0.0,
                        0.0,
                        0.0
                    ],
                    [
                        0.8872216478924653,
                        0.9758536813838603,
                        -0.9097884019698097,
                        -0.8833874725260282,
                        0.0,
                        0.0
                    ],
                    [
                        -0.0,
                        0.5013538390666701,
                        -0.0,
                        -0.0,
                        0.0,
                        0.0
                    ]
                ]
