{
    "expt_args": {
        "save_dir": "all_expt_logs/expt_logs_11.05.24-hard_var_shift-corr",
        "exp_name": "70",
        "num_nodes": 6,
        "obs_noise_mean": 0.0,
        "obs_noise_var": 1.0,
        "max_edge_strength": 1.0,
        "graph_sparsity_method": "adj_dense_prop",
        "adj_dense_prop": 0.8,
        "num_parents": null,
        "new_noise_mean": 1.0,
        "mix_samples": 65536,
        "stage2_samples": 65536,
        "gmm_tol": 0.001,
        "intv_type": "hard",
        "new_noise_var": 0.2,
        "intv_targets": [
            0,
            1,
            2,
            3,
            4,
            5
        ]
    },
    "intv_args_dict": {
        "0": {
            "intv_type": "hard",
            "inode": 0,
            "new_mui": 1.0,
            "new_vari": 0.2,
            "true_params": {
                "Si": [
                    [
                        0.2,
                        -0.12239667527107674,
                        -0.08992138060233996,
                        -0.09899610577004817,
                        0.08096906102920585,
                        0.03790336988233023
                    ],
                    [
                        -0.12239667527107674,
                        1.074904730587067,
                        -0.6889152350396964,
                        -1.3425756182018647,
                        0.45716161786854737,
                        1.0115463099760997
                    ],
                    [
                        -0.08992138060233996,
                        -0.6889152350396964,
                        1.593884366622893,
                        1.9984362487097695,
                        -0.41337141919585013,
                        -1.605236325099041
                    ],
                    [
                        -0.09899610577004817,
                        -1.3425756182018647,
                        1.9984362487097695,
                        3.846053491105175,
                        -0.7510777867699582,
                        -3.1147511618022294
                    ],
                    [
                        0.08096906102920585,
                        0.45716161786854737,
                        -0.41337141919585013,
                        -0.7510777867699582,
                        1.2895383503338784,
                        1.1980935356068527
                    ],
                    [
                        0.03790336988233023,
                        1.0115463099760997,
                        -1.605236325099041,
                        -3.1147511618022294,
                        1.1980935356068527,
                        3.989914438014577
                    ]
                ],
                "mui": [
                    1.0,
                    -0.6119833763553837,
                    -0.4496069030116998,
                    -0.4949805288502408,
                    0.40484530514602923,
                    0.18951684941165114
                ],
                "Ai": [
                    [
                        0.0,
                        0.0,
                        0.0,
                        0.0,
                        0.0,
                        0.0
                    ],
                    [
                        -0.6119833763553837,
                        0.0,
                        0.0,
                        0.0,
                        0.0,
                        0.0
                    ],
                    [
                        -0.9048892585141329,
                        -0.7439456251472539,
                        0.0,
                        0.0,
                        0.0,
                        0.0
                    ],
                    [
                        -0.5301941594852433,
                        -0.726130029316987,
                        0.9100524783730768,
                        0.0,
                        0.0,
                        0.0
                    ],
                    [
                        0.7149454441007148,
                        0.5067133372175259,
                        -0.0,
                        0.0,
                        0.0,
                        0.0
                    ],
                    [
                        -0.8653427239201408,
                        -0.5607426569279774,
                        -0.0,
                        -0.899291568716502,
                        0.6584306875153532,
                        0.0
                    ]
                ]
            },
            "est_params": {
                "mui": [
                    0.8854730749969598,
                    -0.6043116841720642,
                    -0.5532354685442806,
                    -0.6552164795995236,
                    0.6290944765187193,
                    0.6860366010169828
                ],
                "Si": [
                    [
                        0.364763349629284,
                        -0.22003497140280065,
                        -0.15817485966928654,
                        -0.17720325434254486,
                        0.053381260280569734,
                        -0.029305968096327042
                    ],
                    [
                        -0.22003497140280065,
                        0.8587207138474635,
                        -0.3678146620864596,
                        -0.7624574479769309,
                        0.14912696610666673,
                        0.4423705204013581
                    ],
                    [
                        -0.15817485966928652,
                        -0.3678146620864596,
                        1.24478209750652,
                        1.3548374478202596,
                        -0.1282924686180457,
                        -0.8296744333046681
                    ],
                    [
                        -0.17720325434254486,
                        -0.7624574479769309,
                        1.3548374478202596,
                        2.7155749538102616,
                        -0.18376777045379958,
                        -1.7423322081386796
                    ],
                    [
                        0.053381260280569734,
                        0.14912696610666676,
                        -0.1282924686180457,
                        -0.1837677704537996,
                        0.7870370454282655,
                        0.5025046023350996
                    ],
                    [
                        -0.02930596809632704,
                        0.4423705204013581,
                        -0.8296744333046681,
                        -1.7423322081386796,
                        0.5025046023350996,
                        2.4732188183215125
                    ]
                ]
            },
            "est_tgt": [
                0,
                1,
                2,
                3,
                4,
                5
            ],
            "oracle_est_tgt": [
                0
            ]
        },
        "1": {
            "intv_type": "hard",
            "inode": 1,
            "new_mui": 1.0,
            "new_vari": 0.2,
            "true_params": {
                "Si": [
                    [
                        1.0,
                        0.0,
                        -0.9048892585141329,
                        -1.3536908718492058,
                        0.7149454441007148,
                        0.8227620840775438
                    ],
                    [
                        0.0,
                        0.2,
                        -0.1487891250294508,
                        -0.2806319178514107,
                        0.10134266744350517,
                        0.20694850845038704
                    ],
                    [
                        -0.9048892585141329,
                        -0.1487891250294508,
                        1.929515588809405,
                        2.3437676952202953,
                        -0.722339886875702,
                        -1.716869530577351
                    ],
                    [
                        -1.3536908718492058,
                        -0.2806319178514107,
                        2.3437676952202953,
                        4.054445856505646,
                        -1.1100150571735572,
                        -3.0482281181936477
                    ],
                    [
                        0.7149454441007148,
                        0.10134266744350517,
                        -0.722339886875702,
                        -1.1100150571735572,
                        1.5624986692631926,
                        1.3515242604544873
                    ],
                    [
                        0.8227620840775438,
                        0.20694850845038704,
                        -1.716869530577351,
                        -3.0482281181936477,
                        1.3515242604544873,
                        3.803114854771218
                    ]
                ],
                "mui": [
                    0.0,
                    1.0,
                    -0.7439456251472539,
                    -1.4031595892570534,
                    0.5067133372175259,
                    1.0347425422519352
                ],
                "Ai": [
                    [
                        0.0,
                        0.0,
                        0.0,
                        0.0,
                        0.0,
                        0.0
                    ],
                    [
                        0.0,
                        0.0,
                        0.0,
                        0.0,
                        0.0,
                        0.0
                    ],
                    [
                        -0.9048892585141329,
                        -0.7439456251472539,
                        0.0,
                        0.0,
                        0.0,
                        0.0
                    ],
                    [
                        -0.5301941594852433,
                        -0.726130029316987,
                        0.9100524783730768,
                        0.0,
                        0.0,
                        0.0
                    ],
                    [
                        0.7149454441007148,
                        0.5067133372175259,
                        -0.0,
                        0.0,
                        0.0,
                        0.0
                    ],
                    [
                        -0.8653427239201408,
                        -0.5607426569279774,
                        -0.0,
                        -0.899291568716502,
                        0.6584306875153532,
                        0.0
                    ]
                ]
            },
            "est_params": {
                "mui": [
                    0.3924989029887565,
                    0.9629481976007107,
                    -1.5177208691794317,
                    -2.555650354856527,
                    0.913841558863653,
                    2.0319327828298013
                ],
                "Si": [
                    [
                        0.8001368073153718,
                        -0.10800091069014409,
                        -0.5259800898663453,
                        -0.7264392902461069,
                        0.4488980206282946,
                        0.3002375317003508
                    ],
                    [
                        -0.10800091069014409,
                        0.36797734830554063,
                        -0.1524496072779577,
                        -0.3059010722371451,
                        0.07227965672125261,
                        0.2116303268497178
                    ],
                    [
                        -0.5259800898663453,
                        -0.1524496072779577,
                        1.252053691286563,
                        1.356483254265011,
                        -0.36189906765679863,
                        -0.9116443210839132
                    ],
                    [
                        -0.7264392902461068,
                        -0.3059010722371451,
                        1.356483254265011,
                        2.5848201088780813,
                        -0.5586359426516472,
                        -1.9080791503942607
                    ],
                    [
                        0.44889802062829465,
                        0.07227965672125262,
                        -0.3618990676567987,
                        -0.5586359426516472,
                        1.269309517767348,
                        0.9173774988663917
                    ],
                    [
                        0.3002375317003508,
                        0.2116303268497178,
                        -0.9116443210839134,
                        -1.9080791503942607,
                        0.9173774988663916,
                        3.0695697789290635
                    ]
                ]
            },
            "est_tgt": [
                0,
                1,
                2,
                3,
                4
            ],
            "oracle_est_tgt": [
                1
            ]
        },
        "2": {
            "intv_type": "hard",
            "inode": 2,
            "new_mui": 1.0,
            "new_vari": 0.2,
            "true_params": {
                "Si": [
                    [
                        1.0,
                        -0.6119833763553837,
                        0.0,
                        -0.08581465247079983,
                        0.40484530514602923,
                        -0.17844257342287861
                    ],
                    [
                        -0.6119833763553837,
                        1.374523652935335,
                        0.0,
                        -0.6736128885571431,
                        0.25895474047263334,
                        0.5350994557948667
                    ],
                    [
                        0.0,
                        0.0,
                        0.2,
                        0.18201049567461536,
                        0.0,
                        -0.16368050417809296
                    ],
                    [
                        -0.08581465247079983,
                        -0.6736128885571431,
                        0.18201049567461536,
                        1.7002680767331684,
                        -0.4026814295746118,
                        -1.3421919904966337
                    ],
                    [
                        0.40484530514602923,
                        0.25895474047263334,
                        0.0,
                        -0.4026814295746118,
                        1.4206581272129037,
                        0.8019960136021577
                    ],
                    [
                        -0.17844257342287861,
                        0.5350994557948667,
                        -0.16368050417809296,
                        -1.3421919904966337,
                        0.8019960136021577,
                        2.589441619259028
                    ]
                ],
                "mui": [
                    0.0,
                    0.0,
                    1.0,
                    0.9100524783730768,
                    0.0,
                    -0.8184025208904647
                ],
                "Ai": [
                    [
                        0.0,
                        0.0,
                        0.0,
                        0.0,
                        0.0,
                        0.0
                    ],
                    [
                        -0.6119833763553837,
                        0.0,
                        0.0,
                        0.0,
                        0.0,
                        0.0
                    ],
                    [
                        0.0,
                        0.0,
                        0.0,
                        0.0,
                        0.0,
                        0.0
                    ],
                    [
                        -0.5301941594852433,
                        -0.726130029316987,
                        0.9100524783730768,
                        0.0,
                        0.0,
                        0.0
                    ],
                    [
                        0.7149454441007148,
                        0.5067133372175259,
                        -0.0,
                        0.0,
                        0.0,
                        0.0
                    ],
                    [
                        -0.8653427239201408,
                        -0.5607426569279774,
                        -0.0,
                        -0.899291568716502,
                        0.6584306875153532,
                        0.0
                    ]
                ]
            },
            "est_params": {
                "mui": [
                    -0.42897375598191,
                    0.3800839880354372,
                    0.8596713590398537,
                    0.6466490169319418,
                    0.17250619788679022,
                    -0.18626929462346492
                ],
                "Si": [
                    [
                        0.9121960299237798,
                        -0.4562802887786582,
                        -0.04250402201565485,
                        -0.199471918859678,
                        0.3036272431743224,
                        -0.20283466857202487
                    ],
                    [
                        -0.4562802887786583,
                        0.905035348757711,
                        0.042648920393676105,
                        -0.19747297813397507,
                        -0.03634616040117236,
                        0.011607960404496503
                    ],
                    [
                        -0.04250402201565485,
                        0.0426489203936761,
                        0.34620601414018964,
                        0.24631124913537755,
                        0.004834989292634158,
                        -0.1698761251650116
                    ],
                    [
                        -0.199471918859678,
                        -0.19747297813397507,
                        0.2463112491353775,
                        1.0925639990735485,
                        0.024900192942196777,
                        -0.5189433312668891
                    ],
                    [
                        0.3036272431743224,
                        -0.03634616040117236,
                        0.004834989292634157,
                        0.02490019294219677,
                        1.165462264077898,
                        0.3850517061763241
                    ],
                    [
                        -0.20283466857202487,
                        0.011607960404496506,
                        -0.1698761251650116,
                        -0.5189433312668891,
                        0.3850517061763241,
                        1.6985902912372828
                    ]
                ]
            },
            "est_tgt": [
                0,
                1,
                2,
                3,
                4,
                5
            ],
            "oracle_est_tgt": [
                2,
                3
            ]
        },
        "3": {
            "intv_type": "hard",
            "inode": 3,
            "new_mui": 1.0,
            "new_vari": 0.2,
            "true_params": {
                "Si": [
                    [
                        1.0,
                        -0.6119833763553837,
                        -0.4496069030116998,
                        0.0,
                        0.40484530514602923,
                        -0.25561496686220564
                    ],
                    [
                        -0.6119833763553837,
                        1.374523652935335,
                        -0.46879367460946636,
                        0.0,
                        0.25895474047263334,
                        -0.07067493546334072
                    ],
                    [
                        -0.4496069030116998,
                        -0.46879367460946636,
                        1.7556014604115104,
                        0.0,
                        -0.5589884142722764,
                        0.28388154687457273
                    ],
                    [
                        0.0,
                        0.0,
                        0.0,
                        0.2,
                        0.0,
                        -0.1798583137433004
                    ],
                    [
                        0.40484530514602923,
                        0.25895474047263334,
                        -0.5589884142722764,
                        0.0,
                        1.4206581272129037,
                        0.4398679991070014
                    ],
                    [
                        -0.25561496686220564,
                        -0.07067493546334072,
                        0.28388154687457273,
                        -0.1798583137433004,
                        0.4398679991070014,
                        1.7121926569701675
                    ]
                ],
                "mui": [
                    0.0,
                    0.0,
                    0.0,
                    1.0,
                    0.0,
                    -0.899291568716502
                ],
                "Ai": [
                    [
                        0.0,
                        0.0,
                        0.0,
                        0.0,
                        0.0,
                        0.0
                    ],
                    [
                        -0.6119833763553837,
                        0.0,
                        0.0,
                        0.0,
                        0.0,
                        0.0
                    ],
                    [
                        -0.9048892585141329,
                        -0.7439456251472539,
                        0.0,
                        0.0,
                        0.0,
                        0.0
                    ],
                    [
                        0.0,
                        0.0,
                        0.0,
                        0.0,
                        0.0,
                        0.0
                    ],
                    [
                        0.7149454441007148,
                        0.5067133372175259,
                        -0.0,
                        0.0,
                        0.0,
                        0.0
                    ],
                    [
                        -0.8653427239201408,
                        -0.5607426569279774,
                        -0.0,
                        -0.899291568716502,
                        0.6584306875153532,
                        0.0
                    ]
                ]
            },
            "est_params": {
                "mui": [
                    -0.0026695311226974843,
                    -0.04434009788256146,
                    0.02575234804733849,
                    0.9944595804150796,
                    -0.05051782638117111,
                    -0.9002799267754295
                ],
                "Si": [
                    [
                        0.955908216370104,
                        -0.5737392958210769,
                        -0.43378379830549213,
                        -0.00036377778292912536,
                        0.3931336713967614,
                        -0.23230934275928347
                    ],
                    [
                        -0.5737392958210769,
                        1.3704975780626942,
                        -0.49314703609720106,
                        0.007580668106006155,
                        0.28981206830125605,
                        -0.10307872961646959
                    ],
                    [
                        -0.43378379830549213,
                        -0.49314703609720106,
                        1.7184131922953259,
                        0.005354534298930991,
                        -0.5623437320048725,
                        0.28869416285208704
                    ],
                    [
                        -0.0003637777829291252,
                        0.007580668106006159,
                        0.005354534298930997,
                        0.20582262760406791,
                        -0.007529132382296696,
                        -0.19480861892978857
                    ],
                    [
                        0.39313367139676136,
                        0.28981206830125605,
                        -0.5623437320048725,
                        -0.007529132382296698,
                        1.449959763640733,
                        0.4528392795673514
                    ],
                    [
                        -0.23230934275928347,
                        -0.1030787296164696,
                        0.288694162852087,
                        -0.19480861892978854,
                        0.4528392795673514,
                        1.7082773455644285
                    ]
                ]
            },
            "est_tgt": [
                1,
                3
            ],
            "oracle_est_tgt": [
                2,
                3
            ]
        },
        "4": {
            "intv_type": "hard",
            "inode": 4,
            "new_mui": 1.0,
            "new_vari": 0.2,
            "true_params": {
                "Si": [
                    [
                        1.0,
                        -0.6119833763553837,
                        -0.4496069030116998,
                        -0.4949805288502408,
                        0.0,
                        -0.07704572319301183
                    ],
                    [
                        -0.6119833763553837,
                        1.374523652935335,
                        -0.46879367460946636,
                        -1.1002397339811096,
                        0.0,
                        0.7482576330680023
                    ],
                    [
                        -0.4496069030116998,
                        -0.46879367460946636,
                        1.7556014604115104,
                        2.1764735788117298,
                        0.0,
                        -1.3053476661626346
                    ],
                    [
                        -0.4949805288502408,
                        -1.1002397339811096,
                        2.1764735788117298,
                        4.042058070257866,
                        0.0,
                        -2.5897095920323956
                    ],
                    [
                        0.0,
                        0.0,
                        0.0,
                        0.0,
                        0.2,
                        0.13168613750307065
                    ],
                    [
                        -0.07704572319301183,
                        0.7482576330680023,
                        -1.3053476661626346,
                        -2.5897095920323956,
                        0.13168613750307065,
                        3.0627011783324205
                    ]
                ],
                "mui": [
                    0.0,
                    0.0,
                    0.0,
                    0.0,
                    1.0,
                    0.6584306875153532
                ],
                "Ai": [
                    [
                        0.0,
                        0.0,
                        0.0,
                        0.0,
                        0.0,
                        0.0
                    ],
                    [
                        -0.6119833763553837,
                        0.0,
                        0.0,
                        0.0,
                        0.0,
                        0.0
                    ],
                    [
                        -0.9048892585141329,
                        -0.7439456251472539,
                        0.0,
                        0.0,
                        0.0,
                        0.0
                    ],
                    [
                        -0.5301941594852433,
                        -0.726130029316987,
                        0.9100524783730768,
                        0.0,
                        0.0,
                        0.0
                    ],
                    [
                        0.0,
                        0.0,
                        0.0,
                        0.0,
                        0.0,
                        0.0
                    ],
                    [
                        -0.8653427239201408,
                        -0.5607426569279774,
                        -0.0,
                        -0.899291568716502,
                        0.6584306875153532,
                        0.0
                    ]
                ]
            },
            "est_params": {
                "mui": [
                    -0.10148610453724582,
                    0.8647509712670098,
                    -0.316716582882385,
                    -0.9984902661812531,
                    0.614552534573991,
                    1.0403622800606809
                ],
                "Si": [
                    [
                        0.8577092428659009,
                        -0.4266992155211086,
                        -0.09100319245751805,
                        -0.11142811861102139,
                        0.2699372967208596,
                        -0.18956551342945527
                    ],
                    [
                        -0.4266992155211086,
                        0.7449619953022154,
                        -0.10508511932957373,
                        -0.39471229832928506,
                        0.042622710313699456,
                        0.2862963879611981
                    ],
                    [
                        -0.09100319245751803,
                        -0.1050851193295737,
                        1.0199778502820023,
                        0.666222569779924,
                        0.08037141552352092,
                        -0.2831825222689579
                    ],
                    [
                        -0.11142811861102137,
                        -0.39471229832928506,
                        0.666222569779924,
                        1.5157366491002882,
                        -0.04373532323538347,
                        -0.8570526431651866
                    ],
                    [
                        0.2699372967208596,
                        0.042622710313699456,
                        0.08037141552352092,
                        -0.04373532323538348,
                        1.02875709782903,
                        0.44692930257694613
                    ],
                    [
                        -0.1895655134294553,
                        0.2862963879611981,
                        -0.2831825222689579,
                        -0.8570526431651866,
                        0.44692930257694613,
                        1.7720673143223695
                    ]
                ]
            },
            "est_tgt": [
                0,
                1,
                2,
                3,
                4,
                5
            ],
            "oracle_est_tgt": [
                4
            ]
        },
        "5": {
            "intv_type": "hard",
            "inode": 5,
            "new_mui": 1.0,
            "new_vari": 0.2,
            "true_params": {
                "Si": [
                    [
                        1.0,
                        -0.6119833763553837,
                        -0.4496069030116998,
                        -0.4949805288502408,
                        0.40484530514602923,
                        0.0
                    ],
                    [
                        -0.6119833763553837,
                        1.374523652935335,
                        -0.46879367460946636,
                        -1.1002397339811096,
                        0.25895474047263334,
                        0.0
                    ],
                    [
                        -0.4496069030116998,
                        -0.46879367460946636,
                        1.7556014604115104,
                        2.1764735788117298,
                        -0.5589884142722764,
                        0.0
                    ],
                    [
                        -0.4949805288502408,
                        -1.1002397339811096,
                        2.1764735788117298,
                        4.042058070257866,
                        -0.9113902213649331,
                        0.0
                    ],
                    [
                        0.40484530514602923,
                        0.25895474047263334,
                        -0.5589884142722764,
                        -0.9113902213649331,
                        1.4206581272129037,
                        0.0
                    ],
                    [
                        0.0,
                        0.0,
                        0.0,
                        0.0,
                        0.0,
                        0.2
                    ]
                ],
                "mui": [
                    0.0,
                    0.0,
                    0.0,
                    0.0,
                    0.0,
                    1.0
                ],
                "Ai": [
                    [
                        0.0,
                        0.0,
                        0.0,
                        0.0,
                        0.0,
                        0.0
                    ],
                    [
                        -0.6119833763553837,
                        0.0,
                        0.0,
                        0.0,
                        0.0,
                        0.0
                    ],
                    [
                        -0.9048892585141329,
                        -0.7439456251472539,
                        0.0,
                        0.0,
                        0.0,
                        0.0
                    ],
                    [
                        -0.5301941594852433,
                        -0.726130029316987,
                        0.9100524783730768,
                        0.0,
                        0.0,
                        0.0
                    ],
                    [
                        0.7149454441007148,
                        0.5067133372175259,
                        -0.0,
                        0.0,
                        0.0,
                        0.0
                    ],
                    [
                        0.0,
                        0.0,
                        0.0,
                        0.0,
                        0.0,
                        0.0
                    ]
                ]
            },
            "est_params": {
                "mui": [
                    0.008368864324006088,
                    -0.07931469273315159,
                    0.047802876446240206,
                    0.13445261253911575,
                    -0.041513509702411855,
                    0.9920817555006519
                ],
                "Si": [
                    [
                        1.0080321854110281,
                        -0.6395419084246258,
                        -0.45062552321860316,
                        -0.4820487459243809,
                        0.3652276139993616,
                        -0.008021294634392571
                    ],
                    [
                        -0.6395419084246258,
                        1.404640242206043,
                        -0.5015618960830923,
                        -1.111837541368192,
                        0.2926689249066268,
                        0.005395538972053428
                    ],
                    [
                        -0.45062552321860316,
                        -0.5015618960830923,
                        1.8667804862006032,
                        2.2784273418610734,
                        -0.5740480593494521,
                        0.006729288015761252
                    ],
                    [
                        -0.4820487459243809,
                        -1.1118375413681922,
                        2.2784273418610734,
                        4.1389281469953705,
                        -0.9101737624731483,
                        0.020004967248096056
                    ],
                    [
                        0.3652276139993616,
                        0.2926689249066268,
                        -0.5740480593494521,
                        -0.9101737624731483,
                        1.4813971646629243,
                        -0.019136756835494317
                    ],
                    [
                        -0.008021294634392573,
                        0.005395538972053425,
                        0.006729288015761248,
                        0.02000496724809605,
                        -0.019136756835494317,
                        0.18478546301069124
                    ]
                ]
            },
            "est_tgt": [
                2,
                5
            ],
            "oracle_est_tgt": [
                5
            ]
        },
        "obs": {
            "intv_type": "obs",
            "true_params": {
                "Si": [
                    [
                        1.0,
                        -0.6119833763553837,
                        -0.4496069030116998,
                        -0.4949805288502408,
                        0.40484530514602923,
                        0.18951684941165114
                    ],
                    [
                        -0.6119833763553837,
                        1.374523652935335,
                        -0.46879367460946636,
                        -1.1002397339811096,
                        0.25895474047263334,
                        0.9187613808727582
                    ],
                    [
                        -0.4496069030116998,
                        -0.46879367460946636,
                        1.7556014604115104,
                        2.1764735788117298,
                        -0.5589884142722764,
                        -1.6734027920850467
                    ],
                    [
                        -0.4949805288502408,
                        -1.1002397339811096,
                        2.1764735788117298,
                        4.042058070257866,
                        -0.9113902213649331,
                        -3.1897968820804783
                    ],
                    [
                        0.40484530514602923,
                        0.25895474047263334,
                        -0.5589884142722764,
                        -0.9113902213649331,
                        1.4206581272129037,
                        1.259473540991152
                    ],
                    [
                        0.18951684941165114,
                        0.9187613808727582,
                        -1.6734027920850467,
                        -3.1897968820804783,
                        1.259473540991152,
                        4.018647746983311
                    ]
                ],
                "mui": [
                    0.0,
                    0.0,
                    0.0,
                    0.0,
                    0.0,
                    0.0
                ],
                "Ai": [
                    [
                        0.0,
                        0.0,
                        0.0,
                        0.0,
