{
    "expt_args": {
        "save_dir": "all_expt_logs/expt_logs_11.05.24-hard_var_shift-corr",
        "exp_name": "464",
        "num_nodes": 6,
        "obs_noise_mean": 0.0,
        "obs_noise_var": 1.0,
        "max_edge_strength": 1.0,
        "graph_sparsity_method": "adj_dense_prop",
        "adj_dense_prop": 0.8,
        "num_parents": null,
        "new_noise_mean": 1.0,
        "mix_samples": 1024,
        "stage2_samples": 1024,
        "gmm_tol": 0.001,
        "intv_type": "hard",
        "new_noise_var": 0.5,
        "intv_targets": [
            0,
            1,
            2,
            3,
            4,
            5
        ]
    },
    "intv_args_dict": {
        "0": {
            "intv_type": "hard",
            "inode": 0,
            "new_mui": 1.0,
            "new_vari": 0.5,
            "true_params": {
                "Si": [
                    [
                        0.5,
                        -0.3220189779495505,
                        0.5310849443380602,
                        -0.5827891060488286,
                        -1.0460311396721564,
                        -1.191195203423422
                    ],
                    [
                        -0.3220189779495505,
                        1.2073924443193462,
                        -0.8742251235432729,
                        0.10205723554543933,
                        0.26228902082767597,
                        1.2322968710632298
                    ],
                    [
                        0.5310849443380602,
                        -0.8742251235432729,
                        1.8473246532228111,
                        -1.0101204756589133,
                        -2.1160379416415065,
                        -2.76799210515524
                    ],
                    [
                        -0.5827891060488286,
                        0.10205723554543933,
                        -1.0101204756589133,
                        2.041839562730383,
                        2.685069735493941,
                        3.3174458608850865
                    ],
                    [
                        -1.0460311396721564,
                        0.26228902082767597,
                        -2.1160379416415065,
                        2.685069735493941,
                        5.3410175474735135,
                        5.404218522606158
                    ],
                    [
                        -1.191195203423422,
                        1.2322968710632298,
                        -2.76799210515524,
                        3.3174458608850865,
                        5.404218522606158,
                        7.906213111926427
                    ]
                ],
                "mui": [
                    1.0,
                    -0.644037955899101,
                    1.0621698886761204,
                    -1.1655782120976572,
                    -2.092062279344313,
                    -2.382390406846844
                ],
                "Ai": [
                    [
                        0.0,
                        0.0,
                        0.0,
                        0.0,
                        0.0,
                        0.0
                    ],
                    [
                        -0.644037955899101,
                        0.0,
                        0.0,
                        0.0,
                        0.0,
                        0.0
                    ],
                    [
                        0.7194217366086204,
                        -0.5321862615830008,
                        0.0,
                        0.0,
                        0.0,
                        0.0
                    ],
                    [
                        -0.9555860285296791,
                        -0.5588180859026266,
                        -0.5365358662562565,
                        0.0,
                        0.0,
                        0.0
                    ],
                    [
                        -0.8107122570406307,
                        -0.6733947140194998,
                        -0.8500885453779341,
                        0.696738591538715,
                        0.0,
                        0.0
                    ],
                    [
                        0.6310237273038573,
                        0.9764304289021981,
                        0.0,
                        0.9619033849742014,
                        0.6038932308314924,
                        0.0
                    ]
                ]
            },
            "est_params": {
                "mui": [
                    0.9843296564955382,
                    -0.7001892093861023,
                    1.4428258318790317,
                    -1.5608367961260878,
                    -3.0702814945473516,
                    -3.6183209311226836
                ],
                "Si": [
                    [
                        0.5520930919468269,
                        -0.15851854387401115,
                        0.34886759642255954,
                        -0.5437864105257154,
                        -0.9122731722079237,
                        -0.8611094901966336
                    ],
                    [
                        -0.15851854387401115,
                        1.5574683506548332,
                        -0.5864719957508682,
                        -0.37402996271481204,
                        -0.8449075447350929,
                        0.6297833965328032
                    ],
                    [
                        0.34886759642255954,
                        -0.5864719957508682,
                        1.1185782348843352,
                        -0.7448477199355289,
                        -1.100600743190853,
                        -1.5155339700572776
                    ],
                    [
                        -0.5437864105257154,
                        -0.37402996271481204,
                        -0.7448477199355288,
                        2.0689413899259845,
                        2.3527710324697924,
                        2.471404690556092
                    ],
                    [
                        -0.9122731722079237,
                        -0.8449075447350927,
                        -1.1006007431908529,
                        2.3527710324697924,
                        4.249746905740573,
                        2.8887830299349013
                    ],
                    [
                        -0.8611094901966339,
                        0.6297833965328034,
                        -1.5155339700572776,
                        2.4714046905560916,
                        2.8887830299349018,
                        4.412554430708012
                    ]
                ]
            },
            "est_tgt": [
                4,
                5
            ],
            "oracle_est_tgt": [
                0
            ]
        },
        "1": {
            "intv_type": "hard",
            "inode": 1,
            "new_mui": 1.0,
            "new_vari": 0.5,
            "true_params": {
                "Si": [
                    [
                        1.0,
                        0.0,
                        0.7194217366086204,
                        -1.3415815931845656,
                        -2.3570161042971995,
                        -2.0828342187453517
                    ],
                    [
                        0.0,
                        0.5,
                        -0.2660931307915004,
                        -0.1366405345172563,
                        -0.20569736808679331,
                        0.23256097358679767
                    ],
                    [
                        0.7194217366086204,
                        -0.2660931307915004,
                        1.6591787436138081,
                        -1.4289806105818146,
                        -2.810133094771726,
                        -2.8774108841378343
                    ],
                    [
                        -1.3415815931845656,
                        -0.1366405345172563,
                        -1.4289806105818146,
                        3.125053178297312,
                        4.571754853632764,
                        4.786861246420735
                    ],
                    [
                        -2.3570161042971995,
                        -0.20569736808679331,
                        -2.810133094771726,
                        4.571754853632764,
                        8.623557358586533,
                        7.917112126725224
                    ],
                    [
                        -2.0828342187453517,
                        0.23256097358679767,
                        -2.8774108841378343,
                        4.786861246420735,
                        7.917112126725224,
                        9.298350256513771
                    ]
                ],
                "mui": [
                    0.0,
                    1.0,
                    -0.5321862615830008,
                    -0.2732810690345126,
                    -0.41139473617358663,
                    0.46512194717359534
                ],
                "Ai": [
                    [
                        0.0,
                        0.0,
                        0.0,
                        0.0,
                        0.0,
                        0.0
                    ],
                    [
                        0.0,
                        0.0,
                        0.0,
                        0.0,
                        0.0,
                        0.0
                    ],
                    [
                        0.7194217366086204,
                        -0.5321862615830008,
                        0.0,
                        0.0,
                        0.0,
                        0.0
                    ],
                    [
                        -0.9555860285296791,
                        -0.5588180859026266,
                        -0.5365358662562565,
                        0.0,
                        0.0,
                        0.0
                    ],
                    [
                        -0.8107122570406307,
                        -0.6733947140194998,
                        -0.8500885453779341,
                        0.696738591538715,
                        0.0,
                        0.0
                    ],
                    [
                        0.6310237273038573,
                        0.9764304289021981,
                        0.0,
                        0.9619033849742014,
                        0.6038932308314924,
                        0.0
                    ]
                ]
            },
            "est_params": {
                "mui": [
                    -1.096912916401612,
                    0.8855234267024604,
                    -2.062067813514985,
                    2.149272760080312,
                    3.0978092197908342,
                    3.2793947271729538
                ],
                "Si": [
                    [
                        0.6797849460384171,
                        -0.42616899953693343,
                        0.41676410884238896,
                        -0.32391134558523754,
                        -0.6916511012320693,
                        -0.5971167086330781
                    ],
                    [
                        -0.42616899953693343,
                        1.1781697931777844,
                        -0.630204212889596,
                        -0.12059828336885771,
                        -0.27305234229465913,
                        0.4038054764103453
                    ],
                    [
                        0.416764108842389,
                        -0.6302042128895962,
                        1.0604376687204131,
                        -0.116480676944176,
                        -0.39613697921365487,
                        -0.7025529547777134
                    ],
                    [
                        -0.32391134558523754,
                        -0.12059828336885771,
                        -0.116480676944176,
                        0.9950284471383177,
                        0.8081008546452559,
                        0.7573317193289723
                    ],
                    [
                        -0.6916511012320693,
                        -0.2730523422946591,
                        -0.39613697921365476,
                        0.8081008546452559,
                        3.825030113914259,
                        1.4514078040292187
                    ],
                    [
                        -0.597116708633078,
                        0.4038054764103454,
                        -0.7025529547777133,
                        0.7573317193289721,
                        1.4514078040292187,
                        4.783157793493571
                    ]
                ]
            },
            "est_tgt": [
                2,
                3,
                4,
                5
            ],
            "oracle_est_tgt": [
                1
            ]
        },
        "2": {
            "intv_type": "hard",
            "inode": 2,
            "new_mui": 1.0,
            "new_vari": 0.5,
            "true_params": {
                "Si": [
                    [
                        1.0,
                        -0.644037955899101,
                        0.0,
                        -0.5956859707655033,
                        -0.7920579061807813,
                        -1.0491452898341167
                    ],
                    [
                        -0.644037955899101,
                        1.4147848886386922,
                        0.0,
                        -0.17517371093304024,
                        -0.5526294852672642,
                        0.4728063933454425
                    ],
                    [
                        0.0,
                        0.0,
                        0.5,
                        -0.26826793312812824,
                        -0.6119568945716612,
                        -0.6276044591484667
                    ],
                    [
                        -0.5956859707655033,
                        -0.17517371093304024,
                        -0.26826793312812824,
                        1.8110547967883912,
                        2.090774234182442,
                        2.4577272233503895
                    ],
                    [
                        -0.7920579061807813,
                        -0.5526294852672642,
                        -0.6119568945716612,
                        2.090774234182442,
                        3.9912094685071215,
                        3.3819756164167427
                    ],
                    [
                        -1.0491452898341167,
                        0.4728063933454425,
                        -0.6276044591484667,
                        2.4577272233503895,
                        3.3819756164167427,
                        5.206075295242801
                    ]
                ],
                "mui": [
                    0.0,
                    0.0,
                    1.0,
                    -0.5365358662562565,
                    -1.2239137891433225,
                    -1.2552089182969335
                ],
                "Ai": [
                    [
                        0.0,
                        0.0,
                        0.0,
                        0.0,
                        0.0,
                        0.0
                    ],
                    [
                        -0.644037955899101,
                        0.0,
                        0.0,
                        0.0,
                        0.0,
                        0.0
                    ],
                    [
                        0.0,
                        0.0,
                        0.0,
                        0.0,
                        0.0,
                        0.0
                    ],
                    [
                        -0.9555860285296791,
                        -0.5588180859026266,
                        -0.5365358662562565,
                        0.0,
                        0.0,
                        0.0
                    ],
                    [
                        -0.8107122570406307,
                        -0.6733947140194998,
                        -0.8500885453779341,
                        0.696738591538715,
                        0.0,
                        0.0
                    ],
                    [
                        0.6310237273038573,
                        0.9764304289021981,
                        0.0,
                        0.9619033849742014,
                        0.6038932308314924,
                        0.0
                    ]
                ]
            },
            "est_params": {
                "mui": [
                    0.25214893144387973,
                    0.6268677129969676,
                    0.7003127353033133,
                    -1.0562336776370154,
                    -2.023679476865027,
                    -1.269182609855914
                ],
                "Si": [
                    [
                        0.7918827498763606,
                        -0.3267013404751011,
                        -0.2793381758735333,
                        -0.4185352697120156,
                        -0.20927105528574425,
                        -0.27735720006009357
                    ],
                    [
                        -0.3267013404751011,
                        0.8607918526014183,
                        0.03970472412393109,
                        -0.22918421027885685,
                        -0.4407331658212479,
                        -0.049092835281675566
                    ],
                    [
                        -0.2793381758735333,
                        0.03970472412393109,
                        0.753087041990672,
                        -0.07643074243952906,
                        -0.5061590816998303,
                        -0.6365455083844023
                    ],
                    [
                        -0.4185352697120156,
                        -0.22918421027885685,
                        -0.07643074243952906,
                        1.1681409698635965,
                        0.9316501774788016,
                        0.9834754564259865
                    ],
                    [
                        -0.20927105528574425,
                        -0.4407331658212479,
                        -0.5061590816998303,
                        0.9316501774788016,
                        1.61901661599407,
                        1.3610753599122398
                    ],
                    [
                        -0.2773572000600936,
                        -0.049092835281675566,
                        -0.6365455083844023,
                        0.9834754564259865,
                        1.3610753599122398,
                        2.349681947638283
                    ]
                ]
            },
            "est_tgt": [
                0,
                1,
                2,
                4,
                5
            ],
            "oracle_est_tgt": [
                2,
                4
            ]
        },
        "3": {
            "intv_type": "hard",
            "inode": 3,
            "new_mui": 1.0,
            "new_vari": 0.5,
            "true_params": {
                "Si": [
                    [
                        1.0,
                        -0.644037955899101,
                        1.0621698886761204,
                        0.0,
                        -1.2799589575191777,
                        -0.7707930803919619
                    ],
                    [
                        -0.644037955899101,
                        1.4147848886386922,
                        -1.216263985503545,
                        0.0,
                        0.6033528815951095,
                        1.3393965051591805
                    ],
                    [
                        1.0621698886761204,
                        -1.216263985503545,
                        2.4114270894279324,
                        0.0,
                        -2.0920149558555723,
                        -1.7806964334806183
                    ],
                    [
                        0.0,
                        0.0,
                        0.0,
                        0.5,
                        0.3483692957693575,
                        0.6913295520317497
                    ],
                    [
                        -1.2799589575191777,
                        0.6033528815951095,
                        -2.0920149558555723,
                        0.3483692957693575,
                        3.6525040574169885,
                        2.3222677214658822
                    ],
                    [
                        -0.7707930803919619,
                        1.3393965051591805,
                        -1.7806964334806183,
                        0.6913295520317497,
                        2.3222677214658822,
                        3.8888327748374842
                    ]
                ],
                "mui": [
                    0.0,
                    0.0,
                    0.0,
                    1.0,
                    0.696738591538715,
                    1.3826591040634995
                ],
                "Ai": [
                    [
                        0.0,
                        0.0,
                        0.0,
                        0.0,
                        0.0,
                        0.0
                    ],
                    [
                        -0.644037955899101,
                        0.0,
                        0.0,
                        0.0,
                        0.0,
                        0.0
                    ],
                    [
                        0.7194217366086204,
                        -0.5321862615830008,
                        0.0,
                        0.0,
                        0.0,
                        0.0
                    ],
                    [
                        0.0,
                        0.0,
                        0.0,
                        0.0,
                        0.0,
                        0.0
                    ],
                    [
                        -0.8107122570406307,
                        -0.6733947140194998,
                        -0.8500885453779341,
                        0.696738591538715,
                        0.0,
                        0.0
                    ],
                    [
                        0.6310237273038573,
                        0.9764304289021981,
                        0.0,
                        0.9619033849742014,
                        0.6038932308314924,
                        0.0
                    ]
                ]
            },
            "est_params": {
                "mui": [
                    -0.33796542935208806,
                    0.6519785913547633,
                    -0.6268222104101645,
                    0.7596213224068677,
                    1.2152189859275144,
                    2.064625948603419
                ],
                "Si": [
                    [
                        0.7275810836632484,
                        -0.21425146794773564,
                        0.1582690546855747,
                        -0.12814010365468756,
                        -0.3881134191872456,
                        -0.06373159837409094
                    ],
                    [
                        -0.21425146794773564,
                        0.8005605886618035,
                        -0.4251202078427308,
                        -0.2990643509145903,
                        -0.42709167802544107,
                        0.22042897550713147
                    ],
                    [
                        0.1582690546855747,
                        -0.4251202078427308,
                        0.9982803055584115,
                        0.2017911937243306,
                        -0.17012961898847112,
                        -0.10668830030793626
                    ],
                    [
                        -0.1281401036546876,
                        -0.2990643509145903,
                        0.2017911937243306,
                        1.0473913282545748,
                        0.6810693461280911,
                        0.757716689176255
                    ],
                    [
                        -0.3881134191872457,
                        -0.42709167802544107,
                        -0.17012961898847115,
                        0.6810693461280911,
                        1.852284793401569,
                        0.739015560112105
                    ],
                    [
                        -0.06373159837409094,
                        0.22042897550713147,
                        -0.10668830030793627,
                        0.7577166891762551,
                        0.739015560112105,
                        1.6614911563939276
                    ]
                ]
            },
            "est_tgt": [
                1,
                4,
                5
            ],
            "oracle_est_tgt": [
                2,
                3,
                4
            ]
        },
        "4": {
            "intv_type": "hard",
            "inode": 4,
            "new_mui": 1.0,
            "new_vari": 0.5,
            "true_params": {
                "Si": [
                    [
                        1.0,
                        -0.644037955899101,
                        1.0621698886761204,
                        -1.1655782120976572,
                        0.0,
                        -1.119008157872911
                    ],
                    [
                        -0.644037955899101,
                        1.4147848886386922,
                        -1.216263985503545,
                        0.47739554012539126,
                        0.0,
                        1.43424417017942
                    ],
                    [
                        1.0621698886761204,
                        -1.216263985503545,
                        2.4114270894279324,
                        -1.6291415155524531,
                        0.0,
                        -2.0844195012531
                    ],
                    [
                        -1.1655782120976572,
                        0.47739554012539126,
                        -1.6291415155524531,
                        2.7211258469887687,
                        0.0,
                        2.34809618729789
                    ],
                    [
                        0.0,
                        0.0,
                        0.0,
                        0.0,
                        0.5,
                        0.3019466154157462
                    ],
                    [
                        -1.119008157872911,
                        1.43424417017942,
                        -2.0844195012531,
                        2.34809618729789,
                        0.3019466154157462,
                        4.135304139503287
                    ]
                ],
                "mui": [
                    0.0,
                    0.0,
                    0.0,
                    0.0,
                    1.0,
                    0.6038932308314924
                ],
                "Ai": [
                    [
                        0.0,
                        0.0,
                        0.0,
                        0.0,
                        0.0,
                        0.0
                    ],
                    [
                        -0.644037955899101,
                        0.0,
                        0.0,
                        0.0,
                        0.0,
                        0.0
                    ],
                    [
                        0.7194217366086204,
                        -0.5321862615830008,
                        0.0,
                        0.0,
                        0.0,
                        0.0
                    ],
                    [
                        -0.9555860285296791,
                        -0.5588180859026266,
                        -0.5365358662562565,
                        0.0,
                        0.0,
                        0.0
                    ],
                    [
                        0.0,
                        0.0,
                        0.0,
                        0.0,
                        0.0,
                        0.0
                    ],
                    [
                        0.6310237273038573,
                        0.9764304289021981,
                        0.0,
                        0.9619033849742014,
                        0.6038932308314924,
                        0.0
                    ]
                ]
            },
            "est_params": {
                "mui": [
                    -0.09027051913140599,
                    -0.10167719380503612,
                    -0.040185212189307644,
                    0.4311059863486758,
                    0.6174522383176003,
                    0.6205430492500407
                ],
                "Si": [
                    [
                        0.4955262006834363,
                        -0.31510323958098263,
                        0.18712760090316197,
                        -0.1508699785027214,
                        -0.15012530747045533,
                        -0.07777153457318912
                    ],
                    [
                        -0.31510323958098263,
                        1.2294792771867162,
                        -0.5050498722065042,
                        -0.09855227100892455,
                        -0.2970077954603214,
                        0.1520587918254369
                    ],
                    [
                        0.18712760090316197,
                        -0.5050498722065042,
                        0.8490916304384424,
                        0.05865648657503435,
                        -0.16986699572494382,
                        0.08388665135037128
                    ],
                    [
                        -0.1508699785027214,
                        -0.09855227100892454,
                        0.05865648657503434,
                        0.5494979369445412,
                        0.10030249379047917,
                        0.2987474743071262
                    ],
                    [
                        -0.15012530747045535,
                        -0.2970077954603214,
                        -0.16986699572494385,
                        0.10030249379047917,
                        1.013551631010197,
                        0.17272265344442633
                    ],
                    [
                        -0.07777153457318914,
                        0.1520587918254369,
                        0.08388665135037128,
                        0.2987474743071262,
                        0.17272265344442636,
                        1.1591534785338626
                    ]
                ]
            },
            "est_tgt": [
                2,
                3,
                4,
                5
            ],
            "oracle_est_tgt": [
                2,
                3,
                4
            ]
        },
        "5": {
            "intv_type": "hard",
            "inode": 5,
            "new_mui": 1.0,
            "new_vari": 0.5,
            "true_params": {
                "Si": [
                    [
                        1.0,
                        -0.644037955899101,
                        1.0621698886761204,
                        -1.1655782120976572,
                        -2.092062279344313,
                        0.0
                    ],
                    [
                        -0.644037955899101,
                        1.4147848886386922,
                        -1.216263985503545,
                        0.47739554012539126,
                        0.9359727778289386,
                        0.0
                    ],
                    [
                        1.0621698886761204,
                        -1.216263985503545,
                        2.4114270894279324,
                        -1.6291415155524531,
                        -3.227100720818836,
                        0.0
                    ],
                    [
                        -1.1655782120976572,
                        0.47739554012539126,
                        -1.6291415155524531,
                        2.7211258469887687,
                        3.9043008410714872,
                        0.0
                    ],
                    [
                        -2.092062279344313,
                        0.9359727778289386,
                        -3.227100720818836,
                        3.9043008410714872,
                        7.529379837801174,
                        0.0
                    ],
                    [
                        0.0,
                        0.0,
                        0.0,
                        0.0,
                        0.0,
                        0.5
                    ]
                ],
                "mui": [
                    0.0,
                    0.0,
                    0.0,
                    0.0,
                    0.0,
                    1.0
                ],
                "Ai": [
                    [
                        0.0,
                        0.0,
                        0.0,
                        0.0,
                        0.0,
                        0.0
                    ],
                    [
                        -0.644037955899101,
                        0.0,
                        0.0,
                        0.0,
                        0.0,
                        0.0
                    ],
                    [
                        0.7194217366086204,
                        -0.5321862615830008,
                        0.0,
                        0.0,
                        0.0,
                        0.0
                    ],
                    [
                        -0.9555860285296791,
                        -0.5588180859026266,
                        -0.5365358662562565,
                        0.0,
                        0.0,
                        0.0
                    ],
                    [
                        -0.8107122570406307,
                        -0.6733947140194998,
                        -0.8500885453779341,
                        0.696738591538715,
                        0.0,
                        0.0
                    ],
                    [
                        0.0,
                        0.0,
                        0.0,
                        0.0,
                        0.0,
                        0.0
                    ]
                ]
            },
            "est_params": {
                "mui": [
                    0.9298876491576628,
                    -0.6291463573139091,
                    1.3217433071430362,
                    -0.5536344665179228,
                    -1.9518022163094826,
                    0.8794563556146712
                ],
                "Si": [
                    [
                        0.45681204472664416,
                        -0.2894906167173941,
                        0.3028038456348262,
                        -0.06041393465559589,
                        -0.32273886321413214,
                        -0.1587567482703368
                    ],
                    [
                        -0.2894906167173941,
                        1.1293053743485577,
                        -0.6305389284123288,
                        -0.39647084114870623,
                        -0.36064772816270996,
                        0.37824229499451234
                    ],
                    [
                        0.3028038456348262,
                        -0.6305389284123288,
                        1.0937524829613183,
                        0.07465226337292434,
                        -0.540265196899575,
                        -0.32798860558015736
                    ],
                    [
                        -0.060413934655595886,
                        -0.39647084114870623,
                        0.0746522633729244,
                        2.500559512000824,
                        1.7000320323138733,
                        -0.27595130321322203
                    ],
                    [
                        -0.3227388632141322,
                        -0.36064772816270996,
                        -0.540265196899575,
                        1.7000320323138733,
                        2.5817134671882997,
                        -0.02993304013206007
                    ],
                    [
                        -0.1587567482703368,
                        0.37824229499451223,
                        -0.32798860558015736,
                        -0.2759513032132219,
                        -0.02993304013206007,
                        0.678024448855231
                    ]
                ]
            },
            "est_tgt": [
                0,
                2,
                3,
                4,
                5
            ],
            "oracle_est_tgt": [
                5
            ]
        },
        "obs": {
            "intv_type": "obs",
            "true_params": {
                "Si": [
                    [
                        1.0,
                        -0.644037955899101,
                        1.0621698886761204,
                        -1.1655782120976572,
                        -2.092062279344313,
                        -2.382390406846844
                    ],
                    [
                        -0.644037955899101,
                        1.4147848886386922,
                        -1.216263985503545,
                        0.47739554012539126,
                        0.9359727778289386,
                        1.9994717949528642
                    ],
                    [
                        1.0621698886761204,
                        -1.216263985503545,
                        2.4114270894279324,
                        -1.6291415155524531,
                        -3.227100720818836,
                        -4.033243781767025
                    ],
                    [
                        -1.1655782120976572,
                        0.47739554012539126,
                        -1.6291415155524531,
                        2.7211258469887687,
                        3.9043008410714872,
                        4.705877036350664
                    ],
                    [
                        -2.092062279344313,
                        0.9359727778289386,
                        -3.227100720818836,
                        3.9043008410714872,
                        7.529379837801174,
                        7.896273075024176
                    ],
                    [
                        -2.382390406846844,
                        1.9994717949528642,
                        -4.033243781767025,
                        4.705877036350664,
                        7.896273075024176,
                        10.744105137244363
                    ]
                ],
                "mui": [
                    0.0,
                    0.0,
                    0.0,
                    0.0,
                    0.0,
                    0.0
                ],
                "Ai": [
                    [
                        0.0,
