{
    "expt_args": {
        "save_dir": "all_expt_logs/expt_logs_11.05.24-hard_var_shift-corr",
        "exp_name": "11",
        "num_nodes": 6,
        "obs_noise_mean": 0.0,
        "obs_noise_var": 1.0,
        "max_edge_strength": 1.0,
        "graph_sparsity_method": "adj_dense_prop",
        "adj_dense_prop": 0.8,
        "num_parents": null,
        "new_noise_mean": 1.0,
        "mix_samples": 8192,
        "stage2_samples": 8192,
        "gmm_tol": 0.001,
        "intv_type": "hard",
        "new_noise_var": 0.2,
        "intv_targets": [
            0,
            1,
            2,
            3,
            4,
            5
        ]
    },
    "intv_args_dict": {
        "0": {
            "intv_type": "hard",
            "inode": 0,
            "new_mui": 1.0,
            "new_vari": 0.2,
            "true_params": {
                "Si": [
                    [
                        0.2,
                        0.13668013537036885,
                        0.24610490530408333,
                        -0.09203937574058998,
                        0.050188040736906525,
                        -0.5859657532277919
                    ],
                    [
                        0.13668013537036885,
                        1.0934072970243118,
                        0.838004201777666,
                        -0.5225471990474411,
                        0.7998115744867218,
                        -2.9674462457271353
                    ],
                    [
                        0.24610490530408333,
                        0.838004201777666,
                        1.7514915194585063,
                        0.32711096224898234,
                        0.8772323698246398,
                        -2.7858796331322657
                    ],
                    [
                        -0.09203937574058998,
                        -0.5225471990474411,
                        0.32711096224898234,
                        1.8135053341818201,
                        -0.7341350497481017,
                        2.6551700949142045
                    ],
                    [
                        0.050188040736906525,
                        0.7998115744867218,
                        0.8772323698246398,
                        -0.7341350497481017,
                        2.0332698858098848,
                        -4.006971680540297
                    ],
                    [
                        -0.5859657532277919,
                        -2.9674462457271353,
                        -2.7858796331322657,
                        2.6551700949142045,
                        -4.006971680540297,
                        12.439180274137353
                    ]
                ],
                "mui": [
                    1.0,
                    0.6834006768518442,
                    1.2305245265204166,
                    -0.4601968787029499,
                    0.2509402036845326,
                    -2.9298287661389595
                ],
                "Ai": [
                    [
                        0.0,
                        0.0,
                        0.0,
                        0.0,
                        0.0,
                        0.0
                    ],
                    [
                        0.6834006768518442,
                        0.0,
                        0.0,
                        0.0,
                        0.0,
                        0.0
                    ],
                    [
                        0.7727718577652632,
                        0.6698159429162964,
                        0.0,
                        0.0,
                        0.0,
                        0.0
                    ],
                    [
                        -0.7242976213436836,
                        -0.9608350943756503,
                        0.7482468464758245,
                        0.0,
                        0.0,
                        0.0
                    ],
                    [
                        -0.930355920459434,
                        0.0,
                        0.7409575996289866,
                        -0.5856832959155747,
                        0.0,
                        0.0
                    ],
                    [
                        -0.7160547588603806,
                        -0.9289136618206202,
                        -0.7497132504629538,
                        0.9177180134565124,
                        -0.932820930015459,
                        0.0
                    ]
                ]
            },
            "est_params": {
                "mui": [
                    1.1316693835284684,
                    1.5025500231911029,
                    1.813534736490972,
                    -1.054886947165346,
                    1.1569343245304282,
                    -5.6601847440254796
                ],
                "Si": [
                    [
                        0.3819392736491953,
                        0.1927394218791648,
                        0.3049778998334209,
                        -0.136077545752333,
                        -0.11781756062830326,
                        -0.7008564177859292
                    ],
                    [
                        0.19273942187916476,
                        0.8462476533286891,
                        0.5715445402306163,
                        -0.27738762586187754,
                        0.19226883629242122,
                        -1.6955684568672214
                    ],
                    [
                        0.3049778998334209,
                        0.5715445402306163,
                        1.850542134220776,
                        0.9241984898084489,
                        0.3601040637972117,
                        -1.6494030814775622
                    ],
                    [
                        -0.136077545752333,
                        -0.27738762586187754,
                        0.9241984898084489,
                        2.1159802245005137,
                        -0.23631471987763208,
                        1.8138773567146202
                    ],
                    [
                        -0.11781756062830326,
                        0.19226883629242122,
                        0.36010406379721177,
                        -0.23631471987763208,
                        1.3434383339707963,
                        -1.802046801560857
                    ],
                    [
                        -0.7008564177859292,
                        -1.6955684568672216,
                        -1.6494030814775622,
                        1.8138773567146202,
                        -1.802046801560857,
                        7.491280925398237
                    ]
                ]
            },
            "est_tgt": [
                0,
                1,
                2,
                3,
                4,
                5
            ],
            "oracle_est_tgt": [
                0
            ]
        },
        "1": {
            "intv_type": "hard",
            "inode": 1,
            "new_mui": 1.0,
            "new_vari": 0.2,
            "true_params": {
                "Si": [
                    [
                        1.0,
                        0.0,
                        0.7727718577652632,
                        -0.14607351572556093,
                        -0.27221192153272994,
                        -1.1755413790766858
                    ],
                    [
                        0.0,
                        0.2,
                        0.13396318858325929,
                        -0.09192948547386014,
                        0.1531026066954504,
                        -0.5133993706718524
                    ],
                    [
                        0.7727718577652632,
                        0.13396318858325929,
                        1.6869070236309458,
                        0.5737895093637958,
                        0.19491477498454687,
                        -1.5977273632366882
                    ],
                    [
                        -0.14607351572556093,
                        -0.09192948547386014,
                        0.5737895093637958,
                        1.623465966754885,
                        -0.389782840487674,
                        1.6132951466052177
                    ],
                    [
                        -0.27221192153272994,
                        0.1531026066954504,
                        0.19491477498454687,
                        -0.389782840487674,
                        1.6259668553305437,
                        -1.967877298920167
                    ],
                    [
                        -1.1755413790766858,
                        -0.5133993706718524,
                        -1.5977273632366882,
                        1.6132951466052177,
                        -1.967877298920167,
                        6.832720212154722
                    ]
                ],
                "mui": [
                    0.0,
                    1.0,
                    0.6698159429162964,
                    -0.45964742736930064,
                    0.765513033477252,
                    -2.5669968533592615
                ],
                "Ai": [
                    [
                        0.0,
                        0.0,
                        0.0,
                        0.0,
                        0.0,
                        0.0
                    ],
                    [
                        0.0,
                        0.0,
                        0.0,
                        0.0,
                        0.0,
                        0.0
                    ],
                    [
                        0.7727718577652632,
                        0.6698159429162964,
                        0.0,
                        0.0,
                        0.0,
                        0.0
                    ],
                    [
                        -0.7242976213436836,
                        -0.9608350943756503,
                        0.7482468464758245,
                        0.0,
                        0.0,
                        0.0
                    ],
                    [
                        -0.930355920459434,
                        0.0,
                        0.7409575996289866,
                        -0.5856832959155747,
                        0.0,
                        0.0
                    ],
                    [
                        -0.7160547588603806,
                        -0.9289136618206202,
                        -0.7497132504629538,
                        0.9177180134565124,
                        -0.932820930015459,
                        0.0
                    ]
                ]
            },
            "est_params": {
                "mui": [
                    0.2655967835142078,
                    0.8224773510089357,
                    0.696859957274955,
                    -0.7150822969021782,
                    0.8018573361810767,
                    -2.9458968407672708
                ],
                "Si": [
                    [
                        0.9063256370158376,
                        -0.005844473969195778,
                        0.6949180354243883,
                        -0.1119345915243405,
                        -0.21853549168688666,
                        -1.0235254257094646
                    ],
                    [
                        -0.0058444739691957855,
                        0.4444662321860158,
                        0.2842438427034687,
                        -0.07956741479840511,
                        0.18049994451120258,
                        -0.8145971733869585
                    ],
                    [
                        0.6949180354243882,
                        0.2842438427034687,
                        1.6110285178373445,
                        0.5153037041150674,
                        0.19249500431169514,
                        -1.6340155656841056
                    ],
                    [
                        -0.1119345915243405,
                        -0.07956741479840514,
                        0.5153037041150675,
                        1.2419794333903686,
                        -0.1258037672056086,
                        0.9137974596929889
                    ],
                    [
                        -0.21853549168688666,
                        0.18049994451120263,
                        0.1924950043116951,
                        -0.1258037672056086,
                        1.160627227847895,
                        -1.3135428738296133
                    ],
                    [
                        -1.0235254257094646,
                        -0.8145971733869584,
                        -1.6340155656841056,
                        0.913797459692989,
                        -1.3135428738296133,
                        5.476290280510161
                    ]
                ]
            },
            "est_tgt": [
                0,
                1,
                2,
                3,
                5
            ],
            "oracle_est_tgt": [
                1,
                2,
                3,
                5
            ]
        },
        "2": {
            "intv_type": "hard",
            "inode": 2,
            "new_mui": 1.0,
            "new_vari": 0.2,
            "true_params": {
                "Si": [
                    [
                        1.0,
                        0.6834006768518442,
                        0.0,
                        -1.3809329751830086,
                        -0.12156654411574909,
                        -2.504782234046241
                    ],
                    [
                        0.6834006768518442,
                        1.4670364851215587,
                        0.0,
                        -1.9045656243027493,
                        0.47966640637404057,
                        -4.047399584810575
                    ],
                    [
                        0.0,
                        0.0,
                        0.2,
                        0.1496493692951649,
                        0.06054438408531814,
                        -0.06908379685769164
                    ],
                    [
                        -1.3809329751830086,
                        -1.9045656243027493,
                        0.1496493692951649,
                        3.942154629183864,
                        -0.9132111095511355,
                        7.1154552932567
                    ],
                    [
                        -0.12156654411574909,
                        0.47966640637404057,
                        0.06054438408531814,
                        -0.9132111095511355,
                        1.6928134680593807,
                        -2.8210734214963686
                    ],
                    [
                        -2.504782234046241,
                        -4.047399584810575,
                        -0.06908379685769164,
                        7.1154552932567,
                        -2.8210734214963686,
                        15.766576874920197
                    ]
                ],
                "mui": [
                    0.0,
                    0.0,
                    1.0,
                    0.7482468464758245,
                    0.3027219204265907,
                    -0.3454189842884582
                ],
                "Ai": [
                    [
                        0.0,
                        0.0,
                        0.0,
                        0.0,
                        0.0,
                        0.0
                    ],
                    [
                        0.6834006768518442,
                        0.0,
                        0.0,
                        0.0,
                        0.0,
                        0.0
                    ],
                    [
                        0.0,
                        0.0,
                        0.0,
                        0.0,
                        0.0,
                        0.0
                    ],
                    [
                        -0.7242976213436836,
                        -0.9608350943756503,
                        0.7482468464758245,
                        0.0,
                        0.0,
                        0.0
                    ],
                    [
                        -0.930355920459434,
                        0.0,
                        0.7409575996289866,
                        -0.5856832959155747,
                        0.0,
                        0.0
                    ],
                    [
                        -0.7160547588603806,
                        -0.9289136618206202,
                        -0.7497132504629538,
                        0.9177180134565124,
                        -0.932820930015459,
                        0.0
                    ]
                ]
            },
            "est_params": {
                "mui": [
                    -0.5293361364688413,
                    -0.6360788248153623,
                    -1.196477001482406,
                    0.7218321241083814,
                    -0.19020266449327505,
                    1.2396539755199467
                ],
                "Si": [
                    [
                        0.5543701300089189,
                        0.07188605299649954,
                        0.3453068236822866,
                        -0.05000582055657535,
                        -0.45279494750668875,
                        -0.06758366066094038
                    ],
                    [
                        0.07188605299649954,
                        0.6287855658610003,
                        0.25780958999717274,
                        -0.12830441393185532,
                        0.12068371276791325,
                        -0.20262277335730752
                    ],
                    [
                        0.34530682368228655,
                        0.25780958999717274,
                        0.7694896019033968,
                        0.2729181780792758,
                        -0.3176600407840338,
                        -0.2814957112289092
                    ],
                    [
                        -0.050005820556575355,
                        -0.12830441393185532,
                        0.27291817807927576,
                        0.781399102734079,
                        -0.2351399485908381,
                        0.009577628453861377
                    ],
                    [
                        -0.45279494750668875,
                        0.12068371276791325,
                        -0.3176600407840338,
                        -0.2351399485908381,
                        1.9141197984500178,
                        0.33619287868781106
                    ],
                    [
                        -0.06758366066094036,
                        -0.20262277335730752,
                        -0.2814957112289092,
                        0.009577628453861382,
                        0.33619287868781106,
                        0.7913879173783146
                    ]
                ]
            },
            "est_tgt": [
                0,
                1,
                2,
                3,
                4,
                5
            ],
            "oracle_est_tgt": [
                1,
                2,
                3
            ]
        },
        "3": {
            "intv_type": "hard",
            "inode": 3,
            "new_mui": 1.0,
            "new_vari": 0.2,
            "true_params": {
                "Si": [
                    [
                        1.0,
                        0.6834006768518442,
                        1.2305245265204166,
                        0.0,
                        -0.018589421004271,
                        -2.2560749256478734
                    ],
                    [
                        0.6834006768518442,
                        1.4670364851215587,
                        1.5107572372231441,
                        0.0,
                        0.4836011903598826,
                        -3.435850571413971
                    ],
                    [
                        1.2305245265204166,
                        1.5107572372231441,
                        2.9628440077531426,
                        0.0,
                        1.0505160055410836,
                        -5.485712709412567
                    ],
                    [
                        0.0,
                        0.0,
                        0.0,
                        0.2,
                        -0.11713665918311494,
                        0.2928111300493996
                    ],
                    [
                        -0.018589421004271,
                        0.4836011903598826,
                        1.0505160055410836,
                        -0.11713665918311494,
                        1.864287580349695,
                        -3.070043375087539
                    ],
                    [
                        -2.2560749256478734,
                        -3.435850571413971,
                        -5.485712709412567,
                        0.2928111300493996,
                        -3.070043375087539,
                        13.052311994019842
                    ]
                ],
                "mui": [
                    0.0,
                    0.0,
                    0.0,
                    1.0,
                    -0.5856832959155747,
                    1.4640556502469981
                ],
                "Ai": [
                    [
                        0.0,
                        0.0,
                        0.0,
                        0.0,
                        0.0,
                        0.0
                    ],
                    [
                        0.6834006768518442,
                        0.0,
                        0.0,
                        0.0,
                        0.0,
                        0.0
                    ],
                    [
                        0.7727718577652632,
                        0.6698159429162964,
                        0.0,
                        0.0,
                        0.0,
                        0.0
                    ],
                    [
                        0.0,
                        0.0,
                        0.0,
                        0.0,
                        0.0,
                        0.0
                    ],
                    [
                        -0.930355920459434,
                        0.0,
                        0.7409575996289866,
                        -0.5856832959155747,
                        0.0,
                        0.0
                    ],
                    [
                        -0.7160547588603806,
                        -0.9289136618206202,
                        -0.7497132504629538,
                        0.9177180134565124,
                        -0.932820930015459,
                        0.0
                    ]
                ]
            },
            "est_params": {
                "mui": [
                    -0.10508964755482296,
                    -0.10789061617024921,
                    0.1801661369151095,
                    1.0607790031725777,
                    -0.5009610418947325,
                    1.5755387572289237
                ],
                "Si": [
                    [
                        0.6132542703010541,
                        -0.08811610551142365,
                        0.18349270628037637,
                        -0.05448732744585216,
                        -0.5678114942405688,
                        -0.0033630009777699016
                    ],
                    [
                        -0.08811610551142367,
                        0.6957815214468231,
                        0.2465922652606135,
                        -0.027104290865923204,
                        0.3004045983494985,
                        -1.0520045540083778
                    ],
                    [
                        0.1834927062803764,
                        0.2465922652606135,
                        1.2169226519565803,
                        0.2863767016119882,
                        0.532814259943993,
                        -1.5022464648981544
                    ],
                    [
                        -0.05448732744585214,
                        -0.0271042908659232,
                        0.2863767016119882,
                        0.6197392749729508,
                        -0.09083743497907068,
                        0.4273462840330382
                    ],
                    [
                        -0.5678114942405686,
                        0.3004045983494986,
                        0.532814259943993,
                        -0.09083743497907067,
                        2.093752274636201,
                        -2.2271074441184497
                    ],
                    [
                        -0.0033630009777698994,
                        -1.0520045540083778,
                        -1.5022464648981544,
                        0.4273462840330382,
                        -2.2271074441184497,
                        5.34379016400407
                    ]
                ]
            },
            "est_tgt": [
                0,
                1,
                2,
                3,
                4,
                5
            ],
            "oracle_est_tgt": [
                1,
                3,
                5
            ]
        },
        "4": {
            "intv_type": "hard",
            "inode": 4,
            "new_mui": 1.0,
            "new_vari": 0.2,
            "true_params": {
                "Si": [
                    [
                        1.0,
                        0.6834006768518442,
                        1.2305245265204166,
                        -0.4601968787029499,
                        0.0,
                        -2.695746491959685
                    ],
                    [
                        0.6834006768518442,
                        1.4670364851215587,
                        1.5107572372231441,
                        -0.7741462857600027,
                        0.0,
                        -3.6951852507582896
                    ],
                    [
                        1.2305245265204166,
                        1.5107572372231441,
                        2.9628440077531426,
                        -0.12591587476871446,
                        0.0,
                        -4.621324658582992
                    ],
                    [
                        -0.4601968787029499,
                        -0.7741462857600027,
                        -0.12591587476871446,
                        1.9829302679161702,
                        0.0,
                        2.9628128521506536
                    ],
                    [
                        0.0,
                        0.0,
                        0.0,
                        0.0,
                        0.2,
                        -0.1865641860030918
                    ],
                    [
                        -2.695746491959685,
                        -3.6951852507582896,
                        -4.621324658582992,
                        2.9628128521506536,
                        -0.1865641860030918,
                        12.720536200281297
                    ]
                ],
                "mui": [
                    0.0,
                    0.0,
                    0.0,
                    0.0,
                    1.0,
                    -0.932820930015459
                ],
                "Ai": [
                    [
                        0.0,
                        0.0,
                        0.0,
                        0.0,
                        0.0,
                        0.0
                    ],
                    [
                        0.6834006768518442,
                        0.0,
                        0.0,
                        0.0,
                        0.0,
                        0.0
                    ],
                    [
                        0.7727718577652632,
                        0.6698159429162964,
                        0.0,
                        0.0,
                        0.0,
                        0.0
                    ],
                    [
                        -0.7242976213436836,
                        -0.9608350943756503,
                        0.7482468464758245,
                        0.0,
                        0.0,
                        0.0
                    ],
                    [
                        0.0,
                        0.0,
                        0.0,
                        0.0,
                        0.0,
                        0.0
                    ],
                    [
                        -0.7160547588603806,
                        -0.9289136618206202,
                        -0.7497132504629538,
                        0.9177180134565124,
                        -0.932820930015459,
                        0.0
                    ]
                ]
            },
            "est_params": {
                "mui": [
                    0.6460422210500445,
                    0.3675669766694599,
                    1.0489679186315464,
                    0.5790372014623272,
                    0.05648758740078362,
                    -1.1139283452817952
                ],
                "Si": [
                    [
                        0.4041339229420465,
                        0.12384119661788534,
                        0.2259627870743047,
                        -0.004980980376088497,
                        -0.26886791586453873,
                        -0.2543696558838274
                    ],
                    [
                        0.12384119661788534,
                        0.7349742077914967,
                        0.31988451045162686,
                        0.08614293022553526,
                        -0.20675875875597988,
                        -0.6747299003670026
                    ],
                    [
                        0.2259627870743047,
                        0.3198845104516269,
                        0.8032447537135212,
                        0.3020092708613564,
                        -0.051943877323349416,
                        -0.6465700012235309
                    ],
                    [
                        -0.004980980376088502,
                        0.08614293022553526,
                        0.3020092708613565,
                        0.67994679796569,
                        0.011417321250476068,
                        0.27250170412876756
                    ],
                    [
                        -0.26886791586453873,
                        -0.20675875875597988,
                        -0.05194387732334941,
                        0.011417321250476084,
                        1.14169005133341,
                        -0.6442170534420965
                    ],
                    [
                        -0.2543696558838274,
                        -0.6747299003670026,
                        -0.6465700012235309,
                        0.2725017041287675,
                        -0.6442170534420965,
                        3.062238219932615
                    ]
                ]
            },
            "est_tgt": [
                0,
                1,
                2,
                3,
                4,
                5
            ],
            "oracle_est_tgt": [
                1,
                4,
                5
            ]
        },
        "5": {
            "intv_type": "hard",
            "inode": 5,
            "new_mui": 1.0,
            "new_vari": 0.2,
            "true_params": {
                "Si": [
                    [
                        1.0,
                        0.6834006768518442,
                        1.2305245265204166,
                        -0.4601968787029499,
                        0.2509402036845326,
                        0.0
                    ],
                    [
                        0.6834006768518442,
                        1.4670364851215587,
                        1.5107572372231441,
                        -0.7741462857600027,
                        0.9370057385246012,
                        0.0
                    ],
                    [
                        1.2305245265204166,
                        1.5107572372231441,
                        2.9628440077531426,
                        -0.12591587476871446,
                        1.124262830083717,
                        0.0
                    ],
                    [
                        -0.4601968787029499,
                        -0.7741462857600027,
                        -0.12591587476871446,
                        1.9829302679161702,
                        -0.8265205685294653,
                        0.0
                    ],
                    [
                        0.2509402036845326,
                        0.9370057385246012,
                        1.124262830083717,
                        -0.8265205685294653,
                        2.0836466744700726,
                        0.0
                    ],
                    [
                        0.0,
                        0.0,
                        0.0,
                        0.0,
                        0.0,
                        0.2
                    ]
                ],
                "mui": [
                    0.0,
                    0.0,
                    0.0,
                    0.0,
                    0.0,
                    1.0
                ],
                "Ai": [
                    [
                        0.0,
                        0.0,
                        0.0,
                        0.0,
                        0.0,
                        0.0
                    ],
                    [
                        0.6834006768518442,
                        0.0,
                        0.0,
                        0.0,
                        0.0,
                        0.0
                    ],
                    [
                        0.7727718577652632,
                        0.6698159429162964,
                        0.0,
                        0.0,
                        0.0,
                        0.0
                    ],
                    [
                        -0.7242976213436836,
                        -0.9608350943756503,
                        0.7482468464758245,
                        0.0,
                        0.0,
                        0.0
                    ],
                    [
                        -0.930355920459434,
                        0.0,
                        0.7409575996289866,
                        -0.5856832959155747,
                        0.0,
                        0.0
                    ],
                    [
                        0.0,
                        0.0,
                        0.0,
                        0.0,
                        0.0,
                        0.0
                    ]
                ]
            },
            "est_params": {
                "mui": [
                    0.0479321997662216,
                    -0.015618464415821163,
                    0.049958473143601724,
                    -0.04291893193379242,
                    0.024097609712253696,
                    1.0214414580796616
                ],
                "Si": [
                    [
                        0.971264199230188,
                        0.6595412870584969,
                        1.1465553917622258,
                        -0.514621589196863,
                        0.23814496357492387,
                        -0.00844014589830232
                    ],
                    [
                        0.6595412870584969,
                        1.465766684913272,
                        1.445809503256807,
                        -0.7729290456455504,
                        0.906816816938901,
                        -0.014860399217165952
                    ],
                    [
                        1.146555391762226,
                        1.445809503256807,
                        2.7505206665415867,
                        -0.1702974711041262,
                        1.057189535563928,
                        -0.029387593233843778
                    ],
                    [
                        -0.514621589196863,
                        -0.7729290456455504,
                        -0.17029747110412627,
                        1.918900582845604,
                        -0.7479345111266719,
                        0.014453623598002344
                    ],
                    [
                        0.23814496357492387,
                        0.906816816938901,
                        1.057189535563928,
                        -0.7479345111266719,
                        1.8686289496571475,
                        -0.05280275342464339
                    ],
                    [
                        -0.008440145898302318,
                        -0.014860399217165948,
                        -0.02938759323384377,
                        0.014453623598002336,
                        -0.05280275342464339,
                        0.1963122305421755
                    ]
                ]
            },
            "est_tgt": [
                1,
                4,
                5
            ],
            "oracle_est_tgt": [
                1,
                4,
                5
            ]
        },
        "obs": {
            "intv_type": "obs",
            "true_params": {
                "Si": [
                    [
                        1.0,
                        0.6834006768518442,
                        1.2305245265204166,
                        -0.4601968787029499,
                        0.2509402036845326,
                        -2.9298287661389595
                    ],
                    [
                        0.6834006768518442,
                        1.4670364851215587,
                        1.5107572372231441,
                        -0.7741462857600027,
                        0.9370057385246012,
                        -4.5692438151986305
                    ],
                    [
                        1.2305245265204166,
                        1.5107572372231441,
                        2.9628440077531426,
                        -0.12591587476871446,
                        1.124262830083717,
                        -5.670060557323497
                    ],
                    [
                        -0.4601968787029499,
                        -0.7741462857600027,
                        -0.12591587476871446,
                        1.9829302679161702,
                        -0.8265205685294653,
                        3.733808537563215
                    ],
                    [
                        0.2509402036845326,
                        0.9370057385246012,
                        1.124262830083717,
                        -0.8265205685294653,
                        2.0836466744700726,
                        -4.595141142408868
                    ],
                    [
                        -2.9298287661389595,
                        -4.5692438151986305,
                        -5.670060557323497,
                        3.733808537563215,
                        -4.595141142408868,
                        19.306297553253625
